# Time [s]: 0.00419322
# Columns: pos [m], vel [m/s], acc [m/s^2], mass [kg], dens [kg/m^3], pres [Pa], ene [J/kg], sml [m], id, neighbor, alpha, gradh, ...additional?
-0.502293 -1.36253 -145.601 0.0025 0.368786 0.275441 1.87213 0.013558 0 4 1 1.06288 
-0.496704 -0.46099 -194.628 0.0025 0.64197 0.53714 2.09241 0.00778853 1 4 1 1.03819 
-0.493546 -0.0354331 -112.612 0.0025 0.899673 0.865753 2.402 0.00555757 2 4 1 0.995129 
-0.491055 0.0966165 -4.67559 0.0025 1.02862 1.04382 2.53268 0.00486089 3 4 1 1.00191 
-0.488682 0.0633216 33.5064 0.0025 1.038 1.05412 2.53867 0.00481697 4 3 1 1.00085 
-0.486237 0.0190261 18.9939 0.0025 1.01374 1.01873 2.51343 0.00493225 5 4 1 0.998234 
-0.483749 0.00270411 4.73002 0.0025 1.00254 1.00327 2.50234 0.00498734 6 4 1 0.999546 
-0.48125 1.58898e-05 0.343559 0.0025 1.00016 1.00018 2.50013 0.00499918 7 4 1 0.999978 
-0.47875 -2.50108e-05 -0.0576394 0.0025 0.999983 0.999977 2.49998 0.00500008 8 5 1 1 
-0.47625 1.19771e-06 -3.64781e-06 0.0025 0.999999 0.999999 2.5 0.005 9 4 1 1 
-0.47375 3.35892e-07 0.000721658 0.0025 1 1 2.5 0.005 10 3 1 1 
-0.47125 7.57909e-09 4.50925e-05 0.0025 1 1 2.5 0.005 11 4 1 1 
-0.46875 -1.27558e-09 -4.05168e-06 0.0025 1 1 2.5 0.005 12 5 1 1 
-0.46625 6.55369e-11 7.96303e-08 0.0025 1 1 2.5 0.005 13 4 1 1 
-0.46375 6.14893e-12 2.66634e-08 0.0025 1 1 2.5 0.005 14 3 1 1 
-0.46125 -3.1963e-13 -1.22304e-09 0.0025 1 1 2.5 0.005 15 5 1 1 
-0.45875 1.12688e-14 4.00178e-11 0.0025 1 1 2.5 0.005 16 4 1 1 
-0.45625 5.45797e-27 1.93823e-23 0.0025 1 1 2.5 0.005 17 5 1 1 
-0.45375 0 0 0.0025 1 1 2.5 0.005 18 5 1 1 
-0.45125 0 0 0.0025 1 1 2.5 0.005 19 5 1 1 
-0.44875 0 0 0.0025 1 1 2.5 0.005 20 5 1 1 
-0.44625 0 0 0.0025 1 1 2.5 0.005 21 5 1 1 
-0.44375 0 0 0.0025 1 1 2.5 0.005 22 5 1 1 
-0.44125 0 0 0.0025 1 1 2.5 0.005 23 5 1 1 
-0.43875 0 0 0.0025 1 1 2.5 0.005 24 5 1 1 
-0.43625 0 0 0.0025 1 1 2.5 0.005 25 5 1 1 
-0.43375 0 0 0.0025 1 1 2.5 0.005 26 5 1 1 
-0.43125 0 0 0.0025 1 1 2.5 0.005 27 5 1 1 
-0.42875 0 0 0.0025 1 1 2.5 0.005 28 5 1 1 
-0.42625 0 0 0.0025 1 1 2.5 0.005 29 5 1 1 
-0.42375 0 0 0.0025 1 1 2.5 0.005 30 5 1 1 
-0.42125 0 0 0.0025 1 1 2.5 0.005 31 5 1 1 
-0.41875 0 0 0.0025 1 1 2.5 0.005 32 5 1 1 
-0.41625 0 0 0.0025 1 1 2.5 0.005 33 5 1 1 
-0.41375 0 0 0.0025 1 1 2.5 0.005 34 5 1 1 
-0.41125 0 0 0.0025 1 1 2.5 0.005 35 5 1 1 
-0.40875 0 0 0.0025 1 1 2.5 0.005 36 5 1 1 
-0.40625 0 0 0.0025 1 1 2.5 0.005 37 5 1 1 
-0.40375 0 0 0.0025 1 1 2.5 0.005 38 5 1 1 
-0.40125 0 0 0.0025 1 1 2.5 0.005 39 5 1 1 
-0.39875 0 0 0.0025 1 1 2.5 0.005 40 5 1 1 
-0.39625 0 0 0.0025 1 1 2.5 0.005 41 5 1 1 
-0.39375 0 0 0.0025 1 1 2.5 0.005 42 5 1 1 
-0.39125 0 0 0.0025 1 1 2.5 0.005 43 5 1 1 
-0.38875 0 0 0.0025 1 1 2.5 0.005 44 5 1 1 
-0.38625 0 0 0.0025 1 1 2.5 0.005 45 5 1 1 
-0.38375 0 0 0.0025 1 1 2.5 0.005 46 5 1 1 
-0.38125 0 0 0.0025 1 1 2.5 0.005 47 5 1 1 
-0.37875 0 0 0.0025 1 1 2.5 0.005 48 5 1 1 
-0.37625 0 0 0.0025 1 1 2.5 0.005 49 5 1 1 
-0.37375 0 0 0.0025 1 1 2.5 0.005 50 5 1 1 
-0.37125 0 0 0.0025 1 1 2.5 0.005 51 5 1 1 
-0.36875 0 0 0.0025 1 1 2.5 0.005 52 5 1 1 
-0.36625 0 0 0.0025 1 1 2.5 0.005 53 5 1 1 
-0.36375 0 0 0.0025 1 1 2.5 0.005 54 5 1 1 
-0.36125 0 0 0.0025 1 1 2.5 0.005 55 5 1 1 
-0.35875 0 0 0.0025 1 1 2.5 0.005 56 5 1 1 
-0.35625 0 0 0.0025 1 1 2.5 0.005 57 5 1 1 
-0.35375 0 0 0.0025 1 1 2.5 0.005 58 5 1 1 
-0.35125 0 0 0.0025 1 1 2.5 0.005 59 5 1 1 
-0.34875 0 0 0.0025 1 1 2.5 0.005 60 5 1 1 
-0.34625 0 0 0.0025 1 1 2.5 0.005 61 5 1 1 
-0.34375 0 0 0.0025 1 1 2.5 0.005 62 5 1 1 
-0.34125 0 0 0.0025 1 1 2.5 0.005 63 5 1 1 
-0.33875 0 0 0.0025 1 1 2.5 0.005 64 5 1 1 
-0.33625 0 0 0.0025 1 1 2.5 0.005 65 5 1 1 
-0.33375 0 0 0.0025 1 1 2.5 0.005 66 5 1 1 
-0.33125 0 0 0.0025 1 1 2.5 0.005 67 5 1 1 
-0.32875 0 0 0.0025 1 1 2.5 0.005 68 5 1 1 
-0.32625 0 0 0.0025 1 1 2.5 0.005 69 5 1 1 
-0.32375 0 0 0.0025 1 1 2.5 0.005 70 5 1 1 
-0.32125 0 0 0.0025 1 1 2.5 0.005 71 5 1 1 
-0.31875 0 0 0.0025 1 1 2.5 0.005 72 5 1 1 
-0.31625 0 0 0.0025 1 1 2.5 0.005 73 5 1 1 
-0.31375 0 0 0.0025 1 1 2.5 0.005 74 5 1 1 
-0.31125 0 0 0.0025 1 1 2.5 0.005 75 5 1 1 
-0.30875 0 0 0.0025 1 1 2.5 0.005 76 5 1 1 
-0.30625 0 0 0.0025 1 1 2.5 0.005 77 5 1 1 
-0.30375 0 0 0.0025 1 1 2.5 0.005 78 5 1 1 
-0.30125 0 0 0.0025 1 1 2.5 0.005 79 5 1 1 
-0.29875 0 0 0.0025 1 1 2.5 0.005 80 5 1 1 
-0.29625 0 0 0.0025 1 1 2.5 0.005 81 5 1 1 
-0.29375 0 0 0.0025 1 1 2.5 0.005 82 5 1 1 
-0.29125 0 0 0.0025 1 1 2.5 0.005 83 5 1 1 
-0.28875 0 0 0.0025 1 1 2.5 0.005 84 5 1 1 
-0.28625 0 0 0.0025 1 1 2.5 0.005 85 5 1 1 
-0.28375 0 0 0.0025 1 1 2.5 0.005 86 5 1 1 
-0.28125 0 0 0.0025 1 1 2.5 0.005 87 5 1 1 
-0.27875 0 0 0.0025 1 1 2.5 0.005 88 5 1 1 
-0.27625 0 0 0.0025 1 1 2.5 0.005 89 5 1 1 
-0.27375 0 0 0.0025 1 1 2.5 0.005 90 5 1 1 
-0.27125 0 0 0.0025 1 1 2.5 0.005 91 5 1 1 
-0.26875 0 0 0.0025 1 1 2.5 0.005 92 5 1 1 
-0.26625 0 0 0.0025 1 1 2.5 0.005 93 5 1 1 
-0.26375 0 0 0.0025 1 1 2.5 0.005 94 5 1 1 
-0.26125 0 0 0.0025 1 1 2.5 0.005 95 5 1 1 
-0.25875 0 0 0.0025 1 1 2.5 0.005 96 5 1 1 
-0.25625 0 0 0.0025 1 1 2.5 0.005 97 5 1 1 
-0.25375 0 0 0.0025 1 1 2.5 0.005 98 5 1 1 
-0.25125 0 0 0.0025 1 1 2.5 0.005 99 5 1 1 
-0.24875 0 0 0.0025 1 1 2.5 0.005 100 5 1 1 
-0.24625 0 0 0.0025 1 1 2.5 0.005 101 5 1 1 
-0.24375 0 0 0.0025 1 1 2.5 0.005 102 5 1 1 
-0.24125 0 0 0.0025 1 1 2.5 0.005 103 5 1 1 
-0.23875 0 0 0.0025 1 1 2.5 0.005 104 5 1 1 
-0.23625 0 0 0.0025 1 1 2.5 0.005 105 5 1 1 
-0.23375 0 0 0.0025 1 1 2.5 0.005 106 5 1 1 
-0.23125 0 0 0.0025 1 1 2.5 0.005 107 5 1 1 
-0.22875 0 0 0.0025 1 1 2.5 0.005 108 5 1 1 
-0.22625 0 0 0.0025 1 1 2.5 0.005 109 5 1 1 
-0.22375 0 0 0.0025 1 1 2.5 0.005 110 5 1 1 
-0.22125 0 0 0.0025 1 1 2.5 0.005 111 5 1 1 
-0.21875 0 0 0.0025 1 1 2.5 0.005 112 5 1 1 
-0.21625 0 0 0.0025 1 1 2.5 0.005 113 5 1 1 
-0.21375 0 0 0.0025 1 1 2.5 0.005 114 5 1 1 
-0.21125 0 0 0.0025 1 1 2.5 0.005 115 5 1 1 
-0.20875 0 0 0.0025 1 1 2.5 0.005 116 5 1 1 
-0.20625 0 0 0.0025 1 1 2.5 0.005 117 5 1 1 
-0.20375 0 0 0.0025 1 1 2.5 0.005 118 5 1 1 
-0.20125 0 0 0.0025 1 1 2.5 0.005 119 5 1 1 
-0.19875 0 0 0.0025 1 1 2.5 0.005 120 5 1 1 
-0.19625 0 0 0.0025 1 1 2.5 0.005 121 5 1 1 
-0.19375 0 0 0.0025 1 1 2.5 0.005 122 5 1 1 
-0.19125 0 0 0.0025 1 1 2.5 0.005 123 5 1 1 
-0.18875 0 0 0.0025 1 1 2.5 0.005 124 5 1 1 
-0.18625 0 0 0.0025 1 1 2.5 0.005 125 5 1 1 
-0.18375 0 0 0.0025 1 1 2.5 0.005 126 5 1 1 
-0.18125 0 0 0.0025 1 1 2.5 0.005 127 5 1 1 
-0.17875 0 0 0.0025 1 1 2.5 0.005 128 5 1 1 
-0.17625 0 0 0.0025 1 1 2.5 0.005 129 5 1 1 
-0.17375 0 0 0.0025 1 1 2.5 0.005 130 5 1 1 
-0.17125 0 0 0.0025 1 1 2.5 0.005 131 5 1 1 
-0.16875 0 0 0.0025 1 1 2.5 0.005 132 5 1 1 
-0.16625 0 0 0.0025 1 1 2.5 0.005 133 5 1 1 
-0.16375 0 0 0.0025 1 1 2.5 0.005 134 5 1 1 
-0.16125 0 0 0.0025 1 1 2.5 0.005 135 5 1 1 
-0.15875 0 0 0.0025 1 1 2.5 0.005 136 5 1 1 
-0.15625 0 0 0.0025 1 1 2.5 0.005 137 5 1 1 
-0.15375 0 0 0.0025 1 1 2.5 0.005 138 5 1 1 
-0.15125 0 0 0.0025 1 1 2.5 0.005 139 5 1 1 
-0.14875 0 0 0.0025 1 1 2.5 0.005 140 5 1 1 
-0.14625 0 0 0.0025 1 1 2.5 0.005 141 5 1 1 
-0.14375 0 0 0.0025 1 1 2.5 0.005 142 5 1 1 
-0.14125 0 0 0.0025 1 1 2.5 0.005 143 5 1 1 
-0.13875 0 0 0.0025 1 1 2.5 0.005 144 5 1 1 
-0.13625 0 0 0.0025 1 1 2.5 0.005 145 5 1 1 
-0.13375 0 0 0.0025 1 1 2.5 0.005 146 5 1 1 
-0.13125 0 0 0.0025 1 1 2.5 0.005 147 5 1 1 
-0.12875 0 0 0.0025 1 1 2.5 0.005 148 5 1 1 
-0.12625 0 0 0.0025 1 1 2.5 0.005 149 5 1 1 
-0.12375 0 0 0.0025 1 1 2.5 0.005 150 5 1 1 
-0.12125 0 0 0.0025 1 1 2.5 0.005 151 5 1 1 
-0.11875 0 0 0.0025 1 1 2.5 0.005 152 5 1 1 
-0.11625 0 0 0.0025 1 1 2.5 0.005 153 5 1 1 
-0.11375 0 0 0.0025 1 1 2.5 0.005 154 5 1 1 
-0.11125 0 0 0.0025 1 1 2.5 0.005 155 5 1 1 
-0.10875 0 0 0.0025 1 1 2.5 0.005 156 5 1 1 
-0.10625 0 0 0.0025 1 1 2.5 0.005 157 5 1 1 
-0.10375 0 0 0.0025 1 1 2.5 0.005 158 5 1 1 
-0.10125 0 0 0.0025 1 1 2.5 0.005 159 5 1 1 
-0.09875 0 0 0.0025 1 1 2.5 0.005 160 5 1 1 
-0.09625 0 0 0.0025 1 1 2.5 0.005 161 5 1 1 
-0.09375 0 0 0.0025 1 1 2.5 0.005 162 5 1 1 
-0.09125 0 0 0.0025 1 1 2.5 0.005 163 5 1 1 
-0.08875 0 0 0.0025 1 1 2.5 0.005 164 5 1 1 
-0.08625 0 0 0.0025 1 1 2.5 0.005 165 5 1 1 
-0.08375 0 0 0.0025 1 1 2.5 0.005 166 5 1 1 
-0.08125 0 0 0.0025 1 1 2.5 0.005 167 5 1 1 
-0.07875 0 0 0.0025 1 1 2.5 0.005 168 5 1 1 
-0.07625 0 0 0.0025 1 1 2.5 0.005 169 5 1 1 
-0.07375 0 0 0.0025 1 1 2.5 0.005 170 5 1 1 
-0.07125 0 0 0.0025 1 1 2.5 0.005 171 5 1 1 
-0.06875 0 0 0.0025 1 1 2.5 0.005 172 5 1 1 
-0.06625 0 0 0.0025 1 1 2.5 0.005 173 5 1 1 
-0.06375 0 0 0.0025 1 1 2.5 0.005 174 5 1 1 
-0.06125 0 0 0.0025 1 1 2.5 0.005 175 5 1 1 
-0.05875 0 0 0.0025 1 1 2.5 0.005 176 5 1 1 
-0.05625 0 0 0.0025 1 1 2.5 0.005 177 5 1 1 
-0.05375 0 0 0.0025 1 1 2.5 0.005 178 5 1 1 
-0.05125 0 0 0.0025 1 1 2.5 0.005 179 5 1 1 
-0.04875 0 0 0.0025 1 1 2.5 0.005 180 5 1 1 
-0.04625 0 0 0.0025 1 1 2.5 0.005 181 5 1 1 
-0.04375 0 0 0.0025 1 1 2.5 0.005 182 5 1 1 
-0.04125 0 0 0.0025 1 1 2.5 0.005 183 5 1 1 
-0.03875 1.65393e-31 3.9443e-29 0.0025 1 1 2.5 0.005 184 5 1 1 
-0.03625 3.61161e-17 -1.13687e-13 0.0025 1 1 2.5 0.005 185 5 1 1 
-0.03375 -1.46626e-15 -2.27374e-13 0.0025 1 1 2.5 0.005 186 4 1 1 
-0.03125 3.05386e-16 5.68434e-14 0.0025 1 1 2.5 0.005 187 3 1 1 
-0.02875 1.22873e-16 3.54987e-28 0.0025 1 1 2.5 0.005 188 3 1 1 
-0.02625 1.6282e-17 5.68434e-14 0.0025 1 1 2.5 0.005 189 3 1 1 
-0.02375 -1.6282e-17 -5.68434e-14 0.0025 1 1 2.5 0.005 190 3 1 1 
-0.02125 -1.22873e-16 -2.46519e-28 0.0025 1 1 2.5 0.005 191 3 1 1 
-0.01875 -3.05386e-16 -5.68434e-14 0.0025 1 1 2.5 0.005 192 3 1 1 
-0.01625 1.09026e-15 1.7053e-13 0.0025 1 1 2.5 0.005 193 4 1 1 
-0.01375 1.01522e-16 1.13687e-13 0.0025 1 1 2.5 0.005 194 4 1 1 
-0.01125 0 0 0.0025 1 1 2.5 0.005 195 3 1 1 
-0.00875 -1.7433e-16 -5.68434e-14 0.0025 1 1 2.5 0.005 196 3 1 1 
-0.00625 -5.40741e-16 -1.13687e-13 0.0025 1 1 2.5 0.005 197 4 1 1 
-0.00375 -3.4467e-31 -1.2819e-28 0.0025 1 1 2.5 0.005 198 4 1 1 
-0.00125 6.40274e-17 2.27374e-13 0.0025 1 1 2.5 0.005 199 4 1 1 
0.00125 1.93863e-16 0 0.0025 1 1 2.5 0.005 200 5 1 1 
0.00375 1.86491e-16 -2.27374e-13 0.0025 1 1 2.5 0.005 201 3 1 1 
0.00625 3.19854e-16 1.13687e-13 0.0025 1 1 2.5 0.005 202 4 1 1 
0.00875 -4.91643e-17 5.68434e-14 0.0025 1 1 2.5 0.005 203 3 1 1 
0.01125 0 0 0.0025 1 1 2.5 0.005 204 3 1 1 
0.01375 -1.01522e-16 -1.13687e-13 0.0025 1 1 2.5 0.005 205 4 1 1 
0.01625 -1.09026e-15 -1.7053e-13 0.0025 1 1 2.5 0.005 206 4 1 1 
0.01875 3.05386e-16 5.68434e-14 0.0025 1 1 2.5 0.005 207 3 1 1 
0.02125 1.22873e-16 2.46519e-28 0.0025 1 1 2.5 0.005 208 3 1 1 
0.02375 0 0 0.0025 1 1 2.5 0.005 209 3 1 1 
0.02625 -1.22873e-16 -3.54987e-28 0.0025 1 1 2.5 0.005 210 3 1 1 
0.02875 -3.05386e-16 -5.68434e-14 0.0025 1 1 2.5 0.005 211 3 1 1 
0.03125 1.46626e-15 2.27374e-13 0.0025 1 1 2.5 0.005 212 4 1 1 
0.03375 -3.61161e-17 1.13687e-13 0.0025 1 1 2.5 0.005 213 5 1 1 
0.03625 -1.65393e-31 -3.9443e-29 0.0025 1 1 2.5 0.005 214 5 1 1 
0.03875 0 0 0.0025 1 1 2.5 0.005 215 5 1 1 
0.04125 0 0 0.0025 1 1 2.5 0.005 216 5 1 1 
0.04375 0 0 0.0025 1 1 2.5 0.005 217 5 1 1 
0.04625 0 0 0.0025 1 1 2.5 0.005 218 5 1 1 
0.04875 0 0 0.0025 1 1 2.5 0.005 219 5 1 1 
0.05125 0 0 0.0025 1 1 2.5 0.005 220 5 1 1 
0.05375 0 0 0.0025 1 1 2.5 0.005 221 5 1 1 
0.05625 0 0 0.0025 1 1 2.5 0.005 222 5 1 1 
0.05875 0 0 0.0025 1 1 2.5 0.005 223 5 1 1 
0.06125 0 0 0.0025 1 1 2.5 0.005 224 5 1 1 
0.06375 0 0 0.0025 1 1 2.5 0.005 225 5 1 1 
0.06625 0 0 0.0025 1 1 2.5 0.005 226 5 1 1 
0.06875 0 0 0.0025 1 1 2.5 0.005 227 5 1 1 
0.07125 0 0 0.0025 1 1 2.5 0.005 228 5 1 1 
0.07375 0 0 0.0025 1 1 2.5 0.005 229 5 1 1 
0.07625 0 0 0.0025 1 1 2.5 0.005 230 5 1 1 
0.07875 0 0 0.0025 1 1 2.5 0.005 231 5 1 1 
0.08125 0 0 0.0025 1 1 2.5 0.005 232 5 1 1 
0.08375 0 0 0.0025 1 1 2.5 0.005 233 5 1 1 
0.08625 0 0 0.0025 1 1 2.5 0.005 234 5 1 1 
0.08875 0 0 0.0025 1 1 2.5 0.005 235 5 1 1 
0.09125 0 0 0.0025 1 1 2.5 0.005 236 5 1 1 
0.09375 0 0 0.0025 1 1 2.5 0.005 237 5 1 1 
0.09625 0 0 0.0025 1 1 2.5 0.005 238 5 1 1 
0.09875 0 0 0.0025 1 1 2.5 0.005 239 5 1 1 
0.10125 0 0 0.0025 1 1 2.5 0.005 240 5 1 1 
0.10375 0 0 0.0025 1 1 2.5 0.005 241 5 1 1 
0.10625 0 0 0.0025 1 1 2.5 0.005 242 5 1 1 
0.10875 0 0 0.0025 1 1 2.5 0.005 243 5 1 1 
0.11125 0 0 0.0025 1 1 2.5 0.005 244 5 1 1 
0.11375 -1.58154e-47 -3.36312e-44 0.0025 1 1 2.5 0.005 245 5 1 1 
0.11625 -8.01934e-17 -1.7053e-13 0.0025 1 1 2.5 0.005 246 5 1 1 
0.11875 -6.13128e-16 -3.41061e-13 0.0025 1 1 2.5 0.005 247 5 1 1 
0.12125 -1.55689e-15 -6.25278e-13 0.0025 1 1 2.5 0.005 248 5 1 1 
0.12375 -9.62806e-15 -1.13687e-12 0.0025 1 1 2.5 0.005 249 4 1 1 
0.12625 9.62806e-15 1.13687e-12 0.0025 1 1 2.5 0.005 250 4 1 1 
0.12875 1.55689e-15 6.25278e-13 0.0025 1 1 2.5 0.005 251 5 1 1 
0.13125 6.13128e-16 3.41061e-13 0.0025 1 1 2.5 0.005 252 5 1 1 
0.13375 8.01934e-17 1.7053e-13 0.0025 1 1 2.5 0.005 253 5 1 1 
0.13625 1.58154e-47 3.36312e-44 0.0025 1 1 2.5 0.005 254 5 1 1 
0.13875 0 0 0.0025 1 1 2.5 0.005 255 5 1 1 
0.14125 0 0 0.0025 1 1 2.5 0.005 256 5 1 1 
0.14375 0 0 0.0025 1 1 2.5 0.005 257 5 1 1 
0.14625 0 0 0.0025 1 1 2.5 0.005 258 5 1 1 
0.14875 0 0 0.0025 1 1 2.5 0.005 259 5 1 1 
0.15125 0 0 0.0025 1 1 2.5 0.005 260 5 1 1 
0.15375 0 0 0.0025 1 1 2.5 0.005 261 5 1 1 
0.15625 0 0 0.0025 1 1 2.5 0.005 262 5 1 1 
0.15875 0 0 0.0025 1 1 2.5 0.005 263 5 1 1 
0.16125 0 0 0.0025 1 1 2.5 0.005 264 5 1 1 
0.16375 0 0 0.0025 1 1 2.5 0.005 265 5 1 1 
0.16625 0 0 0.0025 1 1 2.5 0.005 266 5 1 1 
0.16875 0 0 0.0025 1 1 2.5 0.005 267 5 1 1 
0.17125 0 0 0.0025 1 1 2.5 0.005 268 5 1 1 
0.17375 0 0 0.0025 1 1 2.5 0.005 269 5 1 1 
0.17625 0 0 0.0025 1 1 2.5 0.005 270 5 1 1 
0.17875 0 0 0.0025 1 1 2.5 0.005 271 5 1 1 
0.18125 0 0 0.0025 1 1 2.5 0.005 272 5 1 1 
0.18375 0 0 0.0025 1 1 2.5 0.005 273 5 1 1 
0.18625 0 0 0.0025 1 1 2.5 0.005 274 5 1 1 
0.18875 0 0 0.0025 1 1 2.5 0.005 275 5 1 1 
0.19125 0 0 0.0025 1 1 2.5 0.005 276 5 1 1 
0.19375 0 0 0.0025 1 1 2.5 0.005 277 5 1 1 
0.19625 0 0 0.0025 1 1 2.5 0.005 278 5 1 1 
0.19875 0 0 0.0025 1 1 2.5 0.005 279 5 1 1 
0.20125 0 0 0.0025 1 1 2.5 0.005 280 5 1 1 
0.20375 0 0 0.0025 1 1 2.5 0.005 281 5 1 1 
0.20625 0 0 0.0025 1 1 2.5 0.005 282 5 1 1 
0.20875 0 0 0.0025 1 1 2.5 0.005 283 5 1 1 
0.21125 0 0 0.0025 1 1 2.5 0.005 284 5 1 1 
0.21375 0 0 0.0025 1 1 2.5 0.005 285 5 1 1 
0.21625 0 0 0.0025 1 1 2.5 0.005 286 5 1 1 
0.21875 0 0 0.0025 1 1 2.5 0.005 287 5 1 1 
0.22125 0 0 0.0025 1 1 2.5 0.005 288 5 1 1 
0.22375 0 0 0.0025 1 1 2.5 0.005 289 5 1 1 
0.22625 0 0 0.0025 1 1 2.5 0.005 290 5 1 1 
0.22875 0 0 0.0025 1 1 2.5 0.005 291 5 1 1 
0.23125 0 0 0.0025 1 1 2.5 0.005 292 5 1 1 
0.23375 0 0 0.0025 1 1 2.5 0.005 293 5 1 1 
0.23625 -3.15679e-48 -1.12104e-44 0.0025 1 1 2.5 0.005 294 5 1 1 
0.23875 -1.60068e-17 -5.68434e-14 0.0025 1 1 2.5 0.005 295 5 1 1 
0.24125 -2.41371e-16 -2.84217e-13 0.0025 1 1 2.5 0.005 296 5 1 1 
0.24375 -1.52494e-15 -8.52651e-13 0.0025 1 1 2.5 0.005 297 5 1 1 
0.24625 -3.44872e-15 -1.3074e-12 0.0025 1 1 2.5 0.005 298 5 1 1 
0.24875 -1.9225e-14 -2.27374e-12 0.0025 1 1 2.5 0.005 299 3 1 1 
0.25125 1.9225e-14 2.27374e-12 0.0025 1 1 2.5 0.005 300 3 1 1 
0.25375 3.44872e-15 1.3074e-12 0.0025 1 1 2.5 0.005 301 5 1 1 
0.25625 1.52494e-15 8.52651e-13 0.0025 1 1 2.5 0.005 302 5 1 1 
0.25875 2.41371e-16 2.84217e-13 0.0025 1 1 2.5 0.005 303 5 1 1 
0.26125 1.60068e-17 5.68434e-14 0.0025 1 1 2.5 0.005 304 5 1 1 
0.26375 3.15679e-48 1.12104e-44 0.0025 1 1 2.5 0.005 305 5 1 1 
0.26625 0 0 0.0025 1 1 2.5 0.005 306 5 1 1 
0.26875 0 0 0.0025 1 1 2.5 0.005 307 5 1 1 
0.27125 0 0 0.0025 1 1 2.5 0.005 308 5 1 1 
0.27375 0 0 0.0025 1 1 2.5 0.005 309 5 1 1 
0.27625 0 0 0.0025 1 1 2.5 0.005 310 5 1 1 
0.27875 0 0 0.0025 1 1 2.5 0.005 311 5 1 1 
0.28125 0 0 0.0025 1 1 2.5 0.005 312 5 1 1 
0.28375 0 0 0.0025 1 1 2.5 0.005 313 5 1 1 
0.28625 0 0 0.0025 1 1 2.5 0.005 314 5 1 1 
0.28875 0 0 0.0025 1 1 2.5 0.005 315 5 1 1 
0.29125 0 0 0.0025 1 1 2.5 0.005 316 5 1 1 
0.29375 0 0 0.0025 1 1 2.5 0.005 317 5 1 1 
0.29625 0 0 0.0025 1 1 2.5 0.005 318 5 1 1 
0.29875 0 0 0.0025 1 1 2.5 0.005 319 5 1 1 
0.30125 0 0 0.0025 1 1 2.5 0.005 320 5 1 1 
0.30375 0 0 0.0025 1 1 2.5 0.005 321 5 1 1 
0.30625 0 0 0.0025 1 1 2.5 0.005 322 5 1 1 
0.30875 0 0 0.0025 1 1 2.5 0.005 323 5 1 1 
0.31125 0 0 0.0025 1 1 2.5 0.005 324 5 1 1 
0.31375 0 0 0.0025 1 1 2.5 0.005 325 5 1 1 
0.31625 0 0 0.0025 1 1 2.5 0.005 326 5 1 1 
0.31875 0 0 0.0025 1 1 2.5 0.005 327 5 1 1 
0.32125 0 0 0.0025 1 1 2.5 0.005 328 5 1 1 
0.32375 0 0 0.0025 1 1 2.5 0.005 329 5 1 1 
0.32625 0 0 0.0025 1 1 2.5 0.005 330 5 1 1 
0.32875 0 0 0.0025 1 1 2.5 0.005 331 5 1 1 
0.33125 0 0 0.0025 1 1 2.5 0.005 332 5 1 1 
0.33375 0 0 0.0025 1 1 2.5 0.005 333 5 1 1 
0.33625 0 0 0.0025 1 1 2.5 0.005 334 5 1 1 
0.33875 0 0 0.0025 1 1 2.5 0.005 335 5 1 1 
0.34125 0 0 0.0025 1 1 2.5 0.005 336 5 1 1 
0.34375 0 0 0.0025 1 1 2.5 0.005 337 5 1 1 
0.34625 0 0 0.0025 1 1 2.5 0.005 338 5 1 1 
0.34875 0 0 0.0025 1 1 2.5 0.005 339 5 1 1 
0.35125 0 0 0.0025 1 1 2.5 0.005 340 5 1 1 
0.35375 0 0 0.0025 1 1 2.5 0.005 341 5 1 1 
0.35625 0 0 0.0025 1 1 2.5 0.005 342 5 1 1 
0.35875 0 0 0.0025 1 1 2.5 0.005 343 5 1 1 
0.36125 0 0 0.0025 1 1 2.5 0.005 344 5 1 1 
0.36375 0 0 0.0025 1 1 2.5 0.005 345 5 1 1 
0.36625 0 0 0.0025 1 1 2.5 0.005 346 5 1 1 
0.36875 0 0 0.0025 1 1 2.5 0.005 347 5 1 1 
0.37125 0 0 0.0025 1 1 2.5 0.005 348 5 1 1 
0.37375 0 0 0.0025 1 1 2.5 0.005 349 5 1 1 
0.37625 0 0 0.0025 1 1 2.5 0.005 350 5 1 1 
0.37875 0 0 0.0025 1 1 2.5 0.005 351 5 1 1 
0.38125 0 0 0.0025 1 1 2.5 0.005 352 5 1 1 
0.38375 0 0 0.0025 1 1 2.5 0.005 353 5 1 1 
0.38625 0 0 0.0025 1 1 2.5 0.005 354 5 1 1 
0.38875 0 0 0.0025 1 1 2.5 0.005 355 5 1 1 
0.39125 0 0 0.0025 1 1 2.5 0.005 356 5 1 1 
0.39375 0 0 0.0025 1 1 2.5 0.005 357 5 1 1 
0.39625 0 0 0.0025 1 1 2.5 0.005 358 5 1 1 
0.39875 0 0 0.0025 1 1 2.5 0.005 359 5 1 1 
0.40125 0 0 0.0025 1 1 2.5 0.005 360 5 1 1 
0.40375 0 0 0.0025 1 1 2.5 0.005 361 5 1 1 
0.40625 0 0 0.0025 1 1 2.5 0.005 362 5 1 1 
0.40875 0 0 0.0025 1 1 2.5 0.005 363 5 1 1 
0.41125 0 0 0.0025 1 1 2.5 0.005 364 5 1 1 
0.41375 0 0 0.0025 1 1 2.5 0.005 365 5 1 1 
0.41625 0 0 0.0025 1 1 2.5 0.005 366 5 1 1 
0.41875 0 0 0.0025 1 1 2.5 0.005 367 5 1 1 
0.42125 0 0 0.0025 1 1 2.5 0.005 368 5 1 1 
0.42375 0 0 0.0025 1 1 2.5 0.005 369 5 1 1 
0.42625 0 0 0.0025 1 1 2.5 0.005 370 5 1 1 
0.42875 0 0 0.0025 1 1 2.5 0.005 371 5 1 1 
0.43125 0 0 0.0025 1 1 2.5 0.005 372 5 1 1 
0.43375 0 0 0.0025 1 1 2.5 0.005 373 5 1 1 
0.43625 0 0 0.0025 1 1 2.5 0.005 374 5 1 1 
0.43875 0 0 0.0025 1 1 2.5 0.005 375 5 1 1 
0.44125 0 0 0.0025 1 1 2.5 0.005 376 5 1 1 
0.44375 0 0 0.0025 1 1 2.5 0.005 377 5 1 1 
0.44625 0 0 0.0025 1 1 2.5 0.005 378 5 1 1 
0.44875 0 0 0.0025 1 1 2.5 0.005 379 5 1 1 
0.45125 0 0 0.0025 1 1 2.5 0.005 380 5 1 1 
0.45375 0 0 0.0025 1 1 2.5 0.005 381 5 1 1 
0.45625 -6.26434e-27 -2.22459e-23 0.0025 1 1 2.5 0.005 382 5 1 1 
0.45875 -1.19411e-14 -4.24052e-11 0.0025 1 1 2.5 0.005 383 4 1 1 
0.46125 3.50679e-13 1.3365e-09 0.0025 1 1 2.5 0.005 384 5 1 1 
0.46375 -6.79499e-12 -2.93696e-08 0.0025 1 1 2.5 0.005 385 3 1 1 
0.46625 -7.10635e-11 -8.45141e-08 0.0025 1 1 2.5 0.005 386 4 1 1 
0.46875 1.41586e-09 4.48292e-06 0.0025 1 1 2.5 0.005 387 5 1 1 
0.47125 -8.99e-09 -5.15912e-05 0.0025 1 1 2.5 0.005 388 4 1 1 
0.47375 -3.66705e-07 -0.000777361 0.0025 1 1 2.5 0.005 389 3 1 1 
0.47625 -1.09266e-06 0.000637837 0.0025 0.999999 0.999999 2.5 0.005 390 4 1 1 
0.47875 2.62536e-05 0.0574067 0.0025 0.999985 0.999978 2.49998 0.00500008 391 5 1 1 
0.48125 -5.39226e-05 -0.420544 0.0025 1.00018 1.0002 2.50015 0.00499909 392 4 1 0.999979 
0.483749 -0.00275785 -4.5344 0.0025 1.0025 1.00324 2.50231 0.00498754 393 4 1 0.999619 
0.486238 -0.0176698 -16.3528 0.0025 1.01275 1.01748 2.51251 0.00493704 394 4 1 0.998648 
0.488687 -0.0550066 -25.4377 0.0025 1.03393 1.04841 2.53458 0.0048359 395 3 1 1.00062 
0.491074 -0.0781571 11.5544 0.0025 1.02619 1.04019 2.53007 0.00487239 396 4 1 1.00138 
0.493561 0.0461214 108.432 0.0025 0.920101 0.892865 2.4228 0.00543419 397 4 1 0.994041 
0.496563 0.35481 139.228 0.0025 0.707357 0.614133 2.1725 0.00706857 398 4 1 0.978153 
0.501025 0.656887 -39.3911 0.0025 0.544362 0.48428 2.22591 0.00918507 399 4 1 0.908568 
0.505844 0.484899 126.528 0.0025 0.408006 0.316339 1.93656 0.0122547 400 4 1 1.13193 
0.514936 0.008287 33.8832 0.0025 0.268073 0.198542 1.85317 0.0186517 401 5 1 0.858729 
0.52496 -0.0203806 -4.59666 0.0025 0.249246 0.178714 1.79275 0.0200605 402 5 1 0.991767 
0.534999 -0.000841444 -0.783882 0.0025 0.249503 0.179005 1.79358 0.0200398 403 4 1 0.999999 
0.545 4.84079e-05 0.0292964 0.0025 0.249991 0.179492 1.79498 0.0200007 404 4 1 1 
0.555 4.03778e-06 0.00408637 0.0025 0.250001 0.179501 1.795 0.0199999 405 3 1 1 
0.565 1.06806e-07 0.000151818 0.0025 0.25 0.1795 1.795 0.02 406 4 1 1 
0.575 1.34371e-10 1.29831e-06 0.0025 0.25 0.1795 1.795 0.02 407 4 1 1 
0.585 -4.26135e-11 -7.71946e-08 0.0025 0.25 0.1795 1.795 0.02 408 5 1 1 
0.595 3.13114e-13 1.57357e-10 0.0025 0.25 0.1795 1.795 0.02 409 4 1 1 
0.605 2.15907e-14 4.10836e-11 0.0025 0.25 0.1795 1.795 0.02 410 3 1 1 
0.615 9.20285e-17 3.83693e-13 0.0025 0.25 0.1795 1.795 0.02 411 5 1 1 
0.625 -6.00093e-33 -7.08003e-30 0.0025 0.25 0.1795 1.795 0.02 412 5 1 1 
0.635 0 0 0.0025 0.25 0.1795 1.795 0.02 413 5 1 1 
0.645 0 0 0.0025 0.25 0.1795 1.795 0.02 414 5 1 1 
0.655 0 0 0.0025 0.25 0.1795 1.795 0.02 415 5 1 1 
0.665 0 0 0.0025 0.25 0.1795 1.795 0.02 416 5 1 1 
0.675 0 0 0.0025 0.25 0.1795 1.795 0.02 417 5 1 1 
0.685 0 0 0.0025 0.25 0.1795 1.795 0.02 418 5 1 1 
0.695 0 0 0.0025 0.25 0.1795 1.795 0.02 419 5 1 1 
0.705 0 0 0.0025 0.25 0.1795 1.795 0.02 420 5 1 1 
0.715 0 0 0.0025 0.25 0.1795 1.795 0.02 421 5 1 1 
0.725 0 0 0.0025 0.25 0.1795 1.795 0.02 422 5 1 1 
0.735 0 0 0.0025 0.25 0.1795 1.795 0.02 423 5 1 1 
0.745 0 0 0.0025 0.25 0.1795 1.795 0.02 424 5 1 1 
0.755 0 0 0.0025 0.25 0.1795 1.795 0.02 425 5 1 1 
0.765 0 0 0.0025 0.25 0.1795 1.795 0.02 426 5 1 1 
0.775 0 0 0.0025 0.25 0.1795 1.795 0.02 427 5 1 1 
0.785 0 0 0.0025 0.25 0.1795 1.795 0.02 428 5 1 1 
0.795 0 0 0.0025 0.25 0.1795 1.795 0.02 429 5 1 1 
0.805 0 0 0.0025 0.25 0.1795 1.795 0.02 430 5 1 1 
0.815 0 0 0.0025 0.25 0.1795 1.795 0.02 431 5 1 1 
0.825 0 0 0.0025 0.25 0.1795 1.795 0.02 432 5 1 1 
0.835 0 0 0.0025 0.25 0.1795 1.795 0.02 433 5 1 1 
0.845 0 0 0.0025 0.25 0.1795 1.795 0.02 434 5 1 1 
0.855 0 0 0.0025 0.25 0.1795 1.795 0.02 435 5 1 1 
0.865 0 0 0.0025 0.25 0.1795 1.795 0.02 436 5 1 1 
0.875 0 0 0.0025 0.25 0.1795 1.795 0.02 437 5 1 1 
0.885 0 0 0.0025 0.25 0.1795 1.795 0.02 438 5 1 1 
0.895 0 0 0.0025 0.25 0.1795 1.795 0.02 439 5 1 1 
0.905 0 0 0.0025 0.25 0.1795 1.795 0.02 440 5 1 1 
0.915 0 0 0.0025 0.25 0.1795 1.795 0.02 441 5 1 1 
0.925 0 0 0.0025 0.25 0.1795 1.795 0.02 442 5 1 1 
0.935 0 0 0.0025 0.25 0.1795 1.795 0.02 443 5 1 1 
0.945 0 0 0.0025 0.25 0.1795 1.795 0.02 444 5 1 1 
0.955 0 0 0.0025 0.25 0.1795 1.795 0.02 445 5 1 1 
0.965 0 0 0.0025 0.25 0.1795 1.795 0.02 446 5 1 1 
0.975 2.96881e-32 7.08003e-30 0.0025 0.25 0.1795 1.795 0.02 447 5 1 1 
0.985 3.00879e-16 -5.68434e-14 0.0025 0.25 0.1795 1.795 0.02 448 5 1 1 
0.995 -5.12761e-15 -1.09424e-12 0.0025 0.25 0.1795 1.795 0.02 449 3 1 1 
1.005 5.12761e-15 1.09424e-12 0.0025 0.25 0.1795 1.795 0.02 450 3 1 1 
1.015 -3.00879e-16 5.68434e-14 0.0025 0.25 0.1795 1.795 0.02 451 5 1 1 
1.025 -2.96881e-32 -7.08003e-30 0.0025 0.25 0.1795 1.795 0.02 452 5 1 1 
1.035 0 0 0.0025 0.25 0.1795 1.795 0.02 453 5 1 1 
1.045 0 0 0.0025 0.25 0.1795 1.795 0.02 454 5 1 1 
1.055 0 0 0.0025 0.25 0.1795 1.795 0.02 455 5 1 1 
1.065 0 0 0.0025 0.25 0.1795 1.795 0.02 456 5 1 1 
1.075 0 0 0.0025 0.25 0.1795 1.795 0.02 457 5 1 1 
1.085 0 0 0.0025 0.25 0.1795 1.795 0.02 458 5 1 1 
1.095 0 0 0.0025 0.25 0.1795 1.795 0.02 459 5 1 1 
1.105 0 0 0.0025 0.25 0.1795 1.795 0.02 460 5 1 1 
1.115 0 0 0.0025 0.25 0.1795 1.795 0.02 461 5 1 1 
1.125 0 0 0.0025 0.25 0.1795 1.795 0.02 462 5 1 1 
1.135 0 0 0.0025 0.25 0.1795 1.795 0.02 463 5 1 1 
1.145 0 0 0.0025 0.25 0.1795 1.795 0.02 464 5 1 1 
1.155 0 0 0.0025 0.25 0.1795 1.795 0.02 465 5 1 1 
1.165 0 0 0.0025 0.25 0.1795 1.795 0.02 466 5 1 1 
1.175 0 0 0.0025 0.25 0.1795 1.795 0.02 467 5 1 1 
1.185 0 0 0.0025 0.25 0.1795 1.795 0.02 468 5 1 1 
1.195 0 0 0.0025 0.25 0.1795 1.795 0.02 469 5 1 1 
1.205 0 0 0.0025 0.25 0.1795 1.795 0.02 470 5 1 1 
1.215 0 0 0.0025 0.25 0.1795 1.795 0.02 471 5 1 1 
1.225 0 0 0.0025 0.25 0.1795 1.795 0.02 472 5 1 1 
1.235 0 0 0.0025 0.25 0.1795 1.795 0.02 473 5 1 1 
1.245 0 0 0.0025 0.25 0.1795 1.795 0.02 474 5 1 1 
1.255 0 0 0.0025 0.25 0.1795 1.795 0.02 475 5 1 1 
1.265 0 0 0.0025 0.25 0.1795 1.795 0.02 476 5 1 1 
1.275 0 0 0.0025 0.25 0.1795 1.795 0.02 477 5 1 1 
1.285 0 0 0.0025 0.25 0.1795 1.795 0.02 478 5 1 1 
1.295 0 0 0.0025 0.25 0.1795 1.795 0.02 479 5 1 1 
1.305 0 0 0.0025 0.25 0.1795 1.795 0.02 480 5 1 1 
1.315 0 0 0.0025 0.25 0.1795 1.795 0.02 481 5 1 1 
1.325 0 0 0.0025 0.25 0.1795 1.795 0.02 482 5 1 1 
1.335 0 0 0.0025 0.25 0.1795 1.795 0.02 483 5 1 1 
1.345 0 0 0.0025 0.25 0.1795 1.795 0.02 484 5 1 1 
1.355 0 0 0.0025 0.25 0.1795 1.795 0.02 485 5 1 1 
1.365 0 0 0.0025 0.25 0.1795 1.795 0.02 486 5 1 1 
1.375 4.00171e-18 1.42109e-14 0.0025 0.25 0.1795 1.795 0.02 487 5 1 1 
1.385 7.57666e-16 1.77636e-12 0.0025 0.25 0.1795 1.795 0.02 488 5 1 1 
1.395 7.75103e-15 -2.44285e-11 0.0025 0.25 0.1795 1.795 0.02 489 4 1 1 
1.405 -3.3456e-12 -6.48374e-09 0.0025 0.25 0.1795 1.795 0.02 490 4 1 1 
1.415 -1.3201e-10 -1.59996e-07 0.0025 0.25 0.1795 1.795 0.02 491 3 1 1 
1.425 1.3804e-09 3.91251e-06 0.0025 0.25 0.1795 1.795 0.02 492 5 1 1 
1.435 1.70668e-07 0.000126989 0.0025 0.25 0.1795 1.795 0.02 493 4 1 1 
1.445 -4.16102e-06 -0.00656355 0.0025 0.250003 0.179503 1.79501 0.0199997 494 4 1 1 
1.455 -0.000287977 -0.242704 0.0025 0.250087 0.179586 1.79525 0.019993 495 4 1 0.999941 
1.46499 -0.00536088 -2.80831 0.0025 0.251059 0.180566 1.79809 0.0199156 496 4 1 1.00004 
1.47492 -0.0394749 -8.49433 0.0025 0.251396 0.180914 1.7991 0.019889 497 3 1 1.00002 
1.48488 -0.045108 -1.57273 0.0025 0.239506 0.169074 1.76449 0.0208763 498 4 1 0.999965 
1.49584 0.391309 84.9245 0.0025 0.174052 0.121156 1.73962 0.028727 499 3 1 1.40265 
