# Time [s]: 0.0183543
# Columns: pos [m], vel [m/s], acc [m/s^2], mass [kg], dens [kg/m^3], pres [Pa], ene [J/kg], sml [m], id, neighbor, alpha, gradh, ...additional?
-0.529461 -2.25891 -32.3401 0.0025 0.12671 0.0618705 1.22095 0.0394602 0 5 1 1.04868 
-0.513235 -1.56517 -36.7607 0.0025 0.21871 0.118864 1.35897 0.0228614 1 5 1 0.974741 
-0.503781 -1.16736 -40.244 0.0025 0.32646 0.20882 1.59946 0.0153158 2 4 1 0.947053 
-0.497149 -0.881693 -44.2422 0.0025 0.437869 0.315005 1.7989 0.0114189 3 4 1 0.951686 
-0.492058 -0.657447 -46.7156 0.0025 0.547709 0.430805 1.96679 0.00912893 4 4 1 0.960916 
-0.487887 -0.475074 -47.2962 0.0025 0.651625 0.549384 2.10806 0.00767312 5 4 1 0.970319 
-0.48432 -0.323951 -45.2215 0.0025 0.748285 0.666727 2.22776 0.00668195 6 4 1 0.978002 
-0.48117 -0.202458 -42.2295 0.0025 0.836866 0.779492 2.32933 0.00597468 7 4 1 0.979603 
-0.478324 -0.0896632 -53.9492 0.0025 0.925335 0.897438 2.42508 0.00540345 8 4 1 0.984304 
-0.475749 0.0308344 -50.5223 0.0025 1.01215 1.01867 2.51437 0.00493998 9 4 1 0.998582 
-0.473375 0.0855181 -5.72734 0.0025 1.05971 1.08629 2.56061 0.00471825 10 3 1 1.00016 
-0.471031 0.0749359 11.0231 0.0025 1.05694 1.08124 2.55698 0.00473063 11 4 1 1.00029 
-0.468644 0.0490898 13.8436 0.0025 1.03692 1.0522 2.53691 0.00482195 12 4 1 0.999023 
-0.466208 0.0252467 10.9412 0.0025 1.01892 1.02646 2.51882 0.00490715 13 4 1 0.999047 
-0.463737 0.0101627 6.01648 0.0025 1.00773 1.01068 2.50762 0.00496166 14 4 1 0.999585 
-0.461247 0.00323326 2.43958 0.0025 1.00252 1.00344 2.50246 0.00498742 15 4 1 0.999903 
-0.458749 0.000816072 0.763302 0.0025 1.00066 1.00089 2.50063 0.00499671 16 4 1 0.999987 
-0.45625 0.000158054 0.185494 0.0025 1.00013 1.00018 2.50013 0.00499933 17 4 1 0.999999 
-0.45375 2.06978e-05 0.0328677 0.0025 1.00002 1.00003 2.50002 0.0049999 18 4 1 1 
-0.45125 9.99551e-07 0.00329808 0.0025 1 1 2.5 0.00499999 19 4 1 1 
-0.44875 -9.13163e-08 -0.000237033 0.0025 1 1 2.5 0.005 20 5 1 1 
-0.44625 3.55283e-08 -8.16456e-06 0.0025 1 1 2.5 0.005 21 3 1 1 
-0.44375 1.54413e-08 1.32491e-05 0.0025 1 1 2.5 0.005 22 4 1 1 
-0.44125 2.79002e-09 4.08925e-06 0.0025 1 1 2.5 0.005 23 4 1 1 
-0.43875 1.90558e-10 5.34039e-07 0.0025 1 1 2.5 0.005 24 4 1 1 
-0.43625 -1.39674e-11 -1.56271e-08 0.0025 1 1 2.5 0.005 25 4 1 1 
-0.43375 1.13006e-12 -2.83745e-09 0.0025 1 1 2.5 0.005 26 5 1 1 
-0.43125 8.3292e-13 8.66294e-10 0.0025 1 1 2.5 0.005 27 3 1 1 
-0.42875 1.09412e-13 2.0782e-10 0.0025 1 1 2.5 0.005 28 4 1 1 
-0.42625 3.17048e-15 2.04068e-11 0.0025 1 1 2.5 0.005 29 4 1 1 
-0.42375 -7.51696e-16 -2.27374e-12 0.0025 1 1 2.5 0.005 30 5 1 1 
-0.42125 -1.63506e-17 -5.68434e-14 0.0025 1 1 2.5 0.005 31 5 1 1 
-0.41875 0 0 0.0025 1 1 2.5 0.005 32 5 1 1 
-0.41625 0 0 0.0025 1 1 2.5 0.005 33 5 1 1 
-0.41375 0 0 0.0025 1 1 2.5 0.005 34 5 1 1 
-0.41125 0 0 0.0025 1 1 2.5 0.005 35 5 1 1 
-0.40875 0 0 0.0025 1 1 2.5 0.005 36 5 1 1 
-0.40625 0 0 0.0025 1 1 2.5 0.005 37 5 1 1 
-0.40375 0 0 0.0025 1 1 2.5 0.005 38 5 1 1 
-0.40125 0 0 0.0025 1 1 2.5 0.005 39 5 1 1 
-0.39875 0 0 0.0025 1 1 2.5 0.005 40 5 1 1 
-0.39625 0 0 0.0025 1 1 2.5 0.005 41 5 1 1 
-0.39375 0 0 0.0025 1 1 2.5 0.005 42 5 1 1 
-0.39125 0 0 0.0025 1 1 2.5 0.005 43 5 1 1 
-0.38875 0 0 0.0025 1 1 2.5 0.005 44 5 1 1 
-0.38625 0 0 0.0025 1 1 2.5 0.005 45 5 1 1 
-0.38375 0 0 0.0025 1 1 2.5 0.005 46 5 1 1 
-0.38125 0 0 0.0025 1 1 2.5 0.005 47 5 1 1 
-0.37875 0 0 0.0025 1 1 2.5 0.005 48 5 1 1 
-0.37625 0 0 0.0025 1 1 2.5 0.005 49 5 1 1 
-0.37375 0 0 0.0025 1 1 2.5 0.005 50 5 1 1 
-0.37125 0 0 0.0025 1 1 2.5 0.005 51 5 1 1 
-0.36875 0 0 0.0025 1 1 2.5 0.005 52 5 1 1 
-0.36625 0 0 0.0025 1 1 2.5 0.005 53 5 1 1 
-0.36375 0 0 0.0025 1 1 2.5 0.005 54 5 1 1 
-0.36125 0 0 0.0025 1 1 2.5 0.005 55 5 1 1 
-0.35875 0 0 0.0025 1 1 2.5 0.005 56 5 1 1 
-0.35625 0 0 0.0025 1 1 2.5 0.005 57 5 1 1 
-0.35375 0 0 0.0025 1 1 2.5 0.005 58 5 1 1 
-0.35125 0 0 0.0025 1 1 2.5 0.005 59 5 1 1 
-0.34875 0 0 0.0025 1 1 2.5 0.005 60 5 1 1 
-0.34625 0 0 0.0025 1 1 2.5 0.005 61 5 1 1 
-0.34375 0 0 0.0025 1 1 2.5 0.005 62 5 1 1 
-0.34125 0 0 0.0025 1 1 2.5 0.005 63 5 1 1 
-0.33875 0 0 0.0025 1 1 2.5 0.005 64 5 1 1 
-0.33625 0 0 0.0025 1 1 2.5 0.005 65 5 1 1 
-0.33375 0 0 0.0025 1 1 2.5 0.005 66 5 1 1 
-0.33125 0 0 0.0025 1 1 2.5 0.005 67 5 1 1 
-0.32875 0 0 0.0025 1 1 2.5 0.005 68 5 1 1 
-0.32625 0 0 0.0025 1 1 2.5 0.005 69 5 1 1 
-0.32375 0 0 0.0025 1 1 2.5 0.005 70 5 1 1 
-0.32125 0 0 0.0025 1 1 2.5 0.005 71 5 1 1 
-0.31875 0 0 0.0025 1 1 2.5 0.005 72 5 1 1 
-0.31625 0 0 0.0025 1 1 2.5 0.005 73 5 1 1 
-0.31375 0 0 0.0025 1 1 2.5 0.005 74 5 1 1 
-0.31125 0 0 0.0025 1 1 2.5 0.005 75 5 1 1 
-0.30875 0 0 0.0025 1 1 2.5 0.005 76 5 1 1 
-0.30625 0 0 0.0025 1 1 2.5 0.005 77 5 1 1 
-0.30375 0 0 0.0025 1 1 2.5 0.005 78 5 1 1 
-0.30125 0 0 0.0025 1 1 2.5 0.005 79 5 1 1 
-0.29875 0 0 0.0025 1 1 2.5 0.005 80 5 1 1 
-0.29625 0 0 0.0025 1 1 2.5 0.005 81 5 1 1 
-0.29375 0 0 0.0025 1 1 2.5 0.005 82 5 1 1 
-0.29125 0 0 0.0025 1 1 2.5 0.005 83 5 1 1 
-0.28875 0 0 0.0025 1 1 2.5 0.005 84 5 1 1 
-0.28625 0 0 0.0025 1 1 2.5 0.005 85 5 1 1 
-0.28375 0 0 0.0025 1 1 2.5 0.005 86 5 1 1 
-0.28125 0 0 0.0025 1 1 2.5 0.005 87 5 1 1 
-0.27875 0 0 0.0025 1 1 2.5 0.005 88 5 1 1 
-0.27625 0 0 0.0025 1 1 2.5 0.005 89 5 1 1 
-0.27375 0 0 0.0025 1 1 2.5 0.005 90 5 1 1 
-0.27125 0 0 0.0025 1 1 2.5 0.005 91 5 1 1 
-0.26875 0 0 0.0025 1 1 2.5 0.005 92 5 1 1 
-0.26625 0 0 0.0025 1 1 2.5 0.005 93 5 1 1 
-0.26375 0 0 0.0025 1 1 2.5 0.005 94 5 1 1 
-0.26125 0 0 0.0025 1 1 2.5 0.005 95 5 1 1 
-0.25875 0 0 0.0025 1 1 2.5 0.005 96 5 1 1 
-0.25625 0 0 0.0025 1 1 2.5 0.005 97 5 1 1 
-0.25375 0 0 0.0025 1 1 2.5 0.005 98 5 1 1 
-0.25125 0 0 0.0025 1 1 2.5 0.005 99 5 1 1 
-0.24875 0 0 0.0025 1 1 2.5 0.005 100 5 1 1 
-0.24625 0 0 0.0025 1 1 2.5 0.005 101 5 1 1 
-0.24375 0 0 0.0025 1 1 2.5 0.005 102 5 1 1 
-0.24125 0 0 0.0025 1 1 2.5 0.005 103 5 1 1 
-0.23875 0 0 0.0025 1 1 2.5 0.005 104 5 1 1 
-0.23625 0 0 0.0025 1 1 2.5 0.005 105 5 1 1 
-0.23375 0 0 0.0025 1 1 2.5 0.005 106 5 1 1 
-0.23125 0 0 0.0025 1 1 2.5 0.005 107 5 1 1 
-0.22875 0 0 0.0025 1 1 2.5 0.005 108 5 1 1 
-0.22625 0 0 0.0025 1 1 2.5 0.005 109 5 1 1 
-0.22375 0 0 0.0025 1 1 2.5 0.005 110 5 1 1 
-0.22125 0 0 0.0025 1 1 2.5 0.005 111 5 1 1 
-0.21875 0 0 0.0025 1 1 2.5 0.005 112 5 1 1 
-0.21625 0 0 0.0025 1 1 2.5 0.005 113 5 1 1 
-0.21375 0 0 0.0025 1 1 2.5 0.005 114 5 1 1 
-0.21125 0 0 0.0025 1 1 2.5 0.005 115 5 1 1 
-0.20875 0 0 0.0025 1 1 2.5 0.005 116 5 1 1 
-0.20625 0 0 0.0025 1 1 2.5 0.005 117 5 1 1 
-0.20375 0 0 0.0025 1 1 2.5 0.005 118 5 1 1 
-0.20125 0 0 0.0025 1 1 2.5 0.005 119 5 1 1 
-0.19875 0 0 0.0025 1 1 2.5 0.005 120 5 1 1 
-0.19625 0 0 0.0025 1 1 2.5 0.005 121 5 1 1 
-0.19375 0 0 0.0025 1 1 2.5 0.005 122 5 1 1 
-0.19125 0 0 0.0025 1 1 2.5 0.005 123 5 1 1 
-0.18875 0 0 0.0025 1 1 2.5 0.005 124 5 1 1 
-0.18625 0 0 0.0025 1 1 2.5 0.005 125 5 1 1 
-0.18375 0 0 0.0025 1 1 2.5 0.005 126 5 1 1 
-0.18125 0 0 0.0025 1 1 2.5 0.005 127 5 1 1 
-0.17875 0 0 0.0025 1 1 2.5 0.005 128 5 1 1 
-0.17625 0 0 0.0025 1 1 2.5 0.005 129 5 1 1 
-0.17375 0 0 0.0025 1 1 2.5 0.005 130 5 1 1 
-0.17125 0 0 0.0025 1 1 2.5 0.005 131 5 1 1 
-0.16875 0 0 0.0025 1 1 2.5 0.005 132 5 1 1 
-0.16625 0 0 0.0025 1 1 2.5 0.005 133 5 1 1 
-0.16375 0 0 0.0025 1 1 2.5 0.005 134 5 1 1 
-0.16125 0 0 0.0025 1 1 2.5 0.005 135 5 1 1 
-0.15875 0 0 0.0025 1 1 2.5 0.005 136 5 1 1 
-0.15625 0 0 0.0025 1 1 2.5 0.005 137 5 1 1 
-0.15375 0 0 0.0025 1 1 2.5 0.005 138 5 1 1 
-0.15125 0 0 0.0025 1 1 2.5 0.005 139 5 1 1 
-0.14875 0 0 0.0025 1 1 2.5 0.005 140 5 1 1 
-0.14625 0 0 0.0025 1 1 2.5 0.005 141 5 1 1 
-0.14375 0 0 0.0025 1 1 2.5 0.005 142 5 1 1 
-0.14125 0 0 0.0025 1 1 2.5 0.005 143 5 1 1 
-0.13875 0 0 0.0025 1 1 2.5 0.005 144 5 1 1 
-0.13625 0 0 0.0025 1 1 2.5 0.005 145 5 1 1 
-0.13375 0 0 0.0025 1 1 2.5 0.005 146 5 1 1 
-0.13125 0 0 0.0025 1 1 2.5 0.005 147 5 1 1 
-0.12875 0 0 0.0025 1 1 2.5 0.005 148 5 1 1 
-0.12625 0 0 0.0025 1 1 2.5 0.005 149 5 1 1 
-0.12375 0 0 0.0025 1 1 2.5 0.005 150 5 1 1 
-0.12125 0 0 0.0025 1 1 2.5 0.005 151 5 1 1 
-0.11875 0 0 0.0025 1 1 2.5 0.005 152 5 1 1 
-0.11625 0 0 0.0025 1 1 2.5 0.005 153 5 1 1 
-0.11375 0 0 0.0025 1 1 2.5 0.005 154 5 1 1 
-0.11125 0 0 0.0025 1 1 2.5 0.005 155 5 1 1 
-0.10875 0 0 0.0025 1 1 2.5 0.005 156 5 1 1 
-0.10625 0 0 0.0025 1 1 2.5 0.005 157 5 1 1 
-0.10375 0 0 0.0025 1 1 2.5 0.005 158 5 1 1 
-0.10125 0 0 0.0025 1 1 2.5 0.005 159 5 1 1 
-0.09875 0 0 0.0025 1 1 2.5 0.005 160 5 1 1 
-0.09625 0 0 0.0025 1 1 2.5 0.005 161 5 1 1 
-0.09375 0 0 0.0025 1 1 2.5 0.005 162 5 1 1 
-0.09125 0 0 0.0025 1 1 2.5 0.005 163 5 1 1 
-0.08875 0 0 0.0025 1 1 2.5 0.005 164 5 1 1 
-0.08625 0 0 0.0025 1 1 2.5 0.005 165 5 1 1 
-0.08375 0 0 0.0025 1 1 2.5 0.005 166 5 1 1 
-0.08125 0 0 0.0025 1 1 2.5 0.005 167 5 1 1 
-0.07875 0 0 0.0025 1 1 2.5 0.005 168 5 1 1 
-0.07625 0 0 0.0025 1 1 2.5 0.005 169 5 1 1 
-0.07375 0 0 0.0025 1 1 2.5 0.005 170 5 1 1 
-0.07125 0 0 0.0025 1 1 2.5 0.005 171 5 1 1 
-0.06875 0 0 0.0025 1 1 2.5 0.005 172 5 1 1 
-0.06625 0 0 0.0025 1 1 2.5 0.005 173 5 1 1 
-0.06375 0 0 0.0025 1 1 2.5 0.005 174 5 1 1 
-0.06125 0 0 0.0025 1 1 2.5 0.005 175 5 1 1 
-0.05875 0 0 0.0025 1 1 2.5 0.005 176 5 1 1 
-0.05625 0 0 0.0025 1 1 2.5 0.005 177 5 1 1 
-0.05375 0 0 0.0025 1 1 2.5 0.005 178 5 1 1 
-0.05125 0 0 0.0025 1 1 2.5 0.005 179 5 1 1 
-0.04875 0 0 0.0025 1 1 2.5 0.005 180 5 1 1 
-0.04625 -6.71788e-47 -1.12104e-44 0.0025 1 1 2.5 0.005 181 5 1 1 
-0.04375 -1.7841e-16 -5.68434e-14 0.0025 1 1 2.5 0.005 182 5 1 1 
-0.04125 -3.55403e-16 -5.60519e-44 0.0025 1 1 2.5 0.005 183 5 1 1 
-0.03875 -8.5545e-16 -1.7053e-13 0.0025 1 1 2.5 0.005 184 5 1 1 
-0.03625 -1.36322e-15 5.68434e-14 0.0025 1 1 2.5 0.005 185 5 1 1 
-0.03375 -3.34494e-15 -5.68434e-14 0.0025 1 1 2.5 0.005 186 4 1 1 
-0.03125 6.72892e-16 6.31089e-28 0.0025 1 1 2.5 0.005 187 3 1 1 
-0.02875 3.31632e-16 -1.7053e-13 0.0025 1 1 2.5 0.005 188 3 1 1 
-0.02625 1.4512e-16 1.7053e-13 0.0025 1 1 2.5 0.005 189 3 1 1 
-0.02375 -4.73443e-17 -5.68434e-14 0.0025 1 1 2.5 0.005 190 3 1 1 
-0.02125 -2.34062e-16 5.68434e-14 0.0025 1 1 2.5 0.005 191 3 1 1 
-0.01875 -4.96946e-16 -5.68434e-14 0.0025 1 1 2.5 0.005 192 3 1 1 
-0.01625 2.38894e-15 1.13687e-13 0.0025 1 1 2.5 0.005 193 4 1 1 
-0.01375 1.08254e-15 -5.68434e-14 0.0025 1 1 2.5 0.005 194 4 1 1 
-0.01125 5.17187e-16 1.13687e-13 0.0025 1 1 2.5 0.005 195 4 1 1 
-0.00875 -3.63199e-16 5.68434e-14 0.0025 1 1 2.5 0.005 196 4 1 1 
-0.00625 2.98824e-16 1.13687e-13 0.0025 1 1 2.5 0.005 197 4 1 1 
-0.00375 6.68256e-17 -1.13687e-13 0.0025 1 1 2.5 0.005 198 4 1 1 
-0.00125 -1.26544e-18 -3.9443e-29 0.0025 1 1 2.5 0.005 199 3 1 1 
0.00125 1.7271e-17 5.68434e-14 0.0025 1 1 2.5 0.005 200 3 1 1 
0.00375 -2.03636e-18 1.13687e-13 0.0025 1 1 2.5 0.005 201 5 1 1 
0.00625 -2.52736e-16 -1.7053e-13 0.0025 1 1 2.5 0.005 202 4 1 1 
0.00875 3.32474e-16 -5.68434e-14 0.0025 1 1 2.5 0.005 203 4 1 1 
0.01125 -5.48751e-16 -1.13687e-13 0.0025 1 1 2.5 0.005 204 4 1 1 
0.01375 -1.06584e-15 -8.87469e-29 0.0025 1 1 2.5 0.005 205 4 1 1 
0.01625 -2.47024e-15 -5.68434e-14 0.0025 1 1 2.5 0.005 206 4 1 1 
0.01875 4.32636e-16 -5.68434e-14 0.0025 1 1 2.5 0.005 207 3 1 1 
0.02125 1.05288e-16 5.68434e-14 0.0025 1 1 2.5 0.005 208 3 1 1 
0.02375 -1.29764e-16 0 0.0025 1 1 2.5 0.005 209 3 1 1 
0.02625 -2.67229e-16 5.68434e-14 0.0025 1 1 2.5 0.005 210 3 1 1 
0.02875 -5.76783e-16 -6.31089e-28 0.0025 1 1 2.5 0.005 211 3 1 1 
0.03125 3.37722e-15 5.68434e-14 0.0025 1 1 2.5 0.005 212 4 1 1 
0.03375 1.33064e-15 -5.68434e-14 0.0025 1 1 2.5 0.005 213 5 1 1 
0.03625 8.5507e-16 1.7053e-13 0.0025 1 1 2.5 0.005 214 5 1 1 
0.03875 4.20644e-16 3.36312e-44 0.0025 1 1 2.5 0.005 215 5 1 1 
0.04125 1.7841e-16 5.68434e-14 0.0025 1 1 2.5 0.005 216 5 1 1 
0.04375 6.71788e-47 1.12104e-44 0.0025 1 1 2.5 0.005 217 5 1 1 
0.04625 0 0 0.0025 1 1 2.5 0.005 218 5 1 1 
0.04875 0 0 0.0025 1 1 2.5 0.005 219 5 1 1 
0.05125 0 0 0.0025 1 1 2.5 0.005 220 5 1 1 
0.05375 0 0 0.0025 1 1 2.5 0.005 221 5 1 1 
0.05625 0 0 0.0025 1 1 2.5 0.005 222 5 1 1 
0.05875 0 0 0.0025 1 1 2.5 0.005 223 5 1 1 
0.06125 0 0 0.0025 1 1 2.5 0.005 224 5 1 1 
0.06375 0 0 0.0025 1 1 2.5 0.005 225 5 1 1 
0.06625 0 0 0.0025 1 1 2.5 0.005 226 5 1 1 
0.06875 0 0 0.0025 1 1 2.5 0.005 227 5 1 1 
0.07125 0 0 0.0025 1 1 2.5 0.005 228 5 1 1 
0.07375 0 0 0.0025 1 1 2.5 0.005 229 5 1 1 
0.07625 0 0 0.0025 1 1 2.5 0.005 230 5 1 1 
0.07875 0 0 0.0025 1 1 2.5 0.005 231 5 1 1 
0.08125 0 0 0.0025 1 1 2.5 0.005 232 5 1 1 
0.08375 0 0 0.0025 1 1 2.5 0.005 233 5 1 1 
0.08625 0 0 0.0025 1 1 2.5 0.005 234 5 1 1 
0.08875 0 0 0.0025 1 1 2.5 0.005 235 5 1 1 
0.09125 0 0 0.0025 1 1 2.5 0.005 236 5 1 1 
0.09375 0 0 0.0025 1 1 2.5 0.005 237 5 1 1 
0.09625 0 0 0.0025 1 1 2.5 0.005 238 5 1 1 
0.09875 0 0 0.0025 1 1 2.5 0.005 239 5 1 1 
0.10125 0 0 0.0025 1 1 2.5 0.005 240 5 1 1 
0.10375 -4.81283e-47 -3.36312e-44 0.0025 1 1 2.5 0.005 241 5 1 1 
0.10625 -1.78885e-16 -5.68434e-14 0.0025 1 1 2.5 0.005 242 5 1 1 
0.10875 -6.00343e-16 -1.7053e-13 0.0025 1 1 2.5 0.005 243 5 1 1 
0.11125 -1.27918e-15 -1.7053e-13 0.0025 1 1 2.5 0.005 244 5 1 1 
0.11375 -2.89441e-15 -2.84217e-13 0.0025 1 1 2.5 0.005 245 5 1 1 
0.11625 -3.21563e-15 1.13687e-13 0.0025 1 1 2.5 0.005 246 5 1 1 
0.11875 -6.0371e-15 2.27374e-13 0.0025 1 1 2.5 0.005 247 5 1 1 
0.12125 6.47269e-15 6.82121e-13 0.0025 1 1 2.5 0.005 248 5 1 1 
0.12375 2.16801e-16 5.11591e-13 0.0025 1 1 2.5 0.005 249 4 1 1 
0.12625 -2.16801e-16 -5.11591e-13 0.0025 1 1 2.5 0.005 250 4 1 1 
0.12875 -6.47269e-15 -6.82121e-13 0.0025 1 1 2.5 0.005 251 5 1 1 
0.13125 6.0371e-15 -2.27374e-13 0.0025 1 1 2.5 0.005 252 5 1 1 
0.13375 3.21563e-15 -1.13687e-13 0.0025 1 1 2.5 0.005 253 5 1 1 
0.13625 2.89441e-15 2.84217e-13 0.0025 1 1 2.5 0.005 254 5 1 1 
0.13875 1.27918e-15 1.7053e-13 0.0025 1 1 2.5 0.005 255 5 1 1 
0.14125 6.00343e-16 1.7053e-13 0.0025 1 1 2.5 0.005 256 5 1 1 
0.14375 1.78885e-16 5.68434e-14 0.0025 1 1 2.5 0.005 257 5 1 1 
0.14625 4.81283e-47 3.36312e-44 0.0025 1 1 2.5 0.005 258 5 1 1 
0.14875 0 0 0.0025 1 1 2.5 0.005 259 5 1 1 
0.15125 0 0 0.0025 1 1 2.5 0.005 260 5 1 1 
0.15375 0 0 0.0025 1 1 2.5 0.005 261 5 1 1 
0.15625 0 0 0.0025 1 1 2.5 0.005 262 5 1 1 
0.15875 0 0 0.0025 1 1 2.5 0.005 263 5 1 1 
0.16125 0 0 0.0025 1 1 2.5 0.005 264 5 1 1 
0.16375 0 0 0.0025 1 1 2.5 0.005 265 5 1 1 
0.16625 0 0 0.0025 1 1 2.5 0.005 266 5 1 1 
0.16875 0 0 0.0025 1 1 2.5 0.005 267 5 1 1 
0.17125 0 0 0.0025 1 1 2.5 0.005 268 5 1 1 
0.17375 0 0 0.0025 1 1 2.5 0.005 269 5 1 1 
0.17625 0 0 0.0025 1 1 2.5 0.005 270 5 1 1 
0.17875 0 0 0.0025 1 1 2.5 0.005 271 5 1 1 
0.18125 0 0 0.0025 1 1 2.5 0.005 272 5 1 1 
0.18375 0 0 0.0025 1 1 2.5 0.005 273 5 1 1 
0.18625 0 0 0.0025 1 1 2.5 0.005 274 5 1 1 
0.18875 0 0 0.0025 1 1 2.5 0.005 275 5 1 1 
0.19125 0 0 0.0025 1 1 2.5 0.005 276 5 1 1 
0.19375 0 0 0.0025 1 1 2.5 0.005 277 5 1 1 
0.19625 0 0 0.0025 1 1 2.5 0.005 278 5 1 1 
0.19875 0 0 0.0025 1 1 2.5 0.005 279 5 1 1 
0.20125 0 0 0.0025 1 1 2.5 0.005 280 5 1 1 
0.20375 0 0 0.0025 1 1 2.5 0.005 281 5 1 1 
0.20625 0 0 0.0025 1 1 2.5 0.005 282 5 1 1 
0.20875 0 0 0.0025 1 1 2.5 0.005 283 5 1 1 
0.21125 0 0 0.0025 1 1 2.5 0.005 284 5 1 1 
0.21375 0 0 0.0025 1 1 2.5 0.005 285 5 1 1 
0.21625 0 0 0.0025 1 1 2.5 0.005 286 5 1 1 
0.21875 0 0 0.0025 1 1 2.5 0.005 287 5 1 1 
0.22125 0 0 0.0025 1 1 2.5 0.005 288 5 1 1 
0.22375 -3.22459e-48 -1.12104e-44 0.0025 1 1 2.5 0.005 289 5 1 1 
0.22625 -1.63506e-17 -5.68434e-14 0.0025 1 1 2.5 0.005 290 5 1 1 
0.22875 -2.27775e-16 -1.00893e-43 0.0025 1 1 2.5 0.005 291 5 1 1 
0.23125 -8.28221e-16 -2.84217e-13 0.0025 1 1 2.5 0.005 292 5 1 1 
0.23375 -2.3849e-15 -6.25278e-13 0.0025 1 1 2.5 0.005 293 5 1 1 
0.23625 -4.45272e-15 -5.11591e-13 0.0025 1 1 2.5 0.005 294 5 1 1 
0.23875 -6.73248e-15 -3.97904e-13 0.0025 1 1 2.5 0.005 295 5 1 1 
0.24125 -6.5323e-15 2.84217e-13 0.0025 1 1 2.5 0.005 296 5 1 1 
0.24375 -1.16951e-14 3.97904e-13 0.0025 1 1 2.5 0.005 297 5 1 1 
0.24625 1.23522e-14 1.42109e-12 0.0025 1 1 2.5 0.005 298 5 1 1 
0.24875 -2.9197e-16 1.64846e-12 0.0025 1 1 2.5 0.005 299 3 1 1 
0.25125 2.9197e-16 -1.64846e-12 0.0025 1 1 2.5 0.005 300 3 1 1 
0.25375 -1.23522e-14 -1.42109e-12 0.0025 1 1 2.5 0.005 301 5 1 1 
0.25625 1.16951e-14 -3.97904e-13 0.0025 1 1 2.5 0.005 302 5 1 1 
0.25875 6.5323e-15 -2.84217e-13 0.0025 1 1 2.5 0.005 303 5 1 1 
0.26125 6.73248e-15 3.97904e-13 0.0025 1 1 2.5 0.005 304 5 1 1 
0.26375 4.45272e-15 5.11591e-13 0.0025 1 1 2.5 0.005 305 5 1 1 
0.26625 2.3849e-15 6.25278e-13 0.0025 1 1 2.5 0.005 306 5 1 1 
0.26875 8.28221e-16 2.84217e-13 0.0025 1 1 2.5 0.005 307 5 1 1 
0.27125 2.27775e-16 1.00893e-43 0.0025 1 1 2.5 0.005 308 5 1 1 
0.27375 1.63506e-17 5.68434e-14 0.0025 1 1 2.5 0.005 309 5 1 1 
0.27625 3.22459e-48 1.12104e-44 0.0025 1 1 2.5 0.005 310 5 1 1 
0.27875 0 0 0.0025 1 1 2.5 0.005 311 5 1 1 
0.28125 0 0 0.0025 1 1 2.5 0.005 312 5 1 1 
0.28375 0 0 0.0025 1 1 2.5 0.005 313 5 1 1 
0.28625 0 0 0.0025 1 1 2.5 0.005 314 5 1 1 
0.28875 0 0 0.0025 1 1 2.5 0.005 315 5 1 1 
0.29125 0 0 0.0025 1 1 2.5 0.005 316 5 1 1 
0.29375 0 0 0.0025 1 1 2.5 0.005 317 5 1 1 
0.29625 0 0 0.0025 1 1 2.5 0.005 318 5 1 1 
0.29875 0 0 0.0025 1 1 2.5 0.005 319 5 1 1 
0.30125 0 0 0.0025 1 1 2.5 0.005 320 5 1 1 
0.30375 0 0 0.0025 1 1 2.5 0.005 321 5 1 1 
0.30625 0 0 0.0025 1 1 2.5 0.005 322 5 1 1 
0.30875 0 0 0.0025 1 1 2.5 0.005 323 5 1 1 
0.31125 0 0 0.0025 1 1 2.5 0.005 324 5 1 1 
0.31375 0 0 0.0025 1 1 2.5 0.005 325 5 1 1 
0.31625 0 0 0.0025 1 1 2.5 0.005 326 5 1 1 
0.31875 0 0 0.0025 1 1 2.5 0.005 327 5 1 1 
0.32125 0 0 0.0025 1 1 2.5 0.005 328 5 1 1 
0.32375 0 0 0.0025 1 1 2.5 0.005 329 5 1 1 
0.32625 0 0 0.0025 1 1 2.5 0.005 330 5 1 1 
0.32875 0 0 0.0025 1 1 2.5 0.005 331 5 1 1 
0.33125 0 0 0.0025 1 1 2.5 0.005 332 5 1 1 
0.33375 0 0 0.0025 1 1 2.5 0.005 333 5 1 1 
0.33625 0 0 0.0025 1 1 2.5 0.005 334 5 1 1 
0.33875 0 0 0.0025 1 1 2.5 0.005 335 5 1 1 
0.34125 0 0 0.0025 1 1 2.5 0.005 336 5 1 1 
0.34375 0 0 0.0025 1 1 2.5 0.005 337 5 1 1 
0.34625 0 0 0.0025 1 1 2.5 0.005 338 5 1 1 
0.34875 0 0 0.0025 1 1 2.5 0.005 339 5 1 1 
0.35125 0 0 0.0025 1 1 2.5 0.005 340 5 1 1 
0.35375 0 0 0.0025 1 1 2.5 0.005 341 5 1 1 
0.35625 0 0 0.0025 1 1 2.5 0.005 342 5 1 1 
0.35875 0 0 0.0025 1 1 2.5 0.005 343 5 1 1 
0.36125 0 0 0.0025 1 1 2.5 0.005 344 5 1 1 
0.36375 0 0 0.0025 1 1 2.5 0.005 345 5 1 1 
0.36625 0 0 0.0025 1 1 2.5 0.005 346 5 1 1 
0.36875 0 0 0.0025 1 1 2.5 0.005 347 5 1 1 
0.37125 0 0 0.0025 1 1 2.5 0.005 348 5 1 1 
0.37375 0 0 0.0025 1 1 2.5 0.005 349 5 1 1 
0.37625 0 0 0.0025 1 1 2.5 0.005 350 5 1 1 
0.37875 0 0 0.0025 1 1 2.5 0.005 351 5 1 1 
0.38125 0 0 0.0025 1 1 2.5 0.005 352 5 1 1 
0.38375 0 0 0.0025 1 1 2.5 0.005 353 5 1 1 
0.38625 0 0 0.0025 1 1 2.5 0.005 354 5 1 1 
0.38875 0 0 0.0025 1 1 2.5 0.005 355 5 1 1 
0.39125 0 0 0.0025 1 1 2.5 0.005 356 5 1 1 
0.39375 0 0 0.0025 1 1 2.5 0.005 357 5 1 1 
0.39625 0 0 0.0025 1 1 2.5 0.005 358 5 1 1 
0.39875 0 0 0.0025 1 1 2.5 0.005 359 5 1 1 
0.40125 0 0 0.0025 1 1 2.5 0.005 360 5 1 1 
0.40375 0 0 0.0025 1 1 2.5 0.005 361 5 1 1 
0.40625 0 0 0.0025 1 1 2.5 0.005 362 5 1 1 
0.40875 0 0 0.0025 1 1 2.5 0.005 363 5 1 1 
0.41125 0 0 0.0025 1 1 2.5 0.005 364 5 1 1 
0.41375 0 0 0.0025 1 1 2.5 0.005 365 5 1 1 
0.41625 0 0 0.0025 1 1 2.5 0.005 366 5 1 1 
0.41875 0 0 0.0025 1 1 2.5 0.005 367 5 1 1 
0.42125 1.63506e-17 5.68434e-14 0.0025 1 1 2.5 0.005 368 5 1 1 
0.42375 7.35346e-16 2.21689e-12 0.0025 1 1 2.5 0.005 369 5 1 1 
0.42625 -4.42773e-15 -2.251e-11 0.0025 1 1 2.5 0.005 370 4 1 1 
0.42875 -1.16444e-13 -2.09639e-10 0.0025 1 1 2.5 0.005 371 4 1 1 
0.43125 -7.41656e-13 -6.23118e-10 0.0025 1 1 2.5 0.005 372 3 1 1 
0.43375 -1.12223e-13 4.33403e-09 0.0025 1 1 2.5 0.005 373 5 1 1 
0.43625 9.18747e-12 -8.14879e-09 0.0025 1 1 2.5 0.005 374 4 1 1 
0.43875 -2.48296e-10 -5.73371e-07 0.0025 1 1 2.5 0.005 375 4 1 1 
0.44125 -2.72898e-09 -3.62226e-06 0.0025 1 1 2.5 0.005 376 4 1 1 
0.44375 -1.26469e-08 -8.52714e-06 0.0025 1 1 2.5 0.005 377 3 1 1 
0.44625 -1.65388e-08 2.85101e-05 0.0025 1 1 2.5 0.005 378 5 1 1 
0.44875 7.21796e-08 6.23146e-06 0.0025 1 1 2.5 0.005 379 4 1 1 
0.45125 -1.72856e-06 -0.00407666 0.0025 1 1 2.5 0.00499999 380 4 1 1 
0.45375 -2.30871e-05 -0.0334439 0.0025 1.00002 1.00003 2.50002 0.00499989 381 4 1 1 
0.45625 -0.000155738 -0.172305 0.0025 1.00013 1.00017 2.50012 0.00499935 382 4 1 0.999999 
0.458749 -0.000747201 -0.665124 0.0025 1.0006 1.00081 2.50057 0.00499702 383 4 1 0.999991 
0.461247 -0.00280296 -2.021 0.0025 1.00217 1.00297 2.50212 0.00498917 384 4 1 0.999935 
0.463739 -0.00845897 -4.81524 0.0025 1.00641 1.00887 2.50633 0.00496813 385 4 1 0.999731 
0.466215 -0.0205061 -8.64547 0.0025 1.01537 1.02148 2.51529 0.00492429 386 4 1 0.999378 
0.468663 -0.0395627 -11.1007 0.0025 1.02975 1.04195 2.52972 0.00485557 387 4 1 0.999378 
0.471071 -0.0605874 -8.85223 0.0025 1.04554 1.0648 2.54561 0.00478223 388 3 1 1.00019 
0.473445 -0.0673937 7.14783 0.0025 1.0444 1.06416 2.54535 0.00478742 389 4 1 1.00026 
0.475859 -0.00959259 49.6163 0.0025 0.995642 0.99523 2.4974 0.00502188 390 4 1 0.998015 
0.478476 0.108741 52.2389 0.0025 0.910979 0.877833 2.40948 0.0054886 391 4 1 0.984384 
0.481365 0.220588 41.4379 0.0025 0.826378 0.765687 2.31712 0.0060505 392 4 1 0.980401 
0.484546 0.335495 40.807 0.0025 0.747042 0.664942 2.22564 0.00669306 393 4 1 0.980209 
0.488083 0.457358 35.0875 0.0025 0.673157 0.574694 2.13487 0.00742769 394 4 1 0.978193 
0.492002 0.558667 20.1972 0.0025 0.616173 0.507763 2.06082 0.0081146 395 4 1 0.981656 
0.496214 0.604366 1.87475 0.0025 0.58653 0.474218 2.0215 0.00852471 396 4 1 0.992602 
0.500529 0.61825 11.8081 0.0025 0.565872 0.451107 1.99277 0.00883591 397 4 1 0.997553 
0.505055 0.693071 14.2475 0.0025 0.526128 0.406199 1.93044 0.00950339 398 4 1 0.991707 
0.51006 0.681868 -12.469 0.0025 0.492517 0.422875 2.14662 0.0101519 399 4 1 0.98724 
0.515213 0.644476 10.2784 0.0025 0.462505 0.392931 2.1237 0.0108107 400 4 1 0.99554 
0.520899 0.638595 -1.28544 0.0025 0.416425 0.392285 2.35473 0.012007 401 4 1 0.979223 
0.527272 0.487782 38.1417 0.0025 0.352131 0.301415 2.13955 0.0141993 402 4 1 0.97497 
0.535362 0.175721 44.4094 0.0025 0.286454 0.219913 1.91963 0.0174548 403 4 1 0.938232 
0.544975 0.0126763 11.8878 0.0025 0.255119 0.184779 1.81111 0.0195987 404 4 1 0.969872 
0.554992 -0.00395334 -0.779715 0.0025 0.24968 0.179169 1.79406 0.0200256 405 5 1 0.998485 
0.565 -4.31563e-05 -0.149598 0.0025 0.249903 0.179403 1.79472 0.0200078 406 4 1 1 
0.575 4.34594e-05 0.0103994 0.0025 0.250006 0.179506 1.79502 0.0199995 407 3 1 1 
0.585 6.26408e-06 0.00253253 0.0025 0.250002 0.179502 1.795 0.0199999 408 4 1 1 
0.595 5.30887e-07 0.000284518 0.0025 0.25 0.1795 1.795 0.02 409 4 1 1 
0.605 2.94925e-08 2.0094e-05 0.0025 0.25 0.1795 1.795 0.02 410 4 1 1 
0.615 8.58905e-10 8.6305e-07 0.0025 0.25 0.1795 1.795 0.02 411 4 1 1 
0.625 -1.40174e-11 5.95841e-09 0.0025 0.25 0.1795 1.795 0.02 412 4 1 1 
0.635 -5.70598e-13 -1.1085e-09 0.0025 0.25 0.1795 1.795 0.02 413 5 1 1 
0.645 7.94107e-14 3.46176e-11 0.0025 0.25 0.1795 1.795 0.02 414 3 1 1 
0.655 4.3871e-15 3.15481e-12 0.0025 0.25 0.1795 1.795 0.02 415 5 1 1 
0.665 2.7285e-16 2.70006e-13 0.0025 0.25 0.1795 1.795 0.02 416 5 1 1 
0.675 6.26315e-47 5.60519e-44 0.0025 0.25 0.1795 1.795 0.02 417 5 1 1 
0.685 2.41446e-48 2.8026e-45 0.0025 0.25 0.1795 1.795 0.02 418 5 1 1 
0.695 0 0 0.0025 0.25 0.1795 1.795 0.02 419 5 1 1 
0.705 0 0 0.0025 0.25 0.1795 1.795 0.02 420 5 1 1 
0.715 0 0 0.0025 0.25 0.1795 1.795 0.02 421 5 1 1 
0.725 0 0 0.0025 0.25 0.1795 1.795 0.02 422 5 1 1 
0.735 0 0 0.0025 0.25 0.1795 1.795 0.02 423 5 1 1 
0.745 0 0 0.0025 0.25 0.1795 1.795 0.02 424 5 1 1 
0.755 0 0 0.0025 0.25 0.1795 1.795 0.02 425 5 1 1 
0.765 0 0 0.0025 0.25 0.1795 1.795 0.02 426 5 1 1 
0.775 0 0 0.0025 0.25 0.1795 1.795 0.02 427 5 1 1 
0.785 0 0 0.0025 0.25 0.1795 1.795 0.02 428 5 1 1 
0.795 0 0 0.0025 0.25 0.1795 1.795 0.02 429 5 1 1 
0.805 0 0 0.0025 0.25 0.1795 1.795 0.02 430 5 1 1 
0.815 0 0 0.0025 0.25 0.1795 1.795 0.02 431 5 1 1 
0.825 0 0 0.0025 0.25 0.1795 1.795 0.02 432 5 1 1 
0.835 0 0 0.0025 0.25 0.1795 1.795 0.02 433 5 1 1 
0.845 0 0 0.0025 0.25 0.1795 1.795 0.02 434 5 1 1 
0.855 0 0 0.0025 0.25 0.1795 1.795 0.02 435 5 1 1 
0.865 0 0 0.0025 0.25 0.1795 1.795 0.02 436 5 1 1 
0.875 0 0 0.0025 0.25 0.1795 1.795 0.02 437 5 1 1 
0.885 0 0 0.0025 0.25 0.1795 1.795 0.02 438 5 1 1 
0.895 0 0 0.0025 0.25 0.1795 1.795 0.02 439 5 1 1 
0.905 0 0 0.0025 0.25 0.1795 1.795 0.02 440 5 1 1 
0.915 0 0 0.0025 0.25 0.1795 1.795 0.02 441 5 1 1 
0.925 0 0 0.0025 0.25 0.1795 1.795 0.02 442 5 1 1 
0.935 0 0 0.0025 0.25 0.1795 1.795 0.02 443 5 1 1 
0.945 0 0 0.0025 0.25 0.1795 1.795 0.02 444 5 1 1 
0.955 -3.12099e-47 -8.40779e-45 0.0025 0.25 0.1795 1.795 0.02 445 5 1 1 
0.965 -1.09807e-16 -4.26326e-14 0.0025 0.25 0.1795 1.795 0.02 446 5 1 1 
0.975 -9.80438e-16 -1.7053e-13 0.0025 0.25 0.1795 1.795 0.02 447 5 1 1 
0.985 -2.75428e-15 -2.27374e-13 0.0025 0.25 0.1795 1.795 0.02 448 5 1 1 
0.995 -1.60341e-14 -4.26326e-13 0.0025 0.25 0.1795 1.795 0.02 449 3 1 1 
1.005 1.60341e-14 4.26326e-13 0.0025 0.25 0.1795 1.795 0.02 450 3 1 1 
1.015 2.75428e-15 2.27374e-13 0.0025 0.25 0.1795 1.795 0.02 451 5 1 1 
1.025 9.80438e-16 1.7053e-13 0.0025 0.25 0.1795 1.795 0.02 452 5 1 1 
1.035 1.09807e-16 4.26326e-14 0.0025 0.25 0.1795 1.795 0.02 453 5 1 1 
1.045 3.12099e-47 8.40779e-45 0.0025 0.25 0.1795 1.795 0.02 454 5 1 1 
1.055 0 0 0.0025 0.25 0.1795 1.795 0.02 455 5 1 1 
1.065 0 0 0.0025 0.25 0.1795 1.795 0.02 456 5 1 1 
1.075 0 0 0.0025 0.25 0.1795 1.795 0.02 457 5 1 1 
1.085 0 0 0.0025 0.25 0.1795 1.795 0.02 458 5 1 1 
1.095 0 0 0.0025 0.25 0.1795 1.795 0.02 459 5 1 1 
1.105 0 0 0.0025 0.25 0.1795 1.795 0.02 460 5 1 1 
1.115 0 0 0.0025 0.25 0.1795 1.795 0.02 461 5 1 1 
1.125 0 0 0.0025 0.25 0.1795 1.795 0.02 462 5 1 1 
1.135 0 0 0.0025 0.25 0.1795 1.795 0.02 463 5 1 1 
1.145 0 0 0.0025 0.25 0.1795 1.795 0.02 464 5 1 1 
1.155 0 0 0.0025 0.25 0.1795 1.795 0.02 465 5 1 1 
1.165 0 0 0.0025 0.25 0.1795 1.795 0.02 466 5 1 1 
1.175 0 0 0.0025 0.25 0.1795 1.795 0.02 467 5 1 1 
1.185 0 0 0.0025 0.25 0.1795 1.795 0.02 468 5 1 1 
1.195 0 0 0.0025 0.25 0.1795 1.795 0.02 469 5 1 1 
1.205 0 0 0.0025 0.25 0.1795 1.795 0.02 470 5 1 1 
1.215 0 0 0.0025 0.25 0.1795 1.795 0.02 471 5 1 1 
1.225 0 0 0.0025 0.25 0.1795 1.795 0.02 472 5 1 1 
1.235 0 0 0.0025 0.25 0.1795 1.795 0.02 473 5 1 1 
1.245 0 0 0.0025 0.25 0.1795 1.795 0.02 474 5 1 1 
1.255 0 0 0.0025 0.25 0.1795 1.795 0.02 475 5 1 1 
1.265 0 0 0.0025 0.25 0.1795 1.795 0.02 476 5 1 1 
1.275 0 0 0.0025 0.25 0.1795 1.795 0.02 477 5 1 1 
1.285 0 0 0.0025 0.25 0.1795 1.795 0.02 478 5 1 1 
1.295 0 0 0.0025 0.25 0.1795 1.795 0.02 479 5 1 1 
1.305 0 0 0.0025 0.25 0.1795 1.795 0.02 480 5 1 1 
1.315 0 0 0.0025 0.25 0.1795 1.795 0.02 481 5 1 1 
1.325 2.03652e-33 7.08003e-30 0.0025 0.25 0.1795 1.795 0.02 482 5 1 1 
1.335 4.44965e-18 2.70006e-13 0.0025 0.25 0.1795 1.795 0.02 483 5 1 1 
1.345 -1.97919e-15 -5.96856e-12 0.0025 0.25 0.1795 1.795 0.02 484 4 1 1 
1.355 -2.65667e-13 -2.36042e-10 0.0025 0.25 0.1795 1.795 0.02 485 4 1 1 
1.365 -6.42337e-12 -3.99285e-09 0.0025 0.25 0.1795 1.795 0.02 486 4 1 1 
1.375 -7.5719e-11 -2.41801e-08 0.0025 0.25 0.1795 1.795 0.02 487 3 1 1 
1.385 -7.23534e-11 3.43245e-07 0.0025 0.25 0.1795 1.795 0.02 488 5 1 1 
1.395 8.51279e-09 -3.82072e-07 0.0025 0.25 0.1795 1.795 0.02 489 4 1 1 
1.405 -2.58239e-07 -0.000262375 0.0025 0.25 0.1795 1.795 0.02 490 4 1 1 
1.415 -8.79585e-06 -0.00525859 0.0025 0.250003 0.179503 1.79501 0.0199997 491 4 1 1 
1.425 -0.000143035 -0.0645382 0.0025 0.250046 0.179546 1.79513 0.0199963 492 4 1 0.999991 
1.435 -0.00154498 -0.530151 0.0025 0.250424 0.179925 1.79621 0.0199661 493 4 1 0.999776 
1.44497 -0.0105741 -2.50582 0.0025 0.252366 0.181886 1.80184 0.0198125 494 4 1 0.998533 
1.45481 -0.0415649 -5.87292 0.0025 0.257689 0.187329 1.81739 0.0194032 495 4 1 1.00081 
1.46437 -0.0808956 -1.84127 0.0025 0.258138 0.187838 1.81903 0.0193695 496 3 1 1.00063 
1.47418 0.000184396 17.5334 0.0025 0.230993 0.16075 1.73964 0.0216457 497 4 1 0.999586 
1.48628 0.334963 36.5065 0.0025 0.167503 0.10246 1.52925 0.0298502 498 4 1 1.03997 
1.50748 1.11742 28.5803 0.0025 0.0969975 0.053405 1.37662 0.0515477 499 4 1 1.07319 
