# Time [s]: 0
# Columns: pos [pc], vel [pc/s], acc [pc/s^2], mass [Msun], dens [g/cm^3], pres [barye], ene [erg/g], sml [pc], id, neighbor, alpha, gradh, ...additional?
-1.53914e+16 0 -1.56461e-08 4.97118e+27 0.000753181 7.53181 25000 2.04864e+14 0 4 1 1.44907 
-1.53143e+16 0 3.55975e-09 4.97118e+27 0.001 10 25000 1.543e+14 1 4 1 1 
-1.52371e+16 0 1.92804e-09 4.97118e+27 0.001 10 25000 1.543e+14 2 5 1 1 
-1.516e+16 0 1.22439e-12 4.97118e+27 0.001 10 25000 1.543e+14 3 5 1 1 
-1.50828e+16 0 0 4.97118e+27 0.001 10 25000 1.543e+14 4 5 1 1 
-1.50057e+16 0 0 4.97118e+27 0.001 10 25000 1.543e+14 5 5 1 1 
-1.49285e+16 0 0 4.97118e+27 0.001 10 25000 1.543e+14 6 5 1 1 
-1.48514e+16 0 0 4.97118e+27 0.001 10 25000 1.543e+14 7 5 1 1 
-1.47742e+16 0 0 4.97118e+27 0.001 10 25000 1.543e+14 8 5 1 1 
-1.46971e+16 0 0 4.97118e+27 0.001 10 25000 1.543e+14 9 5 1 1 
-1.46199e+16 0 0 4.97118e+27 0.001 10 25000 1.543e+14 10 5 1 1 
-1.45428e+16 0 0 4.97118e+27 0.001 10 25000 1.543e+14 11 5 1 1 
-1.44656e+16 0 0 4.97118e+27 0.001 10 25000 1.543e+14 12 5 1 1 
-1.43885e+16 0 0 4.97118e+27 0.001 10 25000 1.543e+14 13 5 1 1 
-1.43113e+16 0 0 4.97118e+27 0.001 10 25000 1.543e+14 14 5 1 1 
-1.42342e+16 0 0 4.97118e+27 0.001 10 25000 1.543e+14 15 5 1 1 
-1.4157e+16 0 0 4.97118e+27 0.001 10 25000 1.543e+14 16 5 1 1 
-1.40799e+16 0 0 4.97118e+27 0.001 10 25000 1.543e+14 17 5 1 1 
-1.40027e+16 0 0 4.97118e+27 0.001 10 25000 1.543e+14 18 5 1 1 
-1.39256e+16 0 0 4.97118e+27 0.001 10 25000 1.543e+14 19 5 1 1 
-1.38484e+16 0 0 4.97118e+27 0.001 10 25000 1.543e+14 20 5 1 1 
-1.37713e+16 0 0 4.97118e+27 0.001 10 25000 1.543e+14 21 5 1 1 
-1.36941e+16 0 0 4.97118e+27 0.001 10 25000 1.543e+14 22 5 1 1 
-1.3617e+16 0 0 4.97118e+27 0.001 10 25000 1.543e+14 23 5 1 1 
-1.35398e+16 0 0 4.97118e+27 0.001 10 25000 1.543e+14 24 5 1 1 
-1.34627e+16 0 0 4.97118e+27 0.001 10 25000 1.543e+14 25 5 1 1 
-1.33855e+16 0 0 4.97118e+27 0.001 10 25000 1.543e+14 26 5 1 1 
-1.33084e+16 0 0 4.97118e+27 0.001 10 25000 1.543e+14 27 5 1 1 
-1.32312e+16 0 0 4.97118e+27 0.001 10 25000 1.543e+14 28 5 1 1 
-1.31541e+16 0 0 4.97118e+27 0.001 10 25000 1.543e+14 29 5 1 1 
-1.30769e+16 0 0 4.97118e+27 0.001 10 25000 1.543e+14 30 5 1 1 
-1.29998e+16 0 0 4.97118e+27 0.001 10 25000 1.543e+14 31 5 1 1 
-1.29226e+16 0 0 4.97118e+27 0.001 10 25000 1.543e+14 32 5 1 1 
-1.28455e+16 0 0 4.97118e+27 0.001 10 25000 1.543e+14 33 5 1 1 
-1.27683e+16 0 0 4.97118e+27 0.001 10 25000 1.543e+14 34 5 1 1 
-1.26912e+16 0 0 4.97118e+27 0.001 10 25000 1.543e+14 35 5 1 1 
-1.2614e+16 0 0 4.97118e+27 0.001 10 25000 1.543e+14 36 5 1 1 
-1.25369e+16 0 0 4.97118e+27 0.001 10 25000 1.543e+14 37 5 1 1 
-1.24597e+16 0 0 4.97118e+27 0.001 10 25000 1.543e+14 38 5 1 1 
-1.23826e+16 0 0 4.97118e+27 0.001 10 25000 1.543e+14 39 5 1 1 
-1.23054e+16 0 0 4.97118e+27 0.001 10 25000 1.543e+14 40 5 1 1 
-1.22283e+16 0 0 4.97118e+27 0.001 10 25000 1.543e+14 41 5 1 1 
-1.21511e+16 0 0 4.97118e+27 0.001 10 25000 1.543e+14 42 5 1 1 
-1.2074e+16 0 0 4.97118e+27 0.001 10 25000 1.543e+14 43 5 1 1 
-1.19968e+16 0 0 4.97118e+27 0.001 10 25000 1.543e+14 44 5 1 1 
-1.19197e+16 0 0 4.97118e+27 0.001 10 25000 1.543e+14 45 5 1 1 
-1.18425e+16 0 0 4.97118e+27 0.001 10 25000 1.543e+14 46 5 1 1 
-1.17654e+16 0 0 4.97118e+27 0.001 10 25000 1.543e+14 47 5 1 1 
-1.16882e+16 0 0 4.97118e+27 0.001 10 25000 1.543e+14 48 5 1 1 
-1.16111e+16 0 0 4.97118e+27 0.001 10 25000 1.543e+14 49 5 1 1 
-1.15339e+16 0 0 4.97118e+27 0.001 10 25000 1.543e+14 50 5 1 1 
-1.14568e+16 0 0 4.97118e+27 0.001 10 25000 1.543e+14 51 5 1 1 
-1.13796e+16 0 0 4.97118e+27 0.001 10 25000 1.543e+14 52 5 1 1 
-1.13025e+16 0 0 4.97118e+27 0.001 10 25000 1.543e+14 53 5 1 1 
-1.12253e+16 0 0 4.97118e+27 0.001 10 25000 1.543e+14 54 5 1 1 
-1.11482e+16 0 0 4.97118e+27 0.001 10 25000 1.543e+14 55 5 1 1 
-1.1071e+16 0 0 4.97118e+27 0.001 10 25000 1.543e+14 56 5 1 1 
-1.09939e+16 0 0 4.97118e+27 0.001 10 25000 1.543e+14 57 5 1 1 
-1.09167e+16 0 0 4.97118e+27 0.001 10 25000 1.543e+14 58 5 1 1 
-1.08396e+16 0 0 4.97118e+27 0.001 10 25000 1.543e+14 59 5 1 1 
-1.07624e+16 0 0 4.97118e+27 0.001 10 25000 1.543e+14 60 5 1 1 
-1.06853e+16 0 0 4.97118e+27 0.001 10 25000 1.543e+14 61 5 1 1 
-1.06081e+16 0 0 4.97118e+27 0.001 10 25000 1.543e+14 62 5 1 1 
-1.0531e+16 0 0 4.97118e+27 0.001 10 25000 1.543e+14 63 5 1 1 
-1.04538e+16 0 0 4.97118e+27 0.001 10 25000 1.543e+14 64 5 1 1 
-1.03767e+16 0 0 4.97118e+27 0.001 10 25000 1.543e+14 65 5 1 1 
-1.02995e+16 0 0 4.97118e+27 0.001 10 25000 1.543e+14 66 5 1 1 
-1.02224e+16 0 0 4.97118e+27 0.001 10 25000 1.543e+14 67 5 1 1 
-1.01452e+16 0 0 4.97118e+27 0.001 10 25000 1.543e+14 68 5 1 1 
-1.00681e+16 0 0 4.97118e+27 0.001 10 25000 1.543e+14 69 5 1 1 
-9.99092e+15 0 0 4.97118e+27 0.001 10 25000 1.543e+14 70 5 1 1 
-9.91377e+15 0 0 4.97118e+27 0.001 10 25000 1.543e+14 71 5 1 1 
-9.83662e+15 0 0 4.97118e+27 0.001 10 25000 1.543e+14 72 5 1 1 
-9.75947e+15 0 0 4.97118e+27 0.001 10 25000 1.543e+14 73 5 1 1 
-9.68232e+15 0 0 4.97118e+27 0.001 10 25000 1.543e+14 74 5 1 1 
-9.60517e+15 0 0 4.97118e+27 0.001 10 25000 1.543e+14 75 5 1 1 
-9.52802e+15 0 0 4.97118e+27 0.001 10 25000 1.543e+14 76 5 1 1 
-9.45087e+15 0 0 4.97118e+27 0.001 10 25000 1.543e+14 77 5 1 1 
-9.37372e+15 0 0 4.97118e+27 0.001 10 25000 1.543e+14 78 5 1 1 
-9.29657e+15 0 0 4.97118e+27 0.001 10 25000 1.543e+14 79 5 1 1 
-9.21942e+15 0 0 4.97118e+27 0.001 10 25000 1.543e+14 80 5 1 1 
-9.14227e+15 0 0 4.97118e+27 0.001 10 25000 1.543e+14 81 5 1 1 
-9.06512e+15 0 0 4.97118e+27 0.001 10 25000 1.543e+14 82 5 1 1 
-8.98797e+15 0 0 4.97118e+27 0.001 10 25000 1.543e+14 83 5 1 1 
-8.91082e+15 0 0 4.97118e+27 0.001 10 25000 1.543e+14 84 5 1 1 
-8.83367e+15 0 0 4.97118e+27 0.001 10 25000 1.543e+14 85 5 1 1 
-8.75652e+15 0 0 4.97118e+27 0.001 10 25000 1.543e+14 86 5 1 1 
-8.67937e+15 0 0 4.97118e+27 0.001 10 25000 1.543e+14 87 5 1 1 
-8.60222e+15 0 0 4.97118e+27 0.001 10 25000 1.543e+14 88 5 1 1 
-8.52507e+15 0 0 4.97118e+27 0.001 10 25000 1.543e+14 89 5 1 1 
-8.44792e+15 0 0 4.97118e+27 0.001 10 25000 1.543e+14 90 5 1 1 
-8.37077e+15 0 0 4.97118e+27 0.001 10 25000 1.543e+14 91 5 1 1 
-8.29362e+15 0 0 4.97118e+27 0.001 10 25000 1.543e+14 92 5 1 1 
-8.21647e+15 0 0 4.97118e+27 0.001 10 25000 1.543e+14 93 5 1 1 
-8.13932e+15 0 0 4.97118e+27 0.001 10 25000 1.543e+14 94 5 1 1 
-8.06217e+15 0 0 4.97118e+27 0.001 10 25000 1.543e+14 95 5 1 1 
-7.98502e+15 0 0 4.97118e+27 0.001 10 25000 1.543e+14 96 5 1 1 
-7.90787e+15 0 0 4.97118e+27 0.001 10 25000 1.543e+14 97 5 1 1 
-7.83072e+15 0 0 4.97118e+27 0.001 10 25000 1.543e+14 98 5 1 1 
-7.75357e+15 0 0 4.97118e+27 0.001 10 25000 1.543e+14 99 5 1 1 
-7.67642e+15 0 0 4.97118e+27 0.001 10 25000 1.543e+14 100 5 1 1 
-7.59927e+15 0 0 4.97118e+27 0.001 10 25000 1.543e+14 101 5 1 1 
-7.52212e+15 0 0 4.97118e+27 0.001 10 25000 1.543e+14 102 5 1 1 
-7.44497e+15 0 0 4.97118e+27 0.001 10 25000 1.543e+14 103 5 1 1 
-7.36782e+15 0 0 4.97118e+27 0.001 10 25000 1.543e+14 104 5 1 1 
-7.29067e+15 0 0 4.97118e+27 0.001 10 25000 1.543e+14 105 5 1 1 
-7.21352e+15 0 0 4.97118e+27 0.001 10 25000 1.543e+14 106 5 1 1 
-7.13637e+15 0 0 4.97118e+27 0.001 10 25000 1.543e+14 107 5 1 1 
-7.05922e+15 0 0 4.97118e+27 0.001 10 25000 1.543e+14 108 5 1 1 
-6.98207e+15 0 0 4.97118e+27 0.001 10 25000 1.543e+14 109 5 1 1 
-6.90492e+15 0 0 4.97118e+27 0.001 10 25000 1.543e+14 110 5 1 1 
-6.82777e+15 0 0 4.97118e+27 0.001 10 25000 1.543e+14 111 5 1 1 
-6.75062e+15 0 0 4.97118e+27 0.001 10 25000 1.543e+14 112 5 1 1 
-6.67347e+15 0 0 4.97118e+27 0.001 10 25000 1.543e+14 113 5 1 1 
-6.59632e+15 0 0 4.97118e+27 0.001 10 25000 1.543e+14 114 5 1 1 
-6.51917e+15 0 0 4.97118e+27 0.001 10 25000 1.543e+14 115 5 1 1 
-6.44202e+15 0 0 4.97118e+27 0.001 10 25000 1.543e+14 116 5 1 1 
-6.36487e+15 0 0 4.97118e+27 0.001 10 25000 1.543e+14 117 5 1 1 
-6.28772e+15 0 0 4.97118e+27 0.001 10 25000 1.543e+14 118 5 1 1 
-6.21057e+15 0 0 4.97118e+27 0.001 10 25000 1.543e+14 119 5 1 1 
-6.13342e+15 0 0 4.97118e+27 0.001 10 25000 1.543e+14 120 5 1 1 
-6.05627e+15 0 0 4.97118e+27 0.001 10 25000 1.543e+14 121 5 1 1 
-5.97912e+15 0 0 4.97118e+27 0.001 10 25000 1.543e+14 122 5 1 1 
-5.90197e+15 0 0 4.97118e+27 0.001 10 25000 1.543e+14 123 5 1 1 
-5.82482e+15 0 0 4.97118e+27 0.001 10 25000 1.543e+14 124 5 1 1 
-5.74767e+15 0 0 4.97118e+27 0.001 10 25000 1.543e+14 125 5 1 1 
-5.67052e+15 0 0 4.97118e+27 0.001 10 25000 1.543e+14 126 5 1 1 
-5.59337e+15 0 0 4.97118e+27 0.001 10 25000 1.543e+14 127 5 1 1 
-5.51622e+15 0 0 4.97118e+27 0.001 10 25000 1.543e+14 128 5 1 1 
-5.43907e+15 0 0 4.97118e+27 0.001 10 25000 1.543e+14 129 5 1 1 
-5.36192e+15 0 0 4.97118e+27 0.001 10 25000 1.543e+14 130 5 1 1 
-5.28477e+15 0 0 4.97118e+27 0.001 10 25000 1.543e+14 131 5 1 1 
-5.20762e+15 0 0 4.97118e+27 0.001 10 25000 1.543e+14 132 5 1 1 
-5.13047e+15 0 0 4.97118e+27 0.001 10 25000 1.543e+14 133 5 1 1 
-5.05332e+15 0 0 4.97118e+27 0.001 10 25000 1.543e+14 134 5 1 1 
-4.97617e+15 0 0 4.97118e+27 0.001 10 25000 1.543e+14 135 5 1 1 
-4.89902e+15 0 0 4.97118e+27 0.001 10 25000 1.543e+14 136 5 1 1 
-4.82187e+15 0 0 4.97118e+27 0.001 10 25000 1.543e+14 137 5 1 1 
-4.74472e+15 0 0 4.97118e+27 0.001 10 25000 1.543e+14 138 5 1 1 
-4.66757e+15 0 0 4.97118e+27 0.001 10 25000 1.543e+14 139 5 1 1 
-4.59042e+15 0 0 4.97118e+27 0.001 10 25000 1.543e+14 140 5 1 1 
-4.51327e+15 0 0 4.97118e+27 0.001 10 25000 1.543e+14 141 5 1 1 
-4.43612e+15 0 0 4.97118e+27 0.001 10 25000 1.543e+14 142 5 1 1 
-4.35897e+15 0 0 4.97118e+27 0.001 10 25000 1.543e+14 143 5 1 1 
-4.28182e+15 0 0 4.97118e+27 0.001 10 25000 1.543e+14 144 5 1 1 
-4.20467e+15 0 0 4.97118e+27 0.001 10 25000 1.543e+14 145 5 1 1 
-4.12752e+15 0 0 4.97118e+27 0.001 10 25000 1.543e+14 146 5 1 1 
-4.05037e+15 0 0 4.97118e+27 0.001 10 25000 1.543e+14 147 5 1 1 
-3.97322e+15 0 0 4.97118e+27 0.001 10 25000 1.543e+14 148 5 1 1 
-3.89607e+15 0 0 4.97118e+27 0.001 10 25000 1.543e+14 149 5 1 1 
-3.81892e+15 0 0 4.97118e+27 0.001 10 25000 1.543e+14 150 5 1 1 
-3.74177e+15 0 0 4.97118e+27 0.001 10 25000 1.543e+14 151 5 1 1 
-3.66462e+15 0 0 4.97118e+27 0.001 10 25000 1.543e+14 152 5 1 1 
-3.58747e+15 0 0 4.97118e+27 0.001 10 25000 1.543e+14 153 5 1 1 
-3.51032e+15 0 0 4.97118e+27 0.001 10 25000 1.543e+14 154 5 1 1 
-3.43317e+15 0 0 4.97118e+27 0.001 10 25000 1.543e+14 155 5 1 1 
-3.35602e+15 0 0 4.97118e+27 0.001 10 25000 1.543e+14 156 5 1 1 
-3.27887e+15 0 0 4.97118e+27 0.001 10 25000 1.543e+14 157 5 1 1 
-3.20172e+15 0 0 4.97118e+27 0.001 10 25000 1.543e+14 158 5 1 1 
-3.12457e+15 0 0 4.97118e+27 0.001 10 25000 1.543e+14 159 5 1 1 
-3.04742e+15 0 0 4.97118e+27 0.001 10 25000 1.543e+14 160 5 1 1 
-2.97027e+15 0 0 4.97118e+27 0.001 10 25000 1.543e+14 161 5 1 1 
-2.89312e+15 0 0 4.97118e+27 0.001 10 25000 1.543e+14 162 5 1 1 
-2.81597e+15 0 0 4.97118e+27 0.001 10 25000 1.543e+14 163 5 1 1 
-2.73882e+15 0 0 4.97118e+27 0.001 10 25000 1.543e+14 164 5 1 1 
-2.66167e+15 0 0 4.97118e+27 0.001 10 25000 1.543e+14 165 5 1 1 
-2.58452e+15 0 0 4.97118e+27 0.001 10 25000 1.543e+14 166 5 1 1 
-2.50737e+15 0 0 4.97118e+27 0.001 10 25000 1.543e+14 167 5 1 1 
-2.43022e+15 0 0 4.97118e+27 0.001 10 25000 1.543e+14 168 5 1 1 
-2.35307e+15 0 0 4.97118e+27 0.001 10 25000 1.543e+14 169 5 1 1 
-2.27592e+15 0 0 4.97118e+27 0.001 10 25000 1.543e+14 170 5 1 1 
-2.19877e+15 0 0 4.97118e+27 0.001 10 25000 1.543e+14 171 5 1 1 
-2.12162e+15 0 0 4.97118e+27 0.001 10 25000 1.543e+14 172 5 1 1 
-2.04447e+15 0 0 4.97118e+27 0.001 10 25000 1.543e+14 173 5 1 1 
-1.96732e+15 0 0 4.97118e+27 0.001 10 25000 1.543e+14 174 5 1 1 
-1.89017e+15 0 0 4.97118e+27 0.001 10 25000 1.543e+14 175 5 1 1 
-1.81302e+15 0 0 4.97118e+27 0.001 10 25000 1.543e+14 176 5 1 1 
-1.73587e+15 0 0 4.97118e+27 0.001 10 25000 1.543e+14 177 5 1 1 
-1.65872e+15 0 0 4.97118e+27 0.001 10 25000 1.543e+14 178 5 1 1 
-1.58157e+15 0 0 4.97118e+27 0.001 10 25000 1.543e+14 179 5 1 1 
-1.50442e+15 0 0 4.97118e+27 0.001 10 25000 1.543e+14 180 5 1 1 
-1.42727e+15 0 0 4.97118e+27 0.001 10 25000 1.543e+14 181 5 1 1 
-1.35012e+15 0 0 4.97118e+27 0.001 10 25000 1.543e+14 182 5 1 1 
-1.27297e+15 0 0 4.97118e+27 0.001 10 25000 1.543e+14 183 5 1 1 
-1.19582e+15 0 1.27813e-39 4.97118e+27 0.001 10 25000 1.543e+14 184 5 1 1 
-1.11867e+15 0 7.36791e-24 4.97118e+27 0.001 10 25000 1.543e+14 185 5 1 1 
-1.04152e+15 0 -1.84198e-23 4.97118e+27 0.001 10 25000 1.543e+14 186 4 1 1 
-9.64375e+14 0 3.68395e-24 4.97118e+27 0.001 10 25000 1.543e+14 187 3 1 1 
-8.87225e+14 0 1.15032e-38 4.97118e+27 0.001 10 25000 1.543e+14 188 3 1 1 
-8.10075e+14 0 0 4.97118e+27 0.001 10 25000 1.543e+14 189 3 1 1 
-7.32925e+14 0 0 4.97118e+27 0.001 10 25000 1.543e+14 190 3 1 1 
-6.55775e+14 0 -7.9883e-39 4.97118e+27 0.001 10 25000 1.543e+14 191 3 1 1 
-5.78625e+14 0 -3.68395e-24 4.97118e+27 0.001 10 25000 1.543e+14 192 3 1 1 
-5.01475e+14 0 1.47358e-23 4.97118e+27 0.001 10 25000 1.543e+14 193 4 1 1 
-4.24325e+14 0 -5.52593e-24 4.97118e+27 0.001 10 25000 1.543e+14 194 4 1 1 
-3.47175e+14 0 0 4.97118e+27 0.001 10 25000 1.543e+14 195 3 1 1 
-2.70025e+14 0 0 4.97118e+27 0.001 10 25000 1.543e+14 196 3 1 1 
-1.92875e+14 0 -5.52593e-24 4.97118e+27 0.001 10 25000 1.543e+14 197 4 1 1 
-1.15725e+14 0 -2.55626e-39 4.97118e+27 0.001 10 25000 1.543e+14 198 4 1 1 
-3.8575e+13 0 0 4.97118e+27 0.001 10 25000 1.543e+14 199 5 1 1 
3.8575e+13 0 2.55626e-39 4.97118e+27 0.001 10 25000 1.543e+14 200 4 1 1 
1.15725e+14 0 5.52593e-24 4.97118e+27 0.001 10 25000 1.543e+14 201 4 1 1 
1.92875e+14 0 0 4.97118e+27 0.001 10 25000 1.543e+14 202 3 1 1 
2.70025e+14 0 0 4.97118e+27 0.001 10 25000 1.543e+14 203 3 1 1 
3.47175e+14 0 0 4.97118e+27 0.001 10 25000 1.543e+14 204 3 1 1 
4.24325e+14 0 5.52593e-24 4.97118e+27 0.001 10 25000 1.543e+14 205 4 1 1 
5.01475e+14 0 -1.47358e-23 4.97118e+27 0.001 10 25000 1.543e+14 206 4 1 1 
5.78625e+14 0 3.68395e-24 4.97118e+27 0.001 10 25000 1.543e+14 207 3 1 1 
6.55775e+14 0 7.9883e-39 4.97118e+27 0.001 10 25000 1.543e+14 208 3 1 1 
7.32925e+14 0 0 4.97118e+27 0.001 10 25000 1.543e+14 209 3 1 1 
8.10075e+14 0 -1.15032e-38 4.97118e+27 0.001 10 25000 1.543e+14 210 3 1 1 
8.87225e+14 0 -3.68395e-24 4.97118e+27 0.001 10 25000 1.543e+14 211 3 1 1 
9.64375e+14 0 1.84198e-23 4.97118e+27 0.001 10 25000 1.543e+14 212 4 1 1 
1.04153e+15 0 -7.36791e-24 4.97118e+27 0.001 10 25000 1.543e+14 213 5 1 1 
1.11868e+15 0 -1.27813e-39 4.97118e+27 0.001 10 25000 1.543e+14 214 5 1 1 
1.19583e+15 0 0 4.97118e+27 0.001 10 25000 1.543e+14 215 5 1 1 
1.27298e+15 0 0 4.97118e+27 0.001 10 25000 1.543e+14 216 5 1 1 
1.35013e+15 0 0 4.97118e+27 0.001 10 25000 1.543e+14 217 5 1 1 
1.42728e+15 0 0 4.97118e+27 0.001 10 25000 1.543e+14 218 5 1 1 
1.50443e+15 0 0 4.97118e+27 0.001 10 25000 1.543e+14 219 5 1 1 
1.58158e+15 0 0 4.97118e+27 0.001 10 25000 1.543e+14 220 5 1 1 
1.65873e+15 0 0 4.97118e+27 0.001 10 25000 1.543e+14 221 5 1 1 
1.73588e+15 0 0 4.97118e+27 0.001 10 25000 1.543e+14 222 5 1 1 
1.81303e+15 0 0 4.97118e+27 0.001 10 25000 1.543e+14 223 5 1 1 
1.89018e+15 0 0 4.97118e+27 0.001 10 25000 1.543e+14 224 5 1 1 
1.96733e+15 0 0 4.97118e+27 0.001 10 25000 1.543e+14 225 5 1 1 
2.04448e+15 0 0 4.97118e+27 0.001 10 25000 1.543e+14 226 5 1 1 
2.12163e+15 0 0 4.97118e+27 0.001 10 25000 1.543e+14 227 5 1 1 
2.19878e+15 0 0 4.97118e+27 0.001 10 25000 1.543e+14 228 5 1 1 
2.27593e+15 0 0 4.97118e+27 0.001 10 25000 1.543e+14 229 5 1 1 
2.35308e+15 0 0 4.97118e+27 0.001 10 25000 1.543e+14 230 5 1 1 
2.43023e+15 0 0 4.97118e+27 0.001 10 25000 1.543e+14 231 5 1 1 
2.50738e+15 0 0 4.97118e+27 0.001 10 25000 1.543e+14 232 5 1 1 
2.58453e+15 0 0 4.97118e+27 0.001 10 25000 1.543e+14 233 5 1 1 
2.66168e+15 0 0 4.97118e+27 0.001 10 25000 1.543e+14 234 5 1 1 
2.73883e+15 0 0 4.97118e+27 0.001 10 25000 1.543e+14 235 5 1 1 
2.81598e+15 0 0 4.97118e+27 0.001 10 25000 1.543e+14 236 5 1 1 
2.89313e+15 0 0 4.97118e+27 0.001 10 25000 1.543e+14 237 5 1 1 
2.97028e+15 0 0 4.97118e+27 0.001 10 25000 1.543e+14 238 5 1 1 
3.04743e+15 0 0 4.97118e+27 0.001 10 25000 1.543e+14 239 5 1 1 
3.12458e+15 0 0 4.97118e+27 0.001 10 25000 1.543e+14 240 5 1 1 
3.20173e+15 0 0 4.97118e+27 0.001 10 25000 1.543e+14 241 5 1 1 
3.27888e+15 0 0 4.97118e+27 0.001 10 25000 1.543e+14 242 5 1 1 
3.35603e+15 0 0 4.97118e+27 0.001 10 25000 1.543e+14 243 5 1 1 
3.43318e+15 0 0 4.97118e+27 0.001 10 25000 1.543e+14 244 5 1 1 
3.51033e+15 0 0 4.97118e+27 0.001 10 25000 1.543e+14 245 5 1 1 
3.58748e+15 0 0 4.97118e+27 0.001 10 25000 1.543e+14 246 5 1 1 
3.66463e+15 0 1.27813e-39 4.97118e+27 0.001 10 25000 1.543e+14 247 5 1 1 
3.74178e+15 0 2.21037e-23 4.97118e+27 0.001 10 25000 1.543e+14 248 5 1 1 
3.81893e+15 0 -1.21571e-22 4.97118e+27 0.001 10 25000 1.543e+14 249 4 1 1 
3.89608e+15 0 1.21571e-22 4.97118e+27 0.001 10 25000 1.543e+14 250 4 1 1 
3.97323e+15 0 -2.21037e-23 4.97118e+27 0.001 10 25000 1.543e+14 251 5 1 1 
4.05038e+15 0 -1.27813e-39 4.97118e+27 0.001 10 25000 1.543e+14 252 5 1 1 
4.12753e+15 0 0 4.97118e+27 0.001 10 25000 1.543e+14 253 5 1 1 
4.20468e+15 0 0 4.97118e+27 0.001 10 25000 1.543e+14 254 5 1 1 
4.28183e+15 0 0 4.97118e+27 0.001 10 25000 1.543e+14 255 5 1 1 
4.35898e+15 0 0 4.97118e+27 0.001 10 25000 1.543e+14 256 5 1 1 
4.43613e+15 0 0 4.97118e+27 0.001 10 25000 1.543e+14 257 5 1 1 
4.51328e+15 0 0 4.97118e+27 0.001 10 25000 1.543e+14 258 5 1 1 
4.59043e+15 0 0 4.97118e+27 0.001 10 25000 1.543e+14 259 5 1 1 
4.66758e+15 0 0 4.97118e+27 0.001 10 25000 1.543e+14 260 5 1 1 
4.74473e+15 0 0 4.97118e+27 0.001 10 25000 1.543e+14 261 5 1 1 
4.82188e+15 0 0 4.97118e+27 0.001 10 25000 1.543e+14 262 5 1 1 
4.89903e+15 0 0 4.97118e+27 0.001 10 25000 1.543e+14 263 5 1 1 
4.97618e+15 0 0 4.97118e+27 0.001 10 25000 1.543e+14 264 5 1 1 
5.05333e+15 0 0 4.97118e+27 0.001 10 25000 1.543e+14 265 5 1 1 
5.13048e+15 0 0 4.97118e+27 0.001 10 25000 1.543e+14 266 5 1 1 
5.20763e+15 0 0 4.97118e+27 0.001 10 25000 1.543e+14 267 5 1 1 
5.28478e+15 0 0 4.97118e+27 0.001 10 25000 1.543e+14 268 5 1 1 
5.36193e+15 0 0 4.97118e+27 0.001 10 25000 1.543e+14 269 5 1 1 
5.43908e+15 0 0 4.97118e+27 0.001 10 25000 1.543e+14 270 5 1 1 
5.51623e+15 0 0 4.97118e+27 0.001 10 25000 1.543e+14 271 5 1 1 
5.59338e+15 0 0 4.97118e+27 0.001 10 25000 1.543e+14 272 5 1 1 
5.67053e+15 0 0 4.97118e+27 0.001 10 25000 1.543e+14 273 5 1 1 
5.74768e+15 0 0 4.97118e+27 0.001 10 25000 1.543e+14 274 5 1 1 
5.82483e+15 0 0 4.97118e+27 0.001 10 25000 1.543e+14 275 5 1 1 
5.90198e+15 0 0 4.97118e+27 0.001 10 25000 1.543e+14 276 5 1 1 
5.97913e+15 0 0 4.97118e+27 0.001 10 25000 1.543e+14 277 5 1 1 
6.05628e+15 0 0 4.97118e+27 0.001 10 25000 1.543e+14 278 5 1 1 
6.13343e+15 0 0 4.97118e+27 0.001 10 25000 1.543e+14 279 5 1 1 
6.21058e+15 0 0 4.97118e+27 0.001 10 25000 1.543e+14 280 5 1 1 
6.28773e+15 0 0 4.97118e+27 0.001 10 25000 1.543e+14 281 5 1 1 
6.36488e+15 0 0 4.97118e+27 0.001 10 25000 1.543e+14 282 5 1 1 
6.44203e+15 0 0 4.97118e+27 0.001 10 25000 1.543e+14 283 5 1 1 
6.51918e+15 0 0 4.97118e+27 0.001 10 25000 1.543e+14 284 5 1 1 
6.59633e+15 0 0 4.97118e+27 0.001 10 25000 1.543e+14 285 5 1 1 
6.67348e+15 0 0 4.97118e+27 0.001 10 25000 1.543e+14 286 5 1 1 
6.75063e+15 0 0 4.97118e+27 0.001 10 25000 1.543e+14 287 5 1 1 
6.82778e+15 0 0 4.97118e+27 0.001 10 25000 1.543e+14 288 5 1 1 
6.90493e+15 0 0 4.97118e+27 0.001 10 25000 1.543e+14 289 5 1 1 
6.98208e+15 0 0 4.97118e+27 0.001 10 25000 1.543e+14 290 5 1 1 
7.05923e+15 0 0 4.97118e+27 0.001 10 25000 1.543e+14 291 5 1 1 
7.13638e+15 0 0 4.97118e+27 0.001 10 25000 1.543e+14 292 5 1 1 
7.21353e+15 0 0 4.97118e+27 0.001 10 25000 1.543e+14 293 5 1 1 
7.29068e+15 0 0 4.97118e+27 0.001 10 25000 1.543e+14 294 5 1 1 
7.36783e+15 0 0 4.97118e+27 0.001 10 25000 1.543e+14 295 5 1 1 
7.44498e+15 0 0 4.97118e+27 0.001 10 25000 1.543e+14 296 5 1 1 
7.52213e+15 0 1.27813e-39 4.97118e+27 0.001 10 25000 1.543e+14 297 5 1 1 
7.59928e+15 0 4.05235e-23 4.97118e+27 0.001 10 25000 1.543e+14 298 5 1 1 
7.67643e+15 0 -2.46825e-22 4.97118e+27 0.001 10 25000 1.543e+14 299 3 1 1 
7.75358e+15 0 2.46825e-22 4.97118e+27 0.001 10 25000 1.543e+14 300 3 1 1 
7.83073e+15 0 -4.05235e-23 4.97118e+27 0.001 10 25000 1.543e+14 301 5 1 1 
7.90788e+15 0 -1.27813e-39 4.97118e+27 0.001 10 25000 1.543e+14 302 5 1 1 
7.98503e+15 0 0 4.97118e+27 0.001 10 25000 1.543e+14 303 5 1 1 
8.06218e+15 0 0 4.97118e+27 0.001 10 25000 1.543e+14 304 5 1 1 
8.13933e+15 0 0 4.97118e+27 0.001 10 25000 1.543e+14 305 5 1 1 
8.21648e+15 0 0 4.97118e+27 0.001 10 25000 1.543e+14 306 5 1 1 
8.29363e+15 0 0 4.97118e+27 0.001 10 25000 1.543e+14 307 5 1 1 
8.37078e+15 0 0 4.97118e+27 0.001 10 25000 1.543e+14 308 5 1 1 
8.44793e+15 0 0 4.97118e+27 0.001 10 25000 1.543e+14 309 5 1 1 
8.52508e+15 0 0 4.97118e+27 0.001 10 25000 1.543e+14 310 5 1 1 
8.60223e+15 0 0 4.97118e+27 0.001 10 25000 1.543e+14 311 5 1 1 
8.67938e+15 0 0 4.97118e+27 0.001 10 25000 1.543e+14 312 5 1 1 
8.75653e+15 0 0 4.97118e+27 0.001 10 25000 1.543e+14 313 5 1 1 
8.83368e+15 0 0 4.97118e+27 0.001 10 25000 1.543e+14 314 5 1 1 
8.91083e+15 0 0 4.97118e+27 0.001 10 25000 1.543e+14 315 5 1 1 
8.98798e+15 0 0 4.97118e+27 0.001 10 25000 1.543e+14 316 5 1 1 
9.06513e+15 0 0 4.97118e+27 0.001 10 25000 1.543e+14 317 5 1 1 
9.14228e+15 0 0 4.97118e+27 0.001 10 25000 1.543e+14 318 5 1 1 
9.21943e+15 0 0 4.97118e+27 0.001 10 25000 1.543e+14 319 5 1 1 
9.29658e+15 0 0 4.97118e+27 0.001 10 25000 1.543e+14 320 5 1 1 
9.37373e+15 0 0 4.97118e+27 0.001 10 25000 1.543e+14 321 5 1 1 
9.45088e+15 0 0 4.97118e+27 0.001 10 25000 1.543e+14 322 5 1 1 
9.52803e+15 0 0 4.97118e+27 0.001 10 25000 1.543e+14 323 5 1 1 
9.60518e+15 0 0 4.97118e+27 0.001 10 25000 1.543e+14 324 5 1 1 
9.68233e+15 0 0 4.97118e+27 0.001 10 25000 1.543e+14 325 5 1 1 
9.75948e+15 0 0 4.97118e+27 0.001 10 25000 1.543e+14 326 5 1 1 
9.83663e+15 0 0 4.97118e+27 0.001 10 25000 1.543e+14 327 5 1 1 
9.91378e+15 0 0 4.97118e+27 0.001 10 25000 1.543e+14 328 5 1 1 
9.99093e+15 0 0 4.97118e+27 0.001 10 25000 1.543e+14 329 5 1 1 
1.00681e+16 0 0 4.97118e+27 0.001 10 25000 1.543e+14 330 5 1 1 
1.01452e+16 0 0 4.97118e+27 0.001 10 25000 1.543e+14 331 5 1 1 
1.02224e+16 0 0 4.97118e+27 0.001 10 25000 1.543e+14 332 5 1 1 
1.02995e+16 0 0 4.97118e+27 0.001 10 25000 1.543e+14 333 5 1 1 
1.03767e+16 0 0 4.97118e+27 0.001 10 25000 1.543e+14 334 5 1 1 
1.04538e+16 0 0 4.97118e+27 0.001 10 25000 1.543e+14 335 5 1 1 
1.0531e+16 0 0 4.97118e+27 0.001 10 25000 1.543e+14 336 5 1 1 
1.06081e+16 0 0 4.97118e+27 0.001 10 25000 1.543e+14 337 5 1 1 
1.06853e+16 0 0 4.97118e+27 0.001 10 25000 1.543e+14 338 5 1 1 
1.07624e+16 0 0 4.97118e+27 0.001 10 25000 1.543e+14 339 5 1 1 
1.08396e+16 0 0 4.97118e+27 0.001 10 25000 1.543e+14 340 5 1 1 
1.09167e+16 0 0 4.97118e+27 0.001 10 25000 1.543e+14 341 5 1 1 
1.09939e+16 0 0 4.97118e+27 0.001 10 25000 1.543e+14 342 5 1 1 
1.1071e+16 0 0 4.97118e+27 0.001 10 25000 1.543e+14 343 5 1 1 
1.11482e+16 0 0 4.97118e+27 0.001 10 25000 1.543e+14 344 5 1 1 
1.12253e+16 0 0 4.97118e+27 0.001 10 25000 1.543e+14 345 5 1 1 
1.13025e+16 0 0 4.97118e+27 0.001 10 25000 1.543e+14 346 5 1 1 
1.13796e+16 0 0 4.97118e+27 0.001 10 25000 1.543e+14 347 5 1 1 
1.14568e+16 0 0 4.97118e+27 0.001 10 25000 1.543e+14 348 5 1 1 
1.15339e+16 0 0 4.97118e+27 0.001 10 25000 1.543e+14 349 5 1 1 
1.16111e+16 0 0 4.97118e+27 0.001 10 25000 1.543e+14 350 5 1 1 
1.16882e+16 0 0 4.97118e+27 0.001 10 25000 1.543e+14 351 5 1 1 
1.17654e+16 0 0 4.97118e+27 0.001 10 25000 1.543e+14 352 5 1 1 
1.18425e+16 0 0 4.97118e+27 0.001 10 25000 1.543e+14 353 5 1 1 
1.19197e+16 0 0 4.97118e+27 0.001 10 25000 1.543e+14 354 5 1 1 
1.19968e+16 0 0 4.97118e+27 0.001 10 25000 1.543e+14 355 5 1 1 
1.2074e+16 0 0 4.97118e+27 0.001 10 25000 1.543e+14 356 5 1 1 
1.21511e+16 0 0 4.97118e+27 0.001 10 25000 1.543e+14 357 5 1 1 
1.22283e+16 0 0 4.97118e+27 0.001 10 25000 1.543e+14 358 5 1 1 
1.23054e+16 0 0 4.97118e+27 0.001 10 25000 1.543e+14 359 5 1 1 
1.23826e+16 0 0 4.97118e+27 0.001 10 25000 1.543e+14 360 5 1 1 
1.24597e+16 0 0 4.97118e+27 0.001 10 25000 1.543e+14 361 5 1 1 
1.25369e+16 0 0 4.97118e+27 0.001 10 25000 1.543e+14 362 5 1 1 
1.2614e+16 0 0 4.97118e+27 0.001 10 25000 1.543e+14 363 5 1 1 
1.26912e+16 0 0 4.97118e+27 0.001 10 25000 1.543e+14 364 5 1 1 
1.27683e+16 0 0 4.97118e+27 0.001 10 25000 1.543e+14 365 5 1 1 
1.28455e+16 0 0 4.97118e+27 0.001 10 25000 1.543e+14 366 5 1 1 
1.29226e+16 0 0 4.97118e+27 0.001 10 25000 1.543e+14 367 5 1 1 
1.29998e+16 0 0 4.97118e+27 0.001 10 25000 1.543e+14 368 5 1 1 
1.30769e+16 0 0 4.97118e+27 0.001 10 25000 1.543e+14 369 5 1 1 
1.31541e+16 0 0 4.97118e+27 0.001 10 25000 1.543e+14 370 5 1 1 
1.32312e+16 0 0 4.97118e+27 0.001 10 25000 1.543e+14 371 5 1 1 
1.33084e+16 0 0 4.97118e+27 0.001 10 25000 1.543e+14 372 5 1 1 
1.33855e+16 0 0 4.97118e+27 0.001 10 25000 1.543e+14 373 5 1 1 
1.34627e+16 0 0 4.97118e+27 0.001 10 25000 1.543e+14 374 5 1 1 
1.35398e+16 0 0 4.97118e+27 0.001 10 25000 1.543e+14 375 5 1 1 
1.3617e+16 0 0 4.97118e+27 0.001 10 25000 1.543e+14 376 5 1 1 
1.36941e+16 0 0 4.97118e+27 0.001 10 25000 1.543e+14 377 5 1 1 
1.37713e+16 0 0 4.97118e+27 0.001 10 25000 1.543e+14 378 5 1 1 
1.38484e+16 0 0 4.97118e+27 0.001 10 25000 1.543e+14 379 5 1 1 
1.39256e+16 0 0 4.97118e+27 0.001 10 25000 1.543e+14 380 5 1 1 
1.40027e+16 0 0 4.97118e+27 0.001 10 25000 1.543e+14 381 5 1 1 
1.40799e+16 0 0 4.97118e+27 0.001 10 25000 1.543e+14 382 5 1 1 
1.4157e+16 0 0 4.97118e+27 0.001 10 25000 1.543e+14 383 5 1 1 
1.42342e+16 0 0 4.97118e+27 0.001 10 25000 1.543e+14 384 5 1 1 
1.43113e+16 0 0 4.97118e+27 0.001 10 25000 1.543e+14 385 5 1 1 
1.43885e+16 0 0 4.97118e+27 0.001 10 25000 1.543e+14 386 5 1 1 
1.44656e+16 0 0 4.97118e+27 0.001 10 25000 1.543e+14 387 5 1 1 
1.45428e+16 0 0 4.97118e+27 0.001 10 25000 1.543e+14 388 5 1 1 
1.46199e+16 0 0 4.97118e+27 0.001 10 25000 1.543e+14 389 5 1 1 
1.46971e+16 0 0 4.97118e+27 0.001 10 25000 1.543e+14 390 5 1 1 
1.47742e+16 0 0 4.97118e+27 0.001 10 25000 1.543e+14 391 5 1 1 
1.48514e+16 0 0 4.97118e+27 0.001 10 25000 1.543e+14 392 5 1 1 
1.49285e+16 0 0 4.97118e+27 0.001 10 25000 1.543e+14 393 5 1 1 
1.50057e+16 0 0 4.97118e+27 0.001 10 25000 1.543e+14 394 5 1 1 
1.50828e+16 0 0 4.97118e+27 0.001 10 25000 1.543e+14 395 5 1 1 
1.516e+16 0 -1.22439e-12 4.97118e+27 0.001 10 25000 1.543e+14 396 5 1 1 
1.52371e+16 0 -1.92804e-09 4.97118e+27 0.001 10 25000 1.543e+14 397 5 1 1 
1.53143e+16 0 -3.55975e-09 4.97118e+27 0.001 10 25000 1.543e+14 398 4 1 1 
1.53914e+16 0 1.56461e-08 4.97118e+27 0.000753181 7.53181 25000 2.04864e+14 399 4 1 1.44907 
1.55843e+16 0 1.17814e-09 4.97118e+27 0.000358174 2.57169 17950 4.30797e+14 400 6 1 0.813836 
1.58929e+16 0 -5.75868e-10 4.97118e+27 0.000252044 1.80967 17950 6.12196e+14 401 5 1 0.900654 
1.62015e+16 0 -1.24205e-10 4.97118e+27 0.00025 1.795 17950 6.172e+14 402 5 1 1 
1.65101e+16 0 -2.29424e-40 4.97118e+27 0.00025 1.795 17950 6.172e+14 403 5 1 1 
1.68187e+16 0 0 4.97118e+27 0.00025 1.795 17950 6.172e+14 404 5 1 1 
1.71273e+16 0 0 4.97118e+27 0.00025 1.795 17950 6.172e+14 405 5 1 1 
1.74359e+16 0 0 4.97118e+27 0.00025 1.795 17950 6.172e+14 406 5 1 1 
1.77445e+16 0 0 4.97118e+27 0.00025 1.795 17950 6.172e+14 407 5 1 1 
1.80531e+16 0 0 4.97118e+27 0.00025 1.795 17950 6.172e+14 408 5 1 1 
1.83617e+16 0 0 4.97118e+27 0.00025 1.795 17950 6.172e+14 409 5 1 1 
1.86703e+16 0 0 4.97118e+27 0.00025 1.795 17950 6.172e+14 410 5 1 1 
1.89789e+16 0 0 4.97118e+27 0.00025 1.795 17950 6.172e+14 411 5 1 1 
1.92875e+16 0 0 4.97118e+27 0.00025 1.795 17950 6.172e+14 412 5 1 1 
1.95961e+16 0 0 4.97118e+27 0.00025 1.795 17950 6.172e+14 413 5 1 1 
1.99047e+16 0 0 4.97118e+27 0.00025 1.795 17950 6.172e+14 414 5 1 1 
2.02133e+16 0 0 4.97118e+27 0.00025 1.795 17950 6.172e+14 415 5 1 1 
2.05219e+16 0 0 4.97118e+27 0.00025 1.795 17950 6.172e+14 416 5 1 1 
2.08305e+16 0 0 4.97118e+27 0.00025 1.795 17950 6.172e+14 417 5 1 1 
2.11391e+16 0 0 4.97118e+27 0.00025 1.795 17950 6.172e+14 418 5 1 1 
2.14477e+16 0 0 4.97118e+27 0.00025 1.795 17950 6.172e+14 419 5 1 1 
2.17563e+16 0 0 4.97118e+27 0.00025 1.795 17950 6.172e+14 420 5 1 1 
2.20649e+16 0 0 4.97118e+27 0.00025 1.795 17950 6.172e+14 421 5 1 1 
2.23735e+16 0 0 4.97118e+27 0.00025 1.795 17950 6.172e+14 422 5 1 1 
2.26821e+16 0 0 4.97118e+27 0.00025 1.795 17950 6.172e+14 423 5 1 1 
2.29907e+16 0 0 4.97118e+27 0.00025 1.795 17950 6.172e+14 424 5 1 1 
2.32993e+16 0 0 4.97118e+27 0.00025 1.795 17950 6.172e+14 425 5 1 1 
2.36079e+16 0 0 4.97118e+27 0.00025 1.795 17950 6.172e+14 426 5 1 1 
2.39165e+16 0 0 4.97118e+27 0.00025 1.795 17950 6.172e+14 427 5 1 1 
2.42251e+16 0 0 4.97118e+27 0.00025 1.795 17950 6.172e+14 428 5 1 1 
2.45337e+16 0 0 4.97118e+27 0.00025 1.795 17950 6.172e+14 429 5 1 1 
2.48423e+16 0 0 4.97118e+27 0.00025 1.795 17950 6.172e+14 430 5 1 1 
2.51509e+16 0 0 4.97118e+27 0.00025 1.795 17950 6.172e+14 431 5 1 1 
2.54595e+16 0 0 4.97118e+27 0.00025 1.795 17950 6.172e+14 432 5 1 1 
2.57681e+16 0 0 4.97118e+27 0.00025 1.795 17950 6.172e+14 433 5 1 1 
2.60767e+16 0 0 4.97118e+27 0.00025 1.795 17950 6.172e+14 434 5 1 1 
2.63853e+16 0 0 4.97118e+27 0.00025 1.795 17950 6.172e+14 435 5 1 1 
2.66939e+16 0 0 4.97118e+27 0.00025 1.795 17950 6.172e+14 436 5 1 1 
2.70025e+16 0 0 4.97118e+27 0.00025 1.795 17950 6.172e+14 437 5 1 1 
2.73111e+16 0 0 4.97118e+27 0.00025 1.795 17950 6.172e+14 438 5 1 1 
2.76197e+16 0 0 4.97118e+27 0.00025 1.795 17950 6.172e+14 439 5 1 1 
2.79283e+16 0 0 4.97118e+27 0.00025 1.795 17950 6.172e+14 440 5 1 1 
2.82369e+16 0 0 4.97118e+27 0.00025 1.795 17950 6.172e+14 441 5 1 1 
2.85455e+16 0 0 4.97118e+27 0.00025 1.795 17950 6.172e+14 442 5 1 1 
2.88541e+16 0 0 4.97118e+27 0.00025 1.795 17950 6.172e+14 443 5 1 1 
2.91627e+16 0 0 4.97118e+27 0.00025 1.795 17950 6.172e+14 444 5 1 1 
2.94713e+16 0 0 4.97118e+27 0.00025 1.795 17950 6.172e+14 445 5 1 1 
2.97799e+16 0 0 4.97118e+27 0.00025 1.795 17950 6.172e+14 446 5 1 1 
3.00885e+16 0 2.29424e-40 4.97118e+27 0.00025 1.795 17950 6.172e+14 447 5 1 1 
3.03971e+16 0 6.90741e-24 4.97118e+27 0.00025 1.795 17950 6.172e+14 448 5 1 1 
3.07057e+16 0 -4.42075e-23 4.97118e+27 0.00025 1.795 17950 6.172e+14 449 3 1 1 
3.10143e+16 0 4.42075e-23 4.97118e+27 0.00025 1.795 17950 6.172e+14 450 3 1 1 
3.13229e+16 0 -6.90741e-24 4.97118e+27 0.00025 1.795 17950 6.172e+14 451 5 1 1 
3.16315e+16 0 -2.29424e-40 4.97118e+27 0.00025 1.795 17950 6.172e+14 452 5 1 1 
3.19401e+16 0 0 4.97118e+27 0.00025 1.795 17950 6.172e+14 453 5 1 1 
3.22487e+16 0 0 4.97118e+27 0.00025 1.795 17950 6.172e+14 454 5 1 1 
3.25573e+16 0 0 4.97118e+27 0.00025 1.795 17950 6.172e+14 455 5 1 1 
3.28659e+16 0 0 4.97118e+27 0.00025 1.795 17950 6.172e+14 456 5 1 1 
3.31745e+16 0 0 4.97118e+27 0.00025 1.795 17950 6.172e+14 457 5 1 1 
3.34831e+16 0 0 4.97118e+27 0.00025 1.795 17950 6.172e+14 458 5 1 1 
3.37917e+16 0 0 4.97118e+27 0.00025 1.795 17950 6.172e+14 459 5 1 1 
3.41003e+16 0 0 4.97118e+27 0.00025 1.795 17950 6.172e+14 460 5 1 1 
3.44089e+16 0 0 4.97118e+27 0.00025 1.795 17950 6.172e+14 461 5 1 1 
3.47175e+16 0 0 4.97118e+27 0.00025 1.795 17950 6.172e+14 462 5 1 1 
3.50261e+16 0 0 4.97118e+27 0.00025 1.795 17950 6.172e+14 463 5 1 1 
3.53347e+16 0 0 4.97118e+27 0.00025 1.795 17950 6.172e+14 464 5 1 1 
3.56433e+16 0 0 4.97118e+27 0.00025 1.795 17950 6.172e+14 465 5 1 1 
3.59519e+16 0 0 4.97118e+27 0.00025 1.795 17950 6.172e+14 466 5 1 1 
3.62605e+16 0 0 4.97118e+27 0.00025 1.795 17950 6.172e+14 467 5 1 1 
3.65691e+16 0 0 4.97118e+27 0.00025 1.795 17950 6.172e+14 468 5 1 1 
3.68777e+16 0 0 4.97118e+27 0.00025 1.795 17950 6.172e+14 469 5 1 1 
3.71863e+16 0 0 4.97118e+27 0.00025 1.795 17950 6.172e+14 470 5 1 1 
3.74949e+16 0 0 4.97118e+27 0.00025 1.795 17950 6.172e+14 471 5 1 1 
3.78035e+16 0 0 4.97118e+27 0.00025 1.795 17950 6.172e+14 472 5 1 1 
3.81121e+16 0 0 4.97118e+27 0.00025 1.795 17950 6.172e+14 473 5 1 1 
3.84207e+16 0 0 4.97118e+27 0.00025 1.795 17950 6.172e+14 474 5 1 1 
3.87293e+16 0 0 4.97118e+27 0.00025 1.795 17950 6.172e+14 475 5 1 1 
3.90379e+16 0 0 4.97118e+27 0.00025 1.795 17950 6.172e+14 476 5 1 1 
3.93465e+16 0 0 4.97118e+27 0.00025 1.795 17950 6.172e+14 477 5 1 1 
3.96551e+16 0 0 4.97118e+27 0.00025 1.795 17950 6.172e+14 478 5 1 1 
3.99637e+16 0 0 4.97118e+27 0.00025 1.795 17950 6.172e+14 479 5 1 1 
4.02723e+16 0 0 4.97118e+27 0.00025 1.795 17950 6.172e+14 480 5 1 1 
4.05809e+16 0 0 4.97118e+27 0.00025 1.795 17950 6.172e+14 481 5 1 1 
4.08895e+16 0 0 4.97118e+27 0.00025 1.795 17950 6.172e+14 482 5 1 1 
4.11981e+16 0 0 4.97118e+27 0.00025 1.795 17950 6.172e+14 483 5 1 1 
4.15067e+16 0 0 4.97118e+27 0.00025 1.795 17950 6.172e+14 484 5 1 1 
4.18153e+16 0 0 4.97118e+27 0.00025 1.795 17950 6.172e+14 485 5 1 1 
4.21239e+16 0 0 4.97118e+27 0.00025 1.795 17950 6.172e+14 486 5 1 1 
4.24325e+16 0 0 4.97118e+27 0.00025 1.795 17950 6.172e+14 487 5 1 1 
4.27411e+16 0 0 4.97118e+27 0.00025 1.795 17950 6.172e+14 488 5 1 1 
4.30497e+16 0 0 4.97118e+27 0.00025 1.795 17950 6.172e+14 489 5 1 1 
4.33583e+16 0 0 4.97118e+27 0.00025 1.795 17950 6.172e+14 490 5 1 1 
4.36669e+16 0 0 4.97118e+27 0.00025 1.795 17950 6.172e+14 491 5 1 1 
4.39755e+16 0 0 4.97118e+27 0.00025 1.795 17950 6.172e+14 492 5 1 1 
4.42841e+16 0 0 4.97118e+27 0.00025 1.795 17950 6.172e+14 493 5 1 1 
4.45927e+16 0 0 4.97118e+27 0.00025 1.795 17950 6.172e+14 494 5 1 1 
4.49013e+16 0 0 4.97118e+27 0.00025 1.795 17950 6.172e+14 495 5 1 1 
4.52099e+16 0 2.29424e-40 4.97118e+27 0.00025 1.795 17950 6.172e+14 496 5 1 1 
4.55185e+16 0 1.24205e-10 4.97118e+27 0.00025 1.795 17950 6.172e+14 497 5 1 1 
4.58271e+16 0 5.75868e-10 4.97118e+27 0.000252044 1.80967 17950 6.12196e+14 498 5 1 0.900654 
4.61357e+16 0 -1.17814e-09 4.97118e+27 0.000358174 2.57169 17950 4.30797e+14 499 6 1 0.813836 
