# Time [s]: 0.0305082
# Columns: pos [m], vel [m/s], acc [m/s^2], mass [kg], dens [kg/m^3], pres [Pa], ene [J/kg], sml [m], id, neighbor, alpha, gradh, ...additional?
-0.558865 -2.55163 -18.2477 0.0025 0.0844697 0.0350738 1.03814 0.0591928 0 5 1 1.04494 
-0.534496 -1.90277 -21.3284 0.0025 0.146343 0.0677345 1.15721 0.0341664 1 5 1 0.978503 
-0.52039 -1.5318 -22.9578 0.0025 0.218562 0.119091 1.36231 0.0228768 2 4 1 0.948591 
-0.510484 -1.27341 -24.2071 0.0025 0.29194 0.178612 1.52964 0.0171268 3 4 1 0.95227 
-0.502832 -1.07298 -25.4711 0.0025 0.36347 0.24267 1.66925 0.0137563 4 4 1 0.960489 
-0.496535 -0.90668 -26.6543 0.0025 0.432103 0.309115 1.78858 0.0115713 5 4 1 0.968026 
-0.491157 -0.762741 -27.7247 0.0025 0.49872 0.377798 1.89399 0.0100257 6 4 1 0.97418 
-0.486448 -0.636518 -28.3396 0.0025 0.563589 0.448309 1.98879 0.00887171 7 4 1 0.979019 
-0.482246 -0.524138 -28.6774 0.0025 0.626584 0.519962 2.07475 0.00797978 8 4 1 0.982753 
-0.478442 -0.423484 -28.9585 0.0025 0.687756 0.592357 2.15338 0.00727002 9 4 1 0.98564 
-0.474958 -0.332234 -29.3314 0.0025 0.747251 0.665292 2.22595 0.00669119 10 4 1 0.98805 
-0.471738 -0.248228 -29.3157 0.0025 0.804888 0.738256 2.29306 0.00621204 11 4 1 0.990801 
-0.468737 -0.174017 -26.0631 0.0025 0.858675 0.808202 2.35305 0.00582293 12 4 1 0.992788 
-0.465909 -0.11341 -24.0955 0.0025 0.907986 0.873576 2.40586 0.00550669 13 4 1 0.991316 
-0.463225 -0.0472808 -36.612 0.0025 0.962435 0.94794 2.46277 0.00519516 14 4 1 0.991862 
-0.460707 0.0349822 -35.945 0.0025 1.02153 1.03138 2.52284 0.0048946 15 4 1 0.999086 
-0.458326 0.074505 -4.71397 0.0025 1.05531 1.07942 2.55567 0.00473796 16 3 1 1.0001 
-0.455969 0.0690377 6.32995 0.0025 1.05451 1.07758 2.55432 0.00474156 17 4 1 1.00013 
-0.453585 0.052314 9.19922 0.0025 1.04069 1.05761 2.54058 0.00480449 18 4 1 0.999553 
-0.451164 0.0339269 9.0248 0.0025 1.02595 1.03652 2.52587 0.00487354 19 4 1 0.999398 
-0.448711 0.0187773 6.76567 0.0025 1.01425 1.01992 2.51417 0.00492974 20 4 1 0.999581 
-0.446234 0.00892123 4.04029 0.0025 1.00677 1.00941 2.5067 0.00496636 21 4 1 0.999815 
-0.443744 0.00368265 1.99783 0.0025 1.00281 1.00388 2.50277 0.00498599 22 4 1 0.999945 
-0.441248 0.00133399 0.843449 0.0025 1.00103 1.00141 2.501 0.00499488 23 4 1 0.999988 
-0.43875 0.000424543 0.309262 0.0025 1.00033 1.00045 2.50032 0.00499835 24 4 1 0.999998 
-0.43625 0.000117577 0.0985594 0.0025 1.00009 1.00013 2.50009 0.00499953 25 4 1 1 
-0.43375 2.77276e-05 0.0269499 0.0025 1.00002 1.00003 2.50002 0.00499989 26 4 1 1 
-0.43125 5.34212e-06 0.0061448 0.0025 1 1.00001 2.5 0.00499998 27 4 1 1 
-0.42875 7.69012e-07 0.00110143 0.0025 1 1 2.5 0.005 28 4 1 1 
-0.42625 6.25904e-08 0.000132521 0.0025 1 1 2.5 0.005 29 4 1 1 
-0.42375 -1.72148e-09 2.66e-06 0.0025 1 1 2.5 0.005 30 4 1 1 
-0.42125 3.57343e-10 -1.14435e-06 0.0025 1 1 2.5 0.005 31 5 1 1 
-0.41875 4.35076e-10 2.1231e-07 0.0025 1 1 2.5 0.005 32 3 1 1 
-0.41625 1.2413e-10 1.25681e-07 0.0025 1 1 2.5 0.005 33 4 1 1 
-0.41375 1.98346e-11 2.9508e-08 0.0025 1 1 2.5 0.005 34 4 1 1 
-0.41125 1.32866e-12 3.56249e-09 0.0025 1 1 2.5 0.005 35 4 1 1 
-0.40875 -7.59794e-14 -1.14483e-10 0.0025 1 1 2.5 0.005 36 4 1 1 
-0.40625 9.03403e-15 -7.44649e-12 0.0025 1 1 2.5 0.005 37 5 1 1 
-0.40375 3.54367e-15 2.27374e-12 0.0025 1 1 2.5 0.005 38 5 1 1 
-0.40125 5.96864e-16 7.95808e-13 0.0025 1 1 2.5 0.005 39 5 1 1 
-0.39875 3.32079e-17 1.13687e-13 0.0025 1 1 2.5 0.005 40 5 1 1 
-0.39625 6.54911e-48 2.24208e-44 0.0025 1 1 2.5 0.005 41 5 1 1 
-0.39375 0 0 0.0025 1 1 2.5 0.005 42 5 1 1 
-0.39125 0 0 0.0025 1 1 2.5 0.005 43 5 1 1 
-0.38875 0 0 0.0025 1 1 2.5 0.005 44 5 1 1 
-0.38625 0 0 0.0025 1 1 2.5 0.005 45 5 1 1 
-0.38375 0 0 0.0025 1 1 2.5 0.005 46 5 1 1 
-0.38125 0 0 0.0025 1 1 2.5 0.005 47 5 1 1 
-0.37875 0 0 0.0025 1 1 2.5 0.005 48 5 1 1 
-0.37625 0 0 0.0025 1 1 2.5 0.005 49 5 1 1 
-0.37375 0 0 0.0025 1 1 2.5 0.005 50 5 1 1 
-0.37125 0 0 0.0025 1 1 2.5 0.005 51 5 1 1 
-0.36875 0 0 0.0025 1 1 2.5 0.005 52 5 1 1 
-0.36625 0 0 0.0025 1 1 2.5 0.005 53 5 1 1 
-0.36375 0 0 0.0025 1 1 2.5 0.005 54 5 1 1 
-0.36125 0 0 0.0025 1 1 2.5 0.005 55 5 1 1 
-0.35875 0 0 0.0025 1 1 2.5 0.005 56 5 1 1 
-0.35625 0 0 0.0025 1 1 2.5 0.005 57 5 1 1 
-0.35375 0 0 0.0025 1 1 2.5 0.005 58 5 1 1 
-0.35125 0 0 0.0025 1 1 2.5 0.005 59 5 1 1 
-0.34875 0 0 0.0025 1 1 2.5 0.005 60 5 1 1 
-0.34625 0 0 0.0025 1 1 2.5 0.005 61 5 1 1 
-0.34375 0 0 0.0025 1 1 2.5 0.005 62 5 1 1 
-0.34125 0 0 0.0025 1 1 2.5 0.005 63 5 1 1 
-0.33875 0 0 0.0025 1 1 2.5 0.005 64 5 1 1 
-0.33625 0 0 0.0025 1 1 2.5 0.005 65 5 1 1 
-0.33375 0 0 0.0025 1 1 2.5 0.005 66 5 1 1 
-0.33125 0 0 0.0025 1 1 2.5 0.005 67 5 1 1 
-0.32875 0 0 0.0025 1 1 2.5 0.005 68 5 1 1 
-0.32625 0 0 0.0025 1 1 2.5 0.005 69 5 1 1 
-0.32375 0 0 0.0025 1 1 2.5 0.005 70 5 1 1 
-0.32125 0 0 0.0025 1 1 2.5 0.005 71 5 1 1 
-0.31875 0 0 0.0025 1 1 2.5 0.005 72 5 1 1 
-0.31625 0 0 0.0025 1 1 2.5 0.005 73 5 1 1 
-0.31375 0 0 0.0025 1 1 2.5 0.005 74 5 1 1 
-0.31125 0 0 0.0025 1 1 2.5 0.005 75 5 1 1 
-0.30875 0 0 0.0025 1 1 2.5 0.005 76 5 1 1 
-0.30625 0 0 0.0025 1 1 2.5 0.005 77 5 1 1 
-0.30375 0 0 0.0025 1 1 2.5 0.005 78 5 1 1 
-0.30125 0 0 0.0025 1 1 2.5 0.005 79 5 1 1 
-0.29875 0 0 0.0025 1 1 2.5 0.005 80 5 1 1 
-0.29625 0 0 0.0025 1 1 2.5 0.005 81 5 1 1 
-0.29375 0 0 0.0025 1 1 2.5 0.005 82 5 1 1 
-0.29125 0 0 0.0025 1 1 2.5 0.005 83 5 1 1 
-0.28875 0 0 0.0025 1 1 2.5 0.005 84 5 1 1 
-0.28625 0 0 0.0025 1 1 2.5 0.005 85 5 1 1 
-0.28375 0 0 0.0025 1 1 2.5 0.005 86 5 1 1 
-0.28125 0 0 0.0025 1 1 2.5 0.005 87 5 1 1 
-0.27875 0 0 0.0025 1 1 2.5 0.005 88 5 1 1 
-0.27625 0 0 0.0025 1 1 2.5 0.005 89 5 1 1 
-0.27375 0 0 0.0025 1 1 2.5 0.005 90 5 1 1 
-0.27125 0 0 0.0025 1 1 2.5 0.005 91 5 1 1 
-0.26875 0 0 0.0025 1 1 2.5 0.005 92 5 1 1 
-0.26625 0 0 0.0025 1 1 2.5 0.005 93 5 1 1 
-0.26375 0 0 0.0025 1 1 2.5 0.005 94 5 1 1 
-0.26125 0 0 0.0025 1 1 2.5 0.005 95 5 1 1 
-0.25875 0 0 0.0025 1 1 2.5 0.005 96 5 1 1 
-0.25625 0 0 0.0025 1 1 2.5 0.005 97 5 1 1 
-0.25375 0 0 0.0025 1 1 2.5 0.005 98 5 1 1 
-0.25125 0 0 0.0025 1 1 2.5 0.005 99 5 1 1 
-0.24875 0 0 0.0025 1 1 2.5 0.005 100 5 1 1 
-0.24625 0 0 0.0025 1 1 2.5 0.005 101 5 1 1 
-0.24375 0 0 0.0025 1 1 2.5 0.005 102 5 1 1 
-0.24125 0 0 0.0025 1 1 2.5 0.005 103 5 1 1 
-0.23875 0 0 0.0025 1 1 2.5 0.005 104 5 1 1 
-0.23625 0 0 0.0025 1 1 2.5 0.005 105 5 1 1 
-0.23375 0 0 0.0025 1 1 2.5 0.005 106 5 1 1 
-0.23125 0 0 0.0025 1 1 2.5 0.005 107 5 1 1 
-0.22875 0 0 0.0025 1 1 2.5 0.005 108 5 1 1 
-0.22625 0 0 0.0025 1 1 2.5 0.005 109 5 1 1 
-0.22375 0 0 0.0025 1 1 2.5 0.005 110 5 1 1 
-0.22125 0 0 0.0025 1 1 2.5 0.005 111 5 1 1 
-0.21875 0 0 0.0025 1 1 2.5 0.005 112 5 1 1 
-0.21625 0 0 0.0025 1 1 2.5 0.005 113 5 1 1 
-0.21375 0 0 0.0025 1 1 2.5 0.005 114 5 1 1 
-0.21125 0 0 0.0025 1 1 2.5 0.005 115 5 1 1 
-0.20875 0 0 0.0025 1 1 2.5 0.005 116 5 1 1 
-0.20625 0 0 0.0025 1 1 2.5 0.005 117 5 1 1 
-0.20375 0 0 0.0025 1 1 2.5 0.005 118 5 1 1 
-0.20125 0 0 0.0025 1 1 2.5 0.005 119 5 1 1 
-0.19875 0 0 0.0025 1 1 2.5 0.005 120 5 1 1 
-0.19625 0 0 0.0025 1 1 2.5 0.005 121 5 1 1 
-0.19375 0 0 0.0025 1 1 2.5 0.005 122 5 1 1 
-0.19125 0 0 0.0025 1 1 2.5 0.005 123 5 1 1 
-0.18875 0 0 0.0025 1 1 2.5 0.005 124 5 1 1 
-0.18625 0 0 0.0025 1 1 2.5 0.005 125 5 1 1 
-0.18375 0 0 0.0025 1 1 2.5 0.005 126 5 1 1 
-0.18125 0 0 0.0025 1 1 2.5 0.005 127 5 1 1 
-0.17875 0 0 0.0025 1 1 2.5 0.005 128 5 1 1 
-0.17625 0 0 0.0025 1 1 2.5 0.005 129 5 1 1 
-0.17375 0 0 0.0025 1 1 2.5 0.005 130 5 1 1 
-0.17125 0 0 0.0025 1 1 2.5 0.005 131 5 1 1 
-0.16875 0 0 0.0025 1 1 2.5 0.005 132 5 1 1 
-0.16625 0 0 0.0025 1 1 2.5 0.005 133 5 1 1 
-0.16375 0 0 0.0025 1 1 2.5 0.005 134 5 1 1 
-0.16125 0 0 0.0025 1 1 2.5 0.005 135 5 1 1 
-0.15875 0 0 0.0025 1 1 2.5 0.005 136 5 1 1 
-0.15625 0 0 0.0025 1 1 2.5 0.005 137 5 1 1 
-0.15375 0 0 0.0025 1 1 2.5 0.005 138 5 1 1 
-0.15125 0 0 0.0025 1 1 2.5 0.005 139 5 1 1 
-0.14875 0 0 0.0025 1 1 2.5 0.005 140 5 1 1 
-0.14625 0 0 0.0025 1 1 2.5 0.005 141 5 1 1 
-0.14375 0 0 0.0025 1 1 2.5 0.005 142 5 1 1 
-0.14125 0 0 0.0025 1 1 2.5 0.005 143 5 1 1 
-0.13875 0 0 0.0025 1 1 2.5 0.005 144 5 1 1 
-0.13625 0 0 0.0025 1 1 2.5 0.005 145 5 1 1 
-0.13375 0 0 0.0025 1 1 2.5 0.005 146 5 1 1 
-0.13125 0 0 0.0025 1 1 2.5 0.005 147 5 1 1 
-0.12875 0 0 0.0025 1 1 2.5 0.005 148 5 1 1 
-0.12625 0 0 0.0025 1 1 2.5 0.005 149 5 1 1 
-0.12375 0 0 0.0025 1 1 2.5 0.005 150 5 1 1 
-0.12125 0 0 0.0025 1 1 2.5 0.005 151 5 1 1 
-0.11875 0 0 0.0025 1 1 2.5 0.005 152 5 1 1 
-0.11625 0 0 0.0025 1 1 2.5 0.005 153 5 1 1 
-0.11375 0 0 0.0025 1 1 2.5 0.005 154 5 1 1 
-0.11125 0 0 0.0025 1 1 2.5 0.005 155 5 1 1 
-0.10875 0 0 0.0025 1 1 2.5 0.005 156 5 1 1 
-0.10625 0 0 0.0025 1 1 2.5 0.005 157 5 1 1 
-0.10375 0 0 0.0025 1 1 2.5 0.005 158 5 1 1 
-0.10125 0 0 0.0025 1 1 2.5 0.005 159 5 1 1 
-0.09875 0 0 0.0025 1 1 2.5 0.005 160 5 1 1 
-0.09625 0 0 0.0025 1 1 2.5 0.005 161 5 1 1 
-0.09375 0 0 0.0025 1 1 2.5 0.005 162 5 1 1 
-0.09125 0 0 0.0025 1 1 2.5 0.005 163 5 1 1 
-0.08875 0 0 0.0025 1 1 2.5 0.005 164 5 1 1 
-0.08625 0 0 0.0025 1 1 2.5 0.005 165 5 1 1 
-0.08375 0 0 0.0025 1 1 2.5 0.005 166 5 1 1 
-0.08125 0 0 0.0025 1 1 2.5 0.005 167 5 1 1 
-0.07875 0 0 0.0025 1 1 2.5 0.005 168 5 1 1 
-0.07625 0 0 0.0025 1 1 2.5 0.005 169 5 1 1 
-0.07375 0 0 0.0025 1 1 2.5 0.005 170 5 1 1 
-0.07125 0 0 0.0025 1 1 2.5 0.005 171 5 1 1 
-0.06875 0 0 0.0025 1 1 2.5 0.005 172 5 1 1 
-0.06625 0 0 0.0025 1 1 2.5 0.005 173 5 1 1 
-0.06375 0 0 0.0025 1 1 2.5 0.005 174 5 1 1 
-0.06125 0 0 0.0025 1 1 2.5 0.005 175 5 1 1 
-0.05875 0 0 0.0025 1 1 2.5 0.005 176 5 1 1 
-0.05625 0 0 0.0025 1 1 2.5 0.005 177 5 1 1 
-0.05375 0 0 0.0025 1 1 2.5 0.005 178 5 1 1 
-0.05125 -3.58854e-47 -1.12104e-44 0.0025 1 1 2.5 0.005 179 5 1 1 
-0.04875 -8.26936e-17 -5.68434e-14 0.0025 1 1 2.5 0.005 180 5 1 1 
-0.04625 -2.46493e-16 5.68434e-14 0.0025 1 1 2.5 0.005 181 5 1 1 
-0.04375 -4.74616e-16 -5.68434e-14 0.0025 1 1 2.5 0.005 182 5 1 1 
-0.04125 -8.15464e-16 -5.60519e-44 0.0025 1 1 2.5 0.005 183 5 1 1 
-0.03875 -1.3159e-15 -5.68434e-14 0.0025 1 1 2.5 0.005 184 5 1 1 
-0.03625 -1.75748e-15 5.68434e-14 0.0025 1 1 2.5 0.005 185 5 1 1 
-0.03375 -3.47554e-15 -5.68434e-14 0.0025 1 1 2.5 0.005 186 4 1 1 
-0.03125 2.12897e-16 -1.13687e-13 0.0025 1 1 2.5 0.005 187 3 1 1 
-0.02875 -2.11872e-16 3.54987e-28 0.0025 1 1 2.5 0.005 188 3 1 1 
-0.02625 -1.02147e-16 0 0.0025 1 1 2.5 0.005 189 3 1 1 
-0.02375 -1.63093e-16 -3.54987e-28 0.0025 1 1 2.5 0.005 190 3 1 1 
-0.02125 -3.83489e-16 -1.13687e-13 0.0025 1 1 2.5 0.005 191 3 1 1 
-0.01875 1.99996e-15 4.54747e-13 0.0025 1 1 2.5 0.005 192 4 1 1 
-0.01625 1.29518e-15 1.13687e-13 0.0025 1 1 2.5 0.005 193 5 1 1 
-0.01375 4.32083e-16 -1.02318e-12 0.0025 1 1 2.5 0.005 194 4 1 1 
-0.01125 1.60515e-15 4.54747e-13 0.0025 1 1 2.5 0.005 195 3 1 1 
-0.00875 7.74638e-16 2.27374e-13 0.0025 1 1 2.5 0.005 196 4 1 1 
-0.00625 3.9639e-16 1.13687e-13 0.0025 1 1 2.5 0.005 197 4 1 1 
-0.00375 -1.13375e-16 -5.68434e-14 0.0025 1 1 2.5 0.005 198 4 1 1 
-0.00125 1.47482e-16 5.68434e-14 0.0025 1 1 2.5 0.005 199 3 1 1 
0.00125 -3.24898e-17 -1.12104e-44 0.0025 1 1 2.5 0.005 200 5 1 1 
0.00375 3.5947e-16 -4.93038e-29 0.0025 1 1 2.5 0.005 201 5 1 1 
0.00625 -5.4787e-16 -5.68434e-14 0.0025 1 1 2.5 0.005 202 4 1 1 
0.00875 -8.53996e-16 -5.68434e-14 0.0025 1 1 2.5 0.005 203 4 1 1 
0.01125 -1.13992e-15 -3.8457e-28 0.0025 1 1 2.5 0.005 204 3 1 1 
0.01375 -8.30064e-16 2.27374e-13 0.0025 1 1 2.5 0.005 205 4 1 1 
0.01625 -9.81753e-16 -5.68434e-14 0.0025 1 1 2.5 0.005 206 5 1 1 
0.01875 -2.67434e-15 -3.97904e-13 0.0025 1 1 2.5 0.005 207 4 1 1 
0.02125 4.19308e-16 2.46519e-28 0.0025 1 1 2.5 0.005 208 3 1 1 
0.02375 2.0024e-16 1.13687e-13 0.0025 1 1 2.5 0.005 209 3 1 1 
0.02625 1.61431e-16 5.68434e-14 0.0025 1 1 2.5 0.005 210 3 1 1 
0.02875 -9.90893e-17 5.68434e-14 0.0025 1 1 2.5 0.005 211 3 1 1 
0.03125 3.47497e-15 -5.68434e-14 0.0025 1 1 2.5 0.005 212 4 1 1 
0.03375 1.75691e-15 5.68434e-14 0.0025 1 1 2.5 0.005 213 5 1 1 
0.03625 1.38115e-15 5.68434e-14 0.0025 1 1 2.5 0.005 214 5 1 1 
0.03875 8.47926e-16 1.12104e-44 0.0025 1 1 2.5 0.005 215 5 1 1 
0.04125 4.9085e-16 2.24208e-44 0.0025 1 1 2.5 0.005 216 5 1 1 
0.04375 2.46415e-16 5.68434e-14 0.0025 1 1 2.5 0.005 217 5 1 1 
0.04625 9.92357e-17 1.12104e-44 0.0025 1 1 2.5 0.005 218 5 1 1 
0.04875 4.23809e-47 1.12104e-44 0.0025 1 1 2.5 0.005 219 5 1 1 
0.05125 0 0 0.0025 1 1 2.5 0.005 220 5 1 1 
0.05375 0 0 0.0025 1 1 2.5 0.005 221 5 1 1 
0.05625 0 0 0.0025 1 1 2.5 0.005 222 5 1 1 
0.05875 0 0 0.0025 1 1 2.5 0.005 223 5 1 1 
0.06125 0 0 0.0025 1 1 2.5 0.005 224 5 1 1 
0.06375 0 0 0.0025 1 1 2.5 0.005 225 5 1 1 
0.06625 0 0 0.0025 1 1 2.5 0.005 226 5 1 1 
0.06875 0 0 0.0025 1 1 2.5 0.005 227 5 1 1 
0.07125 0 0 0.0025 1 1 2.5 0.005 228 5 1 1 
0.07375 0 0 0.0025 1 1 2.5 0.005 229 5 1 1 
0.07625 0 0 0.0025 1 1 2.5 0.005 230 5 1 1 
0.07875 0 0 0.0025 1 1 2.5 0.005 231 5 1 1 
0.08125 0 0 0.0025 1 1 2.5 0.005 232 5 1 1 
0.08375 0 0 0.0025 1 1 2.5 0.005 233 5 1 1 
0.08625 0 0 0.0025 1 1 2.5 0.005 234 5 1 1 
0.08875 0 0 0.0025 1 1 2.5 0.005 235 5 1 1 
0.09125 0 0 0.0025 1 1 2.5 0.005 236 5 1 1 
0.09375 0 0 0.0025 1 1 2.5 0.005 237 5 1 1 
0.09625 -2.2846e-47 -1.12104e-44 0.0025 1 1 2.5 0.005 238 5 1 1 
0.09875 -6.62012e-17 -1.12104e-44 0.0025 1 1 2.5 0.005 239 5 1 1 
0.10125 -2.47437e-16 -5.68434e-14 0.0025 1 1 2.5 0.005 240 5 1 1 
0.10375 -5.59676e-16 -1.13687e-13 0.0025 1 1 2.5 0.005 241 5 1 1 
0.10625 -1.08342e-15 -3.36312e-44 0.0025 1 1 2.5 0.005 242 5 1 1 
0.10875 -1.8165e-15 5.68434e-14 0.0025 1 1 2.5 0.005 243 5 1 1 
0.11125 -2.40986e-15 1.13687e-13 0.0025 1 1 2.5 0.005 244 5 1 1 
0.11375 -4.12282e-15 2.27374e-13 0.0025 1 1 2.5 0.005 245 5 1 1 
0.11625 3.89822e-15 3.41061e-13 0.0025 1 1 2.5 0.005 246 5 1 1 
0.11875 1.07244e-15 1.13687e-13 0.0025 1 1 2.5 0.005 247 5 1 1 
0.12125 2.65312e-16 -5.68434e-13 0.0025 1 1 2.5 0.005 248 5 1 1 
0.12375 -5.34605e-15 -5.68434e-13 0.0025 1 1 2.5 0.005 249 4 1 1 
0.12625 5.34605e-15 5.68434e-13 0.0025 1 1 2.5 0.005 250 4 1 1 
0.12875 -2.65312e-16 5.68434e-13 0.0025 1 1 2.5 0.005 251 5 1 1 
0.13125 -1.07244e-15 -1.13687e-13 0.0025 1 1 2.5 0.005 252 5 1 1 
0.13375 -3.89822e-15 -3.41061e-13 0.0025 1 1 2.5 0.005 253 5 1 1 
0.13625 4.12282e-15 -2.27374e-13 0.0025 1 1 2.5 0.005 254 5 1 1 
0.13875 2.40986e-15 -1.13687e-13 0.0025 1 1 2.5 0.005 255 5 1 1 
0.14125 1.8165e-15 -5.68434e-14 0.0025 1 1 2.5 0.005 256 5 1 1 
0.14375 1.08342e-15 3.36312e-44 0.0025 1 1 2.5 0.005 257 5 1 1 
0.14625 5.59676e-16 1.13687e-13 0.0025 1 1 2.5 0.005 258 5 1 1 
0.14875 2.47437e-16 5.68434e-14 0.0025 1 1 2.5 0.005 259 5 1 1 
0.15125 6.62012e-17 1.12104e-44 0.0025 1 1 2.5 0.005 260 5 1 1 
0.15375 2.2846e-47 1.12104e-44 0.0025 1 1 2.5 0.005 261 5 1 1 
0.15625 0 0 0.0025 1 1 2.5 0.005 262 5 1 1 
0.15875 0 0 0.0025 1 1 2.5 0.005 263 5 1 1 
0.16125 0 0 0.0025 1 1 2.5 0.005 264 5 1 1 
0.16375 0 0 0.0025 1 1 2.5 0.005 265 5 1 1 
0.16625 0 0 0.0025 1 1 2.5 0.005 266 5 1 1 
0.16875 0 0 0.0025 1 1 2.5 0.005 267 5 1 1 
0.17125 0 0 0.0025 1 1 2.5 0.005 268 5 1 1 
0.17375 0 0 0.0025 1 1 2.5 0.005 269 5 1 1 
0.17625 0 0 0.0025 1 1 2.5 0.005 270 5 1 1 
0.17875 0 0 0.0025 1 1 2.5 0.005 271 5 1 1 
0.18125 0 0 0.0025 1 1 2.5 0.005 272 5 1 1 
0.18375 0 0 0.0025 1 1 2.5 0.005 273 5 1 1 
0.18625 0 0 0.0025 1 1 2.5 0.005 274 5 1 1 
0.18875 0 0 0.0025 1 1 2.5 0.005 275 5 1 1 
0.19125 0 0 0.0025 1 1 2.5 0.005 276 5 1 1 
0.19375 0 0 0.0025 1 1 2.5 0.005 277 5 1 1 
0.19625 0 0 0.0025 1 1 2.5 0.005 278 5 1 1 
0.19875 0 0 0.0025 1 1 2.5 0.005 279 5 1 1 
0.20125 0 0 0.0025 1 1 2.5 0.005 280 5 1 1 
0.20375 0 0 0.0025 1 1 2.5 0.005 281 5 1 1 
0.20625 0 0 0.0025 1 1 2.5 0.005 282 5 1 1 
0.20875 0 0 0.0025 1 1 2.5 0.005 283 5 1 1 
0.21125 0 0 0.0025 1 1 2.5 0.005 284 5 1 1 
0.21375 0 0 0.0025 1 1 2.5 0.005 285 5 1 1 
0.21625 -1.63271e-47 -1.12104e-44 0.0025 1 1 2.5 0.005 286 5 1 1 
0.21875 -8.27881e-17 -5.68434e-14 0.0025 1 1 2.5 0.005 287 5 1 1 
0.22125 -3.63808e-16 -1.13687e-13 0.0025 1 1 2.5 0.005 288 5 1 1 
0.22375 -9.90116e-16 -1.13687e-13 0.0025 1 1 2.5 0.005 289 5 1 1 
0.22625 -2.04386e-15 -2.27374e-13 0.0025 1 1 2.5 0.005 290 5 1 1 
0.22875 -4.06455e-15 -2.84217e-13 0.0025 1 1 2.5 0.005 291 5 1 1 
0.23125 -5.69603e-15 -2.84217e-13 0.0025 1 1 2.5 0.005 292 5 1 1 
0.23375 -6.7334e-15 -1.13687e-13 0.0025 1 1 2.5 0.005 293 5 1 1 
0.23625 -5.55219e-15 7.38964e-13 0.0025 1 1 2.5 0.005 294 5 1 1 
0.23875 -7.62053e-15 5.68434e-13 0.0025 1 1 2.5 0.005 295 5 1 1 
0.24125 8.52226e-15 4.54747e-13 0.0025 1 1 2.5 0.005 296 5 1 1 
0.24375 2.5687e-15 2.27374e-13 0.0025 1 1 2.5 0.005 297 5 1 1 
0.24625 1.4689e-15 -9.09495e-13 0.0025 1 1 2.5 0.005 298 5 1 1 
0.24875 -8.39197e-15 -1.08002e-12 0.0025 1 1 2.5 0.005 299 3 1 1 
0.25125 8.39197e-15 1.08002e-12 0.0025 1 1 2.5 0.005 300 3 1 1 
0.25375 -1.4689e-15 9.09495e-13 0.0025 1 1 2.5 0.005 301 5 1 1 
0.25625 -2.5687e-15 -2.27374e-13 0.0025 1 1 2.5 0.005 302 5 1 1 
0.25875 -8.52226e-15 -4.54747e-13 0.0025 1 1 2.5 0.005 303 5 1 1 
0.26125 7.62053e-15 -5.68434e-13 0.0025 1 1 2.5 0.005 304 5 1 1 
0.26375 5.55219e-15 -7.38964e-13 0.0025 1 1 2.5 0.005 305 5 1 1 
0.26625 6.7334e-15 1.13687e-13 0.0025 1 1 2.5 0.005 306 5 1 1 
0.26875 5.69603e-15 2.84217e-13 0.0025 1 1 2.5 0.005 307 5 1 1 
0.27125 4.06455e-15 2.84217e-13 0.0025 1 1 2.5 0.005 308 5 1 1 
0.27375 2.04386e-15 2.27374e-13 0.0025 1 1 2.5 0.005 309 5 1 1 
0.27625 9.90116e-16 1.13687e-13 0.0025 1 1 2.5 0.005 310 5 1 1 
0.27875 3.63808e-16 1.13687e-13 0.0025 1 1 2.5 0.005 311 5 1 1 
0.28125 8.27881e-17 5.68434e-14 0.0025 1 1 2.5 0.005 312 5 1 1 
0.28375 1.63271e-47 1.12104e-44 0.0025 1 1 2.5 0.005 313 5 1 1 
0.28625 0 0 0.0025 1 1 2.5 0.005 314 5 1 1 
0.28875 0 0 0.0025 1 1 2.5 0.005 315 5 1 1 
0.29125 0 0 0.0025 1 1 2.5 0.005 316 5 1 1 
0.29375 0 0 0.0025 1 1 2.5 0.005 317 5 1 1 
0.29625 0 0 0.0025 1 1 2.5 0.005 318 5 1 1 
0.29875 0 0 0.0025 1 1 2.5 0.005 319 5 1 1 
0.30125 0 0 0.0025 1 1 2.5 0.005 320 5 1 1 
0.30375 0 0 0.0025 1 1 2.5 0.005 321 5 1 1 
0.30625 0 0 0.0025 1 1 2.5 0.005 322 5 1 1 
0.30875 0 0 0.0025 1 1 2.5 0.005 323 5 1 1 
0.31125 0 0 0.0025 1 1 2.5 0.005 324 5 1 1 
0.31375 0 0 0.0025 1 1 2.5 0.005 325 5 1 1 
0.31625 0 0 0.0025 1 1 2.5 0.005 326 5 1 1 
0.31875 0 0 0.0025 1 1 2.5 0.005 327 5 1 1 
0.32125 0 0 0.0025 1 1 2.5 0.005 328 5 1 1 
0.32375 0 0 0.0025 1 1 2.5 0.005 329 5 1 1 
0.32625 0 0 0.0025 1 1 2.5 0.005 330 5 1 1 
0.32875 0 0 0.0025 1 1 2.5 0.005 331 5 1 1 
0.33125 0 0 0.0025 1 1 2.5 0.005 332 5 1 1 
0.33375 0 0 0.0025 1 1 2.5 0.005 333 5 1 1 
0.33625 0 0 0.0025 1 1 2.5 0.005 334 5 1 1 
0.33875 0 0 0.0025 1 1 2.5 0.005 335 5 1 1 
0.34125 0 0 0.0025 1 1 2.5 0.005 336 5 1 1 
0.34375 0 0 0.0025 1 1 2.5 0.005 337 5 1 1 
0.34625 0 0 0.0025 1 1 2.5 0.005 338 5 1 1 
0.34875 0 0 0.0025 1 1 2.5 0.005 339 5 1 1 
0.35125 0 0 0.0025 1 1 2.5 0.005 340 5 1 1 
0.35375 0 0 0.0025 1 1 2.5 0.005 341 5 1 1 
0.35625 0 0 0.0025 1 1 2.5 0.005 342 5 1 1 
0.35875 0 0 0.0025 1 1 2.5 0.005 343 5 1 1 
0.36125 0 0 0.0025 1 1 2.5 0.005 344 5 1 1 
0.36375 0 0 0.0025 1 1 2.5 0.005 345 5 1 1 
0.36625 0 0 0.0025 1 1 2.5 0.005 346 5 1 1 
0.36875 0 0 0.0025 1 1 2.5 0.005 347 5 1 1 
0.37125 0 0 0.0025 1 1 2.5 0.005 348 5 1 1 
0.37375 0 0 0.0025 1 1 2.5 0.005 349 5 1 1 
0.37625 0 0 0.0025 1 1 2.5 0.005 350 5 1 1 
0.37875 0 0 0.0025 1 1 2.5 0.005 351 5 1 1 
0.38125 0 0 0.0025 1 1 2.5 0.005 352 5 1 1 
0.38375 0 0 0.0025 1 1 2.5 0.005 353 5 1 1 
0.38625 0 0 0.0025 1 1 2.5 0.005 354 5 1 1 
0.38875 0 0 0.0025 1 1 2.5 0.005 355 5 1 1 
0.39125 0 0 0.0025 1 1 2.5 0.005 356 5 1 1 
0.39375 0 0 0.0025 1 1 2.5 0.005 357 5 1 1 
0.39625 -9.81149e-48 -1.12104e-44 0.0025 1 1 2.5 0.005 358 5 1 1 
0.39875 -4.97502e-17 -5.68434e-14 0.0025 1 1 2.5 0.005 359 5 1 1 
0.40125 -5.46666e-16 -5.11591e-13 0.0025 1 1 2.5 0.005 360 5 1 1 
0.40375 -2.84854e-15 -2.84217e-12 0.0025 1 1 2.5 0.005 361 4 1 1 
0.40625 2.35398e-15 3.14913e-11 0.0025 1 1 2.5 0.005 362 5 1 1 
0.40875 6.08991e-14 -9.28821e-11 0.0025 1 1 2.5 0.005 363 4 1 1 
0.41125 -1.84725e-12 -3.98234e-09 0.0025 1 1 2.5 0.005 364 4 1 1 
0.41375 -2.0349e-11 -2.76352e-08 0.0025 1 1 2.5 0.005 365 4 1 1 
0.41625 -1.09948e-10 -9.83223e-08 0.0025 1 1 2.5 0.005 366 4 1 1 
0.41875 -3.1436e-10 -7.00589e-08 0.0025 1 1 2.5 0.005 367 3 1 1 
0.42125 1.1468e-10 1.38991e-06 0.0025 1 1 2.5 0.005 368 5 1 1 
0.42375 -7.17999e-10 -8.45997e-06 0.0025 1 1 2.5 0.005 369 4 1 1 
0.42625 -8.27772e-08 -0.0001532 0.0025 1 1 2.5 0.005 370 4 1 1 
0.42875 -8.33598e-07 -0.00112095 0.0025 1 1 2.5 0.005 371 4 1 1 
0.43125 -5.31412e-06 -0.00584844 0.0025 1 1.00001 2.5 0.00499998 372 4 1 1 
0.43375 -2.61168e-05 -0.0244772 0.0025 1.00002 1.00003 2.50002 0.00499989 373 4 1 1 
0.43625 -0.000106292 -0.0862222 0.0025 1.00008 1.00011 2.50008 0.00499958 374 4 1 1 
0.43875 -0.000370955 -0.261855 0.0025 1.00029 1.00039 2.50028 0.00499856 375 4 1 0.999999 
0.441248 -0.00113127 -0.693344 0.0025 1.00087 1.00119 2.50085 0.00499567 376 4 1 0.999992 
0.443745 -0.0030416 -1.60073 0.0025 1.00232 1.0032 2.50228 0.00498844 377 4 1 0.999965 
0.446237 -0.00721212 -3.18115 0.0025 1.00547 1.0076 2.50542 0.00497278 378 4 1 0.999884 
0.448718 -0.0149789 -5.30954 0.0025 1.01137 1.01589 2.51131 0.00494377 379 4 1 0.999732 
0.451181 -0.0269862 -7.18923 0.0025 1.02064 1.02899 2.52057 0.00489891 380 4 1 0.999598 
0.453617 -0.0419034 -7.58917 0.0025 1.03251 1.04591 2.53243 0.00484256 381 4 1 0.999689 
0.456024 -0.0559859 -5.44163 0.0025 1.04384 1.06224 2.54375 0.00479001 382 3 1 1.00009 
0.458407 -0.0603432 4.58841 0.0025 1.04345 1.06233 2.5439 0.00479179 383 4 1 1.0001 
0.460815 -0.0217911 34.3157 0.0025 1.01051 1.01571 2.51166 0.00494799 384 4 1 0.999049 
0.463359 0.0586978 36.0752 0.0025 0.952684 0.934471 2.45255 0.00524833 385 4 1 0.992103 
0.46607 0.126277 24.8472 0.0025 0.898048 0.860153 2.39506 0.00556763 386 4 1 0.991173 
0.468932 0.188813 26.1455 0.0025 0.848294 0.794444 2.34134 0.00589419 387 4 1 0.992459 
0.471971 0.262873 28.5529 0.0025 0.795485 0.726093 2.28199 0.00628547 388 4 1 0.990781 
0.475227 0.343926 27.5388 0.0025 0.741151 0.65758 2.21831 0.00674626 389 4 1 0.988777 
0.478729 0.426133 24.8175 0.0025 0.689273 0.594043 2.15486 0.00725402 390 4 1 0.988014 
0.482493 0.503178 19.8117 0.0025 0.643808 0.539913 2.09686 0.00776629 391 4 1 0.988807 
0.486506 0.563654 12.1373 0.0025 0.609489 0.500066 2.05146 0.0082036 392 4 1 0.991925 
0.490702 0.59766 5.26514 0.0025 0.588255 0.475932 2.02274 0.00849972 393 4 1 0.996183 
0.495007 0.622529 8.87654 0.0025 0.571094 0.456705 1.99915 0.00875513 394 4 1 0.997896 
0.49946 0.67169 12.0127 0.0025 0.549562 0.432756 1.96882 0.00909816 395 4 1 0.996493 
0.50411 0.693784 -3.94157 0.0025 0.538156 0.420398 1.95315 0.00929098 396 5 1 0.998394 
0.508751 0.677506 -0.423282 0.0025 0.539316 0.421735 1.95489 0.009271 397 3 1 1.00001 
0.513381 0.676906 0.846184 0.0025 0.527527 0.407889 1.93302 0.00947819 398 4 1 1.0003 
0.518235 0.678638 -0.66054 0.0025 0.502472 0.434997 2.16429 0.0099508 399 4 1 0.99419 
0.523339 0.671052 0.513226 0.0025 0.475806 0.408888 2.14837 0.0105085 400 4 1 0.993157 
0.528754 0.664776 1.76726 0.0025 0.448149 0.435454 2.42914 0.011157 401 4 1 0.991515 
0.534509 0.636786 4.02165 0.0025 0.425738 0.398065 2.33736 0.0117443 402 4 1 0.992728 
0.540505 0.588203 11.4737 0.0025 0.394628 0.353887 2.24154 0.0126702 403 4 1 0.992878 
0.547226 0.415084 36.1481 0.0025 0.338747 0.281456 2.07706 0.0147603 404 4 1 0.973319 
0.555468 0.159666 34.2665 0.0025 0.283866 0.216147 1.90394 0.0176139 405 4 1 0.948795 
0.565014 0.0211973 10.5407 0.0025 0.25645 0.186115 1.81463 0.019497 406 4 1 0.975311 
0.574992 -0.00214166 0.240445 0.0025 0.250183 0.179676 1.79551 0.0199854 407 4 1 0.997947 
0.585 -0.000260551 -0.199711 0.0025 0.249904 0.179403 1.79472 0.0200077 408 5 1 0.999995 
0.595 3.38808e-05 0.00432527 0.0025 0.250001 0.179501 1.795 0.02 409 4 1 1 
0.605 7.68395e-06 0.00239 0.0025 0.250002 0.179502 1.795 0.0199999 410 3 1 1 
0.615 1.00804e-06 0.00038621 0.0025 0.25 0.1795 1.795 0.02 411 4 1 1 
0.625 9.91129e-08 4.51849e-05 0.0025 0.25 0.1795 1.795 0.02 412 4 1 1 
0.635 7.4029e-09 4.0278e-06 0.0025 0.25 0.1795 1.795 0.02 413 4 1 1 
0.645 3.88798e-10 2.64284e-07 0.0025 0.25 0.1795 1.795 0.02 414 4 1 1 
0.655 9.86596e-12 1.07192e-08 0.0025 0.25 0.1795 1.795 0.02 415 4 1 1 
0.665 -3.11754e-13 -2.41869e-11 0.0025 0.25 0.1795 1.795 0.02 416 4 1 1 
0.675 8.40214e-16 -1.18519e-11 0.0025 0.25 0.1795 1.795 0.02 417 5 1 1 
0.685 1.44646e-15 5.11591e-13 0.0025 0.25 0.1795 1.795 0.02 418 4 1 1 
0.695 1.20011e-16 7.10543e-14 0.0025 0.25 0.1795 1.795 0.02 419 5 1 1 
0.705 3.01791e-47 1.4013e-44 0.0025 0.25 0.1795 1.795 0.02 420 5 1 1 
0.715 8.18639e-49 2.8026e-45 0.0025 0.25 0.1795 1.795 0.02 421 5 1 1 
0.725 0 0 0.0025 0.25 0.1795 1.795 0.02 422 5 1 1 
0.735 0 0 0.0025 0.25 0.1795 1.795 0.02 423 5 1 1 
0.745 0 0 0.0025 0.25 0.1795 1.795 0.02 424 5 1 1 
0.755 0 0 0.0025 0.25 0.1795 1.795 0.02 425 5 1 1 
0.765 0 0 0.0025 0.25 0.1795 1.795 0.02 426 5 1 1 
0.775 0 0 0.0025 0.25 0.1795 1.795 0.02 427 5 1 1 
0.785 0 0 0.0025 0.25 0.1795 1.795 0.02 428 5 1 1 
0.795 0 0 0.0025 0.25 0.1795 1.795 0.02 429 5 1 1 
0.805 0 0 0.0025 0.25 0.1795 1.795 0.02 430 5 1 1 
0.815 0 0 0.0025 0.25 0.1795 1.795 0.02 431 5 1 1 
0.825 0 0 0.0025 0.25 0.1795 1.795 0.02 432 5 1 1 
0.835 0 0 0.0025 0.25 0.1795 1.795 0.02 433 5 1 1 
0.845 0 0 0.0025 0.25 0.1795 1.795 0.02 434 5 1 1 
0.855 0 0 0.0025 0.25 0.1795 1.795 0.02 435 5 1 1 
0.865 0 0 0.0025 0.25 0.1795 1.795 0.02 436 5 1 1 
0.875 0 0 0.0025 0.25 0.1795 1.795 0.02 437 5 1 1 
0.885 0 0 0.0025 0.25 0.1795 1.795 0.02 438 5 1 1 
0.895 0 0 0.0025 0.25 0.1795 1.795 0.02 439 5 1 1 
0.905 0 0 0.0025 0.25 0.1795 1.795 0.02 440 5 1 1 
0.915 0 0 0.0025 0.25 0.1795 1.795 0.02 441 5 1 1 
0.925 0 0 0.0025 0.25 0.1795 1.795 0.02 442 5 1 1 
0.935 -5.7115e-48 -2.8026e-45 0.0025 0.25 0.1795 1.795 0.02 443 5 1 1 
0.945 -5.11951e-47 -8.40779e-45 0.0025 0.25 0.1795 1.795 0.02 444 5 1 1 
0.955 -1.69234e-16 -4.26326e-14 0.0025 0.25 0.1795 1.795 0.02 445 5 1 1 
0.965 -9.45422e-16 -8.52651e-14 0.0025 0.25 0.1795 1.795 0.02 446 5 1 1 
0.975 -3.58876e-15 -2.27374e-13 0.0025 0.25 0.1795 1.795 0.02 447 5 1 1 
0.985 -4.7837e-15 -1.13687e-13 0.0025 0.25 0.1795 1.795 0.02 448 5 1 1 
0.995 -1.87336e-14 -2.84217e-14 0.0025 0.25 0.1795 1.795 0.02 449 3 1 1 
1.005 1.87336e-14 2.84217e-14 0.0025 0.25 0.1795 1.795 0.02 450 3 1 1 
1.015 4.7837e-15 1.13687e-13 0.0025 0.25 0.1795 1.795 0.02 451 5 1 1 
1.025 3.58876e-15 2.27374e-13 0.0025 0.25 0.1795 1.795 0.02 452 5 1 1 
1.035 9.45422e-16 8.52651e-14 0.0025 0.25 0.1795 1.795 0.02 453 5 1 1 
1.045 1.69234e-16 4.26326e-14 0.0025 0.25 0.1795 1.795 0.02 454 5 1 1 
1.055 5.11951e-47 8.40779e-45 0.0025 0.25 0.1795 1.795 0.02 455 5 1 1 
1.065 5.7115e-48 2.8026e-45 0.0025 0.25 0.1795 1.795 0.02 456 5 1 1 
1.075 0 0 0.0025 0.25 0.1795 1.795 0.02 457 5 1 1 
1.085 0 0 0.0025 0.25 0.1795 1.795 0.02 458 5 1 1 
1.095 0 0 0.0025 0.25 0.1795 1.795 0.02 459 5 1 1 
1.105 0 0 0.0025 0.25 0.1795 1.795 0.02 460 5 1 1 
1.115 0 0 0.0025 0.25 0.1795 1.795 0.02 461 5 1 1 
1.125 0 0 0.0025 0.25 0.1795 1.795 0.02 462 5 1 1 
1.135 0 0 0.0025 0.25 0.1795 1.795 0.02 463 5 1 1 
1.145 0 0 0.0025 0.25 0.1795 1.795 0.02 464 5 1 1 
1.155 0 0 0.0025 0.25 0.1795 1.795 0.02 465 5 1 1 
1.165 0 0 0.0025 0.25 0.1795 1.795 0.02 466 5 1 1 
1.175 0 0 0.0025 0.25 0.1795 1.795 0.02 467 5 1 1 
1.185 0 0 0.0025 0.25 0.1795 1.795 0.02 468 5 1 1 
1.195 0 0 0.0025 0.25 0.1795 1.795 0.02 469 5 1 1 
1.205 0 0 0.0025 0.25 0.1795 1.795 0.02 470 5 1 1 
1.215 0 0 0.0025 0.25 0.1795 1.795 0.02 471 5 1 1 
1.225 0 0 0.0025 0.25 0.1795 1.795 0.02 472 5 1 1 
1.235 0 0 0.0025 0.25 0.1795 1.795 0.02 473 5 1 1 
1.245 0 0 0.0025 0.25 0.1795 1.795 0.02 474 5 1 1 
1.255 0 0 0.0025 0.25 0.1795 1.795 0.02 475 5 1 1 
1.265 0 0 0.0025 0.25 0.1795 1.795 0.02 476 5 1 1 
1.275 0 0 0.0025 0.25 0.1795 1.795 0.02 477 5 1 1 
1.285 -2.45287e-48 -2.8026e-45 0.0025 0.25 0.1795 1.795 0.02 478 5 1 1 
1.295 -5.87693e-47 -4.48416e-44 0.0025 0.25 0.1795 1.795 0.02 479 5 1 1 
1.305 -2.44244e-16 -2.13163e-13 0.0025 0.25 0.1795 1.795 0.02 480 5 1 1 
1.315 -2.97129e-15 -2.38742e-12 0.0025 0.25 0.1795 1.795 0.02 481 5 1 1 
1.325 -1.03018e-13 -5.3916e-11 0.0025 0.25 0.1795 1.795 0.02 482 4 1 1 
1.335 -1.02287e-12 -2.61281e-10 0.0025 0.25 0.1795 1.795 0.02 483 3 1 1 
1.345 -2.69943e-12 2.64801e-09 0.0025 0.25 0.1795 1.795 0.02 484 5 1 1 
1.355 3.31225e-11 -1.69097e-08 0.0025 0.25 0.1795 1.795 0.02 485 4 1 1 
1.365 -2.58896e-09 -2.57624e-06 0.0025 0.25 0.1795 1.795 0.02 486 4 1 1 
1.375 -8.57471e-08 -5.45254e-05 0.0025 0.25 0.1795 1.795 0.02 487 4 1 1 
1.385 -1.44635e-06 -0.000717152 0.0025 0.25 0.1795 1.795 0.02 488 4 1 1 
1.395 -1.71207e-05 -0.00697723 0.0025 0.250005 0.179505 1.79501 0.0199996 489 4 1 1 
1.405 -0.000157254 -0.0534675 0.0025 0.250044 0.179544 1.79512 0.0199965 490 4 1 0.999996 
1.415 -0.00115743 -0.323168 0.0025 0.250304 0.179804 1.79587 0.0199757 491 4 1 0.999907 
1.42498 -0.00651591 -1.39236 0.0025 0.251547 0.181057 1.79946 0.019877 492 4 1 0.999193 
1.43487 -0.0251238 -3.55841 0.0025 0.255392 0.184965 1.81062 0.0195777 493 4 1 0.998114 
1.44456 -0.061777 -4.55637 0.0025 0.261926 0.191683 1.82952 0.0190894 494 3 1 1.00079 
1.45397 -0.0810311 2.06061 0.0025 0.260462 0.190235 1.8258 0.0191967 495 4 1 1.00142 
1.46376 0.0235997 18.1414 0.0025 0.231863 0.161633 1.74268 0.0215645 496 4 1 0.995178 
1.47579 0.272716 22.351 0.0025 0.180189 0.113519 1.57504 0.0277486 497 4 1 0.960223 
1.49269 0.690046 22.3155 0.0025 0.121085 0.065045 1.34304 0.0412934 498 5 1 1.00297 
1.5228 1.37991 16.823 0.0025 0.068728 0.0329705 1.19939 0.0727505 499 5 1 1.03153 
