# Time [s]: 0.00553365
# Columns: pos [m], vel [m/s], acc [m/s^2], mass [kg], dens [kg/m^3], pres [Pa], ene [J/kg], sml [m], id, neighbor, alpha, gradh, ...additional?
1.49813 -0.602478 39.5404 0.0025 0.531143 0.468687 2.20656 0.00941367 0 4 1 0.943489 
-0.497153 -0.505798 -86.9207 0.0025 0.638223 0.531191 2.08388 0.00783425 1 4 1 0.95079 
-0.493726 -0.202151 -115.719 0.0025 0.825719 0.766124 2.31953 0.00605533 2 4 1 0.969355 
-0.490993 0.0238936 -71.3936 0.0025 0.97847 0.973198 2.48311 0.00511002 3 4 1 1.00143 
-0.488593 0.0773092 6.58559 0.0025 1.04257 1.06222 2.54438 0.00479584 4 3 1 1 
-0.486197 0.0448415 22.088 0.0025 1.0303 1.04286 2.53051 0.00485296 5 4 1 1.00007 
-0.483739 0.0143122 12.8956 0.0025 1.01064 1.01456 2.51041 0.00494735 6 4 1 0.998781 
-0.481249 0.00238365 3.5836 0.0025 1.00214 1.00279 2.502 0.00498933 7 4 1 0.999736 
-0.47875 8.69507e-05 0.419636 0.0025 1.00018 1.00021 2.50015 0.00499911 8 4 1 0.999985 
-0.47625 -2.63949e-05 -0.04976 0.0025 0.999987 0.99998 2.49999 0.00500007 9 5 1 1 
-0.47375 1.22703e-06 -0.00181602 0.0025 0.999999 0.999999 2.5 0.00500001 10 4 1 1 
-0.47125 5.91316e-07 0.000960056 0.0025 1 1 2.5 0.005 11 3 1 1 
-0.46875 3.53224e-08 0.000125536 0.0025 1 1 2.5 0.005 12 4 1 1 
-0.46625 -3.19312e-09 -7.23511e-06 0.0025 1 1 2.5 0.005 13 5 1 1 
-0.46375 6.17137e-11 -2.18266e-07 0.0025 1 1 2.5 0.005 14 4 1 1 
-0.46125 3.14603e-11 8.49748e-08 0.0025 1 1 2.5 0.005 15 3 1 1 
-0.45875 -2.04236e-13 1.19752e-09 0.0025 1 1 2.5 0.005 16 4 1 1 
-0.45625 -3.48953e-14 -2.64606e-10 0.0025 1 1 2.5 0.005 17 5 1 1 
-0.45375 6.51117e-15 2.74554e-11 0.0025 1 1 2.5 0.005 18 4 1 1 
-0.45125 -1.63162e-17 -5.68434e-14 0.0025 1 1 2.5 0.005 19 5 1 1 
-0.44875 0 0 0.0025 1 1 2.5 0.005 20 5 1 1 
-0.44625 0 0 0.0025 1 1 2.5 0.005 21 5 1 1 
-0.44375 0 0 0.0025 1 1 2.5 0.005 22 5 1 1 
-0.44125 0 0 0.0025 1 1 2.5 0.005 23 5 1 1 
-0.43875 0 0 0.0025 1 1 2.5 0.005 24 5 1 1 
-0.43625 0 0 0.0025 1 1 2.5 0.005 25 5 1 1 
-0.43375 0 0 0.0025 1 1 2.5 0.005 26 5 1 1 
-0.43125 0 0 0.0025 1 1 2.5 0.005 27 5 1 1 
-0.42875 0 0 0.0025 1 1 2.5 0.005 28 5 1 1 
-0.42625 0 0 0.0025 1 1 2.5 0.005 29 5 1 1 
-0.42375 0 0 0.0025 1 1 2.5 0.005 30 5 1 1 
-0.42125 0 0 0.0025 1 1 2.5 0.005 31 5 1 1 
-0.41875 0 0 0.0025 1 1 2.5 0.005 32 5 1 1 
-0.41625 0 0 0.0025 1 1 2.5 0.005 33 5 1 1 
-0.41375 0 0 0.0025 1 1 2.5 0.005 34 5 1 1 
-0.41125 0 0 0.0025 1 1 2.5 0.005 35 5 1 1 
-0.40875 0 0 0.0025 1 1 2.5 0.005 36 5 1 1 
-0.40625 0 0 0.0025 1 1 2.5 0.005 37 5 1 1 
-0.40375 0 0 0.0025 1 1 2.5 0.005 38 5 1 1 
-0.40125 0 0 0.0025 1 1 2.5 0.005 39 5 1 1 
-0.39875 0 0 0.0025 1 1 2.5 0.005 40 5 1 1 
-0.39625 0 0 0.0025 1 1 2.5 0.005 41 5 1 1 
-0.39375 0 0 0.0025 1 1 2.5 0.005 42 5 1 1 
-0.39125 0 0 0.0025 1 1 2.5 0.005 43 5 1 1 
-0.38875 0 0 0.0025 1 1 2.5 0.005 44 5 1 1 
-0.38625 0 0 0.0025 1 1 2.5 0.005 45 5 1 1 
-0.38375 0 0 0.0025 1 1 2.5 0.005 46 5 1 1 
-0.38125 0 0 0.0025 1 1 2.5 0.005 47 5 1 1 
-0.37875 0 0 0.0025 1 1 2.5 0.005 48 5 1 1 
-0.37625 0 0 0.0025 1 1 2.5 0.005 49 5 1 1 
-0.37375 0 0 0.0025 1 1 2.5 0.005 50 5 1 1 
-0.37125 0 0 0.0025 1 1 2.5 0.005 51 5 1 1 
-0.36875 0 0 0.0025 1 1 2.5 0.005 52 5 1 1 
-0.36625 0 0 0.0025 1 1 2.5 0.005 53 5 1 1 
-0.36375 0 0 0.0025 1 1 2.5 0.005 54 5 1 1 
-0.36125 0 0 0.0025 1 1 2.5 0.005 55 5 1 1 
-0.35875 0 0 0.0025 1 1 2.5 0.005 56 5 1 1 
-0.35625 0 0 0.0025 1 1 2.5 0.005 57 5 1 1 
-0.35375 0 0 0.0025 1 1 2.5 0.005 58 5 1 1 
-0.35125 0 0 0.0025 1 1 2.5 0.005 59 5 1 1 
-0.34875 0 0 0.0025 1 1 2.5 0.005 60 5 1 1 
-0.34625 0 0 0.0025 1 1 2.5 0.005 61 5 1 1 
-0.34375 0 0 0.0025 1 1 2.5 0.005 62 5 1 1 
-0.34125 0 0 0.0025 1 1 2.5 0.005 63 5 1 1 
-0.33875 0 0 0.0025 1 1 2.5 0.005 64 5 1 1 
-0.33625 0 0 0.0025 1 1 2.5 0.005 65 5 1 1 
-0.33375 0 0 0.0025 1 1 2.5 0.005 66 5 1 1 
-0.33125 0 0 0.0025 1 1 2.5 0.005 67 5 1 1 
-0.32875 0 0 0.0025 1 1 2.5 0.005 68 5 1 1 
-0.32625 0 0 0.0025 1 1 2.5 0.005 69 5 1 1 
-0.32375 0 0 0.0025 1 1 2.5 0.005 70 5 1 1 
-0.32125 0 0 0.0025 1 1 2.5 0.005 71 5 1 1 
-0.31875 0 0 0.0025 1 1 2.5 0.005 72 5 1 1 
-0.31625 0 0 0.0025 1 1 2.5 0.005 73 5 1 1 
-0.31375 0 0 0.0025 1 1 2.5 0.005 74 5 1 1 
-0.31125 0 0 0.0025 1 1 2.5 0.005 75 5 1 1 
-0.30875 0 0 0.0025 1 1 2.5 0.005 76 5 1 1 
-0.30625 0 0 0.0025 1 1 2.5 0.005 77 5 1 1 
-0.30375 0 0 0.0025 1 1 2.5 0.005 78 5 1 1 
-0.30125 0 0 0.0025 1 1 2.5 0.005 79 5 1 1 
-0.29875 0 0 0.0025 1 1 2.5 0.005 80 5 1 1 
-0.29625 0 0 0.0025 1 1 2.5 0.005 81 5 1 1 
-0.29375 0 0 0.0025 1 1 2.5 0.005 82 5 1 1 
-0.29125 0 0 0.0025 1 1 2.5 0.005 83 5 1 1 
-0.28875 0 0 0.0025 1 1 2.5 0.005 84 5 1 1 
-0.28625 0 0 0.0025 1 1 2.5 0.005 85 5 1 1 
-0.28375 0 0 0.0025 1 1 2.5 0.005 86 5 1 1 
-0.28125 0 0 0.0025 1 1 2.5 0.005 87 5 1 1 
-0.27875 0 0 0.0025 1 1 2.5 0.005 88 5 1 1 
-0.27625 0 0 0.0025 1 1 2.5 0.005 89 5 1 1 
-0.27375 0 0 0.0025 1 1 2.5 0.005 90 5 1 1 
-0.27125 0 0 0.0025 1 1 2.5 0.005 91 5 1 1 
-0.26875 0 0 0.0025 1 1 2.5 0.005 92 5 1 1 
-0.26625 0 0 0.0025 1 1 2.5 0.005 93 5 1 1 
-0.26375 0 0 0.0025 1 1 2.5 0.005 94 5 1 1 
-0.26125 0 0 0.0025 1 1 2.5 0.005 95 5 1 1 
-0.25875 0 0 0.0025 1 1 2.5 0.005 96 5 1 1 
-0.25625 0 0 0.0025 1 1 2.5 0.005 97 5 1 1 
-0.25375 0 0 0.0025 1 1 2.5 0.005 98 5 1 1 
-0.25125 0 0 0.0025 1 1 2.5 0.005 99 5 1 1 
-0.24875 0 0 0.0025 1 1 2.5 0.005 100 5 1 1 
-0.24625 0 0 0.0025 1 1 2.5 0.005 101 5 1 1 
-0.24375 0 0 0.0025 1 1 2.5 0.005 102 5 1 1 
-0.24125 0 0 0.0025 1 1 2.5 0.005 103 5 1 1 
-0.23875 0 0 0.0025 1 1 2.5 0.005 104 5 1 1 
-0.23625 0 0 0.0025 1 1 2.5 0.005 105 5 1 1 
-0.23375 0 0 0.0025 1 1 2.5 0.005 106 5 1 1 
-0.23125 0 0 0.0025 1 1 2.5 0.005 107 5 1 1 
-0.22875 0 0 0.0025 1 1 2.5 0.005 108 5 1 1 
-0.22625 0 0 0.0025 1 1 2.5 0.005 109 5 1 1 
-0.22375 0 0 0.0025 1 1 2.5 0.005 110 5 1 1 
-0.22125 0 0 0.0025 1 1 2.5 0.005 111 5 1 1 
-0.21875 0 0 0.0025 1 1 2.5 0.005 112 5 1 1 
-0.21625 0 0 0.0025 1 1 2.5 0.005 113 5 1 1 
-0.21375 0 0 0.0025 1 1 2.5 0.005 114 5 1 1 
-0.21125 0 0 0.0025 1 1 2.5 0.005 115 5 1 1 
-0.20875 0 0 0.0025 1 1 2.5 0.005 116 5 1 1 
-0.20625 0 0 0.0025 1 1 2.5 0.005 117 5 1 1 
-0.20375 0 0 0.0025 1 1 2.5 0.005 118 5 1 1 
-0.20125 0 0 0.0025 1 1 2.5 0.005 119 5 1 1 
-0.19875 0 0 0.0025 1 1 2.5 0.005 120 5 1 1 
-0.19625 0 0 0.0025 1 1 2.5 0.005 121 5 1 1 
-0.19375 0 0 0.0025 1 1 2.5 0.005 122 5 1 1 
-0.19125 0 0 0.0025 1 1 2.5 0.005 123 5 1 1 
-0.18875 0 0 0.0025 1 1 2.5 0.005 124 5 1 1 
-0.18625 0 0 0.0025 1 1 2.5 0.005 125 5 1 1 
-0.18375 0 0 0.0025 1 1 2.5 0.005 126 5 1 1 
-0.18125 0 0 0.0025 1 1 2.5 0.005 127 5 1 1 
-0.17875 0 0 0.0025 1 1 2.5 0.005 128 5 1 1 
-0.17625 0 0 0.0025 1 1 2.5 0.005 129 5 1 1 
-0.17375 0 0 0.0025 1 1 2.5 0.005 130 5 1 1 
-0.17125 0 0 0.0025 1 1 2.5 0.005 131 5 1 1 
-0.16875 0 0 0.0025 1 1 2.5 0.005 132 5 1 1 
-0.16625 0 0 0.0025 1 1 2.5 0.005 133 5 1 1 
-0.16375 0 0 0.0025 1 1 2.5 0.005 134 5 1 1 
-0.16125 0 0 0.0025 1 1 2.5 0.005 135 5 1 1 
-0.15875 0 0 0.0025 1 1 2.5 0.005 136 5 1 1 
-0.15625 0 0 0.0025 1 1 2.5 0.005 137 5 1 1 
-0.15375 0 0 0.0025 1 1 2.5 0.005 138 5 1 1 
-0.15125 0 0 0.0025 1 1 2.5 0.005 139 5 1 1 
-0.14875 0 0 0.0025 1 1 2.5 0.005 140 5 1 1 
-0.14625 0 0 0.0025 1 1 2.5 0.005 141 5 1 1 
-0.14375 0 0 0.0025 1 1 2.5 0.005 142 5 1 1 
-0.14125 0 0 0.0025 1 1 2.5 0.005 143 5 1 1 
-0.13875 0 0 0.0025 1 1 2.5 0.005 144 5 1 1 
-0.13625 0 0 0.0025 1 1 2.5 0.005 145 5 1 1 
-0.13375 0 0 0.0025 1 1 2.5 0.005 146 5 1 1 
-0.13125 0 0 0.0025 1 1 2.5 0.005 147 5 1 1 
-0.12875 0 0 0.0025 1 1 2.5 0.005 148 5 1 1 
-0.12625 0 0 0.0025 1 1 2.5 0.005 149 5 1 1 
-0.12375 0 0 0.0025 1 1 2.5 0.005 150 5 1 1 
-0.12125 0 0 0.0025 1 1 2.5 0.005 151 5 1 1 
-0.11875 0 0 0.0025 1 1 2.5 0.005 152 5 1 1 
-0.11625 0 0 0.0025 1 1 2.5 0.005 153 5 1 1 
-0.11375 0 0 0.0025 1 1 2.5 0.005 154 5 1 1 
-0.11125 0 0 0.0025 1 1 2.5 0.005 155 5 1 1 
-0.10875 0 0 0.0025 1 1 2.5 0.005 156 5 1 1 
-0.10625 0 0 0.0025 1 1 2.5 0.005 157 5 1 1 
-0.10375 0 0 0.0025 1 1 2.5 0.005 158 5 1 1 
-0.10125 0 0 0.0025 1 1 2.5 0.005 159 5 1 1 
-0.09875 0 0 0.0025 1 1 2.5 0.005 160 5 1 1 
-0.09625 0 0 0.0025 1 1 2.5 0.005 161 5 1 1 
-0.09375 0 0 0.0025 1 1 2.5 0.005 162 5 1 1 
-0.09125 0 0 0.0025 1 1 2.5 0.005 163 5 1 1 
-0.08875 0 0 0.0025 1 1 2.5 0.005 164 5 1 1 
-0.08625 0 0 0.0025 1 1 2.5 0.005 165 5 1 1 
-0.08375 0 0 0.0025 1 1 2.5 0.005 166 5 1 1 
-0.08125 0 0 0.0025 1 1 2.5 0.005 167 5 1 1 
-0.07875 0 0 0.0025 1 1 2.5 0.005 168 5 1 1 
-0.07625 0 0 0.0025 1 1 2.5 0.005 169 5 1 1 
-0.07375 0 0 0.0025 1 1 2.5 0.005 170 5 1 1 
-0.07125 0 0 0.0025 1 1 2.5 0.005 171 5 1 1 
-0.06875 0 0 0.0025 1 1 2.5 0.005 172 5 1 1 
-0.06625 0 0 0.0025 1 1 2.5 0.005 173 5 1 1 
-0.06375 0 0 0.0025 1 1 2.5 0.005 174 5 1 1 
-0.06125 0 0 0.0025 1 1 2.5 0.005 175 5 1 1 
-0.05875 0 0 0.0025 1 1 2.5 0.005 176 5 1 1 
-0.05625 0 0 0.0025 1 1 2.5 0.005 177 5 1 1 
-0.05375 0 0 0.0025 1 1 2.5 0.005 178 5 1 1 
-0.05125 0 0 0.0025 1 1 2.5 0.005 179 5 1 1 
-0.04875 0 0 0.0025 1 1 2.5 0.005 180 5 1 1 
-0.04625 0 0 0.0025 1 1 2.5 0.005 181 5 1 1 
-0.04375 0 0 0.0025 1 1 2.5 0.005 182 5 1 1 
-0.04125 0 0 0.0025 1 1 2.5 0.005 183 5 1 1 
-0.03875 2.18264e-31 3.9443e-29 0.0025 1 1 2.5 0.005 184 5 1 1 
-0.03625 -1.37871e-16 -1.13687e-13 0.0025 1 1 2.5 0.005 185 5 1 1 
-0.03375 -1.74944e-15 -2.27374e-13 0.0025 1 1 2.5 0.005 186 4 1 1 
-0.03125 3.87238e-16 5.68434e-14 0.0025 1 1 2.5 0.005 187 3 1 1 
-0.02875 1.6024e-16 3.54987e-28 0.0025 1 1 2.5 0.005 188 3 1 1 
-0.02625 1.64291e-17 5.68434e-14 0.0025 1 1 2.5 0.005 189 3 1 1 
-0.02375 -1.64291e-17 -5.68434e-14 0.0025 1 1 2.5 0.005 190 3 1 1 
-0.02125 -1.6024e-16 -2.46519e-28 0.0025 1 1 2.5 0.005 191 3 1 1 
-0.01875 -3.87238e-16 -5.68434e-14 0.0025 1 1 2.5 0.005 192 3 1 1 
-0.01625 1.31102e-15 1.7053e-13 0.0025 1 1 2.5 0.005 193 4 1 1 
-0.01375 2.12814e-16 5.68434e-14 0.0025 1 1 2.5 0.005 194 4 1 1 
-0.01125 0 0 0.0025 1 1 2.5 0.005 195 3 1 1 
-0.00875 -1.95365e-16 0 0.0025 1 1 2.5 0.005 196 3 1 1 
-0.00625 -6.99365e-16 -1.13687e-13 0.0025 1 1 2.5 0.005 197 4 1 1 
-0.00375 6.52647e-17 2.27374e-13 0.0025 1 1 2.5 0.005 198 3 1 1 
-0.00125 1.95377e-16 -1.13687e-13 0.0025 1 1 2.5 0.005 199 5 1 1 
0.00125 6.55914e-17 -1.13687e-13 0.0025 1 1 2.5 0.005 200 4 1 1 
0.00375 1.45016e-16 1.2819e-28 0.0025 1 1 2.5 0.005 201 4 1 1 
0.00625 4.56634e-16 1.13687e-13 0.0025 1 1 2.5 0.005 202 4 1 1 
0.00875 1.57705e-17 5.68434e-14 0.0025 1 1 2.5 0.005 203 3 1 1 
0.01125 -3.26084e-17 0 0.0025 1 1 2.5 0.005 204 3 1 1 
0.01375 -2.2913e-16 -1.13687e-13 0.0025 1 1 2.5 0.005 205 4 1 1 
0.01625 -1.31102e-15 -1.7053e-13 0.0025 1 1 2.5 0.005 206 4 1 1 
0.01875 3.54606e-16 -5.68434e-14 0.0025 1 1 2.5 0.005 207 3 1 1 
0.02125 1.27676e-16 1.13687e-13 0.0025 1 1 2.5 0.005 208 3 1 1 
0.02375 0 0 0.0025 1 1 2.5 0.005 209 3 1 1 
0.02625 -1.27676e-16 -1.13687e-13 0.0025 1 1 2.5 0.005 210 3 1 1 
0.02875 -3.54606e-16 5.68434e-14 0.0025 1 1 2.5 0.005 211 3 1 1 
0.03125 1.74944e-15 2.27374e-13 0.0025 1 1 2.5 0.005 212 4 1 1 
0.03375 1.37871e-16 1.13687e-13 0.0025 1 1 2.5 0.005 213 5 1 1 
0.03625 -2.18264e-31 -3.9443e-29 0.0025 1 1 2.5 0.005 214 5 1 1 
0.03875 0 0 0.0025 1 1 2.5 0.005 215 5 1 1 
0.04125 0 0 0.0025 1 1 2.5 0.005 216 5 1 1 
0.04375 0 0 0.0025 1 1 2.5 0.005 217 5 1 1 
0.04625 0 0 0.0025 1 1 2.5 0.005 218 5 1 1 
0.04875 0 0 0.0025 1 1 2.5 0.005 219 5 1 1 
0.05125 0 0 0.0025 1 1 2.5 0.005 220 5 1 1 
0.05375 0 0 0.0025 1 1 2.5 0.005 221 5 1 1 
0.05625 0 0 0.0025 1 1 2.5 0.005 222 5 1 1 
0.05875 0 0 0.0025 1 1 2.5 0.005 223 5 1 1 
0.06125 0 0 0.0025 1 1 2.5 0.005 224 5 1 1 
0.06375 0 0 0.0025 1 1 2.5 0.005 225 5 1 1 
0.06625 0 0 0.0025 1 1 2.5 0.005 226 5 1 1 
0.06875 0 0 0.0025 1 1 2.5 0.005 227 5 1 1 
0.07125 0 0 0.0025 1 1 2.5 0.005 228 5 1 1 
0.07375 0 0 0.0025 1 1 2.5 0.005 229 5 1 1 
0.07625 0 0 0.0025 1 1 2.5 0.005 230 5 1 1 
0.07875 0 0 0.0025 1 1 2.5 0.005 231 5 1 1 
0.08125 0 0 0.0025 1 1 2.5 0.005 232 5 1 1 
0.08375 0 0 0.0025 1 1 2.5 0.005 233 5 1 1 
0.08625 0 0 0.0025 1 1 2.5 0.005 234 5 1 1 
0.08875 0 0 0.0025 1 1 2.5 0.005 235 5 1 1 
0.09125 0 0 0.0025 1 1 2.5 0.005 236 5 1 1 
0.09375 0 0 0.0025 1 1 2.5 0.005 237 5 1 1 
0.09625 0 0 0.0025 1 1 2.5 0.005 238 5 1 1 
0.09875 0 0 0.0025 1 1 2.5 0.005 239 5 1 1 
0.10125 0 0 0.0025 1 1 2.5 0.005 240 5 1 1 
0.10375 0 0 0.0025 1 1 2.5 0.005 241 5 1 1 
0.10625 0 0 0.0025 1 1 2.5 0.005 242 5 1 1 
0.10875 0 0 0.0025 1 1 2.5 0.005 243 5 1 1 
0.11125 -9.64867e-48 -1.12104e-44 0.0025 1 1 2.5 0.005 244 5 1 1 
0.11375 -4.89246e-17 -5.68434e-14 0.0025 1 1 2.5 0.005 245 5 1 1 
0.11625 -2.77153e-16 -1.7053e-13 0.0025 1 1 2.5 0.005 246 5 1 1 
0.11875 -1.30422e-15 -5.68434e-13 0.0025 1 1 2.5 0.005 247 5 1 1 
0.12125 -2.23924e-15 -4.54747e-13 0.0025 1 1 2.5 0.005 248 5 1 1 
0.12375 -1.07527e-14 -6.25278e-13 0.0025 1 1 2.5 0.005 249 4 1 1 
0.12625 1.07527e-14 6.25278e-13 0.0025 1 1 2.5 0.005 250 4 1 1 
0.12875 2.23924e-15 4.54747e-13 0.0025 1 1 2.5 0.005 251 5 1 1 
0.13125 1.30422e-15 5.68434e-13 0.0025 1 1 2.5 0.005 252 5 1 1 
0.13375 2.77153e-16 1.7053e-13 0.0025 1 1 2.5 0.005 253 5 1 1 
0.13625 4.89246e-17 5.68434e-14 0.0025 1 1 2.5 0.005 254 5 1 1 
0.13875 9.64867e-48 1.12104e-44 0.0025 1 1 2.5 0.005 255 5 1 1 
0.14125 0 0 0.0025 1 1 2.5 0.005 256 5 1 1 
0.14375 0 0 0.0025 1 1 2.5 0.005 257 5 1 1 
0.14625 0 0 0.0025 1 1 2.5 0.005 258 5 1 1 
0.14875 0 0 0.0025 1 1 2.5 0.005 259 5 1 1 
0.15125 0 0 0.0025 1 1 2.5 0.005 260 5 1 1 
0.15375 0 0 0.0025 1 1 2.5 0.005 261 5 1 1 
0.15625 0 0 0.0025 1 1 2.5 0.005 262 5 1 1 
0.15875 0 0 0.0025 1 1 2.5 0.005 263 5 1 1 
0.16125 0 0 0.0025 1 1 2.5 0.005 264 5 1 1 
0.16375 0 0 0.0025 1 1 2.5 0.005 265 5 1 1 
0.16625 0 0 0.0025 1 1 2.5 0.005 266 5 1 1 
0.16875 0 0 0.0025 1 1 2.5 0.005 267 5 1 1 
0.17125 0 0 0.0025 1 1 2.5 0.005 268 5 1 1 
0.17375 0 0 0.0025 1 1 2.5 0.005 269 5 1 1 
0.17625 0 0 0.0025 1 1 2.5 0.005 270 5 1 1 
0.17875 0 0 0.0025 1 1 2.5 0.005 271 5 1 1 
0.18125 0 0 0.0025 1 1 2.5 0.005 272 5 1 1 
0.18375 0 0 0.0025 1 1 2.5 0.005 273 5 1 1 
0.18625 0 0 0.0025 1 1 2.5 0.005 274 5 1 1 
0.18875 0 0 0.0025 1 1 2.5 0.005 275 5 1 1 
0.19125 0 0 0.0025 1 1 2.5 0.005 276 5 1 1 
0.19375 0 0 0.0025 1 1 2.5 0.005 277 5 1 1 
0.19625 0 0 0.0025 1 1 2.5 0.005 278 5 1 1 
0.19875 0 0 0.0025 1 1 2.5 0.005 279 5 1 1 
0.20125 0 0 0.0025 1 1 2.5 0.005 280 5 1 1 
0.20375 0 0 0.0025 1 1 2.5 0.005 281 5 1 1 
0.20625 0 0 0.0025 1 1 2.5 0.005 282 5 1 1 
0.20875 0 0 0.0025 1 1 2.5 0.005 283 5 1 1 
0.21125 0 0 0.0025 1 1 2.5 0.005 284 5 1 1 
0.21375 0 0 0.0025 1 1 2.5 0.005 285 5 1 1 
0.21625 0 0 0.0025 1 1 2.5 0.005 286 5 1 1 
0.21875 0 0 0.0025 1 1 2.5 0.005 287 5 1 1 
0.22125 0 0 0.0025 1 1 2.5 0.005 288 5 1 1 
0.22375 0 0 0.0025 1 1 2.5 0.005 289 5 1 1 
0.22625 0 0 0.0025 1 1 2.5 0.005 290 5 1 1 
0.22875 0 0 0.0025 1 1 2.5 0.005 291 5 1 1 
0.23125 0 0 0.0025 1 1 2.5 0.005 292 5 1 1 
0.23375 0 0 0.0025 1 1 2.5 0.005 293 5 1 1 
0.23625 -2.57206e-47 -4.48416e-44 0.0025 1 1 2.5 0.005 294 5 1 1 
0.23875 -1.30419e-16 -2.27374e-13 0.0025 1 1 2.5 0.005 295 5 1 1 
0.24125 -7.82721e-16 -4.54747e-13 0.0025 1 1 2.5 0.005 296 5 1 1 
0.24375 -2.83564e-15 -1.02318e-12 0.0025 1 1 2.5 0.005 297 5 1 1 
0.24625 -4.89172e-15 -7.95808e-13 0.0025 1 1 2.5 0.005 298 5 1 1 
0.24875 -2.15387e-14 -1.13687e-12 0.0025 1 1 2.5 0.005 299 3 1 1 
0.25125 2.15387e-14 1.13687e-12 0.0025 1 1 2.5 0.005 300 3 1 1 
0.25375 4.89172e-15 7.95808e-13 0.0025 1 1 2.5 0.005 301 5 1 1 
0.25625 2.83564e-15 1.02318e-12 0.0025 1 1 2.5 0.005 302 5 1 1 
0.25875 7.82721e-16 4.54747e-13 0.0025 1 1 2.5 0.005 303 5 1 1 
0.26125 1.30419e-16 2.27374e-13 0.0025 1 1 2.5 0.005 304 5 1 1 
0.26375 2.57206e-47 4.48416e-44 0.0025 1 1 2.5 0.005 305 5 1 1 
0.26625 0 0 0.0025 1 1 2.5 0.005 306 5 1 1 
0.26875 0 0 0.0025 1 1 2.5 0.005 307 5 1 1 
0.27125 0 0 0.0025 1 1 2.5 0.005 308 5 1 1 
0.27375 0 0 0.0025 1 1 2.5 0.005 309 5 1 1 
0.27625 0 0 0.0025 1 1 2.5 0.005 310 5 1 1 
0.27875 0 0 0.0025 1 1 2.5 0.005 311 5 1 1 
0.28125 0 0 0.0025 1 1 2.5 0.005 312 5 1 1 
0.28375 0 0 0.0025 1 1 2.5 0.005 313 5 1 1 
0.28625 0 0 0.0025 1 1 2.5 0.005 314 5 1 1 
0.28875 0 0 0.0025 1 1 2.5 0.005 315 5 1 1 
0.29125 0 0 0.0025 1 1 2.5 0.005 316 5 1 1 
0.29375 0 0 0.0025 1 1 2.5 0.005 317 5 1 1 
0.29625 0 0 0.0025 1 1 2.5 0.005 318 5 1 1 
0.29875 0 0 0.0025 1 1 2.5 0.005 319 5 1 1 
0.30125 0 0 0.0025 1 1 2.5 0.005 320 5 1 1 
0.30375 0 0 0.0025 1 1 2.5 0.005 321 5 1 1 
0.30625 0 0 0.0025 1 1 2.5 0.005 322 5 1 1 
0.30875 0 0 0.0025 1 1 2.5 0.005 323 5 1 1 
0.31125 0 0 0.0025 1 1 2.5 0.005 324 5 1 1 
0.31375 0 0 0.0025 1 1 2.5 0.005 325 5 1 1 
0.31625 0 0 0.0025 1 1 2.5 0.005 326 5 1 1 
0.31875 0 0 0.0025 1 1 2.5 0.005 327 5 1 1 
0.32125 0 0 0.0025 1 1 2.5 0.005 328 5 1 1 
0.32375 0 0 0.0025 1 1 2.5 0.005 329 5 1 1 
0.32625 0 0 0.0025 1 1 2.5 0.005 330 5 1 1 
0.32875 0 0 0.0025 1 1 2.5 0.005 331 5 1 1 
0.33125 0 0 0.0025 1 1 2.5 0.005 332 5 1 1 
0.33375 0 0 0.0025 1 1 2.5 0.005 333 5 1 1 
0.33625 0 0 0.0025 1 1 2.5 0.005 334 5 1 1 
0.33875 0 0 0.0025 1 1 2.5 0.005 335 5 1 1 
0.34125 0 0 0.0025 1 1 2.5 0.005 336 5 1 1 
0.34375 0 0 0.0025 1 1 2.5 0.005 337 5 1 1 
0.34625 0 0 0.0025 1 1 2.5 0.005 338 5 1 1 
0.34875 0 0 0.0025 1 1 2.5 0.005 339 5 1 1 
0.35125 0 0 0.0025 1 1 2.5 0.005 340 5 1 1 
0.35375 0 0 0.0025 1 1 2.5 0.005 341 5 1 1 
0.35625 0 0 0.0025 1 1 2.5 0.005 342 5 1 1 
0.35875 0 0 0.0025 1 1 2.5 0.005 343 5 1 1 
0.36125 0 0 0.0025 1 1 2.5 0.005 344 5 1 1 
0.36375 0 0 0.0025 1 1 2.5 0.005 345 5 1 1 
0.36625 0 0 0.0025 1 1 2.5 0.005 346 5 1 1 
0.36875 0 0 0.0025 1 1 2.5 0.005 347 5 1 1 
0.37125 0 0 0.0025 1 1 2.5 0.005 348 5 1 1 
0.37375 0 0 0.0025 1 1 2.5 0.005 349 5 1 1 
0.37625 0 0 0.0025 1 1 2.5 0.005 350 5 1 1 
0.37875 0 0 0.0025 1 1 2.5 0.005 351 5 1 1 
0.38125 0 0 0.0025 1 1 2.5 0.005 352 5 1 1 
0.38375 0 0 0.0025 1 1 2.5 0.005 353 5 1 1 
0.38625 0 0 0.0025 1 1 2.5 0.005 354 5 1 1 
0.38875 0 0 0.0025 1 1 2.5 0.005 355 5 1 1 
0.39125 0 0 0.0025 1 1 2.5 0.005 356 5 1 1 
0.39375 0 0 0.0025 1 1 2.5 0.005 357 5 1 1 
0.39625 0 0 0.0025 1 1 2.5 0.005 358 5 1 1 
0.39875 0 0 0.0025 1 1 2.5 0.005 359 5 1 1 
0.40125 0 0 0.0025 1 1 2.5 0.005 360 5 1 1 
0.40375 0 0 0.0025 1 1 2.5 0.005 361 5 1 1 
0.40625 0 0 0.0025 1 1 2.5 0.005 362 5 1 1 
0.40875 0 0 0.0025 1 1 2.5 0.005 363 5 1 1 
0.41125 0 0 0.0025 1 1 2.5 0.005 364 5 1 1 
0.41375 0 0 0.0025 1 1 2.5 0.005 365 5 1 1 
0.41625 0 0 0.0025 1 1 2.5 0.005 366 5 1 1 
0.41875 0 0 0.0025 1 1 2.5 0.005 367 5 1 1 
0.42125 0 0 0.0025 1 1 2.5 0.005 368 5 1 1 
0.42375 0 0 0.0025 1 1 2.5 0.005 369 5 1 1 
0.42625 0 0 0.0025 1 1 2.5 0.005 370 5 1 1 
0.42875 0 0 0.0025 1 1 2.5 0.005 371 5 1 1 
0.43125 0 0 0.0025 1 1 2.5 0.005 372 5 1 1 
0.43375 0 0 0.0025 1 1 2.5 0.005 373 5 1 1 
0.43625 0 0 0.0025 1 1 2.5 0.005 374 5 1 1 
0.43875 0 0 0.0025 1 1 2.5 0.005 375 5 1 1 
0.44125 0 0 0.0025 1 1 2.5 0.005 376 5 1 1 
0.44375 0 0 0.0025 1 1 2.5 0.005 377 5 1 1 
0.44625 0 0 0.0025 1 1 2.5 0.005 378 5 1 1 
0.44875 0 0 0.0025 1 1 2.5 0.005 379 5 1 1 
0.45125 1.63162e-17 5.68434e-14 0.0025 1 1 2.5 0.005 380 5 1 1 
0.45375 -6.51117e-15 -2.74554e-11 0.0025 1 1 2.5 0.005 381 4 1 1 
0.45625 3.48953e-14 2.64606e-10 0.0025 1 1 2.5 0.005 382 5 1 1 
0.45875 2.04236e-13 -1.19752e-09 0.0025 1 1 2.5 0.005 383 4 1 1 
0.46125 -3.14603e-11 -8.49748e-08 0.0025 1 1 2.5 0.005 384 3 1 1 
0.46375 -6.17137e-11 2.18266e-07 0.0025 1 1 2.5 0.005 385 4 1 1 
0.46625 3.19312e-09 7.23511e-06 0.0025 1 1 2.5 0.005 386 5 1 1 
0.46875 -3.53224e-08 -0.000125536 0.0025 1 1 2.5 0.005 387 4 1 1 
0.47125 -5.91316e-07 -0.000960056 0.0025 1 1 2.5 0.005 388 3 1 1 
0.47375 -1.22703e-06 0.00181602 0.0025 0.999999 0.999999 2.5 0.00500001 389 4 1 1 
0.47625 2.63949e-05 0.04976 0.0025 0.999987 0.99998 2.49999 0.00500007 390 5 1 1 
0.47875 -8.69507e-05 -0.419636 0.0025 1.00018 1.00021 2.50015 0.00499911 391 4 1 0.999985 
0.481249 -0.00238365 -3.5836 0.0025 1.00214 1.00279 2.502 0.00498933 392 4 1 0.999736 
0.483739 -0.0143122 -12.8956 0.0025 1.01064 1.01456 2.51041 0.00494735 393 4 1 0.998781 
0.486197 -0.0448415 -22.088 0.0025 1.0303 1.04286 2.53051 0.00485296 394 4 1 1.00007 
0.488593 -0.0773092 -6.58559 0.0025 1.04257 1.06222 2.54438 0.00479584 395 3 1 1 
0.490993 -0.0238936 71.3936 0.0025 0.97847 0.973198 2.48311 0.00511002 396 4 1 1.00143 
0.493726 0.202151 115.719 0.0025 0.825719 0.766124 2.31953 0.00605533 397 4 1 0.969355 
0.497153 0.505798 86.9207 0.0025 0.638223 0.531191 2.08388 0.00783425 398 4 1 0.95079 
0.501867 0.602478 -39.5404 0.0025 0.531143 0.468687 2.20656 0.00941367 399 4 1 0.943489 
0.506597 0.623878 81.9185 0.0025 0.419475 0.331172 1.97302 0.0119197 400 4 1 1.11878 
0.514984 0.0704417 58.3467 0.0025 0.281524 0.214494 1.90614 0.0177605 401 4 1 0.865106 
0.52493 -0.0233763 0.710249 0.0025 0.250037 0.179504 1.79524 0.0199971 402 4 1 0.976072 
0.534997 -0.00252675 -1.78137 0.0025 0.249126 0.178622 1.79248 0.0200702 403 5 1 0.999964 
0.545 8.79653e-05 0.0248142 0.0025 0.249965 0.179467 1.7949 0.0200028 404 4 1 1 
0.555 1.3165e-05 0.00986419 0.0025 0.250002 0.179502 1.79501 0.0199999 405 3 1 1 
0.565 5.64957e-07 0.000591619 0.0025 0.25 0.1795 1.795 0.02 406 4 1 1 
0.575 8.53236e-09 1.42479e-05 0.0025 0.25 0.1795 1.795 0.02 407 4 1 1 
0.585 -2.21592e-10 -1.51682e-07 0.0025 0.25 0.1795 1.795 0.02 408 4 1 1 
0.595 -2.45194e-12 -6.69831e-09 0.0025 0.25 0.1795 1.795 0.02 409 5 1 1 
0.605 1.82017e-13 2.12268e-10 0.0025 0.25 0.1795 1.795 0.02 410 3 1 1 
0.615 4.63988e-15 9.40759e-12 0.0025 0.25 0.1795 1.795 0.02 411 4 1 1 
0.625 1.22191e-17 -4.26326e-14 0.0025 0.25 0.1795 1.795 0.02 412 5 1 1 
0.635 -2.03223e-33 -7.08003e-30 0.0025 0.25 0.1795 1.795 0.02 413 5 1 1 
0.645 0 0 0.0025 0.25 0.1795 1.795 0.02 414 5 1 1 
0.655 0 0 0.0025 0.25 0.1795 1.795 0.02 415 5 1 1 
0.665 0 0 0.0025 0.25 0.1795 1.795 0.02 416 5 1 1 
0.675 0 0 0.0025 0.25 0.1795 1.795 0.02 417 5 1 1 
0.685 0 0 0.0025 0.25 0.1795 1.795 0.02 418 5 1 1 
0.695 0 0 0.0025 0.25 0.1795 1.795 0.02 419 5 1 1 
0.705 0 0 0.0025 0.25 0.1795 1.795 0.02 420 5 1 1 
0.715 0 0 0.0025 0.25 0.1795 1.795 0.02 421 5 1 1 
0.725 0 0 0.0025 0.25 0.1795 1.795 0.02 422 5 1 1 
0.735 0 0 0.0025 0.25 0.1795 1.795 0.02 423 5 1 1 
0.745 0 0 0.0025 0.25 0.1795 1.795 0.02 424 5 1 1 
0.755 0 0 0.0025 0.25 0.1795 1.795 0.02 425 5 1 1 
0.765 0 0 0.0025 0.25 0.1795 1.795 0.02 426 5 1 1 
0.775 0 0 0.0025 0.25 0.1795 1.795 0.02 427 5 1 1 
0.785 0 0 0.0025 0.25 0.1795 1.795 0.02 428 5 1 1 
0.795 0 0 0.0025 0.25 0.1795 1.795 0.02 429 5 1 1 
0.805 0 0 0.0025 0.25 0.1795 1.795 0.02 430 5 1 1 
0.815 0 0 0.0025 0.25 0.1795 1.795 0.02 431 5 1 1 
0.825 0 0 0.0025 0.25 0.1795 1.795 0.02 432 5 1 1 
0.835 0 0 0.0025 0.25 0.1795 1.795 0.02 433 5 1 1 
0.845 0 0 0.0025 0.25 0.1795 1.795 0.02 434 5 1 1 
0.855 0 0 0.0025 0.25 0.1795 1.795 0.02 435 5 1 1 
0.865 0 0 0.0025 0.25 0.1795 1.795 0.02 436 5 1 1 
0.875 0 0 0.0025 0.25 0.1795 1.795 0.02 437 5 1 1 
0.885 0 0 0.0025 0.25 0.1795 1.795 0.02 438 5 1 1 
0.895 0 0 0.0025 0.25 0.1795 1.795 0.02 439 5 1 1 
0.905 0 0 0.0025 0.25 0.1795 1.795 0.02 440 5 1 1 
0.915 0 0 0.0025 0.25 0.1795 1.795 0.02 441 5 1 1 
0.925 0 0 0.0025 0.25 0.1795 1.795 0.02 442 5 1 1 
0.935 0 0 0.0025 0.25 0.1795 1.795 0.02 443 5 1 1 
0.945 0 0 0.0025 0.25 0.1795 1.795 0.02 444 5 1 1 
0.955 0 0 0.0025 0.25 0.1795 1.795 0.02 445 5 1 1 
0.965 0 0 0.0025 0.25 0.1795 1.795 0.02 446 5 1 1 
0.975 3.91784e-32 7.08003e-30 0.0025 0.25 0.1795 1.795 0.02 447 5 1 1 
0.985 1.63069e-16 -1.13687e-13 0.0025 0.25 0.1795 1.795 0.02 448 5 1 1 
0.995 -6.52865e-15 -1.02318e-12 0.0025 0.25 0.1795 1.795 0.02 449 3 1 1 
1.005 6.52865e-15 1.02318e-12 0.0025 0.25 0.1795 1.795 0.02 450 3 1 1 
1.015 -1.63069e-16 1.13687e-13 0.0025 0.25 0.1795 1.795 0.02 451 5 1 1 
1.025 -3.91784e-32 -7.08003e-30 0.0025 0.25 0.1795 1.795 0.02 452 5 1 1 
1.035 0 0 0.0025 0.25 0.1795 1.795 0.02 453 5 1 1 
1.045 0 0 0.0025 0.25 0.1795 1.795 0.02 454 5 1 1 
1.055 0 0 0.0025 0.25 0.1795 1.795 0.02 455 5 1 1 
1.065 0 0 0.0025 0.25 0.1795 1.795 0.02 456 5 1 1 
1.075 0 0 0.0025 0.25 0.1795 1.795 0.02 457 5 1 1 
1.085 0 0 0.0025 0.25 0.1795 1.795 0.02 458 5 1 1 
1.095 0 0 0.0025 0.25 0.1795 1.795 0.02 459 5 1 1 
1.105 0 0 0.0025 0.25 0.1795 1.795 0.02 460 5 1 1 
1.115 0 0 0.0025 0.25 0.1795 1.795 0.02 461 5 1 1 
1.125 0 0 0.0025 0.25 0.1795 1.795 0.02 462 5 1 1 
1.135 0 0 0.0025 0.25 0.1795 1.795 0.02 463 5 1 1 
1.145 0 0 0.0025 0.25 0.1795 1.795 0.02 464 5 1 1 
1.155 0 0 0.0025 0.25 0.1795 1.795 0.02 465 5 1 1 
1.165 0 0 0.0025 0.25 0.1795 1.795 0.02 466 5 1 1 
1.175 0 0 0.0025 0.25 0.1795 1.795 0.02 467 5 1 1 
1.185 0 0 0.0025 0.25 0.1795 1.795 0.02 468 5 1 1 
1.195 0 0 0.0025 0.25 0.1795 1.795 0.02 469 5 1 1 
1.205 0 0 0.0025 0.25 0.1795 1.795 0.02 470 5 1 1 
1.215 0 0 0.0025 0.25 0.1795 1.795 0.02 471 5 1 1 
1.225 0 0 0.0025 0.25 0.1795 1.795 0.02 472 5 1 1 
1.235 0 0 0.0025 0.25 0.1795 1.795 0.02 473 5 1 1 
1.245 0 0 0.0025 0.25 0.1795 1.795 0.02 474 5 1 1 
1.255 0 0 0.0025 0.25 0.1795 1.795 0.02 475 5 1 1 
1.265 0 0 0.0025 0.25 0.1795 1.795 0.02 476 5 1 1 
1.275 0 0 0.0025 0.25 0.1795 1.795 0.02 477 5 1 1 
1.285 0 0 0.0025 0.25 0.1795 1.795 0.02 478 5 1 1 
1.295 0 0 0.0025 0.25 0.1795 1.795 0.02 479 5 1 1 
1.305 0 0 0.0025 0.25 0.1795 1.795 0.02 480 5 1 1 
1.315 0 0 0.0025 0.25 0.1795 1.795 0.02 481 5 1 1 
1.325 0 0 0.0025 0.25 0.1795 1.795 0.02 482 5 1 1 
1.335 0 0 0.0025 0.25 0.1795 1.795 0.02 483 5 1 1 
1.345 0 0 0.0025 0.25 0.1795 1.795 0.02 484 5 1 1 
1.355 0 0 0.0025 0.25 0.1795 1.795 0.02 485 5 1 1 
1.365 -1.92978e-47 -3.92364e-44 0.0025 0.25 0.1795 1.795 0.02 486 5 1 1 
1.375 -8.5636e-17 -1.84741e-13 0.0025 0.25 0.1795 1.795 0.02 487 5 1 1 
1.385 -4.39069e-15 -7.65965e-12 0.0025 0.25 0.1795 1.795 0.02 488 5 1 1 
1.395 -1.80805e-13 -2.15195e-10 0.0025 0.25 0.1795 1.795 0.02 489 3 1 1 
1.405 2.45286e-12 6.69991e-09 0.0025 0.25 0.1795 1.795 0.02 490 5 1 1 
1.415 2.21586e-10 1.51683e-07 0.0025 0.25 0.1795 1.795 0.02 491 4 1 1 
1.425 -8.53235e-09 -1.42479e-05 0.0025 0.25 0.1795 1.795 0.02 492 4 1 1 
1.435 -5.64957e-07 -0.000591619 0.0025 0.25 0.1795 1.795 0.02 493 4 1 1 
1.445 -1.3165e-05 -0.00986419 0.0025 0.250002 0.179502 1.79501 0.0199999 494 3 1 1 
1.455 -8.79653e-05 -0.0248142 0.0025 0.249965 0.179467 1.7949 0.0200028 495 4 1 1 
1.465 0.00252675 1.78137 0.0025 0.249126 0.178622 1.79248 0.0200702 496 5 1 0.999964 
1.47507 0.0233763 -0.710249 0.0025 0.250037 0.179504 1.79524 0.0199971 497 4 1 0.976072 
1.48502 -0.0704417 -58.3467 0.0025 0.281524 0.214494 1.90614 0.0177605 498 4 1 0.865106 
1.4934 -0.623878 -81.9185 0.0025 0.419475 0.331172 1.97302 0.0119197 499 4 1 1.11878 
