# Time [s]: 0.0363537
# Columns: pos [m], vel [m/s], acc [m/s^2], mass [kg], dens [kg/m^3], pres [Pa], ene [J/kg], sml [m], id, neighbor, alpha, gradh, ...additional?
-0.574071 -2.64799 -14.9228 0.0025 0.0732454 0.0287278 0.980588 0.0682637 0 5 1 1.04364 
-0.54596 -2.01576 -17.5509 0.0025 0.127021 0.0555554 1.09349 0.0393636 1 5 1 0.978685 
-0.529712 -1.65359 -18.9462 0.0025 0.189891 0.0978111 1.2878 0.0263309 2 4 1 0.948849 
-0.518315 -1.40153 -19.9004 0.0025 0.253727 0.146765 1.44617 0.0197062 3 4 1 0.95252 
-0.50951 -1.20732 -20.7987 0.0025 0.315725 0.199253 1.57783 0.0158366 4 4 1 0.960872 
-0.502259 -1.0467 -21.6192 0.0025 0.374927 0.253416 1.68986 0.0133359 5 4 1 0.968369 
-0.496058 -0.908581 -22.4529 0.0025 0.432229 0.309221 1.78863 0.0115679 6 4 1 0.974247 
-0.490621 -0.786152 -23.162 0.0025 0.488207 0.366676 1.87778 0.0102416 7 4 1 0.978798 
-0.485771 -0.676723 -23.7238 0.0025 0.543021 0.425551 1.95929 0.00920775 8 4 1 0.982447 
-0.481383 -0.577695 -24.0212 0.0025 0.59661 0.485457 2.03434 0.00838068 9 4 1 0.985301 
-0.477368 -0.487501 -24.3126 0.0025 0.648948 0.546082 2.10383 0.00770478 10 4 1 0.987594 
-0.473662 -0.405066 -24.4511 0.0025 0.700072 0.607222 2.16854 0.00714213 11 4 1 0.989462 
-0.470214 -0.329042 -24.4942 0.0025 0.749931 0.66859 2.22896 0.00666728 12 4 1 0.990884 
-0.466986 -0.258218 -24.9466 0.0025 0.79874 0.730284 2.28584 0.00625986 13 4 1 0.992227 
-0.463947 -0.191903 -24.6791 0.0025 0.846228 0.791838 2.33926 0.00590857 14 4 1 0.99415 
-0.461072 -0.133956 -20.756 0.0025 0.889857 0.849511 2.38664 0.00561888 15 4 1 0.995146 
-0.458325 -0.08658 -20.4181 0.0025 0.930125 0.903457 2.42896 0.00537562 16 4 1 0.9933 
-0.455693 -0.0285108 -33.5805 0.0025 0.977567 0.968903 2.47809 0.00511474 17 4 1 0.994139 
-0.453205 0.0424143 -29.0697 0.0025 1.0283 1.04087 2.52932 0.00486239 18 4 1 0.99962 
-0.450828 0.0710929 -2.23633 0.0025 1.05436 1.07784 2.5545 0.0047422 19 3 1 1.00003 
-0.448463 0.0648489 5.71478 0.0025 1.05171 1.07348 2.55148 0.00475415 20 4 1 1.00008 
-0.446074 0.0502679 7.9166 0.0025 1.03943 1.0558 2.5393 0.00481031 21 4 1 0.999639 
-0.443653 0.034105 7.97905 0.0025 1.0263 1.03702 2.52622 0.00487188 22 4 1 0.999524 
-0.441202 0.0202057 6.31977 0.0025 1.01542 1.0216 2.51535 0.00492406 23 4 1 0.999642 
-0.438729 0.0104994 4.09871 0.0025 1.00799 1.01112 2.50792 0.00496039 24 4 1 0.99982 
-0.436241 0.00483243 2.24634 0.0025 1.00368 1.0051 2.50363 0.00498168 25 4 1 0.999936 
-0.433747 0.00198933 1.06946 0.0025 1.00152 1.00209 2.50149 0.00499242 26 4 1 0.999983 
-0.431249 0.000735896 0.4505 0.0025 1.00056 1.00078 2.50055 0.00499718 27 4 1 0.999997 
-0.42875 0.000244173 0.169067 0.0025 1.00019 1.00026 2.50018 0.00499906 28 4 1 0.999999 
-0.42625 7.20935e-05 0.0564008 0.0025 1.00006 1.00008 2.50005 0.00499972 29 4 1 1 
-0.42375 1.86685e-05 0.0165673 0.0025 1.00001 1.00002 2.50001 0.00499993 30 4 1 1 
-0.42125 4.1367e-06 0.00421018 0.0025 1 1 2.5 0.00499998 31 4 1 1 
-0.41875 7.4966e-07 0.000896632 0.0025 1 1 2.5 0.005 32 4 1 1 
-0.41625 1.00376e-07 0.000149863 0.0025 1 1 2.5 0.005 33 4 1 1 
-0.41375 6.93137e-09 1.63707e-05 0.0025 1 1 2.5 0.005 34 4 1 1 
-0.41125 -3.49616e-10 -1.56318e-07 0.0025 1 1 2.5 0.005 35 4 1 1 
-0.40875 8.89872e-11 -1.23992e-07 0.0025 1 1 2.5 0.005 36 5 1 1 
-0.40625 7.09383e-11 3.94508e-08 0.0025 1 1 2.5 0.005 37 3 1 1 
-0.40375 1.95327e-11 1.98264e-08 0.0025 1 1 2.5 0.005 38 4 1 1 
-0.40125 3.19348e-12 4.57368e-09 0.0025 1 1 2.5 0.005 39 4 1 1 
-0.39875 2.44593e-13 5.83611e-10 0.0025 1 1 2.5 0.005 40 4 1 1 
-0.39625 -9.48704e-15 1.7053e-12 0.0025 1 1 2.5 0.005 41 4 1 1 
-0.39375 -8.50208e-16 -2.78533e-12 0.0025 1 1 2.5 0.005 42 5 1 1 
-0.39125 -1.6669e-17 -5.68434e-14 0.0025 1 1 2.5 0.005 43 5 1 1 
-0.38875 0 0 0.0025 1 1 2.5 0.005 44 5 1 1 
-0.38625 0 0 0.0025 1 1 2.5 0.005 45 5 1 1 
-0.38375 0 0 0.0025 1 1 2.5 0.005 46 5 1 1 
-0.38125 0 0 0.0025 1 1 2.5 0.005 47 5 1 1 
-0.37875 0 0 0.0025 1 1 2.5 0.005 48 5 1 1 
-0.37625 0 0 0.0025 1 1 2.5 0.005 49 5 1 1 
-0.37375 0 0 0.0025 1 1 2.5 0.005 50 5 1 1 
-0.37125 0 0 0.0025 1 1 2.5 0.005 51 5 1 1 
-0.36875 0 0 0.0025 1 1 2.5 0.005 52 5 1 1 
-0.36625 0 0 0.0025 1 1 2.5 0.005 53 5 1 1 
-0.36375 0 0 0.0025 1 1 2.5 0.005 54 5 1 1 
-0.36125 0 0 0.0025 1 1 2.5 0.005 55 5 1 1 
-0.35875 0 0 0.0025 1 1 2.5 0.005 56 5 1 1 
-0.35625 0 0 0.0025 1 1 2.5 0.005 57 5 1 1 
-0.35375 0 0 0.0025 1 1 2.5 0.005 58 5 1 1 
-0.35125 0 0 0.0025 1 1 2.5 0.005 59 5 1 1 
-0.34875 0 0 0.0025 1 1 2.5 0.005 60 5 1 1 
-0.34625 0 0 0.0025 1 1 2.5 0.005 61 5 1 1 
-0.34375 0 0 0.0025 1 1 2.5 0.005 62 5 1 1 
-0.34125 0 0 0.0025 1 1 2.5 0.005 63 5 1 1 
-0.33875 0 0 0.0025 1 1 2.5 0.005 64 5 1 1 
-0.33625 0 0 0.0025 1 1 2.5 0.005 65 5 1 1 
-0.33375 0 0 0.0025 1 1 2.5 0.005 66 5 1 1 
-0.33125 0 0 0.0025 1 1 2.5 0.005 67 5 1 1 
-0.32875 0 0 0.0025 1 1 2.5 0.005 68 5 1 1 
-0.32625 0 0 0.0025 1 1 2.5 0.005 69 5 1 1 
-0.32375 0 0 0.0025 1 1 2.5 0.005 70 5 1 1 
-0.32125 0 0 0.0025 1 1 2.5 0.005 71 5 1 1 
-0.31875 0 0 0.0025 1 1 2.5 0.005 72 5 1 1 
-0.31625 0 0 0.0025 1 1 2.5 0.005 73 5 1 1 
-0.31375 0 0 0.0025 1 1 2.5 0.005 74 5 1 1 
-0.31125 0 0 0.0025 1 1 2.5 0.005 75 5 1 1 
-0.30875 0 0 0.0025 1 1 2.5 0.005 76 5 1 1 
-0.30625 0 0 0.0025 1 1 2.5 0.005 77 5 1 1 
-0.30375 0 0 0.0025 1 1 2.5 0.005 78 5 1 1 
-0.30125 0 0 0.0025 1 1 2.5 0.005 79 5 1 1 
-0.29875 0 0 0.0025 1 1 2.5 0.005 80 5 1 1 
-0.29625 0 0 0.0025 1 1 2.5 0.005 81 5 1 1 
-0.29375 0 0 0.0025 1 1 2.5 0.005 82 5 1 1 
-0.29125 0 0 0.0025 1 1 2.5 0.005 83 5 1 1 
-0.28875 0 0 0.0025 1 1 2.5 0.005 84 5 1 1 
-0.28625 0 0 0.0025 1 1 2.5 0.005 85 5 1 1 
-0.28375 0 0 0.0025 1 1 2.5 0.005 86 5 1 1 
-0.28125 0 0 0.0025 1 1 2.5 0.005 87 5 1 1 
-0.27875 0 0 0.0025 1 1 2.5 0.005 88 5 1 1 
-0.27625 0 0 0.0025 1 1 2.5 0.005 89 5 1 1 
-0.27375 0 0 0.0025 1 1 2.5 0.005 90 5 1 1 
-0.27125 0 0 0.0025 1 1 2.5 0.005 91 5 1 1 
-0.26875 0 0 0.0025 1 1 2.5 0.005 92 5 1 1 
-0.26625 0 0 0.0025 1 1 2.5 0.005 93 5 1 1 
-0.26375 0 0 0.0025 1 1 2.5 0.005 94 5 1 1 
-0.26125 0 0 0.0025 1 1 2.5 0.005 95 5 1 1 
-0.25875 0 0 0.0025 1 1 2.5 0.005 96 5 1 1 
-0.25625 0 0 0.0025 1 1 2.5 0.005 97 5 1 1 
-0.25375 0 0 0.0025 1 1 2.5 0.005 98 5 1 1 
-0.25125 0 0 0.0025 1 1 2.5 0.005 99 5 1 1 
-0.24875 0 0 0.0025 1 1 2.5 0.005 100 5 1 1 
-0.24625 0 0 0.0025 1 1 2.5 0.005 101 5 1 1 
-0.24375 0 0 0.0025 1 1 2.5 0.005 102 5 1 1 
-0.24125 0 0 0.0025 1 1 2.5 0.005 103 5 1 1 
-0.23875 0 0 0.0025 1 1 2.5 0.005 104 5 1 1 
-0.23625 0 0 0.0025 1 1 2.5 0.005 105 5 1 1 
-0.23375 0 0 0.0025 1 1 2.5 0.005 106 5 1 1 
-0.23125 0 0 0.0025 1 1 2.5 0.005 107 5 1 1 
-0.22875 0 0 0.0025 1 1 2.5 0.005 108 5 1 1 
-0.22625 0 0 0.0025 1 1 2.5 0.005 109 5 1 1 
-0.22375 0 0 0.0025 1 1 2.5 0.005 110 5 1 1 
-0.22125 0 0 0.0025 1 1 2.5 0.005 111 5 1 1 
-0.21875 0 0 0.0025 1 1 2.5 0.005 112 5 1 1 
-0.21625 0 0 0.0025 1 1 2.5 0.005 113 5 1 1 
-0.21375 0 0 0.0025 1 1 2.5 0.005 114 5 1 1 
-0.21125 0 0 0.0025 1 1 2.5 0.005 115 5 1 1 
-0.20875 0 0 0.0025 1 1 2.5 0.005 116 5 1 1 
-0.20625 0 0 0.0025 1 1 2.5 0.005 117 5 1 1 
-0.20375 0 0 0.0025 1 1 2.5 0.005 118 5 1 1 
-0.20125 0 0 0.0025 1 1 2.5 0.005 119 5 1 1 
-0.19875 0 0 0.0025 1 1 2.5 0.005 120 5 1 1 
-0.19625 0 0 0.0025 1 1 2.5 0.005 121 5 1 1 
-0.19375 0 0 0.0025 1 1 2.5 0.005 122 5 1 1 
-0.19125 0 0 0.0025 1 1 2.5 0.005 123 5 1 1 
-0.18875 0 0 0.0025 1 1 2.5 0.005 124 5 1 1 
-0.18625 0 0 0.0025 1 1 2.5 0.005 125 5 1 1 
-0.18375 0 0 0.0025 1 1 2.5 0.005 126 5 1 1 
-0.18125 0 0 0.0025 1 1 2.5 0.005 127 5 1 1 
-0.17875 0 0 0.0025 1 1 2.5 0.005 128 5 1 1 
-0.17625 0 0 0.0025 1 1 2.5 0.005 129 5 1 1 
-0.17375 0 0 0.0025 1 1 2.5 0.005 130 5 1 1 
-0.17125 0 0 0.0025 1 1 2.5 0.005 131 5 1 1 
-0.16875 0 0 0.0025 1 1 2.5 0.005 132 5 1 1 
-0.16625 0 0 0.0025 1 1 2.5 0.005 133 5 1 1 
-0.16375 0 0 0.0025 1 1 2.5 0.005 134 5 1 1 
-0.16125 0 0 0.0025 1 1 2.5 0.005 135 5 1 1 
-0.15875 0 0 0.0025 1 1 2.5 0.005 136 5 1 1 
-0.15625 0 0 0.0025 1 1 2.5 0.005 137 5 1 1 
-0.15375 0 0 0.0025 1 1 2.5 0.005 138 5 1 1 
-0.15125 0 0 0.0025 1 1 2.5 0.005 139 5 1 1 
-0.14875 0 0 0.0025 1 1 2.5 0.005 140 5 1 1 
-0.14625 0 0 0.0025 1 1 2.5 0.005 141 5 1 1 
-0.14375 0 0 0.0025 1 1 2.5 0.005 142 5 1 1 
-0.14125 0 0 0.0025 1 1 2.5 0.005 143 5 1 1 
-0.13875 0 0 0.0025 1 1 2.5 0.005 144 5 1 1 
-0.13625 0 0 0.0025 1 1 2.5 0.005 145 5 1 1 
-0.13375 0 0 0.0025 1 1 2.5 0.005 146 5 1 1 
-0.13125 0 0 0.0025 1 1 2.5 0.005 147 5 1 1 
-0.12875 0 0 0.0025 1 1 2.5 0.005 148 5 1 1 
-0.12625 0 0 0.0025 1 1 2.5 0.005 149 5 1 1 
-0.12375 0 0 0.0025 1 1 2.5 0.005 150 5 1 1 
-0.12125 0 0 0.0025 1 1 2.5 0.005 151 5 1 1 
-0.11875 0 0 0.0025 1 1 2.5 0.005 152 5 1 1 
-0.11625 0 0 0.0025 1 1 2.5 0.005 153 5 1 1 
-0.11375 0 0 0.0025 1 1 2.5 0.005 154 5 1 1 
-0.11125 0 0 0.0025 1 1 2.5 0.005 155 5 1 1 
-0.10875 0 0 0.0025 1 1 2.5 0.005 156 5 1 1 
-0.10625 0 0 0.0025 1 1 2.5 0.005 157 5 1 1 
-0.10375 0 0 0.0025 1 1 2.5 0.005 158 5 1 1 
-0.10125 0 0 0.0025 1 1 2.5 0.005 159 5 1 1 
-0.09875 0 0 0.0025 1 1 2.5 0.005 160 5 1 1 
-0.09625 0 0 0.0025 1 1 2.5 0.005 161 5 1 1 
-0.09375 0 0 0.0025 1 1 2.5 0.005 162 5 1 1 
-0.09125 0 0 0.0025 1 1 2.5 0.005 163 5 1 1 
-0.08875 0 0 0.0025 1 1 2.5 0.005 164 5 1 1 
-0.08625 0 0 0.0025 1 1 2.5 0.005 165 5 1 1 
-0.08375 0 0 0.0025 1 1 2.5 0.005 166 5 1 1 
-0.08125 0 0 0.0025 1 1 2.5 0.005 167 5 1 1 
-0.07875 0 0 0.0025 1 1 2.5 0.005 168 5 1 1 
-0.07625 0 0 0.0025 1 1 2.5 0.005 169 5 1 1 
-0.07375 0 0 0.0025 1 1 2.5 0.005 170 5 1 1 
-0.07125 0 0 0.0025 1 1 2.5 0.005 171 5 1 1 
-0.06875 0 0 0.0025 1 1 2.5 0.005 172 5 1 1 
-0.06625 0 0 0.0025 1 1 2.5 0.005 173 5 1 1 
-0.06375 0 0 0.0025 1 1 2.5 0.005 174 5 1 1 
-0.06125 0 0 0.0025 1 1 2.5 0.005 175 5 1 1 
-0.05875 0 0 0.0025 1 1 2.5 0.005 176 5 1 1 
-0.05625 0 0 0.0025 1 1 2.5 0.005 177 5 1 1 
-0.05375 -3.28739e-48 -1.12104e-44 0.0025 1 1 2.5 0.005 178 5 1 1 
-0.05125 -1.6669e-17 -5.68434e-14 0.0025 1 1 2.5 0.005 179 5 1 1 
-0.04875 -1.82383e-16 5.68434e-14 0.0025 1 1 2.5 0.005 180 5 1 1 
-0.04625 -3.46057e-16 -5.68434e-14 0.0025 1 1 2.5 0.005 181 5 1 1 
-0.04375 -5.90975e-16 -2.24208e-44 0.0025 1 1 2.5 0.005 182 5 1 1 
-0.04125 -9.81681e-16 -1.13687e-13 0.0025 1 1 2.5 0.005 183 5 1 1 
-0.03875 -1.48196e-15 5.68434e-14 0.0025 1 1 2.5 0.005 184 5 1 1 
-0.03625 -1.87388e-15 -5.52203e-28 0.0025 1 1 2.5 0.005 185 5 1 1 
-0.03375 -3.59194e-15 -1.13687e-13 0.0025 1 1 2.5 0.005 186 4 1 1 
-0.03125 3.03283e-17 5.68434e-14 0.0025 1 1 2.5 0.005 187 3 1 1 
-0.02875 -4.61073e-16 -5.68434e-14 0.0025 1 1 2.5 0.005 188 3 1 1 
-0.02625 -2.85013e-16 -5.68434e-14 0.0025 1 1 2.5 0.005 189 3 1 1 
-0.02375 -4.12381e-16 -5.68434e-14 0.0025 1 1 2.5 0.005 190 3 1 1 
-0.02125 1.26474e-15 7.38964e-13 0.0025 1 1 2.5 0.005 191 4 1 1 
-0.01875 5.82042e-16 -9.66338e-13 0.0025 1 1 2.5 0.005 192 3 1 1 
-0.01625 2.42723e-15 4.54747e-13 0.0025 1 1 2.5 0.005 193 5 1 1 
-0.01375 -6.6382e-16 -1.13687e-13 0.0025 1 1 2.5 0.005 194 4 1 1 
-0.01125 1.44086e-15 1.13687e-13 0.0025 1 1 2.5 0.005 195 3 1 1 
-0.00875 1.43751e-15 4.43734e-28 0.0025 1 1 2.5 0.005 196 4 1 1 
-0.00625 5.11962e-16 5.68434e-14 0.0025 1 1 2.5 0.005 197 5 1 1 
-0.00375 4.00693e-16 -2.27374e-13 0.0025 1 1 2.5 0.005 198 3 1 1 
-0.00125 3.4787e-16 1.7053e-13 0.0025 1 1 2.5 0.005 199 3 1 1 
0.00125 1.67055e-16 2.27374e-13 0.0025 1 1 2.5 0.005 200 4 1 1 
0.00375 1.26953e-16 -1.13687e-13 0.0025 1 1 2.5 0.005 201 5 1 1 
0.00625 -7.47538e-16 -5.68434e-14 0.0025 1 1 2.5 0.005 202 4 1 1 
0.00875 -1.11971e-15 -5.68434e-14 0.0025 1 1 2.5 0.005 203 4 1 1 
0.01125 -1.13992e-15 2.07076e-28 0.0025 1 1 2.5 0.005 204 3 1 1 
0.01375 -6.98389e-16 -1.13687e-13 0.0025 1 1 2.5 0.005 205 4 1 1 
0.01625 -2.99148e-15 -2.27374e-13 0.0025 1 1 2.5 0.005 206 4 1 1 
0.01875 7.15199e-16 2.84217e-13 0.0025 1 1 2.5 0.005 207 4 1 1 
0.02125 -2.35494e-15 -1.7053e-13 0.0025 1 1 2.5 0.005 208 4 1 1 
0.02375 6.32152e-16 1.13687e-13 0.0025 1 1 2.5 0.005 209 3 1 1 
0.02625 4.43928e-16 0 0.0025 1 1 2.5 0.005 210 3 1 1 
0.02875 8.3805e-17 -6.31089e-28 0.0025 1 1 2.5 0.005 211 3 1 1 
0.03125 3.6577e-15 3.15544e-28 0.0025 1 1 2.5 0.005 212 4 1 1 
0.03375 1.93964e-15 1.13687e-13 0.0025 1 1 2.5 0.005 213 5 1 1 
0.03625 1.51417e-15 5.68434e-14 0.0025 1 1 2.5 0.005 214 5 1 1 
0.03875 1.04719e-15 1.12104e-44 0.0025 1 1 2.5 0.005 215 5 1 1 
0.04125 5.90476e-16 2.24208e-44 0.0025 1 1 2.5 0.005 216 5 1 1 
0.04375 3.62776e-16 2.24208e-44 0.0025 1 1 2.5 0.005 217 5 1 1 
0.04625 1.82236e-16 5.68434e-14 0.0025 1 1 2.5 0.005 218 5 1 1 
0.04875 3.32951e-17 1.12104e-44 0.0025 1 1 2.5 0.005 219 5 1 1 
0.05125 6.56631e-48 0 0.0025 1 1 2.5 0.005 220 5 1 1 
0.05375 0 0 0.0025 1 1 2.5 0.005 221 5 1 1 
0.05625 0 0 0.0025 1 1 2.5 0.005 222 5 1 1 
0.05875 0 0 0.0025 1 1 2.5 0.005 223 5 1 1 
0.06125 0 0 0.0025 1 1 2.5 0.005 224 5 1 1 
0.06375 0 0 0.0025 1 1 2.5 0.005 225 5 1 1 
0.06625 0 0 0.0025 1 1 2.5 0.005 226 5 1 1 
0.06875 0 0 0.0025 1 1 2.5 0.005 227 5 1 1 
0.07125 0 0 0.0025 1 1 2.5 0.005 228 5 1 1 
0.07375 0 0 0.0025 1 1 2.5 0.005 229 5 1 1 
0.07625 0 0 0.0025 1 1 2.5 0.005 230 5 1 1 
0.07875 0 0 0.0025 1 1 2.5 0.005 231 5 1 1 
0.08125 0 0 0.0025 1 1 2.5 0.005 232 5 1 1 
0.08375 0 0 0.0025 1 1 2.5 0.005 233 5 1 1 
0.08625 0 0 0.0025 1 1 2.5 0.005 234 5 1 1 
0.08875 0 0 0.0025 1 1 2.5 0.005 235 5 1 1 
0.09125 0 0 0.0025 1 1 2.5 0.005 236 5 1 1 
0.09375 -9.84558e-48 -1.12104e-44 0.0025 1 1 2.5 0.005 237 5 1 1 
0.09625 -3.3254e-17 -1.12104e-44 0.0025 1 1 2.5 0.005 238 5 1 1 
0.09875 -1.99088e-16 0 0.0025 1 1 2.5 0.005 239 5 1 1 
0.10125 -4.13578e-16 -5.68434e-14 0.0025 1 1 2.5 0.005 240 5 1 1 
0.10375 -7.25568e-16 -2.24208e-44 0.0025 1 1 2.5 0.005 241 5 1 1 
0.10625 -1.14971e-15 3.36312e-44 0.0025 1 1 2.5 0.005 242 5 1 1 
0.10875 -1.48422e-15 5.68434e-14 0.0025 1 1 2.5 0.005 243 5 1 1 
0.11125 2.16626e-16 6.82121e-13 0.0025 1 1 2.5 0.005 244 5 1 1 
0.11375 -1.69628e-15 4.54747e-13 0.0025 1 1 2.5 0.005 245 5 1 1 
0.11625 2.05097e-15 -6.25278e-13 0.0025 1 1 2.5 0.005 246 5 1 1 
0.11875 -1.056e-15 -6.82121e-13 0.0025 1 1 2.5 0.005 247 5 1 1 
0.12125 4.34178e-16 4.54747e-13 0.0025 1 1 2.5 0.005 248 5 1 1 
0.12375 -4.4623e-15 6.25278e-13 0.0025 1 1 2.5 0.005 249 4 1 1 
0.12625 4.4623e-15 -6.25278e-13 0.0025 1 1 2.5 0.005 250 4 1 1 
0.12875 -4.34178e-16 -4.54747e-13 0.0025 1 1 2.5 0.005 251 5 1 1 
0.13125 1.056e-15 6.82121e-13 0.0025 1 1 2.5 0.005 252 5 1 1 
0.13375 -2.05097e-15 6.25278e-13 0.0025 1 1 2.5 0.005 253 5 1 1 
0.13625 1.69628e-15 -4.54747e-13 0.0025 1 1 2.5 0.005 254 5 1 1 
0.13875 -2.16626e-16 -6.82121e-13 0.0025 1 1 2.5 0.005 255 5 1 1 
0.14125 1.48422e-15 -5.68434e-14 0.0025 1 1 2.5 0.005 256 5 1 1 
0.14375 1.14971e-15 -3.36312e-44 0.0025 1 1 2.5 0.005 257 5 1 1 
0.14625 7.25568e-16 2.24208e-44 0.0025 1 1 2.5 0.005 258 5 1 1 
0.14875 4.13578e-16 5.68434e-14 0.0025 1 1 2.5 0.005 259 5 1 1 
0.15125 1.99088e-16 0 0.0025 1 1 2.5 0.005 260 5 1 1 
0.15375 3.3254e-17 1.12104e-44 0.0025 1 1 2.5 0.005 261 5 1 1 
0.15625 9.84558e-48 1.12104e-44 0.0025 1 1 2.5 0.005 262 5 1 1 
0.15875 0 0 0.0025 1 1 2.5 0.005 263 5 1 1 
0.16125 0 0 0.0025 1 1 2.5 0.005 264 5 1 1 
0.16375 0 0 0.0025 1 1 2.5 0.005 265 5 1 1 
0.16625 0 0 0.0025 1 1 2.5 0.005 266 5 1 1 
0.16875 0 0 0.0025 1 1 2.5 0.005 267 5 1 1 
0.17125 0 0 0.0025 1 1 2.5 0.005 268 5 1 1 
0.17375 0 0 0.0025 1 1 2.5 0.005 269 5 1 1 
0.17625 0 0 0.0025 1 1 2.5 0.005 270 5 1 1 
0.17875 0 0 0.0025 1 1 2.5 0.005 271 5 1 1 
0.18125 0 0 0.0025 1 1 2.5 0.005 272 5 1 1 
0.18375 0 0 0.0025 1 1 2.5 0.005 273 5 1 1 
0.18625 0 0 0.0025 1 1 2.5 0.005 274 5 1 1 
0.18875 0 0 0.0025 1 1 2.5 0.005 275 5 1 1 
0.19125 0 0 0.0025 1 1 2.5 0.005 276 5 1 1 
0.19375 0 0 0.0025 1 1 2.5 0.005 277 5 1 1 
0.19625 0 0 0.0025 1 1 2.5 0.005 278 5 1 1 
0.19875 0 0 0.0025 1 1 2.5 0.005 279 5 1 1 
0.20125 0 0 0.0025 1 1 2.5 0.005 280 5 1 1 
0.20375 0 0 0.0025 1 1 2.5 0.005 281 5 1 1 
0.20625 0 0 0.0025 1 1 2.5 0.005 282 5 1 1 
0.20875 0 0 0.0025 1 1 2.5 0.005 283 5 1 1 
0.21125 0 0 0.0025 1 1 2.5 0.005 284 5 1 1 
0.21375 -4.26358e-47 -1.12104e-44 0.0025 1 1 2.5 0.005 285 5 1 1 
0.21625 -1.49731e-16 -5.68434e-14 0.0025 1 1 2.5 0.005 286 5 1 1 
0.21875 -4.31726e-16 -1.13687e-13 0.0025 1 1 2.5 0.005 287 5 1 1 
0.22125 -1.07817e-15 -5.68434e-14 0.0025 1 1 2.5 0.005 288 5 1 1 
0.22375 -1.87088e-15 -1.7053e-13 0.0025 1 1 2.5 0.005 289 5 1 1 
0.22625 -3.27299e-15 -1.13687e-13 0.0025 1 1 2.5 0.005 290 5 1 1 
0.22875 -5.39356e-15 -2.84217e-13 0.0025 1 1 2.5 0.005 291 5 1 1 
0.23125 -6.67553e-15 2.24208e-44 0.0025 1 1 2.5 0.005 292 5 1 1 
0.23375 -7.63039e-15 4.93257e-43 0.0025 1 1 2.5 0.005 293 5 1 1 
0.23625 1.24455e-15 1.25056e-12 0.0025 1 1 2.5 0.005 294 5 1 1 
0.23875 -1.80358e-15 1.25056e-12 0.0025 1 1 2.5 0.005 295 5 1 1 
0.24125 5.12811e-15 -1.25056e-12 0.0025 1 1 2.5 0.005 296 5 1 1 
0.24375 -7.74255e-16 -1.08002e-12 0.0025 1 1 2.5 0.005 297 5 1 1 
0.24625 3.58943e-16 3.97904e-13 0.0025 1 1 2.5 0.005 298 5 1 1 
0.24875 -8.85237e-15 5.11591e-13 0.0025 1 1 2.5 0.005 299 3 1 1 
0.25125 8.85237e-15 -5.11591e-13 0.0025 1 1 2.5 0.005 300 3 1 1 
0.25375 -3.58943e-16 -3.97904e-13 0.0025 1 1 2.5 0.005 301 5 1 1 
0.25625 7.74255e-16 1.08002e-12 0.0025 1 1 2.5 0.005 302 5 1 1 
0.25875 -5.12811e-15 1.25056e-12 0.0025 1 1 2.5 0.005 303 5 1 1 
0.26125 1.80358e-15 -1.25056e-12 0.0025 1 1 2.5 0.005 304 5 1 1 
0.26375 -1.24455e-15 -1.25056e-12 0.0025 1 1 2.5 0.005 305 5 1 1 
0.26625 7.63039e-15 -4.93257e-43 0.0025 1 1 2.5 0.005 306 5 1 1 
0.26875 6.67553e-15 -2.24208e-44 0.0025 1 1 2.5 0.005 307 5 1 1 
0.27125 5.39356e-15 2.84217e-13 0.0025 1 1 2.5 0.005 308 5 1 1 
0.27375 3.27299e-15 1.13687e-13 0.0025 1 1 2.5 0.005 309 5 1 1 
0.27625 1.87088e-15 1.7053e-13 0.0025 1 1 2.5 0.005 310 5 1 1 
0.27875 1.07817e-15 5.68434e-14 0.0025 1 1 2.5 0.005 311 5 1 1 
0.28125 4.31726e-16 1.13687e-13 0.0025 1 1 2.5 0.005 312 5 1 1 
0.28375 1.49731e-16 5.68434e-14 0.0025 1 1 2.5 0.005 313 5 1 1 
0.28625 4.26358e-47 1.12104e-44 0.0025 1 1 2.5 0.005 314 5 1 1 
0.28875 0 0 0.0025 1 1 2.5 0.005 315 5 1 1 
0.29125 0 0 0.0025 1 1 2.5 0.005 316 5 1 1 
0.29375 0 0 0.0025 1 1 2.5 0.005 317 5 1 1 
0.29625 0 0 0.0025 1 1 2.5 0.005 318 5 1 1 
0.29875 0 0 0.0025 1 1 2.5 0.005 319 5 1 1 
0.30125 0 0 0.0025 1 1 2.5 0.005 320 5 1 1 
0.30375 0 0 0.0025 1 1 2.5 0.005 321 5 1 1 
0.30625 0 0 0.0025 1 1 2.5 0.005 322 5 1 1 
0.30875 0 0 0.0025 1 1 2.5 0.005 323 5 1 1 
0.31125 0 0 0.0025 1 1 2.5 0.005 324 5 1 1 
0.31375 0 0 0.0025 1 1 2.5 0.005 325 5 1 1 
0.31625 0 0 0.0025 1 1 2.5 0.005 326 5 1 1 
0.31875 0 0 0.0025 1 1 2.5 0.005 327 5 1 1 
0.32125 0 0 0.0025 1 1 2.5 0.005 328 5 1 1 
0.32375 0 0 0.0025 1 1 2.5 0.005 329 5 1 1 
0.32625 0 0 0.0025 1 1 2.5 0.005 330 5 1 1 
0.32875 0 0 0.0025 1 1 2.5 0.005 331 5 1 1 
0.33125 0 0 0.0025 1 1 2.5 0.005 332 5 1 1 
0.33375 0 0 0.0025 1 1 2.5 0.005 333 5 1 1 
0.33625 0 0 0.0025 1 1 2.5 0.005 334 5 1 1 
0.33875 0 0 0.0025 1 1 2.5 0.005 335 5 1 1 
0.34125 0 0 0.0025 1 1 2.5 0.005 336 5 1 1 
0.34375 0 0 0.0025 1 1 2.5 0.005 337 5 1 1 
0.34625 0 0 0.0025 1 1 2.5 0.005 338 5 1 1 
0.34875 0 0 0.0025 1 1 2.5 0.005 339 5 1 1 
0.35125 0 0 0.0025 1 1 2.5 0.005 340 5 1 1 
0.35375 0 0 0.0025 1 1 2.5 0.005 341 5 1 1 
0.35625 0 0 0.0025 1 1 2.5 0.005 342 5 1 1 
0.35875 0 0 0.0025 1 1 2.5 0.005 343 5 1 1 
0.36125 0 0 0.0025 1 1 2.5 0.005 344 5 1 1 
0.36375 0 0 0.0025 1 1 2.5 0.005 345 5 1 1 
0.36625 0 0 0.0025 1 1 2.5 0.005 346 5 1 1 
0.36875 0 0 0.0025 1 1 2.5 0.005 347 5 1 1 
0.37125 0 0 0.0025 1 1 2.5 0.005 348 5 1 1 
0.37375 0 0 0.0025 1 1 2.5 0.005 349 5 1 1 
0.37625 0 0 0.0025 1 1 2.5 0.005 350 5 1 1 
0.37875 0 0 0.0025 1 1 2.5 0.005 351 5 1 1 
0.38125 0 0 0.0025 1 1 2.5 0.005 352 5 1 1 
0.38375 0 0 0.0025 1 1 2.5 0.005 353 5 1 1 
0.38625 0 0 0.0025 1 1 2.5 0.005 354 5 1 1 
0.38875 6.57477e-48 2.24208e-44 0.0025 1 1 2.5 0.005 355 5 1 1 
0.39125 3.33381e-17 1.13687e-13 0.0025 1 1 2.5 0.005 356 5 1 1 
0.39375 9.99831e-16 2.50111e-12 0.0025 1 1 2.5 0.005 357 5 1 1 
0.39625 5.98333e-15 -1.83036e-11 0.0025 1 1 2.5 0.005 358 4 1 1 
0.39875 -3.33749e-13 -6.645e-10 0.0025 1 1 2.5 0.005 359 4 1 1 
0.40125 -3.22177e-12 -4.18697e-09 0.0025 1 1 2.5 0.005 360 4 1 1 
0.40375 -1.68683e-11 -1.48904e-08 0.0025 1 1 2.5 0.005 361 4 1 1 
0.40625 -5.02957e-11 -1.65422e-08 0.0025 1 1 2.5 0.005 362 3 1 1 
0.40875 -1.24912e-11 1.7512e-07 0.0025 1 1 2.5 0.005 363 5 1 1 
0.41125 1.24399e-10 -6.90119e-07 0.0025 1 1 2.5 0.005 364 4 1 1 
0.41375 -9.79828e-09 -1.94399e-05 0.0025 1 1 2.5 0.005 365 4 1 1 
0.41625 -1.11028e-07 -0.000155388 0.0025 1 1 2.5 0.005 366 4 1 1 
0.41875 -7.57716e-07 -0.000868334 0.0025 1 1 2.5 0.005 367 4 1 1 
0.42125 -3.95937e-06 -0.00389469 0.0025 1 1 2.5 0.00499998 368 4 1 1 
0.42375 -1.71723e-05 -0.0147915 0.0025 1.00001 1.00002 2.50001 0.00499993 369 4 1 1 
0.42625 -6.4228e-05 -0.0488747 0.0025 1.00005 1.00007 2.50005 0.00499975 370 4 1 1 
0.42875 -0.000211644 -0.142666 0.0025 1.00016 1.00022 2.50016 0.00499918 371 4 1 1 
0.431249 -0.000622377 -0.370967 0.0025 1.00048 1.00065 2.50047 0.00499762 372 4 1 0.999998 
0.433747 -0.00164522 -0.861167 0.0025 1.00125 1.00173 2.50123 0.00499374 373 4 1 0.999989 
0.436243 -0.00391842 -1.77579 0.0025 1.00298 1.00413 2.50295 0.00498514 374 4 1 0.99996 
0.438733 -0.00838452 -3.20645 0.0025 1.00638 1.00888 2.50633 0.00496832 375 4 1 0.999888 
0.441211 -0.016004 -4.95678 0.0025 1.01222 1.01709 2.51216 0.00493964 376 4 1 0.999771 
0.443672 -0.0270301 -6.3798 0.0025 1.02083 1.02927 2.52076 0.00489798 377 4 1 0.99968 
0.446109 -0.0401951 -6.56831 0.0025 1.03144 1.04438 2.53135 0.00484759 378 4 1 0.999741 
0.44852 -0.0525718 -5.0144 0.0025 1.04164 1.05902 2.5415 0.00480011 379 4 1 1.00006 
0.45091 -0.0581109 1.88631 0.0025 1.04359 1.06231 2.54381 0.00479117 380 3 1 1.00003 
0.453311 -0.0313098 27.1994 0.0025 1.01885 1.02741 2.51979 0.00490749 381 4 1 0.999643 
0.455819 0.0376184 33.1331 0.0025 0.96956 0.95779 2.4698 0.00515698 382 4 1 0.994452 
0.458473 0.0971339 21.3174 0.0025 0.92175 0.892044 2.42002 0.00542446 383 4 1 0.993172 
0.461247 0.146451 21.0363 0.0025 0.880604 0.837077 2.37646 0.00567792 384 4 1 0.994827 
0.464155 0.204942 24.3678 0.0025 0.836946 0.779616 2.32873 0.0059741 385 4 1 0.993977 
0.467227 0.271021 24.4278 0.0025 0.790275 0.719388 2.27587 0.00632691 386 4 1 0.992272 
0.470488 0.340212 23.4205 0.0025 0.743458 0.660432 2.22096 0.00672533 387 4 1 0.991265 
0.47396 0.410966 21.9151 0.0025 0.698177 0.604814 2.16586 0.00716151 388 4 1 0.990716 
0.477659 0.479745 18.8813 0.0025 0.65668 0.555085 2.11344 0.00761406 389 4 1 0.990878 
0.481583 0.539408 13.7802 0.0025 0.622384 0.514926 2.0686 0.00803363 390 4 1 0.992474 
0.485699 0.581309 7.73396 0.0025 0.598121 0.48708 2.03604 0.00835951 391 4 1 0.995413 
0.489945 0.606825 5.98177 0.0025 0.581269 0.468059 2.01306 0.00860186 392 4 1 0.997658 
0.494302 0.640387 10.6987 0.0025 0.562901 0.447507 1.98748 0.00888255 393 4 1 0.997678 
0.498831 0.684175 7.00994 0.0025 0.544662 0.427286 1.96147 0.00918 394 4 1 0.996795 
0.503484 0.686955 -3.87548 0.0025 0.539188 0.421384 1.9539 0.0092732 395 5 1 0.999582 
0.508105 0.678981 -0.00651719 0.0025 0.5417 0.424373 1.95846 0.0092302 396 3 1 1.00001 
0.512714 0.678612 0.152697 0.0025 0.541008 0.423572 1.95733 0.009242 397 4 1 1.00002 
0.517347 0.678379 -0.435158 0.0025 0.527953 0.408347 1.93364 0.00947055 398 4 1 0.999652 
0.52219 0.675413 -0.0256516 0.0025 0.504106 0.436985 2.16712 0.00991855 399 4 1 0.994748 
0.527272 0.674028 0.185067 0.0025 0.478132 0.411685 2.15256 0.0104574 400 4 1 0.993576 
0.532658 0.669453 0.48757 0.0025 0.453708 0.443056 2.44127 0.0110203 401 4 1 0.992756 
0.5383 0.658803 2.69085 0.0025 0.437846 0.414106 2.36439 0.0114195 402 4 1 0.996086 
0.544079 0.628305 4.82806 0.0025 0.42221 0.389915 2.3086 0.0118424 403 4 1 0.997531 
0.550151 0.563952 15.1172 0.0025 0.387556 0.342994 2.21222 0.0129014 404 4 1 0.990813 
0.55704 0.379877 36.0711 0.0025 0.331565 0.272051 2.05122 0.01508 405 4 1 0.969542 
0.56543 0.141224 30.4872 0.0025 0.280449 0.212151 1.89152 0.0178285 406 4 1 0.951659 
0.575017 0.0190616 8.96867 0.0025 0.255851 0.185479 1.81262 0.0195426 407 4 1 0.978998 
0.584993 -0.00163558 0.277799 0.0025 0.250214 0.179709 1.7956 0.0199829 408 4 1 0.998301 
0.595 -0.000255132 -0.173036 0.0025 0.249916 0.179415 1.79476 0.0200067 409 5 1 0.999994 
0.605 2.79392e-05 0.00256352 0.0025 0.249999 0.1795 1.795 0.02 410 4 1 1 
0.615 7.08847e-06 0.00205553 0.0025 0.250001 0.179501 1.795 0.0199999 411 3 1 1 
0.625 1.0329e-06 0.000363067 0.0025 0.25 0.1795 1.795 0.02 412 4 1 1 
0.635 1.16724e-07 4.77694e-05 0.0025 0.25 0.1795 1.795 0.02 413 4 1 1 
0.645 1.05252e-08 5.00442e-06 0.0025 0.25 0.1795 1.795 0.02 414 4 1 1 
0.655 7.35354e-10 4.13242e-07 0.0025 0.25 0.1795 1.795 0.02 415 4 1 1 
0.665 3.55842e-11 2.52697e-08 0.0025 0.25 0.1795 1.795 0.02 416 4 1 1 
0.675 6.81773e-13 8.98936e-10 0.0025 0.25 0.1795 1.795 0.02 417 4 1 1 
0.685 -3.783e-14 -1.60298e-11 0.0025 0.25 0.1795 1.795 0.02 418 4 1 1 
0.695 9.71719e-16 -1.7053e-13 0.0025 0.25 0.1795 1.795 0.02 419 5 1 1 
0.705 7.90179e-17 1.42109e-14 0.0025 0.25 0.1795 1.795 0.02 420 5 1 1 
0.715 2.62267e-47 5.60519e-45 0.0025 0.25 0.1795 1.795 0.02 421 5 1 1 
0.725 0 0 0.0025 0.25 0.1795 1.795 0.02 422 5 1 1 
0.735 0 0 0.0025 0.25 0.1795 1.795 0.02 423 5 1 1 
0.745 0 0 0.0025 0.25 0.1795 1.795 0.02 424 5 1 1 
0.755 0 0 0.0025 0.25 0.1795 1.795 0.02 425 5 1 1 
0.765 0 0 0.0025 0.25 0.1795 1.795 0.02 426 5 1 1 
0.775 0 0 0.0025 0.25 0.1795 1.795 0.02 427 5 1 1 
0.785 0 0 0.0025 0.25 0.1795 1.795 0.02 428 5 1 1 
0.795 0 0 0.0025 0.25 0.1795 1.795 0.02 429 5 1 1 
0.805 0 0 0.0025 0.25 0.1795 1.795 0.02 430 5 1 1 
0.815 0 0 0.0025 0.25 0.1795 1.795 0.02 431 5 1 1 
0.825 0 0 0.0025 0.25 0.1795 1.795 0.02 432 5 1 1 
0.835 0 0 0.0025 0.25 0.1795 1.795 0.02 433 5 1 1 
0.845 0 0 0.0025 0.25 0.1795 1.795 0.02 434 5 1 1 
0.855 0 0 0.0025 0.25 0.1795 1.795 0.02 435 5 1 1 
0.865 0 0 0.0025 0.25 0.1795 1.795 0.02 436 5 1 1 
0.875 0 0 0.0025 0.25 0.1795 1.795 0.02 437 5 1 1 
0.885 0 0 0.0025 0.25 0.1795 1.795 0.02 438 5 1 1 
0.895 0 0 0.0025 0.25 0.1795 1.795 0.02 439 5 1 1 
0.905 0 0 0.0025 0.25 0.1795 1.795 0.02 440 5 1 1 
0.915 0 0 0.0025 0.25 0.1795 1.795 0.02 441 5 1 1 
0.925 0 0 0.0025 0.25 0.1795 1.795 0.02 442 5 1 1 
0.935 -2.20942e-47 -2.8026e-45 0.0025 0.25 0.1795 1.795 0.02 443 5 1 1 
0.945 -2.91264e-17 -1.42109e-14 0.0025 0.25 0.1795 1.795 0.02 444 5 1 1 
0.955 -3.89318e-16 -2.84217e-14 0.0025 0.25 0.1795 1.795 0.02 445 5 1 1 
0.965 -1.56023e-15 -1.13687e-13 0.0025 0.25 0.1795 1.795 0.02 446 5 1 1 
0.975 -4.98019e-15 -2.41585e-13 0.0025 0.25 0.1795 1.795 0.02 447 5 1 1 
0.985 -5.17807e-15 -4.26326e-14 0.0025 0.25 0.1795 1.795 0.02 448 5 1 1 
0.995 -1.84882e-14 1.27898e-13 0.0025 0.25 0.1795 1.795 0.02 449 3 1 1 
1.005 1.84882e-14 -1.27898e-13 0.0025 0.25 0.1795 1.795 0.02 450 3 1 1 
1.015 5.17807e-15 4.26326e-14 0.0025 0.25 0.1795 1.795 0.02 451 5 1 1 
1.025 4.98019e-15 2.41585e-13 0.0025 0.25 0.1795 1.795 0.02 452 5 1 1 
1.035 1.56023e-15 1.13687e-13 0.0025 0.25 0.1795 1.795 0.02 453 5 1 1 
1.045 3.89318e-16 2.84217e-14 0.0025 0.25 0.1795 1.795 0.02 454 5 1 1 
1.055 2.91264e-17 1.42109e-14 0.0025 0.25 0.1795 1.795 0.02 455 5 1 1 
1.065 2.20942e-47 2.8026e-45 0.0025 0.25 0.1795 1.795 0.02 456 5 1 1 
1.075 0 0 0.0025 0.25 0.1795 1.795 0.02 457 5 1 1 
1.085 0 0 0.0025 0.25 0.1795 1.795 0.02 458 5 1 1 
1.095 0 0 0.0025 0.25 0.1795 1.795 0.02 459 5 1 1 
1.105 0 0 0.0025 0.25 0.1795 1.795 0.02 460 5 1 1 
1.115 0 0 0.0025 0.25 0.1795 1.795 0.02 461 5 1 1 
1.125 0 0 0.0025 0.25 0.1795 1.795 0.02 462 5 1 1 
1.135 0 0 0.0025 0.25 0.1795 1.795 0.02 463 5 1 1 
1.145 0 0 0.0025 0.25 0.1795 1.795 0.02 464 5 1 1 
1.155 0 0 0.0025 0.25 0.1795 1.795 0.02 465 5 1 1 
1.165 0 0 0.0025 0.25 0.1795 1.795 0.02 466 5 1 1 
1.175 0 0 0.0025 0.25 0.1795 1.795 0.02 467 5 1 1 
1.185 0 0 0.0025 0.25 0.1795 1.795 0.02 468 5 1 1 
1.195 0 0 0.0025 0.25 0.1795 1.795 0.02 469 5 1 1 
1.205 0 0 0.0025 0.25 0.1795 1.795 0.02 470 5 1 1 
1.215 0 0 0.0025 0.25 0.1795 1.795 0.02 471 5 1 1 
1.225 0 0 0.0025 0.25 0.1795 1.795 0.02 472 5 1 1 
1.235 0 0 0.0025 0.25 0.1795 1.795 0.02 473 5 1 1 
1.245 0 0 0.0025 0.25 0.1795 1.795 0.02 474 5 1 1 
1.255 0 0 0.0025 0.25 0.1795 1.795 0.02 475 5 1 1 
1.265 0 0 0.0025 0.25 0.1795 1.795 0.02 476 5 1 1 
1.275 -8.20643e-48 -5.60519e-45 0.0025 0.25 0.1795 1.795 0.02 477 5 1 1 
1.285 -1.2491e-17 -1.42109e-14 0.0025 0.25 0.1795 1.795 0.02 478 5 1 1 
1.295 -5.9061e-16 -3.41061e-13 0.0025 0.25 0.1795 1.795 0.02 479 5 1 1 
1.305 -5.3632e-15 -2.67164e-12 0.0025 0.25 0.1795 1.795 0.02 480 5 1 1 
1.315 -1.00747e-13 -2.94165e-11 0.0025 0.25 0.1795 1.795 0.02 481 3 1 1 
1.325 -2.62064e-13 2.32887e-10 0.0025 0.25 0.1795 1.795 0.02 482 5 1 1 
1.335 3.11688e-12 -9.67788e-10 0.0025 0.25 0.1795 1.795 0.02 483 4 1 1 
1.345 -2.24465e-10 -2.2775e-07 0.0025 0.25 0.1795 1.795 0.02 484 4 1 1 
1.355 -7.90058e-09 -5.1906e-06 0.0025 0.25 0.1795 1.795 0.02 485 4 1 1 
1.365 -1.41367e-07 -7.33185e-05 0.0025 0.25 0.1795 1.795 0.02 486 4 1 1 
1.375 -1.77866e-06 -0.000768039 0.0025 0.250001 0.179501 1.795 0.02 487 4 1 1 
1.385 -1.73626e-05 -0.00636008 0.0025 0.250005 0.179505 1.79501 0.0199996 488 4 1 1 
1.395 -0.000137649 -0.0429406 0.0025 0.250037 0.179537 1.7951 0.0199971 489 4 1 0.999998 
1.405 -0.000903835 -0.236938 0.0025 0.250232 0.179733 1.79566 0.0199814 490 4 1 0.999949 
1.41498 -0.00477678 -0.996298 0.0025 0.251146 0.180652 1.7983 0.0199087 491 4 1 0.999513 
1.42491 -0.0185835 -2.74958 0.0025 0.254096 0.183642 1.80684 0.0196776 492 4 1 0.99826 
1.43466 -0.0485885 -4.26236 0.0025 0.260115 0.189808 1.82426 0.0192222 493 4 1 0.999845 
1.44413 -0.0802419 -1.58418 0.0025 0.264337 0.194192 1.8365 0.0189153 494 3 1 1.00001 
1.45358 -0.043574 11.1707 0.0025 0.249798 0.179418 1.79554 0.0200162 495 4 1 1.00189 
1.46422 0.135695 19.0922 0.0025 0.21074 0.141391 1.67732 0.023726 496 4 1 0.973196 
1.47775 0.394554 19.3481 0.0025 0.159651 0.0958256 1.5006 0.0313183 497 4 1 0.954353 
1.49708 0.80676 17.9035 0.0025 0.106346 0.054238 1.27509 0.0470161 498 5 1 0.987553 
1.53114 1.47001 14.165 0.0025 0.0606661 0.0276866 1.141 0.0824184 499 5 1 1.03225 
