# Time [s]: 0.0540375
# Columns: pos [m], vel [m/s], acc [m/s^2], mass [kg], dens [kg/m^3], pres [Pa], ene [J/kg], sml [m], id, neighbor, alpha, gradh, ...additional?
-0.622883 -2.85664 -9.44359 0.0025 0.0529061 0.0182193 0.860948 0.0945071 0 5 1 1.04181 
-0.583949 -2.26222 -11.1902 0.0025 0.0918656 0.0352961 0.960562 0.0544274 1 5 1 0.978562 
-0.561488 -1.92041 -12.1442 0.0025 0.137551 0.0622796 1.13196 0.0363501 2 4 1 0.948849 
-0.545763 -1.68216 -12.8033 0.0025 0.184069 0.0936476 1.27194 0.0271637 3 4 1 0.95261 
-0.533633 -1.49919 -13.2947 0.0025 0.229195 0.127255 1.38809 0.0218154 4 4 1 0.961125 
-0.523646 -1.34911 -13.7116 0.0025 0.272051 0.161746 1.4864 0.0183789 5 4 1 0.968803 
-0.515096 -1.22067 -14.1286 0.0025 0.31326 0.197039 1.57253 0.0159612 6 4 1 0.974756 
-0.50759 -1.10763 -14.4832 0.0025 0.35329 0.23315 1.64989 0.0141527 7 4 1 0.979224 
-0.500882 -1.00663 -14.8262 0.0025 0.392396 0.270045 1.72053 0.0127422 8 4 1 0.982596 
-0.494806 -0.914527 -15.1819 0.0025 0.430805 0.307744 1.78591 0.0116062 9 4 1 0.985222 
-0.489246 -0.830136 -15.5017 0.0025 0.46865 0.346229 1.847 0.0106689 10 4 1 0.987334 
-0.484115 -0.751792 -15.7622 0.0025 0.505963 0.385411 1.90439 0.00988214 11 4 1 0.989035 
-0.479347 -0.679019 -16.0197 0.0025 0.542775 0.425217 1.95858 0.00921192 12 4 1 0.990459 
-0.47489 -0.610953 -16.189 0.0025 0.579077 0.465544 2.0099 0.00863443 13 4 1 0.99164 
-0.470702 -0.547117 -16.3519 0.0025 0.61485 0.506285 2.05862 0.00813207 14 4 1 0.992634 
-0.46675 -0.487025 -16.4738 0.0025 0.650106 0.547378 2.10501 0.00769105 15 4 1 0.993468 
-0.463005 -0.430313 -16.5922 0.0025 0.684856 0.588762 2.14927 0.0073008 16 4 1 0.994182 
-0.459443 -0.376651 -16.6736 0.0025 0.71911 0.630386 2.1916 0.00695304 17 4 1 0.994799 
-0.456047 -0.32563 -16.7255 0.0025 0.752852 0.672172 2.23214 0.00664141 18 4 1 0.995332 
-0.452798 -0.277152 -16.7585 0.0025 0.786082 0.714063 2.271 0.00636066 19 4 1 0.995807 
-0.449683 -0.231199 -16.7033 0.0025 0.818767 0.755959 2.30828 0.00610674 20 4 1 0.996186 
-0.446689 -0.187269 -16.8709 0.0025 0.851008 0.797944 2.34419 0.00587539 21 4 1 0.996473 
-0.443805 -0.144451 -17.3548 0.0025 0.88305 0.840352 2.37912 0.00566219 22 4 1 0.997058 
-0.441024 -0.104031 -15.856 0.0025 0.913672 0.8815 2.41181 0.00547242 23 4 1 0.99798 
-0.438331 -0.0716587 -11.7357 0.0025 0.940181 0.917333 2.43936 0.00531813 24 4 1 0.997783 
-0.435705 -0.0428758 -15.8866 0.0025 0.966714 0.953506 2.46649 0.00517216 25 4 1 0.996134 
-0.433157 0.00320568 -26.8415 0.0025 1.00267 1.00404 2.50324 0.00498669 26 4 1 0.997608 
-0.430716 0.0507734 -15.4853 0.0025 1.03697 1.05293 2.53743 0.00482175 27 4 1 1.00005 
-0.428335 0.061869 0.768098 0.0025 1.04958 1.07058 2.54942 0.0047638 28 3 1 1 
-0.425952 0.0556414 4.17822 0.0025 1.0451 1.06391 2.54484 0.00478422 29 4 1 0.999989 
-0.423551 0.0451587 5.58514 0.0025 1.03603 1.0509 2.53586 0.00482614 30 4 1 0.999794 
-0.421126 0.0334071 5.83987 0.0025 1.02623 1.03695 2.52614 0.00487219 31 4 1 0.999736 
-0.418678 0.0224869 5.12101 0.0025 1.01744 1.02448 2.51738 0.00491428 32 4 1 0.999772 
-0.416212 0.013794 3.86563 0.0025 1.01061 1.01484 2.51056 0.00494749 33 4 1 0.999854 
-0.413731 0.0077524 2.56306 0.0025 1.00594 1.00827 2.5059 0.0049705 34 4 1 0.999928 
-0.411241 0.00401856 1.52217 0.0025 1.00307 1.00427 2.50304 0.00498471 35 4 1 0.999972 
-0.408746 0.00193199 0.822457 0.0025 1.00147 1.00204 2.50146 0.00499264 36 4 1 0.999991 
-0.406248 0.000864203 0.40853 0.0025 1.00066 1.00091 2.50065 0.00499671 37 4 1 0.999998 
-0.403749 0.000359935 0.187551 0.0025 1.00027 1.00038 2.50027 0.00499863 38 4 1 0.999999 
-0.40125 0.000139418 0.0797112 0.0025 1.00011 1.00015 2.5001 0.00499947 39 4 1 1 
-0.39875 5.00888e-05 0.0313388 0.0025 1.00004 1.00005 2.50004 0.00499981 40 4 1 1 
-0.39625 1.66228e-05 0.0113683 0.0025 1.00001 1.00002 2.50001 0.00499994 41 4 1 1 
-0.39375 5.06623e-06 0.00378898 0.0025 1 1.00001 2.5 0.00499998 42 4 1 1 
-0.39125 1.40625e-06 0.001153 0.0025 1 1 2.5 0.00499999 43 4 1 1 
-0.38875 3.51124e-07 0.000317331 0.0025 1 1 2.5 0.005 44 4 1 1 
-0.38625 7.73332e-08 7.78384e-05 0.0025 1 1 2.5 0.005 45 4 1 1 
-0.38375 1.45192e-08 1.66019e-05 0.0025 1 1 2.5 0.005 46 4 1 1 
-0.38125 2.16722e-09 2.93814e-06 0.0025 1 1 2.5 0.005 47 4 1 1 
-0.37875 2.11809e-10 3.85157e-07 0.0025 1 1 2.5 0.005 48 4 1 1 
-0.37625 1.6895e-12 2.1751e-08 0.0025 1 1 2.5 0.005 49 4 1 1 
-0.37375 -4.65124e-13 -3.80663e-09 0.0025 1 1 2.5 0.005 50 5 1 1 
-0.37125 8.87756e-13 1.55637e-10 0.0025 1 1 2.5 0.005 51 3 1 1 
-0.36875 3.73939e-13 2.75065e-10 0.0025 1 1 2.5 0.005 52 4 1 1 
-0.36625 8.57113e-14 8.51514e-11 0.0025 1 1 2.5 0.005 53 4 1 1 
-0.36375 9.81272e-15 2.66596e-11 0.0025 1 1 2.5 0.005 54 4 1 1 
-0.36125 -2.02256e-16 -1.25056e-12 0.0025 1 1 2.5 0.005 55 5 1 1 
-0.35875 1.68358e-17 5.68434e-14 0.0025 1 1 2.5 0.005 56 5 1 1 
-0.35625 3.32027e-48 1.12104e-44 0.0025 1 1 2.5 0.005 57 5 1 1 
-0.35375 0 0 0.0025 1 1 2.5 0.005 58 5 1 1 
-0.35125 0 0 0.0025 1 1 2.5 0.005 59 5 1 1 
-0.34875 0 0 0.0025 1 1 2.5 0.005 60 5 1 1 
-0.34625 0 0 0.0025 1 1 2.5 0.005 61 5 1 1 
-0.34375 0 0 0.0025 1 1 2.5 0.005 62 5 1 1 
-0.34125 0 0 0.0025 1 1 2.5 0.005 63 5 1 1 
-0.33875 0 0 0.0025 1 1 2.5 0.005 64 5 1 1 
-0.33625 0 0 0.0025 1 1 2.5 0.005 65 5 1 1 
-0.33375 0 0 0.0025 1 1 2.5 0.005 66 5 1 1 
-0.33125 0 0 0.0025 1 1 2.5 0.005 67 5 1 1 
-0.32875 0 0 0.0025 1 1 2.5 0.005 68 5 1 1 
-0.32625 0 0 0.0025 1 1 2.5 0.005 69 5 1 1 
-0.32375 0 0 0.0025 1 1 2.5 0.005 70 5 1 1 
-0.32125 0 0 0.0025 1 1 2.5 0.005 71 5 1 1 
-0.31875 0 0 0.0025 1 1 2.5 0.005 72 5 1 1 
-0.31625 0 0 0.0025 1 1 2.5 0.005 73 5 1 1 
-0.31375 0 0 0.0025 1 1 2.5 0.005 74 5 1 1 
-0.31125 0 0 0.0025 1 1 2.5 0.005 75 5 1 1 
-0.30875 0 0 0.0025 1 1 2.5 0.005 76 5 1 1 
-0.30625 0 0 0.0025 1 1 2.5 0.005 77 5 1 1 
-0.30375 0 0 0.0025 1 1 2.5 0.005 78 5 1 1 
-0.30125 0 0 0.0025 1 1 2.5 0.005 79 5 1 1 
-0.29875 0 0 0.0025 1 1 2.5 0.005 80 5 1 1 
-0.29625 0 0 0.0025 1 1 2.5 0.005 81 5 1 1 
-0.29375 0 0 0.0025 1 1 2.5 0.005 82 5 1 1 
-0.29125 0 0 0.0025 1 1 2.5 0.005 83 5 1 1 
-0.28875 0 0 0.0025 1 1 2.5 0.005 84 5 1 1 
-0.28625 0 0 0.0025 1 1 2.5 0.005 85 5 1 1 
-0.28375 0 0 0.0025 1 1 2.5 0.005 86 5 1 1 
-0.28125 0 0 0.0025 1 1 2.5 0.005 87 5 1 1 
-0.27875 0 0 0.0025 1 1 2.5 0.005 88 5 1 1 
-0.27625 0 0 0.0025 1 1 2.5 0.005 89 5 1 1 
-0.27375 0 0 0.0025 1 1 2.5 0.005 90 5 1 1 
-0.27125 0 0 0.0025 1 1 2.5 0.005 91 5 1 1 
-0.26875 0 0 0.0025 1 1 2.5 0.005 92 5 1 1 
-0.26625 0 0 0.0025 1 1 2.5 0.005 93 5 1 1 
-0.26375 0 0 0.0025 1 1 2.5 0.005 94 5 1 1 
-0.26125 0 0 0.0025 1 1 2.5 0.005 95 5 1 1 
-0.25875 0 0 0.0025 1 1 2.5 0.005 96 5 1 1 
-0.25625 0 0 0.0025 1 1 2.5 0.005 97 5 1 1 
-0.25375 0 0 0.0025 1 1 2.5 0.005 98 5 1 1 
-0.25125 0 0 0.0025 1 1 2.5 0.005 99 5 1 1 
-0.24875 0 0 0.0025 1 1 2.5 0.005 100 5 1 1 
-0.24625 0 0 0.0025 1 1 2.5 0.005 101 5 1 1 
-0.24375 0 0 0.0025 1 1 2.5 0.005 102 5 1 1 
-0.24125 0 0 0.0025 1 1 2.5 0.005 103 5 1 1 
-0.23875 0 0 0.0025 1 1 2.5 0.005 104 5 1 1 
-0.23625 0 0 0.0025 1 1 2.5 0.005 105 5 1 1 
-0.23375 0 0 0.0025 1 1 2.5 0.005 106 5 1 1 
-0.23125 0 0 0.0025 1 1 2.5 0.005 107 5 1 1 
-0.22875 0 0 0.0025 1 1 2.5 0.005 108 5 1 1 
-0.22625 0 0 0.0025 1 1 2.5 0.005 109 5 1 1 
-0.22375 0 0 0.0025 1 1 2.5 0.005 110 5 1 1 
-0.22125 0 0 0.0025 1 1 2.5 0.005 111 5 1 1 
-0.21875 0 0 0.0025 1 1 2.5 0.005 112 5 1 1 
-0.21625 0 0 0.0025 1 1 2.5 0.005 113 5 1 1 
-0.21375 0 0 0.0025 1 1 2.5 0.005 114 5 1 1 
-0.21125 0 0 0.0025 1 1 2.5 0.005 115 5 1 1 
-0.20875 0 0 0.0025 1 1 2.5 0.005 116 5 1 1 
-0.20625 0 0 0.0025 1 1 2.5 0.005 117 5 1 1 
-0.20375 0 0 0.0025 1 1 2.5 0.005 118 5 1 1 
-0.20125 0 0 0.0025 1 1 2.5 0.005 119 5 1 1 
-0.19875 0 0 0.0025 1 1 2.5 0.005 120 5 1 1 
-0.19625 0 0 0.0025 1 1 2.5 0.005 121 5 1 1 
-0.19375 0 0 0.0025 1 1 2.5 0.005 122 5 1 1 
-0.19125 0 0 0.0025 1 1 2.5 0.005 123 5 1 1 
-0.18875 0 0 0.0025 1 1 2.5 0.005 124 5 1 1 
-0.18625 0 0 0.0025 1 1 2.5 0.005 125 5 1 1 
-0.18375 0 0 0.0025 1 1 2.5 0.005 126 5 1 1 
-0.18125 0 0 0.0025 1 1 2.5 0.005 127 5 1 1 
-0.17875 0 0 0.0025 1 1 2.5 0.005 128 5 1 1 
-0.17625 0 0 0.0025 1 1 2.5 0.005 129 5 1 1 
-0.17375 0 0 0.0025 1 1 2.5 0.005 130 5 1 1 
-0.17125 0 0 0.0025 1 1 2.5 0.005 131 5 1 1 
-0.16875 0 0 0.0025 1 1 2.5 0.005 132 5 1 1 
-0.16625 0 0 0.0025 1 1 2.5 0.005 133 5 1 1 
-0.16375 0 0 0.0025 1 1 2.5 0.005 134 5 1 1 
-0.16125 0 0 0.0025 1 1 2.5 0.005 135 5 1 1 
-0.15875 0 0 0.0025 1 1 2.5 0.005 136 5 1 1 
-0.15625 0 0 0.0025 1 1 2.5 0.005 137 5 1 1 
-0.15375 0 0 0.0025 1 1 2.5 0.005 138 5 1 1 
-0.15125 0 0 0.0025 1 1 2.5 0.005 139 5 1 1 
-0.14875 0 0 0.0025 1 1 2.5 0.005 140 5 1 1 
-0.14625 0 0 0.0025 1 1 2.5 0.005 141 5 1 1 
-0.14375 0 0 0.0025 1 1 2.5 0.005 142 5 1 1 
-0.14125 0 0 0.0025 1 1 2.5 0.005 143 5 1 1 
-0.13875 0 0 0.0025 1 1 2.5 0.005 144 5 1 1 
-0.13625 0 0 0.0025 1 1 2.5 0.005 145 5 1 1 
-0.13375 0 0 0.0025 1 1 2.5 0.005 146 5 1 1 
-0.13125 0 0 0.0025 1 1 2.5 0.005 147 5 1 1 
-0.12875 0 0 0.0025 1 1 2.5 0.005 148 5 1 1 
-0.12625 0 0 0.0025 1 1 2.5 0.005 149 5 1 1 
-0.12375 0 0 0.0025 1 1 2.5 0.005 150 5 1 1 
-0.12125 0 0 0.0025 1 1 2.5 0.005 151 5 1 1 
-0.11875 0 0 0.0025 1 1 2.5 0.005 152 5 1 1 
-0.11625 0 0 0.0025 1 1 2.5 0.005 153 5 1 1 
-0.11375 0 0 0.0025 1 1 2.5 0.005 154 5 1 1 
-0.11125 0 0 0.0025 1 1 2.5 0.005 155 5 1 1 
-0.10875 0 0 0.0025 1 1 2.5 0.005 156 5 1 1 
-0.10625 0 0 0.0025 1 1 2.5 0.005 157 5 1 1 
-0.10375 0 0 0.0025 1 1 2.5 0.005 158 5 1 1 
-0.10125 0 0 0.0025 1 1 2.5 0.005 159 5 1 1 
-0.09875 0 0 0.0025 1 1 2.5 0.005 160 5 1 1 
-0.09625 0 0 0.0025 1 1 2.5 0.005 161 5 1 1 
-0.09375 0 0 0.0025 1 1 2.5 0.005 162 5 1 1 
-0.09125 0 0 0.0025 1 1 2.5 0.005 163 5 1 1 
-0.08875 0 0 0.0025 1 1 2.5 0.005 164 5 1 1 
-0.08625 0 0 0.0025 1 1 2.5 0.005 165 5 1 1 
-0.08375 0 0 0.0025 1 1 2.5 0.005 166 5 1 1 
-0.08125 0 0 0.0025 1 1 2.5 0.005 167 5 1 1 
-0.07875 0 0 0.0025 1 1 2.5 0.005 168 5 1 1 
-0.07625 0 0 0.0025 1 1 2.5 0.005 169 5 1 1 
-0.07375 0 0 0.0025 1 1 2.5 0.005 170 5 1 1 
-0.07125 0 0 0.0025 1 1 2.5 0.005 171 5 1 1 
-0.06875 0 0 0.0025 1 1 2.5 0.005 172 5 1 1 
-0.06625 0 0 0.0025 1 1 2.5 0.005 173 5 1 1 
-0.06375 0 0 0.0025 1 1 2.5 0.005 174 5 1 1 
-0.06125 0 0 0.0025 1 1 2.5 0.005 175 5 1 1 
-0.05875 0 0 0.0025 1 1 2.5 0.005 176 5 1 1 
-0.05625 -4.97553e-47 -1.12104e-44 0.0025 1 1 2.5 0.005 177 5 1 1 
-0.05375 -6.72913e-17 -1.12104e-44 0.0025 1 1 2.5 0.005 178 5 1 1 
-0.05125 -2.51031e-16 -5.68434e-14 0.0025 1 1 2.5 0.005 179 5 1 1 
-0.04875 -4.16963e-16 5.68434e-14 0.0025 1 1 2.5 0.005 180 5 1 1 
-0.04625 -6.47642e-16 -5.68434e-14 0.0025 1 1 2.5 0.005 181 5 1 1 
-0.04375 -8.92739e-16 -4.48416e-44 0.0025 1 1 2.5 0.005 182 5 1 1 
-0.04125 -1.41686e-15 -3.36312e-44 0.0025 1 1 2.5 0.005 183 5 1 1 
-0.03875 -1.91761e-15 -5.68434e-14 0.0025 1 1 2.5 0.005 184 5 1 1 
-0.03625 -2.39315e-15 5.68434e-14 0.0025 1 1 2.5 0.005 185 5 1 1 
-0.03375 -4.11121e-15 -5.68434e-14 0.0025 1 1 2.5 0.005 186 4 1 1 
-0.03125 -5.39794e-16 -5.68434e-14 0.0025 1 1 2.5 0.005 187 3 1 1 
-0.02875 -9.29807e-16 5.68434e-14 0.0025 1 1 2.5 0.005 188 3 1 1 
-0.02625 -1.0715e-15 -6.31089e-28 0.0025 1 1 2.5 0.005 189 3 1 1 
-0.02375 2.72426e-15 -1.13687e-13 0.0025 1 1 2.5 0.005 190 4 1 1 
-0.02125 9.09215e-16 -1.13687e-13 0.0025 1 1 2.5 0.005 191 5 1 1 
-0.01875 -1.19042e-15 -1.13687e-13 0.0025 1 1 2.5 0.005 192 4 1 1 
-0.01625 2.94488e-15 1.13687e-13 0.0025 1 1 2.5 0.005 193 3 1 1 
-0.01375 1.20466e-15 1.13687e-13 0.0025 1 1 2.5 0.005 194 5 1 1 
-0.01125 -3.98705e-16 -7.88861e-29 0.0025 1 1 2.5 0.005 195 4 1 1 
-0.00875 1.23806e-15 2.46519e-28 0.0025 1 1 2.5 0.005 196 3 1 1 
-0.00625 4.26181e-16 -1.13687e-13 0.0025 1 1 2.5 0.005 197 5 1 1 
-0.00375 -1.34531e-16 -1.13687e-13 0.0025 1 1 2.5 0.005 198 4 1 1 
-0.00125 -2.37334e-16 1.13687e-13 0.0025 1 1 2.5 0.005 199 3 1 1 
0.00125 -3.365e-17 3.41061e-13 0.0025 1 1 2.5 0.005 200 5 1 1 
0.00375 3.63751e-16 -3.41061e-13 0.0025 1 1 2.5 0.005 201 5 1 1 
0.00625 -3.63648e-16 -4.93038e-29 0.0025 1 1 2.5 0.005 202 4 1 1 
0.00875 -1.58049e-15 -4.54747e-13 0.0025 1 1 2.5 0.005 203 3 1 1 
0.01125 3.90102e-17 5.68434e-13 0.0025 1 1 2.5 0.005 204 3 1 1 
0.01375 -1.13411e-15 -5.91646e-28 0.0025 1 1 2.5 0.005 205 4 1 1 
0.01625 2.38295e-16 2.84217e-13 0.0025 1 1 2.5 0.005 206 4 1 1 
0.01875 -1.01664e-15 -5.68434e-14 0.0025 1 1 2.5 0.005 207 5 1 1 
0.02125 -1.15426e-15 -1.7053e-13 0.0025 1 1 2.5 0.005 208 5 1 1 
0.02375 -2.90125e-15 -5.68434e-14 0.0025 1 1 2.5 0.005 209 4 1 1 
0.02625 1.21324e-15 1.13687e-13 0.0025 1 1 2.5 0.005 210 3 1 1 
0.02875 6.86654e-16 -1.13687e-13 0.0025 1 1 2.5 0.005 211 3 1 1 
0.03125 4.26036e-15 3.15544e-28 0.0025 1 1 2.5 0.005 212 4 1 1 
0.03375 2.54271e-15 1.13687e-13 0.0025 1 1 2.5 0.005 213 5 1 1 
0.03625 2.05009e-15 5.68434e-14 0.0025 1 1 2.5 0.005 214 5 1 1 
0.03875 1.51678e-15 3.36312e-44 0.0025 1 1 2.5 0.005 215 5 1 1 
0.04125 9.92756e-16 4.48416e-44 0.0025 1 1 2.5 0.005 216 5 1 1 
0.04375 6.64341e-16 2.24208e-44 0.0025 1 1 2.5 0.005 217 5 1 1 
0.04625 4.33426e-16 0 0.0025 1 1 2.5 0.005 218 5 1 1 
0.04875 2.51124e-16 5.68434e-14 0.0025 1 1 2.5 0.005 219 5 1 1 
0.05125 1.00854e-16 1.12104e-44 0.0025 1 1 2.5 0.005 220 5 1 1 
0.05375 5.63759e-47 1.12104e-44 0.0025 1 1 2.5 0.005 221 5 1 1 
0.05625 0 0 0.0025 1 1 2.5 0.005 222 5 1 1 
0.05875 0 0 0.0025 1 1 2.5 0.005 223 5 1 1 
0.06125 0 0 0.0025 1 1 2.5 0.005 224 5 1 1 
0.06375 0 0 0.0025 1 1 2.5 0.005 225 5 1 1 
0.06625 0 0 0.0025 1 1 2.5 0.005 226 5 1 1 
0.06875 0 0 0.0025 1 1 2.5 0.005 227 5 1 1 
0.07125 0 0 0.0025 1 1 2.5 0.005 228 5 1 1 
0.07375 0 0 0.0025 1 1 2.5 0.005 229 5 1 1 
0.07625 0 0 0.0025 1 1 2.5 0.005 230 5 1 1 
0.07875 0 0 0.0025 1 1 2.5 0.005 231 5 1 1 
0.08125 0 0 0.0025 1 1 2.5 0.005 232 5 1 1 
0.08375 0 0 0.0025 1 1 2.5 0.005 233 5 1 1 
0.08625 0 0 0.0025 1 1 2.5 0.005 234 5 1 1 
0.08875 0 0 0.0025 1 1 2.5 0.005 235 5 1 1 
0.09125 -8.28759e-47 -1.12104e-44 0.0025 1 1 2.5 0.005 236 5 1 1 
0.09375 -3.35691e-17 -1.12104e-44 0.0025 1 1 2.5 0.005 237 5 1 1 
0.09625 -2.00225e-16 0 0.0025 1 1 2.5 0.005 238 5 1 1 
0.09875 -3.32868e-16 1.12104e-44 0.0025 1 1 2.5 0.005 239 5 1 1 
0.10125 -4.79951e-16 5.68434e-14 0.0025 1 1 2.5 0.005 240 5 1 1 
0.10375 -6.58468e-16 6.72623e-44 0.0025 1 1 2.5 0.005 241 5 1 1 
0.10625 1.51783e-15 1.7053e-13 0.0025 1 1 2.5 0.005 242 5 1 1 
0.10875 6.46039e-16 1.13687e-13 0.0025 1 1 2.5 0.005 243 5 1 1 
0.11125 9.52913e-16 -1.7053e-13 0.0025 1 1 2.5 0.005 244 5 1 1 
0.11375 -1.19299e-15 -1.7053e-13 0.0025 1 1 2.5 0.005 245 5 1 1 
0.11625 3.66906e-15 4.54747e-13 0.0025 1 1 2.5 0.005 246 5 1 1 
0.11875 7.82006e-16 3.41061e-13 0.0025 1 1 2.5 0.005 247 5 1 1 
0.12125 7.04015e-17 -3.41061e-13 0.0025 1 1 2.5 0.005 248 5 1 1 
0.12375 -3.87216e-15 -3.41061e-13 0.0025 1 1 2.5 0.005 249 4 1 1 
0.12625 3.87216e-15 3.41061e-13 0.0025 1 1 2.5 0.005 250 4 1 1 
0.12875 -7.04015e-17 3.41061e-13 0.0025 1 1 2.5 0.005 251 5 1 1 
0.13125 -7.82006e-16 -3.41061e-13 0.0025 1 1 2.5 0.005 252 5 1 1 
0.13375 -3.66906e-15 -4.54747e-13 0.0025 1 1 2.5 0.005 253 5 1 1 
0.13625 1.19299e-15 1.7053e-13 0.0025 1 1 2.5 0.005 254 5 1 1 
0.13875 -9.52913e-16 1.7053e-13 0.0025 1 1 2.5 0.005 255 5 1 1 
0.14125 -6.46039e-16 -1.13687e-13 0.0025 1 1 2.5 0.005 256 5 1 1 
0.14375 -1.51783e-15 -1.7053e-13 0.0025 1 1 2.5 0.005 257 5 1 1 
0.14625 6.58468e-16 -6.72623e-44 0.0025 1 1 2.5 0.005 258 5 1 1 
0.14875 4.79951e-16 -5.68434e-14 0.0025 1 1 2.5 0.005 259 5 1 1 
0.15125 3.32868e-16 -1.12104e-44 0.0025 1 1 2.5 0.005 260 5 1 1 
0.15375 2.00225e-16 0 0.0025 1 1 2.5 0.005 261 5 1 1 
0.15625 3.35691e-17 1.12104e-44 0.0025 1 1 2.5 0.005 262 5 1 1 
0.15875 8.28759e-47 1.12104e-44 0.0025 1 1 2.5 0.005 263 5 1 1 
0.16125 0 0 0.0025 1 1 2.5 0.005 264 5 1 1 
0.16375 0 0 0.0025 1 1 2.5 0.005 265 5 1 1 
0.16625 0 0 0.0025 1 1 2.5 0.005 266 5 1 1 
0.16875 0 0 0.0025 1 1 2.5 0.005 267 5 1 1 
0.17125 0 0 0.0025 1 1 2.5 0.005 268 5 1 1 
0.17375 0 0 0.0025 1 1 2.5 0.005 269 5 1 1 
0.17625 0 0 0.0025 1 1 2.5 0.005 270 5 1 1 
0.17875 0 0 0.0025 1 1 2.5 0.005 271 5 1 1 
0.18125 0 0 0.0025 1 1 2.5 0.005 272 5 1 1 
0.18375 0 0 0.0025 1 1 2.5 0.005 273 5 1 1 
0.18625 0 0 0.0025 1 1 2.5 0.005 274 5 1 1 
0.18875 0 0 0.0025 1 1 2.5 0.005 275 5 1 1 
0.19125 0 0 0.0025 1 1 2.5 0.005 276 5 1 1 
0.19375 0 0 0.0025 1 1 2.5 0.005 277 5 1 1 
0.19625 0 0 0.0025 1 1 2.5 0.005 278 5 1 1 
0.19875 0 0 0.0025 1 1 2.5 0.005 279 5 1 1 
0.20125 0 0 0.0025 1 1 2.5 0.005 280 5 1 1 
0.20375 0 0 0.0025 1 1 2.5 0.005 281 5 1 1 
0.20625 -4.3123e-47 -1.12104e-44 0.0025 1 1 2.5 0.005 282 5 1 1 
0.20875 -1.00917e-16 -1.12104e-44 0.0025 1 1 2.5 0.005 283 5 1 1 
0.21125 -2.85371e-16 -5.68434e-14 0.0025 1 1 2.5 0.005 284 5 1 1 
0.21375 -5.02609e-16 -4.48416e-44 0.0025 1 1 2.5 0.005 285 5 1 1 
0.21625 -1.03786e-15 -1.13687e-13 0.0025 1 1 2.5 0.005 286 5 1 1 
0.21875 -1.6371e-15 0 0.0025 1 1 2.5 0.005 287 5 1 1 
0.22125 -2.29942e-15 1.13687e-13 0.0025 1 1 2.5 0.005 288 5 1 1 
0.22375 -2.9055e-15 5.68434e-14 0.0025 1 1 2.5 0.005 289 5 1 1 
0.22625 -2.82922e-15 4.54747e-13 0.0025 1 1 2.5 0.005 290 5 1 1 
0.22875 -3.74288e-15 6.25278e-13 0.0025 1 1 2.5 0.005 291 5 1 1 
0.23125 2.32769e-15 -3.97904e-13 0.0025 1 1 2.5 0.005 292 5 1 1 
0.23375 -2.2722e-16 -4.54747e-13 0.0025 1 1 2.5 0.005 293 5 1 1 
0.23625 -2.61249e-15 -1.13687e-13 0.0025 1 1 2.5 0.005 294 5 1 1 
0.23875 -6.89746e-15 -3.41061e-13 0.0025 1 1 2.5 0.005 295 5 1 1 
0.24125 3.06309e-15 6.82121e-13 0.0025 1 1 2.5 0.005 296 5 1 1 
0.24375 -2.35186e-15 7.95808e-13 0.0025 1 1 2.5 0.005 297 5 1 1 
0.24625 2.0787e-15 -9.09495e-13 0.0025 1 1 2.5 0.005 298 5 1 1 
0.24875 -5.6939e-15 -9.09495e-13 0.0025 1 1 2.5 0.005 299 3 1 1 
0.25125 5.6939e-15 9.09495e-13 0.0025 1 1 2.5 0.005 300 3 1 1 
0.25375 -2.0787e-15 9.09495e-13 0.0025 1 1 2.5 0.005 301 5 1 1 
0.25625 2.35186e-15 -7.95808e-13 0.0025 1 1 2.5 0.005 302 5 1 1 
0.25875 -3.06309e-15 -6.82121e-13 0.0025 1 1 2.5 0.005 303 5 1 1 
0.26125 6.89746e-15 3.41061e-13 0.0025 1 1 2.5 0.005 304 5 1 1 
0.26375 2.61249e-15 1.13687e-13 0.0025 1 1 2.5 0.005 305 5 1 1 
0.26625 2.2722e-16 4.54747e-13 0.0025 1 1 2.5 0.005 306 5 1 1 
0.26875 -2.32769e-15 3.97904e-13 0.0025 1 1 2.5 0.005 307 5 1 1 
0.27125 3.74288e-15 -6.25278e-13 0.0025 1 1 2.5 0.005 308 5 1 1 
0.27375 2.82922e-15 -4.54747e-13 0.0025 1 1 2.5 0.005 309 5 1 1 
0.27625 2.9055e-15 -5.68434e-14 0.0025 1 1 2.5 0.005 310 5 1 1 
0.27875 2.29942e-15 -1.13687e-13 0.0025 1 1 2.5 0.005 311 5 1 1 
0.28125 1.6371e-15 0 0.0025 1 1 2.5 0.005 312 5 1 1 
0.28375 1.03786e-15 1.13687e-13 0.0025 1 1 2.5 0.005 313 5 1 1 
0.28625 5.02609e-16 4.48416e-44 0.0025 1 1 2.5 0.005 314 5 1 1 
0.28875 2.85371e-16 5.68434e-14 0.0025 1 1 2.5 0.005 315 5 1 1 
0.29125 1.00917e-16 1.12104e-44 0.0025 1 1 2.5 0.005 316 5 1 1 
0.29375 4.3123e-47 1.12104e-44 0.0025 1 1 2.5 0.005 317 5 1 1 
0.29625 0 0 0.0025 1 1 2.5 0.005 318 5 1 1 
0.29875 0 0 0.0025 1 1 2.5 0.005 319 5 1 1 
0.30125 0 0 0.0025 1 1 2.5 0.005 320 5 1 1 
0.30375 0 0 0.0025 1 1 2.5 0.005 321 5 1 1 
0.30625 0 0 0.0025 1 1 2.5 0.005 322 5 1 1 
0.30875 0 0 0.0025 1 1 2.5 0.005 323 5 1 1 
0.31125 0 0 0.0025 1 1 2.5 0.005 324 5 1 1 
0.31375 0 0 0.0025 1 1 2.5 0.005 325 5 1 1 
0.31625 0 0 0.0025 1 1 2.5 0.005 326 5 1 1 
0.31875 0 0 0.0025 1 1 2.5 0.005 327 5 1 1 
0.32125 0 0 0.0025 1 1 2.5 0.005 328 5 1 1 
0.32375 0 0 0.0025 1 1 2.5 0.005 329 5 1 1 
0.32625 0 0 0.0025 1 1 2.5 0.005 330 5 1 1 
0.32875 0 0 0.0025 1 1 2.5 0.005 331 5 1 1 
0.33125 0 0 0.0025 1 1 2.5 0.005 332 5 1 1 
0.33375 0 0 0.0025 1 1 2.5 0.005 333 5 1 1 
0.33625 0 0 0.0025 1 1 2.5 0.005 334 5 1 1 
0.33875 0 0 0.0025 1 1 2.5 0.005 335 5 1 1 
0.34125 0 0 0.0025 1 1 2.5 0.005 336 5 1 1 
0.34375 0 0 0.0025 1 1 2.5 0.005 337 5 1 1 
0.34625 0 0 0.0025 1 1 2.5 0.005 338 5 1 1 
0.34875 0 0 0.0025 1 1 2.5 0.005 339 5 1 1 
0.35125 0 0 0.0025 1 1 2.5 0.005 340 5 1 1 
0.35375 0 0 0.0025 1 1 2.5 0.005 341 5 1 1 
0.35625 -6.62997e-48 0 0.0025 1 1 2.5 0.005 342 5 1 1 
0.35875 -3.36179e-17 3.9443e-29 0.0025 1 1 2.5 0.005 343 5 1 1 
0.36125 1.85406e-16 1.19371e-12 0.0025 1 1 2.5 0.005 344 5 1 1 
0.36375 -1.02505e-14 -2.77964e-11 0.0025 1 1 2.5 0.005 345 4 1 1 
0.36625 -7.6505e-14 -5.72413e-11 0.0025 1 1 2.5 0.005 346 4 1 1 
0.36875 -2.88122e-13 -2.17881e-10 0.0025 1 1 2.5 0.005 347 4 1 1 
0.37125 -6.11939e-13 7.90692e-11 0.0025 1 1 2.5 0.005 348 3 1 1 
0.37375 1.31196e-12 3.86791e-09 0.0025 1 1 2.5 0.005 349 5 1 1 
0.37625 -9.30976e-12 -3.52387e-08 0.0025 1 1 2.5 0.005 350 4 1 1 
0.37875 -2.57786e-10 -4.27487e-07 0.0025 1 1 2.5 0.005 351 4 1 1 
0.38125 -2.3049e-09 -2.98223e-06 0.0025 1 1 2.5 0.005 352 4 1 1 
0.38375 -1.44799e-08 -1.60225e-05 0.0025 1 1 2.5 0.005 353 4 1 1 
0.38625 -7.3958e-08 -7.24941e-05 0.0025 1 1 2.5 0.005 354 4 1 1 
0.38875 -3.25415e-07 -0.000287397 0.0025 1 1 2.5 0.005 355 4 1 1 
0.39125 -1.27053e-06 -0.00102009 0.0025 1 1 2.5 0.00499999 356 4 1 1 
0.39375 -4.47912e-06 -0.00328445 0.0025 1 1 2.5 0.00499998 357 4 1 1 
0.39625 -1.44184e-05 -0.00967515 0.0025 1.00001 1.00002 2.50001 0.00499994 358 4 1 1 
0.39875 -4.2703e-05 -0.0262248 0.0025 1.00003 1.00005 2.50003 0.00499984 359 4 1 1 
0.40125 -0.000116988 -0.0656582 0.0025 1.00009 1.00012 2.50009 0.00499955 360 4 1 1 
0.403749 -0.000297581 -0.152193 0.0025 1.00023 1.00031 2.50022 0.00499886 361 4 1 1 
0.406249 -0.000704608 -0.326855 0.0025 1.00054 1.00074 2.50053 0.00499732 362 4 1 0.999999 
0.408747 -0.00155489 -0.649557 0.0025 1.00119 1.00164 2.50117 0.00499408 363 4 1 0.999994 
0.411243 -0.0031969 -1.18948 0.0025 1.00244 1.00339 2.50242 0.00498783 364 4 1 0.999983 
0.413735 -0.00611061 -1.99075 0.0025 1.00468 1.00652 2.50465 0.00497671 365 4 1 0.999956 
0.416219 -0.0108141 -3.00716 0.0025 1.00832 1.01163 2.50828 0.00495874 366 4 1 0.999909 
0.418693 -0.0176267 -4.03321 0.0025 1.01366 1.01916 2.51362 0.0049326 367 4 1 0.999853 
0.421152 -0.02634 -4.71566 0.0025 1.02064 1.02903 2.52058 0.00489887 368 4 1 0.99982 
0.423592 -0.0360085 -4.70041 0.0025 1.02862 1.04036 2.52852 0.00486087 369 4 1 0.999847 
0.426013 -0.0450245 -3.69907 0.0025 1.03631 1.05134 2.53614 0.00482483 370 4 1 0.99998 
0.428417 -0.0508892 -1.16099 0.0025 1.04058 1.05763 2.5405 0.00480502 371 3 1 1 
0.430818 -0.0426072 12.9201 0.0025 1.03007 1.04306 2.53053 0.00485404 372 4 1 1.00006 
0.433272 0.00137651 26.2232 0.0025 0.997964 0.997482 2.49848 0.0050102 373 4 1 0.998003 
0.435831 0.049119 17.2372 0.0025 0.961527 0.946351 2.46112 0.00520006 374 4 1 0.99608 
0.438474 0.0802607 12.189 0.0025 0.933683 0.908398 2.43247 0.00535514 375 4 1 0.997524 
0.441187 0.112822 15.584 0.0025 0.906887 0.872287 2.40449 0.00551337 376 4 1 0.997876 
0.443989 0.153156 17.2284 0.0025 0.876424 0.831496 2.37183 0.005705 377 4 1 0.99705 
0.446894 0.196225 16.8412 0.0025 0.844437 0.789288 2.3368 0.0059211 378 4 1 0.996438 
0.449912 0.240402 16.6164 0.0025 0.812258 0.747512 2.30078 0.00615568 379 4 1 0.99614 
0.453053 0.286424 16.5634 0.0025 0.779814 0.706056 2.26359 0.00641178 380 4 1 0.995792 
0.456327 0.334494 16.3543 0.0025 0.747179 0.66504 2.22523 0.00669183 381 4 1 0.995396 
0.459748 0.384124 15.9067 0.0025 0.714749 0.624983 2.1861 0.00699546 382 4 1 0.995046 
0.463327 0.434303 15.0371 0.0025 0.683225 0.586736 2.14702 0.00731823 383 4 1 0.994846 
0.467071 0.483154 13.4712 0.0025 0.653769 0.551626 2.10952 0.00764797 384 4 1 0.994973 
0.470979 0.527498 11.0189 0.0025 0.627953 0.521372 2.07581 0.00796238 385 4 1 0.995624 
0.475037 0.563614 7.98554 0.0025 0.607189 0.49741 2.04811 0.00823467 386 4 1 0.996782 
0.479216 0.590743 6.05472 0.0025 0.591033 0.479014 2.0262 0.00845976 387 4 1 0.9979 
0.483498 0.616736 7.28505 0.0025 0.57583 0.461884 2.00526 0.00868312 388 4 1 0.998239 
0.487901 0.650512 8.56387 0.0025 0.558917 0.442991 1.98151 0.00894587 389 4 1 0.997719 
0.492446 0.680553 4.33466 0.0025 0.545182 0.427798 1.96188 0.00917125 390 4 1 0.998029 
0.497073 0.684734 -1.5663 0.0025 0.540861 0.423098 1.95575 0.00924452 391 5 1 0.999747 
0.501691 0.681102 -0.263112 0.0025 0.541903 0.424289 1.95739 0.00922675 392 4 1 0.999992 
0.5063 0.679393 -0.339768 0.0025 0.542844 0.425338 1.95884 0.00921074 393 4 1 0.999996 
0.510902 0.67816 -0.216337 0.0025 0.543538 0.426129 1.95998 0.009199 394 4 1 0.999998 
0.515499 0.677176 -0.199657 0.0025 0.54397 0.426669 1.9609 0.00919169 395 4 1 1 
0.520093 0.676352 -0.135968 0.0025 0.544005 0.426885 1.96177 0.0091911 396 3 1 1 
0.52469 0.675798 -0.0974709 0.0025 0.542695 0.425425 1.95978 0.00921328 397 4 1 0.999996 
0.529307 0.675356 -0.0752176 0.0025 0.529755 0.410302 1.93628 0.00943833 398 4 1 0.999703 
0.534133 0.674961 -0.0415808 0.0025 0.505818 0.439062 2.17006 0.00988498 399 4 1 0.994747 
0.539198 0.674559 -0.0154299 0.0025 0.480377 0.414393 2.1566 0.0104085 400 4 1 0.993731 
0.544551 0.673997 0.0524932 0.0025 0.457822 0.448686 2.45011 0.0109213 401 4 1 0.993656 
0.550126 0.673008 0.15853 0.0025 0.448719 0.4286 2.3879 0.0111428 402 4 1 0.998543 
0.555694 0.670318 0.563352 0.0025 0.448601 0.424664 2.36658 0.0111458 403 4 1 1 
0.561271 0.662991 1.53542 0.0025 0.445223 0.41804 2.34731 0.0112303 404 4 1 0.999957 
0.566925 0.641966 4.39736 0.0025 0.434191 0.40231 2.31634 0.0115157 405 4 1 0.998959 
0.572791 0.598195 8.46102 0.0025 0.410757 0.371134 2.25861 0.0121726 406 4 1 0.994678 
0.579117 0.496251 22.5753 0.0025 0.367655 0.315768 2.14696 0.0135997 407 4 1 0.983902 
0.586488 0.292083 34.4332 0.0025 0.312815 0.248963 1.98981 0.0159839 408 4 1 0.961889 
0.595286 0.0943531 21.9509 0.0025 0.271284 0.201878 1.86072 0.0184309 409 4 1 0.960188 
0.60501 0.0112807 5.3048 0.0025 0.253798 0.183348 1.80621 0.0197007 410 4 1 0.987651 
0.614996 -0.000972992 0.128974 0.0025 0.250131 0.179628 1.79537 0.0199895 411 4 1 0.999235 
0.625 -0.000154834 -0.0966291 0.0025 0.249948 0.179447 1.79485 0.0200042 412 5 1 0.999998 
0.635 1.76505e-05 0.00132009 0.0025 0.25 0.1795 1.795 0.02 413 4 1 1 
0.645 5.08496e-06 0.0012955 0.0025 0.250001 0.179501 1.795 0.0199999 414 3 1 1 
0.655 8.88842e-07 0.000264951 0.0025 0.25 0.1795 1.795 0.02 415 4 1 1 
0.665 1.2878e-07 4.29414e-05 0.0025 0.25 0.1795 1.795 0.02 416 4 1 1 
0.675 1.6087e-08 5.96003e-06 0.0025 0.25 0.1795 1.795 0.02 417 4 1 1 
0.685 1.73427e-09 7.14288e-07 0.0025 0.25 0.1795 1.795 0.02 418 4 1 1 
0.695 1.58939e-10 7.33351e-08 0.0025 0.25 0.1795 1.795 0.02 419 4 1 1 
0.705 1.1954e-11 6.29856e-09 0.0025 0.25 0.1795 1.795 0.02 420 4 1 1 
0.715 6.89084e-13 4.31925e-10 0.0025 0.25 0.1795 1.795 0.02 421 4 1 1 
0.725 2.16596e-14 2.05205e-11 0.0025 0.25 0.1795 1.795 0.02 422 4 1 1 
0.735 -3.65938e-16 -4.26326e-14 0.0025 0.25 0.1795 1.795 0.02 423 5 1 1 
0.745 -1.88579e-32 -7.08003e-30 0.0025 0.25 0.1795 1.795 0.02 424 5 1 1 
0.755 0 0 0.0025 0.25 0.1795 1.795 0.02 425 5 1 1 
0.765 0 0 0.0025 0.25 0.1795 1.795 0.02 426 5 1 1 
0.775 0 0 0.0025 0.25 0.1795 1.795 0.02 427 5 1 1 
0.785 0 0 0.0025 0.25 0.1795 1.795 0.02 428 5 1 1 
0.795 0 0 0.0025 0.25 0.1795 1.795 0.02 429 5 1 1 
0.805 0 0 0.0025 0.25 0.1795 1.795 0.02 430 5 1 1 
0.815 0 0 0.0025 0.25 0.1795 1.795 0.02 431 5 1 1 
0.825 0 0 0.0025 0.25 0.1795 1.795 0.02 432 5 1 1 
0.835 0 0 0.0025 0.25 0.1795 1.795 0.02 433 5 1 1 
0.845 0 0 0.0025 0.25 0.1795 1.795 0.02 434 5 1 1 
0.855 0 0 0.0025 0.25 0.1795 1.795 0.02 435 5 1 1 
0.865 0 0 0.0025 0.25 0.1795 1.795 0.02 436 5 1 1 
0.875 0 0 0.0025 0.25 0.1795 1.795 0.02 437 5 1 1 
0.885 0 0 0.0025 0.25 0.1795 1.795 0.02 438 5 1 1 
0.895 0 0 0.0025 0.25 0.1795 1.795 0.02 439 5 1 1 
0.905 0 0 0.0025 0.25 0.1795 1.795 0.02 440 5 1 1 
0.915 0 0 0.0025 0.25 0.1795 1.795 0.02 441 5 1 1 
0.925 -3.39314e-47 -2.8026e-45 0.0025 0.25 0.1795 1.795 0.02 442 5 1 1 
0.935 -7.14747e-17 -1.42109e-14 0.0025 0.25 0.1795 1.795 0.02 443 5 1 1 
0.945 -4.69242e-16 -2.84217e-14 0.0025 0.25 0.1795 1.795 0.02 444 5 1 1 
0.955 -1.51238e-15 -8.52651e-14 0.0025 0.25 0.1795 1.795 0.02 445 5 1 1 
0.965 -3.98187e-15 -1.42109e-13 0.0025 0.25 0.1795 1.795 0.02 446 5 1 1 
0.975 -9.53277e-15 -2.27374e-13 0.0025 0.25 0.1795 1.795 0.02 447 5 1 1 
0.985 -2.39487e-15 3.12639e-13 0.0025 0.25 0.1795 1.795 0.02 448 5 1 1 
0.995 -1.36629e-14 3.97904e-13 0.0025 0.25 0.1795 1.795 0.02 449 3 1 1 
1.005 1.36629e-14 -3.97904e-13 0.0025 0.25 0.1795 1.795 0.02 450 3 1 1 
1.015 2.39487e-15 -3.12639e-13 0.0025 0.25 0.1795 1.795 0.02 451 5 1 1 
1.025 9.53277e-15 2.27374e-13 0.0025 0.25 0.1795 1.795 0.02 452 5 1 1 
1.035 3.98187e-15 1.42109e-13 0.0025 0.25 0.1795 1.795 0.02 453 5 1 1 
1.045 1.51238e-15 8.52651e-14 0.0025 0.25 0.1795 1.795 0.02 454 5 1 1 
1.055 4.69242e-16 2.84217e-14 0.0025 0.25 0.1795 1.795 0.02 455 5 1 1 
1.065 7.14747e-17 1.42109e-14 0.0025 0.25 0.1795 1.795 0.02 456 5 1 1 
1.075 3.39314e-47 2.8026e-45 0.0025 0.25 0.1795 1.795 0.02 457 5 1 1 
1.085 0 0 0.0025 0.25 0.1795 1.795 0.02 458 5 1 1 
1.095 0 0 0.0025 0.25 0.1795 1.795 0.02 459 5 1 1 
1.105 0 0 0.0025 0.25 0.1795 1.795 0.02 460 5 1 1 
1.115 0 0 0.0025 0.25 0.1795 1.795 0.02 461 5 1 1 
1.125 0 0 0.0025 0.25 0.1795 1.795 0.02 462 5 1 1 
1.135 0 0 0.0025 0.25 0.1795 1.795 0.02 463 5 1 1 
1.145 0 0 0.0025 0.25 0.1795 1.795 0.02 464 5 1 1 
1.155 0 0 0.0025 0.25 0.1795 1.795 0.02 465 5 1 1 
1.165 0 0 0.0025 0.25 0.1795 1.795 0.02 466 5 1 1 
1.175 0 0 0.0025 0.25 0.1795 1.795 0.02 467 5 1 1 
1.185 0 0 0.0025 0.25 0.1795 1.795 0.02 468 5 1 1 
1.195 0 0 0.0025 0.25 0.1795 1.795 0.02 469 5 1 1 
1.205 0 0 0.0025 0.25 0.1795 1.795 0.02 470 5 1 1 
1.215 0 0 0.0025 0.25 0.1795 1.795 0.02 471 5 1 1 
1.225 0 0 0.0025 0.25 0.1795 1.795 0.02 472 5 1 1 
1.235 0 0 0.0025 0.25 0.1795 1.795 0.02 473 5 1 1 
1.245 0 0 0.0025 0.25 0.1795 1.795 0.02 474 5 1 1 
1.255 1.70152e-48 5.60519e-45 0.0025 0.25 0.1795 1.795 0.02 475 5 1 1 
1.265 1.05142e-16 4.26326e-14 0.0025 0.25 0.1795 1.795 0.02 476 5 1 1 
1.275 6.4771e-15 3.9222e-12 0.0025 0.25 0.1795 1.795 0.02 477 5 1 1 
1.285 -9.63421e-14 -1.47395e-10 0.0025 0.25 0.1795 1.795 0.02 478 4 1 1 
1.295 -6.44364e-12 -4.73625e-09 0.0025 0.25 0.1795 1.795 0.02 479 4 1 1 
1.305 -1.42123e-10 -8.17304e-08 0.0025 0.25 0.1795 1.795 0.02 480 4 1 1 
1.315 -2.13643e-09 -1.04297e-06 0.0025 0.25 0.1795 1.795 0.02 481 4 1 1 
1.325 -2.5091e-08 -1.06966e-05 0.0025 0.25 0.1795 1.795 0.02 482 4 1 1 
1.335 -2.42689e-07 -9.13894e-05 0.0025 0.25 0.1795 1.795 0.02 483 4 1 1 
1.345 -1.98263e-06 -0.000661678 0.0025 0.250001 0.179501 1.795 0.02 484 4 1 1 
1.355 -1.38627e-05 -0.00409401 0.0025 0.250004 0.179504 1.79501 0.0199997 485 4 1 1 
1.365 -8.36191e-05 -0.0217473 0.0025 0.250021 0.179521 1.79506 0.0199983 486 4 1 1 
1.375 -0.000437445 -0.0993079 0.0025 0.250107 0.179607 1.79531 0.0199915 487 4 1 0.999992 
1.38499 -0.00197848 -0.383425 0.0025 0.250471 0.179973 1.79635 0.0199624 488 4 1 0.999908 
1.39496 -0.00749338 -1.17027 0.0025 0.25172 0.181232 1.79995 0.0198634 489 4 1 0.999454 
1.40485 -0.0222359 -2.50791 0.0025 0.2549 0.184458 1.80913 0.0196155 490 4 1 0.998544 
1.41458 -0.048399 -3.28906 0.0025 0.260484 0.190175 1.82521 0.019195 491 4 1 0.999335 
1.42405 -0.0748011 -1.66149 0.0025 0.265369 0.195231 1.83918 0.0188417 492 3 1 1.00013 
1.43342 -0.0597325 6.91409 0.0025 0.257871 0.187575 1.8184 0.0193895 493 4 1 1.00157 
1.44347 0.0603677 14.578 0.0025 0.231656 0.161431 1.74212 0.0215837 494 4 1 0.985348 
1.45515 0.221612 12.9423 0.0025 0.196628 0.128321 1.63155 0.0254288 495 4 1 0.962311 
1.46921 0.40953 12.892 0.0025 0.158952 0.0952647 1.49836 0.0314561 496 4 1 0.955076 
1.48738 0.67578 13.0261 0.0025 0.118468 0.0631083 1.33179 0.0422055 497 4 1 0.953084 
1.5137 1.05301 11.0245 0.0025 0.0786129 0.0355297 1.12992 0.0636028 498 5 1 0.970627 
1.55906 1.67477 9.56114 0.0025 0.0453791 0.0184397 1.01589 0.110183 499 5 1 1.04211 
