# Time [s]: 0.0522618
# Columns: pos [m], vel [m/s], acc [m/s^2], mass [kg], dens [kg/m^3], pres [Pa], ene [J/kg], sml [m], id, neighbor, alpha, gradh, ...additional?
-0.617826 -2.83954 -9.81589 0.0025 0.0543831 0.0189353 0.870483 0.0919403 0 5 1 1.04191 
-0.579949 -2.24197 -11.6271 0.0025 0.0944241 0.0366799 0.971175 0.0529526 1 5 1 0.978584 
-0.558097 -1.89843 -12.6138 0.0025 0.141369 0.0647125 1.14443 0.0353686 2 4 1 0.948854 
-0.542796 -1.659 -13.2935 0.0025 0.189156 0.0972904 1.28588 0.0264332 3 4 1 0.952629 
-0.530992 -1.47514 -13.8008 0.0025 0.235505 0.132186 1.40325 0.021231 4 4 1 0.961124 
-0.521272 -1.3243 -14.2428 0.0025 0.279529 0.168004 1.50261 0.0178872 5 4 1 0.968784 
-0.512951 -1.1951 -14.6853 0.0025 0.321883 0.204674 1.5897 0.0155336 6 4 1 0.974752 
-0.505647 -1.08142 -15.0419 0.0025 0.363027 0.242195 1.66793 0.0137731 7 4 1 0.979176 
-0.499119 -0.979762 -15.4398 0.0025 0.403252 0.280561 1.73942 0.0123992 8 4 1 0.982574 
-0.493207 -0.887044 -15.7801 0.0025 0.442773 0.319778 1.80559 0.0112925 9 4 1 0.985186 
-0.487797 -0.802043 -16.1462 0.0025 0.481715 0.359816 1.86742 0.0103796 10 4 1 0.987324 
-0.482805 -0.723263 -16.3799 0.0025 0.520104 0.400574 1.92551 0.00961346 11 4 1 0.989037 
-0.478167 -0.65002 -16.6461 0.0025 0.557941 0.441942 1.98029 0.00896152 12 4 1 0.990469 
-0.473831 -0.58166 -16.8118 0.0025 0.595238 0.483834 2.03216 0.0084 13 4 1 0.991659 
-0.469757 -0.51754 -16.9667 0.0025 0.631966 0.526125 2.08136 0.00791182 14 4 1 0.992659 
-0.465911 -0.457239 -17.081 0.0025 0.668138 0.568749 2.12817 0.00748349 15 4 1 0.993499 
-0.462267 -0.400329 -17.1859 0.0025 0.703762 0.61164 2.17281 0.00710467 16 4 1 0.994208 
-0.458801 -0.346501 -17.2868 0.0025 0.738868 0.654766 2.21549 0.00676711 17 4 1 0.994835 
-0.455495 -0.295432 -17.2873 0.0025 0.773418 0.698019 2.25633 0.00646481 18 4 1 0.995389 
-0.452333 -0.246983 -17.2275 0.0025 0.807346 0.741247 2.29538 0.00619313 19 4 1 0.995823 
-0.449299 -0.200969 -17.3992 0.0025 0.840793 0.784574 2.33291 0.00594677 20 4 1 0.996149 
-0.446383 -0.156399 -17.8915 0.0025 0.87403 0.828358 2.36938 0.00572062 21 4 1 0.996719 
-0.443576 -0.113785 -16.7962 0.0025 0.906085 0.871273 2.4038 0.00551824 22 4 1 0.997708 
-0.440863 -0.0786725 -12.6733 0.0025 0.934193 0.909211 2.43319 0.00535221 23 4 1 0.997752 
-0.438223 -0.0493123 -15.0748 0.0025 0.961132 0.945815 2.46079 0.0052022 24 4 1 0.996097 
-0.435659 -0.00457885 -26.8236 0.0025 0.99692 0.995891 2.49743 0.00501545 25 4 1 0.99702 
-0.433205 0.0469422 -18.8024 0.0025 1.03378 1.04841 2.53434 0.00483663 26 4 1 0.99995 
-0.430822 0.0628014 -0.212541 0.0025 1.04982 1.071 2.54972 0.00476273 27 3 1 1 
-0.428442 0.0573068 4.13683 0.0025 1.04645 1.06585 2.54617 0.00477806 28 4 1 1.00002 
-0.426044 0.0467879 5.64863 0.0025 1.03734 1.05279 2.53717 0.00482001 29 4 1 0.999797 
-0.423622 0.0347252 6.03392 0.0025 1.02727 1.03842 2.52717 0.00486729 30 4 1 0.999723 
-0.421176 0.0233808 5.33916 0.0025 1.01813 1.02545 2.51806 0.00491097 31 4 1 0.999755 
-0.418711 0.0143014 4.04394 0.0025 1.011 1.01538 2.51094 0.00494561 32 4 1 0.999841 
-0.416231 0.0079896 2.67681 0.0025 1.00611 1.00852 2.50607 0.00496962 33 4 1 0.999922 
-0.413741 0.00410514 1.58045 0.0025 1.00313 1.00435 2.50311 0.00498438 34 4 1 0.99997 
-0.411246 0.00195135 0.84619 0.0025 1.00149 1.00206 2.50147 0.00499257 35 4 1 0.999991 
-0.408748 0.000860961 0.415368 0.0025 1.00066 1.00091 2.50065 0.00499672 36 4 1 0.999998 
-0.406249 0.000352833 0.187971 0.0025 1.00027 1.00037 2.50026 0.00499865 37 4 1 0.999999 
-0.40375 0.000134115 0.0785454 0.0025 1.0001 1.00014 2.5001 0.00499949 38 4 1 1 
-0.40125 4.71378e-05 0.0302728 0.0025 1.00004 1.00005 2.50004 0.00499982 39 4 1 1 
-0.39875 1.52474e-05 0.0107293 0.0025 1.00001 1.00002 2.50001 0.00499994 40 4 1 1 
-0.39625 4.50842e-06 0.00347955 0.0025 1 1 2.5 0.00499998 41 4 1 1 
-0.39375 1.20666e-06 0.0010249 0.0025 1 1 2.5 0.005 42 4 1 1 
-0.39125 2.87989e-07 0.000271099 0.0025 1 1 2.5 0.005 43 4 1 1 
-0.38875 5.98004e-08 6.32355e-05 0.0025 1 1 2.5 0.005 44 4 1 1 
-0.38625 1.0324e-08 1.25972e-05 0.0025 1 1 2.5 0.005 45 4 1 1 
-0.38375 1.33706e-09 2.0064e-06 0.0025 1 1 2.5 0.005 46 4 1 1 
-0.38125 8.92558e-11 2.12428e-07 0.0025 1 1 2.5 0.005 47 4 1 1 
-0.37875 -5.2843e-12 -3.0343e-09 0.0025 1 1 2.5 0.005 48 4 1 1 
-0.37625 1.22585e-12 -1.73128e-09 0.0025 1 1 2.5 0.005 49 5 1 1 
-0.37375 1.01721e-12 5.50642e-10 0.0025 1 1 2.5 0.005 50 3 1 1 
-0.37125 3.09215e-13 2.51134e-10 0.0025 1 1 2.5 0.005 51 4 1 1 
-0.36875 7.02885e-14 1.0084e-10 0.0025 1 1 2.5 0.005 52 4 1 1 
-0.36625 1.78368e-15 3.75167e-12 0.0025 1 1 2.5 0.005 53 5 1 1 
-0.36375 2.01949e-16 6.82121e-13 0.0025 1 1 2.5 0.005 54 5 1 1 
-0.36125 3.98275e-47 1.34525e-43 0.0025 1 1 2.5 0.005 55 5 1 1 
-0.35875 0 0 0.0025 1 1 2.5 0.005 56 5 1 1 
-0.35625 0 0 0.0025 1 1 2.5 0.005 57 5 1 1 
-0.35375 0 0 0.0025 1 1 2.5 0.005 58 5 1 1 
-0.35125 0 0 0.0025 1 1 2.5 0.005 59 5 1 1 
-0.34875 0 0 0.0025 1 1 2.5 0.005 60 5 1 1 
-0.34625 0 0 0.0025 1 1 2.5 0.005 61 5 1 1 
-0.34375 0 0 0.0025 1 1 2.5 0.005 62 5 1 1 
-0.34125 0 0 0.0025 1 1 2.5 0.005 63 5 1 1 
-0.33875 0 0 0.0025 1 1 2.5 0.005 64 5 1 1 
-0.33625 0 0 0.0025 1 1 2.5 0.005 65 5 1 1 
-0.33375 0 0 0.0025 1 1 2.5 0.005 66 5 1 1 
-0.33125 0 0 0.0025 1 1 2.5 0.005 67 5 1 1 
-0.32875 0 0 0.0025 1 1 2.5 0.005 68 5 1 1 
-0.32625 0 0 0.0025 1 1 2.5 0.005 69 5 1 1 
-0.32375 0 0 0.0025 1 1 2.5 0.005 70 5 1 1 
-0.32125 0 0 0.0025 1 1 2.5 0.005 71 5 1 1 
-0.31875 0 0 0.0025 1 1 2.5 0.005 72 5 1 1 
-0.31625 0 0 0.0025 1 1 2.5 0.005 73 5 1 1 
-0.31375 0 0 0.0025 1 1 2.5 0.005 74 5 1 1 
-0.31125 0 0 0.0025 1 1 2.5 0.005 75 5 1 1 
-0.30875 0 0 0.0025 1 1 2.5 0.005 76 5 1 1 
-0.30625 0 0 0.0025 1 1 2.5 0.005 77 5 1 1 
-0.30375 0 0 0.0025 1 1 2.5 0.005 78 5 1 1 
-0.30125 0 0 0.0025 1 1 2.5 0.005 79 5 1 1 
-0.29875 0 0 0.0025 1 1 2.5 0.005 80 5 1 1 
-0.29625 0 0 0.0025 1 1 2.5 0.005 81 5 1 1 
-0.29375 0 0 0.0025 1 1 2.5 0.005 82 5 1 1 
-0.29125 0 0 0.0025 1 1 2.5 0.005 83 5 1 1 
-0.28875 0 0 0.0025 1 1 2.5 0.005 84 5 1 1 
-0.28625 0 0 0.0025 1 1 2.5 0.005 85 5 1 1 
-0.28375 0 0 0.0025 1 1 2.5 0.005 86 5 1 1 
-0.28125 0 0 0.0025 1 1 2.5 0.005 87 5 1 1 
-0.27875 0 0 0.0025 1 1 2.5 0.005 88 5 1 1 
-0.27625 0 0 0.0025 1 1 2.5 0.005 89 5 1 1 
-0.27375 0 0 0.0025 1 1 2.5 0.005 90 5 1 1 
-0.27125 0 0 0.0025 1 1 2.5 0.005 91 5 1 1 
-0.26875 0 0 0.0025 1 1 2.5 0.005 92 5 1 1 
-0.26625 0 0 0.0025 1 1 2.5 0.005 93 5 1 1 
-0.26375 0 0 0.0025 1 1 2.5 0.005 94 5 1 1 
-0.26125 0 0 0.0025 1 1 2.5 0.005 95 5 1 1 
-0.25875 0 0 0.0025 1 1 2.5 0.005 96 5 1 1 
-0.25625 0 0 0.0025 1 1 2.5 0.005 97 5 1 1 
-0.25375 0 0 0.0025 1 1 2.5 0.005 98 5 1 1 
-0.25125 0 0 0.0025 1 1 2.5 0.005 99 5 1 1 
-0.24875 0 0 0.0025 1 1 2.5 0.005 100 5 1 1 
-0.24625 0 0 0.0025 1 1 2.5 0.005 101 5 1 1 
-0.24375 0 0 0.0025 1 1 2.5 0.005 102 5 1 1 
-0.24125 0 0 0.0025 1 1 2.5 0.005 103 5 1 1 
-0.23875 0 0 0.0025 1 1 2.5 0.005 104 5 1 1 
-0.23625 0 0 0.0025 1 1 2.5 0.005 105 5 1 1 
-0.23375 0 0 0.0025 1 1 2.5 0.005 106 5 1 1 
-0.23125 0 0 0.0025 1 1 2.5 0.005 107 5 1 1 
-0.22875 0 0 0.0025 1 1 2.5 0.005 108 5 1 1 
-0.22625 0 0 0.0025 1 1 2.5 0.005 109 5 1 1 
-0.22375 0 0 0.0025 1 1 2.5 0.005 110 5 1 1 
-0.22125 0 0 0.0025 1 1 2.5 0.005 111 5 1 1 
-0.21875 0 0 0.0025 1 1 2.5 0.005 112 5 1 1 
-0.21625 0 0 0.0025 1 1 2.5 0.005 113 5 1 1 
-0.21375 0 0 0.0025 1 1 2.5 0.005 114 5 1 1 
-0.21125 0 0 0.0025 1 1 2.5 0.005 115 5 1 1 
-0.20875 0 0 0.0025 1 1 2.5 0.005 116 5 1 1 
-0.20625 0 0 0.0025 1 1 2.5 0.005 117 5 1 1 
-0.20375 0 0 0.0025 1 1 2.5 0.005 118 5 1 1 
-0.20125 0 0 0.0025 1 1 2.5 0.005 119 5 1 1 
-0.19875 0 0 0.0025 1 1 2.5 0.005 120 5 1 1 
-0.19625 0 0 0.0025 1 1 2.5 0.005 121 5 1 1 
-0.19375 0 0 0.0025 1 1 2.5 0.005 122 5 1 1 
-0.19125 0 0 0.0025 1 1 2.5 0.005 123 5 1 1 
-0.18875 0 0 0.0025 1 1 2.5 0.005 124 5 1 1 
-0.18625 0 0 0.0025 1 1 2.5 0.005 125 5 1 1 
-0.18375 0 0 0.0025 1 1 2.5 0.005 126 5 1 1 
-0.18125 0 0 0.0025 1 1 2.5 0.005 127 5 1 1 
-0.17875 0 0 0.0025 1 1 2.5 0.005 128 5 1 1 
-0.17625 0 0 0.0025 1 1 2.5 0.005 129 5 1 1 
-0.17375 0 0 0.0025 1 1 2.5 0.005 130 5 1 1 
-0.17125 0 0 0.0025 1 1 2.5 0.005 131 5 1 1 
-0.16875 0 0 0.0025 1 1 2.5 0.005 132 5 1 1 
-0.16625 0 0 0.0025 1 1 2.5 0.005 133 5 1 1 
-0.16375 0 0 0.0025 1 1 2.5 0.005 134 5 1 1 
-0.16125 0 0 0.0025 1 1 2.5 0.005 135 5 1 1 
-0.15875 0 0 0.0025 1 1 2.5 0.005 136 5 1 1 
-0.15625 0 0 0.0025 1 1 2.5 0.005 137 5 1 1 
-0.15375 0 0 0.0025 1 1 2.5 0.005 138 5 1 1 
-0.15125 0 0 0.0025 1 1 2.5 0.005 139 5 1 1 
-0.14875 0 0 0.0025 1 1 2.5 0.005 140 5 1 1 
-0.14625 0 0 0.0025 1 1 2.5 0.005 141 5 1 1 
-0.14375 0 0 0.0025 1 1 2.5 0.005 142 5 1 1 
-0.14125 0 0 0.0025 1 1 2.5 0.005 143 5 1 1 
-0.13875 0 0 0.0025 1 1 2.5 0.005 144 5 1 1 
-0.13625 0 0 0.0025 1 1 2.5 0.005 145 5 1 1 
-0.13375 0 0 0.0025 1 1 2.5 0.005 146 5 1 1 
-0.13125 0 0 0.0025 1 1 2.5 0.005 147 5 1 1 
-0.12875 0 0 0.0025 1 1 2.5 0.005 148 5 1 1 
-0.12625 0 0 0.0025 1 1 2.5 0.005 149 5 1 1 
-0.12375 0 0 0.0025 1 1 2.5 0.005 150 5 1 1 
-0.12125 0 0 0.0025 1 1 2.5 0.005 151 5 1 1 
-0.11875 0 0 0.0025 1 1 2.5 0.005 152 5 1 1 
-0.11625 0 0 0.0025 1 1 2.5 0.005 153 5 1 1 
-0.11375 0 0 0.0025 1 1 2.5 0.005 154 5 1 1 
-0.11125 0 0 0.0025 1 1 2.5 0.005 155 5 1 1 
-0.10875 0 0 0.0025 1 1 2.5 0.005 156 5 1 1 
-0.10625 0 0 0.0025 1 1 2.5 0.005 157 5 1 1 
-0.10375 0 0 0.0025 1 1 2.5 0.005 158 5 1 1 
-0.10125 0 0 0.0025 1 1 2.5 0.005 159 5 1 1 
-0.09875 0 0 0.0025 1 1 2.5 0.005 160 5 1 1 
-0.09625 0 0 0.0025 1 1 2.5 0.005 161 5 1 1 
-0.09375 0 0 0.0025 1 1 2.5 0.005 162 5 1 1 
-0.09125 0 0 0.0025 1 1 2.5 0.005 163 5 1 1 
-0.08875 0 0 0.0025 1 1 2.5 0.005 164 5 1 1 
-0.08625 0 0 0.0025 1 1 2.5 0.005 165 5 1 1 
-0.08375 0 0 0.0025 1 1 2.5 0.005 166 5 1 1 
-0.08125 0 0 0.0025 1 1 2.5 0.005 167 5 1 1 
-0.07875 0 0 0.0025 1 1 2.5 0.005 168 5 1 1 
-0.07625 0 0 0.0025 1 1 2.5 0.005 169 5 1 1 
-0.07375 0 0 0.0025 1 1 2.5 0.005 170 5 1 1 
-0.07125 0 0 0.0025 1 1 2.5 0.005 171 5 1 1 
-0.06875 0 0 0.0025 1 1 2.5 0.005 172 5 1 1 
-0.06625 0 0 0.0025 1 1 2.5 0.005 173 5 1 1 
-0.06375 0 0 0.0025 1 1 2.5 0.005 174 5 1 1 
-0.06125 0 0 0.0025 1 1 2.5 0.005 175 5 1 1 
-0.05875 0 0 0.0025 1 1 2.5 0.005 176 5 1 1 
-0.05625 -3.6482e-47 -1.12104e-44 0.0025 1 1 2.5 0.005 177 5 1 1 
-0.05375 -5.04418e-17 -5.68434e-14 0.0025 1 1 2.5 0.005 178 5 1 1 
-0.05125 -2.17413e-16 5.68434e-14 0.0025 1 1 2.5 0.005 179 5 1 1 
-0.04875 -3.83331e-16 -5.68434e-14 0.0025 1 1 2.5 0.005 180 5 1 1 
-0.04625 -6.30807e-16 -2.24208e-44 0.0025 1 1 2.5 0.005 181 5 1 1 
-0.04375 -8.92739e-16 -4.48416e-44 0.0025 1 1 2.5 0.005 182 5 1 1 
-0.04125 -1.34959e-15 -3.36312e-44 0.0025 1 1 2.5 0.005 183 5 1 1 
-0.03875 -1.88394e-15 -5.68434e-14 0.0025 1 1 2.5 0.005 184 5 1 1 
-0.03625 -2.34267e-15 -1.13687e-13 0.0025 1 1 2.5 0.005 185 5 1 1 
-0.03375 -4.06073e-15 -3.15544e-28 0.0025 1 1 2.5 0.005 186 4 1 1 
-0.03125 -4.55722e-16 6.31089e-28 0.0025 1 1 2.5 0.005 187 3 1 1 
-0.02875 -1.01389e-15 8.96831e-44 0.0025 1 1 2.5 0.005 188 3 1 1 
-0.02625 -1.07149e-15 -6.31089e-28 0.0025 1 1 2.5 0.005 189 3 1 1 
-0.02375 2.77469e-15 5.68434e-14 0.0025 1 1 2.5 0.005 190 4 1 1 
-0.02125 1.01012e-15 0 0.0025 1 1 2.5 0.005 191 5 1 1 
-0.01875 -8.37108e-16 -2.84217e-13 0.0025 1 1 2.5 0.005 192 4 1 1 
-0.01625 2.74301e-15 1.13687e-13 0.0025 1 1 2.5 0.005 193 3 1 1 
-0.01375 1.00279e-15 1.13687e-13 0.0025 1 1 2.5 0.005 194 5 1 1 
-0.01125 -3.98705e-16 -7.88861e-29 0.0025 1 1 2.5 0.005 195 4 1 1 
-0.00875 1.23806e-15 2.46519e-28 0.0025 1 1 2.5 0.005 196 3 1 1 
-0.00625 4.59852e-16 -9.86076e-30 0.0025 1 1 2.5 0.005 197 5 1 1 
-0.00375 -3.36235e-17 0 0.0025 1 1 2.5 0.005 198 3 1 1 
-0.00125 -1.36521e-16 1.12104e-43 0.0025 1 1 2.5 0.005 199 3 1 1 
0.00125 -2.6915e-16 -3.9443e-29 0.0025 1 1 2.5 0.005 200 3 1 1 
0.00375 2.74205e-17 3.41061e-13 0.0025 1 1 2.5 0.005 201 5 1 1 
0.00625 2.41924e-16 -4.54747e-13 0.0025 1 1 2.5 0.005 202 5 1 1 
0.00875 -6.71843e-16 -9.09495e-13 0.0025 1 1 2.5 0.005 203 3 1 1 
0.01125 -1.2398e-15 1.25056e-12 0.0025 1 1 2.5 0.005 204 3 1 1 
0.01375 -1.03308e-15 -2.27374e-13 0.0025 1 1 2.5 0.005 205 4 1 1 
0.01625 -3.5056e-16 4.54747e-13 0.0025 1 1 2.5 0.005 206 4 1 1 
0.01875 -7.30558e-16 -3.41061e-13 0.0025 1 1 2.5 0.005 207 5 1 1 
0.02125 -9.69173e-16 -1.13687e-13 0.0025 1 1 2.5 0.005 208 5 1 1 
0.02375 -2.78356e-15 -3.15544e-28 0.0025 1 1 2.5 0.005 209 4 1 1 
0.02625 1.17957e-15 2.76101e-28 0.0025 1 1 2.5 0.005 210 3 1 1 
0.02875 6.5309e-16 -2.76101e-28 0.0025 1 1 2.5 0.005 211 3 1 1 
0.03125 4.22672e-15 3.15544e-28 0.0025 1 1 2.5 0.005 212 4 1 1 
0.03375 2.50898e-15 1.13687e-13 0.0025 1 1 2.5 0.005 213 5 1 1 
0.03625 1.98282e-15 -5.68434e-14 0.0025 1 1 2.5 0.005 214 5 1 1 
0.03875 1.48311e-15 1.13687e-13 0.0025 1 1 2.5 0.005 215 5 1 1 
0.04125 9.25492e-16 4.48416e-44 0.0025 1 1 2.5 0.005 216 5 1 1 
0.04375 6.30709e-16 2.24208e-44 0.0025 1 1 2.5 0.005 217 5 1 1 
0.04625 4.16591e-16 5.68434e-14 0.0025 1 1 2.5 0.005 218 5 1 1 
0.04875 2.34274e-16 0 0.0025 1 1 2.5 0.005 219 5 1 1 
0.05125 6.72356e-17 1.12104e-44 0.0025 1 1 2.5 0.005 220 5 1 1 
0.05375 3.64699e-47 1.12104e-44 0.0025 1 1 2.5 0.005 221 5 1 1 
0.05625 0 0 0.0025 1 1 2.5 0.005 222 5 1 1 
0.05875 0 0 0.0025 1 1 2.5 0.005 223 5 1 1 
0.06125 0 0 0.0025 1 1 2.5 0.005 224 5 1 1 
0.06375 0 0 0.0025 1 1 2.5 0.005 225 5 1 1 
0.06625 0 0 0.0025 1 1 2.5 0.005 226 5 1 1 
0.06875 0 0 0.0025 1 1 2.5 0.005 227 5 1 1 
0.07125 0 0 0.0025 1 1 2.5 0.005 228 5 1 1 
0.07375 0 0 0.0025 1 1 2.5 0.005 229 5 1 1 
0.07625 0 0 0.0025 1 1 2.5 0.005 230 5 1 1 
0.07875 0 0 0.0025 1 1 2.5 0.005 231 5 1 1 
0.08125 0 0 0.0025 1 1 2.5 0.005 232 5 1 1 
0.08375 0 0 0.0025 1 1 2.5 0.005 233 5 1 1 
0.08625 0 0 0.0025 1 1 2.5 0.005 234 5 1 1 
0.08875 0 0 0.0025 1 1 2.5 0.005 235 5 1 1 
0.09125 -6.297e-47 -1.12104e-44 0.0025 1 1 2.5 0.005 236 5 1 1 
0.09375 -3.35691e-17 -1.12104e-44 0.0025 1 1 2.5 0.005 237 5 1 1 
0.09625 -2.00225e-16 0 0.0025 1 1 2.5 0.005 238 5 1 1 
0.09875 -3.32868e-16 0 0.0025 1 1 2.5 0.005 239 5 1 1 
0.10125 -4.96786e-16 1.12104e-44 0.0025 1 1 2.5 0.005 240 5 1 1 
0.10375 -6.58468e-16 7.84727e-44 0.0025 1 1 2.5 0.005 241 5 1 1 
0.10625 1.23186e-15 1.13687e-13 0.0025 1 1 2.5 0.005 242 5 1 1 
0.10875 3.43234e-16 2.27374e-13 0.0025 1 1 2.5 0.005 243 5 1 1 
0.11125 1.23888e-15 -1.13687e-13 0.0025 1 1 2.5 0.005 244 5 1 1 
0.11375 -8.73351e-16 -2.27374e-13 0.0025 1 1 2.5 0.005 245 5 1 1 
0.11625 2.76064e-15 5.68434e-13 0.0025 1 1 2.5 0.005 246 5 1 1 
0.11875 8.17039e-18 4.54747e-13 0.0025 1 1 2.5 0.005 247 5 1 1 
0.12125 8.44291e-16 -5.68434e-13 0.0025 1 1 2.5 0.005 248 5 1 1 
0.12375 -3.11512e-15 -5.11591e-13 0.0025 1 1 2.5 0.005 249 4 1 1 
0.12625 3.11512e-15 5.11591e-13 0.0025 1 1 2.5 0.005 250 4 1 1 
0.12875 -8.44291e-16 5.68434e-13 0.0025 1 1 2.5 0.005 251 5 1 1 
0.13125 -8.17039e-18 -4.54747e-13 0.0025 1 1 2.5 0.005 252 5 1 1 
0.13375 -2.76064e-15 -5.68434e-13 0.0025 1 1 2.5 0.005 253 5 1 1 
0.13625 8.73351e-16 2.27374e-13 0.0025 1 1 2.5 0.005 254 5 1 1 
0.13875 -1.23888e-15 1.13687e-13 0.0025 1 1 2.5 0.005 255 5 1 1 
0.14125 -3.43234e-16 -2.27374e-13 0.0025 1 1 2.5 0.005 256 5 1 1 
0.14375 -1.23186e-15 -1.13687e-13 0.0025 1 1 2.5 0.005 257 5 1 1 
0.14625 6.58468e-16 -7.84727e-44 0.0025 1 1 2.5 0.005 258 5 1 1 
0.14875 4.96786e-16 -1.12104e-44 0.0025 1 1 2.5 0.005 259 5 1 1 
0.15125 3.32868e-16 0 0.0025 1 1 2.5 0.005 260 5 1 1 
0.15375 2.00225e-16 0 0.0025 1 1 2.5 0.005 261 5 1 1 
0.15625 3.35691e-17 1.12104e-44 0.0025 1 1 2.5 0.005 262 5 1 1 
0.15875 6.297e-47 1.12104e-44 0.0025 1 1 2.5 0.005 263 5 1 1 
0.16125 0 0 0.0025 1 1 2.5 0.005 264 5 1 1 
0.16375 0 0 0.0025 1 1 2.5 0.005 265 5 1 1 
0.16625 0 0 0.0025 1 1 2.5 0.005 266 5 1 1 
0.16875 0 0 0.0025 1 1 2.5 0.005 267 5 1 1 
0.17125 0 0 0.0025 1 1 2.5 0.005 268 5 1 1 
0.17375 0 0 0.0025 1 1 2.5 0.005 269 5 1 1 
0.17625 0 0 0.0025 1 1 2.5 0.005 270 5 1 1 
0.17875 0 0 0.0025 1 1 2.5 0.005 271 5 1 1 
0.18125 0 0 0.0025 1 1 2.5 0.005 272 5 1 1 
0.18375 0 0 0.0025 1 1 2.5 0.005 273 5 1 1 
0.18625 0 0 0.0025 1 1 2.5 0.005 274 5 1 1 
0.18875 0 0 0.0025 1 1 2.5 0.005 275 5 1 1 
0.19125 0 0 0.0025 1 1 2.5 0.005 276 5 1 1 
0.19375 0 0 0.0025 1 1 2.5 0.005 277 5 1 1 
0.19625 0 0 0.0025 1 1 2.5 0.005 278 5 1 1 
0.19875 0 0 0.0025 1 1 2.5 0.005 279 5 1 1 
0.20125 0 0 0.0025 1 1 2.5 0.005 280 5 1 1 
0.20375 0 0 0.0025 1 1 2.5 0.005 281 5 1 1 
0.20625 -2.32171e-47 -1.12104e-44 0.0025 1 1 2.5 0.005 282 5 1 1 
0.20875 -5.04497e-17 -5.68434e-14 0.0025 1 1 2.5 0.005 283 5 1 1 
0.21125 -2.34904e-16 -2.24208e-44 0.0025 1 1 2.5 0.005 284 5 1 1 
0.21375 -5.02609e-16 -4.48416e-44 0.0025 1 1 2.5 0.005 285 5 1 1 
0.21625 -9.36924e-16 -3.36312e-44 0.0025 1 1 2.5 0.005 286 5 1 1 
0.21875 -1.53617e-15 -1.13687e-13 0.0025 1 1 2.5 0.005 287 5 1 1 
0.22125 -2.33309e-15 1.12104e-44 0.0025 1 1 2.5 0.005 288 5 1 1 
0.22375 -3.12408e-15 8.96831e-44 0.0025 1 1 2.5 0.005 289 5 1 1 
0.22625 -3.56944e-15 4.54747e-13 0.0025 1 1 2.5 0.005 290 5 1 1 
0.22875 -4.55032e-15 2.84217e-13 0.0025 1 1 2.5 0.005 291 5 1 1 
0.23125 2.479e-15 2.27374e-13 0.0025 1 1 2.5 0.005 292 5 1 1 
0.23375 3.9513e-16 -1.7053e-13 0.0025 1 1 2.5 0.005 293 5 1 1 
0.23625 -2.10776e-15 -4.54747e-13 0.0025 1 1 2.5 0.005 294 5 1 1 
0.23875 -6.12357e-15 -5.68434e-13 0.0025 1 1 2.5 0.005 295 5 1 1 
0.24125 1.70044e-15 8.52651e-13 0.0025 1 1 2.5 0.005 296 5 1 1 
0.24375 -3.76495e-15 7.95808e-13 0.0025 1 1 2.5 0.005 297 5 1 1 
0.24625 3.72736e-15 -1.02318e-12 0.0025 1 1 2.5 0.005 298 5 1 1 
0.24875 -4.11264e-15 -7.95808e-13 0.0025 1 1 2.5 0.005 299 3 1 1 
0.25125 4.11264e-15 7.95808e-13 0.0025 1 1 2.5 0.005 300 3 1 1 
0.25375 -3.72736e-15 1.02318e-12 0.0025 1 1 2.5 0.005 301 5 1 1 
0.25625 3.76495e-15 -7.95808e-13 0.0025 1 1 2.5 0.005 302 5 1 1 
0.25875 -1.70044e-15 -8.52651e-13 0.0025 1 1 2.5 0.005 303 5 1 1 
0.26125 6.12357e-15 5.68434e-13 0.0025 1 1 2.5 0.005 304 5 1 1 
0.26375 2.10776e-15 4.54747e-13 0.0025 1 1 2.5 0.005 305 5 1 1 
0.26625 -3.9513e-16 1.7053e-13 0.0025 1 1 2.5 0.005 306 5 1 1 
0.26875 -2.479e-15 -2.27374e-13 0.0025 1 1 2.5 0.005 307 5 1 1 
0.27125 4.55032e-15 -2.84217e-13 0.0025 1 1 2.5 0.005 308 5 1 1 
0.27375 3.56944e-15 -4.54747e-13 0.0025 1 1 2.5 0.005 309 5 1 1 
0.27625 3.12408e-15 -8.96831e-44 0.0025 1 1 2.5 0.005 310 5 1 1 
0.27875 2.33309e-15 -1.12104e-44 0.0025 1 1 2.5 0.005 311 5 1 1 
0.28125 1.53617e-15 1.13687e-13 0.0025 1 1 2.5 0.005 312 5 1 1 
0.28375 9.36924e-16 3.36312e-44 0.0025 1 1 2.5 0.005 313 5 1 1 
0.28625 5.02609e-16 4.48416e-44 0.0025 1 1 2.5 0.005 314 5 1 1 
0.28875 2.34904e-16 2.24208e-44 0.0025 1 1 2.5 0.005 315 5 1 1 
0.29125 5.04497e-17 5.68434e-14 0.0025 1 1 2.5 0.005 316 5 1 1 
0.29375 2.32171e-47 1.12104e-44 0.0025 1 1 2.5 0.005 317 5 1 1 
0.29625 0 0 0.0025 1 1 2.5 0.005 318 5 1 1 
0.29875 0 0 0.0025 1 1 2.5 0.005 319 5 1 1 
0.30125 0 0 0.0025 1 1 2.5 0.005 320 5 1 1 
0.30375 0 0 0.0025 1 1 2.5 0.005 321 5 1 1 
0.30625 0 0 0.0025 1 1 2.5 0.005 322 5 1 1 
0.30875 0 0 0.0025 1 1 2.5 0.005 323 5 1 1 
0.31125 0 0 0.0025 1 1 2.5 0.005 324 5 1 1 
0.31375 0 0 0.0025 1 1 2.5 0.005 325 5 1 1 
0.31625 0 0 0.0025 1 1 2.5 0.005 326 5 1 1 
0.31875 0 0 0.0025 1 1 2.5 0.005 327 5 1 1 
0.32125 0 0 0.0025 1 1 2.5 0.005 328 5 1 1 
0.32375 0 0 0.0025 1 1 2.5 0.005 329 5 1 1 
0.32625 0 0 0.0025 1 1 2.5 0.005 330 5 1 1 
0.32875 0 0 0.0025 1 1 2.5 0.005 331 5 1 1 
0.33125 0 0 0.0025 1 1 2.5 0.005 332 5 1 1 
0.33375 0 0 0.0025 1 1 2.5 0.005 333 5 1 1 
0.33625 0 0 0.0025 1 1 2.5 0.005 334 5 1 1 
0.33875 0 0 0.0025 1 1 2.5 0.005 335 5 1 1 
0.34125 0 0 0.0025 1 1 2.5 0.005 336 5 1 1 
0.34375 0 0 0.0025 1 1 2.5 0.005 337 5 1 1 
0.34625 0 0 0.0025 1 1 2.5 0.005 338 5 1 1 
0.34875 0 0 0.0025 1 1 2.5 0.005 339 5 1 1 
0.35125 0 0 0.0025 1 1 2.5 0.005 340 5 1 1 
0.35375 0 0 0.0025 1 1 2.5 0.005 341 5 1 1 
0.35625 0 0 0.0025 1 1 2.5 0.005 342 5 1 1 
0.35875 0 0 0.0025 1 1 2.5 0.005 343 5 1 1 
0.36125 -4.64654e-47 -1.56945e-43 0.0025 1 1 2.5 0.005 344 5 1 1 
0.36375 -2.35608e-16 -7.95808e-13 0.0025 1 1 2.5 0.005 345 5 1 1 
0.36625 -2.55763e-15 -5.11591e-12 0.0025 1 1 2.5 0.005 346 5 1 1 
0.36875 -6.36407e-14 -7.9865e-11 0.0025 1 1 2.5 0.005 347 4 1 1 
0.37125 -2.63626e-13 -2.11003e-10 0.0025 1 1 2.5 0.005 348 4 1 1 
0.37375 -7.81203e-13 -2.83478e-10 0.0025 1 1 2.5 0.005 349 3 1 1 
0.37625 -2.73242e-13 2.4371e-09 0.0025 1 1 2.5 0.005 350 5 1 1 
0.37875 2.57046e-12 -7.66215e-09 0.0025 1 1 2.5 0.005 351 4 1 1 
0.38125 -1.25864e-10 -2.52344e-07 0.0025 1 1 2.5 0.005 352 4 1 1 
0.38375 -1.48438e-09 -2.10039e-06 0.0025 1 1 2.5 0.005 353 4 1 1 
0.38625 -1.0539e-08 -1.23833e-05 0.0025 1 1 2.5 0.005 354 4 1 1 
0.38875 -5.80824e-08 -5.96534e-05 0.0025 1 1 2.5 0.005 355 4 1 1 
0.39125 -2.69944e-07 -0.00024791 0.0025 1 1 2.5 0.005 356 4 1 1 
0.39375 -1.09982e-06 -0.000913689 0.0025 1 1 2.5 0.005 357 4 1 1 
0.39625 -4.01411e-06 -0.0030348 0.0025 1 1 2.5 0.00499998 358 4 1 1 
0.39875 -1.33016e-05 -0.00917722 0.0025 1.00001 1.00001 2.50001 0.00499995 359 4 1 1 
0.40125 -4.03776e-05 -0.0254369 0.0025 1.00003 1.00004 2.50003 0.00499984 360 4 1 1 
0.40375 -0.000112976 -0.0649128 0.0025 1.00009 1.00012 2.50008 0.00499957 361 4 1 1 
0.40625 -0.000292634 -0.152933 0.0025 1.00022 1.00031 2.50022 0.00499888 362 4 1 1 
0.408749 -0.000703729 -0.332978 0.0025 1.00054 1.00074 2.50053 0.00499732 363 4 1 0.999998 
0.411247 -0.00157348 -0.669205 0.0025 1.0012 1.00166 2.50119 0.00499401 364 4 1 0.999994 
0.413743 -0.00327032 -1.23606 0.0025 1.0025 1.00347 2.50247 0.00498755 365 4 1 0.999982 
0.416234 -0.00630383 -2.08026 0.0025 1.00482 1.00672 2.50479 0.004976 366 4 1 0.999952 
0.418719 -0.011221 -3.14819 0.0025 1.00863 1.01206 2.50859 0.00495723 367 4 1 0.999901 
0.421192 -0.0183439 -4.21019 0.0025 1.01421 1.01993 2.51416 0.00492992 368 4 1 0.999841 
0.423649 -0.0274116 -4.88345 0.0025 1.02148 1.03022 2.52141 0.00489485 369 4 1 0.99981 
0.426087 -0.037364 -4.77339 0.0025 1.02971 1.04191 2.5296 0.00485574 370 4 1 0.999847 
0.428505 -0.0464606 -3.70797 0.0025 1.03745 1.05298 2.53728 0.0048195 371 4 1 1 
0.430906 -0.0517738 -0.356476 0.0025 1.04079 1.05801 2.54077 0.00480406 372 3 1 1 
0.433309 -0.0390886 16.2083 0.0025 1.02699 1.03872 2.52754 0.00486859 373 4 1 0.999997 
0.435776 0.00949471 26.5749 0.0025 0.992073 0.989157 2.49251 0.00503995 374 4 1 0.997422 
0.438351 0.0561739 16.4213 0.0025 0.955548 0.938115 2.45498 0.0052326 375 4 1 0.995975 
0.44101 0.0875927 12.9476 0.0025 0.927407 0.899904 2.42596 0.00539138 376 4 1 0.997498 
0.443744 0.122855 16.5399 0.0025 0.89912 0.861853 2.39625 0.00556099 377 4 1 0.99762 
0.446573 0.165455 17.7858 0.0025 0.867208 0.819276 2.36184 0.00576563 378 4 1 0.996704 
0.449512 0.210297 17.3411 0.0025 0.834039 0.775718 2.32526 0.00599492 379 4 1 0.996108 
0.45257 0.256531 17.1118 0.0025 0.800717 0.732689 2.28767 0.00624441 380 4 1 0.995783 
0.455759 0.304858 17.0208 0.0025 0.767163 0.690076 2.24885 0.00651752 381 4 1 0.995396 
0.459092 0.355146 16.7257 0.0025 0.733535 0.648103 2.2089 0.00681631 382 4 1 0.994974 
0.46258 0.406689 16.0554 0.0025 0.700417 0.607512 2.16848 0.0071386 383 4 1 0.994648 
0.466235 0.458041 14.8022 0.0025 0.668809 0.569477 2.1288 0.00747598 384 4 1 0.994579 
0.470061 0.506454 12.6796 0.0025 0.640185 0.535648 2.09189 0.00781024 385 4 1 0.994978 
0.474049 0.547992 9.65189 0.0025 0.616277 0.507857 2.06031 0.00811323 386 4 1 0.995991 
0.478177 0.579529 6.69625 0.0025 0.597882 0.486787 2.03554 0.00836285 387 4 1 0.997332 
0.482414 0.604656 6.36416 0.0025 0.582669 0.469576 2.01475 0.00858121 388 4 1 0.998167 
0.48676 0.635134 8.59341 0.0025 0.566266 0.451185 1.99192 0.00882977 389 4 1 0.99798 
0.491246 0.670346 7.06247 0.0025 0.549832 0.432925 1.96857 0.00909368 390 4 1 0.997536 
0.495855 0.686693 -0.344663 0.0025 0.541429 0.423705 1.95654 0.00923482 391 4 1 0.999123 
0.500481 0.681767 -0.59049 0.0025 0.541256 0.423571 1.95643 0.00923778 392 5 1 0.999987 
0.505093 0.68005 -0.386479 0.0025 0.542528 0.424993 1.95839 0.00921611 393 4 1 0.999995 
0.509697 0.678546 -0.220323 0.0025 0.543291 0.425858 1.95962 0.00920318 394 4 1 0.999998 
0.514296 0.677547 -0.217263 0.0025 0.543773 0.426452 1.96062 0.00919502 395 4 1 1 
0.518892 0.676616 -0.1623 0.0025 0.54385 0.426715 1.96155 0.00919371 396 3 1 1 
0.52349 0.675977 -0.10398 0.0025 0.542585 0.425304 1.95962 0.00921515 397 4 1 0.999997 
0.528107 0.675498 -0.0841608 0.0025 0.529666 0.410205 1.93615 0.00943991 398 4 1 0.999708 
0.532934 0.675038 -0.0445775 0.0025 0.50574 0.438967 2.16992 0.0098865 399 4 1 0.99475 
0.538001 0.674584 -0.0125151 0.0025 0.480291 0.41429 2.15645 0.0104104 400 4 1 0.993729 
0.543354 0.673885 0.0735641 0.0025 0.457696 0.448513 2.44984 0.0109243 401 4 1 0.993636 
0.548931 0.672675 0.220589 0.0025 0.448422 0.428203 2.38727 0.0111502 402 4 1 0.998486 
0.554505 0.669201 0.695192 0.0025 0.447792 0.423593 2.36487 0.0111659 403 4 1 1 
0.560097 0.659812 2.07364 0.0025 0.443004 0.415118 2.34257 0.0112866 404 4 1 0.99988 
0.565792 0.633501 5.12544 0.0025 0.429533 0.396235 2.30607 0.0116406 405 4 1 0.998331 
0.571743 0.581218 10.8105 0.0025 0.401582 0.359316 2.23661 0.0124507 406 4 1 0.992775 
0.578274 0.451771 27.4909 0.0025 0.353391 0.298022 2.10814 0.0141486 407 4 1 0.979013 
0.586024 0.231443 33.552 0.0025 0.299412 0.233415 1.94915 0.0166994 408 4 1 0.957064 
0.595151 0.0600463 16.6924 0.0025 0.26434 0.1944 1.83885 0.018915 409 4 1 0.966618 
0.604997 0.00413689 2.88031 0.0025 0.251972 0.181483 1.80075 0.0198435 410 4 1 0.993043 
0.614998 -0.000931448 -0.136727 0.0025 0.249967 0.179464 1.7949 0.0200027 411 5 1 0.99976 
0.625 -3.49612e-05 -0.042397 0.0025 0.24997 0.17947 1.79491 0.0200024 412 4 1 1 
0.635 1.38776e-05 0.00245822 0.0025 0.250001 0.179502 1.795 0.0199999 413 3 1 1 
0.645 3.18917e-06 0.000854687 0.0025 0.250001 0.179501 1.795 0.0199999 414 4 1 1 
0.655 5.16818e-07 0.000161258 0.0025 0.25 0.1795 1.795 0.02 415 4 1 1 
0.665 7.00861e-08 2.45549e-05 0.0025 0.25 0.1795 1.795 0.02 416 4 1 1 
0.675 8.17394e-09 3.18669e-06 0.0025 0.25 0.1795 1.795 0.02 417 4 1 1 
0.685 8.15017e-10 3.55083e-07 0.0025 0.25 0.1795 1.795 0.02 418 4 1 1 
0.695 6.78709e-11 3.34585e-08 0.0025 0.25 0.1795 1.795 0.02 419 4 1 1 
0.705 4.47457e-12 2.57185e-09 0.0025 0.25 0.1795 1.795 0.02 420 4 1 1 
0.715 2.0677e-13 1.49512e-10 0.0025 0.25 0.1795 1.795 0.02 421 4 1 1 
0.725 1.96971e-15 4.83169e-12 0.0025 0.25 0.1795 1.795 0.02 422 4 1 1 
0.735 -1.2619e-16 -2.27374e-13 0.0025 0.25 0.1795 1.795 0.02 423 5 1 1 
0.745 -6.28616e-33 -7.08003e-30 0.0025 0.25 0.1795 1.795 0.02 424 5 1 1 
0.755 0 0 0.0025 0.25 0.1795 1.795 0.02 425 5 1 1 
0.765 0 0 0.0025 0.25 0.1795 1.795 0.02 426 5 1 1 
0.775 0 0 0.0025 0.25 0.1795 1.795 0.02 427 5 1 1 
0.785 0 0 0.0025 0.25 0.1795 1.795 0.02 428 5 1 1 
0.795 0 0 0.0025 0.25 0.1795 1.795 0.02 429 5 1 1 
0.805 0 0 0.0025 0.25 0.1795 1.795 0.02 430 5 1 1 
0.815 0 0 0.0025 0.25 0.1795 1.795 0.02 431 5 1 1 
0.825 0 0 0.0025 0.25 0.1795 1.795 0.02 432 5 1 1 
0.835 0 0 0.0025 0.25 0.1795 1.795 0.02 433 5 1 1 
0.845 0 0 0.0025 0.25 0.1795 1.795 0.02 434 5 1 1 
0.855 0 0 0.0025 0.25 0.1795 1.795 0.02 435 5 1 1 
0.865 0 0 0.0025 0.25 0.1795 1.795 0.02 436 5 1 1 
0.875 0 0 0.0025 0.25 0.1795 1.795 0.02 437 5 1 1 
0.885 0 0 0.0025 0.25 0.1795 1.795 0.02 438 5 1 1 
0.895 0 0 0.0025 0.25 0.1795 1.795 0.02 439 5 1 1 
0.905 0 0 0.0025 0.25 0.1795 1.795 0.02 440 5 1 1 
0.915 0 0 0.0025 0.25 0.1795 1.795 0.02 441 5 1 1 
0.925 -2.8955e-47 -2.8026e-45 0.0025 0.25 0.1795 1.795 0.02 442 5 1 1 
0.935 -4.6241e-17 -1.42109e-14 0.0025 0.25 0.1795 1.795 0.02 443 5 1 1 
0.945 -4.18774e-16 -2.84217e-14 0.0025 0.25 0.1795 1.795 0.02 444 5 1 1 
0.955 -1.36097e-15 -8.52651e-14 0.0025 0.25 0.1795 1.795 0.02 445 5 1 1 
0.965 -3.72953e-15 -1.42109e-13 0.0025 0.25 0.1795 1.795 0.02 446 5 1 1 
0.975 -9.11641e-15 -2.41585e-13 0.0025 0.25 0.1795 1.795 0.02 447 5 1 1 
0.985 -2.95421e-15 2.98428e-13 0.0025 0.25 0.1795 1.795 0.02 448 5 1 1 
0.995 -1.43274e-14 3.69482e-13 0.0025 0.25 0.1795 1.795 0.02 449 3 1 1 
1.005 1.43274e-14 -3.69482e-13 0.0025 0.25 0.1795 1.795 0.02 450 3 1 1 
1.015 2.95421e-15 -2.98428e-13 0.0025 0.25 0.1795 1.795 0.02 451 5 1 1 
1.025 9.11641e-15 2.41585e-13 0.0025 0.25 0.1795 1.795 0.02 452 5 1 1 
1.035 3.72953e-15 1.42109e-13 0.0025 0.25 0.1795 1.795 0.02 453 5 1 1 
1.045 1.36097e-15 8.52651e-14 0.0025 0.25 0.1795 1.795 0.02 454 5 1 1 
1.055 4.18774e-16 2.84217e-14 0.0025 0.25 0.1795 1.795 0.02 455 5 1 1 
1.065 4.6241e-17 1.42109e-14 0.0025 0.25 0.1795 1.795 0.02 456 5 1 1 
1.075 2.8955e-47 2.8026e-45 0.0025 0.25 0.1795 1.795 0.02 457 5 1 1 
1.085 0 0 0.0025 0.25 0.1795 1.795 0.02 458 5 1 1 
1.095 0 0 0.0025 0.25 0.1795 1.795 0.02 459 5 1 1 
1.105 0 0 0.0025 0.25 0.1795 1.795 0.02 460 5 1 1 
1.115 0 0 0.0025 0.25 0.1795 1.795 0.02 461 5 1 1 
1.125 0 0 0.0025 0.25 0.1795 1.795 0.02 462 5 1 1 
1.135 0 0 0.0025 0.25 0.1795 1.795 0.02 463 5 1 1 
1.145 0 0 0.0025 0.25 0.1795 1.795 0.02 464 5 1 1 
1.155 0 0 0.0025 0.25 0.1795 1.795 0.02 465 5 1 1 
1.165 0 0 0.0025 0.25 0.1795 1.795 0.02 466 5 1 1 
1.175 0 0 0.0025 0.25 0.1795 1.795 0.02 467 5 1 1 
1.185 0 0 0.0025 0.25 0.1795 1.795 0.02 468 5 1 1 
1.195 0 0 0.0025 0.25 0.1795 1.795 0.02 469 5 1 1 
1.205 0 0 0.0025 0.25 0.1795 1.795 0.02 470 5 1 1 
1.215 0 0 0.0025 0.25 0.1795 1.795 0.02 471 5 1 1 
1.225 0 0 0.0025 0.25 0.1795 1.795 0.02 472 5 1 1 
1.235 0 0 0.0025 0.25 0.1795 1.795 0.02 473 5 1 1 
1.245 0 0 0.0025 0.25 0.1795 1.795 0.02 474 5 1 1 
1.255 -1.15671e-47 5.60519e-45 0.0025 0.25 0.1795 1.795 0.02 475 5 1 1 
1.265 2.94406e-17 4.26326e-14 0.0025 0.25 0.1795 1.795 0.02 476 5 1 1 
1.275 9.93799e-16 1.47793e-12 0.0025 0.25 0.1795 1.795 0.02 477 5 1 1 
1.285 1.96381e-14 -1.12692e-11 0.0025 0.25 0.1795 1.795 0.02 478 4 1 1 
1.295 -1.46619e-12 -1.38293e-09 0.0025 0.25 0.1795 1.795 0.02 479 4 1 1 
1.305 -4.78102e-11 -3.0939e-08 0.0025 0.25 0.1795 1.795 0.02 480 4 1 1 
1.315 -8.61591e-10 -4.57065e-07 0.0025 0.25 0.1795 1.795 0.02 481 4 1 1 
1.325 -1.14287e-08 -5.2163e-06 0.0025 0.25 0.1795 1.795 0.02 482 4 1 1 
1.335 -1.21554e-07 -4.86357e-05 0.0025 0.25 0.1795 1.795 0.02 483 4 1 1 
1.345 -1.07605e-06 -0.000380039 0.0025 0.25 0.1795 1.795 0.02 484 4 1 1 
1.355 -8.07899e-06 -0.00251986 0.0025 0.250002 0.179502 1.79501 0.0199998 485 4 1 1 
1.365 -5.19962e-05 -0.0142719 0.0025 0.250013 0.179513 1.79504 0.019999 486 4 1 1 
1.375 -0.000288934 -0.0692901 0.0025 0.250071 0.179571 1.7952 0.0199943 487 4 1 0.999996 
1.38499 -0.00138731 -0.285594 0.0025 0.250334 0.179835 1.79596 0.0199733 488 4 1 0.999944 
1.39497 -0.00561767 -0.945652 0.0025 0.251305 0.180813 1.79875 0.0198962 489 4 1 0.999598 
1.40489 -0.0180111 -2.24596 0.0025 0.253999 0.183541 1.80653 0.0196851 490 4 1 0.998684 
1.41466 -0.0425327 -3.31211 0.0025 0.25921 0.188867 1.82156 0.0192894 491 4 1 0.998854 
1.42418 -0.0713817 -2.13815 0.0025 0.264888 0.19473 1.8378 0.0188759 492 3 1 1.00033 
1.43354 -0.0698846 4.50529 0.0025 0.260597 0.190357 1.82606 0.0191867 493 4 1 1.00152 
1.44338 0.0344499 14.5439 0.0025 0.236814 0.166488 1.75755 0.0211136 494 4 1 0.990182 
1.45478 0.198004 13.6628 0.0025 0.201492 0.132787 1.64758 0.0248149 495 4 1 0.963713 
1.46851 0.386363 13.2073 0.0025 0.162975 0.0986575 1.51342 0.0306795 496 4 1 0.954619 
1.4862 0.652198 13.5378 0.0025 0.121593 0.0654512 1.34573 0.0411208 497 4 1 0.953803 
1.51185 1.03305 11.4661 0.0025 0.0806564 0.0368293 1.14158 0.0619914 498 5 1 0.971187 
1.5561 1.6575 9.8908 0.0025 0.0465245 0.0190946 1.02607 0.10747 499 5 1 1.04131 
