# Time [s]: 0.0188721
# Columns: pos [m], vel [m/s], acc [m/s^2], mass [kg], dens [kg/m^3], pres [Pa], ene [J/kg], sml [m], id, neighbor, alpha, gradh, ...additional?
1.48959 -0.676094 9.88449 0.0025 0.493767 0.424312 2.14841 0.0101262 0 4 1 0.989274 
1.49458 -0.699078 -9.54171 0.0025 0.524308 0.404178 1.92754 0.00953639 1 4 1 0.990823 
1.49915 -0.62538 -14.1299 0.0025 0.56286 0.447818 1.98888 0.0088832 2 4 1 0.997701 
-0.496527 -0.604992 -1.33232 0.0025 0.584377 0.471837 2.01867 0.00855612 3 4 1 0.993979 
-0.492294 -0.56833 -17.3306 0.0025 0.610655 0.501407 2.05338 0.00818793 4 4 1 0.983536 
-0.488326 -0.474751 -32.5196 0.0025 0.662969 0.562544 2.12188 0.00754183 5 4 1 0.978819 
-0.484726 -0.35625 -39.7983 0.0025 0.73366 0.648339 2.20964 0.00681515 6 4 1 0.980518 
-0.481485 -0.241789 -39.7865 0.0025 0.81074 0.745542 2.29953 0.00616721 7 4 1 0.981503 
-0.47854 -0.135032 -47.1806 0.0025 0.891425 0.851392 2.38848 0.005609 8 4 1 0.982601 
-0.475859 -0.0177933 -54.3425 0.0025 0.976832 0.968784 2.47831 0.00511859 9 4 1 0.995178 
-0.47341 0.0613289 -16.292 0.0025 1.03711 1.05392 2.53842 0.00482108 10 4 1 1.00054 
-0.471037 0.0646895 5.89207 0.0025 1.04835 1.06902 2.54852 0.00476941 11 3 1 1.0001 
-0.46864 0.0455369 10.9029 0.0025 1.0344 1.04863 2.53438 0.00483373 12 4 1 0.999583 
-0.466203 0.0253944 9.5217 0.0025 1.01904 1.02668 2.51896 0.00490658 13 4 1 0.999316 
-0.463733 0.0113006 5.84977 0.0025 1.00853 1.01183 2.50843 0.00495772 14 4 1 0.99964 
-0.461245 0.00404059 2.68995 0.0025 1.0031 1.00426 2.50304 0.00498453 15 4 1 0.999896 
-0.458749 0.0011659 0.962857 0.0025 1.00092 1.00125 2.50089 0.00499541 16 4 1 0.999982 
-0.45625 0.000266595 0.272668 0.0025 1.00022 1.00029 2.50021 0.00499891 17 4 1 0.999998 
-0.45375 4.50269e-05 0.0591696 0.0025 1.00004 1.00005 2.50004 0.0049998 18 4 1 1 
-0.45125 4.47827e-06 0.00868433 0.0025 1 1.00001 2.5 0.00499998 19 4 1 1 
-0.44875 -1.81794e-08 0.000404372 0.0025 1 1 2.5 0.005 20 4 1 1 
-0.44625 6.80019e-09 -7.72628e-05 0.0025 1 1 2.5 0.005 21 5 1 1 
-0.44375 2.06434e-08 8.13339e-06 0.0025 1 1 2.5 0.005 22 3 1 1 
-0.44125 5.72895e-09 6.40313e-06 0.0025 1 1 2.5 0.005 23 4 1 1 
-0.43875 7.21874e-10 1.34934e-06 0.0025 1 1 2.5 0.005 24 4 1 1 
-0.43625 4.77855e-12 8.8603e-08 0.0025 1 1 2.5 0.005 25 4 1 1 
-0.43375 -2.89268e-12 -1.27124e-08 0.0025 1 1 2.5 0.005 26 5 1 1 
-0.43125 1.34727e-12 5.36545e-10 0.0025 1 1 2.5 0.005 27 3 1 1 
-0.42875 3.05875e-13 4.63388e-10 0.0025 1 1 2.5 0.005 28 4 1 1 
-0.42625 1.60959e-14 6.29257e-11 0.0025 1 1 2.5 0.005 29 4 1 1 
-0.42375 -1.33478e-15 -4.03588e-12 0.0025 1 1 2.5 0.005 30 5 1 1 
-0.42125 -1.64636e-17 -5.68434e-14 0.0025 1 1 2.5 0.005 31 5 1 1 
-0.41875 0 0 0.0025 1 1 2.5 0.005 32 5 1 1 
-0.41625 0 0 0.0025 1 1 2.5 0.005 33 5 1 1 
-0.41375 0 0 0.0025 1 1 2.5 0.005 34 5 1 1 
-0.41125 0 0 0.0025 1 1 2.5 0.005 35 5 1 1 
-0.40875 0 0 0.0025 1 1 2.5 0.005 36 5 1 1 
-0.40625 0 0 0.0025 1 1 2.5 0.005 37 5 1 1 
-0.40375 0 0 0.0025 1 1 2.5 0.005 38 5 1 1 
-0.40125 0 0 0.0025 1 1 2.5 0.005 39 5 1 1 
-0.39875 0 0 0.0025 1 1 2.5 0.005 40 5 1 1 
-0.39625 0 0 0.0025 1 1 2.5 0.005 41 5 1 1 
-0.39375 0 0 0.0025 1 1 2.5 0.005 42 5 1 1 
-0.39125 0 0 0.0025 1 1 2.5 0.005 43 5 1 1 
-0.38875 0 0 0.0025 1 1 2.5 0.005 44 5 1 1 
-0.38625 0 0 0.0025 1 1 2.5 0.005 45 5 1 1 
-0.38375 0 0 0.0025 1 1 2.5 0.005 46 5 1 1 
-0.38125 0 0 0.0025 1 1 2.5 0.005 47 5 1 1 
-0.37875 0 0 0.0025 1 1 2.5 0.005 48 5 1 1 
-0.37625 0 0 0.0025 1 1 2.5 0.005 49 5 1 1 
-0.37375 0 0 0.0025 1 1 2.5 0.005 50 5 1 1 
-0.37125 0 0 0.0025 1 1 2.5 0.005 51 5 1 1 
-0.36875 0 0 0.0025 1 1 2.5 0.005 52 5 1 1 
-0.36625 0 0 0.0025 1 1 2.5 0.005 53 5 1 1 
-0.36375 0 0 0.0025 1 1 2.5 0.005 54 5 1 1 
-0.36125 0 0 0.0025 1 1 2.5 0.005 55 5 1 1 
-0.35875 0 0 0.0025 1 1 2.5 0.005 56 5 1 1 
-0.35625 0 0 0.0025 1 1 2.5 0.005 57 5 1 1 
-0.35375 0 0 0.0025 1 1 2.5 0.005 58 5 1 1 
-0.35125 0 0 0.0025 1 1 2.5 0.005 59 5 1 1 
-0.34875 0 0 0.0025 1 1 2.5 0.005 60 5 1 1 
-0.34625 0 0 0.0025 1 1 2.5 0.005 61 5 1 1 
-0.34375 0 0 0.0025 1 1 2.5 0.005 62 5 1 1 
-0.34125 0 0 0.0025 1 1 2.5 0.005 63 5 1 1 
-0.33875 0 0 0.0025 1 1 2.5 0.005 64 5 1 1 
-0.33625 0 0 0.0025 1 1 2.5 0.005 65 5 1 1 
-0.33375 0 0 0.0025 1 1 2.5 0.005 66 5 1 1 
-0.33125 0 0 0.0025 1 1 2.5 0.005 67 5 1 1 
-0.32875 0 0 0.0025 1 1 2.5 0.005 68 5 1 1 
-0.32625 0 0 0.0025 1 1 2.5 0.005 69 5 1 1 
-0.32375 0 0 0.0025 1 1 2.5 0.005 70 5 1 1 
-0.32125 0 0 0.0025 1 1 2.5 0.005 71 5 1 1 
-0.31875 0 0 0.0025 1 1 2.5 0.005 72 5 1 1 
-0.31625 0 0 0.0025 1 1 2.5 0.005 73 5 1 1 
-0.31375 0 0 0.0025 1 1 2.5 0.005 74 5 1 1 
-0.31125 0 0 0.0025 1 1 2.5 0.005 75 5 1 1 
-0.30875 0 0 0.0025 1 1 2.5 0.005 76 5 1 1 
-0.30625 0 0 0.0025 1 1 2.5 0.005 77 5 1 1 
-0.30375 0 0 0.0025 1 1 2.5 0.005 78 5 1 1 
-0.30125 0 0 0.0025 1 1 2.5 0.005 79 5 1 1 
-0.29875 0 0 0.0025 1 1 2.5 0.005 80 5 1 1 
-0.29625 0 0 0.0025 1 1 2.5 0.005 81 5 1 1 
-0.29375 0 0 0.0025 1 1 2.5 0.005 82 5 1 1 
-0.29125 0 0 0.0025 1 1 2.5 0.005 83 5 1 1 
-0.28875 0 0 0.0025 1 1 2.5 0.005 84 5 1 1 
-0.28625 0 0 0.0025 1 1 2.5 0.005 85 5 1 1 
-0.28375 0 0 0.0025 1 1 2.5 0.005 86 5 1 1 
-0.28125 0 0 0.0025 1 1 2.5 0.005 87 5 1 1 
-0.27875 0 0 0.0025 1 1 2.5 0.005 88 5 1 1 
-0.27625 0 0 0.0025 1 1 2.5 0.005 89 5 1 1 
-0.27375 0 0 0.0025 1 1 2.5 0.005 90 5 1 1 
-0.27125 0 0 0.0025 1 1 2.5 0.005 91 5 1 1 
-0.26875 0 0 0.0025 1 1 2.5 0.005 92 5 1 1 
-0.26625 0 0 0.0025 1 1 2.5 0.005 93 5 1 1 
-0.26375 0 0 0.0025 1 1 2.5 0.005 94 5 1 1 
-0.26125 0 0 0.0025 1 1 2.5 0.005 95 5 1 1 
-0.25875 0 0 0.0025 1 1 2.5 0.005 96 5 1 1 
-0.25625 0 0 0.0025 1 1 2.5 0.005 97 5 1 1 
-0.25375 0 0 0.0025 1 1 2.5 0.005 98 5 1 1 
-0.25125 0 0 0.0025 1 1 2.5 0.005 99 5 1 1 
-0.24875 0 0 0.0025 1 1 2.5 0.005 100 5 1 1 
-0.24625 0 0 0.0025 1 1 2.5 0.005 101 5 1 1 
-0.24375 0 0 0.0025 1 1 2.5 0.005 102 5 1 1 
-0.24125 0 0 0.0025 1 1 2.5 0.005 103 5 1 1 
-0.23875 0 0 0.0025 1 1 2.5 0.005 104 5 1 1 
-0.23625 0 0 0.0025 1 1 2.5 0.005 105 5 1 1 
-0.23375 0 0 0.0025 1 1 2.5 0.005 106 5 1 1 
-0.23125 0 0 0.0025 1 1 2.5 0.005 107 5 1 1 
-0.22875 0 0 0.0025 1 1 2.5 0.005 108 5 1 1 
-0.22625 0 0 0.0025 1 1 2.5 0.005 109 5 1 1 
-0.22375 0 0 0.0025 1 1 2.5 0.005 110 5 1 1 
-0.22125 0 0 0.0025 1 1 2.5 0.005 111 5 1 1 
-0.21875 0 0 0.0025 1 1 2.5 0.005 112 5 1 1 
-0.21625 0 0 0.0025 1 1 2.5 0.005 113 5 1 1 
-0.21375 0 0 0.0025 1 1 2.5 0.005 114 5 1 1 
-0.21125 0 0 0.0025 1 1 2.5 0.005 115 5 1 1 
-0.20875 0 0 0.0025 1 1 2.5 0.005 116 5 1 1 
-0.20625 0 0 0.0025 1 1 2.5 0.005 117 5 1 1 
-0.20375 0 0 0.0025 1 1 2.5 0.005 118 5 1 1 
-0.20125 0 0 0.0025 1 1 2.5 0.005 119 5 1 1 
-0.19875 0 0 0.0025 1 1 2.5 0.005 120 5 1 1 
-0.19625 0 0 0.0025 1 1 2.5 0.005 121 5 1 1 
-0.19375 0 0 0.0025 1 1 2.5 0.005 122 5 1 1 
-0.19125 0 0 0.0025 1 1 2.5 0.005 123 5 1 1 
-0.18875 0 0 0.0025 1 1 2.5 0.005 124 5 1 1 
-0.18625 0 0 0.0025 1 1 2.5 0.005 125 5 1 1 
-0.18375 0 0 0.0025 1 1 2.5 0.005 126 5 1 1 
-0.18125 0 0 0.0025 1 1 2.5 0.005 127 5 1 1 
-0.17875 0 0 0.0025 1 1 2.5 0.005 128 5 1 1 
-0.17625 0 0 0.0025 1 1 2.5 0.005 129 5 1 1 
-0.17375 0 0 0.0025 1 1 2.5 0.005 130 5 1 1 
-0.17125 0 0 0.0025 1 1 2.5 0.005 131 5 1 1 
-0.16875 0 0 0.0025 1 1 2.5 0.005 132 5 1 1 
-0.16625 0 0 0.0025 1 1 2.5 0.005 133 5 1 1 
-0.16375 0 0 0.0025 1 1 2.5 0.005 134 5 1 1 
-0.16125 0 0 0.0025 1 1 2.5 0.005 135 5 1 1 
-0.15875 0 0 0.0025 1 1 2.5 0.005 136 5 1 1 
-0.15625 0 0 0.0025 1 1 2.5 0.005 137 5 1 1 
-0.15375 0 0 0.0025 1 1 2.5 0.005 138 5 1 1 
-0.15125 0 0 0.0025 1 1 2.5 0.005 139 5 1 1 
-0.14875 0 0 0.0025 1 1 2.5 0.005 140 5 1 1 
-0.14625 0 0 0.0025 1 1 2.5 0.005 141 5 1 1 
-0.14375 0 0 0.0025 1 1 2.5 0.005 142 5 1 1 
-0.14125 0 0 0.0025 1 1 2.5 0.005 143 5 1 1 
-0.13875 0 0 0.0025 1 1 2.5 0.005 144 5 1 1 
-0.13625 0 0 0.0025 1 1 2.5 0.005 145 5 1 1 
-0.13375 0 0 0.0025 1 1 2.5 0.005 146 5 1 1 
-0.13125 0 0 0.0025 1 1 2.5 0.005 147 5 1 1 
-0.12875 0 0 0.0025 1 1 2.5 0.005 148 5 1 1 
-0.12625 0 0 0.0025 1 1 2.5 0.005 149 5 1 1 
-0.12375 0 0 0.0025 1 1 2.5 0.005 150 5 1 1 
-0.12125 0 0 0.0025 1 1 2.5 0.005 151 5 1 1 
-0.11875 0 0 0.0025 1 1 2.5 0.005 152 5 1 1 
-0.11625 0 0 0.0025 1 1 2.5 0.005 153 5 1 1 
-0.11375 0 0 0.0025 1 1 2.5 0.005 154 5 1 1 
-0.11125 0 0 0.0025 1 1 2.5 0.005 155 5 1 1 
-0.10875 0 0 0.0025 1 1 2.5 0.005 156 5 1 1 
-0.10625 0 0 0.0025 1 1 2.5 0.005 157 5 1 1 
-0.10375 0 0 0.0025 1 1 2.5 0.005 158 5 1 1 
-0.10125 0 0 0.0025 1 1 2.5 0.005 159 5 1 1 
-0.09875 0 0 0.0025 1 1 2.5 0.005 160 5 1 1 
-0.09625 0 0 0.0025 1 1 2.5 0.005 161 5 1 1 
-0.09375 0 0 0.0025 1 1 2.5 0.005 162 5 1 1 
-0.09125 0 0 0.0025 1 1 2.5 0.005 163 5 1 1 
-0.08875 0 0 0.0025 1 1 2.5 0.005 164 5 1 1 
-0.08625 0 0 0.0025 1 1 2.5 0.005 165 5 1 1 
-0.08375 0 0 0.0025 1 1 2.5 0.005 166 5 1 1 
-0.08125 0 0 0.0025 1 1 2.5 0.005 167 5 1 1 
-0.07875 0 0 0.0025 1 1 2.5 0.005 168 5 1 1 
-0.07625 0 0 0.0025 1 1 2.5 0.005 169 5 1 1 
-0.07375 0 0 0.0025 1 1 2.5 0.005 170 5 1 1 
-0.07125 0 0 0.0025 1 1 2.5 0.005 171 5 1 1 
-0.06875 0 0 0.0025 1 1 2.5 0.005 172 5 1 1 
-0.06625 0 0 0.0025 1 1 2.5 0.005 173 5 1 1 
-0.06375 0 0 0.0025 1 1 2.5 0.005 174 5 1 1 
-0.06125 0 0 0.0025 1 1 2.5 0.005 175 5 1 1 
-0.05875 0 0 0.0025 1 1 2.5 0.005 176 5 1 1 
-0.05625 0 0 0.0025 1 1 2.5 0.005 177 5 1 1 
-0.05375 0 0 0.0025 1 1 2.5 0.005 178 5 1 1 
-0.05125 0 0 0.0025 1 1 2.5 0.005 179 5 1 1 
-0.04875 -3.24688e-48 -1.12104e-44 0.0025 1 1 2.5 0.005 180 5 1 1 
-0.04625 -1.64636e-17 -5.68434e-14 0.0025 1 1 2.5 0.005 181 5 1 1 
-0.04375 -1.82277e-16 5.68434e-14 0.0025 1 1 2.5 0.005 182 5 1 1 
-0.04125 -3.79849e-16 -5.68434e-14 0.0025 1 1 2.5 0.005 183 5 1 1 
-0.03875 -8.7405e-16 -5.68434e-14 0.0025 1 1 2.5 0.005 184 5 1 1 
-0.03625 -1.40636e-15 -5.68434e-14 0.0025 1 1 2.5 0.005 185 5 1 1 
-0.03375 -3.27908e-15 -5.68434e-14 0.0025 1 1 2.5 0.005 186 4 1 1 
-0.03125 5.66427e-16 6.31089e-28 0.0025 1 1 2.5 0.005 187 3 1 1 
-0.02875 3.74457e-16 -5.68434e-14 0.0025 1 1 2.5 0.005 188 3 1 1 
-0.02625 1.64363e-16 0 0.0025 1 1 2.5 0.005 189 3 1 1 
-0.02375 -6.5233e-17 0 0.0025 1 1 2.5 0.005 190 3 1 1 
-0.02125 -2.41501e-16 5.68434e-14 0.0025 1 1 2.5 0.005 191 3 1 1 
-0.01875 -4.8559e-16 -5.68434e-14 0.0025 1 1 2.5 0.005 192 3 1 1 
-0.01625 2.42902e-15 -5.68434e-14 0.0025 1 1 2.5 0.005 193 4 1 1 
-0.01375 1.10214e-15 1.7053e-13 0.0025 1 1 2.5 0.005 194 4 1 1 
-0.01125 5.61607e-16 -3.9443e-29 0.0025 1 1 2.5 0.005 195 4 1 1 
-0.00875 -3.40869e-16 5.68434e-14 0.0025 1 1 2.5 0.005 196 4 1 1 
-0.00625 1.18113e-16 -4.93038e-29 0.0025 1 1 2.5 0.005 197 3 1 1 
-0.00375 6.72844e-17 1.13687e-13 0.0025 1 1 2.5 0.005 198 4 1 1 
-0.00125 6.65368e-17 -8.87469e-29 0.0025 1 1 2.5 0.005 199 5 1 1 
0.00125 -1.28885e-16 -1.13687e-13 0.0025 1 1 2.5 0.005 200 3 1 1 
0.00375 3.14114e-16 1.13687e-13 0.0025 1 1 2.5 0.005 201 5 1 1 
0.00625 -2.10019e-16 -1.13687e-13 0.0025 1 1 2.5 0.005 202 5 1 1 
0.00875 -3.04588e-18 -1.13687e-13 0.0025 1 1 2.5 0.005 203 3 1 1 
0.01125 -4.94609e-16 1.13687e-13 0.0025 1 1 2.5 0.005 204 3 1 1 
0.01375 -1.08598e-15 -1.13687e-13 0.0025 1 1 2.5 0.005 205 4 1 1 
0.01625 -2.42818e-15 -5.68434e-14 0.0025 1 1 2.5 0.005 206 4 1 1 
0.01875 4.52232e-16 -5.68434e-14 0.0025 1 1 2.5 0.005 207 3 1 1 
0.02125 1.43381e-16 5.68434e-14 0.0025 1 1 2.5 0.005 208 3 1 1 
0.02375 -9.94611e-17 0 0.0025 1 1 2.5 0.005 209 3 1 1 
0.02625 -3.08785e-16 -5.68434e-14 0.0025 1 1 2.5 0.005 210 3 1 1 
0.02875 -6.33087e-16 -6.31089e-28 0.0025 1 1 2.5 0.005 211 3 1 1 
0.03125 3.36187e-15 1.13687e-13 0.0025 1 1 2.5 0.005 212 4 1 1 
0.03375 1.42279e-15 1.13687e-13 0.0025 1 1 2.5 0.005 213 5 1 1 
0.03625 8.73901e-16 5.68434e-14 0.0025 1 1 2.5 0.005 214 5 1 1 
0.03875 4.29893e-16 5.60519e-44 0.0025 1 1 2.5 0.005 215 5 1 1 
0.04125 1.98741e-16 2.24208e-44 0.0025 1 1 2.5 0.005 216 5 1 1 
0.04375 1.64636e-17 5.68434e-14 0.0025 1 1 2.5 0.005 217 5 1 1 
0.04625 3.24688e-48 1.12104e-44 0.0025 1 1 2.5 0.005 218 5 1 1 
0.04875 0 0 0.0025 1 1 2.5 0.005 219 5 1 1 
0.05125 0 0 0.0025 1 1 2.5 0.005 220 5 1 1 
0.05375 0 0 0.0025 1 1 2.5 0.005 221 5 1 1 
0.05625 0 0 0.0025 1 1 2.5 0.005 222 5 1 1 
0.05875 0 0 0.0025 1 1 2.5 0.005 223 5 1 1 
0.06125 0 0 0.0025 1 1 2.5 0.005 224 5 1 1 
0.06375 0 0 0.0025 1 1 2.5 0.005 225 5 1 1 
0.06625 0 0 0.0025 1 1 2.5 0.005 226 5 1 1 
0.06875 0 0 0.0025 1 1 2.5 0.005 227 5 1 1 
0.07125 0 0 0.0025 1 1 2.5 0.005 228 5 1 1 
0.07375 0 0 0.0025 1 1 2.5 0.005 229 5 1 1 
0.07625 0 0 0.0025 1 1 2.5 0.005 230 5 1 1 
0.07875 0 0 0.0025 1 1 2.5 0.005 231 5 1 1 
0.08125 0 0 0.0025 1 1 2.5 0.005 232 5 1 1 
0.08375 0 0 0.0025 1 1 2.5 0.005 233 5 1 1 
0.08625 0 0 0.0025 1 1 2.5 0.005 234 5 1 1 
0.08875 0 0 0.0025 1 1 2.5 0.005 235 5 1 1 
0.09125 0 0 0.0025 1 1 2.5 0.005 236 5 1 1 
0.09375 0 0 0.0025 1 1 2.5 0.005 237 5 1 1 
0.09625 0 0 0.0025 1 1 2.5 0.005 238 5 1 1 
0.09875 0 0 0.0025 1 1 2.5 0.005 239 5 1 1 
0.10125 0 0 0.0025 1 1 2.5 0.005 240 5 1 1 
0.10375 -6.20739e-47 -3.36312e-44 0.0025 1 1 2.5 0.005 241 5 1 1 
0.10625 -1.82383e-16 -5.68434e-14 0.0025 1 1 2.5 0.005 242 5 1 1 
0.10875 -7.12274e-16 -1.7053e-13 0.0025 1 1 2.5 0.005 243 5 1 1 
0.11125 -1.40616e-15 -2.84217e-13 0.0025 1 1 2.5 0.005 244 5 1 1 
0.11375 -3.02412e-15 -5.68434e-14 0.0025 1 1 2.5 0.005 245 5 1 1 
0.11625 -3.12498e-15 1.13687e-13 0.0025 1 1 2.5 0.005 246 5 1 1 
0.11875 -5.87284e-15 2.27374e-13 0.0025 1 1 2.5 0.005 247 5 1 1 
0.12125 6.8017e-15 5.68434e-13 0.0025 1 1 2.5 0.005 248 5 1 1 
0.12375 4.67414e-16 3.97904e-13 0.0025 1 1 2.5 0.005 249 4 1 1 
0.12625 -4.67414e-16 -3.97904e-13 0.0025 1 1 2.5 0.005 250 4 1 1 
0.12875 -6.8017e-15 -5.68434e-13 0.0025 1 1 2.5 0.005 251 5 1 1 
0.13125 5.87284e-15 -2.27374e-13 0.0025 1 1 2.5 0.005 252 5 1 1 
0.13375 3.12498e-15 -1.13687e-13 0.0025 1 1 2.5 0.005 253 5 1 1 
0.13625 3.02412e-15 5.68434e-14 0.0025 1 1 2.5 0.005 254 5 1 1 
0.13875 1.40616e-15 2.84217e-13 0.0025 1 1 2.5 0.005 255 5 1 1 
0.14125 7.12274e-16 1.7053e-13 0.0025 1 1 2.5 0.005 256 5 1 1 
0.14375 1.82383e-16 5.68434e-14 0.0025 1 1 2.5 0.005 257 5 1 1 
0.14625 6.20739e-47 3.36312e-44 0.0025 1 1 2.5 0.005 258 5 1 1 
0.14875 0 0 0.0025 1 1 2.5 0.005 259 5 1 1 
0.15125 0 0 0.0025 1 1 2.5 0.005 260 5 1 1 
0.15375 0 0 0.0025 1 1 2.5 0.005 261 5 1 1 
0.15625 0 0 0.0025 1 1 2.5 0.005 262 5 1 1 
0.15875 0 0 0.0025 1 1 2.5 0.005 263 5 1 1 
0.16125 0 0 0.0025 1 1 2.5 0.005 264 5 1 1 
0.16375 0 0 0.0025 1 1 2.5 0.005 265 5 1 1 
0.16625 0 0 0.0025 1 1 2.5 0.005 266 5 1 1 
0.16875 0 0 0.0025 1 1 2.5 0.005 267 5 1 1 
0.17125 0 0 0.0025 1 1 2.5 0.005 268 5 1 1 
0.17375 0 0 0.0025 1 1 2.5 0.005 269 5 1 1 
0.17625 0 0 0.0025 1 1 2.5 0.005 270 5 1 1 
0.17875 0 0 0.0025 1 1 2.5 0.005 271 5 1 1 
0.18125 0 0 0.0025 1 1 2.5 0.005 272 5 1 1 
0.18375 0 0 0.0025 1 1 2.5 0.005 273 5 1 1 
0.18625 0 0 0.0025 1 1 2.5 0.005 274 5 1 1 
0.18875 0 0 0.0025 1 1 2.5 0.005 275 5 1 1 
0.19125 0 0 0.0025 1 1 2.5 0.005 276 5 1 1 
0.19375 0 0 0.0025 1 1 2.5 0.005 277 5 1 1 
0.19625 0 0 0.0025 1 1 2.5 0.005 278 5 1 1 
0.19875 0 0 0.0025 1 1 2.5 0.005 279 5 1 1 
0.20125 0 0 0.0025 1 1 2.5 0.005 280 5 1 1 
0.20375 0 0 0.0025 1 1 2.5 0.005 281 5 1 1 
0.20625 0 0 0.0025 1 1 2.5 0.005 282 5 1 1 
0.20875 0 0 0.0025 1 1 2.5 0.005 283 5 1 1 
0.21125 0 0 0.0025 1 1 2.5 0.005 284 5 1 1 
0.21375 0 0 0.0025 1 1 2.5 0.005 285 5 1 1 
0.21625 0 0 0.0025 1 1 2.5 0.005 286 5 1 1 
0.21875 0 0 0.0025 1 1 2.5 0.005 287 5 1 1 
0.22125 0 0 0.0025 1 1 2.5 0.005 288 5 1 1 
0.22375 -9.77804e-48 -1.12104e-44 0.0025 1 1 2.5 0.005 289 5 1 1 
0.22625 -3.31169e-17 -6.72623e-44 0.0025 1 1 2.5 0.005 290 5 1 1 
0.22875 -2.98364e-16 -2.27374e-13 0.0025 1 1 2.5 0.005 291 5 1 1 
0.23125 -1.01058e-15 -2.84217e-13 0.0025 1 1 2.5 0.005 292 5 1 1 
0.23375 -2.7327e-15 -3.97904e-13 0.0025 1 1 2.5 0.005 293 5 1 1 
0.23625 -4.83016e-15 -6.82121e-13 0.0025 1 1 2.5 0.005 294 5 1 1 
0.23875 -6.98171e-15 -3.97904e-13 0.0025 1 1 2.5 0.005 295 5 1 1 
0.24125 -6.28801e-15 5.11591e-13 0.0025 1 1 2.5 0.005 296 5 1 1 
0.24375 -1.10818e-14 5.68434e-13 0.0025 1 1 2.5 0.005 297 5 1 1 
0.24625 1.36822e-14 1.25056e-12 0.0025 1 1 2.5 0.005 298 5 1 1 
0.24875 8.52186e-16 1.08002e-12 0.0025 1 1 2.5 0.005 299 3 1 1 
0.25125 -8.52186e-16 -1.08002e-12 0.0025 1 1 2.5 0.005 300 3 1 1 
0.25375 -1.36822e-14 -1.25056e-12 0.0025 1 1 2.5 0.005 301 5 1 1 
0.25625 1.10818e-14 -5.68434e-13 0.0025 1 1 2.5 0.005 302 5 1 1 
0.25875 6.28801e-15 -5.11591e-13 0.0025 1 1 2.5 0.005 303 5 1 1 
0.26125 6.98171e-15 3.97904e-13 0.0025 1 1 2.5 0.005 304 5 1 1 
0.26375 4.83016e-15 6.82121e-13 0.0025 1 1 2.5 0.005 305 5 1 1 
0.26625 2.7327e-15 3.97904e-13 0.0025 1 1 2.5 0.005 306 5 1 1 
0.26875 1.01058e-15 2.84217e-13 0.0025 1 1 2.5 0.005 307 5 1 1 
0.27125 2.98364e-16 2.27374e-13 0.0025 1 1 2.5 0.005 308 5 1 1 
0.27375 3.31169e-17 6.72623e-44 0.0025 1 1 2.5 0.005 309 5 1 1 
0.27625 9.77804e-48 1.12104e-44 0.0025 1 1 2.5 0.005 310 5 1 1 
0.27875 0 0 0.0025 1 1 2.5 0.005 311 5 1 1 
0.28125 0 0 0.0025 1 1 2.5 0.005 312 5 1 1 
0.28375 0 0 0.0025 1 1 2.5 0.005 313 5 1 1 
0.28625 0 0 0.0025 1 1 2.5 0.005 314 5 1 1 
0.28875 0 0 0.0025 1 1 2.5 0.005 315 5 1 1 
0.29125 0 0 0.0025 1 1 2.5 0.005 316 5 1 1 
0.29375 0 0 0.0025 1 1 2.5 0.005 317 5 1 1 
0.29625 0 0 0.0025 1 1 2.5 0.005 318 5 1 1 
0.29875 0 0 0.0025 1 1 2.5 0.005 319 5 1 1 
0.30125 0 0 0.0025 1 1 2.5 0.005 320 5 1 1 
0.30375 0 0 0.0025 1 1 2.5 0.005 321 5 1 1 
0.30625 0 0 0.0025 1 1 2.5 0.005 322 5 1 1 
0.30875 0 0 0.0025 1 1 2.5 0.005 323 5 1 1 
0.31125 0 0 0.0025 1 1 2.5 0.005 324 5 1 1 
0.31375 0 0 0.0025 1 1 2.5 0.005 325 5 1 1 
0.31625 0 0 0.0025 1 1 2.5 0.005 326 5 1 1 
0.31875 0 0 0.0025 1 1 2.5 0.005 327 5 1 1 
0.32125 0 0 0.0025 1 1 2.5 0.005 328 5 1 1 
0.32375 0 0 0.0025 1 1 2.5 0.005 329 5 1 1 
0.32625 0 0 0.0025 1 1 2.5 0.005 330 5 1 1 
0.32875 0 0 0.0025 1 1 2.5 0.005 331 5 1 1 
0.33125 0 0 0.0025 1 1 2.5 0.005 332 5 1 1 
0.33375 0 0 0.0025 1 1 2.5 0.005 333 5 1 1 
0.33625 0 0 0.0025 1 1 2.5 0.005 334 5 1 1 
0.33875 0 0 0.0025 1 1 2.5 0.005 335 5 1 1 
0.34125 0 0 0.0025 1 1 2.5 0.005 336 5 1 1 
0.34375 0 0 0.0025 1 1 2.5 0.005 337 5 1 1 
0.34625 0 0 0.0025 1 1 2.5 0.005 338 5 1 1 
0.34875 0 0 0.0025 1 1 2.5 0.005 339 5 1 1 
0.35125 0 0 0.0025 1 1 2.5 0.005 340 5 1 1 
0.35375 0 0 0.0025 1 1 2.5 0.005 341 5 1 1 
0.35625 0 0 0.0025 1 1 2.5 0.005 342 5 1 1 
0.35875 0 0 0.0025 1 1 2.5 0.005 343 5 1 1 
0.36125 0 0 0.0025 1 1 2.5 0.005 344 5 1 1 
0.36375 0 0 0.0025 1 1 2.5 0.005 345 5 1 1 
0.36625 0 0 0.0025 1 1 2.5 0.005 346 5 1 1 
0.36875 0 0 0.0025 1 1 2.5 0.005 347 5 1 1 
0.37125 0 0 0.0025 1 1 2.5 0.005 348 5 1 1 
0.37375 0 0 0.0025 1 1 2.5 0.005 349 5 1 1 
0.37625 0 0 0.0025 1 1 2.5 0.005 350 5 1 1 
0.37875 0 0 0.0025 1 1 2.5 0.005 351 5 1 1 
0.38125 0 0 0.0025 1 1 2.5 0.005 352 5 1 1 
0.38375 0 0 0.0025 1 1 2.5 0.005 353 5 1 1 
0.38625 0 0 0.0025 1 1 2.5 0.005 354 5 1 1 
0.38875 0 0 0.0025 1 1 2.5 0.005 355 5 1 1 
0.39125 0 0 0.0025 1 1 2.5 0.005 356 5 1 1 
0.39375 0 0 0.0025 1 1 2.5 0.005 357 5 1 1 
0.39625 0 0 0.0025 1 1 2.5 0.005 358 5 1 1 
0.39875 0 0 0.0025 1 1 2.5 0.005 359 5 1 1 
0.40125 0 0 0.0025 1 1 2.5 0.005 360 5 1 1 
0.40375 0 0 0.0025 1 1 2.5 0.005 361 5 1 1 
0.40625 0 0 0.0025 1 1 2.5 0.005 362 5 1 1 
0.40875 0 0 0.0025 1 1 2.5 0.005 363 5 1 1 
0.41125 0 0 0.0025 1 1 2.5 0.005 364 5 1 1 
0.41375 0 0 0.0025 1 1 2.5 0.005 365 5 1 1 
0.41625 0 0 0.0025 1 1 2.5 0.005 366 5 1 1 
0.41875 0 0 0.0025 1 1 2.5 0.005 367 5 1 1 
0.42125 1.64636e-17 5.68434e-14 0.0025 1 1 2.5 0.005 368 5 1 1 
0.42375 1.33478e-15 4.03588e-12 0.0025 1 1 2.5 0.005 369 5 1 1 
0.42625 -1.60959e-14 -6.29257e-11 0.0025 1 1 2.5 0.005 370 4 1 1 
0.42875 -3.05875e-13 -4.63388e-10 0.0025 1 1 2.5 0.005 371 4 1 1 
0.43125 -1.34727e-12 -5.36545e-10 0.0025 1 1 2.5 0.005 372 3 1 1 
0.43375 2.89268e-12 1.27124e-08 0.0025 1 1 2.5 0.005 373 5 1 1 
0.43625 -4.77855e-12 -8.8603e-08 0.0025 1 1 2.5 0.005 374 4 1 1 
0.43875 -7.21874e-10 -1.34934e-06 0.0025 1 1 2.5 0.005 375 4 1 1 
0.44125 -5.72895e-09 -6.40313e-06 0.0025 1 1 2.5 0.005 376 4 1 1 
0.44375 -2.06434e-08 -8.13339e-06 0.0025 1 1 2.5 0.005 377 3 1 1 
0.44625 -6.80019e-09 7.72628e-05 0.0025 1 1 2.5 0.005 378 5 1 1 
0.44875 1.81794e-08 -0.000404372 0.0025 1 1 2.5 0.005 379 4 1 1 
0.45125 -4.47827e-06 -0.00868433 0.0025 1 1.00001 2.5 0.00499998 380 4 1 1 
0.45375 -4.50269e-05 -0.0591696 0.0025 1.00004 1.00005 2.50004 0.0049998 381 4 1 1 
0.45625 -0.000266595 -0.272668 0.0025 1.00022 1.00029 2.50021 0.00499891 382 4 1 0.999998 
0.458749 -0.0011659 -0.962857 0.0025 1.00092 1.00125 2.50089 0.00499541 383 4 1 0.999982 
0.461245 -0.00404059 -2.68995 0.0025 1.0031 1.00426 2.50304 0.00498453 384 4 1 0.999896 
0.463733 -0.0113006 -5.84977 0.0025 1.00853 1.01183 2.50843 0.00495772 385 4 1 0.99964 
0.466203 -0.0253944 -9.5217 0.0025 1.01904 1.02668 2.51896 0.00490658 386 4 1 0.999316 
0.46864 -0.0455369 -10.9029 0.0025 1.0344 1.04863 2.53438 0.00483373 387 4 1 0.999583 
0.471037 -0.0646895 -5.89207 0.0025 1.04835 1.06902 2.54852 0.00476941 388 3 1 1.0001 
0.47341 -0.0613289 16.292 0.0025 1.03711 1.05392 2.53842 0.00482108 389 4 1 1.00054 
0.475859 0.0177933 54.3425 0.0025 0.976832 0.968784 2.47831 0.00511859 390 4 1 0.995178 
0.47854 0.135032 47.1806 0.0025 0.891425 0.851392 2.38848 0.005609 391 4 1 0.982601 
0.481485 0.241789 39.7865 0.0025 0.81074 0.745542 2.29953 0.00616721 392 4 1 0.981503 
0.484726 0.35625 39.7983 0.0025 0.73366 0.648339 2.20964 0.00681515 393 4 1 0.980518 
0.488326 0.474751 32.5196 0.0025 0.662969 0.562544 2.12188 0.00754183 394 4 1 0.978819 
0.492294 0.56833 17.3306 0.0025 0.610655 0.501407 2.05338 0.00818793 395 4 1 0.983536 
0.496527 0.604992 1.33232 0.0025 0.584377 0.471837 2.01867 0.00855612 396 4 1 0.993979 
0.500852 0.62538 14.1299 0.0025 0.56286 0.447818 1.98888 0.0088832 397 4 1 0.997701 
0.505417 0.699078 9.54171 0.0025 0.524308 0.404178 1.92754 0.00953639 398 4 1 0.990823 
0.510411 0.676094 -9.88449 0.0025 0.493767 0.424312 2.14841 0.0101262 399 4 1 0.989274 
0.515548 0.649648 9.6221 0.0025 0.463459 0.394127 2.12582 0.0107884 400 4 1 0.995707 
0.521229 0.637792 -1.5611 0.0025 0.418823 0.395564 2.36085 0.0119382 401 4 1 0.979357 
0.52753 0.506477 34.679 0.0025 0.357314 0.308058 2.15497 0.0139933 402 4 1 0.977604 
0.535459 0.199083 45.7616 0.0025 0.290852 0.225012 1.93439 0.0171909 403 4 1 0.940311 
0.544983 0.019449 14.1544 0.0025 0.256545 0.186284 1.81573 0.0194897 404 4 1 0.965825 
0.55499 -0.00426895 -0.464397 0.0025 0.249785 0.179273 1.79436 0.0200172 405 5 1 0.997724 
0.565 -0.000138323 -0.215513 0.0025 0.249876 0.179376 1.79465 0.0200099 406 4 1 1 
0.575 4.92282e-05 0.0111449 0.0025 0.250005 0.179505 1.79502 0.0199996 407 3 1 1 
0.585 7.7298e-06 0.00302191 0.0025 0.250002 0.179502 1.79501 0.0199999 408 4 1 1 
0.595 6.98075e-07 0.000357698 0.0025 0.25 0.1795 1.795 0.02 409 4 1 1 
0.605 4.15253e-08 2.71951e-05 0.0025 0.25 0.1795 1.795 0.02 410 4 1 1 
0.615 1.3725e-09 1.2766e-06 0.0025 0.25 0.1795 1.795 0.02 411 4 1 1 
0.625 -1.0888e-11 1.70179e-08 0.0025 0.25 0.1795 1.795 0.02 412 4 1 1 
0.635 -1.22814e-12 -1.79963e-09 0.0025 0.25 0.1795 1.795 0.02 413 5 1 1 
0.645 1.04617e-13 3.76446e-11 0.0025 0.25 0.1795 1.795 0.02 414 3 1 1 
0.655 6.7573e-15 4.80327e-12 0.0025 0.25 0.1795 1.795 0.02 415 5 1 1 
0.665 4.76031e-16 3.83693e-13 0.0025 0.25 0.1795 1.795 0.02 416 5 1 1 
0.675 4.11591e-18 1.42109e-14 0.0025 0.25 0.1795 1.795 0.02 417 5 1 1 
0.685 4.08406e-48 2.8026e-45 0.0025 0.25 0.1795 1.795 0.02 418 5 1 1 
0.695 0 0 0.0025 0.25 0.1795 1.795 0.02 419 5 1 1 
0.705 0 0 0.0025 0.25 0.1795 1.795 0.02 420 5 1 1 
0.715 0 0 0.0025 0.25 0.1795 1.795 0.02 421 5 1 1 
0.725 0 0 0.0025 0.25 0.1795 1.795 0.02 422 5 1 1 
0.735 0 0 0.0025 0.25 0.1795 1.795 0.02 423 5 1 1 
0.745 0 0 0.0025 0.25 0.1795 1.795 0.02 424 5 1 1 
0.755 0 0 0.0025 0.25 0.1795 1.795 0.02 425 5 1 1 
0.765 0 0 0.0025 0.25 0.1795 1.795 0.02 426 5 1 1 
0.775 0 0 0.0025 0.25 0.1795 1.795 0.02 427 5 1 1 
0.785 0 0 0.0025 0.25 0.1795 1.795 0.02 428 5 1 1 
0.795 0 0 0.0025 0.25 0.1795 1.795 0.02 429 5 1 1 
0.805 0 0 0.0025 0.25 0.1795 1.795 0.02 430 5 1 1 
0.815 0 0 0.0025 0.25 0.1795 1.795 0.02 431 5 1 1 
0.825 0 0 0.0025 0.25 0.1795 1.795 0.02 432 5 1 1 
0.835 0 0 0.0025 0.25 0.1795 1.795 0.02 433 5 1 1 
0.845 0 0 0.0025 0.25 0.1795 1.795 0.02 434 5 1 1 
0.855 0 0 0.0025 0.25 0.1795 1.795 0.02 435 5 1 1 
0.865 0 0 0.0025 0.25 0.1795 1.795 0.02 436 5 1 1 
0.875 0 0 0.0025 0.25 0.1795 1.795 0.02 437 5 1 1 
0.885 0 0 0.0025 0.25 0.1795 1.795 0.02 438 5 1 1 
0.895 0 0 0.0025 0.25 0.1795 1.795 0.02 439 5 1 1 
0.905 0 0 0.0025 0.25 0.1795 1.795 0.02 440 5 1 1 
0.915 0 0 0.0025 0.25 0.1795 1.795 0.02 441 5 1 1 
0.925 0 0 0.0025 0.25 0.1795 1.795 0.02 442 5 1 1 
0.935 0 0 0.0025 0.25 0.1795 1.795 0.02 443 5 1 1 
0.945 -2.44451e-48 -2.8026e-45 0.0025 0.25 0.1795 1.795 0.02 444 5 1 1 
0.955 -3.59278e-47 -1.12104e-44 0.0025 0.25 0.1795 1.795 0.02 445 5 1 1 
0.965 -1.36791e-16 -4.26326e-14 0.0025 0.25 0.1795 1.795 0.02 446 5 1 1 
0.975 -1.05931e-15 -1.7053e-13 0.0025 0.25 0.1795 1.795 0.02 447 5 1 1 
0.985 -2.84699e-15 -2.27374e-13 0.0025 0.25 0.1795 1.795 0.02 448 5 1 1 
0.995 -1.62275e-14 -4.12115e-13 0.0025 0.25 0.1795 1.795 0.02 449 3 1 1 
1.005 1.62275e-14 4.12115e-13 0.0025 0.25 0.1795 1.795 0.02 450 3 1 1 
1.015 2.84699e-15 2.27374e-13 0.0025 0.25 0.1795 1.795 0.02 451 5 1 1 
1.025 1.05931e-15 1.7053e-13 0.0025 0.25 0.1795 1.795 0.02 452 5 1 1 
1.035 1.36791e-16 4.26326e-14 0.0025 0.25 0.1795 1.795 0.02 453 5 1 1 
1.045 3.59278e-47 1.12104e-44 0.0025 0.25 0.1795 1.795 0.02 454 5 1 1 
1.055 2.44451e-48 2.8026e-45 0.0025 0.25 0.1795 1.795 0.02 455 5 1 1 
1.065 0 0 0.0025 0.25 0.1795 1.795 0.02 456 5 1 1 
1.075 0 0 0.0025 0.25 0.1795 1.795 0.02 457 5 1 1 
1.085 0 0 0.0025 0.25 0.1795 1.795 0.02 458 5 1 1 
1.095 0 0 0.0025 0.25 0.1795 1.795 0.02 459 5 1 1 
1.105 0 0 0.0025 0.25 0.1795 1.795 0.02 460 5 1 1 
1.115 0 0 0.0025 0.25 0.1795 1.795 0.02 461 5 1 1 
1.125 0 0 0.0025 0.25 0.1795 1.795 0.02 462 5 1 1 
1.135 0 0 0.0025 0.25 0.1795 1.795 0.02 463 5 1 1 
1.145 0 0 0.0025 0.25 0.1795 1.795 0.02 464 5 1 1 
1.155 0 0 0.0025 0.25 0.1795 1.795 0.02 465 5 1 1 
1.165 0 0 0.0025 0.25 0.1795 1.795 0.02 466 5 1 1 
1.175 0 0 0.0025 0.25 0.1795 1.795 0.02 467 5 1 1 
1.185 0 0 0.0025 0.25 0.1795 1.795 0.02 468 5 1 1 
1.195 0 0 0.0025 0.25 0.1795 1.795 0.02 469 5 1 1 
1.205 0 0 0.0025 0.25 0.1795 1.795 0.02 470 5 1 1 
1.215 0 0 0.0025 0.25 0.1795 1.795 0.02 471 5 1 1 
1.225 0 0 0.0025 0.25 0.1795 1.795 0.02 472 5 1 1 
1.235 0 0 0.0025 0.25 0.1795 1.795 0.02 473 5 1 1 
1.245 0 0 0.0025 0.25 0.1795 1.795 0.02 474 5 1 1 
1.255 0 0 0.0025 0.25 0.1795 1.795 0.02 475 5 1 1 
1.265 0 0 0.0025 0.25 0.1795 1.795 0.02 476 5 1 1 
1.275 0 0 0.0025 0.25 0.1795 1.795 0.02 477 5 1 1 
1.285 0 0 0.0025 0.25 0.1795 1.795 0.02 478 5 1 1 
1.295 0 0 0.0025 0.25 0.1795 1.795 0.02 479 5 1 1 
1.305 0 0 0.0025 0.25 0.1795 1.795 0.02 480 5 1 1 
1.315 -4.08406e-48 -2.8026e-45 0.0025 0.25 0.1795 1.795 0.02 481 5 1 1 
1.325 -4.11591e-18 -1.42109e-14 0.0025 0.25 0.1795 1.795 0.02 482 5 1 1 
1.335 -4.88531e-16 -3.69482e-13 0.0025 0.25 0.1795 1.795 0.02 483 5 1 1 
1.345 -6.47128e-15 -4.61853e-12 0.0025 0.25 0.1795 1.795 0.02 484 5 1 1 
1.355 -1.03851e-13 -3.86819e-11 0.0025 0.25 0.1795 1.795 0.02 485 3 1 1 
1.365 1.2132e-12 1.79837e-09 0.0025 0.25 0.1795 1.795 0.02 486 5 1 1 
1.375 1.08945e-11 -1.70131e-08 0.0025 0.25 0.1795 1.795 0.02 487 4 1 1 
1.385 -1.37246e-09 -1.2766e-06 0.0025 0.25 0.1795 1.795 0.02 488 4 1 1 
1.395 -4.15254e-08 -2.71951e-05 0.0025 0.25 0.1795 1.795 0.02 489 4 1 1 
1.405 -6.98075e-07 -0.000357698 0.0025 0.25 0.1795 1.795 0.02 490 4 1 1 
1.415 -7.7298e-06 -0.00302191 0.0025 0.250002 0.179502 1.79501 0.0199999 491 4 1 1 
1.425 -4.92282e-05 -0.0111449 0.0025 0.250005 0.179505 1.79502 0.0199996 492 3 1 1 
1.435 0.000138323 0.215513 0.0025 0.249876 0.179376 1.79465 0.0200099 493 4 1 1 
1.44501 0.00426895 0.464397 0.0025 0.249785 0.179273 1.79436 0.0200172 494 5 1 0.997724 
1.45502 -0.019449 -14.1544 0.0025 0.256545 0.186284 1.81573 0.0194897 495 4 1 0.965825 
1.46454 -0.199083 -45.7616 0.0025 0.290852 0.225012 1.93439 0.0171909 496 4 1 0.940311 
1.47247 -0.506477 -34.679 0.0025 0.357314 0.308058 2.15497 0.0139933 497 4 1 0.977604 
1.47877 -0.637792 1.5611 0.0025 0.418823 0.395564 2.36085 0.0119382 498 4 1 0.979357 
1.48445 -0.649648 -9.6221 0.0025 0.463459 0.394127 2.12582 0.0107884 499 4 1 0.995707 
