# Time [s]: 0.0212179
# Columns: pos [m], vel [m/s], acc [m/s^2], mass [kg], dens [kg/m^3], pres [Pa], ene [J/kg], sml [m], id, neighbor, alpha, gradh, ...additional?
1.48802 -0.665238 0.432662 0.0025 0.498874 0.430573 2.15757 0.0100226 0 4 1 0.995365 
1.49293 -0.700557 6.33572 0.0025 0.520328 0.399935 1.92185 0.00960933 1 4 1 0.99204 
1.49764 -0.665107 -17.5276 0.0025 0.549118 0.432495 1.96918 0.00910551 2 4 1 0.996389 
-0.497951 -0.611379 -5.7054 0.0025 0.574902 0.461259 2.00567 0.00869713 3 4 1 0.997251 
-0.493664 -0.595382 -6.54559 0.0025 0.593254 0.481606 2.02986 0.0084281 4 4 1 0.991464 
-0.489519 -0.537984 -21.5179 0.0025 0.626358 0.519522 2.07415 0.00798265 5 4 1 0.983444 
-0.485666 -0.441869 -32.6166 0.0025 0.681416 0.584592 2.14523 0.00733767 6 4 1 0.981304 
-0.482159 -0.331707 -37.0444 0.0025 0.74916 0.667614 2.22813 0.00667414 7 4 1 0.983581 
-0.478972 -0.228322 -35.6358 0.0025 0.819857 0.757334 2.30977 0.00609863 8 4 1 0.984782 
-0.476046 -0.134612 -40.8798 0.0025 0.892028 0.852113 2.38895 0.00560521 9 4 1 0.984372 
-0.473354 -0.0292902 -51.4436 0.0025 0.970488 0.959763 2.4716 0.00515205 10 4 1 0.993952 
-0.470883 0.054454 -22.0318 0.0025 1.03204 1.04662 2.53337 0.00484476 11 4 1 1.00047 
-0.468507 0.0652692 4.40584 0.0025 1.04884 1.06979 2.54903 0.00476718 12 3 1 1.00004 
-0.466116 0.0491087 9.6692 0.0025 1.03746 1.05305 2.53744 0.00481946 13 4 1 0.999774 
-0.463687 0.0297716 9.48223 0.0025 1.02245 1.03153 2.52238 0.00489024 14 4 1 0.999369 
-0.461225 0.0146961 6.52471 0.0025 1.01107 1.01542 2.51098 0.00494525 15 4 1 0.999592 
-0.458742 0.00594728 3.4065 0.0025 1.00452 1.00624 2.50445 0.00497748 16 4 1 0.999853 
-0.456248 0.00199082 1.40401 0.0025 1.00154 1.0021 2.5015 0.00499231 17 4 1 0.999968 
-0.453749 0.000550482 0.469873 0.0025 1.00044 1.00059 2.50042 0.00499782 18 4 1 0.999995 
-0.45125 0.000122451 0.127409 0.0025 1.0001 1.00013 2.5001 0.0049995 19 4 1 1 
-0.44875 2.036e-05 0.0268427 0.0025 1.00002 1.00002 2.50002 0.00499991 20 4 1 1 
-0.44625 2.0388e-06 0.00387299 0.0025 1 1 2.5 0.00499999 21 4 1 1 
-0.44375 4.88227e-09 0.000191918 0.0025 1 1 2.5 0.005 22 4 1 1 
-0.44125 2.24796e-09 -3.37379e-05 0.0025 1 1 2.5 0.005 23 5 1 1 
-0.43875 9.06332e-09 3.02063e-06 0.0025 1 1 2.5 0.005 24 3 1 1 
-0.43625 2.7025e-09 2.82268e-06 0.0025 1 1 2.5 0.005 25 4 1 1 
-0.43375 3.82268e-10 6.53148e-07 0.0025 1 1 2.5 0.005 26 4 1 1 
-0.43125 1.11011e-11 5.75143e-08 0.0025 1 1 2.5 0.005 27 4 1 1 
-0.42875 -1.96585e-12 -6.30655e-09 0.0025 1 1 2.5 0.005 28 5 1 1 
-0.42625 5.71389e-13 4.72937e-11 0.0025 1 1 2.5 0.005 29 3 1 1 
-0.42375 1.88961e-13 2.38174e-10 0.0025 1 1 2.5 0.005 30 4 1 1 
-0.42125 1.01627e-14 3.79714e-11 0.0025 1 1 2.5 0.005 31 4 1 1 
-0.41875 -5.1662e-16 -1.64846e-12 0.0025 1 1 2.5 0.005 32 5 1 1 
-0.41625 -1.66632e-17 -5.68434e-14 0.0025 1 1 2.5 0.005 33 5 1 1 
-0.41375 0 0 0.0025 1 1 2.5 0.005 34 5 1 1 
-0.41125 0 0 0.0025 1 1 2.5 0.005 35 5 1 1 
-0.40875 0 0 0.0025 1 1 2.5 0.005 36 5 1 1 
-0.40625 0 0 0.0025 1 1 2.5 0.005 37 5 1 1 
-0.40375 0 0 0.0025 1 1 2.5 0.005 38 5 1 1 
-0.40125 0 0 0.0025 1 1 2.5 0.005 39 5 1 1 
-0.39875 0 0 0.0025 1 1 2.5 0.005 40 5 1 1 
-0.39625 0 0 0.0025 1 1 2.5 0.005 41 5 1 1 
-0.39375 0 0 0.0025 1 1 2.5 0.005 42 5 1 1 
-0.39125 0 0 0.0025 1 1 2.5 0.005 43 5 1 1 
-0.38875 0 0 0.0025 1 1 2.5 0.005 44 5 1 1 
-0.38625 0 0 0.0025 1 1 2.5 0.005 45 5 1 1 
-0.38375 0 0 0.0025 1 1 2.5 0.005 46 5 1 1 
-0.38125 0 0 0.0025 1 1 2.5 0.005 47 5 1 1 
-0.37875 0 0 0.0025 1 1 2.5 0.005 48 5 1 1 
-0.37625 0 0 0.0025 1 1 2.5 0.005 49 5 1 1 
-0.37375 0 0 0.0025 1 1 2.5 0.005 50 5 1 1 
-0.37125 0 0 0.0025 1 1 2.5 0.005 51 5 1 1 
-0.36875 0 0 0.0025 1 1 2.5 0.005 52 5 1 1 
-0.36625 0 0 0.0025 1 1 2.5 0.005 53 5 1 1 
-0.36375 0 0 0.0025 1 1 2.5 0.005 54 5 1 1 
-0.36125 0 0 0.0025 1 1 2.5 0.005 55 5 1 1 
-0.35875 0 0 0.0025 1 1 2.5 0.005 56 5 1 1 
-0.35625 0 0 0.0025 1 1 2.5 0.005 57 5 1 1 
-0.35375 0 0 0.0025 1 1 2.5 0.005 58 5 1 1 
-0.35125 0 0 0.0025 1 1 2.5 0.005 59 5 1 1 
-0.34875 0 0 0.0025 1 1 2.5 0.005 60 5 1 1 
-0.34625 0 0 0.0025 1 1 2.5 0.005 61 5 1 1 
-0.34375 0 0 0.0025 1 1 2.5 0.005 62 5 1 1 
-0.34125 0 0 0.0025 1 1 2.5 0.005 63 5 1 1 
-0.33875 0 0 0.0025 1 1 2.5 0.005 64 5 1 1 
-0.33625 0 0 0.0025 1 1 2.5 0.005 65 5 1 1 
-0.33375 0 0 0.0025 1 1 2.5 0.005 66 5 1 1 
-0.33125 0 0 0.0025 1 1 2.5 0.005 67 5 1 1 
-0.32875 0 0 0.0025 1 1 2.5 0.005 68 5 1 1 
-0.32625 0 0 0.0025 1 1 2.5 0.005 69 5 1 1 
-0.32375 0 0 0.0025 1 1 2.5 0.005 70 5 1 1 
-0.32125 0 0 0.0025 1 1 2.5 0.005 71 5 1 1 
-0.31875 0 0 0.0025 1 1 2.5 0.005 72 5 1 1 
-0.31625 0 0 0.0025 1 1 2.5 0.005 73 5 1 1 
-0.31375 0 0 0.0025 1 1 2.5 0.005 74 5 1 1 
-0.31125 0 0 0.0025 1 1 2.5 0.005 75 5 1 1 
-0.30875 0 0 0.0025 1 1 2.5 0.005 76 5 1 1 
-0.30625 0 0 0.0025 1 1 2.5 0.005 77 5 1 1 
-0.30375 0 0 0.0025 1 1 2.5 0.005 78 5 1 1 
-0.30125 0 0 0.0025 1 1 2.5 0.005 79 5 1 1 
-0.29875 0 0 0.0025 1 1 2.5 0.005 80 5 1 1 
-0.29625 0 0 0.0025 1 1 2.5 0.005 81 5 1 1 
-0.29375 0 0 0.0025 1 1 2.5 0.005 82 5 1 1 
-0.29125 0 0 0.0025 1 1 2.5 0.005 83 5 1 1 
-0.28875 0 0 0.0025 1 1 2.5 0.005 84 5 1 1 
-0.28625 0 0 0.0025 1 1 2.5 0.005 85 5 1 1 
-0.28375 0 0 0.0025 1 1 2.5 0.005 86 5 1 1 
-0.28125 0 0 0.0025 1 1 2.5 0.005 87 5 1 1 
-0.27875 0 0 0.0025 1 1 2.5 0.005 88 5 1 1 
-0.27625 0 0 0.0025 1 1 2.5 0.005 89 5 1 1 
-0.27375 0 0 0.0025 1 1 2.5 0.005 90 5 1 1 
-0.27125 0 0 0.0025 1 1 2.5 0.005 91 5 1 1 
-0.26875 0 0 0.0025 1 1 2.5 0.005 92 5 1 1 
-0.26625 0 0 0.0025 1 1 2.5 0.005 93 5 1 1 
-0.26375 0 0 0.0025 1 1 2.5 0.005 94 5 1 1 
-0.26125 0 0 0.0025 1 1 2.5 0.005 95 5 1 1 
-0.25875 0 0 0.0025 1 1 2.5 0.005 96 5 1 1 
-0.25625 0 0 0.0025 1 1 2.5 0.005 97 5 1 1 
-0.25375 0 0 0.0025 1 1 2.5 0.005 98 5 1 1 
-0.25125 0 0 0.0025 1 1 2.5 0.005 99 5 1 1 
-0.24875 0 0 0.0025 1 1 2.5 0.005 100 5 1 1 
-0.24625 0 0 0.0025 1 1 2.5 0.005 101 5 1 1 
-0.24375 0 0 0.0025 1 1 2.5 0.005 102 5 1 1 
-0.24125 0 0 0.0025 1 1 2.5 0.005 103 5 1 1 
-0.23875 0 0 0.0025 1 1 2.5 0.005 104 5 1 1 
-0.23625 0 0 0.0025 1 1 2.5 0.005 105 5 1 1 
-0.23375 0 0 0.0025 1 1 2.5 0.005 106 5 1 1 
-0.23125 0 0 0.0025 1 1 2.5 0.005 107 5 1 1 
-0.22875 0 0 0.0025 1 1 2.5 0.005 108 5 1 1 
-0.22625 0 0 0.0025 1 1 2.5 0.005 109 5 1 1 
-0.22375 0 0 0.0025 1 1 2.5 0.005 110 5 1 1 
-0.22125 0 0 0.0025 1 1 2.5 0.005 111 5 1 1 
-0.21875 0 0 0.0025 1 1 2.5 0.005 112 5 1 1 
-0.21625 0 0 0.0025 1 1 2.5 0.005 113 5 1 1 
-0.21375 0 0 0.0025 1 1 2.5 0.005 114 5 1 1 
-0.21125 0 0 0.0025 1 1 2.5 0.005 115 5 1 1 
-0.20875 0 0 0.0025 1 1 2.5 0.005 116 5 1 1 
-0.20625 0 0 0.0025 1 1 2.5 0.005 117 5 1 1 
-0.20375 0 0 0.0025 1 1 2.5 0.005 118 5 1 1 
-0.20125 0 0 0.0025 1 1 2.5 0.005 119 5 1 1 
-0.19875 0 0 0.0025 1 1 2.5 0.005 120 5 1 1 
-0.19625 0 0 0.0025 1 1 2.5 0.005 121 5 1 1 
-0.19375 0 0 0.0025 1 1 2.5 0.005 122 5 1 1 
-0.19125 0 0 0.0025 1 1 2.5 0.005 123 5 1 1 
-0.18875 0 0 0.0025 1 1 2.5 0.005 124 5 1 1 
-0.18625 0 0 0.0025 1 1 2.5 0.005 125 5 1 1 
-0.18375 0 0 0.0025 1 1 2.5 0.005 126 5 1 1 
-0.18125 0 0 0.0025 1 1 2.5 0.005 127 5 1 1 
-0.17875 0 0 0.0025 1 1 2.5 0.005 128 5 1 1 
-0.17625 0 0 0.0025 1 1 2.5 0.005 129 5 1 1 
-0.17375 0 0 0.0025 1 1 2.5 0.005 130 5 1 1 
-0.17125 0 0 0.0025 1 1 2.5 0.005 131 5 1 1 
-0.16875 0 0 0.0025 1 1 2.5 0.005 132 5 1 1 
-0.16625 0 0 0.0025 1 1 2.5 0.005 133 5 1 1 
-0.16375 0 0 0.0025 1 1 2.5 0.005 134 5 1 1 
-0.16125 0 0 0.0025 1 1 2.5 0.005 135 5 1 1 
-0.15875 0 0 0.0025 1 1 2.5 0.005 136 5 1 1 
-0.15625 0 0 0.0025 1 1 2.5 0.005 137 5 1 1 
-0.15375 0 0 0.0025 1 1 2.5 0.005 138 5 1 1 
-0.15125 0 0 0.0025 1 1 2.5 0.005 139 5 1 1 
-0.14875 0 0 0.0025 1 1 2.5 0.005 140 5 1 1 
-0.14625 0 0 0.0025 1 1 2.5 0.005 141 5 1 1 
-0.14375 0 0 0.0025 1 1 2.5 0.005 142 5 1 1 
-0.14125 0 0 0.0025 1 1 2.5 0.005 143 5 1 1 
-0.13875 0 0 0.0025 1 1 2.5 0.005 144 5 1 1 
-0.13625 0 0 0.0025 1 1 2.5 0.005 145 5 1 1 
-0.13375 0 0 0.0025 1 1 2.5 0.005 146 5 1 1 
-0.13125 0 0 0.0025 1 1 2.5 0.005 147 5 1 1 
-0.12875 0 0 0.0025 1 1 2.5 0.005 148 5 1 1 
-0.12625 0 0 0.0025 1 1 2.5 0.005 149 5 1 1 
-0.12375 0 0 0.0025 1 1 2.5 0.005 150 5 1 1 
-0.12125 0 0 0.0025 1 1 2.5 0.005 151 5 1 1 
-0.11875 0 0 0.0025 1 1 2.5 0.005 152 5 1 1 
-0.11625 0 0 0.0025 1 1 2.5 0.005 153 5 1 1 
-0.11375 0 0 0.0025 1 1 2.5 0.005 154 5 1 1 
-0.11125 0 0 0.0025 1 1 2.5 0.005 155 5 1 1 
-0.10875 0 0 0.0025 1 1 2.5 0.005 156 5 1 1 
-0.10625 0 0 0.0025 1 1 2.5 0.005 157 5 1 1 
-0.10375 0 0 0.0025 1 1 2.5 0.005 158 5 1 1 
-0.10125 0 0 0.0025 1 1 2.5 0.005 159 5 1 1 
-0.09875 0 0 0.0025 1 1 2.5 0.005 160 5 1 1 
-0.09625 0 0 0.0025 1 1 2.5 0.005 161 5 1 1 
-0.09375 0 0 0.0025 1 1 2.5 0.005 162 5 1 1 
-0.09125 0 0 0.0025 1 1 2.5 0.005 163 5 1 1 
-0.08875 0 0 0.0025 1 1 2.5 0.005 164 5 1 1 
-0.08625 0 0 0.0025 1 1 2.5 0.005 165 5 1 1 
-0.08375 0 0 0.0025 1 1 2.5 0.005 166 5 1 1 
-0.08125 0 0 0.0025 1 1 2.5 0.005 167 5 1 1 
-0.07875 0 0 0.0025 1 1 2.5 0.005 168 5 1 1 
-0.07625 0 0 0.0025 1 1 2.5 0.005 169 5 1 1 
-0.07375 0 0 0.0025 1 1 2.5 0.005 170 5 1 1 
-0.07125 0 0 0.0025 1 1 2.5 0.005 171 5 1 1 
-0.06875 0 0 0.0025 1 1 2.5 0.005 172 5 1 1 
-0.06625 0 0 0.0025 1 1 2.5 0.005 173 5 1 1 
-0.06375 0 0 0.0025 1 1 2.5 0.005 174 5 1 1 
-0.06125 0 0 0.0025 1 1 2.5 0.005 175 5 1 1 
-0.05875 0 0 0.0025 1 1 2.5 0.005 176 5 1 1 
-0.05625 0 0 0.0025 1 1 2.5 0.005 177 5 1 1 
-0.05375 0 0 0.0025 1 1 2.5 0.005 178 5 1 1 
-0.05125 0 0 0.0025 1 1 2.5 0.005 179 5 1 1 
-0.04875 -2.29777e-47 -1.12104e-44 0.0025 1 1 2.5 0.005 180 5 1 1 
-0.04625 -4.97512e-17 -5.68434e-14 0.0025 1 1 2.5 0.005 181 5 1 1 
-0.04375 -2.15663e-16 5.68434e-14 0.0025 1 1 2.5 0.005 182 5 1 1 
-0.04125 -4.79849e-16 -1.7053e-13 0.0025 1 1 2.5 0.005 183 5 1 1 
-0.03875 -9.7407e-16 5.68434e-14 0.0025 1 1 2.5 0.005 184 5 1 1 
-0.03625 -1.53971e-15 -5.68434e-14 0.0025 1 1 2.5 0.005 185 5 1 1 
-0.03375 -3.41243e-15 -5.68434e-14 0.0025 1 1 2.5 0.005 186 4 1 1 
-0.03125 4.99681e-16 6.31089e-28 0.0025 1 1 2.5 0.005 187 3 1 1 
-0.02875 3.07857e-16 -5.68434e-14 0.0025 1 1 2.5 0.005 188 3 1 1 
-0.02625 1.64363e-16 0 0.0025 1 1 2.5 0.005 189 3 1 1 
-0.02375 -6.5233e-17 0 0.0025 1 1 2.5 0.005 190 3 1 1 
-0.02125 -2.41501e-16 5.68434e-14 0.0025 1 1 2.5 0.005 191 3 1 1 
-0.01875 -4.8559e-16 -5.68434e-14 0.0025 1 1 2.5 0.005 192 3 1 1 
-0.01625 2.56246e-15 -5.68434e-14 0.0025 1 1 2.5 0.005 193 4 1 1 
-0.01375 1.2021e-15 1.7053e-13 0.0025 1 1 2.5 0.005 194 4 1 1 
-0.01125 6.61568e-16 -3.9443e-29 0.0025 1 1 2.5 0.005 195 4 1 1 
-0.00875 -2.74195e-16 5.68434e-14 0.0025 1 1 2.5 0.005 196 4 1 1 
-0.00625 1.18113e-16 -4.93038e-29 0.0025 1 1 2.5 0.005 197 3 1 1 
-0.00375 2.3388e-16 1.38051e-28 0.0025 1 1 2.5 0.005 198 4 1 1 
-0.00125 6.66615e-17 1.13687e-13 0.0025 1 1 2.5 0.005 199 5 1 1 
0.00125 -1.2876e-16 -3.9443e-29 0.0025 1 1 2.5 0.005 200 5 1 1 
0.00375 2.97154e-16 -5.68434e-14 0.0025 1 1 2.5 0.005 201 5 1 1 
0.00625 -1.93059e-16 5.68434e-14 0.0025 1 1 2.5 0.005 202 5 1 1 
0.00875 -2.0314e-16 -1.13687e-13 0.0025 1 1 2.5 0.005 203 3 1 1 
0.01125 -6.28093e-16 3.9443e-29 0.0025 1 1 2.5 0.005 204 3 1 1 
0.01375 -1.21941e-15 -1.13687e-13 0.0025 1 1 2.5 0.005 205 4 1 1 
0.01625 -2.52806e-15 -5.68434e-14 0.0025 1 1 2.5 0.005 206 4 1 1 
0.01875 4.52232e-16 -5.68434e-14 0.0025 1 1 2.5 0.005 207 3 1 1 
0.02125 1.43381e-16 5.68434e-14 0.0025 1 1 2.5 0.005 208 3 1 1 
0.02375 -9.94611e-17 0 0.0025 1 1 2.5 0.005 209 3 1 1 
0.02625 -2.75287e-16 5.68434e-14 0.0025 1 1 2.5 0.005 210 3 1 1 
0.02875 -5.3316e-16 1.13687e-13 0.0025 1 1 2.5 0.005 211 3 1 1 
0.03125 3.47851e-15 -5.68434e-14 0.0025 1 1 2.5 0.005 212 4 1 1 
0.03375 1.50616e-15 5.68434e-14 0.0025 1 1 2.5 0.005 213 5 1 1 
0.03625 1.00708e-15 5.68434e-14 0.0025 1 1 2.5 0.005 214 5 1 1 
0.03875 5.30051e-16 5.60519e-44 0.0025 1 1 2.5 0.005 215 5 1 1 
0.04125 2.48691e-16 5.68434e-14 0.0025 1 1 2.5 0.005 216 5 1 1 
0.04375 6.6474e-17 1.12104e-44 0.0025 1 1 2.5 0.005 217 5 1 1 
0.04625 2.29632e-47 1.12104e-44 0.0025 1 1 2.5 0.005 218 5 1 1 
0.04875 0 0 0.0025 1 1 2.5 0.005 219 5 1 1 
0.05125 0 0 0.0025 1 1 2.5 0.005 220 5 1 1 
0.05375 0 0 0.0025 1 1 2.5 0.005 221 5 1 1 
0.05625 0 0 0.0025 1 1 2.5 0.005 222 5 1 1 
0.05875 0 0 0.0025 1 1 2.5 0.005 223 5 1 1 
0.06125 0 0 0.0025 1 1 2.5 0.005 224 5 1 1 
0.06375 0 0 0.0025 1 1 2.5 0.005 225 5 1 1 
0.06625 0 0 0.0025 1 1 2.5 0.005 226 5 1 1 
0.06875 0 0 0.0025 1 1 2.5 0.005 227 5 1 1 
0.07125 0 0 0.0025 1 1 2.5 0.005 228 5 1 1 
0.07375 0 0 0.0025 1 1 2.5 0.005 229 5 1 1 
0.07625 0 0 0.0025 1 1 2.5 0.005 230 5 1 1 
0.07875 0 0 0.0025 1 1 2.5 0.005 231 5 1 1 
0.08125 0 0 0.0025 1 1 2.5 0.005 232 5 1 1 
0.08375 0 0 0.0025 1 1 2.5 0.005 233 5 1 1 
0.08625 0 0 0.0025 1 1 2.5 0.005 234 5 1 1 
0.08875 0 0 0.0025 1 1 2.5 0.005 235 5 1 1 
0.09125 0 0 0.0025 1 1 2.5 0.005 236 5 1 1 
0.09375 0 0 0.0025 1 1 2.5 0.005 237 5 1 1 
0.09625 0 0 0.0025 1 1 2.5 0.005 238 5 1 1 
0.09875 0 0 0.0025 1 1 2.5 0.005 239 5 1 1 
0.10125 -2.30195e-47 -1.12104e-44 0.0025 1 1 2.5 0.005 240 5 1 1 
0.10375 -8.33494e-17 -5.68434e-14 0.0025 1 1 2.5 0.005 241 5 1 1 
0.10625 -3.65728e-16 -5.60519e-44 0.0025 1 1 2.5 0.005 242 5 1 1 
0.10875 -9.78968e-16 -1.7053e-13 0.0025 1 1 2.5 0.005 243 5 1 1 
0.11125 -1.78948e-15 -1.13687e-13 0.0025 1 1 2.5 0.005 244 5 1 1 
0.11375 -3.44089e-15 -2.27374e-13 0.0025 1 1 2.5 0.005 245 5 1 1 
0.11625 -2.52474e-15 4.54747e-13 0.0025 1 1 2.5 0.005 246 5 1 1 
0.11875 -4.97246e-15 4.54747e-13 0.0025 1 1 2.5 0.005 247 5 1 1 
0.12125 7.26779e-15 -1.13687e-13 0.0025 1 1 2.5 0.005 248 5 1 1 
0.12375 7.17143e-16 -1.13687e-13 0.0025 1 1 2.5 0.005 249 4 1 1 
0.12625 -7.17143e-16 1.13687e-13 0.0025 1 1 2.5 0.005 250 4 1 1 
0.12875 -7.26779e-15 1.13687e-13 0.0025 1 1 2.5 0.005 251 5 1 1 
0.13125 4.97246e-15 -4.54747e-13 0.0025 1 1 2.5 0.005 252 5 1 1 
0.13375 2.52474e-15 -4.54747e-13 0.0025 1 1 2.5 0.005 253 5 1 1 
0.13625 3.44089e-15 2.27374e-13 0.0025 1 1 2.5 0.005 254 5 1 1 
0.13875 1.78948e-15 1.13687e-13 0.0025 1 1 2.5 0.005 255 5 1 1 
0.14125 9.78968e-16 1.7053e-13 0.0025 1 1 2.5 0.005 256 5 1 1 
0.14375 3.65728e-16 5.60519e-44 0.0025 1 1 2.5 0.005 257 5 1 1 
0.14625 8.33494e-17 5.68434e-14 0.0025 1 1 2.5 0.005 258 5 1 1 
0.14875 2.30195e-47 1.12104e-44 0.0025 1 1 2.5 0.005 259 5 1 1 
0.15125 0 0 0.0025 1 1 2.5 0.005 260 5 1 1 
0.15375 0 0 0.0025 1 1 2.5 0.005 261 5 1 1 
0.15625 0 0 0.0025 1 1 2.5 0.005 262 5 1 1 
0.15875 0 0 0.0025 1 1 2.5 0.005 263 5 1 1 
0.16125 0 0 0.0025 1 1 2.5 0.005 264 5 1 1 
0.16375 0 0 0.0025 1 1 2.5 0.005 265 5 1 1 
0.16625 0 0 0.0025 1 1 2.5 0.005 266 5 1 1 
0.16875 0 0 0.0025 1 1 2.5 0.005 267 5 1 1 
0.17125 0 0 0.0025 1 1 2.5 0.005 268 5 1 1 
0.17375 0 0 0.0025 1 1 2.5 0.005 269 5 1 1 
0.17625 0 0 0.0025 1 1 2.5 0.005 270 5 1 1 
0.17875 0 0 0.0025 1 1 2.5 0.005 271 5 1 1 
0.18125 0 0 0.0025 1 1 2.5 0.005 272 5 1 1 
0.18375 0 0 0.0025 1 1 2.5 0.005 273 5 1 1 
0.18625 0 0 0.0025 1 1 2.5 0.005 274 5 1 1 
0.18875 0 0 0.0025 1 1 2.5 0.005 275 5 1 1 
0.19125 0 0 0.0025 1 1 2.5 0.005 276 5 1 1 
0.19375 0 0 0.0025 1 1 2.5 0.005 277 5 1 1 
0.19625 0 0 0.0025 1 1 2.5 0.005 278 5 1 1 
0.19875 0 0 0.0025 1 1 2.5 0.005 279 5 1 1 
0.20125 0 0 0.0025 1 1 2.5 0.005 280 5 1 1 
0.20375 0 0 0.0025 1 1 2.5 0.005 281 5 1 1 
0.20625 0 0 0.0025 1 1 2.5 0.005 282 5 1 1 
0.20875 0 0 0.0025 1 1 2.5 0.005 283 5 1 1 
0.21125 0 0 0.0025 1 1 2.5 0.005 284 5 1 1 
0.21375 0 0 0.0025 1 1 2.5 0.005 285 5 1 1 
0.21625 0 0 0.0025 1 1 2.5 0.005 286 5 1 1 
0.21875 0 0 0.0025 1 1 2.5 0.005 287 5 1 1 
0.22125 0 0 0.0025 1 1 2.5 0.005 288 5 1 1 
0.22375 -5.58121e-47 -3.36312e-44 0.0025 1 1 2.5 0.005 289 5 1 1 
0.22625 -1.83166e-16 -1.7053e-13 0.0025 1 1 2.5 0.005 290 5 1 1 
0.22875 -7.3174e-16 -1.13687e-13 0.0025 1 1 2.5 0.005 291 5 1 1 
0.23125 -1.8441e-15 -5.11591e-13 0.0025 1 1 2.5 0.005 292 5 1 1 
0.23375 -4.11635e-15 -5.68434e-13 0.0025 1 1 2.5 0.005 293 5 1 1 
0.23625 -5.94679e-15 -3.97904e-13 0.0025 1 1 2.5 0.005 294 5 1 1 
0.23875 -7.84835e-15 -2.84217e-13 0.0025 1 1 2.5 0.005 295 5 1 1 
0.24125 -4.07054e-15 1.36424e-12 0.0025 1 1 2.5 0.005 296 5 1 1 
0.24375 -9.03121e-15 1.19371e-12 0.0025 1 1 2.5 0.005 297 5 1 1 
0.24625 1.47645e-14 -2.84217e-13 0.0025 1 1 2.5 0.005 298 5 1 1 
0.24875 1.56807e-15 -3.41061e-13 0.0025 1 1 2.5 0.005 299 3 1 1 
0.25125 -1.56807e-15 3.41061e-13 0.0025 1 1 2.5 0.005 300 3 1 1 
0.25375 -1.47645e-14 2.84217e-13 0.0025 1 1 2.5 0.005 301 5 1 1 
0.25625 9.03121e-15 -1.19371e-12 0.0025 1 1 2.5 0.005 302 5 1 1 
0.25875 4.07054e-15 -1.36424e-12 0.0025 1 1 2.5 0.005 303 5 1 1 
0.26125 7.84835e-15 2.84217e-13 0.0025 1 1 2.5 0.005 304 5 1 1 
0.26375 5.94679e-15 3.97904e-13 0.0025 1 1 2.5 0.005 305 5 1 1 
0.26625 4.11635e-15 5.68434e-13 0.0025 1 1 2.5 0.005 306 5 1 1 
0.26875 1.8441e-15 5.11591e-13 0.0025 1 1 2.5 0.005 307 5 1 1 
0.27125 7.3174e-16 1.13687e-13 0.0025 1 1 2.5 0.005 308 5 1 1 
0.27375 1.83166e-16 1.7053e-13 0.0025 1 1 2.5 0.005 309 5 1 1 
0.27625 5.58121e-47 3.36312e-44 0.0025 1 1 2.5 0.005 310 5 1 1 
0.27875 0 0 0.0025 1 1 2.5 0.005 311 5 1 1 
0.28125 0 0 0.0025 1 1 2.5 0.005 312 5 1 1 
0.28375 0 0 0.0025 1 1 2.5 0.005 313 5 1 1 
0.28625 0 0 0.0025 1 1 2.5 0.005 314 5 1 1 
0.28875 0 0 0.0025 1 1 2.5 0.005 315 5 1 1 
0.29125 0 0 0.0025 1 1 2.5 0.005 316 5 1 1 
0.29375 0 0 0.0025 1 1 2.5 0.005 317 5 1 1 
0.29625 0 0 0.0025 1 1 2.5 0.005 318 5 1 1 
0.29875 0 0 0.0025 1 1 2.5 0.005 319 5 1 1 
0.30125 0 0 0.0025 1 1 2.5 0.005 320 5 1 1 
0.30375 0 0 0.0025 1 1 2.5 0.005 321 5 1 1 
0.30625 0 0 0.0025 1 1 2.5 0.005 322 5 1 1 
0.30875 0 0 0.0025 1 1 2.5 0.005 323 5 1 1 
0.31125 0 0 0.0025 1 1 2.5 0.005 324 5 1 1 
0.31375 0 0 0.0025 1 1 2.5 0.005 325 5 1 1 
0.31625 0 0 0.0025 1 1 2.5 0.005 326 5 1 1 
0.31875 0 0 0.0025 1 1 2.5 0.005 327 5 1 1 
0.32125 0 0 0.0025 1 1 2.5 0.005 328 5 1 1 
0.32375 0 0 0.0025 1 1 2.5 0.005 329 5 1 1 
0.32625 0 0 0.0025 1 1 2.5 0.005 330 5 1 1 
0.32875 0 0 0.0025 1 1 2.5 0.005 331 5 1 1 
0.33125 0 0 0.0025 1 1 2.5 0.005 332 5 1 1 
0.33375 0 0 0.0025 1 1 2.5 0.005 333 5 1 1 
0.33625 0 0 0.0025 1 1 2.5 0.005 334 5 1 1 
0.33875 0 0 0.0025 1 1 2.5 0.005 335 5 1 1 
0.34125 0 0 0.0025 1 1 2.5 0.005 336 5 1 1 
0.34375 0 0 0.0025 1 1 2.5 0.005 337 5 1 1 
0.34625 0 0 0.0025 1 1 2.5 0.005 338 5 1 1 
0.34875 0 0 0.0025 1 1 2.5 0.005 339 5 1 1 
0.35125 0 0 0.0025 1 1 2.5 0.005 340 5 1 1 
0.35375 0 0 0.0025 1 1 2.5 0.005 341 5 1 1 
0.35625 0 0 0.0025 1 1 2.5 0.005 342 5 1 1 
0.35875 0 0 0.0025 1 1 2.5 0.005 343 5 1 1 
0.36125 0 0 0.0025 1 1 2.5 0.005 344 5 1 1 
0.36375 0 0 0.0025 1 1 2.5 0.005 345 5 1 1 
0.36625 0 0 0.0025 1 1 2.5 0.005 346 5 1 1 
0.36875 0 0 0.0025 1 1 2.5 0.005 347 5 1 1 
0.37125 0 0 0.0025 1 1 2.5 0.005 348 5 1 1 
0.37375 0 0 0.0025 1 1 2.5 0.005 349 5 1 1 
0.37625 0 0 0.0025 1 1 2.5 0.005 350 5 1 1 
0.37875 0 0 0.0025 1 1 2.5 0.005 351 5 1 1 
0.38125 0 0 0.0025 1 1 2.5 0.005 352 5 1 1 
0.38375 0 0 0.0025 1 1 2.5 0.005 353 5 1 1 
0.38625 0 0 0.0025 1 1 2.5 0.005 354 5 1 1 
0.38875 0 0 0.0025 1 1 2.5 0.005 355 5 1 1 
0.39125 0 0 0.0025 1 1 2.5 0.005 356 5 1 1 
0.39375 0 0 0.0025 1 1 2.5 0.005 357 5 1 1 
0.39625 0 0 0.0025 1 1 2.5 0.005 358 5 1 1 
0.39875 0 0 0.0025 1 1 2.5 0.005 359 5 1 1 
0.40125 0 0 0.0025 1 1 2.5 0.005 360 5 1 1 
0.40375 0 0 0.0025 1 1 2.5 0.005 361 5 1 1 
0.40625 0 0 0.0025 1 1 2.5 0.005 362 5 1 1 
0.40875 0 0 0.0025 1 1 2.5 0.005 363 5 1 1 
0.41125 0 0 0.0025 1 1 2.5 0.005 364 5 1 1 
0.41375 0 0 0.0025 1 1 2.5 0.005 365 5 1 1 
0.41625 1.66632e-17 5.68434e-14 0.0025 1 1 2.5 0.005 366 5 1 1 
0.41875 5.1662e-16 1.64846e-12 0.0025 1 1 2.5 0.005 367 5 1 1 
0.42125 -1.01627e-14 -3.79714e-11 0.0025 1 1 2.5 0.005 368 4 1 1 
0.42375 -1.88961e-13 -2.38174e-10 0.0025 1 1 2.5 0.005 369 4 1 1 
0.42625 -5.71389e-13 -4.72937e-11 0.0025 1 1 2.5 0.005 370 3 1 1 
0.42875 1.96585e-12 6.30655e-09 0.0025 1 1 2.5 0.005 371 5 1 1 
0.43125 -1.11011e-11 -5.75143e-08 0.0025 1 1 2.5 0.005 372 4 1 1 
0.43375 -3.82268e-10 -6.53148e-07 0.0025 1 1 2.5 0.005 373 4 1 1 
0.43625 -2.7025e-09 -2.82268e-06 0.0025 1 1 2.5 0.005 374 4 1 1 
0.43875 -9.06332e-09 -3.02063e-06 0.0025 1 1 2.5 0.005 375 3 1 1 
0.44125 -2.24796e-09 3.37379e-05 0.0025 1 1 2.5 0.005 376 5 1 1 
0.44375 -4.88227e-09 -0.000191918 0.0025 1 1 2.5 0.005 377 4 1 1 
0.44625 -2.0388e-06 -0.00387299 0.0025 1 1 2.5 0.00499999 378 4 1 1 
0.44875 -2.036e-05 -0.0268427 0.0025 1.00002 1.00002 2.50002 0.00499991 379 4 1 1 
0.45125 -0.000122451 -0.127409 0.0025 1.0001 1.00013 2.5001 0.0049995 380 4 1 1 
0.453749 -0.000550482 -0.469873 0.0025 1.00044 1.00059 2.50042 0.00499782 381 4 1 0.999995 
0.456248 -0.00199082 -1.40401 0.0025 1.00154 1.0021 2.5015 0.00499231 382 4 1 0.999968 
0.458742 -0.00594728 -3.4065 0.0025 1.00452 1.00624 2.50445 0.00497748 383 4 1 0.999853 
0.461225 -0.0146961 -6.52471 0.0025 1.01107 1.01542 2.51098 0.00494525 384 4 1 0.999592 
0.463687 -0.0297716 -9.48223 0.0025 1.02245 1.03153 2.52238 0.00489024 385 4 1 0.999369 
0.466116 -0.0491087 -9.6692 0.0025 1.03746 1.05305 2.53744 0.00481946 386 4 1 0.999774 
0.468507 -0.0652692 -4.40584 0.0025 1.04884 1.06979 2.54903 0.00476718 387 3 1 1.00004 
0.470883 -0.054454 22.0318 0.0025 1.03204 1.04662 2.53337 0.00484476 388 4 1 1.00047 
0.473354 0.0292902 51.4436 0.0025 0.970488 0.959763 2.4716 0.00515205 389 4 1 0.993952 
0.476046 0.134612 40.8798 0.0025 0.892028 0.852113 2.38895 0.00560521 390 4 1 0.984372 
0.478972 0.228322 35.6358 0.0025 0.819857 0.757334 2.30977 0.00609863 391 4 1 0.984782 
0.482159 0.331707 37.0444 0.0025 0.74916 0.667614 2.22813 0.00667414 392 4 1 0.983581 
0.485666 0.441869 32.6166 0.0025 0.681416 0.584592 2.14523 0.00733767 393 4 1 0.981304 
0.489519 0.537984 21.5179 0.0025 0.626358 0.519522 2.07415 0.00798265 394 4 1 0.983444 
0.493664 0.595382 6.54559 0.0025 0.593254 0.481606 2.02986 0.0084281 395 4 1 0.991464 
0.497951 0.611379 5.7054 0.0025 0.574902 0.461259 2.00567 0.00869713 396 4 1 0.997251 
0.502364 0.665107 17.5276 0.0025 0.549118 0.432495 1.96918 0.00910551 397 4 1 0.996389 
0.507067 0.700557 -6.33572 0.0025 0.520328 0.399935 1.92185 0.00960933 398 4 1 0.99204 
0.511979 0.665238 -0.432662 0.0025 0.498874 0.430573 2.15757 0.0100226 399 4 1 0.995365 
0.517095 0.667157 5.2374 0.0025 0.466637 0.397895 2.1317 0.010715 400 4 1 0.99338 
0.522722 0.635347 0.105452 0.0025 0.428047 0.408133 2.38348 0.0116809 401 4 1 0.982777 
0.528801 0.570099 19.991 0.0025 0.378596 0.335751 2.21662 0.0132067 402 4 1 0.983448 
0.536055 0.309323 46.9101 0.0025 0.312703 0.250836 2.00543 0.0159896 403 4 1 0.95539 
0.545077 0.0656136 25.3185 0.0025 0.265628 0.196063 1.84578 0.0188233 404 4 1 0.950212 
0.554981 -0.00228203 2.63383 0.0025 0.251024 0.180521 1.79803 0.0199184 405 4 1 0.990945 
0.564999 -0.00112574 -0.657926 0.0025 0.249759 0.179256 1.7943 0.0200193 406 5 1 0.999906 
0.575 6.55222e-05 -0.00466362 0.0025 0.249989 0.17949 1.79497 0.0200009 407 4 1 1 
0.585 1.80703e-05 0.00585457 0.0025 0.250004 0.179504 1.79501 0.0199997 408 3 1 1 
0.595 2.11941e-06 0.000925127 0.0025 0.250001 0.179501 1.795 0.02 409 4 1 1 
0.605 1.68475e-07 9.11711e-05 0.0025 0.25 0.1795 1.795 0.02 410 4 1 1 
0.615 8.97883e-09 6.19064e-06 0.0025 0.25 0.1795 1.795 0.02 411 4 1 1 
0.625 2.3003e-10 2.51144e-07 0.0025 0.25 0.1795 1.795 0.02 412 4 1 1 
0.635 -6.64124e-12 -2.20979e-10 0.0025 0.25 0.1795 1.795 0.02 413 4 1 1 
0.645 -4.91205e-14 -2.9091e-10 0.0025 0.25 0.1795 1.795 0.02 414 5 1 1 
0.655 3.29403e-14 1.42251e-11 0.0025 0.25 0.1795 1.795 0.02 415 3 1 1 
0.665 1.83475e-15 1.1795e-12 0.0025 0.25 0.1795 1.795 0.02 416 5 1 1 
0.675 1.20821e-16 9.9476e-14 0.0025 0.25 0.1795 1.795 0.02 417 5 1 1 
0.685 2.79258e-47 2.24208e-44 0.0025 0.25 0.1795 1.795 0.02 418 5 1 1 
0.695 0 0 0.0025 0.25 0.1795 1.795 0.02 419 5 1 1 
0.705 0 0 0.0025 0.25 0.1795 1.795 0.02 420 5 1 1 
0.715 0 0 0.0025 0.25 0.1795 1.795 0.02 421 5 1 1 
0.725 0 0 0.0025 0.25 0.1795 1.795 0.02 422 5 1 1 
0.735 0 0 0.0025 0.25 0.1795 1.795 0.02 423 5 1 1 
0.745 0 0 0.0025 0.25 0.1795 1.795 0.02 424 5 1 1 
0.755 0 0 0.0025 0.25 0.1795 1.795 0.02 425 5 1 1 
0.765 0 0 0.0025 0.25 0.1795 1.795 0.02 426 5 1 1 
0.775 0 0 0.0025 0.25 0.1795 1.795 0.02 427 5 1 1 
0.785 0 0 0.0025 0.25 0.1795 1.795 0.02 428 5 1 1 
0.795 0 0 0.0025 0.25 0.1795 1.795 0.02 429 5 1 1 
0.805 0 0 0.0025 0.25 0.1795 1.795 0.02 430 5 1 1 
0.815 0 0 0.0025 0.25 0.1795 1.795 0.02 431 5 1 1 
0.825 0 0 0.0025 0.25 0.1795 1.795 0.02 432 5 1 1 
0.835 0 0 0.0025 0.25 0.1795 1.795 0.02 433 5 1 1 
0.845 0 0 0.0025 0.25 0.1795 1.795 0.02 434 5 1 1 
0.855 0 0 0.0025 0.25 0.1795 1.795 0.02 435 5 1 1 
0.865 0 0 0.0025 0.25 0.1795 1.795 0.02 436 5 1 1 
0.875 0 0 0.0025 0.25 0.1795 1.795 0.02 437 5 1 1 
0.885 0 0 0.0025 0.25 0.1795 1.795 0.02 438 5 1 1 
0.895 0 0 0.0025 0.25 0.1795 1.795 0.02 439 5 1 1 
0.905 0 0 0.0025 0.25 0.1795 1.795 0.02 440 5 1 1 
0.915 0 0 0.0025 0.25 0.1795 1.795 0.02 441 5 1 1 
0.925 0 0 0.0025 0.25 0.1795 1.795 0.02 442 5 1 1 
0.935 0 0 0.0025 0.25 0.1795 1.795 0.02 443 5 1 1 
0.945 -9.01903e-48 -2.8026e-45 0.0025 0.25 0.1795 1.795 0.02 444 5 1 1 
0.955 -6.6339e-47 -1.4013e-44 0.0025 0.25 0.1795 1.795 0.02 445 5 1 1 
0.965 -2.45133e-16 -7.10543e-14 0.0025 0.25 0.1795 1.795 0.02 446 5 1 1 
0.975 -1.50522e-15 -1.84741e-13 0.0025 0.25 0.1795 1.795 0.02 447 5 1 1 
0.985 -3.33869e-15 -1.98952e-13 0.0025 0.25 0.1795 1.795 0.02 448 5 1 1 
0.995 -1.71026e-14 -3.2685e-13 0.0025 0.25 0.1795 1.795 0.02 449 3 1 1 
1.005 1.71026e-14 3.2685e-13 0.0025 0.25 0.1795 1.795 0.02 450 3 1 1 
1.015 3.33869e-15 1.98952e-13 0.0025 0.25 0.1795 1.795 0.02 451 5 1 1 
1.025 1.50522e-15 1.84741e-13 0.0025 0.25 0.1795 1.795 0.02 452 5 1 1 
1.035 2.45133e-16 7.10543e-14 0.0025 0.25 0.1795 1.795 0.02 453 5 1 1 
1.045 6.6339e-47 1.4013e-44 0.0025 0.25 0.1795 1.795 0.02 454 5 1 1 
1.055 9.01903e-48 2.8026e-45 0.0025 0.25 0.1795 1.795 0.02 455 5 1 1 
1.065 0 0 0.0025 0.25 0.1795 1.795 0.02 456 5 1 1 
1.075 0 0 0.0025 0.25 0.1795 1.795 0.02 457 5 1 1 
1.085 0 0 0.0025 0.25 0.1795 1.795 0.02 458 5 1 1 
1.095 0 0 0.0025 0.25 0.1795 1.795 0.02 459 5 1 1 
1.105 0 0 0.0025 0.25 0.1795 1.795 0.02 460 5 1 1 
1.115 0 0 0.0025 0.25 0.1795 1.795 0.02 461 5 1 1 
1.125 0 0 0.0025 0.25 0.1795 1.795 0.02 462 5 1 1 
1.135 0 0 0.0025 0.25 0.1795 1.795 0.02 463 5 1 1 
1.145 0 0 0.0025 0.25 0.1795 1.795 0.02 464 5 1 1 
1.155 0 0 0.0025 0.25 0.1795 1.795 0.02 465 5 1 1 
1.165 0 0 0.0025 0.25 0.1795 1.795 0.02 466 5 1 1 
1.175 0 0 0.0025 0.25 0.1795 1.795 0.02 467 5 1 1 
1.185 0 0 0.0025 0.25 0.1795 1.795 0.02 468 5 1 1 
1.195 0 0 0.0025 0.25 0.1795 1.795 0.02 469 5 1 1 
1.205 0 0 0.0025 0.25 0.1795 1.795 0.02 470 5 1 1 
1.215 0 0 0.0025 0.25 0.1795 1.795 0.02 471 5 1 1 
1.225 0 0 0.0025 0.25 0.1795 1.795 0.02 472 5 1 1 
1.235 0 0 0.0025 0.25 0.1795 1.795 0.02 473 5 1 1 
1.245 0 0 0.0025 0.25 0.1795 1.795 0.02 474 5 1 1 
1.255 0 0 0.0025 0.25 0.1795 1.795 0.02 475 5 1 1 
1.265 0 0 0.0025 0.25 0.1795 1.795 0.02 476 5 1 1 
1.275 0 0 0.0025 0.25 0.1795 1.795 0.02 477 5 1 1 
1.285 0 0 0.0025 0.25 0.1795 1.795 0.02 478 5 1 1 
1.295 0 0 0.0025 0.25 0.1795 1.795 0.02 479 5 1 1 
1.305 -8.21561e-49 -2.8026e-45 0.0025 0.25 0.1795 1.795 0.02 480 5 1 1 
1.315 -3.28598e-47 -2.8026e-44 0.0025 0.25 0.1795 1.795 0.02 481 5 1 1 
1.325 -1.45842e-16 -1.27898e-13 0.0025 0.25 0.1795 1.795 0.02 482 5 1 1 
1.335 -2.47274e-15 -1.42109e-12 0.0025 0.25 0.1795 1.795 0.02 483 5 1 1 
1.345 -2.62542e-14 -9.64917e-12 0.0025 0.25 0.1795 1.795 0.02 484 4 1 1 
1.355 3.80344e-14 2.81361e-10 0.0025 0.25 0.1795 1.795 0.02 485 5 1 1 
1.365 6.63095e-12 2.27118e-10 0.0025 0.25 0.1795 1.795 0.02 486 4 1 1 
1.375 -2.30016e-10 -2.51141e-07 0.0025 0.25 0.1795 1.795 0.02 487 4 1 1 
1.385 -8.9788e-09 -6.19064e-06 0.0025 0.25 0.1795 1.795 0.02 488 4 1 1 
1.395 -1.68476e-07 -9.11711e-05 0.0025 0.25 0.1795 1.795 0.02 489 4 1 1 
1.405 -2.11941e-06 -0.000925127 0.0025 0.250001 0.179501 1.795 0.02 490 4 1 1 
1.415 -1.80703e-05 -0.00585457 0.0025 0.250004 0.179504 1.79501 0.0199997 491 3 1 1 
1.425 -6.55222e-05 0.00466362 0.0025 0.249989 0.17949 1.79497 0.0200009 492 4 1 1 
1.435 0.00112574 0.657926 0.0025 0.249759 0.179256 1.7943 0.0200193 493 5 1 0.999906 
1.44502 0.00228203 -2.63383 0.0025 0.251024 0.180521 1.79803 0.0199184 494 4 1 0.990945 
1.45492 -0.0656136 -25.3185 0.0025 0.265628 0.196063 1.84578 0.0188233 495 4 1 0.950212 
1.46395 -0.309323 -46.9101 0.0025 0.312703 0.250836 2.00543 0.0159896 496 4 1 0.95539 
1.4712 -0.570099 -19.991 0.0025 0.378596 0.335751 2.21662 0.0132067 497 4 1 0.983448 
1.47728 -0.635347 -0.105452 0.0025 0.428047 0.408133 2.38348 0.0116809 498 4 1 0.982777 
1.48291 -0.667157 -5.2374 0.0025 0.466637 0.397895 2.1317 0.010715 499 4 1 0.99338 
