# Time [s]: 0.0177069
# Columns: pos [m], vel [m/s], acc [m/s^2], mass [kg], dens [kg/m^3], pres [Pa], ene [J/kg], sml [m], id, neighbor, alpha, gradh, ...additional?
1.49038 -0.690564 14.3418 0.0025 0.491194 0.42116 2.14375 0.0101793 0 4 1 0.984423 
1.49539 -0.682092 -19.1107 0.0025 0.529045 0.40933 1.93452 0.00945099 1 4 1 0.99341 
1.49987 -0.612248 -8.22769 0.0025 0.569221 0.454937 1.99785 0.00878394 2 4 1 0.997105 
-0.495823 -0.602253 -3.80419 0.0025 0.589381 0.477421 2.02547 0.00848348 3 4 1 0.990272 
-0.491645 -0.544243 -24.0807 0.0025 0.624449 0.517313 2.0718 0.00800706 4 4 1 0.979549 
-0.487796 -0.433699 -37.8811 0.0025 0.687169 0.591523 2.15258 0.00727623 5 4 1 0.977653 
-0.484339 -0.30859 -41.941 0.0025 0.764635 0.686938 2.24646 0.00653907 6 4 1 0.979598 
-0.481231 -0.192955 -44.6655 0.0025 0.847168 0.792742 2.34028 0.00590202 7 4 1 0.979475 
-0.478416 -0.0739318 -57.3092 0.0025 0.93622 0.912446 2.43632 0.00534062 8 4 1 0.988131 
-0.475874 0.0377921 -38.5042 0.0025 1.01579 1.02379 2.51764 0.00492227 9 4 1 1.00006 
-0.473489 0.0694516 1.17875 0.0025 1.04902 1.07047 2.5496 0.00476636 10 3 1 1 
-0.471107 0.0545329 10.7385 0.0025 1.04106 1.05828 2.5411 0.00480278 11 4 1 1.00005 
-0.468686 0.0326955 10.9064 0.0025 1.02446 1.0344 2.52441 0.0048806 12 4 1 0.999251 
-0.466226 0.0154367 7.47463 0.0025 1.01159 1.01613 2.51149 0.00494269 13 4 1 0.99948 
-0.463743 0.00576122 3.6879 0.0025 1.0044 1.00606 2.50432 0.00497808 14 4 1 0.999821 
-0.461248 0.00170899 1.38132 0.0025 1.00134 1.00182 2.5013 0.0049933 15 4 1 0.999966 
-0.45875 0.00039749 0.401453 0.0025 1.00032 1.00043 2.50031 0.00499838 16 4 1 0.999996 
-0.45625 6.77961e-05 0.0886226 0.0025 1.00006 1.00008 2.50006 0.0049997 17 4 1 1 
-0.45375 6.72534e-06 0.0131198 0.0025 1.00001 1.00001 2.50001 0.00499996 18 4 1 1 
-0.45125 -5.44863e-08 0.000584359 0.0025 1 1 2.5 0.005 19 4 1 1 
-0.44875 9.96099e-09 -0.000119956 0.0025 1 1 2.5 0.005 20 5 1 1 
-0.44625 3.11856e-08 1.32883e-05 0.0025 1 1 2.5 0.005 21 3 1 1 
-0.44375 8.35806e-09 9.67493e-06 0.0025 1 1 2.5 0.005 22 4 1 1 
-0.44125 9.9083e-10 1.93198e-06 0.0025 1 1 2.5 0.005 23 4 1 1 
-0.43875 -4.96578e-12 1.04757e-07 0.0025 1 1 2.5 0.005 24 4 1 1 
-0.43625 -3.42945e-12 -1.79289e-08 0.0025 1 1 2.5 0.005 25 5 1 1 
-0.43375 1.94989e-12 1.00749e-09 0.0025 1 1 2.5 0.005 26 3 1 1 
-0.43125 4.18895e-13 6.69274e-10 0.0025 1 1 2.5 0.005 27 4 1 1 
-0.42875 1.46751e-14 6.82121e-11 0.0025 1 1 2.5 0.005 28 4 1 1 
-0.42625 -1.39434e-15 -3.86535e-12 0.0025 1 1 2.5 0.005 29 5 1 1 
-0.42375 -3.32015e-17 -1.13687e-13 0.0025 1 1 2.5 0.005 30 5 1 1 
-0.42125 -6.54784e-48 -2.24208e-44 0.0025 1 1 2.5 0.005 31 5 1 1 
-0.41875 0 0 0.0025 1 1 2.5 0.005 32 5 1 1 
-0.41625 0 0 0.0025 1 1 2.5 0.005 33 5 1 1 
-0.41375 0 0 0.0025 1 1 2.5 0.005 34 5 1 1 
-0.41125 0 0 0.0025 1 1 2.5 0.005 35 5 1 1 
-0.40875 0 0 0.0025 1 1 2.5 0.005 36 5 1 1 
-0.40625 0 0 0.0025 1 1 2.5 0.005 37 5 1 1 
-0.40375 0 0 0.0025 1 1 2.5 0.005 38 5 1 1 
-0.40125 0 0 0.0025 1 1 2.5 0.005 39 5 1 1 
-0.39875 0 0 0.0025 1 1 2.5 0.005 40 5 1 1 
-0.39625 0 0 0.0025 1 1 2.5 0.005 41 5 1 1 
-0.39375 0 0 0.0025 1 1 2.5 0.005 42 5 1 1 
-0.39125 0 0 0.0025 1 1 2.5 0.005 43 5 1 1 
-0.38875 0 0 0.0025 1 1 2.5 0.005 44 5 1 1 
-0.38625 0 0 0.0025 1 1 2.5 0.005 45 5 1 1 
-0.38375 0 0 0.0025 1 1 2.5 0.005 46 5 1 1 
-0.38125 0 0 0.0025 1 1 2.5 0.005 47 5 1 1 
-0.37875 0 0 0.0025 1 1 2.5 0.005 48 5 1 1 
-0.37625 0 0 0.0025 1 1 2.5 0.005 49 5 1 1 
-0.37375 0 0 0.0025 1 1 2.5 0.005 50 5 1 1 
-0.37125 0 0 0.0025 1 1 2.5 0.005 51 5 1 1 
-0.36875 0 0 0.0025 1 1 2.5 0.005 52 5 1 1 
-0.36625 0 0 0.0025 1 1 2.5 0.005 53 5 1 1 
-0.36375 0 0 0.0025 1 1 2.5 0.005 54 5 1 1 
-0.36125 0 0 0.0025 1 1 2.5 0.005 55 5 1 1 
-0.35875 0 0 0.0025 1 1 2.5 0.005 56 5 1 1 
-0.35625 0 0 0.0025 1 1 2.5 0.005 57 5 1 1 
-0.35375 0 0 0.0025 1 1 2.5 0.005 58 5 1 1 
-0.35125 0 0 0.0025 1 1 2.5 0.005 59 5 1 1 
-0.34875 0 0 0.0025 1 1 2.5 0.005 60 5 1 1 
-0.34625 0 0 0.0025 1 1 2.5 0.005 61 5 1 1 
-0.34375 0 0 0.0025 1 1 2.5 0.005 62 5 1 1 
-0.34125 0 0 0.0025 1 1 2.5 0.005 63 5 1 1 
-0.33875 0 0 0.0025 1 1 2.5 0.005 64 5 1 1 
-0.33625 0 0 0.0025 1 1 2.5 0.005 65 5 1 1 
-0.33375 0 0 0.0025 1 1 2.5 0.005 66 5 1 1 
-0.33125 0 0 0.0025 1 1 2.5 0.005 67 5 1 1 
-0.32875 0 0 0.0025 1 1 2.5 0.005 68 5 1 1 
-0.32625 0 0 0.0025 1 1 2.5 0.005 69 5 1 1 
-0.32375 0 0 0.0025 1 1 2.5 0.005 70 5 1 1 
-0.32125 0 0 0.0025 1 1 2.5 0.005 71 5 1 1 
-0.31875 0 0 0.0025 1 1 2.5 0.005 72 5 1 1 
-0.31625 0 0 0.0025 1 1 2.5 0.005 73 5 1 1 
-0.31375 0 0 0.0025 1 1 2.5 0.005 74 5 1 1 
-0.31125 0 0 0.0025 1 1 2.5 0.005 75 5 1 1 
-0.30875 0 0 0.0025 1 1 2.5 0.005 76 5 1 1 
-0.30625 0 0 0.0025 1 1 2.5 0.005 77 5 1 1 
-0.30375 0 0 0.0025 1 1 2.5 0.005 78 5 1 1 
-0.30125 0 0 0.0025 1 1 2.5 0.005 79 5 1 1 
-0.29875 0 0 0.0025 1 1 2.5 0.005 80 5 1 1 
-0.29625 0 0 0.0025 1 1 2.5 0.005 81 5 1 1 
-0.29375 0 0 0.0025 1 1 2.5 0.005 82 5 1 1 
-0.29125 0 0 0.0025 1 1 2.5 0.005 83 5 1 1 
-0.28875 0 0 0.0025 1 1 2.5 0.005 84 5 1 1 
-0.28625 0 0 0.0025 1 1 2.5 0.005 85 5 1 1 
-0.28375 0 0 0.0025 1 1 2.5 0.005 86 5 1 1 
-0.28125 0 0 0.0025 1 1 2.5 0.005 87 5 1 1 
-0.27875 0 0 0.0025 1 1 2.5 0.005 88 5 1 1 
-0.27625 0 0 0.0025 1 1 2.5 0.005 89 5 1 1 
-0.27375 0 0 0.0025 1 1 2.5 0.005 90 5 1 1 
-0.27125 0 0 0.0025 1 1 2.5 0.005 91 5 1 1 
-0.26875 0 0 0.0025 1 1 2.5 0.005 92 5 1 1 
-0.26625 0 0 0.0025 1 1 2.5 0.005 93 5 1 1 
-0.26375 0 0 0.0025 1 1 2.5 0.005 94 5 1 1 
-0.26125 0 0 0.0025 1 1 2.5 0.005 95 5 1 1 
-0.25875 0 0 0.0025 1 1 2.5 0.005 96 5 1 1 
-0.25625 0 0 0.0025 1 1 2.5 0.005 97 5 1 1 
-0.25375 0 0 0.0025 1 1 2.5 0.005 98 5 1 1 
-0.25125 0 0 0.0025 1 1 2.5 0.005 99 5 1 1 
-0.24875 0 0 0.0025 1 1 2.5 0.005 100 5 1 1 
-0.24625 0 0 0.0025 1 1 2.5 0.005 101 5 1 1 
-0.24375 0 0 0.0025 1 1 2.5 0.005 102 5 1 1 
-0.24125 0 0 0.0025 1 1 2.5 0.005 103 5 1 1 
-0.23875 0 0 0.0025 1 1 2.5 0.005 104 5 1 1 
-0.23625 0 0 0.0025 1 1 2.5 0.005 105 5 1 1 
-0.23375 0 0 0.0025 1 1 2.5 0.005 106 5 1 1 
-0.23125 0 0 0.0025 1 1 2.5 0.005 107 5 1 1 
-0.22875 0 0 0.0025 1 1 2.5 0.005 108 5 1 1 
-0.22625 0 0 0.0025 1 1 2.5 0.005 109 5 1 1 
-0.22375 0 0 0.0025 1 1 2.5 0.005 110 5 1 1 
-0.22125 0 0 0.0025 1 1 2.5 0.005 111 5 1 1 
-0.21875 0 0 0.0025 1 1 2.5 0.005 112 5 1 1 
-0.21625 0 0 0.0025 1 1 2.5 0.005 113 5 1 1 
-0.21375 0 0 0.0025 1 1 2.5 0.005 114 5 1 1 
-0.21125 0 0 0.0025 1 1 2.5 0.005 115 5 1 1 
-0.20875 0 0 0.0025 1 1 2.5 0.005 116 5 1 1 
-0.20625 0 0 0.0025 1 1 2.5 0.005 117 5 1 1 
-0.20375 0 0 0.0025 1 1 2.5 0.005 118 5 1 1 
-0.20125 0 0 0.0025 1 1 2.5 0.005 119 5 1 1 
-0.19875 0 0 0.0025 1 1 2.5 0.005 120 5 1 1 
-0.19625 0 0 0.0025 1 1 2.5 0.005 121 5 1 1 
-0.19375 0 0 0.0025 1 1 2.5 0.005 122 5 1 1 
-0.19125 0 0 0.0025 1 1 2.5 0.005 123 5 1 1 
-0.18875 0 0 0.0025 1 1 2.5 0.005 124 5 1 1 
-0.18625 0 0 0.0025 1 1 2.5 0.005 125 5 1 1 
-0.18375 0 0 0.0025 1 1 2.5 0.005 126 5 1 1 
-0.18125 0 0 0.0025 1 1 2.5 0.005 127 5 1 1 
-0.17875 0 0 0.0025 1 1 2.5 0.005 128 5 1 1 
-0.17625 0 0 0.0025 1 1 2.5 0.005 129 5 1 1 
-0.17375 0 0 0.0025 1 1 2.5 0.005 130 5 1 1 
-0.17125 0 0 0.0025 1 1 2.5 0.005 131 5 1 1 
-0.16875 0 0 0.0025 1 1 2.5 0.005 132 5 1 1 
-0.16625 0 0 0.0025 1 1 2.5 0.005 133 5 1 1 
-0.16375 0 0 0.0025 1 1 2.5 0.005 134 5 1 1 
-0.16125 0 0 0.0025 1 1 2.5 0.005 135 5 1 1 
-0.15875 0 0 0.0025 1 1 2.5 0.005 136 5 1 1 
-0.15625 0 0 0.0025 1 1 2.5 0.005 137 5 1 1 
-0.15375 0 0 0.0025 1 1 2.5 0.005 138 5 1 1 
-0.15125 0 0 0.0025 1 1 2.5 0.005 139 5 1 1 
-0.14875 0 0 0.0025 1 1 2.5 0.005 140 5 1 1 
-0.14625 0 0 0.0025 1 1 2.5 0.005 141 5 1 1 
-0.14375 0 0 0.0025 1 1 2.5 0.005 142 5 1 1 
-0.14125 0 0 0.0025 1 1 2.5 0.005 143 5 1 1 
-0.13875 0 0 0.0025 1 1 2.5 0.005 144 5 1 1 
-0.13625 0 0 0.0025 1 1 2.5 0.005 145 5 1 1 
-0.13375 0 0 0.0025 1 1 2.5 0.005 146 5 1 1 
-0.13125 0 0 0.0025 1 1 2.5 0.005 147 5 1 1 
-0.12875 0 0 0.0025 1 1 2.5 0.005 148 5 1 1 
-0.12625 0 0 0.0025 1 1 2.5 0.005 149 5 1 1 
-0.12375 0 0 0.0025 1 1 2.5 0.005 150 5 1 1 
-0.12125 0 0 0.0025 1 1 2.5 0.005 151 5 1 1 
-0.11875 0 0 0.0025 1 1 2.5 0.005 152 5 1 1 
-0.11625 0 0 0.0025 1 1 2.5 0.005 153 5 1 1 
-0.11375 0 0 0.0025 1 1 2.5 0.005 154 5 1 1 
-0.11125 0 0 0.0025 1 1 2.5 0.005 155 5 1 1 
-0.10875 0 0 0.0025 1 1 2.5 0.005 156 5 1 1 
-0.10625 0 0 0.0025 1 1 2.5 0.005 157 5 1 1 
-0.10375 0 0 0.0025 1 1 2.5 0.005 158 5 1 1 
-0.10125 0 0 0.0025 1 1 2.5 0.005 159 5 1 1 
-0.09875 0 0 0.0025 1 1 2.5 0.005 160 5 1 1 
-0.09625 0 0 0.0025 1 1 2.5 0.005 161 5 1 1 
-0.09375 0 0 0.0025 1 1 2.5 0.005 162 5 1 1 
-0.09125 0 0 0.0025 1 1 2.5 0.005 163 5 1 1 
-0.08875 0 0 0.0025 1 1 2.5 0.005 164 5 1 1 
-0.08625 0 0 0.0025 1 1 2.5 0.005 165 5 1 1 
-0.08375 0 0 0.0025 1 1 2.5 0.005 166 5 1 1 
-0.08125 0 0 0.0025 1 1 2.5 0.005 167 5 1 1 
-0.07875 0 0 0.0025 1 1 2.5 0.005 168 5 1 1 
-0.07625 0 0 0.0025 1 1 2.5 0.005 169 5 1 1 
-0.07375 0 0 0.0025 1 1 2.5 0.005 170 5 1 1 
-0.07125 0 0 0.0025 1 1 2.5 0.005 171 5 1 1 
-0.06875 0 0 0.0025 1 1 2.5 0.005 172 5 1 1 
-0.06625 0 0 0.0025 1 1 2.5 0.005 173 5 1 1 
-0.06375 0 0 0.0025 1 1 2.5 0.005 174 5 1 1 
-0.06125 0 0 0.0025 1 1 2.5 0.005 175 5 1 1 
-0.05875 0 0 0.0025 1 1 2.5 0.005 176 5 1 1 
-0.05625 0 0 0.0025 1 1 2.5 0.005 177 5 1 1 
-0.05375 0 0 0.0025 1 1 2.5 0.005 178 5 1 1 
-0.05125 0 0 0.0025 1 1 2.5 0.005 179 5 1 1 
-0.04875 0 0 0.0025 1 1 2.5 0.005 180 5 1 1 
-0.04625 -6.20666e-47 -1.12104e-44 0.0025 1 1 2.5 0.005 181 5 1 1 
-0.04375 -1.65624e-16 -3.36312e-44 0.0025 1 1 2.5 0.005 182 5 1 1 
-0.04125 -3.46732e-16 -5.68434e-14 0.0025 1 1 2.5 0.005 183 5 1 1 
-0.03875 -8.07816e-16 -5.68434e-14 0.0025 1 1 2.5 0.005 184 5 1 1 
-0.03625 -1.34013e-15 -5.68434e-14 0.0025 1 1 2.5 0.005 185 5 1 1 
-0.03375 -3.21285e-15 -5.68434e-14 0.0025 1 1 2.5 0.005 186 4 1 1 
-0.03125 6.32661e-16 6.31089e-28 0.0025 1 1 2.5 0.005 187 3 1 1 
-0.02875 3.74457e-16 -5.68434e-14 0.0025 1 1 2.5 0.005 188 3 1 1 
-0.02625 1.64363e-16 0 0.0025 1 1 2.5 0.005 189 3 1 1 
-0.02375 -6.5233e-17 0 0.0025 1 1 2.5 0.005 190 3 1 1 
-0.02125 -2.41501e-16 5.68434e-14 0.0025 1 1 2.5 0.005 191 3 1 1 
-0.01875 -4.8559e-16 -5.68434e-14 0.0025 1 1 2.5 0.005 192 3 1 1 
-0.01625 2.36259e-15 5.68434e-14 0.0025 1 1 2.5 0.005 193 4 1 1 
-0.01375 1.05256e-15 1.13687e-13 0.0025 1 1 2.5 0.005 194 4 1 1 
-0.01125 5.12027e-16 -5.68434e-14 0.0025 1 1 2.5 0.005 195 4 1 1 
-0.00875 -3.73986e-16 5.68434e-14 0.0025 1 1 2.5 0.005 196 4 1 1 
-0.00625 1.18113e-16 -4.93038e-29 0.0025 1 1 2.5 0.005 197 3 1 1 
-0.00375 -6.51832e-17 1.13687e-13 0.0025 1 1 2.5 0.005 198 4 1 1 
-0.00125 1.66077e-16 -1.13687e-13 0.0025 1 1 2.5 0.005 199 5 1 1 
0.00125 -9.59577e-17 -8.87469e-29 0.0025 1 1 2.5 0.005 200 3 1 1 
0.00375 6.54529e-17 2.84217e-13 0.0025 1 1 2.5 0.005 201 5 1 1 
0.00625 3.86423e-17 -2.84217e-13 0.0025 1 1 2.5 0.005 202 5 1 1 
0.00875 6.31879e-17 -1.13687e-13 0.0025 1 1 2.5 0.005 203 3 1 1 
0.01125 -4.77955e-16 5.68434e-14 0.0025 1 1 2.5 0.005 204 3 1 1 
0.01375 -1.03621e-15 -1.7053e-13 0.0025 1 1 2.5 0.005 205 4 1 1 
0.01625 -2.36214e-15 5.68434e-14 0.0025 1 1 2.5 0.005 206 4 1 1 
0.01875 4.52232e-16 -5.68434e-14 0.0025 1 1 2.5 0.005 207 3 1 1 
0.02125 1.43381e-16 5.68434e-14 0.0025 1 1 2.5 0.005 208 3 1 1 
0.02375 -9.94611e-17 0 0.0025 1 1 2.5 0.005 209 3 1 1 
0.02625 -3.42091e-16 5.68434e-14 0.0025 1 1 2.5 0.005 210 3 1 1 
0.02875 -5.66853e-16 -6.31089e-28 0.0025 1 1 2.5 0.005 211 3 1 1 
0.03125 3.24605e-15 5.68434e-14 0.0025 1 1 2.5 0.005 212 4 1 1 
0.03375 1.30697e-15 5.68434e-14 0.0025 1 1 2.5 0.005 213 5 1 1 
0.03625 8.40974e-16 -5.68434e-14 0.0025 1 1 2.5 0.005 214 5 1 1 
0.03875 3.79933e-16 1.7053e-13 0.0025 1 1 2.5 0.005 215 5 1 1 
0.04125 1.65624e-16 3.36312e-44 0.0025 1 1 2.5 0.005 216 5 1 1 
0.04375 6.20666e-47 1.12104e-44 0.0025 1 1 2.5 0.005 217 5 1 1 
0.04625 0 0 0.0025 1 1 2.5 0.005 218 5 1 1 
0.04875 0 0 0.0025 1 1 2.5 0.005 219 5 1 1 
0.05125 0 0 0.0025 1 1 2.5 0.005 220 5 1 1 
0.05375 0 0 0.0025 1 1 2.5 0.005 221 5 1 1 
0.05625 0 0 0.0025 1 1 2.5 0.005 222 5 1 1 
0.05875 0 0 0.0025 1 1 2.5 0.005 223 5 1 1 
0.06125 0 0 0.0025 1 1 2.5 0.005 224 5 1 1 
0.06375 0 0 0.0025 1 1 2.5 0.005 225 5 1 1 
0.06625 0 0 0.0025 1 1 2.5 0.005 226 5 1 1 
0.06875 0 0 0.0025 1 1 2.5 0.005 227 5 1 1 
0.07125 0 0 0.0025 1 1 2.5 0.005 228 5 1 1 
0.07375 0 0 0.0025 1 1 2.5 0.005 229 5 1 1 
0.07625 0 0 0.0025 1 1 2.5 0.005 230 5 1 1 
0.07875 0 0 0.0025 1 1 2.5 0.005 231 5 1 1 
0.08125 0 0 0.0025 1 1 2.5 0.005 232 5 1 1 
0.08375 0 0 0.0025 1 1 2.5 0.005 233 5 1 1 
0.08625 0 0 0.0025 1 1 2.5 0.005 234 5 1 1 
0.08875 0 0 0.0025 1 1 2.5 0.005 235 5 1 1 
0.09125 0 0 0.0025 1 1 2.5 0.005 236 5 1 1 
0.09375 0 0 0.0025 1 1 2.5 0.005 237 5 1 1 
0.09625 0 0 0.0025 1 1 2.5 0.005 238 5 1 1 
0.09875 0 0 0.0025 1 1 2.5 0.005 239 5 1 1 
0.10125 0 0 0.0025 1 1 2.5 0.005 240 5 1 1 
0.10375 -2.94555e-47 -1.12104e-44 0.0025 1 1 2.5 0.005 241 5 1 1 
0.10625 -1.16149e-16 -5.68434e-14 0.0025 1 1 2.5 0.005 242 5 1 1 
0.10875 -5.13573e-16 -1.7053e-13 0.0025 1 1 2.5 0.005 243 5 1 1 
0.11125 -1.17453e-15 -1.7053e-13 0.0025 1 1 2.5 0.005 244 5 1 1 
0.11375 -2.75881e-15 -2.84217e-13 0.0025 1 1 2.5 0.005 245 5 1 1 
0.11625 -3.19083e-15 -1.13687e-13 0.0025 1 1 2.5 0.005 246 5 1 1 
0.11875 -6.13777e-15 2.27374e-13 0.0025 1 1 2.5 0.005 247 5 1 1 
0.12125 5.95674e-15 8.52651e-13 0.0025 1 1 2.5 0.005 248 5 1 1 
0.12375 -3.61646e-16 1.08002e-12 0.0025 1 1 2.5 0.005 249 4 1 1 
0.12625 3.61646e-16 -1.08002e-12 0.0025 1 1 2.5 0.005 250 4 1 1 
0.12875 -5.95674e-15 -8.52651e-13 0.0025 1 1 2.5 0.005 251 5 1 1 
0.13125 6.13777e-15 -2.27374e-13 0.0025 1 1 2.5 0.005 252 5 1 1 
0.13375 3.19083e-15 1.13687e-13 0.0025 1 1 2.5 0.005 253 5 1 1 
0.13625 2.75881e-15 2.84217e-13 0.0025 1 1 2.5 0.005 254 5 1 1 
0.13875 1.17453e-15 1.7053e-13 0.0025 1 1 2.5 0.005 255 5 1 1 
0.14125 5.13573e-16 1.7053e-13 0.0025 1 1 2.5 0.005 256 5 1 1 
0.14375 1.16149e-16 5.68434e-14 0.0025 1 1 2.5 0.005 257 5 1 1 
0.14625 2.94555e-47 1.12104e-44 0.0025 1 1 2.5 0.005 258 5 1 1 
0.14875 0 0 0.0025 1 1 2.5 0.005 259 5 1 1 
0.15125 0 0 0.0025 1 1 2.5 0.005 260 5 1 1 
0.15375 0 0 0.0025 1 1 2.5 0.005 261 5 1 1 
0.15625 0 0 0.0025 1 1 2.5 0.005 262 5 1 1 
0.15875 0 0 0.0025 1 1 2.5 0.005 263 5 1 1 
0.16125 0 0 0.0025 1 1 2.5 0.005 264 5 1 1 
0.16375 0 0 0.0025 1 1 2.5 0.005 265 5 1 1 
0.16625 0 0 0.0025 1 1 2.5 0.005 266 5 1 1 
0.16875 0 0 0.0025 1 1 2.5 0.005 267 5 1 1 
0.17125 0 0 0.0025 1 1 2.5 0.005 268 5 1 1 
0.17375 0 0 0.0025 1 1 2.5 0.005 269 5 1 1 
0.17625 0 0 0.0025 1 1 2.5 0.005 270 5 1 1 
0.17875 0 0 0.0025 1 1 2.5 0.005 271 5 1 1 
0.18125 0 0 0.0025 1 1 2.5 0.005 272 5 1 1 
0.18375 0 0 0.0025 1 1 2.5 0.005 273 5 1 1 
0.18625 0 0 0.0025 1 1 2.5 0.005 274 5 1 1 
0.18875 0 0 0.0025 1 1 2.5 0.005 275 5 1 1 
0.19125 0 0 0.0025 1 1 2.5 0.005 276 5 1 1 
0.19375 0 0 0.0025 1 1 2.5 0.005 277 5 1 1 
0.19625 0 0 0.0025 1 1 2.5 0.005 278 5 1 1 
0.19875 0 0 0.0025 1 1 2.5 0.005 279 5 1 1 
0.20125 0 0 0.0025 1 1 2.5 0.005 280 5 1 1 
0.20375 0 0 0.0025 1 1 2.5 0.005 281 5 1 1 
0.20625 0 0 0.0025 1 1 2.5 0.005 282 5 1 1 
0.20875 0 0 0.0025 1 1 2.5 0.005 283 5 1 1 
0.21125 0 0 0.0025 1 1 2.5 0.005 284 5 1 1 
0.21375 0 0 0.0025 1 1 2.5 0.005 285 5 1 1 
0.21625 0 0 0.0025 1 1 2.5 0.005 286 5 1 1 
0.21875 0 0 0.0025 1 1 2.5 0.005 287 5 1 1 
0.22125 0 0 0.0025 1 1 2.5 0.005 288 5 1 1 
0.22375 0 0 0.0025 1 1 2.5 0.005 289 5 1 1 
0.22625 -5.56248e-47 -3.36312e-44 0.0025 1 1 2.5 0.005 290 5 1 1 
0.22875 -1.8255e-16 -1.7053e-13 0.0025 1 1 2.5 0.005 291 5 1 1 
0.23125 -7.2937e-16 -1.13687e-13 0.0025 1 1 2.5 0.005 292 5 1 1 
0.23375 -2.06998e-15 -6.25278e-13 0.0025 1 1 2.5 0.005 293 5 1 1 
0.23625 -4.16801e-15 -5.68434e-13 0.0025 1 1 2.5 0.005 294 5 1 1 
0.23875 -6.50142e-15 -4.54747e-13 0.0025 1 1 2.5 0.005 295 5 1 1 
0.24125 -6.66838e-15 2.27374e-13 0.0025 1 1 2.5 0.005 296 5 1 1 
0.24375 -1.15615e-14 2.84217e-13 0.0025 1 1 2.5 0.005 297 5 1 1 
0.24625 1.19096e-14 1.76215e-12 0.0025 1 1 2.5 0.005 298 5 1 1 
0.24875 -1.08676e-15 2.04636e-12 0.0025 1 1 2.5 0.005 299 3 1 1 
0.25125 1.08676e-15 -2.04636e-12 0.0025 1 1 2.5 0.005 300 3 1 1 
0.25375 -1.19096e-14 -1.76215e-12 0.0025 1 1 2.5 0.005 301 5 1 1 
0.25625 1.15615e-14 -2.84217e-13 0.0025 1 1 2.5 0.005 302 5 1 1 
0.25875 6.66838e-15 -2.27374e-13 0.0025 1 1 2.5 0.005 303 5 1 1 
0.26125 6.50142e-15 4.54747e-13 0.0025 1 1 2.5 0.005 304 5 1 1 
0.26375 4.16801e-15 5.68434e-13 0.0025 1 1 2.5 0.005 305 5 1 1 
0.26625 2.06998e-15 6.25278e-13 0.0025 1 1 2.5 0.005 306 5 1 1 
0.26875 7.2937e-16 1.13687e-13 0.0025 1 1 2.5 0.005 307 5 1 1 
0.27125 1.8255e-16 1.7053e-13 0.0025 1 1 2.5 0.005 308 5 1 1 
0.27375 5.56248e-47 3.36312e-44 0.0025 1 1 2.5 0.005 309 5 1 1 
0.27625 0 0 0.0025 1 1 2.5 0.005 310 5 1 1 
0.27875 0 0 0.0025 1 1 2.5 0.005 311 5 1 1 
0.28125 0 0 0.0025 1 1 2.5 0.005 312 5 1 1 
0.28375 0 0 0.0025 1 1 2.5 0.005 313 5 1 1 
0.28625 0 0 0.0025 1 1 2.5 0.005 314 5 1 1 
0.28875 0 0 0.0025 1 1 2.5 0.005 315 5 1 1 
0.29125 0 0 0.0025 1 1 2.5 0.005 316 5 1 1 
0.29375 0 0 0.0025 1 1 2.5 0.005 317 5 1 1 
0.29625 0 0 0.0025 1 1 2.5 0.005 318 5 1 1 
0.29875 0 0 0.0025 1 1 2.5 0.005 319 5 1 1 
0.30125 0 0 0.0025 1 1 2.5 0.005 320 5 1 1 
0.30375 0 0 0.0025 1 1 2.5 0.005 321 5 1 1 
0.30625 0 0 0.0025 1 1 2.5 0.005 322 5 1 1 
0.30875 0 0 0.0025 1 1 2.5 0.005 323 5 1 1 
0.31125 0 0 0.0025 1 1 2.5 0.005 324 5 1 1 
0.31375 0 0 0.0025 1 1 2.5 0.005 325 5 1 1 
0.31625 0 0 0.0025 1 1 2.5 0.005 326 5 1 1 
0.31875 0 0 0.0025 1 1 2.5 0.005 327 5 1 1 
0.32125 0 0 0.0025 1 1 2.5 0.005 328 5 1 1 
0.32375 0 0 0.0025 1 1 2.5 0.005 329 5 1 1 
0.32625 0 0 0.0025 1 1 2.5 0.005 330 5 1 1 
0.32875 0 0 0.0025 1 1 2.5 0.005 331 5 1 1 
0.33125 0 0 0.0025 1 1 2.5 0.005 332 5 1 1 
0.33375 0 0 0.0025 1 1 2.5 0.005 333 5 1 1 
0.33625 0 0 0.0025 1 1 2.5 0.005 334 5 1 1 
0.33875 0 0 0.0025 1 1 2.5 0.005 335 5 1 1 
0.34125 0 0 0.0025 1 1 2.5 0.005 336 5 1 1 
0.34375 0 0 0.0025 1 1 2.5 0.005 337 5 1 1 
0.34625 0 0 0.0025 1 1 2.5 0.005 338 5 1 1 
0.34875 0 0 0.0025 1 1 2.5 0.005 339 5 1 1 
0.35125 0 0 0.0025 1 1 2.5 0.005 340 5 1 1 
0.35375 0 0 0.0025 1 1 2.5 0.005 341 5 1 1 
0.35625 0 0 0.0025 1 1 2.5 0.005 342 5 1 1 
0.35875 0 0 0.0025 1 1 2.5 0.005 343 5 1 1 
0.36125 0 0 0.0025 1 1 2.5 0.005 344 5 1 1 
0.36375 0 0 0.0025 1 1 2.5 0.005 345 5 1 1 
0.36625 0 0 0.0025 1 1 2.5 0.005 346 5 1 1 
0.36875 0 0 0.0025 1 1 2.5 0.005 347 5 1 1 
0.37125 0 0 0.0025 1 1 2.5 0.005 348 5 1 1 
0.37375 0 0 0.0025 1 1 2.5 0.005 349 5 1 1 
0.37625 0 0 0.0025 1 1 2.5 0.005 350 5 1 1 
0.37875 0 0 0.0025 1 1 2.5 0.005 351 5 1 1 
0.38125 0 0 0.0025 1 1 2.5 0.005 352 5 1 1 
0.38375 0 0 0.0025 1 1 2.5 0.005 353 5 1 1 
0.38625 0 0 0.0025 1 1 2.5 0.005 354 5 1 1 
0.38875 0 0 0.0025 1 1 2.5 0.005 355 5 1 1 
0.39125 0 0 0.0025 1 1 2.5 0.005 356 5 1 1 
0.39375 0 0 0.0025 1 1 2.5 0.005 357 5 1 1 
0.39625 0 0 0.0025 1 1 2.5 0.005 358 5 1 1 
0.39875 0 0 0.0025 1 1 2.5 0.005 359 5 1 1 
0.40125 0 0 0.0025 1 1 2.5 0.005 360 5 1 1 
0.40375 0 0 0.0025 1 1 2.5 0.005 361 5 1 1 
0.40625 0 0 0.0025 1 1 2.5 0.005 362 5 1 1 
0.40875 0 0 0.0025 1 1 2.5 0.005 363 5 1 1 
0.41125 0 0 0.0025 1 1 2.5 0.005 364 5 1 1 
0.41375 0 0 0.0025 1 1 2.5 0.005 365 5 1 1 
0.41625 0 0 0.0025 1 1 2.5 0.005 366 5 1 1 
0.41875 0 0 0.0025 1 1 2.5 0.005 367 5 1 1 
0.42125 6.54784e-48 2.24208e-44 0.0025 1 1 2.5 0.005 368 5 1 1 
0.42375 3.32015e-17 1.13687e-13 0.0025 1 1 2.5 0.005 369 5 1 1 
0.42625 1.39434e-15 3.86535e-12 0.0025 1 1 2.5 0.005 370 5 1 1 
0.42875 -1.46751e-14 -6.82121e-11 0.0025 1 1 2.5 0.005 371 4 1 1 
0.43125 -4.18895e-13 -6.69274e-10 0.0025 1 1 2.5 0.005 372 4 1 1 
0.43375 -1.94989e-12 -1.00749e-09 0.0025 1 1 2.5 0.005 373 3 1 1 
0.43625 3.42945e-12 1.79289e-08 0.0025 1 1 2.5 0.005 374 5 1 1 
0.43875 4.96578e-12 -1.04757e-07 0.0025 1 1 2.5 0.005 375 4 1 1 
0.44125 -9.9083e-10 -1.93198e-06 0.0025 1 1 2.5 0.005 376 4 1 1 
0.44375 -8.35806e-09 -9.67493e-06 0.0025 1 1 2.5 0.005 377 4 1 1 
0.44625 -3.11856e-08 -1.32883e-05 0.0025 1 1 2.5 0.005 378 3 1 1 
0.44875 -9.96099e-09 0.000119956 0.0025 1 1 2.5 0.005 379 5 1 1 
0.45125 5.44863e-08 -0.000584359 0.0025 1 1 2.5 0.005 380 4 1 1 
0.45375 -6.72534e-06 -0.0131198 0.0025 1.00001 1.00001 2.50001 0.00499996 381 4 1 1 
0.45625 -6.77961e-05 -0.0886226 0.0025 1.00006 1.00008 2.50006 0.0049997 382 4 1 1 
0.45875 -0.00039749 -0.401453 0.0025 1.00032 1.00043 2.50031 0.00499838 383 4 1 0.999996 
0.461248 -0.00170899 -1.38132 0.0025 1.00134 1.00182 2.5013 0.0049933 384 4 1 0.999966 
0.463743 -0.00576122 -3.6879 0.0025 1.0044 1.00606 2.50432 0.00497808 385 4 1 0.999821 
0.466226 -0.0154367 -7.47463 0.0025 1.01159 1.01613 2.51149 0.00494269 386 4 1 0.99948 
0.468686 -0.0326955 -10.9064 0.0025 1.02446 1.0344 2.52441 0.0048806 387 4 1 0.999251 
0.471107 -0.0545329 -10.7385 0.0025 1.04106 1.05828 2.5411 0.00480278 388 4 1 1.00005 
0.473489 -0.0694516 -1.17875 0.0025 1.04902 1.07047 2.5496 0.00476636 389 3 1 1 
0.475874 -0.0377921 38.5042 0.0025 1.01579 1.02379 2.51764 0.00492227 390 4 1 1.00006 
0.478416 0.0739318 57.3092 0.0025 0.93622 0.912446 2.43632 0.00534062 391 4 1 0.988131 
0.481231 0.192955 44.6655 0.0025 0.847168 0.792742 2.34028 0.00590202 392 4 1 0.979475 
0.484339 0.30859 41.941 0.0025 0.764635 0.686938 2.24646 0.00653907 393 4 1 0.979598 
0.487796 0.433699 37.8811 0.0025 0.687169 0.591523 2.15258 0.00727623 394 4 1 0.977653 
0.491645 0.544243 24.0807 0.0025 0.624449 0.517313 2.0718 0.00800706 395 4 1 0.979549 
0.495823 0.602253 3.80419 0.0025 0.589381 0.477421 2.02547 0.00848348 396 4 1 0.990272 
0.500132 0.612248 8.22769 0.0025 0.569221 0.454937 1.99785 0.00878394 397 4 1 0.997105 
0.504611 0.682092 19.1107 0.0025 0.529045 0.40933 1.93452 0.00945099 398 4 1 0.99341 
0.509615 0.690564 -14.3418 0.0025 0.491194 0.42116 2.14375 0.0101793 399 4 1 0.984423 
0.514798 0.637868 10.2764 0.0025 0.4611 0.391309 2.12135 0.0108436 400 4 1 0.994555 
0.520485 0.638929 -0.0497262 0.0025 0.413209 0.387845 2.34614 0.0121004 401 4 1 0.979795 
0.526965 0.461563 42.3857 0.0025 0.345384 0.292821 2.11919 0.0144766 402 4 1 0.970559 
0.535257 0.14774 42.1215 0.0025 0.281245 0.213914 1.90194 0.0177781 403 4 1 0.936655 
0.544969 0.00586086 9.25721 0.0025 0.253613 0.1832 1.80627 0.0197151 404 4 1 0.974935 
0.554995 -0.00336172 -1.02813 0.0025 0.249608 0.179099 1.79385 0.0200314 405 5 1 0.999152 
0.565 3.2357e-05 -0.0855738 0.0025 0.249933 0.179434 1.79481 0.0200053 406 4 1 1 
0.575 3.73338e-05 0.0091671 0.0025 0.250006 0.179506 1.79502 0.0199995 407 3 1 1 
0.585 4.78516e-06 0.00209319 0.0025 0.250001 0.179501 1.795 0.0199999 408 4 1 1 
0.595 3.71404e-07 0.000209839 0.0025 0.25 0.1795 1.795 0.02 409 4 1 1 
0.605 1.84464e-08 1.34618e-05 0.0025 0.25 0.1795 1.795 0.02 410 4 1 1 
0.615 3.92145e-10 4.85047e-07 0.0025 0.25 0.1795 1.795 0.02 411 4 1 1 
0.625 -1.6079e-11 -4.46211e-09 0.0025 0.25 0.1795 1.795 0.02 412 4 1 1 
0.635 6.77105e-15 -4.67182e-10 0.0025 0.25 0.1795 1.795 0.02 413 5 1 1 
0.645 6.33367e-14 3.05533e-11 0.0025 0.25 0.1795 1.795 0.02 414 3 1 1 
0.655 2.83721e-15 2.24532e-12 0.0025 0.25 0.1795 1.795 0.02 415 5 1 1 
0.665 1.618e-16 1.56319e-13 0.0025 0.25 0.1795 1.795 0.02 416 5 1 1 
0.675 3.76348e-47 3.36312e-44 0.0025 0.25 0.1795 1.795 0.02 417 5 1 1 
0.685 8.1848e-49 2.8026e-45 0.0025 0.25 0.1795 1.795 0.02 418 5 1 1 
0.695 0 0 0.0025 0.25 0.1795 1.795 0.02 419 5 1 1 
0.705 0 0 0.0025 0.25 0.1795 1.795 0.02 420 5 1 1 
0.715 0 0 0.0025 0.25 0.1795 1.795 0.02 421 5 1 1 
0.725 0 0 0.0025 0.25 0.1795 1.795 0.02 422 5 1 1 
0.735 0 0 0.0025 0.25 0.1795 1.795 0.02 423 5 1 1 
0.745 0 0 0.0025 0.25 0.1795 1.795 0.02 424 5 1 1 
0.755 0 0 0.0025 0.25 0.1795 1.795 0.02 425 5 1 1 
0.765 0 0 0.0025 0.25 0.1795 1.795 0.02 426 5 1 1 
0.775 0 0 0.0025 0.25 0.1795 1.795 0.02 427 5 1 1 
0.785 0 0 0.0025 0.25 0.1795 1.795 0.02 428 5 1 1 
0.795 0 0 0.0025 0.25 0.1795 1.795 0.02 429 5 1 1 
0.805 0 0 0.0025 0.25 0.1795 1.795 0.02 430 5 1 1 
0.815 0 0 0.0025 0.25 0.1795 1.795 0.02 431 5 1 1 
0.825 0 0 0.0025 0.25 0.1795 1.795 0.02 432 5 1 1 
0.835 0 0 0.0025 0.25 0.1795 1.795 0.02 433 5 1 1 
0.845 0 0 0.0025 0.25 0.1795 1.795 0.02 434 5 1 1 
0.855 0 0 0.0025 0.25 0.1795 1.795 0.02 435 5 1 1 
0.865 0 0 0.0025 0.25 0.1795 1.795 0.02 436 5 1 1 
0.875 0 0 0.0025 0.25 0.1795 1.795 0.02 437 5 1 1 
0.885 0 0 0.0025 0.25 0.1795 1.795 0.02 438 5 1 1 
0.895 0 0 0.0025 0.25 0.1795 1.795 0.02 439 5 1 1 
0.905 0 0 0.0025 0.25 0.1795 1.795 0.02 440 5 1 1 
0.915 0 0 0.0025 0.25 0.1795 1.795 0.02 441 5 1 1 
0.925 0 0 0.0025 0.25 0.1795 1.795 0.02 442 5 1 1 
0.935 0 0 0.0025 0.25 0.1795 1.795 0.02 443 5 1 1 
0.945 0 0 0.0025 0.25 0.1795 1.795 0.02 444 5 1 1 
0.955 -2.53194e-47 -8.40779e-45 0.0025 0.25 0.1795 1.795 0.02 445 5 1 1 
0.965 -8.71157e-17 -4.26326e-14 0.0025 0.25 0.1795 1.795 0.02 446 5 1 1 
0.975 -8.64768e-16 -1.56319e-13 0.0025 0.25 0.1795 1.795 0.02 447 5 1 1 
0.985 -2.58622e-15 -2.13163e-13 0.0025 0.25 0.1795 1.795 0.02 448 5 1 1 
0.995 -1.57183e-14 -4.83169e-13 0.0025 0.25 0.1795 1.795 0.02 449 3 1 1 
1.005 1.57183e-14 4.83169e-13 0.0025 0.25 0.1795 1.795 0.02 450 3 1 1 
1.015 2.58622e-15 2.13163e-13 0.0025 0.25 0.1795 1.795 0.02 451 5 1 1 
1.025 8.64768e-16 1.56319e-13 0.0025 0.25 0.1795 1.795 0.02 452 5 1 1 
1.035 8.71157e-17 4.26326e-14 0.0025 0.25 0.1795 1.795 0.02 453 5 1 1 
1.045 2.53194e-47 8.40779e-45 0.0025 0.25 0.1795 1.795 0.02 454 5 1 1 
1.055 0 0 0.0025 0.25 0.1795 1.795 0.02 455 5 1 1 
1.065 0 0 0.0025 0.25 0.1795 1.795 0.02 456 5 1 1 
1.075 0 0 0.0025 0.25 0.1795 1.795 0.02 457 5 1 1 
1.085 0 0 0.0025 0.25 0.1795 1.795 0.02 458 5 1 1 
1.095 0 0 0.0025 0.25 0.1795 1.795 0.02 459 5 1 1 
1.105 0 0 0.0025 0.25 0.1795 1.795 0.02 460 5 1 1 
1.115 0 0 0.0025 0.25 0.1795 1.795 0.02 461 5 1 1 
1.125 0 0 0.0025 0.25 0.1795 1.795 0.02 462 5 1 1 
1.135 0 0 0.0025 0.25 0.1795 1.795 0.02 463 5 1 1 
1.145 0 0 0.0025 0.25 0.1795 1.795 0.02 464 5 1 1 
1.155 0 0 0.0025 0.25 0.1795 1.795 0.02 465 5 1 1 
1.165 0 0 0.0025 0.25 0.1795 1.795 0.02 466 5 1 1 
1.175 0 0 0.0025 0.25 0.1795 1.795 0.02 467 5 1 1 
1.185 0 0 0.0025 0.25 0.1795 1.795 0.02 468 5 1 1 
1.195 0 0 0.0025 0.25 0.1795 1.795 0.02 469 5 1 1 
1.205 0 0 0.0025 0.25 0.1795 1.795 0.02 470 5 1 1 
1.215 0 0 0.0025 0.25 0.1795 1.795 0.02 471 5 1 1 
1.225 0 0 0.0025 0.25 0.1795 1.795 0.02 472 5 1 1 
1.235 0 0 0.0025 0.25 0.1795 1.795 0.02 473 5 1 1 
1.245 0 0 0.0025 0.25 0.1795 1.795 0.02 474 5 1 1 
1.255 0 0 0.0025 0.25 0.1795 1.795 0.02 475 5 1 1 
1.265 0 0 0.0025 0.25 0.1795 1.795 0.02 476 5 1 1 
1.275 0 0 0.0025 0.25 0.1795 1.795 0.02 477 5 1 1 
1.285 0 0 0.0025 0.25 0.1795 1.795 0.02 478 5 1 1 
1.295 0 0 0.0025 0.25 0.1795 1.795 0.02 479 5 1 1 
1.305 0 0 0.0025 0.25 0.1795 1.795 0.02 480 5 1 1 
1.315 -8.1848e-49 -2.8026e-45 0.0025 0.25 0.1795 1.795 0.02 481 5 1 1 
1.325 -3.92754e-47 -3.36312e-44 0.0025 0.25 0.1795 1.795 0.02 482 5 1 1 
1.335 -1.78415e-16 -1.56319e-13 0.0025 0.25 0.1795 1.795 0.02 483 5 1 1 
1.345 -2.75377e-15 -2.21689e-12 0.0025 0.25 0.1795 1.795 0.02 484 5 1 1 
1.355 -6.14035e-14 -3.09655e-11 0.0025 0.25 0.1795 1.795 0.02 485 3 1 1 
1.365 -2.0999e-14 4.65391e-10 0.0025 0.25 0.1795 1.795 0.02 486 5 1 1 
1.375 1.60817e-11 4.46607e-09 0.0025 0.25 0.1795 1.795 0.02 487 4 1 1 
1.385 -3.92094e-10 -4.85049e-07 0.0025 0.25 0.1795 1.795 0.02 488 4 1 1 
1.395 -1.84465e-08 -1.34618e-05 0.0025 0.25 0.1795 1.795 0.02 489 4 1 1 
1.405 -3.71404e-07 -0.000209839 0.0025 0.25 0.1795 1.795 0.02 490 4 1 1 
1.415 -4.78516e-06 -0.00209319 0.0025 0.250001 0.179501 1.795 0.0199999 491 4 1 1 
1.425 -3.73338e-05 -0.0091671 0.0025 0.250006 0.179506 1.79502 0.0199995 492 3 1 1 
1.435 -3.2357e-05 0.0855738 0.0025 0.249933 0.179434 1.79481 0.0200053 493 4 1 1 
1.44501 0.00336172 1.02813 0.0025 0.249608 0.179099 1.79385 0.0200314 494 5 1 0.999152 
1.45503 -0.00586086 -9.25721 0.0025 0.253613 0.1832 1.80627 0.0197151 495 4 1 0.974935 
1.46474 -0.14774 -42.1215 0.0025 0.281245 0.213914 1.90194 0.0177781 496 4 1 0.936655 
1.47303 -0.461563 -42.3857 0.0025 0.345384 0.292821 2.11919 0.0144766 497 4 1 0.970559 
1.47951 -0.638929 0.0497262 0.0025 0.413209 0.387845 2.34614 0.0121004 498 4 1 0.979795 
1.4852 -0.637868 -10.2764 0.0025 0.4611 0.391309 2.12135 0.0108436 499 4 1 0.994555 
