# Time [s]: 0.0241531
# Columns: pos [m], vel [m/s], acc [m/s^2], mass [kg], dens [kg/m^3], pres [Pa], ene [J/kg], sml [m], id, neighbor, alpha, gradh, ...additional?
1.48606 -0.669983 -2.68333 0.0025 0.501534 0.433797 2.16225 0.00996941 0 4 1 0.996703 
1.49091 -0.67874 4.67114 0.0025 0.523186 0.403114 1.92629 0.00955683 1 4 1 0.998084 
1.49562 -0.69898 -2.75577 0.0025 0.537518 0.4197 1.95235 0.00930201 2 4 1 0.995111 
-0.499785 -0.643333 -14.9578 0.0025 0.559337 0.443832 1.98373 0.00893916 3 4 1 0.997605 
-0.495432 -0.607264 -3.8486 0.0025 0.580725 0.467559 2.01278 0.00860992 4 4 1 0.996815 
-0.491174 -0.583293 -9.89637 0.0025 0.599679 0.488861 2.03838 0.00833779 5 4 1 0.990993 
-0.487089 -0.521404 -21.6513 0.0025 0.634857 0.529427 2.08528 0.00787579 6 4 1 0.985312 
-0.483284 -0.431017 -29.9529 0.0025 0.687186 0.591531 2.15239 0.00727605 7 4 1 0.983829 
-0.479794 -0.331093 -33.8789 0.0025 0.749432 0.667944 2.22838 0.00667172 8 4 1 0.985774 
-0.476596 -0.236135 -32.5561 0.0025 0.813865 0.749683 2.30302 0.00614353 9 4 1 0.988005 
-0.473639 -0.15369 -32.2023 0.0025 0.876756 0.831744 2.37235 0.00570284 10 4 1 0.986913 
-0.470883 -0.0666416 -44.455 0.0025 0.944917 0.923991 2.44483 0.00529147 11 4 1 0.990163 
-0.468337 0.0275232 -37.2474 0.0025 1.01224 1.01842 2.51369 0.00493955 12 4 1 0.999361 
-0.465939 0.0649648 -2.65919 0.0025 1.04642 1.0667 2.54694 0.00477818 13 3 1 1.00005 
-0.463559 0.0566872 7.60138 0.0025 1.0437 1.06205 2.54366 0.00479065 14 4 1 1.00013 
-0.461148 0.0391419 9.17835 0.0025 1.02987 1.04214 2.52982 0.00485498 15 4 1 0.999514 
-0.458704 0.0224832 7.74176 0.0025 1.01699 1.0238 2.51692 0.00491645 16 4 1 0.999509 
-0.456232 0.0107716 4.90917 0.0025 1.00814 1.01132 2.50807 0.00495961 17 4 1 0.999745 
-0.453744 0.00434336 2.46436 0.0025 1.00331 1.00456 2.50325 0.00498351 18 4 1 0.999919 
-0.451248 0.0014863 1.01438 0.0025 1.00115 1.00157 2.50112 0.00499427 19 4 1 0.999983 
-0.44875 0.000430724 0.348926 0.0025 1.00034 1.00046 2.50033 0.00499831 20 4 1 0.999998 
-0.44625 0.000103577 0.100013 0.0025 1.00008 1.00011 2.50008 0.00499958 21 4 1 1 
-0.44375 1.9672e-05 0.0231809 0.0025 1.00002 1.00002 2.50002 0.00499992 22 4 1 1 
-0.44125 2.61973e-06 0.00402961 0.0025 1 1 2.5 0.00499999 23 4 1 1 
-0.43875 1.54362e-07 0.000419646 0.0025 1 1 2.5 0.005 24 4 1 1 
-0.43625 -8.87816e-09 -1.75817e-05 0.0025 1 1 2.5 0.005 25 4 1 1 
-0.43375 3.82202e-09 -1.74819e-06 0.0025 1 1 2.5 0.005 26 4 1 1 
-0.43125 2.04223e-09 1.40979e-06 0.0025 1 1 2.5 0.005 27 4 1 1 
-0.42875 4.53761e-10 5.64705e-07 0.0025 1 1 2.5 0.005 28 4 1 1 
-0.42625 4.78993e-11 9.76324e-08 0.0025 1 1 2.5 0.005 29 4 1 1 
-0.42375 -7.85511e-13 3.89434e-09 0.0025 1 1 2.5 0.005 30 4 1 1 
-0.42125 -3.54879e-14 -8.75389e-10 0.0025 1 1 2.5 0.005 31 5 1 1 
-0.41875 1.49817e-13 8.90168e-11 0.0025 1 1 2.5 0.005 32 3 1 1 
-0.41625 3.17549e-14 4.92264e-11 0.0025 1 1 2.5 0.005 33 4 1 1 
-0.41375 -6.54851e-17 3.18323e-12 0.0025 1 1 2.5 0.005 34 5 1 1 
-0.41125 -3.48249e-32 -3.9443e-29 0.0025 1 1 2.5 0.005 35 5 1 1 
-0.40875 0 0 0.0025 1 1 2.5 0.005 36 5 1 1 
-0.40625 0 0 0.0025 1 1 2.5 0.005 37 5 1 1 
-0.40375 0 0 0.0025 1 1 2.5 0.005 38 5 1 1 
-0.40125 0 0 0.0025 1 1 2.5 0.005 39 5 1 1 
-0.39875 0 0 0.0025 1 1 2.5 0.005 40 5 1 1 
-0.39625 0 0 0.0025 1 1 2.5 0.005 41 5 1 1 
-0.39375 0 0 0.0025 1 1 2.5 0.005 42 5 1 1 
-0.39125 0 0 0.0025 1 1 2.5 0.005 43 5 1 1 
-0.38875 0 0 0.0025 1 1 2.5 0.005 44 5 1 1 
-0.38625 0 0 0.0025 1 1 2.5 0.005 45 5 1 1 
-0.38375 0 0 0.0025 1 1 2.5 0.005 46 5 1 1 
-0.38125 0 0 0.0025 1 1 2.5 0.005 47 5 1 1 
-0.37875 0 0 0.0025 1 1 2.5 0.005 48 5 1 1 
-0.37625 0 0 0.0025 1 1 2.5 0.005 49 5 1 1 
-0.37375 0 0 0.0025 1 1 2.5 0.005 50 5 1 1 
-0.37125 0 0 0.0025 1 1 2.5 0.005 51 5 1 1 
-0.36875 0 0 0.0025 1 1 2.5 0.005 52 5 1 1 
-0.36625 0 0 0.0025 1 1 2.5 0.005 53 5 1 1 
-0.36375 0 0 0.0025 1 1 2.5 0.005 54 5 1 1 
-0.36125 0 0 0.0025 1 1 2.5 0.005 55 5 1 1 
-0.35875 0 0 0.0025 1 1 2.5 0.005 56 5 1 1 
-0.35625 0 0 0.0025 1 1 2.5 0.005 57 5 1 1 
-0.35375 0 0 0.0025 1 1 2.5 0.005 58 5 1 1 
-0.35125 0 0 0.0025 1 1 2.5 0.005 59 5 1 1 
-0.34875 0 0 0.0025 1 1 2.5 0.005 60 5 1 1 
-0.34625 0 0 0.0025 1 1 2.5 0.005 61 5 1 1 
-0.34375 0 0 0.0025 1 1 2.5 0.005 62 5 1 1 
-0.34125 0 0 0.0025 1 1 2.5 0.005 63 5 1 1 
-0.33875 0 0 0.0025 1 1 2.5 0.005 64 5 1 1 
-0.33625 0 0 0.0025 1 1 2.5 0.005 65 5 1 1 
-0.33375 0 0 0.0025 1 1 2.5 0.005 66 5 1 1 
-0.33125 0 0 0.0025 1 1 2.5 0.005 67 5 1 1 
-0.32875 0 0 0.0025 1 1 2.5 0.005 68 5 1 1 
-0.32625 0 0 0.0025 1 1 2.5 0.005 69 5 1 1 
-0.32375 0 0 0.0025 1 1 2.5 0.005 70 5 1 1 
-0.32125 0 0 0.0025 1 1 2.5 0.005 71 5 1 1 
-0.31875 0 0 0.0025 1 1 2.5 0.005 72 5 1 1 
-0.31625 0 0 0.0025 1 1 2.5 0.005 73 5 1 1 
-0.31375 0 0 0.0025 1 1 2.5 0.005 74 5 1 1 
-0.31125 0 0 0.0025 1 1 2.5 0.005 75 5 1 1 
-0.30875 0 0 0.0025 1 1 2.5 0.005 76 5 1 1 
-0.30625 0 0 0.0025 1 1 2.5 0.005 77 5 1 1 
-0.30375 0 0 0.0025 1 1 2.5 0.005 78 5 1 1 
-0.30125 0 0 0.0025 1 1 2.5 0.005 79 5 1 1 
-0.29875 0 0 0.0025 1 1 2.5 0.005 80 5 1 1 
-0.29625 0 0 0.0025 1 1 2.5 0.005 81 5 1 1 
-0.29375 0 0 0.0025 1 1 2.5 0.005 82 5 1 1 
-0.29125 0 0 0.0025 1 1 2.5 0.005 83 5 1 1 
-0.28875 0 0 0.0025 1 1 2.5 0.005 84 5 1 1 
-0.28625 0 0 0.0025 1 1 2.5 0.005 85 5 1 1 
-0.28375 0 0 0.0025 1 1 2.5 0.005 86 5 1 1 
-0.28125 0 0 0.0025 1 1 2.5 0.005 87 5 1 1 
-0.27875 0 0 0.0025 1 1 2.5 0.005 88 5 1 1 
-0.27625 0 0 0.0025 1 1 2.5 0.005 89 5 1 1 
-0.27375 0 0 0.0025 1 1 2.5 0.005 90 5 1 1 
-0.27125 0 0 0.0025 1 1 2.5 0.005 91 5 1 1 
-0.26875 0 0 0.0025 1 1 2.5 0.005 92 5 1 1 
-0.26625 0 0 0.0025 1 1 2.5 0.005 93 5 1 1 
-0.26375 0 0 0.0025 1 1 2.5 0.005 94 5 1 1 
-0.26125 0 0 0.0025 1 1 2.5 0.005 95 5 1 1 
-0.25875 0 0 0.0025 1 1 2.5 0.005 96 5 1 1 
-0.25625 0 0 0.0025 1 1 2.5 0.005 97 5 1 1 
-0.25375 0 0 0.0025 1 1 2.5 0.005 98 5 1 1 
-0.25125 0 0 0.0025 1 1 2.5 0.005 99 5 1 1 
-0.24875 0 0 0.0025 1 1 2.5 0.005 100 5 1 1 
-0.24625 0 0 0.0025 1 1 2.5 0.005 101 5 1 1 
-0.24375 0 0 0.0025 1 1 2.5 0.005 102 5 1 1 
-0.24125 0 0 0.0025 1 1 2.5 0.005 103 5 1 1 
-0.23875 0 0 0.0025 1 1 2.5 0.005 104 5 1 1 
-0.23625 0 0 0.0025 1 1 2.5 0.005 105 5 1 1 
-0.23375 0 0 0.0025 1 1 2.5 0.005 106 5 1 1 
-0.23125 0 0 0.0025 1 1 2.5 0.005 107 5 1 1 
-0.22875 0 0 0.0025 1 1 2.5 0.005 108 5 1 1 
-0.22625 0 0 0.0025 1 1 2.5 0.005 109 5 1 1 
-0.22375 0 0 0.0025 1 1 2.5 0.005 110 5 1 1 
-0.22125 0 0 0.0025 1 1 2.5 0.005 111 5 1 1 
-0.21875 0 0 0.0025 1 1 2.5 0.005 112 5 1 1 
-0.21625 0 0 0.0025 1 1 2.5 0.005 113 5 1 1 
-0.21375 0 0 0.0025 1 1 2.5 0.005 114 5 1 1 
-0.21125 0 0 0.0025 1 1 2.5 0.005 115 5 1 1 
-0.20875 0 0 0.0025 1 1 2.5 0.005 116 5 1 1 
-0.20625 0 0 0.0025 1 1 2.5 0.005 117 5 1 1 
-0.20375 0 0 0.0025 1 1 2.5 0.005 118 5 1 1 
-0.20125 0 0 0.0025 1 1 2.5 0.005 119 5 1 1 
-0.19875 0 0 0.0025 1 1 2.5 0.005 120 5 1 1 
-0.19625 0 0 0.0025 1 1 2.5 0.005 121 5 1 1 
-0.19375 0 0 0.0025 1 1 2.5 0.005 122 5 1 1 
-0.19125 0 0 0.0025 1 1 2.5 0.005 123 5 1 1 
-0.18875 0 0 0.0025 1 1 2.5 0.005 124 5 1 1 
-0.18625 0 0 0.0025 1 1 2.5 0.005 125 5 1 1 
-0.18375 0 0 0.0025 1 1 2.5 0.005 126 5 1 1 
-0.18125 0 0 0.0025 1 1 2.5 0.005 127 5 1 1 
-0.17875 0 0 0.0025 1 1 2.5 0.005 128 5 1 1 
-0.17625 0 0 0.0025 1 1 2.5 0.005 129 5 1 1 
-0.17375 0 0 0.0025 1 1 2.5 0.005 130 5 1 1 
-0.17125 0 0 0.0025 1 1 2.5 0.005 131 5 1 1 
-0.16875 0 0 0.0025 1 1 2.5 0.005 132 5 1 1 
-0.16625 0 0 0.0025 1 1 2.5 0.005 133 5 1 1 
-0.16375 0 0 0.0025 1 1 2.5 0.005 134 5 1 1 
-0.16125 0 0 0.0025 1 1 2.5 0.005 135 5 1 1 
-0.15875 0 0 0.0025 1 1 2.5 0.005 136 5 1 1 
-0.15625 0 0 0.0025 1 1 2.5 0.005 137 5 1 1 
-0.15375 0 0 0.0025 1 1 2.5 0.005 138 5 1 1 
-0.15125 0 0 0.0025 1 1 2.5 0.005 139 5 1 1 
-0.14875 0 0 0.0025 1 1 2.5 0.005 140 5 1 1 
-0.14625 0 0 0.0025 1 1 2.5 0.005 141 5 1 1 
-0.14375 0 0 0.0025 1 1 2.5 0.005 142 5 1 1 
-0.14125 0 0 0.0025 1 1 2.5 0.005 143 5 1 1 
-0.13875 0 0 0.0025 1 1 2.5 0.005 144 5 1 1 
-0.13625 0 0 0.0025 1 1 2.5 0.005 145 5 1 1 
-0.13375 0 0 0.0025 1 1 2.5 0.005 146 5 1 1 
-0.13125 0 0 0.0025 1 1 2.5 0.005 147 5 1 1 
-0.12875 0 0 0.0025 1 1 2.5 0.005 148 5 1 1 
-0.12625 0 0 0.0025 1 1 2.5 0.005 149 5 1 1 
-0.12375 0 0 0.0025 1 1 2.5 0.005 150 5 1 1 
-0.12125 0 0 0.0025 1 1 2.5 0.005 151 5 1 1 
-0.11875 0 0 0.0025 1 1 2.5 0.005 152 5 1 1 
-0.11625 0 0 0.0025 1 1 2.5 0.005 153 5 1 1 
-0.11375 0 0 0.0025 1 1 2.5 0.005 154 5 1 1 
-0.11125 0 0 0.0025 1 1 2.5 0.005 155 5 1 1 
-0.10875 0 0 0.0025 1 1 2.5 0.005 156 5 1 1 
-0.10625 0 0 0.0025 1 1 2.5 0.005 157 5 1 1 
-0.10375 0 0 0.0025 1 1 2.5 0.005 158 5 1 1 
-0.10125 0 0 0.0025 1 1 2.5 0.005 159 5 1 1 
-0.09875 0 0 0.0025 1 1 2.5 0.005 160 5 1 1 
-0.09625 0 0 0.0025 1 1 2.5 0.005 161 5 1 1 
-0.09375 0 0 0.0025 1 1 2.5 0.005 162 5 1 1 
-0.09125 0 0 0.0025 1 1 2.5 0.005 163 5 1 1 
-0.08875 0 0 0.0025 1 1 2.5 0.005 164 5 1 1 
-0.08625 0 0 0.0025 1 1 2.5 0.005 165 5 1 1 
-0.08375 0 0 0.0025 1 1 2.5 0.005 166 5 1 1 
-0.08125 0 0 0.0025 1 1 2.5 0.005 167 5 1 1 
-0.07875 0 0 0.0025 1 1 2.5 0.005 168 5 1 1 
-0.07625 0 0 0.0025 1 1 2.5 0.005 169 5 1 1 
-0.07375 0 0 0.0025 1 1 2.5 0.005 170 5 1 1 
-0.07125 0 0 0.0025 1 1 2.5 0.005 171 5 1 1 
-0.06875 0 0 0.0025 1 1 2.5 0.005 172 5 1 1 
-0.06625 0 0 0.0025 1 1 2.5 0.005 173 5 1 1 
-0.06375 0 0 0.0025 1 1 2.5 0.005 174 5 1 1 
-0.06125 0 0 0.0025 1 1 2.5 0.005 175 5 1 1 
-0.05875 0 0 0.0025 1 1 2.5 0.005 176 5 1 1 
-0.05625 0 0 0.0025 1 1 2.5 0.005 177 5 1 1 
-0.05375 0 0 0.0025 1 1 2.5 0.005 178 5 1 1 
-0.05125 0 0 0.0025 1 1 2.5 0.005 179 5 1 1 
-0.04875 -4.92939e-47 -1.12104e-44 0.0025 1 1 2.5 0.005 180 5 1 1 
-0.04625 -1.16446e-16 -5.68434e-14 0.0025 1 1 2.5 0.005 181 5 1 1 
-0.04375 -2.99135e-16 -2.24208e-44 0.0025 1 1 2.5 0.005 182 5 1 1 
-0.04125 -6.63374e-16 -1.12104e-44 0.0025 1 1 2.5 0.005 183 5 1 1 
-0.03875 -1.10742e-15 -5.68434e-14 0.0025 1 1 2.5 0.005 184 5 1 1 
-0.03625 -1.5732e-15 -5.68434e-14 0.0025 1 1 2.5 0.005 185 5 1 1 
-0.03375 -3.57927e-15 -5.68434e-14 0.0025 1 1 2.5 0.005 186 4 1 1 
-0.03125 4.32797e-16 6.31089e-28 0.0025 1 1 2.5 0.005 187 3 1 1 
-0.02875 2.74639e-16 -5.68434e-14 0.0025 1 1 2.5 0.005 188 3 1 1 
-0.02625 9.76189e-17 0 0.0025 1 1 2.5 0.005 189 3 1 1 
-0.02375 -6.5233e-17 0 0.0025 1 1 2.5 0.005 190 3 1 1 
-0.02125 -2.41501e-16 -5.68434e-14 0.0025 1 1 2.5 0.005 191 3 1 1 
-0.01875 -4.8559e-16 5.68434e-14 0.0025 1 1 2.5 0.005 192 3 1 1 
-0.01625 2.66233e-15 5.68434e-14 0.0025 1 1 2.5 0.005 193 4 1 1 
-0.01375 1.3858e-15 8.87469e-29 0.0025 1 1 2.5 0.005 194 4 1 1 
-0.01125 7.95112e-16 1.13687e-13 0.0025 1 1 2.5 0.005 195 4 1 1 
-0.00875 -1.90772e-16 -1.77494e-28 0.0025 1 1 2.5 0.005 196 4 1 1 
-0.00625 1.18113e-16 -4.93038e-29 0.0025 1 1 2.5 0.005 197 3 1 1 
-0.00375 4.00726e-16 1.13687e-13 0.0025 1 1 2.5 0.005 198 4 1 1 
-0.00125 1.50084e-16 -5.68434e-14 0.0025 1 1 2.5 0.005 199 5 1 1 
0.00125 -4.53373e-17 5.68434e-14 0.0025 1 1 2.5 0.005 200 5 1 1 
0.00375 1.30309e-16 -5.68434e-14 0.0025 1 1 2.5 0.005 201 5 1 1 
0.00625 -1.59701e-16 5.68434e-14 0.0025 1 1 2.5 0.005 202 5 1 1 
0.00875 -4.03344e-16 -1.13687e-13 0.0025 1 1 2.5 0.005 203 3 1 1 
0.01125 -8.28241e-16 -1.13687e-13 0.0025 1 1 2.5 0.005 204 3 1 1 
0.01375 -1.35271e-15 -8.87469e-29 0.0025 1 1 2.5 0.005 205 4 1 1 
0.01625 -2.69515e-15 -5.68434e-14 0.0025 1 1 2.5 0.005 206 4 1 1 
0.01875 4.52232e-16 5.68434e-14 0.0025 1 1 2.5 0.005 207 3 1 1 
0.02125 1.43381e-16 -5.68434e-14 0.0025 1 1 2.5 0.005 208 3 1 1 
0.02375 1.72991e-17 5.68434e-14 0.0025 1 1 2.5 0.005 209 3 1 1 
0.02625 -4.17638e-17 5.68434e-14 0.0025 1 1 2.5 0.005 210 3 1 1 
0.02875 -3.82906e-16 5.68434e-14 0.0025 1 1 2.5 0.005 211 3 1 1 
0.03125 3.31167e-15 -5.68434e-14 0.0025 1 1 2.5 0.005 212 4 1 1 
0.03375 1.60612e-15 5.68434e-14 0.0025 1 1 2.5 0.005 213 5 1 1 
0.03625 1.14077e-15 -5.68434e-14 0.0025 1 1 2.5 0.005 214 5 1 1 
0.03875 6.30083e-16 1.13687e-13 0.0025 1 1 2.5 0.005 215 5 1 1 
0.04125 3.32114e-16 2.24208e-44 0.0025 1 1 2.5 0.005 216 5 1 1 
0.04375 1.49897e-16 5.68434e-14 0.0025 1 1 2.5 0.005 217 5 1 1 
0.04625 5.58678e-47 1.12104e-44 0.0025 1 1 2.5 0.005 218 5 1 1 
0.04875 0 0 0.0025 1 1 2.5 0.005 219 5 1 1 
0.05125 0 0 0.0025 1 1 2.5 0.005 220 5 1 1 
0.05375 0 0 0.0025 1 1 2.5 0.005 221 5 1 1 
0.05625 0 0 0.0025 1 1 2.5 0.005 222 5 1 1 
0.05875 0 0 0.0025 1 1 2.5 0.005 223 5 1 1 
0.06125 0 0 0.0025 1 1 2.5 0.005 224 5 1 1 
0.06375 0 0 0.0025 1 1 2.5 0.005 225 5 1 1 
0.06625 0 0 0.0025 1 1 2.5 0.005 226 5 1 1 
0.06875 0 0 0.0025 1 1 2.5 0.005 227 5 1 1 
0.07125 0 0 0.0025 1 1 2.5 0.005 228 5 1 1 
0.07375 0 0 0.0025 1 1 2.5 0.005 229 5 1 1 
0.07625 0 0 0.0025 1 1 2.5 0.005 230 5 1 1 
0.07875 0 0 0.0025 1 1 2.5 0.005 231 5 1 1 
0.08125 0 0 0.0025 1 1 2.5 0.005 232 5 1 1 
0.08375 0 0 0.0025 1 1 2.5 0.005 233 5 1 1 
0.08625 0 0 0.0025 1 1 2.5 0.005 234 5 1 1 
0.08875 0 0 0.0025 1 1 2.5 0.005 235 5 1 1 
0.09125 0 0 0.0025 1 1 2.5 0.005 236 5 1 1 
0.09375 0 0 0.0025 1 1 2.5 0.005 237 5 1 1 
0.09625 0 0 0.0025 1 1 2.5 0.005 238 5 1 1 
0.09875 -9.89783e-48 -1.12104e-44 0.0025 1 1 2.5 0.005 239 5 1 1 
0.10125 -3.3442e-17 -3.36312e-44 0.0025 1 1 2.5 0.005 240 5 1 1 
0.10375 -2.16753e-16 -5.68434e-14 0.0025 1 1 2.5 0.005 241 5 1 1 
0.10625 -6.66062e-16 -1.13687e-13 0.0025 1 1 2.5 0.005 242 5 1 1 
0.10875 -1.24592e-15 -5.68434e-14 0.0025 1 1 2.5 0.005 243 5 1 1 
0.11125 -2.22327e-15 -2.27374e-13 0.0025 1 1 2.5 0.005 244 5 1 1 
0.11375 -3.94143e-15 -1.13687e-13 0.0025 1 1 2.5 0.005 245 5 1 1 
0.11625 -7.22535e-16 7.95808e-13 0.0025 1 1 2.5 0.005 246 5 1 1 
0.11875 -3.15345e-15 7.38964e-13 0.0025 1 1 2.5 0.005 247 5 1 1 
0.12125 6.01607e-15 -7.38964e-13 0.0025 1 1 2.5 0.005 248 5 1 1 
0.12375 -2.84363e-16 -4.54747e-13 0.0025 1 1 2.5 0.005 249 4 1 1 
0.12625 2.84363e-16 4.54747e-13 0.0025 1 1 2.5 0.005 250 4 1 1 
0.12875 -6.01607e-15 7.38964e-13 0.0025 1 1 2.5 0.005 251 5 1 1 
0.13125 3.15345e-15 -7.38964e-13 0.0025 1 1 2.5 0.005 252 5 1 1 
0.13375 7.22535e-16 -7.95808e-13 0.0025 1 1 2.5 0.005 253 5 1 1 
0.13625 3.94143e-15 1.13687e-13 0.0025 1 1 2.5 0.005 254 5 1 1 
0.13875 2.22327e-15 2.27374e-13 0.0025 1 1 2.5 0.005 255 5 1 1 
0.14125 1.24592e-15 5.68434e-14 0.0025 1 1 2.5 0.005 256 5 1 1 
0.14375 6.66062e-16 1.13687e-13 0.0025 1 1 2.5 0.005 257 5 1 1 
0.14625 2.16753e-16 5.68434e-14 0.0025 1 1 2.5 0.005 258 5 1 1 
0.14875 3.3442e-17 3.36312e-44 0.0025 1 1 2.5 0.005 259 5 1 1 
0.15125 9.89783e-48 1.12104e-44 0.0025 1 1 2.5 0.005 260 5 1 1 
0.15375 0 0 0.0025 1 1 2.5 0.005 261 5 1 1 
0.15625 0 0 0.0025 1 1 2.5 0.005 262 5 1 1 
0.15875 0 0 0.0025 1 1 2.5 0.005 263 5 1 1 
0.16125 0 0 0.0025 1 1 2.5 0.005 264 5 1 1 
0.16375 0 0 0.0025 1 1 2.5 0.005 265 5 1 1 
0.16625 0 0 0.0025 1 1 2.5 0.005 266 5 1 1 
0.16875 0 0 0.0025 1 1 2.5 0.005 267 5 1 1 
0.17125 0 0 0.0025 1 1 2.5 0.005 268 5 1 1 
0.17375 0 0 0.0025 1 1 2.5 0.005 269 5 1 1 
0.17625 0 0 0.0025 1 1 2.5 0.005 270 5 1 1 
0.17875 0 0 0.0025 1 1 2.5 0.005 271 5 1 1 
0.18125 0 0 0.0025 1 1 2.5 0.005 272 5 1 1 
0.18375 0 0 0.0025 1 1 2.5 0.005 273 5 1 1 
0.18625 0 0 0.0025 1 1 2.5 0.005 274 5 1 1 
0.18875 0 0 0.0025 1 1 2.5 0.005 275 5 1 1 
0.19125 0 0 0.0025 1 1 2.5 0.005 276 5 1 1 
0.19375 0 0 0.0025 1 1 2.5 0.005 277 5 1 1 
0.19625 0 0 0.0025 1 1 2.5 0.005 278 5 1 1 
0.19875 0 0 0.0025 1 1 2.5 0.005 279 5 1 1 
0.20125 0 0 0.0025 1 1 2.5 0.005 280 5 1 1 
0.20375 0 0 0.0025 1 1 2.5 0.005 281 5 1 1 
0.20625 0 0 0.0025 1 1 2.5 0.005 282 5 1 1 
0.20875 0 0 0.0025 1 1 2.5 0.005 283 5 1 1 
0.21125 0 0 0.0025 1 1 2.5 0.005 284 5 1 1 
0.21375 0 0 0.0025 1 1 2.5 0.005 285 5 1 1 
0.21625 0 0 0.0025 1 1 2.5 0.005 286 5 1 1 
0.21875 0 0 0.0025 1 1 2.5 0.005 287 5 1 1 
0.22125 -3.62203e-47 -3.36312e-44 0.0025 1 1 2.5 0.005 288 5 1 1 
0.22375 -1.16865e-16 -5.68434e-14 0.0025 1 1 2.5 0.005 289 5 1 1 
0.22625 -6.0023e-16 -2.27374e-13 0.0025 1 1 2.5 0.005 290 5 1 1 
0.22875 -1.54953e-15 -3.97904e-13 0.0025 1 1 2.5 0.005 291 5 1 1 
0.23125 -3.32876e-15 -4.54747e-13 0.0025 1 1 2.5 0.005 292 5 1 1 
0.23375 -5.61788e-15 -3.41061e-13 0.0025 1 1 2.5 0.005 293 5 1 1 
0.23625 -6.56389e-15 -8.96831e-44 0.0025 1 1 2.5 0.005 294 5 1 1 
0.23875 -8.54916e-15 -2.84217e-13 0.0025 1 1 2.5 0.005 295 5 1 1 
0.24125 6.67938e-16 1.7053e-12 0.0025 1 1 2.5 0.005 296 5 1 1 
0.24375 -4.85958e-15 1.64846e-12 0.0025 1 1 2.5 0.005 297 5 1 1 
0.24625 1.19441e-14 -1.47793e-12 0.0025 1 1 2.5 0.005 298 5 1 1 
0.24875 -1.00899e-16 -7.95808e-13 0.0025 1 1 2.5 0.005 299 3 1 1 
0.25125 1.00899e-16 7.95808e-13 0.0025 1 1 2.5 0.005 300 3 1 1 
0.25375 -1.19441e-14 1.47793e-12 0.0025 1 1 2.5 0.005 301 5 1 1 
0.25625 4.85958e-15 -1.64846e-12 0.0025 1 1 2.5 0.005 302 5 1 1 
0.25875 -6.67938e-16 -1.7053e-12 0.0025 1 1 2.5 0.005 303 5 1 1 
0.26125 8.54916e-15 2.84217e-13 0.0025 1 1 2.5 0.005 304 5 1 1 
0.26375 6.56389e-15 8.96831e-44 0.0025 1 1 2.5 0.005 305 5 1 1 
0.26625 5.61788e-15 3.41061e-13 0.0025 1 1 2.5 0.005 306 5 1 1 
0.26875 3.32876e-15 4.54747e-13 0.0025 1 1 2.5 0.005 307 5 1 1 
0.27125 1.54953e-15 3.97904e-13 0.0025 1 1 2.5 0.005 308 5 1 1 
0.27375 6.0023e-16 2.27374e-13 0.0025 1 1 2.5 0.005 309 5 1 1 
0.27625 1.16865e-16 5.68434e-14 0.0025 1 1 2.5 0.005 310 5 1 1 
0.27875 3.62203e-47 3.36312e-44 0.0025 1 1 2.5 0.005 311 5 1 1 
0.28125 0 0 0.0025 1 1 2.5 0.005 312 5 1 1 
0.28375 0 0 0.0025 1 1 2.5 0.005 313 5 1 1 
0.28625 0 0 0.0025 1 1 2.5 0.005 314 5 1 1 
0.28875 0 0 0.0025 1 1 2.5 0.005 315 5 1 1 
0.29125 0 0 0.0025 1 1 2.5 0.005 316 5 1 1 
0.29375 0 0 0.0025 1 1 2.5 0.005 317 5 1 1 
0.29625 0 0 0.0025 1 1 2.5 0.005 318 5 1 1 
0.29875 0 0 0.0025 1 1 2.5 0.005 319 5 1 1 
0.30125 0 0 0.0025 1 1 2.5 0.005 320 5 1 1 
0.30375 0 0 0.0025 1 1 2.5 0.005 321 5 1 1 
0.30625 0 0 0.0025 1 1 2.5 0.005 322 5 1 1 
0.30875 0 0 0.0025 1 1 2.5 0.005 323 5 1 1 
0.31125 0 0 0.0025 1 1 2.5 0.005 324 5 1 1 
0.31375 0 0 0.0025 1 1 2.5 0.005 325 5 1 1 
0.31625 0 0 0.0025 1 1 2.5 0.005 326 5 1 1 
0.31875 0 0 0.0025 1 1 2.5 0.005 327 5 1 1 
0.32125 0 0 0.0025 1 1 2.5 0.005 328 5 1 1 
0.32375 0 0 0.0025 1 1 2.5 0.005 329 5 1 1 
0.32625 0 0 0.0025 1 1 2.5 0.005 330 5 1 1 
0.32875 0 0 0.0025 1 1 2.5 0.005 331 5 1 1 
0.33125 0 0 0.0025 1 1 2.5 0.005 332 5 1 1 
0.33375 0 0 0.0025 1 1 2.5 0.005 333 5 1 1 
0.33625 0 0 0.0025 1 1 2.5 0.005 334 5 1 1 
0.33875 0 0 0.0025 1 1 2.5 0.005 335 5 1 1 
0.34125 0 0 0.0025 1 1 2.5 0.005 336 5 1 1 
0.34375 0 0 0.0025 1 1 2.5 0.005 337 5 1 1 
0.34625 0 0 0.0025 1 1 2.5 0.005 338 5 1 1 
0.34875 0 0 0.0025 1 1 2.5 0.005 339 5 1 1 
0.35125 0 0 0.0025 1 1 2.5 0.005 340 5 1 1 
0.35375 0 0 0.0025 1 1 2.5 0.005 341 5 1 1 
0.35625 0 0 0.0025 1 1 2.5 0.005 342 5 1 1 
0.35875 0 0 0.0025 1 1 2.5 0.005 343 5 1 1 
0.36125 0 0 0.0025 1 1 2.5 0.005 344 5 1 1 
0.36375 0 0 0.0025 1 1 2.5 0.005 345 5 1 1 
0.36625 0 0 0.0025 1 1 2.5 0.005 346 5 1 1 
0.36875 0 0 0.0025 1 1 2.5 0.005 347 5 1 1 
0.37125 0 0 0.0025 1 1 2.5 0.005 348 5 1 1 
0.37375 0 0 0.0025 1 1 2.5 0.005 349 5 1 1 
0.37625 0 0 0.0025 1 1 2.5 0.005 350 5 1 1 
0.37875 0 0 0.0025 1 1 2.5 0.005 351 5 1 1 
0.38125 0 0 0.0025 1 1 2.5 0.005 352 5 1 1 
0.38375 0 0 0.0025 1 1 2.5 0.005 353 5 1 1 
0.38625 0 0 0.0025 1 1 2.5 0.005 354 5 1 1 
0.38875 0 0 0.0025 1 1 2.5 0.005 355 5 1 1 
0.39125 0 0 0.0025 1 1 2.5 0.005 356 5 1 1 
0.39375 0 0 0.0025 1 1 2.5 0.005 357 5 1 1 
0.39625 0 0 0.0025 1 1 2.5 0.005 358 5 1 1 
0.39875 0 0 0.0025 1 1 2.5 0.005 359 5 1 1 
0.40125 0 0 0.0025 1 1 2.5 0.005 360 5 1 1 
0.40375 0 0 0.0025 1 1 2.5 0.005 361 5 1 1 
0.40625 0 0 0.0025 1 1 2.5 0.005 362 5 1 1 
0.40875 0 0 0.0025 1 1 2.5 0.005 363 5 1 1 
0.41125 3.48249e-32 3.9443e-29 0.0025 1 1 2.5 0.005 364 5 1 1 
0.41375 6.54851e-17 -3.18323e-12 0.0025 1 1 2.5 0.005 365 5 1 1 
0.41625 -3.17549e-14 -4.92264e-11 0.0025 1 1 2.5 0.005 366 4 1 1 
0.41875 -1.49817e-13 -8.90168e-11 0.0025 1 1 2.5 0.005 367 3 1 1 
0.42125 3.54879e-14 8.75389e-10 0.0025 1 1 2.5 0.005 368 5 1 1 
0.42375 7.85511e-13 -3.89434e-09 0.0025 1 1 2.5 0.005 369 4 1 1 
0.42625 -4.78993e-11 -9.76324e-08 0.0025 1 1 2.5 0.005 370 4 1 1 
0.42875 -4.53761e-10 -5.64705e-07 0.0025 1 1 2.5 0.005 371 4 1 1 
0.43125 -2.04223e-09 -1.40979e-06 0.0025 1 1 2.5 0.005 372 4 1 1 
0.43375 -3.82202e-09 1.74819e-06 0.0025 1 1 2.5 0.005 373 4 1 1 
0.43625 8.87816e-09 1.75817e-05 0.0025 1 1 2.5 0.005 374 4 1 1 
0.43875 -1.54362e-07 -0.000419646 0.0025 1 1 2.5 0.005 375 4 1 1 
0.44125 -2.61973e-06 -0.00402961 0.0025 1 1 2.5 0.00499999 376 4 1 1 
0.44375 -1.9672e-05 -0.0231809 0.0025 1.00002 1.00002 2.50002 0.00499992 377 4 1 1 
0.44625 -0.000103577 -0.100013 0.0025 1.00008 1.00011 2.50008 0.00499958 378 4 1 1 
0.44875 -0.000430724 -0.348926 0.0025 1.00034 1.00046 2.50033 0.00499831 379 4 1 0.999998 
0.451248 -0.0014863 -1.01438 0.0025 1.00115 1.00157 2.50112 0.00499427 380 4 1 0.999983 
0.453744 -0.00434336 -2.46436 0.0025 1.00331 1.00456 2.50325 0.00498351 381 4 1 0.999919 
0.456232 -0.0107716 -4.90917 0.0025 1.00814 1.01132 2.50807 0.00495961 382 4 1 0.999745 
0.458704 -0.0224832 -7.74176 0.0025 1.01699 1.0238 2.51692 0.00491645 383 4 1 0.999509 
0.461148 -0.0391419 -9.17835 0.0025 1.02987 1.04214 2.52982 0.00485498 384 4 1 0.999514 
0.463559 -0.0566872 -7.60138 0.0025 1.0437 1.06205 2.54366 0.00479065 385 4 1 1.00013 
0.465939 -0.0649648 2.65919 0.0025 1.04642 1.0667 2.54694 0.00477818 386 3 1 1.00005 
0.468337 -0.0275232 37.2474 0.0025 1.01224 1.01842 2.51369 0.00493955 387 4 1 0.999361 
0.470883 0.0666416 44.455 0.0025 0.944917 0.923991 2.44483 0.00529147 388 4 1 0.990163 
0.473639 0.15369 32.2023 0.0025 0.876756 0.831744 2.37235 0.00570284 389 4 1 0.986913 
0.476596 0.236135 32.5561 0.0025 0.813865 0.749683 2.30302 0.00614353 390 4 1 0.988005 
0.479794 0.331093 33.8789 0.0025 0.749432 0.667944 2.22838 0.00667172 391 4 1 0.985774 
0.483284 0.431017 29.9529 0.0025 0.687186 0.591531 2.15239 0.00727605 392 4 1 0.983829 
0.487089 0.521404 21.6513 0.0025 0.634857 0.529427 2.08528 0.00787579 393 4 1 0.985312 
0.491174 0.583293 9.89637 0.0025 0.599679 0.488861 2.03838 0.00833779 394 4 1 0.990993 
0.495432 0.607264 3.8486 0.0025 0.580725 0.467559 2.01278 0.00860992 395 4 1 0.996815 
0.499785 0.643333 14.9578 0.0025 0.559337 0.443832 1.98373 0.00893916 396 4 1 0.997605 
0.504378 0.69898 2.75577 0.0025 0.537518 0.4197 1.95235 0.00930201 397 4 1 0.995111 
0.50909 0.67874 -4.67114 0.0025 0.523186 0.403114 1.92629 0.00955683 398 4 1 0.998084 
0.513936 0.669983 2.68333 0.0025 0.501534 0.433797 2.16225 0.00996941 399 4 1 0.996703 
0.519068 0.674627 0.0362321 0.0025 0.469973 0.401918 2.13798 0.0106389 400 4 1 0.991052 
0.524593 0.641796 3.97362 0.0025 0.436598 0.41973 2.40329 0.0114522 401 4 1 0.9877 
0.53054 0.608889 7.81092 0.0025 0.399415 0.363253 2.27325 0.0125183 402 4 1 0.985709 
0.537156 0.436276 38.1682 0.0025 0.341797 0.286374 2.09441 0.0146286 403 4 1 0.976186 
0.545397 0.158954 37.4911 0.0025 0.283376 0.215869 1.90482 0.0176444 404 4 1 0.944191 
0.554995 0.0159005 10.436 0.0025 0.255495 0.185136 1.81187 0.0195698 405 4 1 0.974615 
0.564993 -0.00291877 -0.25146 0.0025 0.249935 0.179427 1.79479 0.0200052 406 4 1 0.998376 
0.575 -0.000125782 -0.162974 0.0025 0.24991 0.17941 1.79474 0.0200072 407 5 1 1 
0.585 3.75317e-05 0.00764562 0.0025 0.250004 0.179504 1.79501 0.0199997 408 3 1 1 
0.595 6.69458e-06 0.00234355 0.0025 0.250002 0.179502 1.795 0.0199999 409 4 1 1 
0.605 7.19224e-07 0.000320354 0.0025 0.25 0.1795 1.795 0.02 410 4 1 1 
0.615 5.48208e-08 3.00766e-05 0.0025 0.25 0.1795 1.795 0.02 411 4 1 1 
0.625 2.8317e-09 1.97092e-06 0.0025 0.25 0.1795 1.795 0.02 412 4 1 1 
0.635 6.64793e-11 7.66794e-08 0.0025 0.25 0.1795 1.795 0.02 413 4 1 1 
0.645 -2.42986e-12 -4.56112e-10 0.0025 0.25 0.1795 1.795 0.02 414 4 1 1 
0.655 1.90708e-14 -7.53744e-11 0.0025 0.25 0.1795 1.795 0.02 415 5 1 1 
0.665 9.97481e-15 4.00746e-12 0.0025 0.25 0.1795 1.795 0.02 416 4 1 1 
0.675 9.51287e-16 5.40012e-13 0.0025 0.25 0.1795 1.795 0.02 417 5 1 1 
0.685 3.7598e-17 4.26326e-14 0.0025 0.25 0.1795 1.795 0.02 418 5 1 1 
0.695 1.15295e-47 1.12104e-44 0.0025 0.25 0.1795 1.795 0.02 419 5 1 1 
0.705 0 0 0.0025 0.25 0.1795 1.795 0.02 420 5 1 1 
0.715 0 0 0.0025 0.25 0.1795 1.795 0.02 421 5 1 1 
0.725 0 0 0.0025 0.25 0.1795 1.795 0.02 422 5 1 1 
0.735 0 0 0.0025 0.25 0.1795 1.795 0.02 423 5 1 1 
0.745 0 0 0.0025 0.25 0.1795 1.795 0.02 424 5 1 1 
0.755 0 0 0.0025 0.25 0.1795 1.795 0.02 425 5 1 1 
0.765 0 0 0.0025 0.25 0.1795 1.795 0.02 426 5 1 1 
0.775 0 0 0.0025 0.25 0.1795 1.795 0.02 427 5 1 1 
0.785 0 0 0.0025 0.25 0.1795 1.795 0.02 428 5 1 1 
0.795 0 0 0.0025 0.25 0.1795 1.795 0.02 429 5 1 1 
0.805 0 0 0.0025 0.25 0.1795 1.795 0.02 430 5 1 1 
0.815 0 0 0.0025 0.25 0.1795 1.795 0.02 431 5 1 1 
0.825 0 0 0.0025 0.25 0.1795 1.795 0.02 432 5 1 1 
0.835 0 0 0.0025 0.25 0.1795 1.795 0.02 433 5 1 1 
0.845 0 0 0.0025 0.25 0.1795 1.795 0.02 434 5 1 1 
0.855 0 0 0.0025 0.25 0.1795 1.795 0.02 435 5 1 1 
0.865 0 0 0.0025 0.25 0.1795 1.795 0.02 436 5 1 1 
0.875 0 0 0.0025 0.25 0.1795 1.795 0.02 437 5 1 1 
0.885 0 0 0.0025 0.25 0.1795 1.795 0.02 438 5 1 1 
0.895 0 0 0.0025 0.25 0.1795 1.795 0.02 439 5 1 1 
0.905 0 0 0.0025 0.25 0.1795 1.795 0.02 440 5 1 1 
0.915 0 0 0.0025 0.25 0.1795 1.795 0.02 441 5 1 1 
0.925 0 0 0.0025 0.25 0.1795 1.795 0.02 442 5 1 1 
0.935 0 0 0.0025 0.25 0.1795 1.795 0.02 443 5 1 1 
0.945 -1.72452e-47 -2.8026e-45 0.0025 0.25 0.1795 1.795 0.02 444 5 1 1 
0.955 -2.08645e-17 -1.42109e-14 0.0025 0.25 0.1795 1.795 0.02 445 5 1 1 
0.965 -4.37012e-16 -7.10543e-14 0.0025 0.25 0.1795 1.795 0.02 446 5 1 1 
0.975 -2.10592e-15 -2.13163e-13 0.0025 0.25 0.1795 1.795 0.02 447 5 1 1 
0.985 -3.8892e-15 -1.7053e-13 0.0025 0.25 0.1795 1.795 0.02 448 5 1 1 
0.995 -1.79159e-14 -2.27374e-13 0.0025 0.25 0.1795 1.795 0.02 449 3 1 1 
1.005 1.79159e-14 2.27374e-13 0.0025 0.25 0.1795 1.795 0.02 450 3 1 1 
1.015 3.8892e-15 1.7053e-13 0.0025 0.25 0.1795 1.795 0.02 451 5 1 1 
1.025 2.10592e-15 2.13163e-13 0.0025 0.25 0.1795 1.795 0.02 452 5 1 1 
1.035 4.37012e-16 7.10543e-14 0.0025 0.25 0.1795 1.795 0.02 453 5 1 1 
1.045 2.08645e-17 1.42109e-14 0.0025 0.25 0.1795 1.795 0.02 454 5 1 1 
1.055 1.72452e-47 2.8026e-45 0.0025 0.25 0.1795 1.795 0.02 455 5 1 1 
1.065 0 0 0.0025 0.25 0.1795 1.795 0.02 456 5 1 1 
1.075 0 0 0.0025 0.25 0.1795 1.795 0.02 457 5 1 1 
1.085 0 0 0.0025 0.25 0.1795 1.795 0.02 458 5 1 1 
1.095 0 0 0.0025 0.25 0.1795 1.795 0.02 459 5 1 1 
1.105 0 0 0.0025 0.25 0.1795 1.795 0.02 460 5 1 1 
1.115 0 0 0.0025 0.25 0.1795 1.795 0.02 461 5 1 1 
1.125 0 0 0.0025 0.25 0.1795 1.795 0.02 462 5 1 1 
1.135 0 0 0.0025 0.25 0.1795 1.795 0.02 463 5 1 1 
1.145 0 0 0.0025 0.25 0.1795 1.795 0.02 464 5 1 1 
1.155 0 0 0.0025 0.25 0.1795 1.795 0.02 465 5 1 1 
1.165 0 0 0.0025 0.25 0.1795 1.795 0.02 466 5 1 1 
1.175 0 0 0.0025 0.25 0.1795 1.795 0.02 467 5 1 1 
1.185 0 0 0.0025 0.25 0.1795 1.795 0.02 468 5 1 1 
1.195 0 0 0.0025 0.25 0.1795 1.795 0.02 469 5 1 1 
1.205 0 0 0.0025 0.25 0.1795 1.795 0.02 470 5 1 1 
1.215 0 0 0.0025 0.25 0.1795 1.795 0.02 471 5 1 1 
1.225 0 0 0.0025 0.25 0.1795 1.795 0.02 472 5 1 1 
1.235 0 0 0.0025 0.25 0.1795 1.795 0.02 473 5 1 1 
1.245 0 0 0.0025 0.25 0.1795 1.795 0.02 474 5 1 1 
1.255 0 0 0.0025 0.25 0.1795 1.795 0.02 475 5 1 1 
1.265 0 0 0.0025 0.25 0.1795 1.795 0.02 476 5 1 1 
1.275 0 0 0.0025 0.25 0.1795 1.795 0.02 477 5 1 1 
1.285 0 0 0.0025 0.25 0.1795 1.795 0.02 478 5 1 1 
1.295 0 0 0.0025 0.25 0.1795 1.795 0.02 479 5 1 1 
1.305 -1.31734e-47 -1.12104e-44 0.0025 0.25 0.1795 1.795 0.02 480 5 1 1 
1.315 -5.4284e-17 -4.26326e-14 0.0025 0.25 0.1795 1.795 0.02 481 5 1 1 
1.325 -1.00549e-15 -5.25802e-13 0.0025 0.25 0.1795 1.795 0.02 482 5 1 1 
1.335 -1.01615e-14 -3.59535e-12 0.0025 0.25 0.1795 1.795 0.02 483 4 1 1 
1.345 -3.07385e-15 7.78044e-11 0.0025 0.25 0.1795 1.795 0.02 484 5 1 1 
1.355 2.39825e-12 4.50996e-10 0.0025 0.25 0.1795 1.795 0.02 485 4 1 1 
1.365 -6.64738e-11 -7.6674e-08 0.0025 0.25 0.1795 1.795 0.02 486 4 1 1 
1.375 -2.83169e-09 -1.97093e-06 0.0025 0.25 0.1795 1.795 0.02 487 4 1 1 
1.385 -5.48207e-08 -3.00766e-05 0.0025 0.25 0.1795 1.795 0.02 488 4 1 1 
1.395 -7.19224e-07 -0.000320354 0.0025 0.25 0.1795 1.795 0.02 489 4 1 1 
1.405 -6.69458e-06 -0.00234355 0.0025 0.250002 0.179502 1.795 0.0199999 490 4 1 1 
1.415 -3.75317e-05 -0.00764562 0.0025 0.250004 0.179504 1.79501 0.0199997 491 3 1 1 
1.425 0.000125782 0.162974 0.0025 0.24991 0.17941 1.79474 0.0200072 492 5 1 1 
1.43501 0.00291877 0.25146 0.0025 0.249935 0.179427 1.79479 0.0200052 493 4 1 0.998376 
1.44501 -0.0159005 -10.436 0.0025 0.255495 0.185136 1.81187 0.0195698 494 4 1 0.974615 
1.4546 -0.158954 -37.4911 0.0025 0.283376 0.215869 1.90482 0.0176444 495 4 1 0.944191 
1.46284 -0.436276 -38.1682 0.0025 0.341797 0.286374 2.09441 0.0146286 496 4 1 0.976186 
1.46946 -0.608889 -7.81092 0.0025 0.399415 0.363253 2.27325 0.0125183 497 4 1 0.985709 
1.47541 -0.641796 -3.97362 0.0025 0.436598 0.41973 2.40329 0.0114522 498 4 1 0.9877 
1.48093 -0.674627 -0.0362321 0.0025 0.469973 0.401918 2.13798 0.0106389 499 4 1 0.991052 
