# Time [s]: 0.0982841
# Columns: pos [m], vel [m/s], acc [m/s^2], mass [kg], dens [kg/m^3], pres [Pa], ene [J/kg], sml [m], id, neighbor, alpha, gradh, ...additional?
-0.756462 -3.14777 -4.71628 0.0025 0.032243 0.00910838 0.706235 0.155072 0 5 1 1.04091 
-0.692566 -2.60776 -5.60174 0.0025 0.0560145 0.017658 0.788106 0.0892626 1 5 1 0.978059 
-0.655727 -2.29656 -6.11469 0.0025 0.083962 0.0312046 0.929137 0.0595508 2 4 1 0.948824 
-0.629977 -2.07944 -6.46639 0.0025 0.112509 0.0470101 1.0446 0.044441 3 4 1 0.952347 
-0.610142 -1.91249 -6.7354 0.0025 0.14027 0.0639946 1.14057 0.0356456 4 4 1 0.960857 
-0.593832 -1.77544 -6.95478 0.0025 0.166675 0.0814613 1.22186 0.0299984 5 4 1 0.968674 
-0.579882 -1.65839 -7.14099 0.0025 0.192039 0.0993201 1.29298 0.0260364 6 4 1 0.974735 
-0.567641 -1.55583 -7.30284 0.0025 0.216612 0.117548 1.35668 0.0230827 7 4 1 0.9793 
-0.5567 -1.46426 -7.45186 0.0025 0.24055 0.136118 1.41467 0.0207857 8 4 1 0.982792 
-0.546788 -1.38136 -7.57658 0.0025 0.263954 0.155004 1.46811 0.0189427 9 4 1 0.985489 
-0.53771 -1.3056 -7.69487 0.0025 0.286896 0.17418 1.51781 0.0174279 10 4 1 0.98756 
-0.529324 -1.23551 -7.83958 0.0025 0.309475 0.193661 1.56444 0.0161564 11 4 1 0.989251 
-0.521526 -1.17025 -7.9364 0.0025 0.331732 0.213429 1.60846 0.0150724 12 4 1 0.990617 
-0.514231 -1.10923 -8.04511 0.0025 0.353682 0.233451 1.65016 0.014137 13 4 1 0.991738 
-0.507373 -1.05186 -8.14494 0.0025 0.375368 0.253727 1.68987 0.0133202 14 4 1 0.992661 
-0.500897 -0.997547 -8.25068 0.0025 0.396823 0.274253 1.72782 0.0126001 15 4 1 0.993442 
-0.494761 -0.946146 -8.34041 0.0025 0.418066 0.295019 1.7642 0.0119598 16 4 1 0.994101 
-0.488928 -0.897121 -8.43699 0.0025 0.439114 0.316014 1.79918 0.0113866 17 4 1 0.994666 
-0.483367 -0.850365 -8.5246 0.0025 0.459986 0.337237 1.83288 0.0108699 18 4 1 0.99515 
-0.478052 -0.805626 -8.61927 0.0025 0.480698 0.358681 1.86543 0.0104015 19 4 1 0.995583 
-0.47296 -0.762695 -8.67751 0.0025 0.501242 0.380318 1.8969 0.00997523 20 4 1 0.995951 
-0.468072 -0.721474 -8.77525 0.0025 0.521632 0.402147 1.92737 0.00958531 21 4 1 0.996284 
-0.46337 -0.68183 -8.82703 0.0025 0.541875 0.42416 1.95693 0.00922723 22 4 1 0.996578 
-0.458841 -0.643612 -8.89735 0.0025 0.561958 0.446327 1.9856 0.00889745 23 4 1 0.996842 
-0.45447 -0.606746 -8.94782 0.0025 0.581893 0.468644 2.01347 0.00859265 24 4 1 0.997073 
-0.450245 -0.571141 -9.01555 0.0025 0.601684 0.491107 2.04057 0.00831001 25 4 1 0.997286 
-0.446157 -0.536744 -9.05289 0.0025 0.621331 0.5137 2.06695 0.00804724 26 4 1 0.997477 
-0.442196 -0.503378 -9.10007 0.0025 0.640826 0.536402 2.09264 0.00780243 27 4 1 0.997646 
-0.438353 -0.47109 -9.15291 0.0025 0.660189 0.559225 2.11769 0.00757359 28 4 1 0.997802 
-0.43462 -0.439771 -9.18413 0.0025 0.679414 0.582153 2.14213 0.00735928 29 4 1 0.997942 
-0.430992 -0.409348 -9.2345 0.0025 0.698507 0.605182 2.166 0.00715812 30 4 1 0.998072 
-0.427461 -0.379789 -9.25228 0.0025 0.717464 0.628296 2.18931 0.00696899 31 4 1 0.99819 
-0.424021 -0.35104 -9.28976 0.0025 0.736282 0.651484 2.21209 0.00679088 32 4 1 0.998293 
-0.420668 -0.323085 -9.34463 0.0025 0.754994 0.674779 2.2344 0.00662257 33 4 1 0.998395 
-0.417398 -0.295828 -9.34637 0.0025 0.773578 0.698143 2.25623 0.00646347 34 4 1 0.998488 
-0.414204 -0.269277 -9.37152 0.0025 0.792016 0.721548 2.27758 0.006313 35 4 1 0.998572 
-0.411084 -0.243415 -9.39462 0.0025 0.810329 0.745009 2.2985 0.00617034 36 4 1 0.998652 
-0.408033 -0.218205 -9.40009 0.0025 0.828505 0.768507 2.31897 0.00603496 37 4 1 0.998724 
-0.405048 -0.193604 -9.42724 0.0025 0.846553 0.792043 2.33904 0.0059063 38 4 1 0.998792 
-0.402126 -0.169613 -9.42933 0.0025 0.864469 0.815608 2.35871 0.0057839 39 4 1 0.998861 
-0.399263 -0.146157 -9.40861 0.0025 0.882215 0.839145 2.37796 0.00566755 40 4 1 0.998935 
-0.396458 -0.123432 -9.29338 0.0025 0.89972 0.862543 2.39671 0.00555729 41 4 1 0.998997 
-0.393705 -0.101515 -9.2501 0.0025 0.916996 0.885802 2.415 0.00545259 42 4 1 0.998996 
-0.391004 -0.0796025 -9.80624 0.0025 0.934474 0.909533 2.43331 0.0053506 43 4 1 0.999035 
-0.388354 -0.0570782 -9.89895 0.0025 0.952077 0.933692 2.45161 0.00525167 44 4 1 0.999362 
-0.385752 -0.0377673 -6.95495 0.0025 0.967344 0.95473 2.46724 0.00516879 45 4 1 0.999613 
-0.383185 -0.0255255 -4.8122 0.0025 0.97914 0.970817 2.47901 0.00510652 46 4 1 0.999212 
-0.380646 -0.00929789 -11.6026 0.0025 0.994345 0.99192 2.49434 0.00502844 47 4 1 0.998451 
-0.378156 0.0217639 -16.4686 0.0025 1.01728 1.02458 2.51758 0.00491505 48 4 1 0.999442 
-0.37573 0.0456214 -5.5339 0.0025 1.03544 1.05042 2.53552 0.00482886 49 4 1 1.00003 
-0.373327 0.048064 0.942836 0.0025 1.03967 1.05616 2.53943 0.00480923 50 3 1 1 
-0.370921 0.0441717 2.30909 0.0025 1.03642 1.05146 2.53619 0.00482428 51 4 1 0.999981 
-0.368503 0.0383799 3.04231 0.0025 1.03129 1.04414 2.53112 0.00484828 52 4 1 0.999933 
-0.366072 0.031642 3.38422 0.0025 1.0255 1.03592 2.52539 0.00487567 53 4 1 0.999909 
-0.363627 0.0247196 3.3584 0.0025 1.01971 1.02771 2.51964 0.00490335 54 4 1 0.999904 
-0.361169 0.0182926 3.01797 0.0025 1.01445 1.02028 2.51441 0.00492876 55 4 1 0.999918 
-0.358698 0.0128372 2.48597 0.0025 1.01007 1.0141 2.51003 0.00495016 56 4 1 0.999941 
-0.356219 0.0085634 1.89558 0.0025 1.00668 1.00934 2.50665 0.00496684 57 4 1 0.999963 
-0.353732 0.00544564 1.35033 0.0025 1.00422 1.0059 2.50421 0.00497897 58 4 1 0.99998 
-0.35124 0.00331042 0.905805 0.0025 1.00256 1.00357 2.50254 0.00498724 59 4 1 0.999991 
-0.348744 0.0019281 0.575789 0.0025 1.00149 1.00207 2.50148 0.00499258 60 4 1 0.999996 
-0.346247 0.00107766 0.34843 0.0025 1.00083 1.00115 2.50082 0.00499586 61 4 1 0.999999 
-0.343749 0.000578576 0.201339 0.0025 1.00044 1.00062 2.50044 0.00499778 62 4 1 0.999999 
-0.341249 0.000298522 0.111308 0.0025 1.00023 1.00032 2.50023 0.00499886 63 4 1 1 
-0.33875 0.000148038 0.0589363 0.0025 1.00011 1.00016 2.50011 0.00499943 64 4 1 1 
-0.33625 7.05468e-05 0.0299033 0.0025 1.00005 1.00007 2.50005 0.00499973 65 4 1 1 
-0.33375 3.22948e-05 0.0145411 0.0025 1.00002 1.00003 2.50002 0.00499988 66 4 1 1 
-0.33125 1.4194e-05 0.00677575 0.0025 1.00001 1.00001 2.50001 0.00499995 67 4 1 1 
-0.32875 5.98543e-06 0.00302445 0.0025 1 1.00001 2.5 0.00499998 68 4 1 1 
-0.32625 2.41948e-06 0.00129248 0.0025 1 1 2.5 0.00499999 69 4 1 1 
-0.32375 9.36529e-07 0.000528394 0.0025 1 1 2.5 0.005 70 4 1 1 
-0.32125 3.46674e-07 0.00020645 0.0025 1 1 2.5 0.005 71 4 1 1 
-0.31875 1.22522e-07 7.69903e-05 0.0025 1 1 2.5 0.005 72 4 1 1 
-0.31625 4.12593e-08 2.73595e-05 0.0025 1 1 2.5 0.005 73 4 1 1 
-0.31375 1.32049e-08 9.24542e-06 0.0025 1 1 2.5 0.005 74 4 1 1 
-0.31125 4.0035e-09 2.96294e-06 0.0025 1 1 2.5 0.005 75 4 1 1 
-0.30875 1.14496e-09 8.97351e-07 0.0025 1 1 2.5 0.005 76 4 1 1 
-0.30625 3.07105e-10 2.55651e-07 0.0025 1 1 2.5 0.005 77 4 1 1 
-0.30375 7.66556e-11 6.80618e-08 0.0025 1 1 2.5 0.005 78 4 1 1 
-0.30125 1.75906e-11 1.67975e-08 0.0025 1 1 2.5 0.005 79 4 1 1 
-0.29875 3.63608e-12 3.78526e-09 0.0025 1 1 2.5 0.005 80 4 1 1 
-0.29625 6.75122e-13 7.567e-10 0.0025 1 1 2.5 0.005 81 4 1 1 
-0.29375 9.45983e-14 1.27898e-10 0.0025 1 1 2.5 0.005 82 4 1 1 
-0.29125 7.2168e-15 2.28511e-11 0.0025 1 1 2.5 0.005 83 4 1 1 
-0.28875 -5.47237e-16 -1.81899e-12 0.0025 1 1 2.5 0.005 84 5 1 1 
-0.28625 -1.18667e-32 -3.9443e-29 0.0025 1 1 2.5 0.005 85 5 1 1 
-0.28375 0 0 0.0025 1 1 2.5 0.005 86 5 1 1 
-0.28125 0 0 0.0025 1 1 2.5 0.005 87 5 1 1 
-0.27875 0 0 0.0025 1 1 2.5 0.005 88 5 1 1 
-0.27625 0 0 0.0025 1 1 2.5 0.005 89 5 1 1 
-0.27375 0 0 0.0025 1 1 2.5 0.005 90 5 1 1 
-0.27125 0 0 0.0025 1 1 2.5 0.005 91 5 1 1 
-0.26875 0 0 0.0025 1 1 2.5 0.005 92 5 1 1 
-0.26625 0 0 0.0025 1 1 2.5 0.005 93 5 1 1 
-0.26375 0 0 0.0025 1 1 2.5 0.005 94 5 1 1 
-0.26125 0 0 0.0025 1 1 2.5 0.005 95 5 1 1 
-0.25875 0 0 0.0025 1 1 2.5 0.005 96 5 1 1 
-0.25625 0 0 0.0025 1 1 2.5 0.005 97 5 1 1 
-0.25375 0 0 0.0025 1 1 2.5 0.005 98 5 1 1 
-0.25125 0 0 0.0025 1 1 2.5 0.005 99 5 1 1 
-0.24875 0 0 0.0025 1 1 2.5 0.005 100 5 1 1 
-0.24625 0 0 0.0025 1 1 2.5 0.005 101 5 1 1 
-0.24375 0 0 0.0025 1 1 2.5 0.005 102 5 1 1 
-0.24125 0 0 0.0025 1 1 2.5 0.005 103 5 1 1 
-0.23875 0 0 0.0025 1 1 2.5 0.005 104 5 1 1 
-0.23625 0 0 0.0025 1 1 2.5 0.005 105 5 1 1 
-0.23375 0 0 0.0025 1 1 2.5 0.005 106 5 1 1 
-0.23125 0 0 0.0025 1 1 2.5 0.005 107 5 1 1 
-0.22875 0 0 0.0025 1 1 2.5 0.005 108 5 1 1 
-0.22625 0 0 0.0025 1 1 2.5 0.005 109 5 1 1 
-0.22375 0 0 0.0025 1 1 2.5 0.005 110 5 1 1 
-0.22125 0 0 0.0025 1 1 2.5 0.005 111 5 1 1 
-0.21875 0 0 0.0025 1 1 2.5 0.005 112 5 1 1 
-0.21625 0 0 0.0025 1 1 2.5 0.005 113 5 1 1 
-0.21375 0 0 0.0025 1 1 2.5 0.005 114 5 1 1 
-0.21125 0 0 0.0025 1 1 2.5 0.005 115 5 1 1 
-0.20875 0 0 0.0025 1 1 2.5 0.005 116 5 1 1 
-0.20625 0 0 0.0025 1 1 2.5 0.005 117 5 1 1 
-0.20375 0 0 0.0025 1 1 2.5 0.005 118 5 1 1 
-0.20125 0 0 0.0025 1 1 2.5 0.005 119 5 1 1 
-0.19875 0 0 0.0025 1 1 2.5 0.005 120 5 1 1 
-0.19625 0 0 0.0025 1 1 2.5 0.005 121 5 1 1 
-0.19375 0 0 0.0025 1 1 2.5 0.005 122 5 1 1 
-0.19125 0 0 0.0025 1 1 2.5 0.005 123 5 1 1 
-0.18875 0 0 0.0025 1 1 2.5 0.005 124 5 1 1 
-0.18625 0 0 0.0025 1 1 2.5 0.005 125 5 1 1 
-0.18375 0 0 0.0025 1 1 2.5 0.005 126 5 1 1 
-0.18125 0 0 0.0025 1 1 2.5 0.005 127 5 1 1 
-0.17875 0 0 0.0025 1 1 2.5 0.005 128 5 1 1 
-0.17625 0 0 0.0025 1 1 2.5 0.005 129 5 1 1 
-0.17375 0 0 0.0025 1 1 2.5 0.005 130 5 1 1 
-0.17125 0 0 0.0025 1 1 2.5 0.005 131 5 1 1 
-0.16875 0 0 0.0025 1 1 2.5 0.005 132 5 1 1 
-0.16625 0 0 0.0025 1 1 2.5 0.005 133 5 1 1 
-0.16375 0 0 0.0025 1 1 2.5 0.005 134 5 1 1 
-0.16125 0 0 0.0025 1 1 2.5 0.005 135 5 1 1 
-0.15875 0 0 0.0025 1 1 2.5 0.005 136 5 1 1 
-0.15625 0 0 0.0025 1 1 2.5 0.005 137 5 1 1 
-0.15375 0 0 0.0025 1 1 2.5 0.005 138 5 1 1 
-0.15125 0 0 0.0025 1 1 2.5 0.005 139 5 1 1 
-0.14875 0 0 0.0025 1 1 2.5 0.005 140 5 1 1 
-0.14625 0 0 0.0025 1 1 2.5 0.005 141 5 1 1 
-0.14375 0 0 0.0025 1 1 2.5 0.005 142 5 1 1 
-0.14125 0 0 0.0025 1 1 2.5 0.005 143 5 1 1 
-0.13875 0 0 0.0025 1 1 2.5 0.005 144 5 1 1 
-0.13625 0 0 0.0025 1 1 2.5 0.005 145 5 1 1 
-0.13375 0 0 0.0025 1 1 2.5 0.005 146 5 1 1 
-0.13125 0 0 0.0025 1 1 2.5 0.005 147 5 1 1 
-0.12875 0 0 0.0025 1 1 2.5 0.005 148 5 1 1 
-0.12625 0 0 0.0025 1 1 2.5 0.005 149 5 1 1 
-0.12375 0 0 0.0025 1 1 2.5 0.005 150 5 1 1 
-0.12125 0 0 0.0025 1 1 2.5 0.005 151 5 1 1 
-0.11875 0 0 0.0025 1 1 2.5 0.005 152 5 1 1 
-0.11625 0 0 0.0025 1 1 2.5 0.005 153 5 1 1 
-0.11375 0 0 0.0025 1 1 2.5 0.005 154 5 1 1 
-0.11125 0 0 0.0025 1 1 2.5 0.005 155 5 1 1 
-0.10875 0 0 0.0025 1 1 2.5 0.005 156 5 1 1 
-0.10625 0 0 0.0025 1 1 2.5 0.005 157 5 1 1 
-0.10375 0 0 0.0025 1 1 2.5 0.005 158 5 1 1 
-0.10125 0 0 0.0025 1 1 2.5 0.005 159 5 1 1 
-0.09875 0 0 0.0025 1 1 2.5 0.005 160 5 1 1 
-0.09625 0 0 0.0025 1 1 2.5 0.005 161 5 1 1 
-0.09375 0 0 0.0025 1 1 2.5 0.005 162 5 1 1 
-0.09125 0 0 0.0025 1 1 2.5 0.005 163 5 1 1 
-0.08875 0 0 0.0025 1 1 2.5 0.005 164 5 1 1 
-0.08625 0 0 0.0025 1 1 2.5 0.005 165 5 1 1 
-0.08375 0 0 0.0025 1 1 2.5 0.005 166 5 1 1 
-0.08125 0 0 0.0025 1 1 2.5 0.005 167 5 1 1 
-0.07875 0 0 0.0025 1 1 2.5 0.005 168 5 1 1 
-0.07625 0 0 0.0025 1 1 2.5 0.005 169 5 1 1 
-0.07375 0 0 0.0025 1 1 2.5 0.005 170 5 1 1 
-0.07125 0 0 0.0025 1 1 2.5 0.005 171 5 1 1 
-0.06875 0 0 0.0025 1 1 2.5 0.005 172 5 1 1 
-0.06625 0 0 0.0025 1 1 2.5 0.005 173 5 1 1 
-0.06375 -3.37271e-48 -1.12104e-44 0.0025 1 1 2.5 0.005 174 5 1 1 
-0.06125 -1.71017e-17 -5.68434e-14 0.0025 1 1 2.5 0.005 175 5 1 1 
-0.05875 -1.87658e-16 5.68434e-14 0.0025 1 1 2.5 0.005 176 5 1 1 
-0.05625 -3.57298e-16 -5.68434e-14 0.0025 1 1 2.5 0.005 177 5 1 1 
-0.05375 -5.25811e-16 5.68434e-14 0.0025 1 1 2.5 0.005 178 5 1 1 
-0.05125 -6.92682e-16 -5.68434e-14 0.0025 1 1 2.5 0.005 179 5 1 1 
-0.04875 -9.43383e-16 0 0.0025 1 1 2.5 0.005 180 5 1 1 
-0.04625 -1.17412e-15 -2.24208e-44 0.0025 1 1 2.5 0.005 181 5 1 1 
-0.04375 -1.50368e-15 -2.24208e-44 0.0025 1 1 2.5 0.005 182 5 1 1 
-0.04125 -1.95968e-15 0 0.0025 1 1 2.5 0.005 183 5 1 1 
-0.03875 -2.39163e-15 5.68434e-14 0.0025 1 1 2.5 0.005 184 5 1 1 
-0.03625 -2.61347e-15 -5.52203e-28 0.0025 1 1 2.5 0.005 185 5 1 1 
-0.03375 -4.22917e-15 -3.15544e-28 0.0025 1 1 2.5 0.005 186 4 1 1 
-0.03125 -5.22789e-16 -1.13687e-13 0.0025 1 1 2.5 0.005 187 3 1 1 
-0.02875 -9.14963e-16 1.13687e-13 0.0025 1 1 2.5 0.005 188 3 1 1 
-0.02625 -1.15558e-15 -5.68434e-14 0.0025 1 1 2.5 0.005 189 3 1 1 
-0.02375 1.46106e-15 -5.68434e-14 0.0025 1 1 2.5 0.005 190 4 1 1 
-0.02125 9.45544e-16 -1.13687e-13 0.0025 1 1 2.5 0.005 191 5 1 1 
-0.01875 -1.2247e-15 -1.13687e-13 0.0025 1 1 2.5 0.005 192 5 1 1 
-0.01625 -2.88667e-15 -3.97904e-13 0.0025 1 1 2.5 0.005 193 4 1 1 
-0.01375 1.4683e-16 6.25278e-13 0.0025 1 1 2.5 0.005 194 3 1 1 
-0.01125 8.3615e-16 5.68434e-14 0.0025 1 1 2.5 0.005 195 4 1 1 
-0.00875 -1.01886e-15 -1.7053e-13 0.0025 1 1 2.5 0.005 196 4 1 1 
-0.00625 7.92415e-16 2.84217e-13 0.0025 1 1 2.5 0.005 197 4 1 1 
-0.00375 4.27614e-16 -2.84217e-13 0.0025 1 1 2.5 0.005 198 5 1 1 
-0.00125 9.20756e-16 1.13687e-13 0.0025 1 1 2.5 0.005 199 3 1 1 
0.00125 6.32749e-16 -1.7053e-13 0.0025 1 1 2.5 0.005 200 4 1 1 
0.00375 4.18338e-16 5.11591e-13 0.0025 1 1 2.5 0.005 201 5 1 1 
0.00625 7.59079e-16 -2.27374e-13 0.0025 1 1 2.5 0.005 202 5 1 1 
0.00875 1.09397e-15 -1.13687e-13 0.0025 1 1 2.5 0.005 203 4 1 1 
0.01125 9.61926e-16 -1.13687e-13 0.0025 1 1 2.5 0.005 204 4 1 1 
0.01375 7.07835e-17 -1.7053e-13 0.0025 1 1 2.5 0.005 205 3 1 1 
0.01625 1.35909e-15 4.54747e-13 0.0025 1 1 2.5 0.005 206 3 1 1 
0.01875 4.32935e-16 -5.11591e-13 0.0025 1 1 2.5 0.005 207 4 1 1 
0.02125 1.75518e-15 3.41061e-13 0.0025 1 1 2.5 0.005 208 4 1 1 
0.02375 2.01591e-16 -5.38099e-43 0.0025 1 1 2.5 0.005 209 5 1 1 
0.02625 2.59739e-16 -1.77494e-27 0.0025 1 1 2.5 0.005 210 4 1 1 
0.02875 -1.60159e-15 -1.30162e-27 0.0025 1 1 2.5 0.005 211 3 1 1 
0.03125 4.08509e-15 1.73549e-27 0.0025 1 1 2.5 0.005 212 4 1 1 
0.03375 1.71091e-15 1.85382e-27 0.0025 1 1 2.5 0.005 213 5 1 1 
0.03625 1.42178e-15 1.13687e-13 0.0025 1 1 2.5 0.005 214 5 1 1 
0.03875 1.22684e-15 -5.68434e-14 0.0025 1 1 2.5 0.005 215 5 1 1 
0.04125 1.07648e-15 5.68434e-14 0.0025 1 1 2.5 0.005 216 5 1 1 
0.04375 9.00865e-16 0 0.0025 1 1 2.5 0.005 217 5 1 1 
0.04625 7.38239e-16 0 0.0025 1 1 2.5 0.005 218 5 1 1 
0.04875 5.73035e-16 0 0.0025 1 1 2.5 0.005 219 5 1 1 
0.05125 4.06037e-16 0 0.0025 1 1 2.5 0.005 220 5 1 1 
0.05375 2.3768e-16 0 0.0025 1 1 2.5 0.005 221 5 1 1 
0.05625 6.81437e-17 1.12104e-44 0.0025 1 1 2.5 0.005 222 5 1 1 
0.05875 1.98619e-46 1.12104e-44 0.0025 1 1 2.5 0.005 223 5 1 1 
0.06125 0 0 0.0025 1 1 2.5 0.005 224 5 1 1 
0.06375 0 0 0.0025 1 1 2.5 0.005 225 5 1 1 
0.06625 0 0 0.0025 1 1 2.5 0.005 226 5 1 1 
0.06875 0 0 0.0025 1 1 2.5 0.005 227 5 1 1 
0.07125 0 0 0.0025 1 1 2.5 0.005 228 5 1 1 
0.07375 0 0 0.0025 1 1 2.5 0.005 229 5 1 1 
0.07625 0 0 0.0025 1 1 2.5 0.005 230 5 1 1 
0.07875 0 0 0.0025 1 1 2.5 0.005 231 5 1 1 
0.08125 0 0 0.0025 1 1 2.5 0.005 232 5 1 1 
0.08375 0 0 0.0025 1 1 2.5 0.005 233 5 1 1 
0.08625 0 0 0.0025 1 1 2.5 0.005 234 5 1 1 
0.08875 0 0 0.0025 1 1 2.5 0.005 235 5 1 1 
0.09125 -5.78898e-46 -1.12104e-44 0.0025 1 1 2.5 0.005 236 5 1 1 
0.09375 -3.35691e-17 -1.12104e-44 0.0025 1 1 2.5 0.005 237 5 1 1 
0.09625 -2.00225e-16 1.12104e-44 0.0025 1 1 2.5 0.005 238 5 1 1 
0.09875 -3.32868e-16 1.12104e-44 0.0025 1 1 2.5 0.005 239 5 1 1 
0.10125 1.03204e-15 0 0.0025 1 1 2.5 0.005 240 5 1 1 
0.10375 8.53428e-16 5.68434e-14 0.0025 1 1 2.5 0.005 241 5 1 1 
0.10625 2.90122e-15 -5.68434e-14 0.0025 1 1 2.5 0.005 242 5 1 1 
0.10875 1.17771e-15 -2.27374e-13 0.0025 1 1 2.5 0.005 243 5 1 1 
0.11125 6.92519e-16 -1.90577e-43 0.0025 1 1 2.5 0.005 244 5 1 1 
0.11375 -1.78687e-15 3.47522e-43 0.0025 1 1 2.5 0.005 245 5 1 1 
0.11625 -1.14697e-15 4.54747e-13 0.0025 1 1 2.5 0.005 246 5 1 1 
0.11875 -4.03314e-15 3.41061e-13 0.0025 1 1 2.5 0.005 247 5 1 1 
0.12125 2.38933e-15 -5.68434e-14 0.0025 1 1 2.5 0.005 248 5 1 1 
0.12375 -5.33274e-16 -5.68434e-14 0.0025 1 1 2.5 0.005 249 4 1 1 
0.12625 5.33274e-16 5.68434e-14 0.0025 1 1 2.5 0.005 250 4 1 1 
0.12875 -2.38933e-15 5.68434e-14 0.0025 1 1 2.5 0.005 251 5 1 1 
0.13125 4.03314e-15 -3.41061e-13 0.0025 1 1 2.5 0.005 252 5 1 1 
0.13375 1.14697e-15 -4.54747e-13 0.0025 1 1 2.5 0.005 253 5 1 1 
0.13625 1.78687e-15 -3.47522e-43 0.0025 1 1 2.5 0.005 254 5 1 1 
0.13875 -6.92519e-16 1.90577e-43 0.0025 1 1 2.5 0.005 255 5 1 1 
0.14125 -1.17771e-15 2.27374e-13 0.0025 1 1 2.5 0.005 256 5 1 1 
0.14375 -2.90122e-15 5.68434e-14 0.0025 1 1 2.5 0.005 257 5 1 1 
0.14625 -8.53428e-16 -5.68434e-14 0.0025 1 1 2.5 0.005 258 5 1 1 
0.14875 -1.03204e-15 0 0.0025 1 1 2.5 0.005 259 5 1 1 
0.15125 3.32868e-16 -1.12104e-44 0.0025 1 1 2.5 0.005 260 5 1 1 
0.15375 2.00225e-16 -1.12104e-44 0.0025 1 1 2.5 0.005 261 5 1 1 
0.15625 3.35691e-17 1.12104e-44 0.0025 1 1 2.5 0.005 262 5 1 1 
0.15875 5.78898e-46 1.12104e-44 0.0025 1 1 2.5 0.005 263 5 1 1 
0.16125 0 0 0.0025 1 1 2.5 0.005 264 5 1 1 
0.16375 0 0 0.0025 1 1 2.5 0.005 265 5 1 1 
0.16625 0 0 0.0025 1 1 2.5 0.005 266 5 1 1 
0.16875 0 0 0.0025 1 1 2.5 0.005 267 5 1 1 
0.17125 0 0 0.0025 1 1 2.5 0.005 268 5 1 1 
0.17375 0 0 0.0025 1 1 2.5 0.005 269 5 1 1 
0.17625 0 0 0.0025 1 1 2.5 0.005 270 5 1 1 
0.17875 0 0 0.0025 1 1 2.5 0.005 271 5 1 1 
0.18125 0 0 0.0025 1 1 2.5 0.005 272 5 1 1 
0.18375 0 0 0.0025 1 1 2.5 0.005 273 5 1 1 
0.18625 0 0 0.0025 1 1 2.5 0.005 274 5 1 1 
0.18875 0 0 0.0025 1 1 2.5 0.005 275 5 1 1 
0.19125 0 0 0.0025 1 1 2.5 0.005 276 5 1 1 
0.19375 0 0 0.0025 1 1 2.5 0.005 277 5 1 1 
0.19625 0 0 0.0025 1 1 2.5 0.005 278 5 1 1 
0.19875 0 0 0.0025 1 1 2.5 0.005 279 5 1 1 
0.20125 -2.99208e-46 -1.12104e-44 0.0025 1 1 2.5 0.005 280 5 1 1 
0.20375 -1.01886e-16 -1.12104e-44 0.0025 1 1 2.5 0.005 281 5 1 1 
0.20625 -2.71073e-16 0 0.0025 1 1 2.5 0.005 282 5 1 1 
0.20875 -4.39498e-16 0 0.0025 1 1 2.5 0.005 283 5 1 1 
0.21125 -6.06603e-16 1.12104e-44 0.0025 1 1 2.5 0.005 284 5 1 1 
0.21375 -7.72562e-16 1.12104e-44 0.0025 1 1 2.5 0.005 285 5 1 1 
0.21625 -3.88975e-16 0 0.0025 1 1 2.5 0.005 286 5 1 1 
0.21875 -5.65139e-16 5.68434e-14 0.0025 1 1 2.5 0.005 287 5 1 1 
0.22125 2.0987e-15 5.68434e-14 0.0025 1 1 2.5 0.005 288 5 1 1 
0.22375 1.11889e-15 1.13687e-13 0.0025 1 1 2.5 0.005 289 5 1 1 
0.22625 5.83269e-16 0 0.0025 1 1 2.5 0.005 290 5 1 1 
0.22875 -1.05907e-15 1.13687e-13 0.0025 1 1 2.5 0.005 291 5 1 1 
0.23125 2.6779e-15 -1.90577e-43 0.0025 1 1 2.5 0.005 292 5 1 1 
0.23375 7.01108e-17 2.57839e-43 0.0025 1 1 2.5 0.005 293 5 1 1 
0.23625 4.85952e-15 -2.27374e-13 0.0025 1 1 2.5 0.005 294 5 1 1 
0.23875 1.26222e-15 -1.7053e-13 0.0025 1 1 2.5 0.005 295 5 1 1 
0.24125 3.12752e-15 6.25278e-13 0.0025 1 1 2.5 0.005 296 5 1 1 
0.24375 -1.52017e-15 9.09495e-13 0.0025 1 1 2.5 0.005 297 5 1 1 
0.24625 2.66546e-15 -8.52651e-13 0.0025 1 1 2.5 0.005 298 5 1 1 
0.24875 -2.84838e-15 -7.95808e-13 0.0025 1 1 2.5 0.005 299 3 1 1 
0.25125 2.84838e-15 7.95808e-13 0.0025 1 1 2.5 0.005 300 3 1 1 
0.25375 -2.66546e-15 8.52651e-13 0.0025 1 1 2.5 0.005 301 5 1 1 
0.25625 1.52017e-15 -9.09495e-13 0.0025 1 1 2.5 0.005 302 5 1 1 
0.25875 -3.12752e-15 -6.25278e-13 0.0025 1 1 2.5 0.005 303 5 1 1 
0.26125 -1.26222e-15 1.7053e-13 0.0025 1 1 2.5 0.005 304 5 1 1 
0.26375 -4.85952e-15 2.27374e-13 0.0025 1 1 2.5 0.005 305 5 1 1 
0.26625 -7.01108e-17 -2.57839e-43 0.0025 1 1 2.5 0.005 306 5 1 1 
0.26875 -2.6779e-15 1.90577e-43 0.0025 1 1 2.5 0.005 307 5 1 1 
0.27125 1.05907e-15 -1.13687e-13 0.0025 1 1 2.5 0.005 308 5 1 1 
0.27375 -5.83269e-16 0 0.0025 1 1 2.5 0.005 309 5 1 1 
0.27625 -1.11889e-15 -1.13687e-13 0.0025 1 1 2.5 0.005 310 5 1 1 
0.27875 -2.0987e-15 -5.68434e-14 0.0025 1 1 2.5 0.005 311 5 1 1 
0.28125 5.65139e-16 -5.68434e-14 0.0025 1 1 2.5 0.005 312 5 1 1 
0.28375 3.88975e-16 0 0.0025 1 1 2.5 0.005 313 5 1 1 
0.28625 7.04144e-16 3.9443e-29 0.0025 1 1 2.5 0.005 314 5 1 1 
0.28875 9.99875e-16 1.53477e-12 0.0025 1 1 2.5 0.005 315 5 1 1 
0.29125 -7.71822e-15 -2.33626e-11 0.0025 1 1 2.5 0.005 316 4 1 1 
0.29375 -9.67221e-14 -1.29376e-10 0.0025 1 1 2.5 0.005 317 4 1 1 
0.29625 -6.81485e-13 -7.52379e-10 0.0025 1 1 2.5 0.005 318 4 1 1 
0.29875 -3.52542e-12 -3.57056e-09 0.0025 1 1 2.5 0.005 319 4 1 1 
0.30125 -1.65929e-11 -1.55811e-08 0.0025 1 1 2.5 0.005 320 4 1 1 
0.30375 -7.08409e-11 -6.19674e-08 0.0025 1 1 2.5 0.005 321 4 1 1 
0.30625 -2.79108e-10 -2.29162e-07 0.0025 1 1 2.5 0.005 322 4 1 1 
0.30875 -1.02522e-09 -7.93284e-07 0.0025 1 1 2.5 0.005 323 4 1 1 
0.31125 -3.53788e-09 -2.58666e-06 0.0025 1 1 2.5 0.005 324 4 1 1 
0.31375 -1.15301e-08 -7.9791e-06 0.0025 1 1 2.5 0.005 325 4 1 1 
0.31625 -3.5631e-08 -2.33614e-05 0.0025 1 1 2.5 0.005 326 4 1 1 
0.31875 -1.04729e-07 -6.50847e-05 0.0025 1 1 2.5 0.005 327 4 1 1 
0.32125 -2.93488e-07 -0.000172883 0.0025 1 1 2.5 0.005 328 4 1 1 
0.32375 -7.85672e-07 -0.000438524 0.0025 1 1 2.5 0.005 329 4 1 1 
0.32625 -2.01229e-06 -0.00106349 0.0025 1 1 2.5 0.00499999 330 4 1 1 
0.32875 -4.93726e-06 -0.0024682 0.0025 1 1.00001 2.5 0.00499998 331 4 1 1 
0.33125 -1.16164e-05 -0.00548595 0.0025 1.00001 1.00001 2.50001 0.00499996 332 4 1 1 
0.33375 -2.62307e-05 -0.0116835 0.0025 1.00002 1.00003 2.50002 0.0049999 333 4 1 1 
0.33625 -5.68839e-05 -0.0238497 0.0025 1.00004 1.00006 2.50004 0.00499978 334 4 1 1 
0.33875 -0.000118532 -0.0466705 0.0025 1.00009 1.00013 2.50009 0.00499955 335 4 1 1 
0.341249 -0.000237415 -0.0875387 0.0025 1.00018 1.00025 2.50018 0.00499909 336 4 1 1 
0.343749 -0.000457183 -0.157314 0.0025 1.00035 1.00049 2.50035 0.00499825 337 4 1 1 
0.346248 -0.000846382 -0.270616 0.0025 1.00065 1.00091 2.50065 0.00499675 338 4 1 0.999999 
0.348746 -0.0015059 -0.444923 0.0025 1.00116 1.00162 2.50115 0.00499421 339 4 1 0.999998 
0.351242 -0.00257321 -0.697409 0.0025 1.00199 1.00277 2.50198 0.00499008 340 4 1 0.999995 
0.353736 -0.00421777 -1.03843 0.0025 1.00327 1.00457 2.50326 0.00498369 341 4 1 0.999988 
0.356226 -0.00662042 -1.4614 0.0025 1.00516 1.00721 2.50514 0.00497433 342 4 1 0.999978 
0.35871 -0.00993014 -1.93135 0.0025 1.00778 1.0109 2.50776 0.00496139 343 4 1 0.999963 
0.361187 -0.0142002 -2.37856 0.0025 1.01121 1.01571 2.51117 0.00494459 344 4 1 0.999947 
0.363655 -0.0193204 -2.70623 0.0025 1.01537 1.02159 2.51532 0.0049243 345 4 1 0.999936 
0.366111 -0.024979 -2.81628 0.0025 1.02007 1.02822 2.51999 0.00490165 346 4 1 0.999934 
0.368556 -0.030684 -2.64035 0.0025 1.02491 1.03509 2.5248 0.00487847 347 4 1 0.999946 
0.37099 -0.0358403 -2.17035 0.0025 1.02941 1.04147 2.52926 0.00485716 348 4 1 0.999976 
0.373413 -0.0396909 -1.09307 0.0025 1.0327 1.0462 2.53253 0.00484168 349 3 1 1.00001 
0.375831 -0.0395079 2.91047 0.0025 1.03073 1.04367 2.5308 0.00485092 350 4 1 1.00002 
0.378264 -0.0213301 14.6631 0.0025 1.01584 1.02261 2.51615 0.00492202 351 4 1 0.999706 
0.380754 0.0105904 13.6468 0.0025 0.992782 0.989818 2.49281 0.00503635 352 4 1 0.998538 
0.383301 0.030983 6.11921 0.0025 0.975193 0.965281 2.47494 0.00512719 353 4 1 0.998956 
0.385882 0.0437326 6.3474 0.0025 0.962754 0.948326 2.46246 0.00519344 354 4 1 0.999529 
0.388495 0.0617632 9.41677 0.0025 0.948172 0.928324 2.44753 0.0052733 355 4 1 0.999415 
0.391155 0.0840055 9.88182 0.0025 0.930872 0.904623 2.42952 0.00537131 356 4 1 0.999074 
0.393867 0.106258 9.33262 0.0025 0.91329 0.880774 2.41103 0.00547472 357 4 1 0.998978 
0.396631 0.128393 9.2689 0.0025 0.895948 0.857463 2.39263 0.00558068 358 4 1 0.998978 
0.399448 0.151141 9.38873 0.0025 0.878446 0.834109 2.37383 0.00569187 359 4 1 0.998926 
0.402323 0.174634 9.41476 0.0025 0.8607 0.810614 2.35454 0.00580922 360 4 1 0.998852 
0.405258 0.198722 9.39329 0.0025 0.842798 0.787109 2.33483 0.00593262 361 4 1 0.998783 
0.408256 0.223409 9.3907 0.0025 0.824762 0.76363 2.31472 0.00606236 362 4 1 0.998715 
0.411321 0.248683 9.34623 0.0025 0.806609 0.740205 2.29421 0.00619879 363 4 1 0.998642 
0.414456 0.274595 9.34226 0.0025 0.788339 0.716842 2.27328 0.00634245 364 4 1 0.998566 
0.417665 0.301142 9.30827 0.0025 0.769945 0.693536 2.25192 0.00649397 365 4 1 0.99848 
0.420951 0.328351 9.23044 0.0025 0.751482 0.670367 2.23017 0.00665352 366 4 1 0.998396 
0.424319 0.35619 9.17856 0.0025 0.73297 0.647364 2.20804 0.00682156 367 4 1 0.998312 
0.427774 0.384583 9.08168 0.0025 0.714438 0.624567 2.18554 0.00699851 368 4 1 0.998223 
0.431319 0.413479 8.91032 0.0025 0.696003 0.602123 2.16281 0.00718388 369 4 1 0.998147 
0.434959 0.442648 8.67147 0.0025 0.67782 0.580216 2.14003 0.00737659 370 4 1 0.998096 
0.438697 0.471665 8.28309 0.0025 0.66013 0.559127 2.11752 0.00757427 371 4 1 0.998088 
0.442535 0.499916 7.69297 0.0025 0.643304 0.539277 2.09577 0.00777238 372 4 1 0.998156 
0.446471 0.526424 6.86378 0.0025 0.627796 0.521164 2.07542 0.00796437 373 4 1 0.998324 
0.450501 0.550383 5.88978 0.0025 0.61398 0.505183 2.05704 0.00814358 374 4 1 0.998581 
0.454616 0.571594 5.18082 0.0025 0.601729 0.491135 2.04054 0.00830938 375 4 1 0.998835 
0.458811 0.591778 5.2032 0.0025 0.590093 0.477902 2.02468 0.00847324 376 4 1 0.998943 
0.46309 0.614081 5.89649 0.0025 0.577804 0.464032 2.00773 0.00865345 377 4 1 0.998821 
0.467465 0.639086 6.10198 0.0025 0.564778 0.449446 1.9895 0.00885303 378 4 1 0.998584 
0.471944 0.662529 4.75453 0.0025 0.553005 0.436372 1.9728 0.0090415 379 4 1 0.998683 
0.476508 0.677727 2.06276 0.0025 0.545342 0.427928 1.96182 0.00916855 380 4 1 0.999338 
0.481113 0.681139 -0.283589 0.0025 0.542779 0.425132 1.95816 0.00921186 381 5 1 0.999913 
0.48572 0.680205 -0.0738701 0.0025 0.542785 0.425156 1.95821 0.00921174 382 4 1 0.999999 
0.490325 0.679591 -0.233705 0.0025 0.543102 0.425507 1.95869 0.00920638 383 4 1 0.999998 
0.494926 0.678612 -0.220219 0.0025 0.543556 0.426012 1.95937 0.00919869 384 4 1 0.999998 
0.499523 0.677658 -0.19369 0.0025 0.544035 0.426543 1.96009 0.00919059 385 4 1 0.999998 
0.504117 0.676844 -0.157812 0.0025 0.544465 0.427023 1.96074 0.00918333 386 4 1 0.999999 
0.508707 0.676195 -0.122004 0.0025 0.544816 0.427416 1.96129 0.00917741 387 4 1 0.999999 
0.513294 0.67569 -0.0923669 0.0025 0.545087 0.427724 1.96172 0.00917284 388 4 1 1 
0.517879 0.675305 -0.0705936 0.0025 0.545292 0.427959 1.96206 0.0091694 389 4 1 1 
0.522463 0.67501 -0.0546435 0.0025 0.545444 0.428139 1.96234 0.00916684 390 4 1 1 
0.527046 0.674779 -0.0435384 0.0025 0.545557 0.428278 1.96257 0.00916494 391 4 1 1 
0.531628 0.674592 -0.0362717 0.0025 0.545642 0.428389 1.96277 0.00916352 392 4 1 1 
0.53621 0.674434 -0.0313811 0.0025 0.545704 0.428478 1.96296 0.00916247 393 4 1 1 
0.540791 0.674295 -0.0278686 0.0025 0.545737 0.428545 1.96314 0.00916192 394 3 1 1 
0.545372 0.67417 -0.0251273 0.0025 0.545695 0.428565 1.96339 0.00916262 395 4 1 1 
0.549953 0.674057 -0.0226917 0.0025 0.545346 0.428359 1.9637 0.00916849 396 4 1 1 
0.55454 0.673954 -0.0203223 0.0025 0.543766 0.426601 1.96132 0.00919513 397 4 1 0.999989 
0.559149 0.673861 -0.018009 0.0025 0.530641 0.411262 1.93757 0.00942257 398 4 1 0.99967 
0.563968 0.673773 -0.0157758 0.0025 0.506586 0.439995 2.17137 0.00987 399 4 1 0.994707 
0.569026 0.67369 -0.0136771 0.0025 0.481109 0.415278 2.15792 0.0103926 400 4 1 0.993725 
0.57437 0.67361 -0.0116241 0.0025 0.458649 0.44982 2.45188 0.0109016 401 4 1 0.993707 
0.579933 0.673534 -0.00955038 0.0025 0.450043 0.43037 2.39072 0.0111101 402 5 1 0.99866 
0.58548 0.673463 -0.00742061 0.0025 0.451652 0.428709 2.37301 0.0110705 403 4 1 0.999967 
0.591003 0.673392 -0.00458207 0.0025 0.45328 0.428672 2.36428 0.0110307 404 4 1 0.999986 
0.596511 0.673311 0.000328873 0.0025 0.454361 0.428798 2.35934 0.0110045 405 4 1 0.999995 
0.602008 0.673191 0.0118804 0.0025 0.455021 0.428829 2.35609 0.0109885 406 4 1 0.999999 
0.607499 0.672941 0.0447709 0.0025 0.455357 0.428693 2.35361 0.0109804 407 3 1 1 
0.612988 0.672262 0.150079 0.0025 0.455253 0.428142 2.35111 0.0109829 408 4 1 1 
0.618482 0.670284 0.459191 0.0025 0.454178 0.426419 2.34719 0.0110089 409 4 1 0.999993 
0.623997 0.664676 1.24644 0.0025 0.450801 0.421754 2.33887 0.0110914 410 4 1 0.999903 
0.629574 0.650461 3.17541 0.0025 0.442304 0.410458 2.31992 0.0113044 411 4 1 0.99934 
0.635304 0.617424 6.63642 0.0025 0.424826 0.387628 2.28095 0.0117695 412 4 1 0.996946 
0.641353 0.552247 13.7771 0.0025 0.393008 0.34676 2.20558 0.0127224 413 4 1 0.990236 
0.648067 0.412404 27.671 0.0025 0.344686 0.286553 2.07829 0.014506 414 4 1 0.975829 
0.655989 0.207335 29.5684 0.0025 0.294906 0.227985 1.93292 0.0169546 415 4 1 0.959384 
0.66517 0.0566908 14.2856 0.0025 0.263562 0.193524 1.83592 0.0189709 416 4 1 0.971513 
0.675006 0.00593387 2.75642 0.0025 0.252207 0.181722 1.80142 0.019825 417 4 1 0.993997 
0.684998 -0.000433202 0.063345 0.0025 0.25008 0.179579 1.79522 0.0199936 418 4 1 0.99973 
0.695 -7.92751e-05 -0.0447228 0.0025 0.249974 0.179474 1.79493 0.0200021 419 5 1 0.999999 
0.705 9.11061e-06 0.000368953 0.0025 0.25 0.1795 1.795 0.02 420 4 1 1 
0.715 3.13768e-06 0.000665646 0.0025 0.250001 0.179501 1.795 0.0199999 421 3 1 1 
0.725 6.89148e-07 0.000165011 0.0025 0.25 0.1795 1.795 0.02 422 4 1 1 
0.735 1.34127e-07 3.44153e-05 0.0025 0.25 0.1795 1.795 0.02 423 4 1 1 
0.745 2.40721e-08 6.57901e-06 0.0025 0.25 0.1795 1.795 0.02 424 4 1 1 
0.755 4.00799e-09 1.16506e-06 0.0025 0.25 0.1795 1.795 0.02 425 4 1 1 
0.765 6.18448e-10 1.91265e-07 0.0025 0.25 0.1795 1.795 0.02 426 4 1 1 
0.775 8.81736e-11 2.90338e-08 0.0025 0.25 0.1795 1.795 0.02 427 4 1 1 
0.785 1.15799e-11 4.06533e-09 0.0025 0.25 0.1795 1.795 0.02 428 4 1 1 
0.795 1.38958e-12 5.21283e-10 0.0025 0.25 0.1795 1.795 0.02 429 4 1 1 
0.805 1.52003e-13 6.16893e-11 0.0025 0.25 0.1795 1.795 0.02 430 4 1 1 
0.815 8.76958e-15 6.21014e-12 0.0025 0.25 0.1795 1.795 0.02 431 4 1 1 
0.825 6.4563e-16 9.9476e-14 0.0025 0.25 0.1795 1.795 0.02 432 5 1 1 
0.835 4.27683e-17 2.84217e-14 0.0025 0.25 0.1795 1.795 0.02 433 5 1 1 
0.845 1.34939e-47 5.60519e-45 0.0025 0.25 0.1795 1.795 0.02 434 5 1 1 
0.855 0 0 0.0025 0.25 0.1795 1.795 0.02 435 5 1 1 
0.865 0 0 0.0025 0.25 0.1795 1.795 0.02 436 5 1 1 
0.875 0 0 0.0025 0.25 0.1795 1.795 0.02 437 5 1 1 
0.885 0 0 0.0025 0.25 0.1795 1.795 0.02 438 5 1 1 
0.895 -7.59061e-48 -2.8026e-45 0.0025 0.25 0.1795 1.795 0.02 439 5 1 1 
0.905 -6.81091e-47 -2.8026e-45 0.0025 0.25 0.1795 1.795 0.02 440 5 1 1 
0.915 -1.49527e-16 -1.42109e-14 0.0025 0.25 0.1795 1.795 0.02 441 5 1 1 
0.925 -5.36772e-16 -2.84217e-14 0.0025 0.25 0.1795 1.795 0.02 442 5 1 1 
0.935 -1.32617e-15 -2.84217e-14 0.0025 0.25 0.1795 1.795 0.02 443 5 1 1 
0.945 -2.61528e-15 -4.26326e-14 0.0025 0.25 0.1795 1.795 0.02 444 5 1 1 
0.955 -5.04938e-15 -1.42109e-14 0.0025 0.25 0.1795 1.795 0.02 445 5 1 1 
0.965 -5.98557e-15 1.7053e-13 0.0025 0.25 0.1795 1.795 0.02 446 5 1 1 
0.975 -1.25061e-14 1.98952e-13 0.0025 0.25 0.1795 1.795 0.02 447 5 1 1 
0.985 1.07591e-14 -1.13687e-13 0.0025 0.25 0.1795 1.795 0.02 448 5 1 1 
0.995 6.27476e-16 -1.13687e-13 0.0025 0.25 0.1795 1.795 0.02 449 3 1 1 
1.005 -6.27476e-16 1.13687e-13 0.0025 0.25 0.1795 1.795 0.02 450 3 1 1 
1.015 -1.07591e-14 1.13687e-13 0.0025 0.25 0.1795 1.795 0.02 451 5 1 1 
1.025 1.25061e-14 -1.98952e-13 0.0025 0.25 0.1795 1.795 0.02 452 5 1 1 
1.035 5.98557e-15 -1.7053e-13 0.0025 0.25 0.1795 1.795 0.02 453 5 1 1 
1.045 5.04938e-15 1.42109e-14 0.0025 0.25 0.1795 1.795 0.02 454 5 1 1 
1.055 2.61528e-15 4.26326e-14 0.0025 0.25 0.1795 1.795 0.02 455 5 1 1 
1.065 1.32617e-15 2.84217e-14 0.0025 0.25 0.1795 1.795 0.02 456 5 1 1 
1.075 5.36772e-16 2.84217e-14 0.0025 0.25 0.1795 1.795 0.02 457 5 1 1 
1.085 1.49527e-16 1.42109e-14 0.0025 0.25 0.1795 1.795 0.02 458 5 1 1 
1.095 6.81091e-47 2.8026e-45 0.0025 0.25 0.1795 1.795 0.02 459 5 1 1 
1.105 7.59061e-48 2.8026e-45 0.0025 0.25 0.1795 1.795 0.02 460 5 1 1 
1.115 0 0 0.0025 0.25 0.1795 1.795 0.02 461 5 1 1 
1.125 0 0 0.0025 0.25 0.1795 1.795 0.02 462 5 1 1 
1.135 0 0 0.0025 0.25 0.1795 1.795 0.02 463 5 1 1 
1.145 0 0 0.0025 0.25 0.1795 1.795 0.02 464 5 1 1 
1.155 -1.51802e-47 -1.12104e-44 0.0025 0.25 0.1795 1.795 0.02 465 5 1 1 
1.165 -4.70437e-17 -4.26326e-14 0.0025 0.25 0.1795 1.795 0.02 466 5 1 1 
1.175 -1.03477e-15 -5.40012e-13 0.0025 0.25 0.1795 1.795 0.02 467 5 1 1 
1.185 -8.45289e-15 -4.13536e-12 0.0025 0.25 0.1795 1.795 0.02 468 5 1 1 
1.195 -1.97663e-13 -9.59233e-11 0.0025 0.25 0.1795 1.795 0.02 469 4 1 1 
1.205 -2.17859e-12 -8.90907e-10 0.0025 0.25 0.1795 1.795 0.02 470 4 1 1 
1.215 -2.02178e-11 -7.62829e-09 0.0025 0.25 0.1795 1.795 0.02 471 4 1 1 
1.225 -1.69204e-10 -5.92983e-08 0.0025 0.25 0.1795 1.795 0.02 472 4 1 1 
1.235 -1.28096e-09 -4.17065e-07 0.0025 0.25 0.1795 1.795 0.02 473 4 1 1 
1.245 -8.81724e-09 -2.66627e-06 0.0025 0.25 0.1795 1.795 0.02 474 4 1 1 
1.255 -5.53248e-08 -1.55138e-05 0.0025 0.25 0.1795 1.795 0.02 475 4 1 1 
1.265 -3.16795e-07 -8.21612e-05 0.0025 0.25 0.1795 1.795 0.02 476 4 1 1 
1.275 -1.65546e-06 -0.00039564 0.0025 0.25 0.1795 1.795 0.02 477 4 1 1 
1.285 -7.88843e-06 -0.00172901 0.0025 0.250002 0.179502 1.79501 0.0199998 478 4 1 1 
1.295 -3.42292e-05 -0.00684031 0.0025 0.250008 0.179508 1.79502 0.0199994 479 4 1 1 
1.305 -0.000135027 -0.0244283 0.0025 0.250031 0.179531 1.79509 0.0199975 480 4 1 1 
1.315 -0.000483353 -0.0784594 0.0025 0.250111 0.179612 1.79532 0.0199911 481 4 1 0.999996 
1.32499 -0.00156484 -0.224808 0.0025 0.250357 0.179859 1.79603 0.0199715 482 4 1 0.999974 
1.33497 -0.00453811 -0.56184 0.0025 0.251027 0.180533 1.79795 0.0199181 483 4 1 0.999865 
1.34491 -0.0115244 -1.16686 0.0025 0.252583 0.182104 1.80243 0.0197955 484 4 1 0.999556 
1.35476 -0.0247587 -1.87684 0.0025 0.255522 0.185086 1.81088 0.0195678 485 4 1 0.999158 
1.36448 -0.0436264 -2.14603 0.0025 0.259808 0.189466 1.82314 0.019245 486 4 1 0.99931 
1.37401 -0.0622642 -1.45158 0.0025 0.264109 0.193894 1.83534 0.0189316 487 3 1 1.0002 
1.38341 -0.0668935 1.63753 0.0025 0.2635 0.193287 1.83377 0.0189753 488 4 1 1.00033 
1.39299 -0.0145804 8.97584 0.0025 0.250932 0.180506 1.79832 0.0199257 489 4 1 0.997591 
1.40337 0.0813601 8.61622 0.0025 0.230484 0.160252 1.73824 0.0216935 490 4 1 0.985016 
1.41474 0.165905 6.68203 0.0025 0.21071 0.141346 1.67705 0.0237293 491 4 1 0.982829 
1.42716 0.255738 7.19998 0.0025 0.191217 0.123392 1.61326 0.0261484 492 4 1 0.982126 
1.44099 0.365331 7.56953 0.0025 0.170063 0.104719 1.53943 0.0294009 493 4 1 0.976212 
1.45673 0.494151 7.47501 0.0025 0.147512 0.0858128 1.45434 0.0338954 494 4 1 0.968707 
1.47518 0.646779 7.26934 0.0025 0.123818 0.0671577 1.35599 0.0403819 495 4 1 0.960303 
1.49771 0.832372 6.83121 0.0025 0.0990246 0.0491141 1.23996 0.0504925 496 4 1 0.951472 
1.52701 1.06757 6.26412 0.0025 0.0738967 0.0325932 1.10267 0.067662 497 4 1 0.9474 
1.56876 1.3989 5.77405 0.0025 0.0494885 0.0185872 0.938972 0.101034 498 5 1 0.976067 
1.64061 1.9791 5.04506 0.0025 0.0286285 0.00967569 0.84494 0.174651 499 5 1 1.04709 
