# Time [s]: 0.0802656
# Columns: pos [m], vel [m/s], acc [m/s^2], mass [kg], dens [kg/m^3], pres [Pa], ene [J/kg], sml [m], id, neighbor, alpha, gradh, ...additional?
-0.70057 -3.05233 -5.96842 0.0025 0.0381433 0.0115243 0.755339 0.131085 0 5 1 1.04109 
-0.646559 -2.49441 -7.08687 0.0025 0.0662593 0.022339 0.842875 0.0754611 1 5 1 0.978215 
-0.615417 -2.17293 -7.72345 0.0025 0.099293 0.0394628 0.993606 0.050356 2 4 1 0.948829 
-0.593641 -1.94874 -8.16148 0.0025 0.133008 0.0594231 1.11693 0.0375918 3 4 1 0.952411 
-0.57686 -1.7764 -8.49572 0.0025 0.165774 0.0808565 1.21939 0.0301615 4 4 1 0.960936 
-0.563058 -1.63496 -8.76711 0.0025 0.196924 0.102884 1.30615 0.0253905 5 4 1 0.968753 
-0.551249 -1.51419 -8.99811 0.0025 0.226831 0.125394 1.38203 0.0220428 6 4 1 0.974803 
-0.540885 -1.40835 -9.19768 0.0025 0.2558 0.14836 1.44998 0.0195465 7 4 1 0.979367 
-0.531619 -1.31392 -9.37585 0.0025 0.28401 0.171749 1.51184 0.017605 8 4 1 0.98277 
-0.523223 -1.22828 -9.58336 0.0025 0.311636 0.195573 1.56894 0.0160444 9 4 1 0.985449 
-0.515534 -1.14969 -9.73124 0.0025 0.33877 0.219811 1.62214 0.0147593 10 4 1 0.987547 
-0.508433 -1.07724 -9.89065 0.0025 0.365459 0.244421 1.67203 0.0136814 11 4 1 0.989214 
-0.50183 -1.00965 -10.0462 0.0025 0.391783 0.269409 1.71914 0.0127622 12 4 1 0.990566 
-0.495653 -0.94639 -10.1935 0.0025 0.417787 0.294762 1.76385 0.0119678 13 4 1 0.991677 
-0.489848 -0.886841 -10.3363 0.0025 0.443508 0.320469 1.80647 0.0112738 14 4 1 0.992606 
-0.484368 -0.830427 -10.4661 0.0025 0.468969 0.34651 1.84721 0.0106617 15 4 1 0.993381 
-0.479177 -0.777002 -10.607 0.0025 0.494198 0.372878 1.8863 0.0101174 16 4 1 0.994061 
-0.474243 -0.726104 -10.6969 0.0025 0.519189 0.399534 1.92386 0.0096304 17 4 1 0.994635 
-0.46954 -0.677577 -10.8183 0.0025 0.543947 0.426452 1.96001 0.00919207 18 4 1 0.995139 
-0.465045 -0.631213 -10.9002 0.0025 0.568485 0.453619 1.99488 0.00879531 19 4 1 0.995577 
-0.460739 -0.58684 -10.993 0.0025 0.592796 0.481002 2.02855 0.0084346 20 4 1 0.995969 
-0.456606 -0.544263 -11.0452 0.0025 0.616876 0.50857 2.0611 0.00810536 21 4 1 0.996305 
-0.452631 -0.503349 -11.1362 0.0025 0.640735 0.536315 2.0926 0.00780353 22 4 1 0.996605 
-0.4488 -0.464049 -11.1928 0.0025 0.664393 0.564236 2.12315 0.00752566 23 4 1 0.996877 
-0.445102 -0.426134 -11.2334 0.0025 0.687824 0.592285 2.15277 0.0072693 24 4 1 0.997114 
-0.441528 -0.389564 -11.2991 0.0025 0.711048 0.620465 2.18154 0.00703187 25 4 1 0.997329 
-0.438068 -0.354272 -11.3323 0.0025 0.73407 0.648766 2.20951 0.00681134 26 4 1 0.997518 
-0.434715 -0.320124 -11.3941 0.0025 0.756899 0.677182 2.23673 0.0066059 27 4 1 0.997693 
-0.431461 -0.287081 -11.4159 0.0025 0.779533 0.705698 2.26323 0.00641409 28 4 1 0.997858 
-0.428299 -0.255098 -11.4136 0.0025 0.801936 0.734248 2.28901 0.00623492 29 4 1 0.998 
-0.425224 -0.224091 -11.4659 0.0025 0.824134 0.762855 2.31414 0.00606698 30 4 1 0.998131 
-0.422231 -0.194057 -11.4772 0.0025 0.84614 0.791523 2.33865 0.00590919 31 4 1 0.998266 
-0.419314 -0.164962 -11.3958 0.0025 0.867869 0.820123 2.36248 0.00576124 32 4 1 0.998393 
-0.416469 -0.136931 -11.2938 0.0025 0.889267 0.848557 2.38559 0.00562261 33 4 1 0.998454 
-0.413691 -0.109573 -11.669 0.0025 0.910635 0.877231 2.40835 0.00549068 34 4 1 0.998506 
-0.410977 -0.0819037 -12.0598 0.0025 0.932163 0.906463 2.43101 0.00536387 35 4 1 0.998858 
-0.408326 -0.0564228 -9.82562 0.0025 0.951966 0.933589 2.45156 0.00525229 36 4 1 0.999303 
-0.405724 -0.0384763 -6.50548 0.0025 0.967887 0.955302 2.46767 0.00516589 37 4 1 0.998975 
-0.40316 -0.0201306 -11.991 0.0025 0.985486 0.979529 2.48543 0.00507364 38 4 1 0.997899 
-0.40065 0.0145355 -19.7946 0.0025 1.01182 1.01686 2.51219 0.00494158 39 4 1 0.998902 
-0.398217 0.0469203 -9.37044 0.0025 1.03559 1.05074 2.53579 0.00482817 40 4 1 1.00004 
-0.395822 0.0527162 0.84776 0.0025 1.04311 1.06115 2.54289 0.00479338 41 3 1 1 
-0.393423 0.0483946 2.71611 0.0025 1.03974 1.05621 2.53949 0.00480889 42 4 1 0.999986 
-0.391013 0.0413931 3.72025 0.0025 1.03356 1.04738 2.53338 0.00483763 43 4 1 0.999904 
-0.388586 0.0332165 4.11031 0.0025 1.02658 1.03745 2.52647 0.00487055 44 4 1 0.999867 
-0.386142 0.0249751 3.97462 0.0025 1.01975 1.02777 2.51968 0.00490316 45 4 1 0.999866 
-0.383683 0.0175904 3.4265 0.0025 1.01378 1.01933 2.51373 0.00493204 46 4 1 0.999893 
-0.38121 0.0116285 2.67007 0.0025 1.00904 1.01265 2.50901 0.0049552 47 4 1 0.99993 
-0.378727 0.00724026 1.90463 0.0025 1.0056 1.00782 2.50557 0.00497216 48 4 1 0.999962 
-0.376238 0.00426243 1.25795 0.0025 1.00328 1.00458 2.50326 0.00498364 49 4 1 0.999982 
-0.373744 0.00238063 0.776555 0.0025 1.00183 1.00254 2.50181 0.00499088 50 4 1 0.999993 
-0.371247 0.00126443 0.451152 0.0025 1.00097 1.00135 2.50096 0.00499516 51 4 1 0.999997 
-0.368749 0.00063953 0.247776 0.0025 1.00049 1.00068 2.50048 0.00499756 52 4 1 0.999999 
-0.366249 0.000308194 0.128975 0.0025 1.00024 1.00033 2.50023 0.00499882 53 4 1 1 
-0.36375 0.000141497 0.0637092 0.0025 1.00011 1.00015 2.50011 0.00499946 54 4 1 1 
-0.36125 6.18582e-05 0.0298756 0.0025 1.00005 1.00007 2.50005 0.00499976 55 4 1 1 
-0.35875 2.57266e-05 0.013297 0.0025 1.00002 1.00003 2.50002 0.0049999 56 4 1 1 
-0.35625 1.01665e-05 0.00561334 0.0025 1.00001 1.00001 2.50001 0.00499996 57 4 1 1 
-0.35375 3.81126e-06 0.00224521 0.0025 1 1 2.5 0.00499999 58 4 1 1 
-0.35125 1.35268e-06 0.000849594 0.0025 1 1 2.5 0.00499999 59 4 1 1 
-0.34875 4.5333e-07 0.000303532 0.0025 1 1 2.5 0.005 60 4 1 1 
-0.34625 1.42975e-07 0.00010211 0.0025 1 1 2.5 0.005 61 4 1 1 
-0.34375 4.22456e-08 3.2229e-05 0.0025 1 1 2.5 0.005 62 4 1 1 
-0.34125 1.16236e-08 9.49755e-06 0.0025 1 1 2.5 0.005 63 4 1 1 
-0.33875 2.95265e-09 2.59538e-06 0.0025 1 1 2.5 0.005 64 4 1 1 
-0.33625 6.83737e-10 6.51242e-07 0.0025 1 1 2.5 0.005 65 4 1 1 
-0.33375 1.4146e-10 1.4777e-07 0.0025 1 1 2.5 0.005 66 4 1 1 
-0.33125 2.52398e-11 2.95796e-08 0.0025 1 1 2.5 0.005 67 4 1 1 
-0.32875 3.61051e-12 4.97283e-09 0.0025 1 1 2.5 0.005 68 4 1 1 
-0.32625 3.289e-13 6.12999e-10 0.0025 1 1 2.5 0.005 69 4 1 1 
-0.32375 -6.65929e-16 3.14344e-11 0.0025 1 1 2.5 0.005 70 4 1 1 
-0.32125 -1.68491e-15 -4.37694e-12 0.0025 1 1 2.5 0.005 71 5 1 1 
-0.31875 -3.40373e-17 -1.13687e-13 0.0025 1 1 2.5 0.005 72 5 1 1 
-0.31625 -6.71268e-48 -2.24208e-44 0.0025 1 1 2.5 0.005 73 5 1 1 
-0.31375 0 0 0.0025 1 1 2.5 0.005 74 5 1 1 
-0.31125 0 0 0.0025 1 1 2.5 0.005 75 5 1 1 
-0.30875 0 0 0.0025 1 1 2.5 0.005 76 5 1 1 
-0.30625 0 0 0.0025 1 1 2.5 0.005 77 5 1 1 
-0.30375 0 0 0.0025 1 1 2.5 0.005 78 5 1 1 
-0.30125 0 0 0.0025 1 1 2.5 0.005 79 5 1 1 
-0.29875 0 0 0.0025 1 1 2.5 0.005 80 5 1 1 
-0.29625 0 0 0.0025 1 1 2.5 0.005 81 5 1 1 
-0.29375 0 0 0.0025 1 1 2.5 0.005 82 5 1 1 
-0.29125 0 0 0.0025 1 1 2.5 0.005 83 5 1 1 
-0.28875 0 0 0.0025 1 1 2.5 0.005 84 5 1 1 
-0.28625 0 0 0.0025 1 1 2.5 0.005 85 5 1 1 
-0.28375 0 0 0.0025 1 1 2.5 0.005 86 5 1 1 
-0.28125 0 0 0.0025 1 1 2.5 0.005 87 5 1 1 
-0.27875 0 0 0.0025 1 1 2.5 0.005 88 5 1 1 
-0.27625 0 0 0.0025 1 1 2.5 0.005 89 5 1 1 
-0.27375 0 0 0.0025 1 1 2.5 0.005 90 5 1 1 
-0.27125 0 0 0.0025 1 1 2.5 0.005 91 5 1 1 
-0.26875 0 0 0.0025 1 1 2.5 0.005 92 5 1 1 
-0.26625 0 0 0.0025 1 1 2.5 0.005 93 5 1 1 
-0.26375 0 0 0.0025 1 1 2.5 0.005 94 5 1 1 
-0.26125 0 0 0.0025 1 1 2.5 0.005 95 5 1 1 
-0.25875 0 0 0.0025 1 1 2.5 0.005 96 5 1 1 
-0.25625 0 0 0.0025 1 1 2.5 0.005 97 5 1 1 
-0.25375 0 0 0.0025 1 1 2.5 0.005 98 5 1 1 
-0.25125 0 0 0.0025 1 1 2.5 0.005 99 5 1 1 
-0.24875 0 0 0.0025 1 1 2.5 0.005 100 5 1 1 
-0.24625 0 0 0.0025 1 1 2.5 0.005 101 5 1 1 
-0.24375 0 0 0.0025 1 1 2.5 0.005 102 5 1 1 
-0.24125 0 0 0.0025 1 1 2.5 0.005 103 5 1 1 
-0.23875 0 0 0.0025 1 1 2.5 0.005 104 5 1 1 
-0.23625 0 0 0.0025 1 1 2.5 0.005 105 5 1 1 
-0.23375 0 0 0.0025 1 1 2.5 0.005 106 5 1 1 
-0.23125 0 0 0.0025 1 1 2.5 0.005 107 5 1 1 
-0.22875 0 0 0.0025 1 1 2.5 0.005 108 5 1 1 
-0.22625 0 0 0.0025 1 1 2.5 0.005 109 5 1 1 
-0.22375 0 0 0.0025 1 1 2.5 0.005 110 5 1 1 
-0.22125 0 0 0.0025 1 1 2.5 0.005 111 5 1 1 
-0.21875 0 0 0.0025 1 1 2.5 0.005 112 5 1 1 
-0.21625 0 0 0.0025 1 1 2.5 0.005 113 5 1 1 
-0.21375 0 0 0.0025 1 1 2.5 0.005 114 5 1 1 
-0.21125 0 0 0.0025 1 1 2.5 0.005 115 5 1 1 
-0.20875 0 0 0.0025 1 1 2.5 0.005 116 5 1 1 
-0.20625 0 0 0.0025 1 1 2.5 0.005 117 5 1 1 
-0.20375 0 0 0.0025 1 1 2.5 0.005 118 5 1 1 
-0.20125 0 0 0.0025 1 1 2.5 0.005 119 5 1 1 
-0.19875 0 0 0.0025 1 1 2.5 0.005 120 5 1 1 
-0.19625 0 0 0.0025 1 1 2.5 0.005 121 5 1 1 
-0.19375 0 0 0.0025 1 1 2.5 0.005 122 5 1 1 
-0.19125 0 0 0.0025 1 1 2.5 0.005 123 5 1 1 
-0.18875 0 0 0.0025 1 1 2.5 0.005 124 5 1 1 
-0.18625 0 0 0.0025 1 1 2.5 0.005 125 5 1 1 
-0.18375 0 0 0.0025 1 1 2.5 0.005 126 5 1 1 
-0.18125 0 0 0.0025 1 1 2.5 0.005 127 5 1 1 
-0.17875 0 0 0.0025 1 1 2.5 0.005 128 5 1 1 
-0.17625 0 0 0.0025 1 1 2.5 0.005 129 5 1 1 
-0.17375 0 0 0.0025 1 1 2.5 0.005 130 5 1 1 
-0.17125 0 0 0.0025 1 1 2.5 0.005 131 5 1 1 
-0.16875 0 0 0.0025 1 1 2.5 0.005 132 5 1 1 
-0.16625 0 0 0.0025 1 1 2.5 0.005 133 5 1 1 
-0.16375 0 0 0.0025 1 1 2.5 0.005 134 5 1 1 
-0.16125 0 0 0.0025 1 1 2.5 0.005 135 5 1 1 
-0.15875 0 0 0.0025 1 1 2.5 0.005 136 5 1 1 
-0.15625 0 0 0.0025 1 1 2.5 0.005 137 5 1 1 
-0.15375 0 0 0.0025 1 1 2.5 0.005 138 5 1 1 
-0.15125 0 0 0.0025 1 1 2.5 0.005 139 5 1 1 
-0.14875 0 0 0.0025 1 1 2.5 0.005 140 5 1 1 
-0.14625 0 0 0.0025 1 1 2.5 0.005 141 5 1 1 
-0.14375 0 0 0.0025 1 1 2.5 0.005 142 5 1 1 
-0.14125 0 0 0.0025 1 1 2.5 0.005 143 5 1 1 
-0.13875 0 0 0.0025 1 1 2.5 0.005 144 5 1 1 
-0.13625 0 0 0.0025 1 1 2.5 0.005 145 5 1 1 
-0.13375 0 0 0.0025 1 1 2.5 0.005 146 5 1 1 
-0.13125 0 0 0.0025 1 1 2.5 0.005 147 5 1 1 
-0.12875 0 0 0.0025 1 1 2.5 0.005 148 5 1 1 
-0.12625 0 0 0.0025 1 1 2.5 0.005 149 5 1 1 
-0.12375 0 0 0.0025 1 1 2.5 0.005 150 5 1 1 
-0.12125 0 0 0.0025 1 1 2.5 0.005 151 5 1 1 
-0.11875 0 0 0.0025 1 1 2.5 0.005 152 5 1 1 
-0.11625 0 0 0.0025 1 1 2.5 0.005 153 5 1 1 
-0.11375 0 0 0.0025 1 1 2.5 0.005 154 5 1 1 
-0.11125 0 0 0.0025 1 1 2.5 0.005 155 5 1 1 
-0.10875 0 0 0.0025 1 1 2.5 0.005 156 5 1 1 
-0.10625 0 0 0.0025 1 1 2.5 0.005 157 5 1 1 
-0.10375 0 0 0.0025 1 1 2.5 0.005 158 5 1 1 
-0.10125 0 0 0.0025 1 1 2.5 0.005 159 5 1 1 
-0.09875 0 0 0.0025 1 1 2.5 0.005 160 5 1 1 
-0.09625 0 0 0.0025 1 1 2.5 0.005 161 5 1 1 
-0.09375 0 0 0.0025 1 1 2.5 0.005 162 5 1 1 
-0.09125 0 0 0.0025 1 1 2.5 0.005 163 5 1 1 
-0.08875 0 0 0.0025 1 1 2.5 0.005 164 5 1 1 
-0.08625 0 0 0.0025 1 1 2.5 0.005 165 5 1 1 
-0.08375 0 0 0.0025 1 1 2.5 0.005 166 5 1 1 
-0.08125 0 0 0.0025 1 1 2.5 0.005 167 5 1 1 
-0.07875 0 0 0.0025 1 1 2.5 0.005 168 5 1 1 
-0.07625 0 0 0.0025 1 1 2.5 0.005 169 5 1 1 
-0.07375 0 0 0.0025 1 1 2.5 0.005 170 5 1 1 
-0.07125 0 0 0.0025 1 1 2.5 0.005 171 5 1 1 
-0.06875 0 0 0.0025 1 1 2.5 0.005 172 5 1 1 
-0.06625 0 0 0.0025 1 1 2.5 0.005 173 5 1 1 
-0.06375 0 0 0.0025 1 1 2.5 0.005 174 5 1 1 
-0.06125 -6.71313e-48 0 0.0025 1 1 2.5 0.005 175 5 1 1 
-0.05875 -3.40396e-17 -1.12104e-44 0.0025 1 1 2.5 0.005 176 5 1 1 
-0.05625 -1.86603e-16 -5.68434e-14 0.0025 1 1 2.5 0.005 177 5 1 1 
-0.05375 -3.5511e-16 5.68434e-14 0.0025 1 1 2.5 0.005 178 5 1 1 
-0.05125 -5.22013e-16 -5.68434e-14 0.0025 1 1 2.5 0.005 179 5 1 1 
-0.04875 -7.72672e-16 0 0.0025 1 1 2.5 0.005 180 5 1 1 
-0.04625 -1.00339e-15 -2.24208e-44 0.0025 1 1 2.5 0.005 181 5 1 1 
-0.04375 -1.29899e-15 -4.48416e-44 0.0025 1 1 2.5 0.005 182 5 1 1 
-0.04125 -1.82316e-15 -1.12104e-44 0.0025 1 1 2.5 0.005 183 5 1 1 
-0.03875 -2.35788e-15 -5.68434e-14 0.0025 1 1 2.5 0.005 184 5 1 1 
-0.03625 -2.59657e-15 5.68434e-14 0.0025 1 1 2.5 0.005 185 5 1 1 
-0.03375 -4.28072e-15 -5.68434e-14 0.0025 1 1 2.5 0.005 186 4 1 1 
-0.03125 -6.42321e-16 -5.68434e-14 0.0025 1 1 2.5 0.005 187 3 1 1 
-0.02875 -8.97457e-16 5.68434e-14 0.0025 1 1 2.5 0.005 188 3 1 1 
-0.02625 -1.37683e-15 -1.93271e-27 0.0025 1 1 2.5 0.005 189 3 1 1 
-0.02375 9.84364e-16 1.7053e-13 0.0025 1 1 2.5 0.005 190 4 1 1 
-0.02125 1.37473e-15 6.25278e-13 0.0025 1 1 2.5 0.005 191 5 1 1 
-0.01875 3.43154e-16 -1.25056e-12 0.0025 1 1 2.5 0.005 192 4 1 1 
-0.01625 2.13017e-15 2.84217e-13 0.0025 1 1 2.5 0.005 193 4 1 1 
-0.01375 -1.26608e-16 5.68434e-14 0.0025 1 1 2.5 0.005 194 4 1 1 
-0.01125 -2.90778e-16 -5.68434e-14 0.0025 1 1 2.5 0.005 195 3 1 1 
-0.00875 -9.14138e-16 -5.68434e-14 0.0025 1 1 2.5 0.005 196 3 1 1 
-0.00625 -4.20357e-16 -3.9443e-29 0.0025 1 1 2.5 0.005 197 4 1 1 
-0.00375 2.55647e-16 5.68434e-14 0.0025 1 1 2.5 0.005 198 3 1 1 
-0.00125 8.32644e-17 -5.68434e-14 0.0025 1 1 2.5 0.005 199 3 1 1 
0.00125 5.19539e-17 -5.68434e-14 0.0025 1 1 2.5 0.005 200 4 1 1 
0.00375 1.28811e-16 -1.13687e-13 0.0025 1 1 2.5 0.005 201 3 1 1 
0.00625 5.69941e-16 1.7053e-13 0.0025 1 1 2.5 0.005 202 3 1 1 
0.00875 5.66252e-16 5.68434e-14 0.0025 1 1 2.5 0.005 203 3 1 1 
0.01125 -1.1139e-16 1.7053e-13 0.0025 1 1 2.5 0.005 204 3 1 1 
0.01375 -7.25638e-16 3.41061e-13 0.0025 1 1 2.5 0.005 205 3 1 1 
0.01625 -7.52967e-16 1.02318e-12 0.0025 1 1 2.5 0.005 206 4 1 1 
0.01875 1.16642e-15 -7.95808e-13 0.0025 1 1 2.5 0.005 207 5 1 1 
0.02125 2.35897e-15 -6.82121e-13 0.0025 1 1 2.5 0.005 208 5 1 1 
0.02375 1.41787e-15 5.11591e-13 0.0025 1 1 2.5 0.005 209 5 1 1 
0.02625 1.18307e-15 -6.82121e-13 0.0025 1 1 2.5 0.005 210 4 1 1 
0.02875 2.59062e-15 3.41061e-13 0.0025 1 1 2.5 0.005 211 3 1 1 
0.03125 1.95868e-16 1.13687e-13 0.0025 1 1 2.5 0.005 212 4 1 1 
0.03375 -6.45311e-16 5.52203e-28 0.0025 1 1 2.5 0.005 213 5 1 1 
0.03625 1.50672e-15 -5.68434e-14 0.0025 1 1 2.5 0.005 214 5 1 1 
0.03875 1.27785e-15 -1.12104e-44 0.0025 1 1 2.5 0.005 215 5 1 1 
0.04125 1.17869e-15 -5.68434e-14 0.0025 1 1 2.5 0.005 216 5 1 1 
0.04375 9.51979e-16 5.68434e-14 0.0025 1 1 2.5 0.005 217 5 1 1 
0.04625 7.21169e-16 -5.68434e-14 0.0025 1 1 2.5 0.005 218 5 1 1 
0.04875 5.21904e-16 5.68434e-14 0.0025 1 1 2.5 0.005 219 5 1 1 
0.05125 3.54898e-16 -5.68434e-14 0.0025 1 1 2.5 0.005 220 5 1 1 
0.05375 1.86584e-16 5.68434e-14 0.0025 1 1 2.5 0.005 221 5 1 1 
0.05625 3.40396e-17 1.12104e-44 0.0025 1 1 2.5 0.005 222 5 1 1 
0.05875 6.71313e-48 0 0.0025 1 1 2.5 0.005 223 5 1 1 
0.06125 0 0 0.0025 1 1 2.5 0.005 224 5 1 1 
0.06375 0 0 0.0025 1 1 2.5 0.005 225 5 1 1 
0.06625 0 0 0.0025 1 1 2.5 0.005 226 5 1 1 
0.06875 0 0 0.0025 1 1 2.5 0.005 227 5 1 1 
0.07125 0 0 0.0025 1 1 2.5 0.005 228 5 1 1 
0.07375 0 0 0.0025 1 1 2.5 0.005 229 5 1 1 
0.07625 0 0 0.0025 1 1 2.5 0.005 230 5 1 1 
0.07875 0 0 0.0025 1 1 2.5 0.005 231 5 1 1 
0.08125 0 0 0.0025 1 1 2.5 0.005 232 5 1 1 
0.08375 0 0 0.0025 1 1 2.5 0.005 233 5 1 1 
0.08625 0 0 0.0025 1 1 2.5 0.005 234 5 1 1 
0.08875 0 0 0.0025 1 1 2.5 0.005 235 5 1 1 
0.09125 -3.76903e-46 -1.12104e-44 0.0025 1 1 2.5 0.005 236 5 1 1 
0.09375 -3.35691e-17 -1.12104e-44 0.0025 1 1 2.5 0.005 237 5 1 1 
0.09625 -2.00225e-16 1.12104e-44 0.0025 1 1 2.5 0.005 238 5 1 1 
0.09875 -3.32868e-16 1.12104e-44 0.0025 1 1 2.5 0.005 239 5 1 1 
0.10125 5.1992e-16 0 0.0025 1 1 2.5 0.005 240 5 1 1 
0.10375 3.41311e-16 5.68434e-14 0.0025 1 1 2.5 0.005 241 5 1 1 
0.10625 3.26067e-15 -1.12104e-43 0.0025 1 1 2.5 0.005 242 5 1 1 
0.10875 2.01567e-15 -5.68434e-14 0.0025 1 1 2.5 0.005 243 5 1 1 
0.11125 1.46204e-15 1.7053e-13 0.0025 1 1 2.5 0.005 244 5 1 1 
0.11375 -1.03577e-15 2.24208e-43 0.0025 1 1 2.5 0.005 245 5 1 1 
0.11625 -9.62794e-16 -1.7053e-13 0.0025 1 1 2.5 0.005 246 5 1 1 
0.11875 -3.72973e-15 -2.27374e-13 0.0025 1 1 2.5 0.005 247 5 1 1 
0.12125 6.09457e-16 -2.84217e-13 0.0025 1 1 2.5 0.005 248 5 1 1 
0.12375 -2.60439e-15 -3.41061e-13 0.0025 1 1 2.5 0.005 249 4 1 1 
0.12625 2.60439e-15 3.41061e-13 0.0025 1 1 2.5 0.005 250 4 1 1 
0.12875 -6.09457e-16 2.84217e-13 0.0025 1 1 2.5 0.005 251 5 1 1 
0.13125 3.72973e-15 2.27374e-13 0.0025 1 1 2.5 0.005 252 5 1 1 
0.13375 9.62794e-16 1.7053e-13 0.0025 1 1 2.5 0.005 253 5 1 1 
0.13625 1.03577e-15 -2.24208e-43 0.0025 1 1 2.5 0.005 254 5 1 1 
0.13875 -1.46204e-15 -1.7053e-13 0.0025 1 1 2.5 0.005 255 5 1 1 
0.14125 -2.01567e-15 5.68434e-14 0.0025 1 1 2.5 0.005 256 5 1 1 
0.14375 -3.26067e-15 1.12104e-43 0.0025 1 1 2.5 0.005 257 5 1 1 
0.14625 -3.41311e-16 -5.68434e-14 0.0025 1 1 2.5 0.005 258 5 1 1 
0.14875 -5.1992e-16 0 0.0025 1 1 2.5 0.005 259 5 1 1 
0.15125 3.32868e-16 -1.12104e-44 0.0025 1 1 2.5 0.005 260 5 1 1 
0.15375 2.00225e-16 -1.12104e-44 0.0025 1 1 2.5 0.005 261 5 1 1 
0.15625 3.35691e-17 1.12104e-44 0.0025 1 1 2.5 0.005 262 5 1 1 
0.15875 3.76903e-46 1.12104e-44 0.0025 1 1 2.5 0.005 263 5 1 1 
0.16125 0 0 0.0025 1 1 2.5 0.005 264 5 1 1 
0.16375 0 0 0.0025 1 1 2.5 0.005 265 5 1 1 
0.16625 0 0 0.0025 1 1 2.5 0.005 266 5 1 1 
0.16875 0 0 0.0025 1 1 2.5 0.005 267 5 1 1 
0.17125 0 0 0.0025 1 1 2.5 0.005 268 5 1 1 
0.17375 0 0 0.0025 1 1 2.5 0.005 269 5 1 1 
0.17625 0 0 0.0025 1 1 2.5 0.005 270 5 1 1 
0.17875 0 0 0.0025 1 1 2.5 0.005 271 5 1 1 
0.18125 0 0 0.0025 1 1 2.5 0.005 272 5 1 1 
0.18375 0 0 0.0025 1 1 2.5 0.005 273 5 1 1 
0.18625 0 0 0.0025 1 1 2.5 0.005 274 5 1 1 
0.18875 0 0 0.0025 1 1 2.5 0.005 275 5 1 1 
0.19125 0 0 0.0025 1 1 2.5 0.005 276 5 1 1 
0.19375 0 0 0.0025 1 1 2.5 0.005 277 5 1 1 
0.19625 0 0 0.0025 1 1 2.5 0.005 278 5 1 1 
0.19875 0 0 0.0025 1 1 2.5 0.005 279 5 1 1 
0.20125 -9.72138e-47 -1.12104e-44 0.0025 1 1 2.5 0.005 280 5 1 1 
0.20375 -1.01886e-16 -1.12104e-44 0.0025 1 1 2.5 0.005 281 5 1 1 
0.20625 -2.71073e-16 0 0.0025 1 1 2.5 0.005 282 5 1 1 
0.20875 -4.39498e-16 0 0.0025 1 1 2.5 0.005 283 5 1 1 
0.21125 -6.06603e-16 0 0.0025 1 1 2.5 0.005 284 5 1 1 
0.21375 -7.72562e-16 1.12104e-44 0.0025 1 1 2.5 0.005 285 5 1 1 
0.21625 -9.01091e-16 1.12104e-44 0.0025 1 1 2.5 0.005 286 5 1 1 
0.21875 -1.07726e-15 5.68434e-14 0.0025 1 1 2.5 0.005 287 5 1 1 
0.22125 1.09108e-15 -8.96831e-44 0.0025 1 1 2.5 0.005 288 5 1 1 
0.22375 -2.52229e-17 5.68434e-14 0.0025 1 1 2.5 0.005 289 5 1 1 
0.22625 -9.18812e-16 2.24208e-44 0.0025 1 1 2.5 0.005 290 5 1 1 
0.22875 -2.01564e-15 2.8026e-43 0.0025 1 1 2.5 0.005 291 5 1 1 
0.23125 2.47382e-15 3.41061e-13 0.0025 1 1 2.5 0.005 292 5 1 1 
0.23375 -4.9001e-17 5.68434e-14 0.0025 1 1 2.5 0.005 293 5 1 1 
0.23625 -4.80199e-16 5.68434e-14 0.0025 1 1 2.5 0.005 294 5 1 1 
0.23875 -3.8208e-15 -1.7053e-13 0.0025 1 1 2.5 0.005 295 5 1 1 
0.24125 5.69775e-15 3.41061e-13 0.0025 1 1 2.5 0.005 296 5 1 1 
0.24375 7.42736e-16 3.97904e-13 0.0025 1 1 2.5 0.005 297 5 1 1 
0.24625 5.93924e-16 -1.7053e-13 0.0025 1 1 2.5 0.005 298 5 1 1 
0.24875 -5.75657e-15 -1.7053e-13 0.0025 1 1 2.5 0.005 299 3 1 1 
0.25125 5.75657e-15 1.7053e-13 0.0025 1 1 2.5 0.005 300 3 1 1 
0.25375 -5.93924e-16 1.7053e-13 0.0025 1 1 2.5 0.005 301 5 1 1 
0.25625 -7.42736e-16 -3.97904e-13 0.0025 1 1 2.5 0.005 302 5 1 1 
0.25875 -5.69775e-15 -3.41061e-13 0.0025 1 1 2.5 0.005 303 5 1 1 
0.26125 3.8208e-15 1.7053e-13 0.0025 1 1 2.5 0.005 304 5 1 1 
0.26375 4.80199e-16 -5.68434e-14 0.0025 1 1 2.5 0.005 305 5 1 1 
0.26625 4.9001e-17 -5.68434e-14 0.0025 1 1 2.5 0.005 306 5 1 1 
0.26875 -2.47382e-15 -3.41061e-13 0.0025 1 1 2.5 0.005 307 5 1 1 
0.27125 2.01564e-15 -2.8026e-43 0.0025 1 1 2.5 0.005 308 5 1 1 
0.27375 9.18812e-16 -2.24208e-44 0.0025 1 1 2.5 0.005 309 5 1 1 
0.27625 2.52229e-17 -5.68434e-14 0.0025 1 1 2.5 0.005 310 5 1 1 
0.27875 -1.09108e-15 8.96831e-44 0.0025 1 1 2.5 0.005 311 5 1 1 
0.28125 1.07726e-15 -5.68434e-14 0.0025 1 1 2.5 0.005 312 5 1 1 
0.28375 9.01091e-16 -1.12104e-44 0.0025 1 1 2.5 0.005 313 5 1 1 
0.28625 7.72562e-16 -1.12104e-44 0.0025 1 1 2.5 0.005 314 5 1 1 
0.28875 6.06603e-16 0 0.0025 1 1 2.5 0.005 315 5 1 1 
0.29125 4.39498e-16 0 0.0025 1 1 2.5 0.005 316 5 1 1 
0.29375 2.71073e-16 0 0.0025 1 1 2.5 0.005 317 5 1 1 
0.29625 1.01886e-16 1.12104e-44 0.0025 1 1 2.5 0.005 318 5 1 1 
0.29875 9.72138e-47 1.12104e-44 0.0025 1 1 2.5 0.005 319 5 1 1 
0.30125 0 0 0.0025 1 1 2.5 0.005 320 5 1 1 
0.30375 0 0 0.0025 1 1 2.5 0.005 321 5 1 1 
0.30625 0 0 0.0025 1 1 2.5 0.005 322 5 1 1 
0.30875 0 0 0.0025 1 1 2.5 0.005 323 5 1 1 
0.31125 0 0 0.0025 1 1 2.5 0.005 324 5 1 1 
0.31375 0 0 0.0025 1 1 2.5 0.005 325 5 1 1 
0.31625 6.71268e-48 2.24208e-44 0.0025 1 1 2.5 0.005 326 5 1 1 
0.31875 6.8077e-17 1.13687e-13 0.0025 1 1 2.5 0.005 327 5 1 1 
0.32125 1.37858e-15 3.80851e-12 0.0025 1 1 2.5 0.005 328 5 1 1 
0.32375 -2.75455e-15 -4.38831e-11 0.0025 1 1 2.5 0.005 329 4 1 1 
0.32625 -4.19894e-13 -7.02698e-10 0.0025 1 1 2.5 0.005 330 4 1 1 
0.32875 -3.86841e-12 -5.10659e-09 0.0025 1 1 2.5 0.005 331 4 1 1 
0.33125 -2.54572e-11 -2.89236e-08 0.0025 1 1 2.5 0.005 332 4 1 1 
0.33375 -1.37106e-10 -1.39982e-07 0.0025 1 1 2.5 0.005 333 4 1 1 
0.33625 -6.4421e-10 -6.01918e-07 0.0025 1 1 2.5 0.005 334 4 1 1 
0.33875 -2.72008e-09 -2.3506e-06 0.0025 1 1 2.5 0.005 335 4 1 1 
0.34125 -1.0508e-08 -8.45302e-06 0.0025 1 1 2.5 0.005 336 4 1 1 
0.34375 -3.75696e-08 -2.82453e-05 0.0025 1 1 2.5 0.005 337 4 1 1 
0.34625 -1.25303e-07 -8.82488e-05 0.0025 1 1 2.5 0.005 338 4 1 1 
0.34875 -3.92055e-07 -0.000258984 0.0025 1 1 2.5 0.005 339 4 1 1 
0.35125 -1.15561e-06 -0.000716303 0.0025 1 1 2.5 0.005 340 4 1 1 
0.35375 -3.2191e-06 -0.00187186 0.0025 1 1 2.5 0.00499999 341 4 1 1 
0.35625 -8.49546e-06 -0.0046305 0.0025 1.00001 1.00001 2.50001 0.00499997 342 4 1 1 
0.35875 -2.12816e-05 -0.0108584 0.0025 1.00002 1.00002 2.50002 0.00499992 343 4 1 1 
0.36125 -5.06802e-05 -0.0241613 0.0025 1.00004 1.00005 2.50004 0.00499981 344 4 1 1 
0.36375 -0.000114868 -0.0510458 0.0025 1.00009 1.00012 2.50009 0.00499956 345 4 1 1 
0.366249 -0.000248004 -0.102418 0.0025 1.00019 1.00026 2.50019 0.00499905 346 4 1 1 
0.368749 -0.000510334 -0.195088 0.0025 1.00039 1.00054 2.50039 0.00499805 347 4 1 1 
0.371248 -0.00100105 -0.352436 0.0025 1.00077 1.00107 2.50076 0.00499617 348 4 1 0.999998 
0.373745 -0.0018712 -0.60258 0.0025 1.00144 1.002 2.50143 0.00499283 349 4 1 0.999996 
0.37624 -0.0033298 -0.971592 0.0025 1.00256 1.00357 2.50255 0.00498721 350 4 1 0.999989 
0.378732 -0.00563103 -1.46931 0.0025 1.00435 1.00608 2.50433 0.00497832 351 4 1 0.999977 
0.381219 -0.00902664 -2.06832 0.0025 1.00702 1.00981 2.50699 0.00496516 352 4 1 0.999957 
0.383697 -0.0136747 -2.68464 0.0025 1.0107 1.015 2.51067 0.00494705 353 4 1 0.999932 
0.386166 -0.0195209 -3.17885 0.0025 1.01541 1.02164 2.51536 0.00492411 354 4 1 0.999911 
0.388622 -0.0262068 -3.38832 0.0025 1.02091 1.02941 2.52083 0.0048976 355 4 1 0.999906 
0.391063 -0.0330725 -3.20293 0.0025 1.0267 1.03763 2.52659 0.00486995 356 4 1 0.999924 
0.393492 -0.0392584 -2.54313 0.0025 1.03208 1.04528 2.53191 0.00484459 357 4 1 0.999978 
0.395908 -0.0435839 -1.09419 0.0025 1.03556 1.05033 2.53541 0.0048283 358 3 1 1 
0.39832 -0.0407317 6.34369 0.0025 1.0306 1.0436 2.5308 0.00485154 359 4 1 1.00004 
0.40076 -0.0132119 18.8476 0.0025 1.00967 1.0139 2.51005 0.0049521 360 4 1 0.999259 
0.403273 0.0232706 14.0064 0.0025 0.982646 0.97562 2.48256 0.0050883 361 4 1 0.997876 
0.405849 0.0449407 7.22648 0.0025 0.963084 0.948599 2.46267 0.00519165 362 4 1 0.998722 
0.408465 0.0628701 9.25021 0.0025 0.946908 0.926597 2.44624 0.00528035 363 4 1 0.999238 
0.41113 0.0875391 11.8176 0.0025 0.927602 0.900245 2.42618 0.00539025 364 4 1 0.998911 
0.413856 0.115241 11.7396 0.0025 0.906188 0.871222 2.40357 0.00551762 365 4 1 0.998517 
0.416648 0.142933 11.3324 0.0025 0.884726 0.842469 2.38063 0.00565147 366 4 1 0.998426 
0.419508 0.171072 11.3625 0.0025 0.863287 0.81404 2.3574 0.00579182 367 4 1 0.998369 
0.422441 0.200275 11.4381 0.0025 0.841575 0.785524 2.33352 0.00594124 368 4 1 0.99825 
0.425451 0.230465 11.4086 0.0025 0.819609 0.756971 2.30897 0.00610047 369 4 1 0.998117 
0.428543 0.261512 11.3931 0.0025 0.797446 0.728473 2.28379 0.00627002 370 4 1 0.997986 
0.431722 0.293519 11.3335 0.0025 0.775113 0.700074 2.258 0.00645067 371 4 1 0.997844 
0.434995 0.326523 11.2452 0.0025 0.752671 0.671864 2.23163 0.00664301 372 4 1 0.997701 
0.438367 0.360377 11.1444 0.0025 0.730168 0.643914 2.20471 0.00684774 373 4 1 0.997554 
0.441845 0.39499 10.937 0.0025 0.707734 0.616388 2.17736 0.0070648 374 4 1 0.997415 
0.445434 0.430099 10.5952 0.0025 0.685619 0.589593 2.1499 0.00729268 375 4 1 0.997319 
0.449139 0.465077 10.0516 0.0025 0.664193 0.56396 2.12277 0.00752793 376 4 1 0.997299 
0.452964 0.4989 9.16581 0.0025 0.64403 0.540137 2.09676 0.00776361 377 4 1 0.997412 
0.456905 0.530116 7.92119 0.0025 0.62584 0.518901 2.07288 0.00798926 378 4 1 0.99771 
0.460955 0.557284 6.47681 0.0025 0.610164 0.500802 2.05197 0.00819452 379 4 1 0.998157 
0.465101 0.580533 5.5576 0.0025 0.596678 0.48539 2.03374 0.00837973 380 4 1 0.998572 
0.469336 0.603046 5.9579 0.0025 0.583704 0.470695 2.01597 0.00856599 381 4 1 0.998695 
0.473668 0.629303 6.87309 0.0025 0.569668 0.454926 1.99645 0.00877704 382 4 1 0.998446 
0.478114 0.657349 6.14208 0.0025 0.555709 0.439381 1.97673 0.00899751 383 4 1 0.998262 
0.482667 0.677617 2.90718 0.0025 0.545754 0.428391 1.96249 0.00916163 384 4 1 0.998921 
0.487276 0.68232 -0.482919 0.0025 0.54229 0.424612 1.95755 0.00922016 385 5 1 0.999842 
0.491887 0.680767 -0.129369 0.0025 0.542399 0.424756 1.95776 0.0092183 386 4 1 0.999997 
0.496495 0.679842 -0.301896 0.0025 0.542884 0.425294 1.9585 0.00921008 387 4 1 0.999996 
0.501097 0.678605 -0.248785 0.0025 0.54347 0.425948 1.95939 0.00920013 388 4 1 0.999997 
0.505695 0.677564 -0.202348 0.0025 0.544019 0.426561 1.96023 0.00919086 389 4 1 0.999998 
0.510288 0.676726 -0.154642 0.0025 0.544465 0.427064 1.96093 0.00918332 390 4 1 0.999999 
0.514878 0.676082 -0.117205 0.0025 0.544809 0.427456 1.96149 0.00917753 391 4 1 0.999999 
0.519466 0.675598 -0.0877431 0.0025 0.545064 0.427753 1.96194 0.00917324 392 4 1 1 
0.524051 0.675232 -0.0660007 0.0025 0.545245 0.427974 1.9623 0.00917018 393 4 1 1 
0.528636 0.674954 -0.0507242 0.0025 0.54536 0.42813 1.9626 0.00916825 394 4 1 1 
0.53322 0.674736 -0.0405056 0.0025 0.545373 0.42821 1.96292 0.00916804 395 3 1 1 
0.537804 0.674558 -0.0341627 0.0025 0.545061 0.428046 1.96329 0.00917328 396 4 1 1 
0.542393 0.674406 -0.0302717 0.0025 0.543511 0.42632 1.96095 0.00919945 397 4 1 0.999989 
0.547003 0.674269 -0.0273828 0.0025 0.530413 0.411015 1.93724 0.00942661 398 4 1 0.999674 
0.551824 0.674136 -0.0245034 0.0025 0.506386 0.439752 2.17103 0.00987389 399 4 1 0.994715 
0.556884 0.674005 -0.021358 0.0025 0.480935 0.415066 2.1576 0.0103964 400 4 1 0.993732 
0.56223 0.673872 -0.0175019 0.0025 0.458494 0.449607 2.45154 0.0109053 401 4 1 0.993713 
0.567795 0.673734 -0.0116145 0.0025 0.449894 0.43017 2.3904 0.0111137 402 5 1 0.998662 
0.573344 0.67358 -0.00163599 0.0025 0.451486 0.428489 2.37266 0.0110745 403 4 1 0.99997 
0.57887 0.673353 0.0191619 0.0025 0.453043 0.428358 2.36378 0.0110365 404 4 1 0.999994 
0.58438 0.672884 0.0846032 0.0025 0.453877 0.428159 2.35834 0.0110162 405 3 1 1 
0.589886 0.671608 0.276867 0.0025 0.453738 0.42714 2.35344 0.0110196 406 4 1 1 
0.5954 0.667836 0.843753 0.0025 0.451767 0.423973 2.34616 0.0110676 407 4 1 0.999975 
0.600954 0.657894 2.19979 0.0025 0.445767 0.415694 2.33128 0.0112166 408 4 1 0.99969 
0.606618 0.63274 5.24291 0.0025 0.432044 0.397499 2.29999 0.0115729 409 4 1 0.998195 
0.612532 0.581958 10.2882 0.0025 0.405813 0.363455 2.23884 0.0123209 410 4 1 0.993221 
0.618963 0.47091 23.5318 0.0025 0.361745 0.307686 2.12623 0.0138219 411 4 1 0.98167 
0.626455 0.272812 32.1259 0.0025 0.309204 0.244465 1.9767 0.0161706 412 4 1 0.96221 
0.635302 0.0902547 19.8557 0.0025 0.270478 0.200941 1.85758 0.0184858 413 4 1 0.963658 
0.64502 0.0126835 5.03933 0.0025 0.253977 0.183528 1.80669 0.0196868 414 4 1 0.988785 
0.654997 -0.000346813 0.306085 0.0025 0.250252 0.179749 1.79571 0.0199799 415 4 1 0.99921 
0.665 -0.000193268 -0.090516 0.0025 0.249959 0.179458 1.79488 0.0200033 416 5 1 0.999995 
0.675 1.11577e-05 -0.00170751 0.0025 0.249997 0.179497 1.79499 0.0200002 417 4 1 1 
0.685 4.97169e-06 0.00101694 0.0025 0.250001 0.179501 1.795 0.0199999 418 3 1 1 
0.695 1.06582e-06 0.000268097 0.0025 0.25 0.1795 1.795 0.02 419 4 1 1 
0.705 1.9396e-07 5.31985e-05 0.0025 0.25 0.1795 1.795 0.02 420 4 1 1 
0.715 3.18516e-08 9.4238e-06 0.0025 0.25 0.1795 1.795 0.02 421 4 1 1 
0.725 4.76069e-09 1.51677e-06 0.0025 0.25 0.1795 1.795 0.02 422 4 1 1 
0.735 6.46849e-10 2.21968e-07 0.0025 0.25 0.1795 1.795 0.02 423 4 1 1 
0.745 7.94845e-11 2.94355e-08 0.0025 0.25 0.1795 1.795 0.02 424 4 1 1 
0.755 8.78087e-12 3.51132e-09 0.0025 0.25 0.1795 1.795 0.02 425 4 1 1 
0.765 8.63096e-13 3.76474e-10 0.0025 0.25 0.1795 1.795 0.02 426 4 1 1 
0.775 6.9833e-14 3.65503e-11 0.0025 0.25 0.1795 1.795 0.02 427 4 1 1 
0.785 2.37364e-15 1.39266e-12 0.0025 0.25 0.1795 1.795 0.02 428 5 1 1 
0.795 2.25494e-16 1.56319e-13 0.0025 0.25 0.1795 1.795 0.02 429 5 1 1 
0.805 5.53742e-47 3.92364e-44 0.0025 0.25 0.1795 1.795 0.02 430 5 1 1 
0.815 2.51737e-48 2.8026e-45 0.0025 0.25 0.1795 1.795 0.02 431 5 1 1 
0.825 0 0 0.0025 0.25 0.1795 1.795 0.02 432 5 1 1 
0.835 0 0 0.0025 0.25 0.1795 1.795 0.02 433 5 1 1 
0.845 0 0 0.0025 0.25 0.1795 1.795 0.02 434 5 1 1 
0.855 0 0 0.0025 0.25 0.1795 1.795 0.02 435 5 1 1 
0.865 0 0 0.0025 0.25 0.1795 1.795 0.02 436 5 1 1 
0.875 0 0 0.0025 0.25 0.1795 1.795 0.02 437 5 1 1 
0.885 0 0 0.0025 0.25 0.1795 1.795 0.02 438 5 1 1 
0.895 0 0 0.0025 0.25 0.1795 1.795 0.02 439 5 1 1 
0.905 -1.76105e-47 -2.8026e-45 0.0025 0.25 0.1795 1.795 0.02 440 5 1 1 
0.915 -7.86062e-47 -5.60519e-45 0.0025 0.25 0.1795 1.795 0.02 441 5 1 1 
0.925 -1.99557e-16 -1.42109e-14 0.0025 0.25 0.1795 1.795 0.02 442 5 1 1 
0.935 -6.77447e-16 -2.84217e-14 0.0025 0.25 0.1795 1.795 0.02 443 5 1 1 
0.945 -1.70228e-15 -7.10543e-14 0.0025 0.25 0.1795 1.795 0.02 444 5 1 1 
0.955 -3.81257e-15 -9.9476e-14 0.0025 0.25 0.1795 1.795 0.02 445 5 1 1 
0.965 -7.09657e-15 -2.84217e-14 0.0025 0.25 0.1795 1.795 0.02 446 5 1 1 
0.975 -1.41979e-14 -5.68434e-14 0.0025 0.25 0.1795 1.795 0.02 447 5 1 1 
0.985 8.19322e-15 3.12639e-13 0.0025 0.25 0.1795 1.795 0.02 448 5 1 1 
0.995 -2.07836e-15 3.83693e-13 0.0025 0.25 0.1795 1.795 0.02 449 3 1 1 
1.005 2.07836e-15 -3.83693e-13 0.0025 0.25 0.1795 1.795 0.02 450 3 1 1 
1.015 -8.19322e-15 -3.12639e-13 0.0025 0.25 0.1795 1.795 0.02 451 5 1 1 
1.025 1.41979e-14 5.68434e-14 0.0025 0.25 0.1795 1.795 0.02 452 5 1 1 
1.035 7.09657e-15 2.84217e-14 0.0025 0.25 0.1795 1.795 0.02 453 5 1 1 
1.045 3.81257e-15 9.9476e-14 0.0025 0.25 0.1795 1.795 0.02 454 5 1 1 
1.055 1.70228e-15 7.10543e-14 0.0025 0.25 0.1795 1.795 0.02 455 5 1 1 
1.065 6.77447e-16 2.84217e-14 0.0025 0.25 0.1795 1.795 0.02 456 5 1 1 
1.075 1.99557e-16 1.42109e-14 0.0025 0.25 0.1795 1.795 0.02 457 5 1 1 
1.085 7.86062e-47 5.60519e-45 0.0025 0.25 0.1795 1.795 0.02 458 5 1 1 
1.095 1.76105e-47 2.8026e-45 0.0025 0.25 0.1795 1.795 0.02 459 5 1 1 
1.105 0 0 0.0025 0.25 0.1795 1.795 0.02 460 5 1 1 
1.115 0 0 0.0025 0.25 0.1795 1.795 0.02 461 5 1 1 
1.125 0 0 0.0025 0.25 0.1795 1.795 0.02 462 5 1 1 
1.135 0 0 0.0025 0.25 0.1795 1.795 0.02 463 5 1 1 
1.145 0 0 0.0025 0.25 0.1795 1.795 0.02 464 5 1 1 
1.155 0 0 0.0025 0.25 0.1795 1.795 0.02 465 5 1 1 
1.165 0 0 0.0025 0.25 0.1795 1.795 0.02 466 5 1 1 
1.175 0 0 0.0025 0.25 0.1795 1.795 0.02 467 5 1 1 
1.185 0 0 0.0025 0.25 0.1795 1.795 0.02 468 5 1 1 
1.195 -2.34912e-47 -1.68156e-44 0.0025 0.25 0.1795 1.795 0.02 469 5 1 1 
1.205 -8.93425e-17 -7.10543e-14 0.0025 0.25 0.1795 1.795 0.02 470 5 1 1 
1.215 -1.07182e-15 -7.38964e-13 0.0025 0.25 0.1795 1.795 0.02 471 5 1 1 
1.225 -5.29694e-14 -3.62377e-11 0.0025 0.25 0.1795 1.795 0.02 472 4 1 1 
1.235 -9.60438e-13 -4.79616e-10 0.0025 0.25 0.1795 1.795 0.02 473 4 1 1 
1.245 -1.18571e-11 -5.34061e-09 0.0025 0.25 0.1795 1.795 0.02 474 4 1 1 
1.255 -1.2631e-10 -5.15906e-08 0.0025 0.25 0.1795 1.795 0.02 475 4 1 1 
1.265 -1.16938e-09 -4.3623e-07 0.0025 0.25 0.1795 1.795 0.02 476 4 1 1 
1.275 -9.56213e-09 -3.26752e-06 0.0025 0.25 0.1795 1.795 0.02 477 4 1 1 
1.285 -6.96448e-08 -2.18044e-05 0.0025 0.25 0.1795 1.795 0.02 478 4 1 1 
1.295 -4.53856e-07 -0.000129954 0.0025 0.25 0.1795 1.795 0.02 479 4 1 1 
1.305 -2.65174e-06 -0.000691995 0.0025 0.250001 0.179501 1.795 0.0199999 480 4 1 1 
1.315 -1.38968e-05 -0.00328848 0.0025 0.250003 0.179503 1.79501 0.0199997 481 4 1 1 
1.325 -6.52934e-05 -0.0139198 0.0025 0.250015 0.179516 1.79504 0.0199988 482 4 1 1 
1.335 -0.000274828 -0.0523532 0.0025 0.250064 0.179565 1.79518 0.0199949 483 4 1 0.999998 
1.34499 -0.00103441 -0.173929 0.0025 0.25024 0.179741 1.79569 0.0199808 484 4 1 0.999982 
1.35498 -0.00345227 -0.499655 0.0025 0.25079 0.180294 1.79727 0.019937 485 4 1 0.999881 
1.36493 -0.00995732 -1.17566 0.0025 0.25224 0.181758 1.80144 0.0198224 486 4 1 0.999519 
1.3748 -0.0237588 -2.0812 0.0025 0.255271 0.184833 1.81017 0.019587 487 4 1 0.998967 
1.38452 -0.0449856 -2.4938 0.0025 0.26 0.189668 1.82373 0.0192308 488 4 1 0.999206 
1.39404 -0.0663642 -1.51639 0.0025 0.264712 0.194526 1.83712 0.0188885 489 3 1 1.00022 
1.40341 -0.0678117 2.75227 0.0025 0.262656 0.192435 1.83155 0.0190363 490 4 1 1.00069 
1.41308 0.00307506 10.8067 0.0025 0.246406 0.175978 1.78542 0.0202917 491 4 1 0.995235 
1.42376 0.115751 9.68231 0.0025 0.222105 0.152169 1.71283 0.0225119 492 4 1 0.979161 
1.43568 0.221712 8.32247 0.0025 0.198058 0.129622 1.63618 0.0252451 493 4 1 0.975884 
1.44913 0.345415 8.95545 0.0025 0.17309 0.107343 1.5504 0.0288867 494 4 1 0.971668 
1.4648 0.499962 9.12132 0.0025 0.145803 0.0844248 1.4476 0.034293 495 4 1 0.961807 
1.48391 0.692988 8.78619 0.0025 0.116532 0.0616865 1.32339 0.0429065 496 4 1 0.952179 
1.50887 0.940936 7.93375 0.0025 0.0866779 0.0407494 1.17533 0.0576848 497 4 1 0.947178 
1.54456 1.28337 7.14418 0.0025 0.0579502 0.0231837 1.00017 0.0862809 498 5 1 0.97327 
1.60583 1.87759 6.30642 0.0025 0.0335594 0.0120865 0.900393 0.148989 499 5 1 1.04751 
