# Time [s]: 9.09171e+11
# Columns: pos [pc], vel [pc/s], acc [pc/s^2], mass [Msun], dens [g/cm^3], pres [barye], ene [erg/g], sml [pc], id, neighbor, alpha, gradh, ...additional?
4.57492e+16 -678.98 3.50403e-12 4.97118e+27 0.000502244 4.34624 21634.2 3.07221e+14 0 4 1 0.994203 
4.58989e+16 -675.981 -2.75411e-11 4.97118e+27 0.000527594 4.07925 19329.1 2.9246e+14 1 4 1 1.00056 
4.60418e+16 -678.774 6.14844e-11 4.97118e+27 0.000538186 4.20555 19535.7 2.86704e+14 2 4 1 1.00003 
4.61856e+16 -696.143 2.99375e-11 4.97118e+27 0.000538963 4.2128 19543.8 2.86291e+14 3 4 1 0.997183 
-1.53919e+16 -658.487 -4.33197e-10 4.97118e+27 0.000554517 4.38248 19759.1 2.7826e+14 4 4 1 0.997018 
-1.5256e+16 -614.529 -2.20123e-10 4.97118e+27 0.000575832 4.62018 20057.8 2.6796e+14 5 4 1 0.997717 
-1.51239e+16 -591.529 -2.09954e-10 4.97118e+27 0.000592761 4.81018 20289 2.60307e+14 6 4 1 0.994928 
-1.49956e+16 -549.42 -4.81353e-10 4.97118e+27 0.00061777 5.09597 20625.8 2.49769e+14 7 4 1 0.990351 
-1.48739e+16 -481.063 -7.19434e-10 4.97118e+27 0.000656753 5.55176 21136.5 2.34944e+14 8 4 1 0.987803 
-1.47603e+16 -399.154 -8.64511e-10 4.97118e+27 0.00070598 6.14305 21756.3 2.18561e+14 9 4 1 0.987553 
-1.46549e+16 -314.303 -9.41455e-10 4.97118e+27 0.000760611 6.81899 22414.6 2.02863e+14 10 4 1 0.988938 
-1.4557e+16 -232.857 -9.3106e-10 4.97118e+27 0.000816309 7.52867 23057.2 1.89022e+14 11 4 1 0.991293 
-1.44656e+16 -162.062 -8.19622e-10 4.97118e+27 0.000868995 8.21604 23639.2 1.77561e+14 12 4 1 0.991647 
-1.43793e+16 -98.0238 -9.75686e-10 4.97118e+27 0.00092157 8.91806 24199.9 1.67432e+14 13 4 1 0.990117 
-1.4298e+16 -18.4513 -1.32883e-09 4.97118e+27 0.000981834 9.75264 24827.2 1.57155e+14 14 4 1 0.995594 
-1.42219e+16 50.0344 -6.28769e-10 4.97118e+27 0.00103183 10.46 25327.8 1.49541e+14 15 4 1 1.00025 
-1.41484e+16 61.0731 9.07736e-11 4.97118e+27 0.00104697 10.6699 25470.4 1.47377e+14 16 3 1 1.00001 
-1.40746e+16 49.5676 2.2896e-10 4.97118e+27 0.00103867 10.5478 25385.9 1.48555e+14 17 4 1 0.999897 
-1.39998e+16 34.0243 2.55498e-10 4.97118e+27 0.00102613 10.368 25260.6 1.50371e+14 18 4 1 0.999576 
-1.39242e+16 19.9944 2.08496e-10 4.97118e+27 0.0010152 10.2128 25151.3 1.5199e+14 19 4 1 0.999641 
-1.38478e+16 10.1037 1.35222e-10 4.97118e+27 0.00100766 10.1066 25075.9 1.53127e+14 20 4 1 0.999815 
-1.37711e+16 4.42794 7.21419e-11 4.97118e+27 0.00100337 10.0466 25033.2 1.53782e+14 21 4 1 0.999936 
-1.36941e+16 1.69716 3.26189e-11 4.97118e+27 0.0010013 10.0179 25012.7 1.541e+14 22 4 1 0.999985 
-1.3617e+16 0.570014 1.27277e-11 4.97118e+27 0.00100044 10.006 25004.3 1.54232e+14 23 4 1 0.999997 
-1.35398e+16 0.166491 4.30122e-12 4.97118e+27 0.00100013 10.0018 25001.3 1.5428e+14 24 4 1 1 
-1.34627e+16 0.0414922 1.24659e-12 4.97118e+27 0.00100003 10.0004 25000.3 1.54295e+14 25 4 1 1 
-1.33855e+16 0.00850553 3.02235e-13 4.97118e+27 0.00100001 10.0001 25000.1 1.54299e+14 26 4 1 1 
-1.33084e+16 0.00132886 5.82521e-14 4.97118e+27 0.001 10 25000 1.543e+14 27 4 1 1 
-1.32312e+16 0.000127689 7.85251e-15 4.97118e+27 0.001 10 25000 1.543e+14 28 4 1 1 
-1.31541e+16 1.43647e-07 3.70449e-16 4.97118e+27 0.001 10 25000 1.543e+14 29 4 1 1 
-1.30769e+16 4.22745e-08 -6.97339e-17 4.97118e+27 0.001 10 25000 1.543e+14 30 5 1 1 
-1.29998e+16 5.73783e-07 5.09172e-18 4.97118e+27 0.001 10 25000 1.543e+14 31 3 1 1 
-1.29226e+16 1.93764e-07 5.67942e-18 4.97118e+27 0.001 10 25000 1.543e+14 32 4 1 1 
-1.28455e+16 3.48673e-08 1.57071e-18 4.97118e+27 0.001 10 25000 1.543e+14 33 4 1 1 
-1.27683e+16 2.86363e-09 2.19013e-19 4.97118e+27 0.001 10 25000 1.543e+14 34 4 1 1 
-1.26912e+16 -1.29887e-10 -9.4125e-22 4.97118e+27 0.001 10 25000 1.543e+14 35 4 1 1 
-1.2614e+16 2.67262e-11 -8.60203e-22 4.97118e+27 0.001 10 25000 1.543e+14 36 5 1 1 
-1.25369e+16 7.70689e-12 2.33931e-22 4.97118e+27 0.001 10 25000 1.543e+14 37 5 1 1 
-1.24597e+16 9.9059e-13 7.18371e-23 4.97118e+27 0.001 10 25000 1.543e+14 38 5 1 1 
-1.23826e+16 5.03734e-14 1.84198e-24 4.97118e+27 0.001 10 25000 1.543e+14 39 5 1 1 
-1.23054e+16 9.93441e-45 3.63266e-55 4.97118e+27 0.001 10 25000 1.543e+14 40 5 1 1 
-1.22283e+16 0 0 4.97118e+27 0.001 10 25000 1.543e+14 41 5 1 1 
-1.21511e+16 0 0 4.97118e+27 0.001 10 25000 1.543e+14 42 5 1 1 
-1.2074e+16 0 0 4.97118e+27 0.001 10 25000 1.543e+14 43 5 1 1 
-1.19968e+16 0 0 4.97118e+27 0.001 10 25000 1.543e+14 44 5 1 1 
-1.19197e+16 0 0 4.97118e+27 0.001 10 25000 1.543e+14 45 5 1 1 
-1.18425e+16 0 0 4.97118e+27 0.001 10 25000 1.543e+14 46 5 1 1 
-1.17654e+16 0 0 4.97118e+27 0.001 10 25000 1.543e+14 47 5 1 1 
-1.16882e+16 0 0 4.97118e+27 0.001 10 25000 1.543e+14 48 5 1 1 
-1.16111e+16 0 0 4.97118e+27 0.001 10 25000 1.543e+14 49 5 1 1 
-1.15339e+16 0 0 4.97118e+27 0.001 10 25000 1.543e+14 50 5 1 1 
-1.14568e+16 0 0 4.97118e+27 0.001 10 25000 1.543e+14 51 5 1 1 
-1.13796e+16 0 0 4.97118e+27 0.001 10 25000 1.543e+14 52 5 1 1 
-1.13025e+16 0 0 4.97118e+27 0.001 10 25000 1.543e+14 53 5 1 1 
-1.12253e+16 0 0 4.97118e+27 0.001 10 25000 1.543e+14 54 5 1 1 
-1.11482e+16 0 0 4.97118e+27 0.001 10 25000 1.543e+14 55 5 1 1 
-1.1071e+16 0 0 4.97118e+27 0.001 10 25000 1.543e+14 56 5 1 1 
-1.09939e+16 0 0 4.97118e+27 0.001 10 25000 1.543e+14 57 5 1 1 
-1.09167e+16 0 0 4.97118e+27 0.001 10 25000 1.543e+14 58 5 1 1 
-1.08396e+16 0 0 4.97118e+27 0.001 10 25000 1.543e+14 59 5 1 1 
-1.07624e+16 0 0 4.97118e+27 0.001 10 25000 1.543e+14 60 5 1 1 
-1.06853e+16 0 0 4.97118e+27 0.001 10 25000 1.543e+14 61 5 1 1 
-1.06081e+16 0 0 4.97118e+27 0.001 10 25000 1.543e+14 62 5 1 1 
-1.0531e+16 0 0 4.97118e+27 0.001 10 25000 1.543e+14 63 5 1 1 
-1.04538e+16 0 0 4.97118e+27 0.001 10 25000 1.543e+14 64 5 1 1 
-1.03767e+16 0 0 4.97118e+27 0.001 10 25000 1.543e+14 65 5 1 1 
-1.02995e+16 0 0 4.97118e+27 0.001 10 25000 1.543e+14 66 5 1 1 
-1.02224e+16 0 0 4.97118e+27 0.001 10 25000 1.543e+14 67 5 1 1 
-1.01452e+16 0 0 4.97118e+27 0.001 10 25000 1.543e+14 68 5 1 1 
-1.00681e+16 0 0 4.97118e+27 0.001 10 25000 1.543e+14 69 5 1 1 
-9.99092e+15 0 0 4.97118e+27 0.001 10 25000 1.543e+14 70 5 1 1 
-9.91377e+15 0 0 4.97118e+27 0.001 10 25000 1.543e+14 71 5 1 1 
-9.83662e+15 0 0 4.97118e+27 0.001 10 25000 1.543e+14 72 5 1 1 
-9.75947e+15 0 0 4.97118e+27 0.001 10 25000 1.543e+14 73 5 1 1 
-9.68232e+15 0 0 4.97118e+27 0.001 10 25000 1.543e+14 74 5 1 1 
-9.60517e+15 0 0 4.97118e+27 0.001 10 25000 1.543e+14 75 5 1 1 
-9.52802e+15 0 0 4.97118e+27 0.001 10 25000 1.543e+14 76 5 1 1 
-9.45087e+15 0 0 4.97118e+27 0.001 10 25000 1.543e+14 77 5 1 1 
-9.37372e+15 0 0 4.97118e+27 0.001 10 25000 1.543e+14 78 5 1 1 
-9.29657e+15 0 0 4.97118e+27 0.001 10 25000 1.543e+14 79 5 1 1 
-9.21942e+15 0 0 4.97118e+27 0.001 10 25000 1.543e+14 80 5 1 1 
-9.14227e+15 0 0 4.97118e+27 0.001 10 25000 1.543e+14 81 5 1 1 
-9.06512e+15 0 0 4.97118e+27 0.001 10 25000 1.543e+14 82 5 1 1 
-8.98797e+15 0 0 4.97118e+27 0.001 10 25000 1.543e+14 83 5 1 1 
-8.91082e+15 0 0 4.97118e+27 0.001 10 25000 1.543e+14 84 5 1 1 
-8.83367e+15 0 0 4.97118e+27 0.001 10 25000 1.543e+14 85 5 1 1 
-8.75652e+15 0 0 4.97118e+27 0.001 10 25000 1.543e+14 86 5 1 1 
-8.67937e+15 0 0 4.97118e+27 0.001 10 25000 1.543e+14 87 5 1 1 
-8.60222e+15 0 0 4.97118e+27 0.001 10 25000 1.543e+14 88 5 1 1 
-8.52507e+15 0 0 4.97118e+27 0.001 10 25000 1.543e+14 89 5 1 1 
-8.44792e+15 0 0 4.97118e+27 0.001 10 25000 1.543e+14 90 5 1 1 
-8.37077e+15 0 0 4.97118e+27 0.001 10 25000 1.543e+14 91 5 1 1 
-8.29362e+15 0 0 4.97118e+27 0.001 10 25000 1.543e+14 92 5 1 1 
-8.21647e+15 0 0 4.97118e+27 0.001 10 25000 1.543e+14 93 5 1 1 
-8.13932e+15 0 0 4.97118e+27 0.001 10 25000 1.543e+14 94 5 1 1 
-8.06217e+15 0 0 4.97118e+27 0.001 10 25000 1.543e+14 95 5 1 1 
-7.98502e+15 0 0 4.97118e+27 0.001 10 25000 1.543e+14 96 5 1 1 
-7.90787e+15 0 0 4.97118e+27 0.001 10 25000 1.543e+14 97 5 1 1 
-7.83072e+15 0 0 4.97118e+27 0.001 10 25000 1.543e+14 98 5 1 1 
-7.75357e+15 0 0 4.97118e+27 0.001 10 25000 1.543e+14 99 5 1 1 
-7.67642e+15 0 0 4.97118e+27 0.001 10 25000 1.543e+14 100 5 1 1 
-7.59927e+15 0 0 4.97118e+27 0.001 10 25000 1.543e+14 101 5 1 1 
-7.52212e+15 0 0 4.97118e+27 0.001 10 25000 1.543e+14 102 5 1 1 
-7.44497e+15 0 0 4.97118e+27 0.001 10 25000 1.543e+14 103 5 1 1 
-7.36782e+15 0 0 4.97118e+27 0.001 10 25000 1.543e+14 104 5 1 1 
-7.29067e+15 0 0 4.97118e+27 0.001 10 25000 1.543e+14 105 5 1 1 
-7.21352e+15 0 0 4.97118e+27 0.001 10 25000 1.543e+14 106 5 1 1 
-7.13637e+15 0 0 4.97118e+27 0.001 10 25000 1.543e+14 107 5 1 1 
-7.05922e+15 0 0 4.97118e+27 0.001 10 25000 1.543e+14 108 5 1 1 
-6.98207e+15 0 0 4.97118e+27 0.001 10 25000 1.543e+14 109 5 1 1 
-6.90492e+15 0 0 4.97118e+27 0.001 10 25000 1.543e+14 110 5 1 1 
-6.82777e+15 0 0 4.97118e+27 0.001 10 25000 1.543e+14 111 5 1 1 
-6.75062e+15 0 0 4.97118e+27 0.001 10 25000 1.543e+14 112 5 1 1 
-6.67347e+15 0 0 4.97118e+27 0.001 10 25000 1.543e+14 113 5 1 1 
-6.59632e+15 0 0 4.97118e+27 0.001 10 25000 1.543e+14 114 5 1 1 
-6.51917e+15 0 0 4.97118e+27 0.001 10 25000 1.543e+14 115 5 1 1 
-6.44202e+15 0 0 4.97118e+27 0.001 10 25000 1.543e+14 116 5 1 1 
-6.36487e+15 0 0 4.97118e+27 0.001 10 25000 1.543e+14 117 5 1 1 
-6.28772e+15 0 0 4.97118e+27 0.001 10 25000 1.543e+14 118 5 1 1 
-6.21057e+15 0 0 4.97118e+27 0.001 10 25000 1.543e+14 119 5 1 1 
-6.13342e+15 0 0 4.97118e+27 0.001 10 25000 1.543e+14 120 5 1 1 
-6.05627e+15 0 0 4.97118e+27 0.001 10 25000 1.543e+14 121 5 1 1 
-5.97912e+15 0 0 4.97118e+27 0.001 10 25000 1.543e+14 122 5 1 1 
-5.90197e+15 0 0 4.97118e+27 0.001 10 25000 1.543e+14 123 5 1 1 
-5.82482e+15 0 0 4.97118e+27 0.001 10 25000 1.543e+14 124 5 1 1 
-5.74767e+15 0 0 4.97118e+27 0.001 10 25000 1.543e+14 125 5 1 1 
-5.67052e+15 0 0 4.97118e+27 0.001 10 25000 1.543e+14 126 5 1 1 
-5.59337e+15 0 0 4.97118e+27 0.001 10 25000 1.543e+14 127 5 1 1 
-5.51622e+15 0 0 4.97118e+27 0.001 10 25000 1.543e+14 128 5 1 1 
-5.43907e+15 0 0 4.97118e+27 0.001 10 25000 1.543e+14 129 5 1 1 
-5.36192e+15 0 0 4.97118e+27 0.001 10 25000 1.543e+14 130 5 1 1 
-5.28477e+15 0 0 4.97118e+27 0.001 10 25000 1.543e+14 131 5 1 1 
-5.20762e+15 0 0 4.97118e+27 0.001 10 25000 1.543e+14 132 5 1 1 
-5.13047e+15 0 0 4.97118e+27 0.001 10 25000 1.543e+14 133 5 1 1 
-5.05332e+15 0 0 4.97118e+27 0.001 10 25000 1.543e+14 134 5 1 1 
-4.97617e+15 0 0 4.97118e+27 0.001 10 25000 1.543e+14 135 5 1 1 
-4.89902e+15 0 0 4.97118e+27 0.001 10 25000 1.543e+14 136 5 1 1 
-4.82187e+15 0 0 4.97118e+27 0.001 10 25000 1.543e+14 137 5 1 1 
-4.74472e+15 0 0 4.97118e+27 0.001 10 25000 1.543e+14 138 5 1 1 
-4.66757e+15 0 0 4.97118e+27 0.001 10 25000 1.543e+14 139 5 1 1 
-4.59042e+15 0 0 4.97118e+27 0.001 10 25000 1.543e+14 140 5 1 1 
-4.51327e+15 0 0 4.97118e+27 0.001 10 25000 1.543e+14 141 5 1 1 
-4.43612e+15 0 0 4.97118e+27 0.001 10 25000 1.543e+14 142 5 1 1 
-4.35897e+15 0 0 4.97118e+27 0.001 10 25000 1.543e+14 143 5 1 1 
-4.28182e+15 0 0 4.97118e+27 0.001 10 25000 1.543e+14 144 5 1 1 
-4.20467e+15 0 0 4.97118e+27 0.001 10 25000 1.543e+14 145 5 1 1 
-4.12752e+15 0 0 4.97118e+27 0.001 10 25000 1.543e+14 146 5 1 1 
-4.05037e+15 0 0 4.97118e+27 0.001 10 25000 1.543e+14 147 5 1 1 
-3.97322e+15 0 0 4.97118e+27 0.001 10 25000 1.543e+14 148 5 1 1 
-3.89607e+15 0 0 4.97118e+27 0.001 10 25000 1.543e+14 149 5 1 1 
-3.81892e+15 0 0 4.97118e+27 0.001 10 25000 1.543e+14 150 5 1 1 
-3.74177e+15 0 0 4.97118e+27 0.001 10 25000 1.543e+14 151 5 1 1 
-3.66462e+15 0 0 4.97118e+27 0.001 10 25000 1.543e+14 152 5 1 1 
-3.58747e+15 0 0 4.97118e+27 0.001 10 25000 1.543e+14 153 5 1 1 
-3.51032e+15 0 0 4.97118e+27 0.001 10 25000 1.543e+14 154 5 1 1 
-3.43317e+15 0 0 4.97118e+27 0.001 10 25000 1.543e+14 155 5 1 1 
-3.35602e+15 0 0 4.97118e+27 0.001 10 25000 1.543e+14 156 5 1 1 
-3.27887e+15 0 0 4.97118e+27 0.001 10 25000 1.543e+14 157 5 1 1 
-3.20172e+15 0 0 4.97118e+27 0.001 10 25000 1.543e+14 158 5 1 1 
-3.12457e+15 0 0 4.97118e+27 0.001 10 25000 1.543e+14 159 5 1 1 
-3.04742e+15 0 0 4.97118e+27 0.001 10 25000 1.543e+14 160 5 1 1 
-2.97027e+15 0 0 4.97118e+27 0.001 10 25000 1.543e+14 161 5 1 1 
-2.89312e+15 0 0 4.97118e+27 0.001 10 25000 1.543e+14 162 5 1 1 
-2.81597e+15 0 0 4.97118e+27 0.001 10 25000 1.543e+14 163 5 1 1 
-2.73882e+15 0 0 4.97118e+27 0.001 10 25000 1.543e+14 164 5 1 1 
-2.66167e+15 0 0 4.97118e+27 0.001 10 25000 1.543e+14 165 5 1 1 
-2.58452e+15 0 0 4.97118e+27 0.001 10 25000 1.543e+14 166 5 1 1 
-2.50737e+15 0 0 4.97118e+27 0.001 10 25000 1.543e+14 167 5 1 1 
-2.43022e+15 0 0 4.97118e+27 0.001 10 25000 1.543e+14 168 5 1 1 
-2.35307e+15 0 0 4.97118e+27 0.001 10 25000 1.543e+14 169 5 1 1 
-2.27592e+15 0 0 4.97118e+27 0.001 10 25000 1.543e+14 170 5 1 1 
-2.19877e+15 0 0 4.97118e+27 0.001 10 25000 1.543e+14 171 5 1 1 
-2.12162e+15 0 0 4.97118e+27 0.001 10 25000 1.543e+14 172 5 1 1 
-2.04447e+15 0 0 4.97118e+27 0.001 10 25000 1.543e+14 173 5 1 1 
-1.96732e+15 0 0 4.97118e+27 0.001 10 25000 1.543e+14 174 5 1 1 
-1.89017e+15 0 0 4.97118e+27 0.001 10 25000 1.543e+14 175 5 1 1 
-1.81302e+15 0 0 4.97118e+27 0.001 10 25000 1.543e+14 176 5 1 1 
-1.73587e+15 0 0 4.97118e+27 0.001 10 25000 1.543e+14 177 5 1 1 
-1.65872e+15 0 0 4.97118e+27 0.001 10 25000 1.543e+14 178 5 1 1 
-1.58157e+15 -2.3158e-44 -3.63266e-55 4.97118e+27 0.001 10 25000 1.543e+14 179 5 1 1 
-1.50442e+15 -5.02198e-14 -1.84198e-24 4.97118e+27 0.001 10 25000 1.543e+14 180 5 1 1 
-1.42727e+15 -2.1709e-13 1.84198e-24 4.97118e+27 0.001 10 25000 1.543e+14 181 5 1 1 
-1.35012e+15 -4.49998e-13 -1.84198e-24 4.97118e+27 0.001 10 25000 1.543e+14 182 5 1 1 
-1.27297e+15 -7.9745e-13 -1.0898e-54 4.97118e+27 0.001 10 25000 1.543e+14 183 5 1 1 
-1.19582e+15 -1.34195e-12 -1.84198e-24 4.97118e+27 0.001 10 25000 1.543e+14 184 5 1 1 
-1.11867e+15 -1.67364e-12 -1.84198e-24 4.97118e+27 0.001 10 25000 1.543e+14 185 5 1 1 
-1.04152e+15 -3.32798e-12 3.68395e-24 4.97118e+27 0.001 10 25000 1.543e+14 186 4 1 1 
-9.64375e+14 2.14858e-13 -1.84198e-24 4.97118e+27 0.001 10 25000 1.543e+14 187 3 1 1 
-8.87225e+14 -2.78568e-13 -3.68395e-24 4.97118e+27 0.001 10 25000 1.543e+14 188 3 1 1 
-8.10075e+14 -3.65509e-14 0 4.97118e+27 0.001 10 25000 1.543e+14 189 3 1 1 
-7.32925e+14 -1.49068e-13 -1.84198e-24 4.97118e+27 0.001 10 25000 1.543e+14 190 3 1 1 
-6.55775e+14 -3.42054e-13 -1.84198e-24 4.97118e+27 0.001 10 25000 1.543e+14 191 3 1 1 
-5.78625e+14 1.81237e-12 1.84198e-23 4.97118e+27 0.001 10 25000 1.543e+14 192 4 1 1 
-5.01475e+14 8.51306e-13 -1.84198e-24 4.97118e+27 0.001 10 25000 1.543e+14 193 5 1 1 
-4.24325e+14 1.33564e-12 -9.20989e-24 4.97118e+27 0.001 10 25000 1.543e+14 194 4 1 1 
-3.47175e+14 1.0442e-12 -5.52593e-24 4.97118e+27 0.001 10 25000 1.543e+14 195 3 1 1 
-2.70025e+14 4.98067e-13 9.20989e-24 4.97118e+27 0.001 10 25000 1.543e+14 196 4 1 1 
-1.92875e+14 5.19973e-13 6.71017e-39 4.97118e+27 0.001 10 25000 1.543e+14 197 4 1 1 
-1.15725e+14 9.94537e-14 1.59766e-39 4.97118e+27 0.001 10 25000 1.543e+14 198 5 1 1 
-3.8575e+13 -6.74932e-14 -3.68395e-24 4.97118e+27 0.001 10 25000 1.543e+14 199 5 1 1 
3.8575e+13 -1.97442e-13 -3.68395e-24 4.97118e+27 0.001 10 25000 1.543e+14 200 3 1 1 
1.15725e+14 2.48084e-13 3.68395e-24 4.97118e+27 0.001 10 25000 1.543e+14 201 4 1 1 
1.92875e+14 8.39289e-15 5.52593e-24 4.97118e+27 0.001 10 25000 1.543e+14 202 5 1 1 
2.70025e+14 -9.74474e-13 -1.10519e-23 4.97118e+27 0.001 10 25000 1.543e+14 203 4 1 1 
3.47175e+14 -1.31263e-12 -1.65778e-23 4.97118e+27 0.001 10 25000 1.543e+14 204 3 1 1 
4.24325e+14 -1.10091e-12 4.23655e-23 4.97118e+27 0.001 10 25000 1.543e+14 205 4 1 1 
5.01475e+14 -1.08545e-12 -1.65778e-23 4.97118e+27 0.001 10 25000 1.543e+14 206 5 1 1 
5.78625e+14 -1.74523e-12 -1.10519e-23 4.97118e+27 0.001 10 25000 1.543e+14 207 4 1 1 
6.55775e+14 3.44415e-13 1.84198e-24 4.97118e+27 0.001 10 25000 1.543e+14 208 3 1 1 
7.32925e+14 2.18561e-13 1.84198e-24 4.97118e+27 0.001 10 25000 1.543e+14 209 3 1 1 
8.10075e+14 2.26347e-13 1.84198e-24 4.97118e+27 0.001 10 25000 1.543e+14 210 3 1 1 
8.87225e+14 -2.15143e-13 -1.84198e-24 4.97118e+27 0.001 10 25000 1.543e+14 211 3 1 1 
9.64375e+14 3.39546e-12 3.68395e-24 4.97118e+27 0.001 10 25000 1.543e+14 212 4 1 1 
1.04153e+15 1.68991e-12 1.78938e-38 4.97118e+27 0.001 10 25000 1.543e+14 213 5 1 1 
1.11868e+15 1.27486e-12 1.84198e-24 4.97118e+27 0.001 10 25000 1.543e+14 214 5 1 1 
1.19583e+15 7.97719e-13 3.63266e-55 4.97118e+27 0.001 10 25000 1.543e+14 215 5 1 1 
1.27298e+15 4.66194e-13 7.26532e-55 4.97118e+27 0.001 10 25000 1.543e+14 216 5 1 1 
1.35013e+15 2.50387e-13 1.84198e-24 4.97118e+27 0.001 10 25000 1.543e+14 217 5 1 1 
1.42728e+15 6.71573e-14 3.63266e-55 4.97118e+27 0.001 10 25000 1.543e+14 218 5 1 1 
1.50443e+15 2.9769e-44 3.63266e-55 4.97118e+27 0.001 10 25000 1.543e+14 219 5 1 1 
1.58158e+15 0 0 4.97118e+27 0.001 10 25000 1.543e+14 220 5 1 1 
1.65873e+15 0 0 4.97118e+27 0.001 10 25000 1.543e+14 221 5 1 1 
1.73588e+15 0 0 4.97118e+27 0.001 10 25000 1.543e+14 222 5 1 1 
1.81303e+15 0 0 4.97118e+27 0.001 10 25000 1.543e+14 223 5 1 1 
1.89018e+15 0 0 4.97118e+27 0.001 10 25000 1.543e+14 224 5 1 1 
1.96733e+15 0 0 4.97118e+27 0.001 10 25000 1.543e+14 225 5 1 1 
2.04448e+15 0 0 4.97118e+27 0.001 10 25000 1.543e+14 226 5 1 1 
2.12163e+15 0 0 4.97118e+27 0.001 10 25000 1.543e+14 227 5 1 1 
2.19878e+15 0 0 4.97118e+27 0.001 10 25000 1.543e+14 228 5 1 1 
2.27593e+15 0 0 4.97118e+27 0.001 10 25000 1.543e+14 229 5 1 1 
2.35308e+15 0 0 4.97118e+27 0.001 10 25000 1.543e+14 230 5 1 1 
2.43023e+15 0 0 4.97118e+27 0.001 10 25000 1.543e+14 231 5 1 1 
2.50738e+15 0 0 4.97118e+27 0.001 10 25000 1.543e+14 232 5 1 1 
2.58453e+15 0 0 4.97118e+27 0.001 10 25000 1.543e+14 233 5 1 1 
2.66168e+15 0 0 4.97118e+27 0.001 10 25000 1.543e+14 234 5 1 1 
2.73883e+15 0 0 4.97118e+27 0.001 10 25000 1.543e+14 235 5 1 1 
2.81598e+15 0 0 4.97118e+27 0.001 10 25000 1.543e+14 236 5 1 1 
2.89313e+15 0 0 4.97118e+27 0.001 10 25000 1.543e+14 237 5 1 1 
2.97028e+15 -9.93441e-45 -3.63266e-55 4.97118e+27 0.001 10 25000 1.543e+14 238 5 1 1 
3.04743e+15 -3.35897e-14 -3.63266e-55 4.97118e+27 0.001 10 25000 1.543e+14 239 5 1 1 
3.12458e+15 -2.17875e-13 -1.84198e-24 4.97118e+27 0.001 10 25000 1.543e+14 240 5 1 1 
3.20173e+15 -5.01713e-13 -1.45306e-54 4.97118e+27 0.001 10 25000 1.543e+14 241 5 1 1 
3.27888e+15 -1.00129e-12 -3.68395e-24 4.97118e+27 0.001 10 25000 1.543e+14 242 5 1 1 
3.35603e+15 -1.81571e-12 -1.84198e-24 4.97118e+27 0.001 10 25000 1.543e+14 243 5 1 1 
3.43318e+15 -2.55798e-12 3.68395e-24 4.97118e+27 0.001 10 25000 1.543e+14 244 5 1 1 
3.51033e+15 -4.3099e-12 3.68395e-24 4.97118e+27 0.001 10 25000 1.543e+14 245 5 1 1 
3.58748e+15 3.45085e-12 1.65778e-23 4.97118e+27 0.001 10 25000 1.543e+14 246 5 1 1 
3.66463e+15 6.68056e-13 1.65778e-23 4.97118e+27 0.001 10 25000 1.543e+14 247 5 1 1 
3.74178e+15 1.05449e-12 -2.76297e-23 4.97118e+27 0.001 10 25000 1.543e+14 248 5 1 1 
3.81893e+15 -4.50889e-12 -2.57877e-23 4.97118e+27 0.001 10 25000 1.543e+14 249 4 1 1 
3.89608e+15 4.50889e-12 2.57877e-23 4.97118e+27 0.001 10 25000 1.543e+14 250 4 1 1 
3.97323e+15 -1.05449e-12 2.76297e-23 4.97118e+27 0.001 10 25000 1.543e+14 251 5 1 1 
4.05038e+15 -6.68056e-13 -1.65778e-23 4.97118e+27 0.001 10 25000 1.543e+14 252 5 1 1 
4.12753e+15 -3.45085e-12 -1.65778e-23 4.97118e+27 0.001 10 25000 1.543e+14 253 5 1 1 
4.20468e+15 4.3099e-12 -3.68395e-24 4.97118e+27 0.001 10 25000 1.543e+14 254 5 1 1 
4.28183e+15 2.55798e-12 -3.68395e-24 4.97118e+27 0.001 10 25000 1.543e+14 255 5 1 1 
4.35898e+15 1.81571e-12 1.84198e-24 4.97118e+27 0.001 10 25000 1.543e+14 256 5 1 1 
4.43613e+15 1.00129e-12 3.68395e-24 4.97118e+27 0.001 10 25000 1.543e+14 257 5 1 1 
4.51328e+15 5.01713e-13 1.45306e-54 4.97118e+27 0.001 10 25000 1.543e+14 258 5 1 1 
4.59043e+15 2.17875e-13 1.84198e-24 4.97118e+27 0.001 10 25000 1.543e+14 259 5 1 1 
4.66758e+15 3.35897e-14 3.63266e-55 4.97118e+27 0.001 10 25000 1.543e+14 260 5 1 1 
4.74473e+15 9.93441e-45 3.63266e-55 4.97118e+27 0.001 10 25000 1.543e+14 261 5 1 1 
4.82188e+15 0 0 4.97118e+27 0.001 10 25000 1.543e+14 262 5 1 1 
4.89903e+15 0 0 4.97118e+27 0.001 10 25000 1.543e+14 263 5 1 1 
4.97618e+15 0 0 4.97118e+27 0.001 10 25000 1.543e+14 264 5 1 1 
5.05333e+15 0 0 4.97118e+27 0.001 10 25000 1.543e+14 265 5 1 1 
5.13048e+15 0 0 4.97118e+27 0.001 10 25000 1.543e+14 266 5 1 1 
5.20763e+15 0 0 4.97118e+27 0.001 10 25000 1.543e+14 267 5 1 1 
5.28478e+15 0 0 4.97118e+27 0.001 10 25000 1.543e+14 268 5 1 1 
5.36193e+15 0 0 4.97118e+27 0.001 10 25000 1.543e+14 269 5 1 1 
5.43908e+15 0 0 4.97118e+27 0.001 10 25000 1.543e+14 270 5 1 1 
5.51623e+15 0 0 4.97118e+27 0.001 10 25000 1.543e+14 271 5 1 1 
5.59338e+15 0 0 4.97118e+27 0.001 10 25000 1.543e+14 272 5 1 1 
5.67053e+15 0 0 4.97118e+27 0.001 10 25000 1.543e+14 273 5 1 1 
5.74768e+15 0 0 4.97118e+27 0.001 10 25000 1.543e+14 274 5 1 1 
5.82483e+15 0 0 4.97118e+27 0.001 10 25000 1.543e+14 275 5 1 1 
5.90198e+15 0 0 4.97118e+27 0.001 10 25000 1.543e+14 276 5 1 1 
5.97913e+15 0 0 4.97118e+27 0.001 10 25000 1.543e+14 277 5 1 1 
6.05628e+15 0 0 4.97118e+27 0.001 10 25000 1.543e+14 278 5 1 1 
6.13343e+15 0 0 4.97118e+27 0.001 10 25000 1.543e+14 279 5 1 1 
6.21058e+15 0 0 4.97118e+27 0.001 10 25000 1.543e+14 280 5 1 1 
6.28773e+15 0 0 4.97118e+27 0.001 10 25000 1.543e+14 281 5 1 1 
6.36488e+15 0 0 4.97118e+27 0.001 10 25000 1.543e+14 282 5 1 1 
6.44203e+15 0 0 4.97118e+27 0.001 10 25000 1.543e+14 283 5 1 1 
6.51918e+15 0 0 4.97118e+27 0.001 10 25000 1.543e+14 284 5 1 1 
6.59633e+15 0 0 4.97118e+27 0.001 10 25000 1.543e+14 285 5 1 1 
6.67348e+15 -3.31e-45 -3.63266e-55 4.97118e+27 0.001 10 25000 1.543e+14 286 5 1 1 
6.75063e+15 -1.67837e-14 -1.84198e-24 4.97118e+27 0.001 10 25000 1.543e+14 287 5 1 1 
6.82778e+15 -2.68334e-13 -1.81633e-54 4.97118e+27 0.001 10 25000 1.543e+14 288 5 1 1 
6.90493e+15 -8.37703e-13 -7.36791e-24 4.97118e+27 0.001 10 25000 1.543e+14 289 5 1 1 
6.98208e+15 -1.80743e-12 -7.36791e-24 4.97118e+27 0.001 10 25000 1.543e+14 290 5 1 1 
7.05923e+15 -3.6275e-12 -9.20989e-24 4.97118e+27 0.001 10 25000 1.543e+14 291 5 1 1 
7.13638e+15 -5.28951e-12 -9.20989e-24 4.97118e+27 0.001 10 25000 1.543e+14 292 5 1 1 
7.21353e+15 -6.238e-12 -1.84198e-24 4.97118e+27 0.001 10 25000 1.543e+14 293 5 1 1 
7.29068e+15 -5.79144e-12 1.84198e-23 4.97118e+27 0.001 10 25000 1.543e+14 294 5 1 1 
7.36783e+15 -8.06198e-12 1.47358e-23 4.97118e+27 0.001 10 25000 1.543e+14 295 5 1 1 
7.44498e+15 8.47715e-12 2.94716e-23 4.97118e+27 0.001 10 25000 1.543e+14 296 5 1 1 
7.52213e+15 2.73259e-12 2.94716e-23 4.97118e+27 0.001 10 25000 1.543e+14 297 5 1 1 
7.59928e+15 2.72491e-12 -5.52593e-23 4.97118e+27 0.001 10 25000 1.543e+14 298 5 1 1 
7.67643e+15 -7.35965e-12 -4.23655e-23 4.97118e+27 0.001 10 25000 1.543e+14 299 3 1 1 
7.75358e+15 7.35965e-12 4.23655e-23 4.97118e+27 0.001 10 25000 1.543e+14 300 3 1 1 
7.83073e+15 -2.72491e-12 5.52593e-23 4.97118e+27 0.001 10 25000 1.543e+14 301 5 1 1 
7.90788e+15 -2.73259e-12 -2.94716e-23 4.97118e+27 0.001 10 25000 1.543e+14 302 5 1 1 
7.98503e+15 -8.47715e-12 -2.94716e-23 4.97118e+27 0.001 10 25000 1.543e+14 303 5 1 1 
8.06218e+15 8.06198e-12 -1.47358e-23 4.97118e+27 0.001 10 25000 1.543e+14 304 5 1 1 
8.13933e+15 5.79144e-12 -1.84198e-23 4.97118e+27 0.001 10 25000 1.543e+14 305 5 1 1 
8.21648e+15 6.238e-12 1.84198e-24 4.97118e+27 0.001 10 25000 1.543e+14 306 5 1 1 
8.29363e+15 5.28951e-12 9.20989e-24 4.97118e+27 0.001 10 25000 1.543e+14 307 5 1 1 
8.37078e+15 3.6275e-12 9.20989e-24 4.97118e+27 0.001 10 25000 1.543e+14 308 5 1 1 
8.44793e+15 1.80743e-12 7.36791e-24 4.97118e+27 0.001 10 25000 1.543e+14 309 5 1 1 
8.52508e+15 8.37703e-13 7.36791e-24 4.97118e+27 0.001 10 25000 1.543e+14 310 5 1 1 
8.60223e+15 2.68334e-13 1.81633e-54 4.97118e+27 0.001 10 25000 1.543e+14 311 5 1 1 
8.67938e+15 1.67837e-14 1.84198e-24 4.97118e+27 0.001 10 25000 1.543e+14 312 5 1 1 
8.75653e+15 3.31e-45 3.63266e-55 4.97118e+27 0.001 10 25000 1.543e+14 313 5 1 1 
8.83368e+15 0 0 4.97118e+27 0.001 10 25000 1.543e+14 314 5 1 1 
8.91083e+15 0 0 4.97118e+27 0.001 10 25000 1.543e+14 315 5 1 1 
8.98798e+15 0 0 4.97118e+27 0.001 10 25000 1.543e+14 316 5 1 1 
9.06513e+15 0 0 4.97118e+27 0.001 10 25000 1.543e+14 317 5 1 1 
9.14228e+15 0 0 4.97118e+27 0.001 10 25000 1.543e+14 318 5 1 1 
9.21943e+15 0 0 4.97118e+27 0.001 10 25000 1.543e+14 319 5 1 1 
9.29658e+15 0 0 4.97118e+27 0.001 10 25000 1.543e+14 320 5 1 1 
9.37373e+15 0 0 4.97118e+27 0.001 10 25000 1.543e+14 321 5 1 1 
9.45088e+15 0 0 4.97118e+27 0.001 10 25000 1.543e+14 322 5 1 1 
9.52803e+15 0 0 4.97118e+27 0.001 10 25000 1.543e+14 323 5 1 1 
9.60518e+15 0 0 4.97118e+27 0.001 10 25000 1.543e+14 324 5 1 1 
9.68233e+15 0 0 4.97118e+27 0.001 10 25000 1.543e+14 325 5 1 1 
9.75948e+15 0 0 4.97118e+27 0.001 10 25000 1.543e+14 326 5 1 1 
9.83663e+15 0 0 4.97118e+27 0.001 10 25000 1.543e+14 327 5 1 1 
9.91378e+15 0 0 4.97118e+27 0.001 10 25000 1.543e+14 328 5 1 1 
9.99093e+15 0 0 4.97118e+27 0.001 10 25000 1.543e+14 329 5 1 1 
1.00681e+16 0 0 4.97118e+27 0.001 10 25000 1.543e+14 330 5 1 1 
1.01452e+16 0 0 4.97118e+27 0.001 10 25000 1.543e+14 331 5 1 1 
1.02224e+16 0 0 4.97118e+27 0.001 10 25000 1.543e+14 332 5 1 1 
1.02995e+16 0 0 4.97118e+27 0.001 10 25000 1.543e+14 333 5 1 1 
1.03767e+16 0 0 4.97118e+27 0.001 10 25000 1.543e+14 334 5 1 1 
1.04538e+16 0 0 4.97118e+27 0.001 10 25000 1.543e+14 335 5 1 1 
1.0531e+16 0 0 4.97118e+27 0.001 10 25000 1.543e+14 336 5 1 1 
1.06081e+16 0 0 4.97118e+27 0.001 10 25000 1.543e+14 337 5 1 1 
1.06853e+16 0 0 4.97118e+27 0.001 10 25000 1.543e+14 338 5 1 1 
1.07624e+16 0 0 4.97118e+27 0.001 10 25000 1.543e+14 339 5 1 1 
1.08396e+16 0 0 4.97118e+27 0.001 10 25000 1.543e+14 340 5 1 1 
1.09167e+16 0 0 4.97118e+27 0.001 10 25000 1.543e+14 341 5 1 1 
1.09939e+16 0 0 4.97118e+27 0.001 10 25000 1.543e+14 342 5 1 1 
1.1071e+16 0 0 4.97118e+27 0.001 10 25000 1.543e+14 343 5 1 1 
1.11482e+16 0 0 4.97118e+27 0.001 10 25000 1.543e+14 344 5 1 1 
1.12253e+16 0 0 4.97118e+27 0.001 10 25000 1.543e+14 345 5 1 1 
1.13025e+16 0 0 4.97118e+27 0.001 10 25000 1.543e+14 346 5 1 1 
1.13796e+16 0 0 4.97118e+27 0.001 10 25000 1.543e+14 347 5 1 1 
1.14568e+16 0 0 4.97118e+27 0.001 10 25000 1.543e+14 348 5 1 1 
1.15339e+16 0 0 4.97118e+27 0.001 10 25000 1.543e+14 349 5 1 1 
1.16111e+16 0 0 4.97118e+27 0.001 10 25000 1.543e+14 350 5 1 1 
1.16882e+16 0 0 4.97118e+27 0.001 10 25000 1.543e+14 351 5 1 1 
1.17654e+16 0 0 4.97118e+27 0.001 10 25000 1.543e+14 352 5 1 1 
1.18425e+16 0 0 4.97118e+27 0.001 10 25000 1.543e+14 353 5 1 1 
1.19197e+16 0 0 4.97118e+27 0.001 10 25000 1.543e+14 354 5 1 1 
1.19968e+16 0 0 4.97118e+27 0.001 10 25000 1.543e+14 355 5 1 1 
1.2074e+16 0 0 4.97118e+27 0.001 10 25000 1.543e+14 356 5 1 1 
1.21511e+16 0 0 4.97118e+27 0.001 10 25000 1.543e+14 357 5 1 1 
1.22283e+16 0 0 4.97118e+27 0.001 10 25000 1.543e+14 358 5 1 1 
1.23054e+16 -9.93441e-45 -3.63266e-55 4.97118e+27 0.001 10 25000 1.543e+14 359 5 1 1 
1.23826e+16 -5.03734e-14 -1.84198e-24 4.97118e+27 0.001 10 25000 1.543e+14 360 5 1 1 
1.24597e+16 -9.9059e-13 -7.18371e-23 4.97118e+27 0.001 10 25000 1.543e+14 361 5 1 1 
1.25369e+16 -7.70689e-12 -2.33931e-22 4.97118e+27 0.001 10 25000 1.543e+14 362 5 1 1 
1.2614e+16 -2.67262e-11 8.60203e-22 4.97118e+27 0.001 10 25000 1.543e+14 363 5 1 1 
1.26912e+16 1.29887e-10 9.4125e-22 4.97118e+27 0.001 10 25000 1.543e+14 364 4 1 1 
1.27683e+16 -2.86363e-09 -2.19013e-19 4.97118e+27 0.001 10 25000 1.543e+14 365 4 1 1 
1.28455e+16 -3.48673e-08 -1.57071e-18 4.97118e+27 0.001 10 25000 1.543e+14 366 4 1 1 
1.29226e+16 -1.93764e-07 -5.67942e-18 4.97118e+27 0.001 10 25000 1.543e+14 367 4 1 1 
1.29998e+16 -5.73783e-07 -5.09172e-18 4.97118e+27 0.001 10 25000 1.543e+14 368 3 1 1 
1.30769e+16 -4.22745e-08 6.97339e-17 4.97118e+27 0.001 10 25000 1.543e+14 369 5 1 1 
1.31541e+16 -1.43647e-07 -3.70449e-16 4.97118e+27 0.001 10 25000 1.543e+14 370 4 1 1 
1.32312e+16 -0.000127689 -7.85251e-15 4.97118e+27 0.001 10 25000 1.543e+14 371 4 1 1 
1.33084e+16 -0.00132886 -5.82521e-14 4.97118e+27 0.001 10 25000 1.543e+14 372 4 1 1 
1.33855e+16 -0.00850553 -3.02235e-13 4.97118e+27 0.00100001 10.0001 25000.1 1.54299e+14 373 4 1 1 
1.34627e+16 -0.0414922 -1.24659e-12 4.97118e+27 0.00100003 10.0004 25000.3 1.54295e+14 374 4 1 1 
1.35398e+16 -0.166491 -4.30122e-12 4.97118e+27 0.00100013 10.0018 25001.3 1.5428e+14 375 4 1 1 
1.3617e+16 -0.570014 -1.27277e-11 4.97118e+27 0.00100044 10.006 25004.3 1.54232e+14 376 4 1 0.999997 
1.36941e+16 -1.69716 -3.26189e-11 4.97118e+27 0.0010013 10.0179 25012.7 1.541e+14 377 4 1 0.999985 
1.37711e+16 -4.42794 -7.21419e-11 4.97118e+27 0.00100337 10.0466 25033.2 1.53782e+14 378 4 1 0.999936 
1.38478e+16 -10.1037 -1.35222e-10 4.97118e+27 0.00100766 10.1066 25075.9 1.53127e+14 379 4 1 0.999815 
1.39242e+16 -19.9944 -2.08496e-10 4.97118e+27 0.0010152 10.2128 25151.3 1.5199e+14 380 4 1 0.999641 
1.39998e+16 -34.0243 -2.55498e-10 4.97118e+27 0.00102613 10.368 25260.6 1.50371e+14 381 4 1 0.999576 
1.40746e+16 -49.5676 -2.2896e-10 4.97118e+27 0.00103867 10.5478 25385.9 1.48555e+14 382 4 1 0.999897 
1.41484e+16 -61.0731 -9.07736e-11 4.97118e+27 0.00104697 10.6699 25470.4 1.47377e+14 383 3 1 1.00001 
1.42219e+16 -50.0344 6.28769e-10 4.97118e+27 0.00103183 10.46 25327.8 1.49541e+14 384 4 1 1.00025 
1.4298e+16 18.4513 1.32883e-09 4.97118e+27 0.000981834 9.75264 24827.2 1.57155e+14 385 4 1 0.995594 
1.43793e+16 98.0238 9.75686e-10 4.97118e+27 0.00092157 8.91806 24199.9 1.67432e+14 386 4 1 0.990117 
1.44656e+16 162.062 8.19622e-10 4.97118e+27 0.000868995 8.21604 23639.2 1.77561e+14 387 4 1 0.991647 
1.4557e+16 232.857 9.3106e-10 4.97118e+27 0.000816309 7.52867 23057.2 1.89022e+14 388 4 1 0.991293 
1.46549e+16 314.303 9.41455e-10 4.97118e+27 0.000760611 6.81899 22414.6 2.02863e+14 389 4 1 0.988938 
1.47603e+16 399.154 8.64511e-10 4.97118e+27 0.00070598 6.14305 21756.3 2.18561e+14 390 4 1 0.987553 
1.48739e+16 481.063 7.19434e-10 4.97118e+27 0.000656753 5.55176 21136.5 2.34944e+14 391 4 1 0.987803 
1.49956e+16 549.42 4.81353e-10 4.97118e+27 0.00061777 5.09597 20625.8 2.49769e+14 392 4 1 0.990351 
1.51239e+16 591.529 2.09954e-10 4.97118e+27 0.000592761 4.81018 20289 2.60307e+14 393 4 1 0.994928 
1.5256e+16 614.529 2.20123e-10 4.97118e+27 0.000575832 4.62018 20057.8 2.6796e+14 394 4 1 0.997717 
1.53919e+16 658.487 4.33197e-10 4.97118e+27 0.000554517 4.38248 19759.1 2.7826e+14 395 4 1 0.997018 
1.55344e+16 696.143 -2.99375e-11 4.97118e+27 0.000538963 4.2128 19543.8 2.86291e+14 396 4 1 0.997183 
1.56782e+16 678.774 -6.14844e-11 4.97118e+27 0.000538186 4.20555 19535.7 2.86704e+14 397 4 1 1.00003 
1.58211e+16 675.981 2.75411e-11 4.97118e+27 0.000527594 4.07925 19329.1 2.9246e+14 398 4 1 1.00056 
1.59708e+16 678.98 -3.50403e-12 4.97118e+27 0.000502244 4.34624 21634.2 3.07221e+14 399 4 1 0.994203 
1.61286e+16 670.752 4.70857e-12 4.97118e+27 0.000475107 4.08112 21474.4 3.24769e+14 400 4 1 0.992796 
1.62959e+16 662.566 8.05789e-11 4.97118e+27 0.000446707 4.33472 24258.8 3.45417e+14 401 4 1 0.991292 
1.64744e+16 632.731 1.21851e-10 4.97118e+27 0.000422707 3.94053 23303.5 3.65028e+14 402 4 1 0.991755 
1.66612e+16 574.47 4.77687e-10 4.97118e+27 0.000387543 3.44669 22230.4 3.98149e+14 403 4 1 0.991781 
1.68746e+16 375.577 1.26694e-09 4.97118e+27 0.00032896 2.69505 20481 4.69054e+14 404 4 1 0.967684 
1.71372e+16 125.482 1.00311e-09 4.97118e+27 0.000277189 2.08655 18822.8 5.56659e+14 405 4 1 0.94927 
1.74358e+16 11.7335 2.46353e-10 4.97118e+27 0.000254339 1.83918 18080.6 6.06672e+14 406 4 1 0.98114 
1.77443e+16 -2.1435 -6.80433e-12 4.97118e+27 0.000249968 1.79461 17948.9 6.1728e+14 407 4 1 0.998952 
1.80531e+16 -0.0964238 -3.79461e-12 4.97118e+27 0.000249933 1.79433 17948.1 6.17366e+14 408 5 1 1 
1.83617e+16 0.0286209 1.80057e-13 4.97118e+27 0.000250003 1.79503 17950.1 6.17193e+14 409 3 1 1 
1.86703e+16 0.00552104 5.81154e-14 4.97118e+27 0.000250001 1.79501 17950 6.17197e+14 410 4 1 1 
1.89789e+16 0.000668842 8.73524e-15 4.97118e+27 0.00025 1.795 17950 6.172e+14 411 4 1 1 
1.92875e+16 6.04683e-05 9.46987e-16 4.97118e+27 0.00025 1.795 17950 6.172e+14 412 4 1 1 
1.95961e+16 4.05759e-06 7.67546e-17 4.97118e+27 0.00025 1.795 17950 6.172e+14 413 4 1 1 
1.99047e+16 1.76978e-07 4.38995e-18 4.97118e+27 0.00025 1.795 17950 6.172e+14 414 4 1 1 
2.02133e+16 1.90948e-09 1.26294e-19 4.97118e+27 0.00025 1.795 17950 6.172e+14 415 4 1 1 
2.05219e+16 -2.15066e-10 -5.05531e-21 4.97118e+27 0.00025 1.795 17950 6.172e+14 416 5 1 1 
2.08305e+16 7.72582e-12 -7.36791e-24 4.97118e+27 0.00025 1.795 17950 6.172e+14 417 4 1 1 
2.11391e+16 9.89395e-13 1.47358e-23 4.97118e+27 0.00025 1.795 17950 6.172e+14 418 4 1 1 
2.14477e+16 7.13392e-14 1.38148e-24 4.97118e+27 0.00025 1.795 17950 6.172e+14 419 5 1 1 
2.17563e+16 1.65444e-44 3.63266e-55 4.97118e+27 0.00025 1.795 17950 6.172e+14 420 5 1 1 
2.20649e+16 0 0 4.97118e+27 0.00025 1.795 17950 6.172e+14 421 5 1 1 
2.23735e+16 0 0 4.97118e+27 0.00025 1.795 17950 6.172e+14 422 5 1 1 
2.26821e+16 0 0 4.97118e+27 0.00025 1.795 17950 6.172e+14 423 5 1 1 
2.29907e+16 0 0 4.97118e+27 0.00025 1.795 17950 6.172e+14 424 5 1 1 
2.32993e+16 0 0 4.97118e+27 0.00025 1.795 17950 6.172e+14 425 5 1 1 
2.36079e+16 0 0 4.97118e+27 0.00025 1.795 17950 6.172e+14 426 5 1 1 
2.39165e+16 0 0 4.97118e+27 0.00025 1.795 17950 6.172e+14 427 5 1 1 
2.42251e+16 0 0 4.97118e+27 0.00025 1.795 17950 6.172e+14 428 5 1 1 
2.45337e+16 0 0 4.97118e+27 0.00025 1.795 17950 6.172e+14 429 5 1 1 
2.48423e+16 0 0 4.97118e+27 0.00025 1.795 17950 6.172e+14 430 5 1 1 
2.51509e+16 0 0 4.97118e+27 0.00025 1.795 17950 6.172e+14 431 5 1 1 
2.54595e+16 0 0 4.97118e+27 0.00025 1.795 17950 6.172e+14 432 5 1 1 
2.57681e+16 0 0 4.97118e+27 0.00025 1.795 17950 6.172e+14 433 5 1 1 
2.60767e+16 0 0 4.97118e+27 0.00025 1.795 17950 6.172e+14 434 5 1 1 
2.63853e+16 0 0 4.97118e+27 0.00025 1.795 17950 6.172e+14 435 5 1 1 
2.66939e+16 0 0 4.97118e+27 0.00025 1.795 17950 6.172e+14 436 5 1 1 
2.70025e+16 0 0 4.97118e+27 0.00025 1.795 17950 6.172e+14 437 5 1 1 
2.73111e+16 0 0 4.97118e+27 0.00025 1.795 17950 6.172e+14 438 5 1 1 
2.76197e+16 0 0 4.97118e+27 0.00025 1.795 17950 6.172e+14 439 5 1 1 
2.79283e+16 0 0 4.97118e+27 0.00025 1.795 17950 6.172e+14 440 5 1 1 
2.82369e+16 0 0 4.97118e+27 0.00025 1.795 17950 6.172e+14 441 5 1 1 
2.85455e+16 0 0 4.97118e+27 0.00025 1.795 17950 6.172e+14 442 5 1 1 
2.88541e+16 -2.4836e-45 -9.08165e-56 4.97118e+27 0.00025 1.795 17950 6.172e+14 443 5 1 1 
2.91627e+16 -4.53535e-44 -2.72449e-55 4.97118e+27 0.00025 1.795 17950 6.172e+14 444 5 1 1 
2.94713e+16 -1.34045e-13 -9.20989e-25 4.97118e+27 0.00025 1.795 17950 6.172e+14 445 5 1 1 
2.97799e+16 -8.51919e-13 -2.76297e-24 4.97118e+27 0.00025 1.795 17950 6.172e+14 446 5 1 1 
3.00885e+16 -3.338e-12 -7.8284e-24 4.97118e+27 0.00025 1.795 17950 6.172e+14 447 5 1 1 
3.03971e+16 -4.66013e-12 -3.68395e-24 4.97118e+27 0.00025 1.795 17950 6.172e+14 448 5 1 1 
3.07057e+16 -1.86574e-11 -2.30247e-24 4.97118e+27 0.00025 1.795 17950 6.172e+14 449 3 1 1 
3.10143e+16 1.86574e-11 2.30247e-24 4.97118e+27 0.00025 1.795 17950 6.172e+14 450 3 1 1 
3.13229e+16 4.66013e-12 3.68395e-24 4.97118e+27 0.00025 1.795 17950 6.172e+14 451 5 1 1 
3.16315e+16 3.338e-12 7.8284e-24 4.97118e+27 0.00025 1.795 17950 6.172e+14 452 5 1 1 
3.19401e+16 8.51919e-13 2.76297e-24 4.97118e+27 0.00025 1.795 17950 6.172e+14 453 5 1 1 
3.22487e+16 1.34045e-13 9.20989e-25 4.97118e+27 0.00025 1.795 17950 6.172e+14 454 5 1 1 
3.25573e+16 4.53535e-44 2.72449e-55 4.97118e+27 0.00025 1.795 17950 6.172e+14 455 5 1 1 
3.28659e+16 2.4836e-45 9.08165e-56 4.97118e+27 0.00025 1.795 17950 6.172e+14 456 5 1 1 
3.31745e+16 0 0 4.97118e+27 0.00025 1.795 17950 6.172e+14 457 5 1 1 
3.34831e+16 0 0 4.97118e+27 0.00025 1.795 17950 6.172e+14 458 5 1 1 
3.37917e+16 0 0 4.97118e+27 0.00025 1.795 17950 6.172e+14 459 5 1 1 
3.41003e+16 0 0 4.97118e+27 0.00025 1.795 17950 6.172e+14 460 5 1 1 
3.44089e+16 0 0 4.97118e+27 0.00025 1.795 17950 6.172e+14 461 5 1 1 
3.47175e+16 0 0 4.97118e+27 0.00025 1.795 17950 6.172e+14 462 5 1 1 
3.50261e+16 0 0 4.97118e+27 0.00025 1.795 17950 6.172e+14 463 5 1 1 
3.53347e+16 0 0 4.97118e+27 0.00025 1.795 17950 6.172e+14 464 5 1 1 
3.56433e+16 0 0 4.97118e+27 0.00025 1.795 17950 6.172e+14 465 5 1 1 
3.59519e+16 0 0 4.97118e+27 0.00025 1.795 17950 6.172e+14 466 5 1 1 
3.62605e+16 0 0 4.97118e+27 0.00025 1.795 17950 6.172e+14 467 5 1 1 
3.65691e+16 0 0 4.97118e+27 0.00025 1.795 17950 6.172e+14 468 5 1 1 
3.68777e+16 0 0 4.97118e+27 0.00025 1.795 17950 6.172e+14 469 5 1 1 
3.71863e+16 0 0 4.97118e+27 0.00025 1.795 17950 6.172e+14 470 5 1 1 
3.74949e+16 0 0 4.97118e+27 0.00025 1.795 17950 6.172e+14 471 5 1 1 
3.78035e+16 0 0 4.97118e+27 0.00025 1.795 17950 6.172e+14 472 5 1 1 
3.81121e+16 0 0 4.97118e+27 0.00025 1.795 17950 6.172e+14 473 5 1 1 
3.84207e+16 0 0 4.97118e+27 0.00025 1.795 17950 6.172e+14 474 5 1 1 
3.87293e+16 0 0 4.97118e+27 0.00025 1.795 17950 6.172e+14 475 5 1 1 
3.90379e+16 0 0 4.97118e+27 0.00025 1.795 17950 6.172e+14 476 5 1 1 
3.93465e+16 0 0 4.97118e+27 0.00025 1.795 17950 6.172e+14 477 5 1 1 
3.96551e+16 0 0 4.97118e+27 0.00025 1.795 17950 6.172e+14 478 5 1 1 
3.99637e+16 -1.81949e-44 -3.63266e-55 4.97118e+27 0.00025 1.795 17950 6.172e+14 479 5 1 1 
4.02723e+16 -6.29418e-14 -1.38148e-24 4.97118e+27 0.00025 1.795 17950 6.172e+14 480 5 1 1 
4.05809e+16 -9.1379e-13 -7.36791e-24 4.97118e+27 0.00025 1.795 17950 6.172e+14 481 5 1 1 
4.08895e+16 -6.75199e-12 -2.30247e-23 4.97118e+27 0.00025 1.795 17950 6.172e+14 482 4 1 1 
4.11981e+16 2.03404e-10 5.05853e-21 4.97118e+27 0.00025 1.795 17950 6.172e+14 483 5 1 1 
4.15067e+16 -1.8779e-09 -1.26266e-19 4.97118e+27 0.00025 1.795 17950 6.172e+14 484 4 1 1 
4.18153e+16 -1.77023e-07 -4.38996e-18 4.97118e+27 0.00025 1.795 17950 6.172e+14 485 4 1 1 
4.21239e+16 -4.05756e-06 -7.67544e-17 4.97118e+27 0.00025 1.795 17950 6.172e+14 486 4 1 1 
4.24325e+16 -6.04683e-05 -9.46987e-16 4.97118e+27 0.00025 1.795 17950 6.172e+14 487 4 1 1 
4.27411e+16 -0.000668842 -8.73524e-15 4.97118e+27 0.00025 1.795 17950 6.172e+14 488 4 1 1 
4.30497e+16 -0.00552104 -5.81154e-14 4.97118e+27 0.000250001 1.79501 17950 6.17197e+14 489 4 1 1 
4.33583e+16 -0.0286209 -1.80057e-13 4.97118e+27 0.000250003 1.79503 17950.1 6.17193e+14 490 3 1 1 
4.36669e+16 0.0964238 3.79461e-12 4.97118e+27 0.000249933 1.79433 17948.1 6.17366e+14 491 5 1 1 
4.39757e+16 2.1435 6.80433e-12 4.97118e+27 0.000249968 1.79461 17948.9 6.1728e+14 492 4 1 0.998952 
4.42842e+16 -11.7335 -2.46353e-10 4.97118e+27 0.000254339 1.83918 18080.6 6.06672e+14 493 4 1 0.98114 
4.45828e+16 -125.482 -1.00311e-09 4.97118e+27 0.000277189 2.08655 18822.8 5.56659e+14 494 4 1 0.94927 
4.48454e+16 -375.577 -1.26694e-09 4.97118e+27 0.00032896 2.69505 20481 4.69054e+14 495 4 1 0.967684 
4.50588e+16 -574.47 -4.77687e-10 4.97118e+27 0.000387543 3.44669 22230.4 3.98149e+14 496 4 1 0.991781 
4.52456e+16 -632.731 -1.21851e-10 4.97118e+27 0.000422707 3.94053 23303.5 3.65028e+14 497 4 1 0.991755 
4.54241e+16 -662.566 -8.05789e-11 4.97118e+27 0.000446707 4.33472 24258.8 3.45417e+14 498 4 1 0.991292 
4.55914e+16 -670.752 -4.70857e-12 4.97118e+27 0.000475107 4.08112 21474.4 3.24769e+14 499 4 1 0.992796 
