# Time [s]: 0.0312355
# Columns: pos [m], vel [m/s], acc [m/s^2], mass [kg], dens [kg/m^3], pres [Pa], ene [J/kg], sml [m], id, neighbor, alpha, gradh, ...additional?
1.48127 -0.678 0.885675 0.0025 0.502708 0.43519 2.16423 0.00994613 0 4 1 0.994239 
1.48613 -0.677513 -0.859599 0.0025 0.527524 0.407834 1.93278 0.00947824 1 4 1 1.00011 
1.49076 -0.677446 -0.0536641 0.0025 0.539953 0.422521 1.9562 0.00926006 2 3 1 1 
1.49539 -0.690304 4.85725 0.0025 0.538124 0.420395 1.95322 0.00929154 3 5 1 0.999102 
-0.499953 -0.679909 -10.189 0.0025 0.546609 0.429481 1.96452 0.00914731 4 4 1 0.996332 
-0.495463 -0.629618 -10.1665 0.0025 0.567455 0.452634 1.99406 0.00881127 5 4 1 0.997842 
-0.491138 -0.601487 -5.15845 0.0025 0.585304 0.472617 2.01872 0.00854256 6 4 1 0.996798 
-0.486919 -0.571746 -10.4174 0.0025 0.604673 0.494554 2.04499 0.00826893 7 4 1 0.992994 
-0.482865 -0.516836 -18.1191 0.0025 0.635861 0.530608 2.08648 0.00786335 8 4 1 0.989596 
-0.479046 -0.443652 -23.4813 0.0025 0.678605 0.581213 2.14146 0.00736806 9 4 1 0.988433 
-0.475485 -0.363547 -26.4239 0.0025 0.728417 0.641812 2.20298 0.0068642 10 4 1 0.98884 
-0.472171 -0.283479 -27.9712 0.0025 0.781433 0.708181 2.26577 0.0063985 11 4 1 0.990434 
-0.469077 -0.208172 -26.8192 0.0025 0.834109 0.775944 2.32565 0.00599442 12 4 1 0.99255 
-0.466169 -0.143944 -23.4713 0.0025 0.883231 0.840457 2.37925 0.00566103 13 4 1 0.992313 
-0.463411 -0.0832329 -30.3002 0.0025 0.933575 0.908132 2.43254 0.00535575 14 4 1 0.991052 
-0.460808 -0.00557051 -38.9924 0.0025 0.991541 0.988866 2.49253 0.00504266 15 4 1 0.996909 
-0.458363 0.053703 -14.1113 0.0025 1.03584 1.05165 2.53663 0.00482701 16 4 1 1.00025 
-0.45598 0.0593649 3.22338 0.0025 1.04617 1.06574 2.54616 0.00477933 17 3 1 1.00003 
-0.453584 0.0474765 6.99545 0.0025 1.03711 1.05252 2.53702 0.00482107 18 4 1 0.999844 
-0.451159 0.0325344 7.48957 0.0025 1.02502 1.03523 2.52496 0.00487794 19 4 1 0.999601 
-0.448705 0.0192488 6.07342 0.0025 1.01465 1.02051 2.51459 0.0049278 20 4 1 0.999675 
-0.446231 0.00987033 3.96403 0.0025 1.00749 1.01043 2.50743 0.00496283 21 4 1 0.999833 
-0.443743 0.00442387 2.14902 0.0025 1.00336 1.00465 2.50332 0.00498324 22 4 1 0.999941 
-0.441247 0.00174732 0.996304 0.0025 1.00133 1.00184 2.50131 0.00499334 23 4 1 0.999985 
-0.438749 0.000609683 0.401763 0.0025 1.00047 1.00064 2.50046 0.00499765 24 4 1 0.999997 
-0.43625 0.000186889 0.141578 0.0025 1.00015 1.0002 2.50014 0.00499927 25 4 1 1 
-0.43375 4.95965e-05 0.0432977 0.0025 1.00004 1.00005 2.50004 0.0049998 26 4 1 1 
-0.43125 1.1088e-05 0.0112817 0.0025 1.00001 1.00001 2.50001 0.00499995 27 4 1 1 
-0.42875 1.98174e-06 0.00241564 0.0025 1 1 2.5 0.00499999 28 4 1 1 
-0.42625 2.50311e-07 0.000392872 0.0025 1 1 2.5 0.005 29 4 1 1 
-0.42375 1.34292e-08 3.83955e-05 0.0025 1 1 2.5 0.005 30 4 1 1 
-0.42125 -1.0126e-09 -2.08809e-06 0.0025 1 1 2.5 0.005 31 5 1 1 
-0.41875 3.8094e-10 -1.61726e-07 0.0025 1 1 2.5 0.005 32 3 1 1 
-0.41625 2.10218e-10 1.36979e-07 0.0025 1 1 2.5 0.005 33 4 1 1 
-0.41375 5.14991e-11 5.74295e-08 0.0025 1 1 2.5 0.005 34 4 1 1 
-0.41125 6.97364e-12 1.16377e-08 0.0025 1 1 2.5 0.005 35 4 1 1 
-0.40875 2.804e-13 1.05177e-09 0.0025 1 1 2.5 0.005 36 4 1 1 
-0.40625 -4.15562e-14 -1.00613e-10 0.0025 1 1 2.5 0.005 37 5 1 1 
-0.40375 5.21162e-15 2.27374e-13 0.0025 1 1 2.5 0.005 38 4 1 1 
-0.40125 1.26011e-15 1.3074e-12 0.0025 1 1 2.5 0.005 39 5 1 1 
-0.39875 1.84774e-16 1.7053e-13 0.0025 1 1 2.5 0.005 40 5 1 1 
-0.39625 1.67687e-17 5.68434e-14 0.0025 1 1 2.5 0.005 41 5 1 1 
-0.39375 3.30703e-48 1.12104e-44 0.0025 1 1 2.5 0.005 42 5 1 1 
-0.39125 0 0 0.0025 1 1 2.5 0.005 43 5 1 1 
-0.38875 0 0 0.0025 1 1 2.5 0.005 44 5 1 1 
-0.38625 0 0 0.0025 1 1 2.5 0.005 45 5 1 1 
-0.38375 0 0 0.0025 1 1 2.5 0.005 46 5 1 1 
-0.38125 0 0 0.0025 1 1 2.5 0.005 47 5 1 1 
-0.37875 0 0 0.0025 1 1 2.5 0.005 48 5 1 1 
-0.37625 0 0 0.0025 1 1 2.5 0.005 49 5 1 1 
-0.37375 0 0 0.0025 1 1 2.5 0.005 50 5 1 1 
-0.37125 0 0 0.0025 1 1 2.5 0.005 51 5 1 1 
-0.36875 0 0 0.0025 1 1 2.5 0.005 52 5 1 1 
-0.36625 0 0 0.0025 1 1 2.5 0.005 53 5 1 1 
-0.36375 0 0 0.0025 1 1 2.5 0.005 54 5 1 1 
-0.36125 0 0 0.0025 1 1 2.5 0.005 55 5 1 1 
-0.35875 0 0 0.0025 1 1 2.5 0.005 56 5 1 1 
-0.35625 0 0 0.0025 1 1 2.5 0.005 57 5 1 1 
-0.35375 0 0 0.0025 1 1 2.5 0.005 58 5 1 1 
-0.35125 0 0 0.0025 1 1 2.5 0.005 59 5 1 1 
-0.34875 0 0 0.0025 1 1 2.5 0.005 60 5 1 1 
-0.34625 0 0 0.0025 1 1 2.5 0.005 61 5 1 1 
-0.34375 0 0 0.0025 1 1 2.5 0.005 62 5 1 1 
-0.34125 0 0 0.0025 1 1 2.5 0.005 63 5 1 1 
-0.33875 0 0 0.0025 1 1 2.5 0.005 64 5 1 1 
-0.33625 0 0 0.0025 1 1 2.5 0.005 65 5 1 1 
-0.33375 0 0 0.0025 1 1 2.5 0.005 66 5 1 1 
-0.33125 0 0 0.0025 1 1 2.5 0.005 67 5 1 1 
-0.32875 0 0 0.0025 1 1 2.5 0.005 68 5 1 1 
-0.32625 0 0 0.0025 1 1 2.5 0.005 69 5 1 1 
-0.32375 0 0 0.0025 1 1 2.5 0.005 70 5 1 1 
-0.32125 0 0 0.0025 1 1 2.5 0.005 71 5 1 1 
-0.31875 0 0 0.0025 1 1 2.5 0.005 72 5 1 1 
-0.31625 0 0 0.0025 1 1 2.5 0.005 73 5 1 1 
-0.31375 0 0 0.0025 1 1 2.5 0.005 74 5 1 1 
-0.31125 0 0 0.0025 1 1 2.5 0.005 75 5 1 1 
-0.30875 0 0 0.0025 1 1 2.5 0.005 76 5 1 1 
-0.30625 0 0 0.0025 1 1 2.5 0.005 77 5 1 1 
-0.30375 0 0 0.0025 1 1 2.5 0.005 78 5 1 1 
-0.30125 0 0 0.0025 1 1 2.5 0.005 79 5 1 1 
-0.29875 0 0 0.0025 1 1 2.5 0.005 80 5 1 1 
-0.29625 0 0 0.0025 1 1 2.5 0.005 81 5 1 1 
-0.29375 0 0 0.0025 1 1 2.5 0.005 82 5 1 1 
-0.29125 0 0 0.0025 1 1 2.5 0.005 83 5 1 1 
-0.28875 0 0 0.0025 1 1 2.5 0.005 84 5 1 1 
-0.28625 0 0 0.0025 1 1 2.5 0.005 85 5 1 1 
-0.28375 0 0 0.0025 1 1 2.5 0.005 86 5 1 1 
-0.28125 0 0 0.0025 1 1 2.5 0.005 87 5 1 1 
-0.27875 0 0 0.0025 1 1 2.5 0.005 88 5 1 1 
-0.27625 0 0 0.0025 1 1 2.5 0.005 89 5 1 1 
-0.27375 0 0 0.0025 1 1 2.5 0.005 90 5 1 1 
-0.27125 0 0 0.0025 1 1 2.5 0.005 91 5 1 1 
-0.26875 0 0 0.0025 1 1 2.5 0.005 92 5 1 1 
-0.26625 0 0 0.0025 1 1 2.5 0.005 93 5 1 1 
-0.26375 0 0 0.0025 1 1 2.5 0.005 94 5 1 1 
-0.26125 0 0 0.0025 1 1 2.5 0.005 95 5 1 1 
-0.25875 0 0 0.0025 1 1 2.5 0.005 96 5 1 1 
-0.25625 0 0 0.0025 1 1 2.5 0.005 97 5 1 1 
-0.25375 0 0 0.0025 1 1 2.5 0.005 98 5 1 1 
-0.25125 0 0 0.0025 1 1 2.5 0.005 99 5 1 1 
-0.24875 0 0 0.0025 1 1 2.5 0.005 100 5 1 1 
-0.24625 0 0 0.0025 1 1 2.5 0.005 101 5 1 1 
-0.24375 0 0 0.0025 1 1 2.5 0.005 102 5 1 1 
-0.24125 0 0 0.0025 1 1 2.5 0.005 103 5 1 1 
-0.23875 0 0 0.0025 1 1 2.5 0.005 104 5 1 1 
-0.23625 0 0 0.0025 1 1 2.5 0.005 105 5 1 1 
-0.23375 0 0 0.0025 1 1 2.5 0.005 106 5 1 1 
-0.23125 0 0 0.0025 1 1 2.5 0.005 107 5 1 1 
-0.22875 0 0 0.0025 1 1 2.5 0.005 108 5 1 1 
-0.22625 0 0 0.0025 1 1 2.5 0.005 109 5 1 1 
-0.22375 0 0 0.0025 1 1 2.5 0.005 110 5 1 1 
-0.22125 0 0 0.0025 1 1 2.5 0.005 111 5 1 1 
-0.21875 0 0 0.0025 1 1 2.5 0.005 112 5 1 1 
-0.21625 0 0 0.0025 1 1 2.5 0.005 113 5 1 1 
-0.21375 0 0 0.0025 1 1 2.5 0.005 114 5 1 1 
-0.21125 0 0 0.0025 1 1 2.5 0.005 115 5 1 1 
-0.20875 0 0 0.0025 1 1 2.5 0.005 116 5 1 1 
-0.20625 0 0 0.0025 1 1 2.5 0.005 117 5 1 1 
-0.20375 0 0 0.0025 1 1 2.5 0.005 118 5 1 1 
-0.20125 0 0 0.0025 1 1 2.5 0.005 119 5 1 1 
-0.19875 0 0 0.0025 1 1 2.5 0.005 120 5 1 1 
-0.19625 0 0 0.0025 1 1 2.5 0.005 121 5 1 1 
-0.19375 0 0 0.0025 1 1 2.5 0.005 122 5 1 1 
-0.19125 0 0 0.0025 1 1 2.5 0.005 123 5 1 1 
-0.18875 0 0 0.0025 1 1 2.5 0.005 124 5 1 1 
-0.18625 0 0 0.0025 1 1 2.5 0.005 125 5 1 1 
-0.18375 0 0 0.0025 1 1 2.5 0.005 126 5 1 1 
-0.18125 0 0 0.0025 1 1 2.5 0.005 127 5 1 1 
-0.17875 0 0 0.0025 1 1 2.5 0.005 128 5 1 1 
-0.17625 0 0 0.0025 1 1 2.5 0.005 129 5 1 1 
-0.17375 0 0 0.0025 1 1 2.5 0.005 130 5 1 1 
-0.17125 0 0 0.0025 1 1 2.5 0.005 131 5 1 1 
-0.16875 0 0 0.0025 1 1 2.5 0.005 132 5 1 1 
-0.16625 0 0 0.0025 1 1 2.5 0.005 133 5 1 1 
-0.16375 0 0 0.0025 1 1 2.5 0.005 134 5 1 1 
-0.16125 0 0 0.0025 1 1 2.5 0.005 135 5 1 1 
-0.15875 0 0 0.0025 1 1 2.5 0.005 136 5 1 1 
-0.15625 0 0 0.0025 1 1 2.5 0.005 137 5 1 1 
-0.15375 0 0 0.0025 1 1 2.5 0.005 138 5 1 1 
-0.15125 0 0 0.0025 1 1 2.5 0.005 139 5 1 1 
-0.14875 0 0 0.0025 1 1 2.5 0.005 140 5 1 1 
-0.14625 0 0 0.0025 1 1 2.5 0.005 141 5 1 1 
-0.14375 0 0 0.0025 1 1 2.5 0.005 142 5 1 1 
-0.14125 0 0 0.0025 1 1 2.5 0.005 143 5 1 1 
-0.13875 0 0 0.0025 1 1 2.5 0.005 144 5 1 1 
-0.13625 0 0 0.0025 1 1 2.5 0.005 145 5 1 1 
-0.13375 0 0 0.0025 1 1 2.5 0.005 146 5 1 1 
-0.13125 0 0 0.0025 1 1 2.5 0.005 147 5 1 1 
-0.12875 0 0 0.0025 1 1 2.5 0.005 148 5 1 1 
-0.12625 0 0 0.0025 1 1 2.5 0.005 149 5 1 1 
-0.12375 0 0 0.0025 1 1 2.5 0.005 150 5 1 1 
-0.12125 0 0 0.0025 1 1 2.5 0.005 151 5 1 1 
-0.11875 0 0 0.0025 1 1 2.5 0.005 152 5 1 1 
-0.11625 0 0 0.0025 1 1 2.5 0.005 153 5 1 1 
-0.11375 0 0 0.0025 1 1 2.5 0.005 154 5 1 1 
-0.11125 0 0 0.0025 1 1 2.5 0.005 155 5 1 1 
-0.10875 0 0 0.0025 1 1 2.5 0.005 156 5 1 1 
-0.10625 0 0 0.0025 1 1 2.5 0.005 157 5 1 1 
-0.10375 0 0 0.0025 1 1 2.5 0.005 158 5 1 1 
-0.10125 0 0 0.0025 1 1 2.5 0.005 159 5 1 1 
-0.09875 0 0 0.0025 1 1 2.5 0.005 160 5 1 1 
-0.09625 0 0 0.0025 1 1 2.5 0.005 161 5 1 1 
-0.09375 0 0 0.0025 1 1 2.5 0.005 162 5 1 1 
-0.09125 0 0 0.0025 1 1 2.5 0.005 163 5 1 1 
-0.08875 0 0 0.0025 1 1 2.5 0.005 164 5 1 1 
-0.08625 0 0 0.0025 1 1 2.5 0.005 165 5 1 1 
-0.08375 0 0 0.0025 1 1 2.5 0.005 166 5 1 1 
-0.08125 0 0 0.0025 1 1 2.5 0.005 167 5 1 1 
-0.07875 0 0 0.0025 1 1 2.5 0.005 168 5 1 1 
-0.07625 0 0 0.0025 1 1 2.5 0.005 169 5 1 1 
-0.07375 0 0 0.0025 1 1 2.5 0.005 170 5 1 1 
-0.07125 0 0 0.0025 1 1 2.5 0.005 171 5 1 1 
-0.06875 0 0 0.0025 1 1 2.5 0.005 172 5 1 1 
-0.06625 0 0 0.0025 1 1 2.5 0.005 173 5 1 1 
-0.06375 0 0 0.0025 1 1 2.5 0.005 174 5 1 1 
-0.06125 0 0 0.0025 1 1 2.5 0.005 175 5 1 1 
-0.05875 0 0 0.0025 1 1 2.5 0.005 176 5 1 1 
-0.05625 0 0 0.0025 1 1 2.5 0.005 177 5 1 1 
-0.05375 0 0 0.0025 1 1 2.5 0.005 178 5 1 1 
-0.05125 -3.64105e-47 -1.12104e-44 0.0025 1 1 2.5 0.005 179 5 1 1 
-0.04875 -8.38011e-17 -5.68434e-14 0.0025 1 1 2.5 0.005 180 5 1 1 
-0.04625 -2.50786e-16 5.68434e-14 0.0025 1 1 2.5 0.005 181 5 1 1 
-0.04375 -4.83579e-16 -5.68434e-14 0.0025 1 1 2.5 0.005 182 5 1 1 
-0.04125 -8.64772e-16 -1.12104e-44 0.0025 1 1 2.5 0.005 183 5 1 1 
-0.03875 -1.37548e-15 -5.68434e-14 0.0025 1 1 2.5 0.005 184 5 1 1 
-0.03625 -1.64007e-15 5.68434e-14 0.0025 1 1 2.5 0.005 185 5 1 1 
-0.03375 -3.29436e-15 -3.15544e-28 0.0025 1 1 2.5 0.005 186 4 1 1 
-0.03125 1.4766e-16 -5.68434e-14 0.0025 1 1 2.5 0.005 187 3 1 1 
-0.02875 -4.80286e-16 -1.13687e-13 0.0025 1 1 2.5 0.005 188 3 1 1 
-0.02625 -8.69804e-17 -5.68434e-14 0.0025 1 1 2.5 0.005 189 3 1 1 
-0.02375 -1.82685e-16 5.68434e-14 0.0025 1 1 2.5 0.005 190 3 1 1 
-0.02125 -4.59726e-16 -1.13687e-13 0.0025 1 1 2.5 0.005 191 3 1 1 
-0.01875 2.63609e-15 3.97904e-13 0.0025 1 1 2.5 0.005 192 4 1 1 
-0.01625 9.1854e-16 5.68434e-14 0.0025 1 1 2.5 0.005 193 5 1 1 
-0.01375 7.80787e-16 -2.27374e-13 0.0025 1 1 2.5 0.005 194 4 1 1 
-0.01125 1.06108e-15 3.8457e-28 0.0025 1 1 2.5 0.005 195 3 1 1 
-0.00875 7.50223e-16 1.13687e-13 0.0025 1 1 2.5 0.005 196 4 1 1 
-0.00625 4.86435e-16 -1.13687e-13 0.0025 1 1 2.5 0.005 197 4 1 1 
-0.00375 -8.54077e-17 -1.7053e-13 0.0025 1 1 2.5 0.005 198 5 1 1 
-0.00125 -1.51831e-16 2.84217e-13 0.0025 1 1 2.5 0.005 199 3 1 1 
0.00125 3.80443e-17 8.87469e-29 0.0025 1 1 2.5 0.005 200 5 1 1 
0.00375 2.48048e-16 -2.07076e-28 0.0025 1 1 2.5 0.005 201 5 1 1 
0.00625 -2.76861e-16 -6.82121e-13 0.0025 1 1 2.5 0.005 202 4 1 1 
0.00875 -1.44571e-15 5.68434e-13 0.0025 1 1 2.5 0.005 203 3 1 1 
0.01125 -1.39703e-15 -1.13687e-13 0.0025 1 1 2.5 0.005 204 3 1 1 
0.01375 2.59825e-17 2.27374e-13 0.0025 1 1 2.5 0.005 205 4 1 1 
0.01625 -1.20307e-15 -1.13687e-13 0.0025 1 1 2.5 0.005 206 5 1 1 
0.01875 -2.45149e-15 -2.27374e-13 0.0025 1 1 2.5 0.005 207 4 1 1 
0.02125 4.95783e-16 6.31089e-28 0.0025 1 1 2.5 0.005 208 3 1 1 
0.02375 2.68911e-16 1.13687e-13 0.0025 1 1 2.5 0.005 209 3 1 1 
0.02625 2.93546e-16 5.68434e-14 0.0025 1 1 2.5 0.005 210 3 1 1 
0.02875 -1.47786e-16 -5.68434e-14 0.0025 1 1 2.5 0.005 211 3 1 1 
0.03125 3.42904e-15 3.15544e-28 0.0025 1 1 2.5 0.005 212 4 1 1 
0.03375 1.72349e-15 1.13687e-13 0.0025 1 1 2.5 0.005 213 5 1 1 
0.03625 1.34219e-15 -5.68434e-14 0.0025 1 1 2.5 0.005 214 5 1 1 
0.03875 8.31257e-16 1.13687e-13 0.0025 1 1 2.5 0.005 215 5 1 1 
0.04125 4.99855e-16 2.24208e-44 0.0025 1 1 2.5 0.005 216 5 1 1 
0.04375 2.83924e-16 5.68434e-14 0.0025 1 1 2.5 0.005 217 5 1 1 
0.04625 1.00818e-16 1.12104e-44 0.0025 1 1 2.5 0.005 218 5 1 1 
0.04875 4.966e-47 1.12104e-44 0.0025 1 1 2.5 0.005 219 5 1 1 
0.05125 0 0 0.0025 1 1 2.5 0.005 220 5 1 1 
0.05375 0 0 0.0025 1 1 2.5 0.005 221 5 1 1 
0.05625 0 0 0.0025 1 1 2.5 0.005 222 5 1 1 
0.05875 0 0 0.0025 1 1 2.5 0.005 223 5 1 1 
0.06125 0 0 0.0025 1 1 2.5 0.005 224 5 1 1 
0.06375 0 0 0.0025 1 1 2.5 0.005 225 5 1 1 
0.06625 0 0 0.0025 1 1 2.5 0.005 226 5 1 1 
0.06875 0 0 0.0025 1 1 2.5 0.005 227 5 1 1 
0.07125 0 0 0.0025 1 1 2.5 0.005 228 5 1 1 
0.07375 0 0 0.0025 1 1 2.5 0.005 229 5 1 1 
0.07625 0 0 0.0025 1 1 2.5 0.005 230 5 1 1 
0.07875 0 0 0.0025 1 1 2.5 0.005 231 5 1 1 
0.08125 0 0 0.0025 1 1 2.5 0.005 232 5 1 1 
0.08375 0 0 0.0025 1 1 2.5 0.005 233 5 1 1 
0.08625 0 0 0.0025 1 1 2.5 0.005 234 5 1 1 
0.08875 0 0 0.0025 1 1 2.5 0.005 235 5 1 1 
0.09125 0 0 0.0025 1 1 2.5 0.005 236 5 1 1 
0.09375 0 0 0.0025 1 1 2.5 0.005 237 5 1 1 
0.09625 -2.98253e-47 -1.12104e-44 0.0025 1 1 2.5 0.005 238 5 1 1 
0.09875 -8.40192e-17 -5.68434e-14 0.0025 1 1 2.5 0.005 239 5 1 1 
0.10125 -2.68305e-16 -2.24208e-44 0.0025 1 1 2.5 0.005 240 5 1 1 
0.10375 -6.02572e-16 -1.13687e-13 0.0025 1 1 2.5 0.005 241 5 1 1 
0.10625 -1.10215e-15 -3.36312e-44 0.0025 1 1 2.5 0.005 242 5 1 1 
0.10875 -1.8158e-15 5.68434e-14 0.0025 1 1 2.5 0.005 243 5 1 1 
0.11125 -2.25549e-15 2.27374e-13 0.0025 1 1 2.5 0.005 244 5 1 1 
0.11375 -3.94012e-15 3.41061e-13 0.0025 1 1 2.5 0.005 245 5 1 1 
0.11625 4.07302e-15 1.13687e-13 0.0025 1 1 2.5 0.005 246 5 1 1 
0.11875 9.87709e-16 -1.13687e-13 0.0025 1 1 2.5 0.005 247 5 1 1 
0.12125 -1.22411e-16 -3.97904e-13 0.0025 1 1 2.5 0.005 248 5 1 1 
0.12375 -5.61855e-15 -4.54747e-13 0.0025 1 1 2.5 0.005 249 4 1 1 
0.12625 5.61855e-15 4.54747e-13 0.0025 1 1 2.5 0.005 250 4 1 1 
0.12875 1.22411e-16 3.97904e-13 0.0025 1 1 2.5 0.005 251 5 1 1 
0.13125 -9.87709e-16 1.13687e-13 0.0025 1 1 2.5 0.005 252 5 1 1 
0.13375 -4.07302e-15 -1.13687e-13 0.0025 1 1 2.5 0.005 253 5 1 1 
0.13625 3.94012e-15 -3.41061e-13 0.0025 1 1 2.5 0.005 254 5 1 1 
0.13875 2.25549e-15 -2.27374e-13 0.0025 1 1 2.5 0.005 255 5 1 1 
0.14125 1.8158e-15 -5.68434e-14 0.0025 1 1 2.5 0.005 256 5 1 1 
0.14375 1.10215e-15 3.36312e-44 0.0025 1 1 2.5 0.005 257 5 1 1 
0.14625 6.02572e-16 1.13687e-13 0.0025 1 1 2.5 0.005 258 5 1 1 
0.14875 2.68305e-16 2.24208e-44 0.0025 1 1 2.5 0.005 259 5 1 1 
0.15125 8.40192e-17 5.68434e-14 0.0025 1 1 2.5 0.005 260 5 1 1 
0.15375 2.98253e-47 1.12104e-44 0.0025 1 1 2.5 0.005 261 5 1 1 
0.15625 0 0 0.0025 1 1 2.5 0.005 262 5 1 1 
0.15875 0 0 0.0025 1 1 2.5 0.005 263 5 1 1 
0.16125 0 0 0.0025 1 1 2.5 0.005 264 5 1 1 
0.16375 0 0 0.0025 1 1 2.5 0.005 265 5 1 1 
0.16625 0 0 0.0025 1 1 2.5 0.005 266 5 1 1 
0.16875 0 0 0.0025 1 1 2.5 0.005 267 5 1 1 
0.17125 0 0 0.0025 1 1 2.5 0.005 268 5 1 1 
0.17375 0 0 0.0025 1 1 2.5 0.005 269 5 1 1 
0.17625 0 0 0.0025 1 1 2.5 0.005 270 5 1 1 
0.17875 0 0 0.0025 1 1 2.5 0.005 271 5 1 1 
0.18125 0 0 0.0025 1 1 2.5 0.005 272 5 1 1 
0.18375 0 0 0.0025 1 1 2.5 0.005 273 5 1 1 
0.18625 0 0 0.0025 1 1 2.5 0.005 274 5 1 1 
0.18875 0 0 0.0025 1 1 2.5 0.005 275 5 1 1 
0.19125 0 0 0.0025 1 1 2.5 0.005 276 5 1 1 
0.19375 0 0 0.0025 1 1 2.5 0.005 277 5 1 1 
0.19625 0 0 0.0025 1 1 2.5 0.005 278 5 1 1 
0.19875 0 0 0.0025 1 1 2.5 0.005 279 5 1 1 
0.20125 0 0 0.0025 1 1 2.5 0.005 280 5 1 1 
0.20375 0 0 0.0025 1 1 2.5 0.005 281 5 1 1 
0.20625 0 0 0.0025 1 1 2.5 0.005 282 5 1 1 
0.20875 0 0 0.0025 1 1 2.5 0.005 283 5 1 1 
0.21125 0 0 0.0025 1 1 2.5 0.005 284 5 1 1 
0.21375 0 0 0.0025 1 1 2.5 0.005 285 5 1 1 
0.21625 -2.32009e-47 -1.12104e-44 0.0025 1 1 2.5 0.005 286 5 1 1 
0.21875 -1.17643e-16 -5.68434e-14 0.0025 1 1 2.5 0.005 287 5 1 1 
0.22125 -4.36427e-16 -1.13687e-13 0.0025 1 1 2.5 0.005 288 5 1 1 
0.22375 -1.07305e-15 -1.13687e-13 0.0025 1 1 2.5 0.005 289 5 1 1 
0.22625 -2.21086e-15 -2.27374e-13 0.0025 1 1 2.5 0.005 290 5 1 1 
0.22875 -4.1318e-15 -2.84217e-13 0.0025 1 1 2.5 0.005 291 5 1 1 
0.23125 -5.70975e-15 -2.27374e-13 0.0025 1 1 2.5 0.005 292 5 1 1 
0.23375 -6.42291e-15 -1.13687e-13 0.0025 1 1 2.5 0.005 293 5 1 1 
0.23625 -4.44678e-15 9.09495e-13 0.0025 1 1 2.5 0.005 294 5 1 1 
0.23875 -6.98637e-15 7.95808e-13 0.0025 1 1 2.5 0.005 295 5 1 1 
0.24125 9.28438e-15 1.13687e-13 0.0025 1 1 2.5 0.005 296 5 1 1 
0.24375 3.23733e-15 -2.27374e-13 0.0025 1 1 2.5 0.005 297 5 1 1 
0.24625 9.7636e-16 -5.68434e-13 0.0025 1 1 2.5 0.005 298 5 1 1 
0.24875 -9.41083e-15 -8.52651e-13 0.0025 1 1 2.5 0.005 299 3 1 1 
0.25125 9.41083e-15 8.52651e-13 0.0025 1 1 2.5 0.005 300 3 1 1 
0.25375 -9.7636e-16 5.68434e-13 0.0025 1 1 2.5 0.005 301 5 1 1 
0.25625 -3.23733e-15 2.27374e-13 0.0025 1 1 2.5 0.005 302 5 1 1 
0.25875 -9.28438e-15 -1.13687e-13 0.0025 1 1 2.5 0.005 303 5 1 1 
0.26125 6.98637e-15 -7.95808e-13 0.0025 1 1 2.5 0.005 304 5 1 1 
0.26375 4.44678e-15 -9.09495e-13 0.0025 1 1 2.5 0.005 305 5 1 1 
0.26625 6.42291e-15 1.13687e-13 0.0025 1 1 2.5 0.005 306 5 1 1 
0.26875 5.70975e-15 2.27374e-13 0.0025 1 1 2.5 0.005 307 5 1 1 
0.27125 4.1318e-15 2.84217e-13 0.0025 1 1 2.5 0.005 308 5 1 1 
0.27375 2.21086e-15 2.27374e-13 0.0025 1 1 2.5 0.005 309 5 1 1 
0.27625 1.07305e-15 1.13687e-13 0.0025 1 1 2.5 0.005 310 5 1 1 
0.27875 4.36427e-16 1.13687e-13 0.0025 1 1 2.5 0.005 311 5 1 1 
0.28125 1.17643e-16 5.68434e-14 0.0025 1 1 2.5 0.005 312 5 1 1 
0.28375 2.32009e-47 1.12104e-44 0.0025 1 1 2.5 0.005 313 5 1 1 
0.28625 0 0 0.0025 1 1 2.5 0.005 314 5 1 1 
0.28875 0 0 0.0025 1 1 2.5 0.005 315 5 1 1 
0.29125 0 0 0.0025 1 1 2.5 0.005 316 5 1 1 
0.29375 0 0 0.0025 1 1 2.5 0.005 317 5 1 1 
0.29625 0 0 0.0025 1 1 2.5 0.005 318 5 1 1 
0.29875 0 0 0.0025 1 1 2.5 0.005 319 5 1 1 
0.30125 0 0 0.0025 1 1 2.5 0.005 320 5 1 1 
0.30375 0 0 0.0025 1 1 2.5 0.005 321 5 1 1 
0.30625 0 0 0.0025 1 1 2.5 0.005 322 5 1 1 
0.30875 0 0 0.0025 1 1 2.5 0.005 323 5 1 1 
0.31125 0 0 0.0025 1 1 2.5 0.005 324 5 1 1 
0.31375 0 0 0.0025 1 1 2.5 0.005 325 5 1 1 
0.31625 0 0 0.0025 1 1 2.5 0.005 326 5 1 1 
0.31875 0 0 0.0025 1 1 2.5 0.005 327 5 1 1 
0.32125 0 0 0.0025 1 1 2.5 0.005 328 5 1 1 
0.32375 0 0 0.0025 1 1 2.5 0.005 329 5 1 1 
0.32625 0 0 0.0025 1 1 2.5 0.005 330 5 1 1 
0.32875 0 0 0.0025 1 1 2.5 0.005 331 5 1 1 
0.33125 0 0 0.0025 1 1 2.5 0.005 332 5 1 1 
0.33375 0 0 0.0025 1 1 2.5 0.005 333 5 1 1 
0.33625 0 0 0.0025 1 1 2.5 0.005 334 5 1 1 
0.33875 0 0 0.0025 1 1 2.5 0.005 335 5 1 1 
0.34125 0 0 0.0025 1 1 2.5 0.005 336 5 1 1 
0.34375 0 0 0.0025 1 1 2.5 0.005 337 5 1 1 
0.34625 0 0 0.0025 1 1 2.5 0.005 338 5 1 1 
0.34875 0 0 0.0025 1 1 2.5 0.005 339 5 1 1 
0.35125 0 0 0.0025 1 1 2.5 0.005 340 5 1 1 
0.35375 0 0 0.0025 1 1 2.5 0.005 341 5 1 1 
0.35625 0 0 0.0025 1 1 2.5 0.005 342 5 1 1 
0.35875 0 0 0.0025 1 1 2.5 0.005 343 5 1 1 
0.36125 0 0 0.0025 1 1 2.5 0.005 344 5 1 1 
0.36375 0 0 0.0025 1 1 2.5 0.005 345 5 1 1 
0.36625 0 0 0.0025 1 1 2.5 0.005 346 5 1 1 
0.36875 0 0 0.0025 1 1 2.5 0.005 347 5 1 1 
0.37125 0 0 0.0025 1 1 2.5 0.005 348 5 1 1 
0.37375 0 0 0.0025 1 1 2.5 0.005 349 5 1 1 
0.37625 0 0 0.0025 1 1 2.5 0.005 350 5 1 1 
0.37875 0 0 0.0025 1 1 2.5 0.005 351 5 1 1 
0.38125 0 0 0.0025 1 1 2.5 0.005 352 5 1 1 
0.38375 0 0 0.0025 1 1 2.5 0.005 353 5 1 1 
0.38625 0 0 0.0025 1 1 2.5 0.005 354 5 1 1 
0.38875 0 0 0.0025 1 1 2.5 0.005 355 5 1 1 
0.39125 0 0 0.0025 1 1 2.5 0.005 356 5 1 1 
0.39375 -3.30703e-48 -1.12104e-44 0.0025 1 1 2.5 0.005 357 5 1 1 
0.39625 -1.67687e-17 -5.68434e-14 0.0025 1 1 2.5 0.005 358 5 1 1 
0.39875 -1.84774e-16 -1.7053e-13 0.0025 1 1 2.5 0.005 359 5 1 1 
0.40125 -1.26011e-15 -1.3074e-12 0.0025 1 1 2.5 0.005 360 5 1 1 
0.40375 -5.21162e-15 -2.27374e-13 0.0025 1 1 2.5 0.005 361 4 1 1 
0.40625 4.15562e-14 1.00613e-10 0.0025 1 1 2.5 0.005 362 5 1 1 
0.40875 -2.804e-13 -1.05177e-09 0.0025 1 1 2.5 0.005 363 4 1 1 
0.41125 -6.97364e-12 -1.16377e-08 0.0025 1 1 2.5 0.005 364 4 1 1 
0.41375 -5.14991e-11 -5.74295e-08 0.0025 1 1 2.5 0.005 365 4 1 1 
0.41625 -2.10218e-10 -1.36979e-07 0.0025 1 1 2.5 0.005 366 4 1 1 
0.41875 -3.8094e-10 1.61726e-07 0.0025 1 1 2.5 0.005 367 3 1 1 
0.42125 1.0126e-09 2.08809e-06 0.0025 1 1 2.5 0.005 368 5 1 1 
0.42375 -1.34292e-08 -3.83955e-05 0.0025 1 1 2.5 0.005 369 4 1 1 
0.42625 -2.50311e-07 -0.000392872 0.0025 1 1 2.5 0.005 370 4 1 1 
0.42875 -1.98174e-06 -0.00241564 0.0025 1 1 2.5 0.00499999 371 4 1 1 
0.43125 -1.1088e-05 -0.0112817 0.0025 1.00001 1.00001 2.50001 0.00499995 372 4 1 1 
0.43375 -4.95965e-05 -0.0432977 0.0025 1.00004 1.00005 2.50004 0.0049998 373 4 1 1 
0.43625 -0.000186889 -0.141578 0.0025 1.00015 1.0002 2.50014 0.00499927 374 4 1 1 
0.438749 -0.000609683 -0.401763 0.0025 1.00047 1.00064 2.50046 0.00499765 375 4 1 0.999997 
0.441247 -0.00174732 -0.996304 0.0025 1.00133 1.00184 2.50131 0.00499334 376 4 1 0.999985 
0.443743 -0.00442387 -2.14902 0.0025 1.00336 1.00465 2.50332 0.00498324 377 4 1 0.999941 
0.446231 -0.00987033 -3.96403 0.0025 1.00749 1.01043 2.50743 0.00496283 378 4 1 0.999833 
0.448705 -0.0192488 -6.07342 0.0025 1.01465 1.02051 2.51459 0.0049278 379 4 1 0.999675 
0.451159 -0.0325344 -7.48957 0.0025 1.02502 1.03523 2.52496 0.00487794 380 4 1 0.999601 
0.453584 -0.0474765 -6.99545 0.0025 1.03711 1.05252 2.53702 0.00482107 381 4 1 0.999844 
0.45598 -0.0593649 -3.22338 0.0025 1.04617 1.06574 2.54616 0.00477933 382 3 1 1.00003 
0.458363 -0.053703 14.1113 0.0025 1.03584 1.05165 2.53663 0.00482701 383 4 1 1.00025 
0.460808 0.00557051 38.9924 0.0025 0.991541 0.988866 2.49253 0.00504266 384 4 1 0.996909 
0.463411 0.0832329 30.3002 0.0025 0.933575 0.908132 2.43254 0.00535575 385 4 1 0.991052 
0.466169 0.143944 23.4713 0.0025 0.883231 0.840457 2.37925 0.00566103 386 4 1 0.992313 
0.469077 0.208172 26.8192 0.0025 0.834109 0.775944 2.32565 0.00599442 387 4 1 0.99255 
0.472171 0.283479 27.9712 0.0025 0.781433 0.708181 2.26577 0.0063985 388 4 1 0.990434 
0.475485 0.363547 26.4239 0.0025 0.728417 0.641812 2.20298 0.0068642 389 4 1 0.98884 
0.479046 0.443652 23.4813 0.0025 0.678605 0.581213 2.14146 0.00736806 390 4 1 0.988433 
0.482865 0.516836 18.1191 0.0025 0.635861 0.530608 2.08648 0.00786335 391 4 1 0.989596 
0.486919 0.571746 10.4174 0.0025 0.604673 0.494554 2.04499 0.00826893 392 4 1 0.992994 
0.491138 0.601487 5.15845 0.0025 0.585304 0.472617 2.01872 0.00854256 393 4 1 0.996798 
0.495463 0.629618 10.1665 0.0025 0.567455 0.452634 1.99406 0.00881127 394 4 1 0.997842 
0.499953 0.679909 10.189 0.0025 0.546609 0.429481 1.96452 0.00914731 395 4 1 0.996332 
0.504614 0.690304 -4.85725 0.0025 0.538124 0.420395 1.95322 0.00929154 396 5 1 0.999102 
0.509245 0.677446 0.0536641 0.0025 0.539953 0.422521 1.9562 0.00926006 397 3 1 1 
0.513874 0.677513 0.859599 0.0025 0.527524 0.407834 1.93278 0.00947824 398 4 1 1.00011 
0.518728 0.678 -0.885675 0.0025 0.502708 0.43519 2.16423 0.00994613 399 4 1 0.994239 
0.523827 0.671509 0.625294 0.0025 0.476245 0.409482 2.1495 0.0104988 400 4 1 0.993332 
0.529238 0.665929 1.3635 0.0025 0.449081 0.436715 2.43111 0.0111338 401 4 1 0.991658 
0.534973 0.639781 4.15138 0.0025 0.427655 0.400588 2.34165 0.0116917 402 4 1 0.993323 
0.540936 0.595844 9.66601 0.0025 0.399116 0.359734 2.25297 0.0125277 403 4 1 0.993554 
0.547537 0.440418 33.6996 0.0025 0.34546 0.289736 2.09656 0.0144735 404 4 1 0.976797 
0.555594 0.185261 36.112 0.0025 0.288934 0.221893 1.92024 0.017305 405 4 1 0.949529 
0.565033 0.0297001 12.8285 0.0025 0.25826 0.188013 1.82032 0.0193603 406 4 1 0.971143 
0.574991 -0.00179635 0.720864 0.0025 0.25042 0.179913 1.7962 0.0199665 407 4 1 0.996907 
0.585 -0.000432073 -0.271458 0.0025 0.249885 0.179384 1.79467 0.0200092 408 5 1 0.999982 
0.595 3.6036e-05 0.00123403 0.0025 0.249997 0.179498 1.79499 0.0200002 409 4 1 1 
0.605 9.61608e-06 0.0028491 0.0025 0.250002 0.179502 1.79501 0.0199998 410 3 1 1 
0.615 1.33068e-06 0.000494512 0.0025 0.25 0.1795 1.795 0.02 411 4 1 1 
0.625 1.37494e-07 6.05641e-05 0.0025 0.25 0.1795 1.795 0.02 412 4 1 1 
0.635 1.08775e-08 5.69447e-06 0.0025 0.25 0.1795 1.795 0.02 413 4 1 1 
0.645 6.19729e-10 4.00007e-07 0.0025 0.25 0.1795 1.795 0.02 414 4 1 1 
0.655 1.93686e-11 1.83241e-08 0.0025 0.25 0.1795 1.795 0.02 415 4 1 1 
0.665 -3.06891e-13 1.6361e-10 0.0025 0.25 0.1795 1.795 0.02 416 4 1 1 
0.675 -9.37918e-15 -2.50964e-11 0.0025 0.25 0.1795 1.795 0.02 417 5 1 1 
0.685 1.87603e-15 5.82645e-13 0.0025 0.25 0.1795 1.795 0.02 418 4 1 1 
0.695 1.84784e-16 8.52651e-14 0.0025 0.25 0.1795 1.795 0.02 419 5 1 1 
0.705 4.30634e-47 1.68156e-44 0.0025 0.25 0.1795 1.795 0.02 420 5 1 1 
0.715 2.4842e-48 2.8026e-45 0.0025 0.25 0.1795 1.795 0.02 421 5 1 1 
0.725 0 0 0.0025 0.25 0.1795 1.795 0.02 422 5 1 1 
0.735 0 0 0.0025 0.25 0.1795 1.795 0.02 423 5 1 1 
0.745 0 0 0.0025 0.25 0.1795 1.795 0.02 424 5 1 1 
0.755 0 0 0.0025 0.25 0.1795 1.795 0.02 425 5 1 1 
0.765 0 0 0.0025 0.25 0.1795 1.795 0.02 426 5 1 1 
0.775 0 0 0.0025 0.25 0.1795 1.795 0.02 427 5 1 1 
0.785 0 0 0.0025 0.25 0.1795 1.795 0.02 428 5 1 1 
0.795 0 0 0.0025 0.25 0.1795 1.795 0.02 429 5 1 1 
0.805 0 0 0.0025 0.25 0.1795 1.795 0.02 430 5 1 1 
0.815 0 0 0.0025 0.25 0.1795 1.795 0.02 431 5 1 1 
0.825 0 0 0.0025 0.25 0.1795 1.795 0.02 432 5 1 1 
0.835 0 0 0.0025 0.25 0.1795 1.795 0.02 433 5 1 1 
0.845 0 0 0.0025 0.25 0.1795 1.795 0.02 434 5 1 1 
0.855 0 0 0.0025 0.25 0.1795 1.795 0.02 435 5 1 1 
0.865 0 0 0.0025 0.25 0.1795 1.795 0.02 436 5 1 1 
0.875 0 0 0.0025 0.25 0.1795 1.795 0.02 437 5 1 1 
0.885 0 0 0.0025 0.25 0.1795 1.795 0.02 438 5 1 1 
0.895 0 0 0.0025 0.25 0.1795 1.795 0.02 439 5 1 1 
0.905 0 0 0.0025 0.25 0.1795 1.795 0.02 440 5 1 1 
0.915 0 0 0.0025 0.25 0.1795 1.795 0.02 441 5 1 1 
0.925 0 0 0.0025 0.25 0.1795 1.795 0.02 442 5 1 1 
0.935 -7.45634e-48 -2.8026e-45 0.0025 0.25 0.1795 1.795 0.02 443 5 1 1 
0.945 -6.10985e-47 -1.12104e-44 0.0025 0.25 0.1795 1.795 0.02 444 5 1 1 
0.955 -1.97071e-16 -4.26326e-14 0.0025 0.25 0.1795 1.795 0.02 445 5 1 1 
0.965 -1.01162e-15 -8.52651e-14 0.0025 0.25 0.1795 1.795 0.02 446 5 1 1 
0.975 -3.75825e-15 -2.41585e-13 0.0025 0.25 0.1795 1.795 0.02 447 5 1 1 
0.985 -4.84925e-15 -9.9476e-14 0.0025 0.25 0.1795 1.795 0.02 448 5 1 1 
0.995 -1.87247e-14 -1.42109e-14 0.0025 0.25 0.1795 1.795 0.02 449 3 1 1 
1.005 1.87247e-14 1.42109e-14 0.0025 0.25 0.1795 1.795 0.02 450 3 1 1 
1.015 4.84925e-15 9.9476e-14 0.0025 0.25 0.1795 1.795 0.02 451 5 1 1 
1.025 3.75825e-15 2.41585e-13 0.0025 0.25 0.1795 1.795 0.02 452 5 1 1 
1.035 1.01162e-15 8.52651e-14 0.0025 0.25 0.1795 1.795 0.02 453 5 1 1 
1.045 1.97071e-16 4.26326e-14 0.0025 0.25 0.1795 1.795 0.02 454 5 1 1 
1.055 6.10985e-47 1.12104e-44 0.0025 0.25 0.1795 1.795 0.02 455 5 1 1 
1.065 7.45634e-48 2.8026e-45 0.0025 0.25 0.1795 1.795 0.02 456 5 1 1 
1.075 0 0 0.0025 0.25 0.1795 1.795 0.02 457 5 1 1 
1.085 0 0 0.0025 0.25 0.1795 1.795 0.02 458 5 1 1 
1.095 0 0 0.0025 0.25 0.1795 1.795 0.02 459 5 1 1 
1.105 0 0 0.0025 0.25 0.1795 1.795 0.02 460 5 1 1 
1.115 0 0 0.0025 0.25 0.1795 1.795 0.02 461 5 1 1 
1.125 0 0 0.0025 0.25 0.1795 1.795 0.02 462 5 1 1 
1.135 0 0 0.0025 0.25 0.1795 1.795 0.02 463 5 1 1 
1.145 0 0 0.0025 0.25 0.1795 1.795 0.02 464 5 1 1 
1.155 0 0 0.0025 0.25 0.1795 1.795 0.02 465 5 1 1 
1.165 0 0 0.0025 0.25 0.1795 1.795 0.02 466 5 1 1 
1.175 0 0 0.0025 0.25 0.1795 1.795 0.02 467 5 1 1 
1.185 0 0 0.0025 0.25 0.1795 1.795 0.02 468 5 1 1 
1.195 0 0 0.0025 0.25 0.1795 1.795 0.02 469 5 1 1 
1.205 0 0 0.0025 0.25 0.1795 1.795 0.02 470 5 1 1 
1.215 0 0 0.0025 0.25 0.1795 1.795 0.02 471 5 1 1 
1.225 0 0 0.0025 0.25 0.1795 1.795 0.02 472 5 1 1 
1.235 0 0 0.0025 0.25 0.1795 1.795 0.02 473 5 1 1 
1.245 0 0 0.0025 0.25 0.1795 1.795 0.02 474 5 1 1 
1.255 0 0 0.0025 0.25 0.1795 1.795 0.02 475 5 1 1 
1.265 0 0 0.0025 0.25 0.1795 1.795 0.02 476 5 1 1 
1.275 0 0 0.0025 0.25 0.1795 1.795 0.02 477 5 1 1 
1.285 -2.4842e-48 -2.8026e-45 0.0025 0.25 0.1795 1.795 0.02 478 5 1 1 
1.295 -4.13968e-47 -1.68156e-44 0.0025 0.25 0.1795 1.795 0.02 479 5 1 1 
1.305 -1.63779e-16 -7.10543e-14 0.0025 0.25 0.1795 1.795 0.02 480 5 1 1 
1.315 -1.73736e-15 -6.25278e-13 0.0025 0.25 0.1795 1.795 0.02 481 4 1 1 
1.325 1.11429e-14 2.58638e-11 0.0025 0.25 0.1795 1.795 0.02 482 5 1 1 
1.335 2.91363e-13 -1.66068e-10 0.0025 0.25 0.1795 1.795 0.02 483 4 1 1 
1.345 -1.93334e-11 -1.83222e-08 0.0025 0.25 0.1795 1.795 0.02 484 4 1 1 
1.355 -6.19774e-10 -4.00006e-07 0.0025 0.25 0.1795 1.795 0.02 485 4 1 1 
1.365 -1.08775e-08 -5.69447e-06 0.0025 0.25 0.1795 1.795 0.02 486 4 1 1 
1.375 -1.37494e-07 -6.05641e-05 0.0025 0.25 0.1795 1.795 0.02 487 4 1 1 
1.385 -1.33068e-06 -0.000494512 0.0025 0.25 0.1795 1.795 0.02 488 4 1 1 
1.395 -9.61608e-06 -0.0028491 0.0025 0.250002 0.179502 1.79501 0.0199998 489 3 1 1 
1.405 -3.6036e-05 -0.00123403 0.0025 0.249997 0.179498 1.79499 0.0200002 490 4 1 1 
1.415 0.000432073 0.271458 0.0025 0.249885 0.179384 1.79467 0.0200092 491 5 1 0.999982 
1.42501 0.00179635 -0.720864 0.0025 0.25042 0.179913 1.7962 0.0199665 492 4 1 0.996907 
1.43497 -0.0297001 -12.8285 0.0025 0.25826 0.188013 1.82032 0.0193603 493 4 1 0.971143 
1.44441 -0.185261 -36.112 0.0025 0.288934 0.221893 1.92024 0.017305 494 4 1 0.949529 
1.45246 -0.440418 -33.6996 0.0025 0.34546 0.289736 2.09656 0.0144735 495 4 1 0.976797 
1.45906 -0.595844 -9.66601 0.0025 0.399116 0.359734 2.25297 0.0125277 496 4 1 0.993554 
1.46503 -0.639781 -4.15138 0.0025 0.427655 0.400588 2.34165 0.0116917 497 4 1 0.993323 
1.47076 -0.665929 -1.3635 0.0025 0.449081 0.436715 2.43111 0.0111338 498 4 1 0.991658 
1.47617 -0.671509 -0.625294 0.0025 0.476245 0.409482 2.1495 0.0104988 499 4 1 0.993332 
