# Time [s]: 0.0341994
# Columns: pos [m], vel [m/s], acc [m/s^2], mass [kg], dens [kg/m^3], pres [Pa], ene [J/kg], sml [m], id, neighbor, alpha, gradh, ...additional?
1.47927 -0.675844 0.411784 0.0025 0.503586 0.436258 2.16575 0.0099288 0 4 1 0.994559 
1.48411 -0.678931 -0.00774627 0.0025 0.527667 0.407988 1.93299 0.00947568 1 4 1 0.999708 
1.48875 -0.678103 -0.227028 0.0025 0.540925 0.423571 1.9576 0.00924342 2 3 1 1.00002 
1.49336 -0.680052 1.28825 0.0025 0.540185 0.422711 1.95632 0.00925608 3 4 1 1.00004 
1.498 -0.693155 1.10842 0.0025 0.539793 0.422005 1.95469 0.0092628 4 5 1 0.998005 
-0.497379 -0.663672 -11.4457 0.0025 0.552688 0.436163 1.97304 0.00904669 5 4 1 0.996903 
-0.492946 -0.620081 -8.09267 0.0025 0.573058 0.458874 2.00178 0.00872511 6 4 1 0.99791 
-0.488651 -0.594669 -5.83234 0.0025 0.589797 0.477662 2.02478 0.00847749 7 4 1 0.996424 
-0.484467 -0.56065 -11.5639 0.0025 0.610527 0.501258 2.05281 0.00818964 8 4 1 0.993055 
-0.480457 -0.505115 -17.9305 0.0025 0.6422 0.538027 2.09472 0.00778573 9 4 1 0.990538 
-0.476673 -0.435477 -22.133 0.0025 0.683272 0.586814 2.14729 0.00731773 10 4 1 0.989815 
-0.473129 -0.361109 -24.3674 0.0025 0.729856 0.643582 2.20467 0.00685066 11 4 1 0.99021 
-0.469812 -0.287331 -25.6939 0.0025 0.778948 0.705002 2.26281 0.00641892 12 4 1 0.991303 
-0.466702 -0.216738 -25.6895 0.0025 0.828246 0.768305 2.31906 0.00603685 13 4 1 0.993197 
-0.463769 -0.154339 -22.3157 0.0025 0.874563 0.82905 2.36996 0.00571714 14 4 1 0.994107 
-0.46098 -0.101253 -22.9844 0.0025 0.918513 0.887652 2.41665 0.00544358 15 4 1 0.992389 
-0.458322 -0.0373955 -35.1335 0.0025 0.969337 0.95754 2.46966 0.00515816 16 4 1 0.994223 
-0.455817 0.0339742 -27.3221 0.0025 1.02038 1.02965 2.52139 0.00490014 17 4 1 0.99975 
-0.453419 0.0594586 -1.15579 0.0025 1.04469 1.06391 2.54492 0.00478611 18 3 1 1.00001 
-0.45103 0.0528186 5.53455 0.0025 1.04169 1.0591 2.54157 0.00479987 19 4 1 1.00006 
-0.448619 0.0395838 6.96317 0.0025 1.03082 1.04351 2.53074 0.0048505 20 4 1 0.999701 
-0.44618 0.0258909 6.58076 0.0025 1.01987 1.02791 2.51981 0.00490257 21 4 1 0.999656 
-0.443716 0.0148006 4.92335 0.0025 1.01127 1.01575 2.51121 0.00494428 22 4 1 0.999769 
-0.441235 0.00743816 3.0514 0.0025 1.00565 1.00786 2.5056 0.00497191 23 4 1 0.999895 
-0.438744 0.00331392 1.61134 0.0025 1.00252 1.00349 2.50249 0.00498743 24 4 1 0.999966 
-0.436248 0.00131736 0.74144 0.0025 1.00101 1.00139 2.50099 0.00499497 25 4 1 0.999992 
-0.433749 0.000467705 0.301049 0.0025 1.00036 1.00049 2.50035 0.0049982 26 4 1 0.999998 
-0.43125 0.000147499 0.108099 0.0025 1.00011 1.00016 2.50011 0.00499943 27 4 1 1 
-0.42875 4.08197e-05 0.0341109 0.0025 1.00003 1.00004 2.50003 0.00499984 28 4 1 1 
-0.42625 9.70457e-06 0.00932121 0.0025 1.00001 1.00001 2.50001 0.00499996 29 4 1 1 
-0.42375 1.90764e-06 0.002147 0.0025 1 1 2.5 0.00499999 30 4 1 1 
-0.42125 2.86186e-07 0.000395171 0.0025 1 1 2.5 0.005 31 4 1 1 
-0.41875 2.58968e-08 5.06953e-05 0.0025 1 1 2.5 0.005 32 4 1 1 
-0.41625 -2.65307e-10 1.91548e-06 0.0025 1 1 2.5 0.005 33 4 1 1 
-0.41375 3.24392e-11 -4.61897e-07 0.0025 1 1 2.5 0.005 34 5 1 1 
-0.41125 1.33774e-10 4.30348e-08 0.0025 1 1 2.5 0.005 35 3 1 1 
-0.40875 4.50606e-11 3.97416e-08 0.0025 1 1 2.5 0.005 36 4 1 1 
-0.40625 8.59524e-12 1.1232e-08 0.0025 1 1 2.5 0.005 37 4 1 1 
-0.40375 8.5883e-13 1.71735e-09 0.0025 1 1 2.5 0.005 38 4 1 1 
-0.40125 -2.66734e-14 5.63887e-11 0.0025 1 1 2.5 0.005 39 4 1 1 
-0.39875 1.98441e-16 -7.61702e-12 0.0025 1 1 2.5 0.005 40 5 1 1 
-0.39625 6.40212e-16 -1.13687e-13 0.0025 1 1 2.5 0.005 41 5 1 1 
-0.39375 1.34868e-16 2.27374e-13 0.0025 1 1 2.5 0.005 42 5 1 1 
-0.39125 2.65981e-47 4.48416e-44 0.0025 1 1 2.5 0.005 43 5 1 1 
-0.38875 0 0 0.0025 1 1 2.5 0.005 44 5 1 1 
-0.38625 0 0 0.0025 1 1 2.5 0.005 45 5 1 1 
-0.38375 0 0 0.0025 1 1 2.5 0.005 46 5 1 1 
-0.38125 0 0 0.0025 1 1 2.5 0.005 47 5 1 1 
-0.37875 0 0 0.0025 1 1 2.5 0.005 48 5 1 1 
-0.37625 0 0 0.0025 1 1 2.5 0.005 49 5 1 1 
-0.37375 0 0 0.0025 1 1 2.5 0.005 50 5 1 1 
-0.37125 0 0 0.0025 1 1 2.5 0.005 51 5 1 1 
-0.36875 0 0 0.0025 1 1 2.5 0.005 52 5 1 1 
-0.36625 0 0 0.0025 1 1 2.5 0.005 53 5 1 1 
-0.36375 0 0 0.0025 1 1 2.5 0.005 54 5 1 1 
-0.36125 0 0 0.0025 1 1 2.5 0.005 55 5 1 1 
-0.35875 0 0 0.0025 1 1 2.5 0.005 56 5 1 1 
-0.35625 0 0 0.0025 1 1 2.5 0.005 57 5 1 1 
-0.35375 0 0 0.0025 1 1 2.5 0.005 58 5 1 1 
-0.35125 0 0 0.0025 1 1 2.5 0.005 59 5 1 1 
-0.34875 0 0 0.0025 1 1 2.5 0.005 60 5 1 1 
-0.34625 0 0 0.0025 1 1 2.5 0.005 61 5 1 1 
-0.34375 0 0 0.0025 1 1 2.5 0.005 62 5 1 1 
-0.34125 0 0 0.0025 1 1 2.5 0.005 63 5 1 1 
-0.33875 0 0 0.0025 1 1 2.5 0.005 64 5 1 1 
-0.33625 0 0 0.0025 1 1 2.5 0.005 65 5 1 1 
-0.33375 0 0 0.0025 1 1 2.5 0.005 66 5 1 1 
-0.33125 0 0 0.0025 1 1 2.5 0.005 67 5 1 1 
-0.32875 0 0 0.0025 1 1 2.5 0.005 68 5 1 1 
-0.32625 0 0 0.0025 1 1 2.5 0.005 69 5 1 1 
-0.32375 0 0 0.0025 1 1 2.5 0.005 70 5 1 1 
-0.32125 0 0 0.0025 1 1 2.5 0.005 71 5 1 1 
-0.31875 0 0 0.0025 1 1 2.5 0.005 72 5 1 1 
-0.31625 0 0 0.0025 1 1 2.5 0.005 73 5 1 1 
-0.31375 0 0 0.0025 1 1 2.5 0.005 74 5 1 1 
-0.31125 0 0 0.0025 1 1 2.5 0.005 75 5 1 1 
-0.30875 0 0 0.0025 1 1 2.5 0.005 76 5 1 1 
-0.30625 0 0 0.0025 1 1 2.5 0.005 77 5 1 1 
-0.30375 0 0 0.0025 1 1 2.5 0.005 78 5 1 1 
-0.30125 0 0 0.0025 1 1 2.5 0.005 79 5 1 1 
-0.29875 0 0 0.0025 1 1 2.5 0.005 80 5 1 1 
-0.29625 0 0 0.0025 1 1 2.5 0.005 81 5 1 1 
-0.29375 0 0 0.0025 1 1 2.5 0.005 82 5 1 1 
-0.29125 0 0 0.0025 1 1 2.5 0.005 83 5 1 1 
-0.28875 0 0 0.0025 1 1 2.5 0.005 84 5 1 1 
-0.28625 0 0 0.0025 1 1 2.5 0.005 85 5 1 1 
-0.28375 0 0 0.0025 1 1 2.5 0.005 86 5 1 1 
-0.28125 0 0 0.0025 1 1 2.5 0.005 87 5 1 1 
-0.27875 0 0 0.0025 1 1 2.5 0.005 88 5 1 1 
-0.27625 0 0 0.0025 1 1 2.5 0.005 89 5 1 1 
-0.27375 0 0 0.0025 1 1 2.5 0.005 90 5 1 1 
-0.27125 0 0 0.0025 1 1 2.5 0.005 91 5 1 1 
-0.26875 0 0 0.0025 1 1 2.5 0.005 92 5 1 1 
-0.26625 0 0 0.0025 1 1 2.5 0.005 93 5 1 1 
-0.26375 0 0 0.0025 1 1 2.5 0.005 94 5 1 1 
-0.26125 0 0 0.0025 1 1 2.5 0.005 95 5 1 1 
-0.25875 0 0 0.0025 1 1 2.5 0.005 96 5 1 1 
-0.25625 0 0 0.0025 1 1 2.5 0.005 97 5 1 1 
-0.25375 0 0 0.0025 1 1 2.5 0.005 98 5 1 1 
-0.25125 0 0 0.0025 1 1 2.5 0.005 99 5 1 1 
-0.24875 0 0 0.0025 1 1 2.5 0.005 100 5 1 1 
-0.24625 0 0 0.0025 1 1 2.5 0.005 101 5 1 1 
-0.24375 0 0 0.0025 1 1 2.5 0.005 102 5 1 1 
-0.24125 0 0 0.0025 1 1 2.5 0.005 103 5 1 1 
-0.23875 0 0 0.0025 1 1 2.5 0.005 104 5 1 1 
-0.23625 0 0 0.0025 1 1 2.5 0.005 105 5 1 1 
-0.23375 0 0 0.0025 1 1 2.5 0.005 106 5 1 1 
-0.23125 0 0 0.0025 1 1 2.5 0.005 107 5 1 1 
-0.22875 0 0 0.0025 1 1 2.5 0.005 108 5 1 1 
-0.22625 0 0 0.0025 1 1 2.5 0.005 109 5 1 1 
-0.22375 0 0 0.0025 1 1 2.5 0.005 110 5 1 1 
-0.22125 0 0 0.0025 1 1 2.5 0.005 111 5 1 1 
-0.21875 0 0 0.0025 1 1 2.5 0.005 112 5 1 1 
-0.21625 0 0 0.0025 1 1 2.5 0.005 113 5 1 1 
-0.21375 0 0 0.0025 1 1 2.5 0.005 114 5 1 1 
-0.21125 0 0 0.0025 1 1 2.5 0.005 115 5 1 1 
-0.20875 0 0 0.0025 1 1 2.5 0.005 116 5 1 1 
-0.20625 0 0 0.0025 1 1 2.5 0.005 117 5 1 1 
-0.20375 0 0 0.0025 1 1 2.5 0.005 118 5 1 1 
-0.20125 0 0 0.0025 1 1 2.5 0.005 119 5 1 1 
-0.19875 0 0 0.0025 1 1 2.5 0.005 120 5 1 1 
-0.19625 0 0 0.0025 1 1 2.5 0.005 121 5 1 1 
-0.19375 0 0 0.0025 1 1 2.5 0.005 122 5 1 1 
-0.19125 0 0 0.0025 1 1 2.5 0.005 123 5 1 1 
-0.18875 0 0 0.0025 1 1 2.5 0.005 124 5 1 1 
-0.18625 0 0 0.0025 1 1 2.5 0.005 125 5 1 1 
-0.18375 0 0 0.0025 1 1 2.5 0.005 126 5 1 1 
-0.18125 0 0 0.0025 1 1 2.5 0.005 127 5 1 1 
-0.17875 0 0 0.0025 1 1 2.5 0.005 128 5 1 1 
-0.17625 0 0 0.0025 1 1 2.5 0.005 129 5 1 1 
-0.17375 0 0 0.0025 1 1 2.5 0.005 130 5 1 1 
-0.17125 0 0 0.0025 1 1 2.5 0.005 131 5 1 1 
-0.16875 0 0 0.0025 1 1 2.5 0.005 132 5 1 1 
-0.16625 0 0 0.0025 1 1 2.5 0.005 133 5 1 1 
-0.16375 0 0 0.0025 1 1 2.5 0.005 134 5 1 1 
-0.16125 0 0 0.0025 1 1 2.5 0.005 135 5 1 1 
-0.15875 0 0 0.0025 1 1 2.5 0.005 136 5 1 1 
-0.15625 0 0 0.0025 1 1 2.5 0.005 137 5 1 1 
-0.15375 0 0 0.0025 1 1 2.5 0.005 138 5 1 1 
-0.15125 0 0 0.0025 1 1 2.5 0.005 139 5 1 1 
-0.14875 0 0 0.0025 1 1 2.5 0.005 140 5 1 1 
-0.14625 0 0 0.0025 1 1 2.5 0.005 141 5 1 1 
-0.14375 0 0 0.0025 1 1 2.5 0.005 142 5 1 1 
-0.14125 0 0 0.0025 1 1 2.5 0.005 143 5 1 1 
-0.13875 0 0 0.0025 1 1 2.5 0.005 144 5 1 1 
-0.13625 0 0 0.0025 1 1 2.5 0.005 145 5 1 1 
-0.13375 0 0 0.0025 1 1 2.5 0.005 146 5 1 1 
-0.13125 0 0 0.0025 1 1 2.5 0.005 147 5 1 1 
-0.12875 0 0 0.0025 1 1 2.5 0.005 148 5 1 1 
-0.12625 0 0 0.0025 1 1 2.5 0.005 149 5 1 1 
-0.12375 0 0 0.0025 1 1 2.5 0.005 150 5 1 1 
-0.12125 0 0 0.0025 1 1 2.5 0.005 151 5 1 1 
-0.11875 0 0 0.0025 1 1 2.5 0.005 152 5 1 1 
-0.11625 0 0 0.0025 1 1 2.5 0.005 153 5 1 1 
-0.11375 0 0 0.0025 1 1 2.5 0.005 154 5 1 1 
-0.11125 0 0 0.0025 1 1 2.5 0.005 155 5 1 1 
-0.10875 0 0 0.0025 1 1 2.5 0.005 156 5 1 1 
-0.10625 0 0 0.0025 1 1 2.5 0.005 157 5 1 1 
-0.10375 0 0 0.0025 1 1 2.5 0.005 158 5 1 1 
-0.10125 0 0 0.0025 1 1 2.5 0.005 159 5 1 1 
-0.09875 0 0 0.0025 1 1 2.5 0.005 160 5 1 1 
-0.09625 0 0 0.0025 1 1 2.5 0.005 161 5 1 1 
-0.09375 0 0 0.0025 1 1 2.5 0.005 162 5 1 1 
-0.09125 0 0 0.0025 1 1 2.5 0.005 163 5 1 1 
-0.08875 0 0 0.0025 1 1 2.5 0.005 164 5 1 1 
-0.08625 0 0 0.0025 1 1 2.5 0.005 165 5 1 1 
-0.08375 0 0 0.0025 1 1 2.5 0.005 166 5 1 1 
-0.08125 0 0 0.0025 1 1 2.5 0.005 167 5 1 1 
-0.07875 0 0 0.0025 1 1 2.5 0.005 168 5 1 1 
-0.07625 0 0 0.0025 1 1 2.5 0.005 169 5 1 1 
-0.07375 0 0 0.0025 1 1 2.5 0.005 170 5 1 1 
-0.07125 0 0 0.0025 1 1 2.5 0.005 171 5 1 1 
-0.06875 0 0 0.0025 1 1 2.5 0.005 172 5 1 1 
-0.06625 0 0 0.0025 1 1 2.5 0.005 173 5 1 1 
-0.06375 0 0 0.0025 1 1 2.5 0.005 174 5 1 1 
-0.06125 0 0 0.0025 1 1 2.5 0.005 175 5 1 1 
-0.05875 0 0 0.0025 1 1 2.5 0.005 176 5 1 1 
-0.05625 0 0 0.0025 1 1 2.5 0.005 177 5 1 1 
-0.05375 0 0 0.0025 1 1 2.5 0.005 178 5 1 1 
-0.05125 -6.96374e-47 -1.12104e-44 0.0025 1 1 2.5 0.005 179 5 1 1 
-0.04875 -1.34305e-16 -1.12104e-44 0.0025 1 1 2.5 0.005 180 5 1 1 
-0.04625 -3.18259e-16 -5.68434e-14 0.0025 1 1 2.5 0.005 181 5 1 1 
-0.04375 -5.34083e-16 -2.24208e-44 0.0025 1 1 2.5 0.005 182 5 1 1 
-0.04125 -9.32204e-16 -1.12104e-44 0.0025 1 1 2.5 0.005 183 5 1 1 
-0.03875 -1.37541e-15 -5.68434e-14 0.0025 1 1 2.5 0.005 184 5 1 1 
-0.03625 -1.72437e-15 -5.52203e-28 0.0025 1 1 2.5 0.005 185 5 1 1 
-0.03375 -3.29436e-15 -3.15544e-28 0.0025 1 1 2.5 0.005 186 4 1 1 
-0.03125 1.28954e-17 -5.68434e-14 0.0025 1 1 2.5 0.005 187 3 1 1 
-0.02875 -6.99302e-16 -5.68434e-14 0.0025 1 1 2.5 0.005 188 3 1 1 
-0.02625 -2.04906e-16 -3.54987e-28 0.0025 1 1 2.5 0.005 189 3 1 1 
-0.02375 -3.34409e-16 -1.13687e-13 0.0025 1 1 2.5 0.005 190 3 1 1 
-0.02125 1.30997e-15 7.38964e-13 0.0025 1 1 2.5 0.005 191 4 1 1 
-0.01875 5.45816e-16 -8.52651e-13 0.0025 1 1 2.5 0.005 192 4 1 1 
-0.01625 2.14895e-15 3.41061e-13 0.0025 1 1 2.5 0.005 193 4 1 1 
-0.01375 4.7757e-16 -8.87469e-29 0.0025 1 1 2.5 0.005 194 4 1 1 
-0.01125 1.06108e-15 -2.07076e-28 0.0025 1 1 2.5 0.005 195 3 1 1 
-0.00875 9.01837e-16 5.68434e-14 0.0025 1 1 2.5 0.005 196 4 1 1 
-0.00625 5.03341e-16 5.68434e-14 0.0025 1 1 2.5 0.005 197 4 1 1 
-0.00375 -2.70668e-16 4.93038e-29 0.0025 1 1 2.5 0.005 198 5 1 1 
-0.00125 3.34452e-17 -4.93038e-29 0.0025 1 1 2.5 0.005 199 5 1 1 
0.00125 3.7836e-17 -2.27374e-13 0.0025 1 1 2.5 0.005 200 4 1 1 
0.00375 -2.57335e-16 -1.13687e-13 0.0025 1 1 2.5 0.005 201 4 1 1 
0.00625 -5.79848e-16 1.13687e-13 0.0025 1 1 2.5 0.005 202 5 1 1 
0.00875 -1.22714e-15 -6.25278e-13 0.0025 1 1 2.5 0.005 203 3 1 1 
0.01125 -1.24503e-15 8.52651e-13 0.0025 1 1 2.5 0.005 204 4 1 1 
0.01375 3.96581e-16 1.13687e-13 0.0025 1 1 2.5 0.005 205 5 1 1 
0.01625 -1.5909e-15 -9.66338e-13 0.0025 1 1 2.5 0.005 206 4 1 1 
0.01875 -2.55191e-15 1.47793e-12 0.0025 1 1 2.5 0.005 207 3 1 1 
0.02125 3.43744e-16 -9.66338e-13 0.0025 1 1 2.5 0.005 208 4 1 1 
0.02375 4.71131e-16 1.13687e-13 0.0025 1 1 2.5 0.005 209 3 1 1 
0.02625 3.77755e-16 0 0.0025 1 1 2.5 0.005 210 3 1 1 
0.02875 -9.71921e-17 -6.31089e-28 0.0025 1 1 2.5 0.005 211 3 1 1 
0.03125 3.53012e-15 1.13687e-13 0.0025 1 1 2.5 0.005 212 4 1 1 
0.03375 1.82457e-15 5.52203e-28 0.0025 1 1 2.5 0.005 213 5 1 1 
0.03625 1.40962e-15 5.68434e-14 0.0025 1 1 2.5 0.005 214 5 1 1 
0.03875 9.32305e-16 1.12104e-44 0.0025 1 1 2.5 0.005 215 5 1 1 
0.04125 5.67246e-16 2.24208e-44 0.0025 1 1 2.5 0.005 216 5 1 1 
0.04375 3.17623e-16 5.68434e-14 0.0025 1 1 2.5 0.005 217 5 1 1 
0.04625 1.68209e-16 1.12104e-44 0.0025 1 1 2.5 0.005 218 5 1 1 
0.04875 8.28869e-47 1.12104e-44 0.0025 1 1 2.5 0.005 219 5 1 1 
0.05125 0 0 0.0025 1 1 2.5 0.005 220 5 1 1 
0.05375 0 0 0.0025 1 1 2.5 0.005 221 5 1 1 
0.05625 0 0 0.0025 1 1 2.5 0.005 222 5 1 1 
0.05875 0 0 0.0025 1 1 2.5 0.005 223 5 1 1 
0.06125 0 0 0.0025 1 1 2.5 0.005 224 5 1 1 
0.06375 0 0 0.0025 1 1 2.5 0.005 225 5 1 1 
0.06625 0 0 0.0025 1 1 2.5 0.005 226 5 1 1 
0.06875 0 0 0.0025 1 1 2.5 0.005 227 5 1 1 
0.07125 0 0 0.0025 1 1 2.5 0.005 228 5 1 1 
0.07375 0 0 0.0025 1 1 2.5 0.005 229 5 1 1 
0.07625 0 0 0.0025 1 1 2.5 0.005 230 5 1 1 
0.07875 0 0 0.0025 1 1 2.5 0.005 231 5 1 1 
0.08125 0 0 0.0025 1 1 2.5 0.005 232 5 1 1 
0.08375 0 0 0.0025 1 1 2.5 0.005 233 5 1 1 
0.08625 0 0 0.0025 1 1 2.5 0.005 234 5 1 1 
0.08875 0 0 0.0025 1 1 2.5 0.005 235 5 1 1 
0.09125 0 0 0.0025 1 1 2.5 0.005 236 5 1 1 
0.09375 0 0 0.0025 1 1 2.5 0.005 237 5 1 1 
0.09625 -6.30523e-47 -1.12104e-44 0.0025 1 1 2.5 0.005 238 5 1 1 
0.09875 -1.68259e-16 -1.12104e-44 0.0025 1 1 2.5 0.005 239 5 1 1 
0.10125 -3.52545e-16 -5.68434e-14 0.0025 1 1 2.5 0.005 240 5 1 1 
0.10375 -7.03642e-16 -2.24208e-44 0.0025 1 1 2.5 0.005 241 5 1 1 
0.10625 -1.16946e-15 3.36312e-44 0.0025 1 1 2.5 0.005 242 5 1 1 
0.10875 -1.57994e-15 5.68434e-14 0.0025 1 1 2.5 0.005 243 5 1 1 
0.11125 -1.07599e-15 5.68434e-13 0.0025 1 1 2.5 0.005 244 5 1 1 
0.11375 -2.6933e-15 4.54747e-13 0.0025 1 1 2.5 0.005 245 5 1 1 
0.11625 3.36511e-15 -4.54747e-13 0.0025 1 1 2.5 0.005 246 5 1 1 
0.11875 -1.4134e-16 -6.25278e-13 0.0025 1 1 2.5 0.005 247 5 1 1 
0.12125 -3.91751e-16 1.7053e-13 0.0025 1 1 2.5 0.005 248 5 1 1 
0.12375 -5.75292e-15 3.41061e-13 0.0025 1 1 2.5 0.005 249 4 1 1 
0.12625 5.75292e-15 -3.41061e-13 0.0025 1 1 2.5 0.005 250 4 1 1 
0.12875 3.91751e-16 -1.7053e-13 0.0025 1 1 2.5 0.005 251 5 1 1 
0.13125 1.4134e-16 6.25278e-13 0.0025 1 1 2.5 0.005 252 5 1 1 
0.13375 -3.36511e-15 4.54747e-13 0.0025 1 1 2.5 0.005 253 5 1 1 
0.13625 2.6933e-15 -4.54747e-13 0.0025 1 1 2.5 0.005 254 5 1 1 
0.13875 1.07599e-15 -5.68434e-13 0.0025 1 1 2.5 0.005 255 5 1 1 
0.14125 1.57994e-15 -5.68434e-14 0.0025 1 1 2.5 0.005 256 5 1 1 
0.14375 1.16946e-15 -3.36312e-44 0.0025 1 1 2.5 0.005 257 5 1 1 
0.14625 7.03642e-16 2.24208e-44 0.0025 1 1 2.5 0.005 258 5 1 1 
0.14875 3.52545e-16 5.68434e-14 0.0025 1 1 2.5 0.005 259 5 1 1 
0.15125 1.68259e-16 1.12104e-44 0.0025 1 1 2.5 0.005 260 5 1 1 
0.15375 6.30523e-47 1.12104e-44 0.0025 1 1 2.5 0.005 261 5 1 1 
0.15625 0 0 0.0025 1 1 2.5 0.005 262 5 1 1 
0.15875 0 0 0.0025 1 1 2.5 0.005 263 5 1 1 
0.16125 0 0 0.0025 1 1 2.5 0.005 264 5 1 1 
0.16375 0 0 0.0025 1 1 2.5 0.005 265 5 1 1 
0.16625 0 0 0.0025 1 1 2.5 0.005 266 5 1 1 
0.16875 0 0 0.0025 1 1 2.5 0.005 267 5 1 1 
0.17125 0 0 0.0025 1 1 2.5 0.005 268 5 1 1 
0.17375 0 0 0.0025 1 1 2.5 0.005 269 5 1 1 
0.17625 0 0 0.0025 1 1 2.5 0.005 270 5 1 1 
0.17875 0 0 0.0025 1 1 2.5 0.005 271 5 1 1 
0.18125 0 0 0.0025 1 1 2.5 0.005 272 5 1 1 
0.18375 0 0 0.0025 1 1 2.5 0.005 273 5 1 1 
0.18625 0 0 0.0025 1 1 2.5 0.005 274 5 1 1 
0.18875 0 0 0.0025 1 1 2.5 0.005 275 5 1 1 
0.19125 0 0 0.0025 1 1 2.5 0.005 276 5 1 1 
0.19375 0 0 0.0025 1 1 2.5 0.005 277 5 1 1 
0.19625 0 0 0.0025 1 1 2.5 0.005 278 5 1 1 
0.19875 0 0 0.0025 1 1 2.5 0.005 279 5 1 1 
0.20125 0 0 0.0025 1 1 2.5 0.005 280 5 1 1 
0.20375 0 0 0.0025 1 1 2.5 0.005 281 5 1 1 
0.20625 0 0 0.0025 1 1 2.5 0.005 282 5 1 1 
0.20875 0 0 0.0025 1 1 2.5 0.005 283 5 1 1 
0.21125 0 0 0.0025 1 1 2.5 0.005 284 5 1 1 
0.21375 -1.66173e-47 -1.12104e-44 0.0025 1 1 2.5 0.005 285 5 1 1 
0.21625 -5.05546e-17 -5.68434e-14 0.0025 1 1 2.5 0.005 286 5 1 1 
0.21875 -2.69308e-16 -1.13687e-13 0.0025 1 1 2.5 0.005 287 5 1 1 
0.22125 -8.23909e-16 -5.68434e-14 0.0025 1 1 2.5 0.005 288 5 1 1 
0.22375 -1.46056e-15 -1.7053e-13 0.0025 1 1 2.5 0.005 289 5 1 1 
0.22625 -2.81738e-15 -1.13687e-13 0.0025 1 1 2.5 0.005 290 5 1 1 
0.22875 -4.90679e-15 -2.84217e-13 0.0025 1 1 2.5 0.005 291 5 1 1 
0.23125 -6.2657e-15 -5.68434e-14 0.0025 1 1 2.5 0.005 292 5 1 1 
0.23375 -6.86098e-15 -2.27374e-13 0.0025 1 1 2.5 0.005 293 5 1 1 
0.23625 -9.25336e-16 1.3074e-12 0.0025 1 1 2.5 0.005 294 5 1 1 
0.23875 -4.08828e-15 1.25056e-12 0.0025 1 1 2.5 0.005 295 5 1 1 
0.24125 7.85177e-15 -9.66338e-13 0.0025 1 1 2.5 0.005 296 5 1 1 
0.24375 1.51848e-15 -9.09495e-13 0.0025 1 1 2.5 0.005 297 5 1 1 
0.24625 1.00533e-16 -2.65846e-26 0.0025 1 1 2.5 0.005 298 5 1 1 
0.24875 -9.98305e-15 2.84217e-13 0.0025 1 1 2.5 0.005 299 3 1 1 
0.25125 9.98305e-15 -2.84217e-13 0.0025 1 1 2.5 0.005 300 3 1 1 
0.25375 -1.00533e-16 2.65846e-26 0.0025 1 1 2.5 0.005 301 5 1 1 
0.25625 -1.51848e-15 9.09495e-13 0.0025 1 1 2.5 0.005 302 5 1 1 
0.25875 -7.85177e-15 9.66338e-13 0.0025 1 1 2.5 0.005 303 5 1 1 
0.26125 4.08828e-15 -1.25056e-12 0.0025 1 1 2.5 0.005 304 5 1 1 
0.26375 9.25336e-16 -1.3074e-12 0.0025 1 1 2.5 0.005 305 5 1 1 
0.26625 6.86098e-15 2.27374e-13 0.0025 1 1 2.5 0.005 306 5 1 1 
0.26875 6.2657e-15 5.68434e-14 0.0025 1 1 2.5 0.005 307 5 1 1 
0.27125 4.90679e-15 2.84217e-13 0.0025 1 1 2.5 0.005 308 5 1 1 
0.27375 2.81738e-15 1.13687e-13 0.0025 1 1 2.5 0.005 309 5 1 1 
0.27625 1.46056e-15 1.7053e-13 0.0025 1 1 2.5 0.005 310 5 1 1 
0.27875 8.23909e-16 5.68434e-14 0.0025 1 1 2.5 0.005 311 5 1 1 
0.28125 2.69308e-16 1.13687e-13 0.0025 1 1 2.5 0.005 312 5 1 1 
0.28375 5.05546e-17 5.68434e-14 0.0025 1 1 2.5 0.005 313 5 1 1 
0.28625 1.66173e-47 1.12104e-44 0.0025 1 1 2.5 0.005 314 5 1 1 
0.28875 0 0 0.0025 1 1 2.5 0.005 315 5 1 1 
0.29125 0 0 0.0025 1 1 2.5 0.005 316 5 1 1 
0.29375 0 0 0.0025 1 1 2.5 0.005 317 5 1 1 
0.29625 0 0 0.0025 1 1 2.5 0.005 318 5 1 1 
0.29875 0 0 0.0025 1 1 2.5 0.005 319 5 1 1 
0.30125 0 0 0.0025 1 1 2.5 0.005 320 5 1 1 
0.30375 0 0 0.0025 1 1 2.5 0.005 321 5 1 1 
0.30625 0 0 0.0025 1 1 2.5 0.005 322 5 1 1 
0.30875 0 0 0.0025 1 1 2.5 0.005 323 5 1 1 
0.31125 0 0 0.0025 1 1 2.5 0.005 324 5 1 1 
0.31375 0 0 0.0025 1 1 2.5 0.005 325 5 1 1 
0.31625 0 0 0.0025 1 1 2.5 0.005 326 5 1 1 
0.31875 0 0 0.0025 1 1 2.5 0.005 327 5 1 1 
0.32125 0 0 0.0025 1 1 2.5 0.005 328 5 1 1 
0.32375 0 0 0.0025 1 1 2.5 0.005 329 5 1 1 
0.32625 0 0 0.0025 1 1 2.5 0.005 330 5 1 1 
0.32875 0 0 0.0025 1 1 2.5 0.005 331 5 1 1 
0.33125 0 0 0.0025 1 1 2.5 0.005 332 5 1 1 
0.33375 0 0 0.0025 1 1 2.5 0.005 333 5 1 1 
0.33625 0 0 0.0025 1 1 2.5 0.005 334 5 1 1 
0.33875 0 0 0.0025 1 1 2.5 0.005 335 5 1 1 
0.34125 0 0 0.0025 1 1 2.5 0.005 336 5 1 1 
0.34375 0 0 0.0025 1 1 2.5 0.005 337 5 1 1 
0.34625 0 0 0.0025 1 1 2.5 0.005 338 5 1 1 
0.34875 0 0 0.0025 1 1 2.5 0.005 339 5 1 1 
0.35125 0 0 0.0025 1 1 2.5 0.005 340 5 1 1 
0.35375 0 0 0.0025 1 1 2.5 0.005 341 5 1 1 
0.35625 0 0 0.0025 1 1 2.5 0.005 342 5 1 1 
0.35875 0 0 0.0025 1 1 2.5 0.005 343 5 1 1 
0.36125 0 0 0.0025 1 1 2.5 0.005 344 5 1 1 
0.36375 0 0 0.0025 1 1 2.5 0.005 345 5 1 1 
0.36625 0 0 0.0025 1 1 2.5 0.005 346 5 1 1 
0.36875 0 0 0.0025 1 1 2.5 0.005 347 5 1 1 
0.37125 0 0 0.0025 1 1 2.5 0.005 348 5 1 1 
0.37375 0 0 0.0025 1 1 2.5 0.005 349 5 1 1 
0.37625 0 0 0.0025 1 1 2.5 0.005 350 5 1 1 
0.37875 0 0 0.0025 1 1 2.5 0.005 351 5 1 1 
0.38125 0 0 0.0025 1 1 2.5 0.005 352 5 1 1 
0.38375 0 0 0.0025 1 1 2.5 0.005 353 5 1 1 
0.38625 0 0 0.0025 1 1 2.5 0.005 354 5 1 1 
0.38875 0 0 0.0025 1 1 2.5 0.005 355 5 1 1 
0.39125 -2.65981e-47 -4.48416e-44 0.0025 1 1 2.5 0.005 356 5 1 1 
0.39375 -1.34868e-16 -2.27374e-13 0.0025 1 1 2.5 0.005 357 5 1 1 
0.39625 -6.40212e-16 1.13687e-13 0.0025 1 1 2.5 0.005 358 5 1 1 
0.39875 -1.98441e-16 7.61702e-12 0.0025 1 1 2.5 0.005 359 5 1 1 
0.40125 2.66734e-14 -5.63887e-11 0.0025 1 1 2.5 0.005 360 4 1 1 
0.40375 -8.5883e-13 -1.71735e-09 0.0025 1 1 2.5 0.005 361 4 1 1 
0.40625 -8.59524e-12 -1.1232e-08 0.0025 1 1 2.5 0.005 362 4 1 1 
0.40875 -4.50606e-11 -3.97416e-08 0.0025 1 1 2.5 0.005 363 4 1 1 
0.41125 -1.33774e-10 -4.30348e-08 0.0025 1 1 2.5 0.005 364 3 1 1 
0.41375 -3.24392e-11 4.61897e-07 0.0025 1 1 2.5 0.005 365 5 1 1 
0.41625 2.65307e-10 -1.91548e-06 0.0025 1 1 2.5 0.005 366 4 1 1 
0.41875 -2.58968e-08 -5.06953e-05 0.0025 1 1 2.5 0.005 367 4 1 1 
0.42125 -2.86186e-07 -0.000395171 0.0025 1 1 2.5 0.005 368 4 1 1 
0.42375 -1.90764e-06 -0.002147 0.0025 1 1 2.5 0.00499999 369 4 1 1 
0.42625 -9.70457e-06 -0.00932121 0.0025 1.00001 1.00001 2.50001 0.00499996 370 4 1 1 
0.42875 -4.08197e-05 -0.0341109 0.0025 1.00003 1.00004 2.50003 0.00499984 371 4 1 1 
0.43125 -0.000147499 -0.108099 0.0025 1.00011 1.00016 2.50011 0.00499943 372 4 1 1 
0.433749 -0.000467705 -0.301049 0.0025 1.00036 1.00049 2.50035 0.0049982 373 4 1 0.999998 
0.436248 -0.00131736 -0.74144 0.0025 1.00101 1.00139 2.50099 0.00499497 374 4 1 0.999992 
0.438744 -0.00331392 -1.61134 0.0025 1.00252 1.00349 2.50249 0.00498743 375 4 1 0.999966 
0.441235 -0.00743816 -3.0514 0.0025 1.00565 1.00786 2.5056 0.00497191 376 4 1 0.999895 
0.443716 -0.0148006 -4.92335 0.0025 1.01127 1.01575 2.51121 0.00494428 377 4 1 0.999769 
0.44618 -0.0258909 -6.58076 0.0025 1.01987 1.02791 2.51981 0.00490257 378 4 1 0.999656 
0.448619 -0.0395838 -6.96317 0.0025 1.03082 1.04351 2.53074 0.0048505 379 4 1 0.999701 
0.45103 -0.0528186 -5.53455 0.0025 1.04169 1.0591 2.54157 0.00479987 380 4 1 1.00006 
0.453419 -0.0594586 1.15579 0.0025 1.04469 1.06391 2.54492 0.00478611 381 3 1 1.00001 
0.455817 -0.0339742 27.3221 0.0025 1.02038 1.02965 2.52139 0.00490014 382 4 1 0.99975 
0.458322 0.0373955 35.1335 0.0025 0.969337 0.95754 2.46966 0.00515816 383 4 1 0.994223 
0.46098 0.101253 22.9844 0.0025 0.918513 0.887652 2.41665 0.00544358 384 4 1 0.992389 
0.463769 0.154339 22.3157 0.0025 0.874563 0.82905 2.36996 0.00571714 385 4 1 0.994107 
0.466702 0.216738 25.6895 0.0025 0.828246 0.768305 2.31906 0.00603685 386 4 1 0.993197 
0.469812 0.287331 25.6939 0.0025 0.778948 0.705002 2.26281 0.00641892 387 4 1 0.991303 
0.473129 0.361109 24.3674 0.0025 0.729856 0.643582 2.20467 0.00685066 388 4 1 0.99021 
0.476673 0.435477 22.133 0.0025 0.683272 0.586814 2.14729 0.00731773 389 4 1 0.989815 
0.480457 0.505115 17.9305 0.0025 0.6422 0.538027 2.09472 0.00778573 390 4 1 0.990538 
0.484467 0.56065 11.5639 0.0025 0.610527 0.501258 2.05281 0.00818964 391 4 1 0.993055 
0.488651 0.594669 5.83234 0.0025 0.589797 0.477662 2.02478 0.00847749 392 4 1 0.996424 
0.492946 0.620081 8.09267 0.0025 0.573058 0.458874 2.00178 0.00872511 393 4 1 0.99791 
0.497379 0.663672 11.4457 0.0025 0.552688 0.436163 1.97304 0.00904669 394 4 1 0.996903 
0.501997 0.693155 -1.10842 0.0025 0.539793 0.422005 1.95469 0.0092628 395 5 1 0.998005 
0.506642 0.680052 -1.28825 0.0025 0.540185 0.422711 1.95632 0.00925608 396 4 1 1.00004 
0.511253 0.678103 0.227028 0.0025 0.540925 0.423571 1.9576 0.00924342 397 3 1 1.00002 
0.515885 0.678931 0.00774627 0.0025 0.527667 0.407988 1.93299 0.00947568 398 4 1 0.999708 
0.520734 0.675844 -0.411784 0.0025 0.503586 0.436258 2.16575 0.0099288 399 4 1 0.994559 
0.525821 0.673308 0.473961 0.0025 0.4775 0.410991 2.15177 0.0104712 400 4 1 0.993597 
0.531216 0.668424 0.523411 0.0025 0.452151 0.440913 2.43782 0.0110583 401 4 1 0.992323 
0.536888 0.651851 3.73615 0.0025 0.434144 0.409179 2.35617 0.0115169 402 4 1 0.995164 
0.542737 0.617285 5.57766 0.0025 0.414123 0.379335 2.28974 0.0120737 403 4 1 0.996064 
0.548975 0.523744 22.4319 0.0025 0.371289 0.322174 2.16899 0.0134666 404 4 1 0.986826 
0.556308 0.298399 38.9432 0.0025 0.312564 0.249322 1.99427 0.0159967 405 4 1 0.959313 
0.565191 0.0830311 23.3178 0.0025 0.268983 0.199504 1.85463 0.0185885 406 4 1 0.956478 
0.574993 0.00503929 4.3292 0.0025 0.252539 0.182063 1.8025 0.0197989 407 4 1 0.988811 
0.584997 -0.00148151 -0.308784 0.0025 0.249909 0.179405 1.79473 0.0200073 408 5 1 0.999599 
0.595 -2.18558e-05 -0.0552721 0.0025 0.249962 0.179462 1.79489 0.0200031 409 4 1 1 
0.605 1.9688e-05 0.00400351 0.0025 0.250003 0.179503 1.79501 0.0199998 410 3 1 1 
0.615 3.70239e-06 0.00116216 0.0025 0.250001 0.179501 1.795 0.0199999 411 4 1 1 
0.625 4.68551e-07 0.000180524 0.0025 0.25 0.1795 1.795 0.02 412 4 1 1 
0.635 4.60975e-08 2.07921e-05 0.0025 0.25 0.1795 1.795 0.02 413 4 1 1 
0.645 3.52933e-09 1.8745e-06 0.0025 0.25 0.1795 1.795 0.02 414 4 1 1 
0.655 1.94698e-10 1.27593e-07 0.0025 0.25 0.1795 1.795 0.02 415 4 1 1 
0.665 5.62675e-12 5.59231e-09 0.0025 0.25 0.1795 1.795 0.02 416 4 1 1 
0.675 -1.21202e-13 2.47837e-11 0.0025 0.25 0.1795 1.795 0.02 417 4 1 1 
0.685 -1.25694e-15 -7.30438e-12 0.0025 0.25 0.1795 1.795 0.02 418 5 1 1 
0.695 5.21809e-16 1.98952e-13 0.0025 0.25 0.1795 1.795 0.02 419 4 1 1 
0.705 2.1065e-17 1.42109e-14 0.0025 0.25 0.1795 1.795 0.02 420 5 1 1 
0.715 1.07909e-47 2.8026e-45 0.0025 0.25 0.1795 1.795 0.02 421 5 1 1 
0.725 0 0 0.0025 0.25 0.1795 1.795 0.02 422 5 1 1 
0.735 0 0 0.0025 0.25 0.1795 1.795 0.02 423 5 1 1 
0.745 0 0 0.0025 0.25 0.1795 1.795 0.02 424 5 1 1 
0.755 0 0 0.0025 0.25 0.1795 1.795 0.02 425 5 1 1 
0.765 0 0 0.0025 0.25 0.1795 1.795 0.02 426 5 1 1 
0.775 0 0 0.0025 0.25 0.1795 1.795 0.02 427 5 1 1 
0.785 0 0 0.0025 0.25 0.1795 1.795 0.02 428 5 1 1 
0.795 0 0 0.0025 0.25 0.1795 1.795 0.02 429 5 1 1 
0.805 0 0 0.0025 0.25 0.1795 1.795 0.02 430 5 1 1 
0.815 0 0 0.0025 0.25 0.1795 1.795 0.02 431 5 1 1 
0.825 0 0 0.0025 0.25 0.1795 1.795 0.02 432 5 1 1 
0.835 0 0 0.0025 0.25 0.1795 1.795 0.02 433 5 1 1 
0.845 0 0 0.0025 0.25 0.1795 1.795 0.02 434 5 1 1 
0.855 0 0 0.0025 0.25 0.1795 1.795 0.02 435 5 1 1 
0.865 0 0 0.0025 0.25 0.1795 1.795 0.02 436 5 1 1 
0.875 0 0 0.0025 0.25 0.1795 1.795 0.02 437 5 1 1 
0.885 0 0 0.0025 0.25 0.1795 1.795 0.02 438 5 1 1 
0.895 0 0 0.0025 0.25 0.1795 1.795 0.02 439 5 1 1 
0.905 0 0 0.0025 0.25 0.1795 1.795 0.02 440 5 1 1 
0.915 0 0 0.0025 0.25 0.1795 1.795 0.02 441 5 1 1 
0.925 0 0 0.0025 0.25 0.1795 1.795 0.02 442 5 1 1 
0.935 -1.57631e-47 -2.8026e-45 0.0025 0.25 0.1795 1.795 0.02 443 5 1 1 
0.945 -9.68189e-47 -1.4013e-44 0.0025 0.25 0.1795 1.795 0.02 444 5 1 1 
0.955 -3.23431e-16 -4.26326e-14 0.0025 0.25 0.1795 1.795 0.02 445 5 1 1 
0.965 -1.32332e-15 -1.13687e-13 0.0025 0.25 0.1795 1.795 0.02 446 5 1 1 
0.975 -4.45322e-15 -2.27374e-13 0.0025 0.25 0.1795 1.795 0.02 447 5 1 1 
0.985 -5.07247e-15 -5.68434e-14 0.0025 0.25 0.1795 1.795 0.02 448 5 1 1 
0.995 -1.86657e-14 4.26326e-14 0.0025 0.25 0.1795 1.795 0.02 449 3 1 1 
1.005 1.86657e-14 -4.26326e-14 0.0025 0.25 0.1795 1.795 0.02 450 3 1 1 
1.015 5.07247e-15 5.68434e-14 0.0025 0.25 0.1795 1.795 0.02 451 5 1 1 
1.025 4.45322e-15 2.27374e-13 0.0025 0.25 0.1795 1.795 0.02 452 5 1 1 
1.035 1.32332e-15 1.13687e-13 0.0025 0.25 0.1795 1.795 0.02 453 5 1 1 
1.045 3.23431e-16 4.26326e-14 0.0025 0.25 0.1795 1.795 0.02 454 5 1 1 
1.055 9.68189e-47 1.4013e-44 0.0025 0.25 0.1795 1.795 0.02 455 5 1 1 
1.065 1.57631e-47 2.8026e-45 0.0025 0.25 0.1795 1.795 0.02 456 5 1 1 
1.075 0 0 0.0025 0.25 0.1795 1.795 0.02 457 5 1 1 
1.085 0 0 0.0025 0.25 0.1795 1.795 0.02 458 5 1 1 
1.095 0 0 0.0025 0.25 0.1795 1.795 0.02 459 5 1 1 
1.105 0 0 0.0025 0.25 0.1795 1.795 0.02 460 5 1 1 
1.115 0 0 0.0025 0.25 0.1795 1.795 0.02 461 5 1 1 
1.125 0 0 0.0025 0.25 0.1795 1.795 0.02 462 5 1 1 
1.135 0 0 0.0025 0.25 0.1795 1.795 0.02 463 5 1 1 
1.145 0 0 0.0025 0.25 0.1795 1.795 0.02 464 5 1 1 
1.155 0 0 0.0025 0.25 0.1795 1.795 0.02 465 5 1 1 
1.165 0 0 0.0025 0.25 0.1795 1.795 0.02 466 5 1 1 
1.175 0 0 0.0025 0.25 0.1795 1.795 0.02 467 5 1 1 
1.185 0 0 0.0025 0.25 0.1795 1.795 0.02 468 5 1 1 
1.195 0 0 0.0025 0.25 0.1795 1.795 0.02 469 5 1 1 
1.205 0 0 0.0025 0.25 0.1795 1.795 0.02 470 5 1 1 
1.215 0 0 0.0025 0.25 0.1795 1.795 0.02 471 5 1 1 
1.225 0 0 0.0025 0.25 0.1795 1.795 0.02 472 5 1 1 
1.235 0 0 0.0025 0.25 0.1795 1.795 0.02 473 5 1 1 
1.245 0 0 0.0025 0.25 0.1795 1.795 0.02 474 5 1 1 
1.255 0 0 0.0025 0.25 0.1795 1.795 0.02 475 5 1 1 
1.265 0 0 0.0025 0.25 0.1795 1.795 0.02 476 5 1 1 
1.275 0 0 0.0025 0.25 0.1795 1.795 0.02 477 5 1 1 
1.285 -1.07909e-47 -2.8026e-45 0.0025 0.25 0.1795 1.795 0.02 478 5 1 1 
1.295 -1.26437e-17 -1.42109e-14 0.0025 0.25 0.1795 1.795 0.02 479 5 1 1 
1.305 -3.27971e-16 1.13687e-13 0.0025 0.25 0.1795 1.795 0.02 480 5 1 1 
1.315 -1.06989e-15 4.12115e-12 0.0025 0.25 0.1795 1.795 0.02 481 5 1 1 
1.325 1.29386e-13 -2.02363e-11 0.0025 0.25 0.1795 1.795 0.02 482 4 1 1 
1.335 -5.65211e-12 -5.59379e-09 0.0025 0.25 0.1795 1.795 0.02 483 4 1 1 
1.345 -1.94661e-10 -1.27595e-07 0.0025 0.25 0.1795 1.795 0.02 484 4 1 1 
1.355 -3.52937e-09 -1.87449e-06 0.0025 0.25 0.1795 1.795 0.02 485 4 1 1 
1.365 -4.60975e-08 -2.07921e-05 0.0025 0.25 0.1795 1.795 0.02 486 4 1 1 
1.375 -4.68551e-07 -0.000180524 0.0025 0.25 0.1795 1.795 0.02 487 4 1 1 
1.385 -3.70239e-06 -0.00116216 0.0025 0.250001 0.179501 1.795 0.0199999 488 4 1 1 
1.395 -1.9688e-05 -0.00400351 0.0025 0.250003 0.179503 1.79501 0.0199998 489 3 1 1 
1.405 2.18558e-05 0.0552721 0.0025 0.249962 0.179462 1.79489 0.0200031 490 4 1 1 
1.415 0.00148151 0.308784 0.0025 0.249909 0.179405 1.79473 0.0200073 491 5 1 0.999599 
1.42501 -0.00503929 -4.3292 0.0025 0.252539 0.182063 1.8025 0.0197989 492 4 1 0.988811 
1.43481 -0.0830311 -23.3178 0.0025 0.268983 0.199504 1.85463 0.0185885 493 4 1 0.956478 
1.44369 -0.298399 -38.9432 0.0025 0.312564 0.249322 1.99427 0.0159967 494 4 1 0.959313 
1.45102 -0.523744 -22.4319 0.0025 0.371289 0.322174 2.16899 0.0134666 495 4 1 0.986826 
1.45726 -0.617285 -5.57766 0.0025 0.414123 0.379335 2.28974 0.0120737 496 4 1 0.996064 
1.46311 -0.651851 -3.73615 0.0025 0.434144 0.409179 2.35617 0.0115169 497 4 1 0.995164 
1.46878 -0.668424 -0.523411 0.0025 0.452151 0.440913 2.43782 0.0110583 498 4 1 0.992323 
1.47418 -0.673308 -0.473961 0.0025 0.4775 0.410991 2.15177 0.0104712 499 4 1 0.993597 
