# Time [s]: 0.0288706
# Columns: pos [m], vel [m/s], acc [m/s^2], mass [kg], dens [kg/m^3], pres [Pa], ene [J/kg], sml [m], id, neighbor, alpha, gradh, ...additional?
1.48288 -0.678924 -0.299868 0.0025 0.502113 0.434464 2.16319 0.00995791 0 4 1 0.994259 
1.48773 -0.675493 -0.80464 0.0025 0.527572 0.407909 1.93289 0.00947738 1 4 1 1.00067 
1.49236 -0.680228 3.02744 0.0025 0.537482 0.419769 1.95251 0.00930263 2 4 1 0.999987 
1.49703 -0.695958 -1.55179 0.0025 0.539847 0.422241 1.95565 0.00926188 3 4 1 0.996545 
-0.498378 -0.650563 -13.4675 0.0025 0.557579 0.441658 1.98029 0.00896734 4 4 1 0.997323 
-0.493999 -0.610818 -5.77569 0.0025 0.578367 0.464859 2.00929 0.00864503 5 4 1 0.997516 
-0.489731 -0.587399 -7.50911 0.0025 0.595617 0.48425 2.03278 0.00839465 6 4 1 0.994074 
-0.485601 -0.540175 -16.4558 0.0025 0.623096 0.515755 2.06967 0.00802444 7 4 1 0.989461 
-0.481698 -0.467552 -23.5561 0.0025 0.664756 0.564672 2.12392 0.00752156 8 4 1 0.987277 
-0.478066 -0.383081 -27.7558 0.0025 0.716089 0.626658 2.18804 0.00698238 9 4 1 0.987369 
-0.474702 -0.296929 -29.7914 0.0025 0.772172 0.696471 2.25505 0.00647524 10 4 1 0.989168 
-0.47158 -0.215986 -28.406 0.0025 0.82832 0.768413 2.31921 0.00603631 11 4 1 0.99139 
-0.468658 -0.147008 -25.6926 0.0025 0.881236 0.837759 2.37711 0.00567385 12 4 1 0.990789 
-0.4659 -0.0788973 -34.6686 0.0025 0.93681 0.912622 2.43605 0.00533726 13 4 1 0.990453 
-0.463314 0.00535565 -39.6222 0.0025 0.998409 0.998649 2.49959 0.00500797 14 4 1 0.997777 
-0.460886 0.0586059 -9.62634 0.0025 1.04007 1.05771 2.54079 0.00480735 15 4 1 1.00025 
-0.458506 0.0589863 4.26613 0.0025 1.04591 1.06532 2.54588 0.00478051 16 3 1 1.00006 
-0.456106 0.0451766 7.80585 0.0025 1.03505 1.04956 2.53497 0.00483067 17 4 1 0.999739 
-0.453675 0.02942 7.70925 0.0025 1.02248 1.03161 2.52242 0.00489006 18 4 1 0.999557 
-0.451216 0.0163773 5.81609 0.0025 1.01242 1.01736 2.51235 0.00493866 19 4 1 0.999687 
-0.448736 0.0078356 3.50876 0.0025 1.00594 1.00825 2.50588 0.00497047 20 4 1 0.99986 
-0.446245 0.00325261 1.75435 0.0025 1.00248 1.00342 2.50244 0.00498764 21 4 1 0.999958 
-0.443748 0.00117942 0.746852 0.0025 1.00091 1.00124 2.50089 0.00499548 22 4 1 0.999991 
-0.44125 0.000373049 0.274306 0.0025 1.00029 1.00039 2.50028 0.00499855 23 4 1 0.999999 
-0.43875 0.000101673 0.0867919 0.0025 1.00008 1.00011 2.50008 0.0049996 24 4 1 1 
-0.43625 2.32605e-05 0.023278 0.0025 1.00002 1.00003 2.50002 0.0049999 25 4 1 1 
-0.43375 4.24286e-06 0.00510991 0.0025 1 1 2.5 0.00499998 26 4 1 1 
-0.43125 5.4715e-07 0.000849852 0.0025 1 1 2.5 0.005 27 4 1 1 
-0.42875 3.0953e-08 8.52987e-05 0.0025 1 1 2.5 0.005 28 4 1 1 
-0.42625 -2.05743e-09 -3.97739e-06 0.0025 1 1 2.5 0.005 29 4 1 1 
-0.42375 7.90001e-10 -3.80426e-07 0.0025 1 1 2.5 0.005 30 4 1 1 
-0.42125 4.41942e-10 2.8939e-07 0.0025 1 1 2.5 0.005 31 4 1 1 
-0.41875 1.0614e-10 1.215e-07 0.0025 1 1 2.5 0.005 32 4 1 1 
-0.41625 1.35449e-11 2.37427e-08 0.0025 1 1 2.5 0.005 33 4 1 1 
-0.41375 3.161e-13 1.8693e-09 0.0025 1 1 2.5 0.005 34 4 1 1 
-0.41125 -5.04661e-14 -2.39936e-10 0.0025 1 1 2.5 0.005 35 5 1 1 
-0.40875 3.04018e-14 1.40972e-11 0.0025 1 1 2.5 0.005 36 3 1 1 
-0.40625 3.42705e-15 7.27596e-12 0.0025 1 1 2.5 0.005 37 5 1 1 
-0.40375 2.52107e-16 2.84217e-13 0.0025 1 1 2.5 0.005 38 5 1 1 
-0.40125 1.6806e-17 5.68434e-14 0.0025 1 1 2.5 0.005 39 5 1 1 
-0.39875 3.3144e-48 1.12104e-44 0.0025 1 1 2.5 0.005 40 5 1 1 
-0.39625 0 0 0.0025 1 1 2.5 0.005 41 5 1 1 
-0.39375 0 0 0.0025 1 1 2.5 0.005 42 5 1 1 
-0.39125 0 0 0.0025 1 1 2.5 0.005 43 5 1 1 
-0.38875 0 0 0.0025 1 1 2.5 0.005 44 5 1 1 
-0.38625 0 0 0.0025 1 1 2.5 0.005 45 5 1 1 
-0.38375 0 0 0.0025 1 1 2.5 0.005 46 5 1 1 
-0.38125 0 0 0.0025 1 1 2.5 0.005 47 5 1 1 
-0.37875 0 0 0.0025 1 1 2.5 0.005 48 5 1 1 
-0.37625 0 0 0.0025 1 1 2.5 0.005 49 5 1 1 
-0.37375 0 0 0.0025 1 1 2.5 0.005 50 5 1 1 
-0.37125 0 0 0.0025 1 1 2.5 0.005 51 5 1 1 
-0.36875 0 0 0.0025 1 1 2.5 0.005 52 5 1 1 
-0.36625 0 0 0.0025 1 1 2.5 0.005 53 5 1 1 
-0.36375 0 0 0.0025 1 1 2.5 0.005 54 5 1 1 
-0.36125 0 0 0.0025 1 1 2.5 0.005 55 5 1 1 
-0.35875 0 0 0.0025 1 1 2.5 0.005 56 5 1 1 
-0.35625 0 0 0.0025 1 1 2.5 0.005 57 5 1 1 
-0.35375 0 0 0.0025 1 1 2.5 0.005 58 5 1 1 
-0.35125 0 0 0.0025 1 1 2.5 0.005 59 5 1 1 
-0.34875 0 0 0.0025 1 1 2.5 0.005 60 5 1 1 
-0.34625 0 0 0.0025 1 1 2.5 0.005 61 5 1 1 
-0.34375 0 0 0.0025 1 1 2.5 0.005 62 5 1 1 
-0.34125 0 0 0.0025 1 1 2.5 0.005 63 5 1 1 
-0.33875 0 0 0.0025 1 1 2.5 0.005 64 5 1 1 
-0.33625 0 0 0.0025 1 1 2.5 0.005 65 5 1 1 
-0.33375 0 0 0.0025 1 1 2.5 0.005 66 5 1 1 
-0.33125 0 0 0.0025 1 1 2.5 0.005 67 5 1 1 
-0.32875 0 0 0.0025 1 1 2.5 0.005 68 5 1 1 
-0.32625 0 0 0.0025 1 1 2.5 0.005 69 5 1 1 
-0.32375 0 0 0.0025 1 1 2.5 0.005 70 5 1 1 
-0.32125 0 0 0.0025 1 1 2.5 0.005 71 5 1 1 
-0.31875 0 0 0.0025 1 1 2.5 0.005 72 5 1 1 
-0.31625 0 0 0.0025 1 1 2.5 0.005 73 5 1 1 
-0.31375 0 0 0.0025 1 1 2.5 0.005 74 5 1 1 
-0.31125 0 0 0.0025 1 1 2.5 0.005 75 5 1 1 
-0.30875 0 0 0.0025 1 1 2.5 0.005 76 5 1 1 
-0.30625 0 0 0.0025 1 1 2.5 0.005 77 5 1 1 
-0.30375 0 0 0.0025 1 1 2.5 0.005 78 5 1 1 
-0.30125 0 0 0.0025 1 1 2.5 0.005 79 5 1 1 
-0.29875 0 0 0.0025 1 1 2.5 0.005 80 5 1 1 
-0.29625 0 0 0.0025 1 1 2.5 0.005 81 5 1 1 
-0.29375 0 0 0.0025 1 1 2.5 0.005 82 5 1 1 
-0.29125 0 0 0.0025 1 1 2.5 0.005 83 5 1 1 
-0.28875 0 0 0.0025 1 1 2.5 0.005 84 5 1 1 
-0.28625 0 0 0.0025 1 1 2.5 0.005 85 5 1 1 
-0.28375 0 0 0.0025 1 1 2.5 0.005 86 5 1 1 
-0.28125 0 0 0.0025 1 1 2.5 0.005 87 5 1 1 
-0.27875 0 0 0.0025 1 1 2.5 0.005 88 5 1 1 
-0.27625 0 0 0.0025 1 1 2.5 0.005 89 5 1 1 
-0.27375 0 0 0.0025 1 1 2.5 0.005 90 5 1 1 
-0.27125 0 0 0.0025 1 1 2.5 0.005 91 5 1 1 
-0.26875 0 0 0.0025 1 1 2.5 0.005 92 5 1 1 
-0.26625 0 0 0.0025 1 1 2.5 0.005 93 5 1 1 
-0.26375 0 0 0.0025 1 1 2.5 0.005 94 5 1 1 
-0.26125 0 0 0.0025 1 1 2.5 0.005 95 5 1 1 
-0.25875 0 0 0.0025 1 1 2.5 0.005 96 5 1 1 
-0.25625 0 0 0.0025 1 1 2.5 0.005 97 5 1 1 
-0.25375 0 0 0.0025 1 1 2.5 0.005 98 5 1 1 
-0.25125 0 0 0.0025 1 1 2.5 0.005 99 5 1 1 
-0.24875 0 0 0.0025 1 1 2.5 0.005 100 5 1 1 
-0.24625 0 0 0.0025 1 1 2.5 0.005 101 5 1 1 
-0.24375 0 0 0.0025 1 1 2.5 0.005 102 5 1 1 
-0.24125 0 0 0.0025 1 1 2.5 0.005 103 5 1 1 
-0.23875 0 0 0.0025 1 1 2.5 0.005 104 5 1 1 
-0.23625 0 0 0.0025 1 1 2.5 0.005 105 5 1 1 
-0.23375 0 0 0.0025 1 1 2.5 0.005 106 5 1 1 
-0.23125 0 0 0.0025 1 1 2.5 0.005 107 5 1 1 
-0.22875 0 0 0.0025 1 1 2.5 0.005 108 5 1 1 
-0.22625 0 0 0.0025 1 1 2.5 0.005 109 5 1 1 
-0.22375 0 0 0.0025 1 1 2.5 0.005 110 5 1 1 
-0.22125 0 0 0.0025 1 1 2.5 0.005 111 5 1 1 
-0.21875 0 0 0.0025 1 1 2.5 0.005 112 5 1 1 
-0.21625 0 0 0.0025 1 1 2.5 0.005 113 5 1 1 
-0.21375 0 0 0.0025 1 1 2.5 0.005 114 5 1 1 
-0.21125 0 0 0.0025 1 1 2.5 0.005 115 5 1 1 
-0.20875 0 0 0.0025 1 1 2.5 0.005 116 5 1 1 
-0.20625 0 0 0.0025 1 1 2.5 0.005 117 5 1 1 
-0.20375 0 0 0.0025 1 1 2.5 0.005 118 5 1 1 
-0.20125 0 0 0.0025 1 1 2.5 0.005 119 5 1 1 
-0.19875 0 0 0.0025 1 1 2.5 0.005 120 5 1 1 
-0.19625 0 0 0.0025 1 1 2.5 0.005 121 5 1 1 
-0.19375 0 0 0.0025 1 1 2.5 0.005 122 5 1 1 
-0.19125 0 0 0.0025 1 1 2.5 0.005 123 5 1 1 
-0.18875 0 0 0.0025 1 1 2.5 0.005 124 5 1 1 
-0.18625 0 0 0.0025 1 1 2.5 0.005 125 5 1 1 
-0.18375 0 0 0.0025 1 1 2.5 0.005 126 5 1 1 
-0.18125 0 0 0.0025 1 1 2.5 0.005 127 5 1 1 
-0.17875 0 0 0.0025 1 1 2.5 0.005 128 5 1 1 
-0.17625 0 0 0.0025 1 1 2.5 0.005 129 5 1 1 
-0.17375 0 0 0.0025 1 1 2.5 0.005 130 5 1 1 
-0.17125 0 0 0.0025 1 1 2.5 0.005 131 5 1 1 
-0.16875 0 0 0.0025 1 1 2.5 0.005 132 5 1 1 
-0.16625 0 0 0.0025 1 1 2.5 0.005 133 5 1 1 
-0.16375 0 0 0.0025 1 1 2.5 0.005 134 5 1 1 
-0.16125 0 0 0.0025 1 1 2.5 0.005 135 5 1 1 
-0.15875 0 0 0.0025 1 1 2.5 0.005 136 5 1 1 
-0.15625 0 0 0.0025 1 1 2.5 0.005 137 5 1 1 
-0.15375 0 0 0.0025 1 1 2.5 0.005 138 5 1 1 
-0.15125 0 0 0.0025 1 1 2.5 0.005 139 5 1 1 
-0.14875 0 0 0.0025 1 1 2.5 0.005 140 5 1 1 
-0.14625 0 0 0.0025 1 1 2.5 0.005 141 5 1 1 
-0.14375 0 0 0.0025 1 1 2.5 0.005 142 5 1 1 
-0.14125 0 0 0.0025 1 1 2.5 0.005 143 5 1 1 
-0.13875 0 0 0.0025 1 1 2.5 0.005 144 5 1 1 
-0.13625 0 0 0.0025 1 1 2.5 0.005 145 5 1 1 
-0.13375 0 0 0.0025 1 1 2.5 0.005 146 5 1 1 
-0.13125 0 0 0.0025 1 1 2.5 0.005 147 5 1 1 
-0.12875 0 0 0.0025 1 1 2.5 0.005 148 5 1 1 
-0.12625 0 0 0.0025 1 1 2.5 0.005 149 5 1 1 
-0.12375 0 0 0.0025 1 1 2.5 0.005 150 5 1 1 
-0.12125 0 0 0.0025 1 1 2.5 0.005 151 5 1 1 
-0.11875 0 0 0.0025 1 1 2.5 0.005 152 5 1 1 
-0.11625 0 0 0.0025 1 1 2.5 0.005 153 5 1 1 
-0.11375 0 0 0.0025 1 1 2.5 0.005 154 5 1 1 
-0.11125 0 0 0.0025 1 1 2.5 0.005 155 5 1 1 
-0.10875 0 0 0.0025 1 1 2.5 0.005 156 5 1 1 
-0.10625 0 0 0.0025 1 1 2.5 0.005 157 5 1 1 
-0.10375 0 0 0.0025 1 1 2.5 0.005 158 5 1 1 
-0.10125 0 0 0.0025 1 1 2.5 0.005 159 5 1 1 
-0.09875 0 0 0.0025 1 1 2.5 0.005 160 5 1 1 
-0.09625 0 0 0.0025 1 1 2.5 0.005 161 5 1 1 
-0.09375 0 0 0.0025 1 1 2.5 0.005 162 5 1 1 
-0.09125 0 0 0.0025 1 1 2.5 0.005 163 5 1 1 
-0.08875 0 0 0.0025 1 1 2.5 0.005 164 5 1 1 
-0.08625 0 0 0.0025 1 1 2.5 0.005 165 5 1 1 
-0.08375 0 0 0.0025 1 1 2.5 0.005 166 5 1 1 
-0.08125 0 0 0.0025 1 1 2.5 0.005 167 5 1 1 
-0.07875 0 0 0.0025 1 1 2.5 0.005 168 5 1 1 
-0.07625 0 0 0.0025 1 1 2.5 0.005 169 5 1 1 
-0.07375 0 0 0.0025 1 1 2.5 0.005 170 5 1 1 
-0.07125 0 0 0.0025 1 1 2.5 0.005 171 5 1 1 
-0.06875 0 0 0.0025 1 1 2.5 0.005 172 5 1 1 
-0.06625 0 0 0.0025 1 1 2.5 0.005 173 5 1 1 
-0.06375 0 0 0.0025 1 1 2.5 0.005 174 5 1 1 
-0.06125 0 0 0.0025 1 1 2.5 0.005 175 5 1 1 
-0.05875 0 0 0.0025 1 1 2.5 0.005 176 5 1 1 
-0.05625 0 0 0.0025 1 1 2.5 0.005 177 5 1 1 
-0.05375 0 0 0.0025 1 1 2.5 0.005 178 5 1 1 
-0.05125 -1.6538e-47 -1.12104e-44 0.0025 1 1 2.5 0.005 179 5 1 1 
-0.04875 -3.34361e-17 -1.12104e-44 0.0025 1 1 2.5 0.005 180 5 1 1 
-0.04625 -2.1709e-16 -5.68434e-14 0.0025 1 1 2.5 0.005 181 5 1 1 
-0.04375 -4.33214e-16 -2.24208e-44 0.0025 1 1 2.5 0.005 182 5 1 1 
-0.04125 -7.9745e-16 -1.12104e-44 0.0025 1 1 2.5 0.005 183 5 1 1 
-0.03875 -1.30838e-15 -5.68434e-14 0.0025 1 1 2.5 0.005 184 5 1 1 
-0.03625 -1.67364e-15 5.68434e-14 0.0025 1 1 2.5 0.005 185 5 1 1 
-0.03375 -3.36155e-15 -3.15544e-28 0.0025 1 1 2.5 0.005 186 4 1 1 
-0.03125 2.48425e-16 -5.68434e-14 0.0025 1 1 2.5 0.005 187 3 1 1 
-0.02875 -2.11433e-16 -1.13687e-13 0.0025 1 1 2.5 0.005 188 3 1 1 
-0.02625 -1.97672e-17 -5.68434e-14 0.0025 1 1 2.5 0.005 189 3 1 1 
-0.02375 -1.32284e-16 -3.54987e-28 0.0025 1 1 2.5 0.005 190 3 1 1 
-0.02125 -3.08487e-16 -5.68434e-14 0.0025 1 1 2.5 0.005 191 3 1 1 
-0.01875 1.44312e-15 6.82121e-13 0.0025 1 1 2.5 0.005 192 4 1 1 
-0.01625 9.18441e-16 -1.7053e-13 0.0025 1 1 2.5 0.005 193 5 1 1 
-0.01375 1.62096e-15 -6.82121e-13 0.0025 1 1 2.5 0.005 194 4 1 1 
-0.01125 9.77064e-16 3.97904e-13 0.0025 1 1 2.5 0.005 195 3 1 1 
-0.00875 3.80581e-16 1.13687e-13 0.0025 1 1 2.5 0.005 196 4 1 1 
-0.00625 5.19973e-16 2.07076e-28 0.0025 1 1 2.5 0.005 197 4 1 1 
-0.00375 9.94537e-17 4.93038e-29 0.0025 1 1 2.5 0.005 198 5 1 1 
-0.00125 -3.39258e-17 -8.87469e-29 0.0025 1 1 2.5 0.005 199 5 1 1 
0.00125 -9.67393e-17 -2.27374e-13 0.0025 1 1 2.5 0.005 200 3 1 1 
0.00375 1.80949e-16 1.13687e-13 0.0025 1 1 2.5 0.005 201 4 1 1 
0.00625 -5.8742e-17 5.68434e-14 0.0025 1 1 2.5 0.005 202 5 1 1 
0.00875 -8.56988e-16 -5.68434e-14 0.0025 1 1 2.5 0.005 203 4 1 1 
0.01125 -1.06088e-15 -3.41061e-13 0.0025 1 1 2.5 0.005 204 3 1 1 
0.01375 -1.67156e-15 6.25278e-13 0.0025 1 1 2.5 0.005 205 4 1 1 
0.01625 -9.84749e-16 1.7053e-13 0.0025 1 1 2.5 0.005 206 5 1 1 
0.01875 -1.44312e-15 -6.82121e-13 0.0025 1 1 2.5 0.005 207 4 1 1 
0.02125 3.10847e-16 5.68434e-14 0.0025 1 1 2.5 0.005 208 3 1 1 
0.02375 1.84994e-16 5.68434e-14 0.0025 1 1 2.5 0.005 209 3 1 1 
0.02625 1.9278e-16 5.68434e-14 0.0025 1 1 2.5 0.005 210 3 1 1 
0.02875 -2.15143e-16 5.68434e-14 0.0025 1 1 2.5 0.005 211 3 1 1 
0.03125 3.37867e-15 -5.68434e-14 0.0025 1 1 2.5 0.005 212 4 1 1 
0.03375 1.67313e-15 5.68434e-14 0.0025 1 1 2.5 0.005 213 5 1 1 
0.03625 1.27486e-15 -5.68434e-14 0.0025 1 1 2.5 0.005 214 5 1 1 
0.03875 7.64152e-16 1.13687e-13 0.0025 1 1 2.5 0.005 215 5 1 1 
0.04125 4.66194e-16 2.24208e-44 0.0025 1 1 2.5 0.005 216 5 1 1 
0.04375 2.16819e-16 5.68434e-14 0.0025 1 1 2.5 0.005 217 5 1 1 
0.04625 6.71573e-17 1.12104e-44 0.0025 1 1 2.5 0.005 218 5 1 1 
0.04875 2.6459e-47 0 0.0025 1 1 2.5 0.005 219 5 1 1 
0.05125 0 0 0.0025 1 1 2.5 0.005 220 5 1 1 
0.05375 0 0 0.0025 1 1 2.5 0.005 221 5 1 1 
0.05625 0 0 0.0025 1 1 2.5 0.005 222 5 1 1 
0.05875 0 0 0.0025 1 1 2.5 0.005 223 5 1 1 
0.06125 0 0 0.0025 1 1 2.5 0.005 224 5 1 1 
0.06375 0 0 0.0025 1 1 2.5 0.005 225 5 1 1 
0.06625 0 0 0.0025 1 1 2.5 0.005 226 5 1 1 
0.06875 0 0 0.0025 1 1 2.5 0.005 227 5 1 1 
0.07125 0 0 0.0025 1 1 2.5 0.005 228 5 1 1 
0.07375 0 0 0.0025 1 1 2.5 0.005 229 5 1 1 
0.07625 0 0 0.0025 1 1 2.5 0.005 230 5 1 1 
0.07875 0 0 0.0025 1 1 2.5 0.005 231 5 1 1 
0.08125 0 0 0.0025 1 1 2.5 0.005 232 5 1 1 
0.08375 0 0 0.0025 1 1 2.5 0.005 233 5 1 1 
0.08625 0 0 0.0025 1 1 2.5 0.005 234 5 1 1 
0.08875 0 0 0.0025 1 1 2.5 0.005 235 5 1 1 
0.09125 0 0 0.0025 1 1 2.5 0.005 236 5 1 1 
0.09375 0 0 0.0025 1 1 2.5 0.005 237 5 1 1 
0.09625 -3.3144e-48 -1.12104e-44 0.0025 1 1 2.5 0.005 238 5 1 1 
0.09875 -1.6806e-17 -5.68434e-14 0.0025 1 1 2.5 0.005 239 5 1 1 
0.10125 -2.01091e-16 -2.24208e-44 0.0025 1 1 2.5 0.005 240 5 1 1 
0.10375 -4.68146e-16 -1.13687e-13 0.0025 1 1 2.5 0.005 241 5 1 1 
0.10625 -9.67719e-16 -5.60519e-44 0.0025 1 1 2.5 0.005 242 5 1 1 
0.10875 -1.76536e-15 -1.13687e-13 0.0025 1 1 2.5 0.005 243 5 1 1 
0.11125 -2.64189e-15 1.7053e-13 0.0025 1 1 2.5 0.005 244 5 1 1 
0.11375 -4.34347e-15 4.25995e-43 0.0025 1 1 2.5 0.005 245 5 1 1 
0.11625 3.09839e-15 6.82121e-13 0.0025 1 1 2.5 0.005 246 5 1 1 
0.11875 3.49165e-16 5.68434e-13 0.0025 1 1 2.5 0.005 247 5 1 1 
0.12125 1.57479e-15 -9.09495e-13 0.0025 1 1 2.5 0.005 248 5 1 1 
0.12375 -4.00537e-15 -9.09495e-13 0.0025 1 1 2.5 0.005 249 4 1 1 
0.12625 4.00537e-15 9.09495e-13 0.0025 1 1 2.5 0.005 250 4 1 1 
0.12875 -1.57479e-15 9.09495e-13 0.0025 1 1 2.5 0.005 251 5 1 1 
0.13125 -3.49165e-16 -5.68434e-13 0.0025 1 1 2.5 0.005 252 5 1 1 
0.13375 -3.09839e-15 -6.82121e-13 0.0025 1 1 2.5 0.005 253 5 1 1 
0.13625 4.34347e-15 -4.25995e-43 0.0025 1 1 2.5 0.005 254 5 1 1 
0.13875 2.64189e-15 -1.7053e-13 0.0025 1 1 2.5 0.005 255 5 1 1 
0.14125 1.76536e-15 1.13687e-13 0.0025 1 1 2.5 0.005 256 5 1 1 
0.14375 9.67719e-16 5.60519e-44 0.0025 1 1 2.5 0.005 257 5 1 1 
0.14625 4.68146e-16 1.13687e-13 0.0025 1 1 2.5 0.005 258 5 1 1 
0.14875 2.01091e-16 2.24208e-44 0.0025 1 1 2.5 0.005 259 5 1 1 
0.15125 1.6806e-17 5.68434e-14 0.0025 1 1 2.5 0.005 260 5 1 1 
0.15375 3.3144e-48 1.12104e-44 0.0025 1 1 2.5 0.005 261 5 1 1 
0.15625 0 0 0.0025 1 1 2.5 0.005 262 5 1 1 
0.15875 0 0 0.0025 1 1 2.5 0.005 263 5 1 1 
0.16125 0 0 0.0025 1 1 2.5 0.005 264 5 1 1 
0.16375 0 0 0.0025 1 1 2.5 0.005 265 5 1 1 
0.16625 0 0 0.0025 1 1 2.5 0.005 266 5 1 1 
0.16875 0 0 0.0025 1 1 2.5 0.005 267 5 1 1 
0.17125 0 0 0.0025 1 1 2.5 0.005 268 5 1 1 
0.17375 0 0 0.0025 1 1 2.5 0.005 269 5 1 1 
0.17625 0 0 0.0025 1 1 2.5 0.005 270 5 1 1 
0.17875 0 0 0.0025 1 1 2.5 0.005 271 5 1 1 
0.18125 0 0 0.0025 1 1 2.5 0.005 272 5 1 1 
0.18375 0 0 0.0025 1 1 2.5 0.005 273 5 1 1 
0.18625 0 0 0.0025 1 1 2.5 0.005 274 5 1 1 
0.18875 0 0 0.0025 1 1 2.5 0.005 275 5 1 1 
0.19125 0 0 0.0025 1 1 2.5 0.005 276 5 1 1 
0.19375 0 0 0.0025 1 1 2.5 0.005 277 5 1 1 
0.19625 0 0 0.0025 1 1 2.5 0.005 278 5 1 1 
0.19875 0 0 0.0025 1 1 2.5 0.005 279 5 1 1 
0.20125 0 0 0.0025 1 1 2.5 0.005 280 5 1 1 
0.20375 0 0 0.0025 1 1 2.5 0.005 281 5 1 1 
0.20625 0 0 0.0025 1 1 2.5 0.005 282 5 1 1 
0.20875 0 0 0.0025 1 1 2.5 0.005 283 5 1 1 
0.21125 0 0 0.0025 1 1 2.5 0.005 284 5 1 1 
0.21375 0 0 0.0025 1 1 2.5 0.005 285 5 1 1 
0.21625 0 0 0.0025 1 1 2.5 0.005 286 5 1 1 
0.21875 -7.61045e-47 -3.36312e-44 0.0025 1 1 2.5 0.005 287 5 1 1 
0.22125 -2.17983e-16 -1.7053e-13 0.0025 1 1 2.5 0.005 288 5 1 1 
0.22375 -7.53784e-16 -5.68434e-14 0.0025 1 1 2.5 0.005 289 5 1 1 
0.22625 -1.65638e-15 -2.84217e-13 0.0025 1 1 2.5 0.005 290 5 1 1 
0.22875 -3.45966e-15 -2.84217e-13 0.0025 1 1 2.5 0.005 291 5 1 1 
0.23125 -5.12167e-15 -2.84217e-13 0.0025 1 1 2.5 0.005 292 5 1 1 
0.23375 -6.20443e-15 -5.68434e-14 0.0025 1 1 2.5 0.005 293 5 1 1 
0.23625 -6.09354e-15 4.54747e-13 0.0025 1 1 2.5 0.005 294 5 1 1 
0.23875 -8.29695e-15 3.41061e-13 0.0025 1 1 2.5 0.005 295 5 1 1 
0.24125 7.9065e-15 1.02318e-12 0.0025 1 1 2.5 0.005 296 5 1 1 
0.24375 2.16194e-15 1.02318e-12 0.0025 1 1 2.5 0.005 297 5 1 1 
0.24625 3.71515e-15 -1.64846e-12 0.0025 1 1 2.5 0.005 298 5 1 1 
0.24875 -6.53724e-15 -1.47793e-12 0.0025 1 1 2.5 0.005 299 3 1 1 
0.25125 6.53724e-15 1.47793e-12 0.0025 1 1 2.5 0.005 300 3 1 1 
0.25375 -3.71515e-15 1.64846e-12 0.0025 1 1 2.5 0.005 301 5 1 1 
0.25625 -2.16194e-15 -1.02318e-12 0.0025 1 1 2.5 0.005 302 5 1 1 
0.25875 -7.9065e-15 -1.02318e-12 0.0025 1 1 2.5 0.005 303 5 1 1 
0.26125 8.29695e-15 -3.41061e-13 0.0025 1 1 2.5 0.005 304 5 1 1 
0.26375 6.09354e-15 -4.54747e-13 0.0025 1 1 2.5 0.005 305 5 1 1 
0.26625 6.20443e-15 5.68434e-14 0.0025 1 1 2.5 0.005 306 5 1 1 
0.26875 5.12167e-15 2.84217e-13 0.0025 1 1 2.5 0.005 307 5 1 1 
0.27125 3.45966e-15 2.84217e-13 0.0025 1 1 2.5 0.005 308 5 1 1 
0.27375 1.65638e-15 2.84217e-13 0.0025 1 1 2.5 0.005 309 5 1 1 
0.27625 7.53784e-16 5.68434e-14 0.0025 1 1 2.5 0.005 310 5 1 1 
0.27875 2.17983e-16 1.7053e-13 0.0025 1 1 2.5 0.005 311 5 1 1 
0.28125 7.61045e-47 3.36312e-44 0.0025 1 1 2.5 0.005 312 5 1 1 
0.28375 0 0 0.0025 1 1 2.5 0.005 313 5 1 1 
0.28625 0 0 0.0025 1 1 2.5 0.005 314 5 1 1 
0.28875 0 0 0.0025 1 1 2.5 0.005 315 5 1 1 
0.29125 0 0 0.0025 1 1 2.5 0.005 316 5 1 1 
0.29375 0 0 0.0025 1 1 2.5 0.005 317 5 1 1 
0.29625 0 0 0.0025 1 1 2.5 0.005 318 5 1 1 
0.29875 0 0 0.0025 1 1 2.5 0.005 319 5 1 1 
0.30125 0 0 0.0025 1 1 2.5 0.005 320 5 1 1 
0.30375 0 0 0.0025 1 1 2.5 0.005 321 5 1 1 
0.30625 0 0 0.0025 1 1 2.5 0.005 322 5 1 1 
0.30875 0 0 0.0025 1 1 2.5 0.005 323 5 1 1 
0.31125 0 0 0.0025 1 1 2.5 0.005 324 5 1 1 
0.31375 0 0 0.0025 1 1 2.5 0.005 325 5 1 1 
0.31625 0 0 0.0025 1 1 2.5 0.005 326 5 1 1 
0.31875 0 0 0.0025 1 1 2.5 0.005 327 5 1 1 
0.32125 0 0 0.0025 1 1 2.5 0.005 328 5 1 1 
0.32375 0 0 0.0025 1 1 2.5 0.005 329 5 1 1 
0.32625 0 0 0.0025 1 1 2.5 0.005 330 5 1 1 
0.32875 0 0 0.0025 1 1 2.5 0.005 331 5 1 1 
0.33125 0 0 0.0025 1 1 2.5 0.005 332 5 1 1 
0.33375 0 0 0.0025 1 1 2.5 0.005 333 5 1 1 
0.33625 0 0 0.0025 1 1 2.5 0.005 334 5 1 1 
0.33875 0 0 0.0025 1 1 2.5 0.005 335 5 1 1 
0.34125 0 0 0.0025 1 1 2.5 0.005 336 5 1 1 
0.34375 0 0 0.0025 1 1 2.5 0.005 337 5 1 1 
0.34625 0 0 0.0025 1 1 2.5 0.005 338 5 1 1 
0.34875 0 0 0.0025 1 1 2.5 0.005 339 5 1 1 
0.35125 0 0 0.0025 1 1 2.5 0.005 340 5 1 1 
0.35375 0 0 0.0025 1 1 2.5 0.005 341 5 1 1 
0.35625 0 0 0.0025 1 1 2.5 0.005 342 5 1 1 
0.35875 0 0 0.0025 1 1 2.5 0.005 343 5 1 1 
0.36125 0 0 0.0025 1 1 2.5 0.005 344 5 1 1 
0.36375 0 0 0.0025 1 1 2.5 0.005 345 5 1 1 
0.36625 0 0 0.0025 1 1 2.5 0.005 346 5 1 1 
0.36875 0 0 0.0025 1 1 2.5 0.005 347 5 1 1 
0.37125 0 0 0.0025 1 1 2.5 0.005 348 5 1 1 
0.37375 0 0 0.0025 1 1 2.5 0.005 349 5 1 1 
0.37625 0 0 0.0025 1 1 2.5 0.005 350 5 1 1 
0.37875 0 0 0.0025 1 1 2.5 0.005 351 5 1 1 
0.38125 0 0 0.0025 1 1 2.5 0.005 352 5 1 1 
0.38375 0 0 0.0025 1 1 2.5 0.005 353 5 1 1 
0.38625 0 0 0.0025 1 1 2.5 0.005 354 5 1 1 
0.38875 0 0 0.0025 1 1 2.5 0.005 355 5 1 1 
0.39125 0 0 0.0025 1 1 2.5 0.005 356 5 1 1 
0.39375 0 0 0.0025 1 1 2.5 0.005 357 5 1 1 
0.39625 0 0 0.0025 1 1 2.5 0.005 358 5 1 1 
0.39875 -3.3144e-48 -1.12104e-44 0.0025 1 1 2.5 0.005 359 5 1 1 
0.40125 -1.6806e-17 -5.68434e-14 0.0025 1 1 2.5 0.005 360 5 1 1 
0.40375 -2.52107e-16 -2.84217e-13 0.0025 1 1 2.5 0.005 361 5 1 1 
0.40625 -3.42705e-15 -7.27596e-12 0.0025 1 1 2.5 0.005 362 5 1 1 
0.40875 -3.04018e-14 -1.40972e-11 0.0025 1 1 2.5 0.005 363 3 1 1 
0.41125 5.04661e-14 2.39936e-10 0.0025 1 1 2.5 0.005 364 5 1 1 
0.41375 -3.161e-13 -1.8693e-09 0.0025 1 1 2.5 0.005 365 4 1 1 
0.41625 -1.35449e-11 -2.37427e-08 0.0025 1 1 2.5 0.005 366 4 1 1 
0.41875 -1.0614e-10 -1.215e-07 0.0025 1 1 2.5 0.005 367 4 1 1 
0.42125 -4.41942e-10 -2.8939e-07 0.0025 1 1 2.5 0.005 368 4 1 1 
0.42375 -7.90001e-10 3.80426e-07 0.0025 1 1 2.5 0.005 369 4 1 1 
0.42625 2.05743e-09 3.97739e-06 0.0025 1 1 2.5 0.005 370 4 1 1 
0.42875 -3.0953e-08 -8.52987e-05 0.0025 1 1 2.5 0.005 371 4 1 1 
0.43125 -5.4715e-07 -0.000849852 0.0025 1 1 2.5 0.005 372 4 1 1 
0.43375 -4.24286e-06 -0.00510991 0.0025 1 1 2.5 0.00499998 373 4 1 1 
0.43625 -2.32605e-05 -0.023278 0.0025 1.00002 1.00003 2.50002 0.0049999 374 4 1 1 
0.43875 -0.000101673 -0.0867919 0.0025 1.00008 1.00011 2.50008 0.0049996 375 4 1 1 
0.44125 -0.000373049 -0.274306 0.0025 1.00029 1.00039 2.50028 0.00499855 376 4 1 0.999999 
0.443748 -0.00117942 -0.746852 0.0025 1.00091 1.00124 2.50089 0.00499548 377 4 1 0.999991 
0.446245 -0.00325261 -1.75435 0.0025 1.00248 1.00342 2.50244 0.00498764 378 4 1 0.999958 
0.448736 -0.0078356 -3.50876 0.0025 1.00594 1.00825 2.50588 0.00497047 379 4 1 0.99986 
0.451216 -0.0163773 -5.81609 0.0025 1.01242 1.01736 2.51235 0.00493866 380 4 1 0.999687 
0.453675 -0.02942 -7.70925 0.0025 1.02248 1.03161 2.52242 0.00489006 381 4 1 0.999557 
0.456106 -0.0451766 -7.80585 0.0025 1.03505 1.04956 2.53497 0.00483067 382 4 1 0.999739 
0.458506 -0.0589863 -4.26613 0.0025 1.04591 1.06532 2.54588 0.00478051 383 3 1 1.00006 
0.460886 -0.0586059 9.62634 0.0025 1.04007 1.05771 2.54079 0.00480735 384 4 1 1.00025 
0.463314 -0.00535565 39.6222 0.0025 0.998409 0.998649 2.49959 0.00500797 385 4 1 0.997777 
0.4659 0.0788973 34.6686 0.0025 0.93681 0.912622 2.43605 0.00533726 386 4 1 0.990453 
0.468658 0.147008 25.6926 0.0025 0.881236 0.837759 2.37711 0.00567385 387 4 1 0.990789 
0.47158 0.215986 28.406 0.0025 0.82832 0.768413 2.31921 0.00603631 388 4 1 0.99139 
0.474702 0.296929 29.7914 0.0025 0.772172 0.696471 2.25505 0.00647524 389 4 1 0.989168 
0.478066 0.383081 27.7558 0.0025 0.716089 0.626658 2.18804 0.00698238 390 4 1 0.987369 
0.481698 0.467552 23.5561 0.0025 0.664756 0.564672 2.12392 0.00752156 391 4 1 0.987277 
0.485601 0.540175 16.4558 0.0025 0.623096 0.515755 2.06967 0.00802444 392 4 1 0.989461 
0.489731 0.587399 7.50911 0.0025 0.595617 0.48425 2.03278 0.00839465 393 4 1 0.994074 
0.493999 0.610818 5.77569 0.0025 0.578367 0.464859 2.00929 0.00864503 394 4 1 0.997516 
0.498378 0.650563 13.4675 0.0025 0.557579 0.441658 1.98029 0.00896734 395 4 1 0.997323 
0.502972 0.695958 1.55179 0.0025 0.539847 0.422241 1.95565 0.00926188 396 4 1 0.996545 
0.507641 0.680228 -3.02744 0.0025 0.537482 0.419769 1.95251 0.00930263 397 4 1 0.999987 
0.512274 0.675493 0.80464 0.0025 0.527572 0.407909 1.93289 0.00947738 398 4 1 1.00067 
0.517123 0.678924 0.299868 0.0025 0.502113 0.434464 2.16319 0.00995791 399 4 1 0.994259 
0.522241 0.670746 -0.12494 0.0025 0.474654 0.407565 2.14661 0.010534 400 4 1 0.992561 
0.527668 0.660968 2.92437 0.0025 0.445825 0.43227 2.42393 0.0112152 401 4 1 0.991151 
0.533471 0.63055 3.62404 0.0025 0.420821 0.391562 2.32598 0.0118815 402 4 1 0.991142 
0.539559 0.565131 16.8875 0.0025 0.383239 0.339086 2.21159 0.0130467 403 4 1 0.991061 
0.546597 0.35211 40.3838 0.0025 0.323451 0.262843 2.03153 0.0154583 404 4 1 0.964315 
0.555251 0.107829 28.8325 0.0025 0.273768 0.204855 1.87112 0.0182637 405 4 1 0.95034 
0.564992 0.00767243 6.1518 0.0025 0.253379 0.182928 1.80511 0.0197333 406 4 1 0.984197 
0.574996 -0.00197427 -0.363165 0.0025 0.249896 0.179391 1.79469 0.0200083 407 5 1 0.99932 
0.585 -3.78794e-05 -0.0811778 0.0025 0.249948 0.179448 1.79485 0.0200041 408 4 1 1 
0.595 2.54175e-05 0.00529268 0.0025 0.250003 0.179503 1.79501 0.0199997 409 3 1 1 
0.605 4.54507e-06 0.00151202 0.0025 0.250001 0.179501 1.795 0.0199999 410 4 1 1 
0.615 5.24672e-07 0.00021871 0.0025 0.25 0.1795 1.795 0.02 411 4 1 1 
0.625 4.51798e-08 2.25551e-05 0.0025 0.25 0.1795 1.795 0.02 412 4 1 1 
0.635 2.84725e-09 1.73056e-06 0.0025 0.25 0.1795 1.795 0.02 413 4 1 1 
0.645 1.10095e-10 9.1046e-08 0.0025 0.25 0.1795 1.795 0.02 414 4 1 1 
0.655 1.75399e-13 1.97561e-09 0.0025 0.25 0.1795 1.795 0.02 415 4 1 1 
0.665 -1.24836e-13 -1.49583e-10 0.0025 0.25 0.1795 1.795 0.02 416 5 1 1 
0.675 7.15937e-15 2.14584e-12 0.0025 0.25 0.1795 1.795 0.02 417 4 1 1 
0.685 7.71207e-16 2.84217e-13 0.0025 0.25 0.1795 1.795 0.02 418 5 1 1 
0.695 4.61636e-17 4.26326e-14 0.0025 0.25 0.1795 1.795 0.02 419 5 1 1 
0.705 1.15794e-47 5.60519e-45 0.0025 0.25 0.1795 1.795 0.02 420 5 1 1 
0.715 0 0 0.0025 0.25 0.1795 1.795 0.02 421 5 1 1 
0.725 0 0 0.0025 0.25 0.1795 1.795 0.02 422 5 1 1 
0.735 0 0 0.0025 0.25 0.1795 1.795 0.02 423 5 1 1 
0.745 0 0 0.0025 0.25 0.1795 1.795 0.02 424 5 1 1 
0.755 0 0 0.0025 0.25 0.1795 1.795 0.02 425 5 1 1 
0.765 0 0 0.0025 0.25 0.1795 1.795 0.02 426 5 1 1 
0.775 0 0 0.0025 0.25 0.1795 1.795 0.02 427 5 1 1 
0.785 0 0 0.0025 0.25 0.1795 1.795 0.02 428 5 1 1 
0.795 0 0 0.0025 0.25 0.1795 1.795 0.02 429 5 1 1 
0.805 0 0 0.0025 0.25 0.1795 1.795 0.02 430 5 1 1 
0.815 0 0 0.0025 0.25 0.1795 1.795 0.02 431 5 1 1 
0.825 0 0 0.0025 0.25 0.1795 1.795 0.02 432 5 1 1 
0.835 0 0 0.0025 0.25 0.1795 1.795 0.02 433 5 1 1 
0.845 0 0 0.0025 0.25 0.1795 1.795 0.02 434 5 1 1 
0.855 0 0 0.0025 0.25 0.1795 1.795 0.02 435 5 1 1 
0.865 0 0 0.0025 0.25 0.1795 1.795 0.02 436 5 1 1 
0.875 0 0 0.0025 0.25 0.1795 1.795 0.02 437 5 1 1 
0.885 0 0 0.0025 0.25 0.1795 1.795 0.02 438 5 1 1 
0.895 0 0 0.0025 0.25 0.1795 1.795 0.02 439 5 1 1 
0.905 0 0 0.0025 0.25 0.1795 1.795 0.02 440 5 1 1 
0.915 0 0 0.0025 0.25 0.1795 1.795 0.02 441 5 1 1 
0.925 0 0 0.0025 0.25 0.1795 1.795 0.02 442 5 1 1 
0.935 -8.28601e-49 -2.8026e-45 0.0025 0.25 0.1795 1.795 0.02 443 5 1 1 
0.945 -4.03885e-47 -8.40779e-45 0.0025 0.25 0.1795 1.795 0.02 444 5 1 1 
0.955 -1.17261e-16 -2.84217e-14 0.0025 0.25 0.1795 1.795 0.02 445 5 1 1 
0.965 -8.01568e-16 -8.52651e-14 0.0025 0.25 0.1795 1.795 0.02 446 5 1 1 
0.975 -3.19534e-15 -2.41585e-13 0.0025 0.25 0.1795 1.795 0.02 447 5 1 1 
0.985 -4.593e-15 -1.13687e-13 0.0025 0.25 0.1795 1.795 0.02 448 5 1 1 
0.995 -1.86113e-14 -8.52651e-14 0.0025 0.25 0.1795 1.795 0.02 449 3 1 1 
1.005 1.86113e-14 8.52651e-14 0.0025 0.25 0.1795 1.795 0.02 450 3 1 1 
1.015 4.593e-15 1.13687e-13 0.0025 0.25 0.1795 1.795 0.02 451 5 1 1 
1.025 3.19534e-15 2.41585e-13 0.0025 0.25 0.1795 1.795 0.02 452 5 1 1 
1.035 8.01568e-16 8.52651e-14 0.0025 0.25 0.1795 1.795 0.02 453 5 1 1 
1.045 1.17261e-16 2.84217e-14 0.0025 0.25 0.1795 1.795 0.02 454 5 1 1 
1.055 4.03885e-47 8.40779e-45 0.0025 0.25 0.1795 1.795 0.02 455 5 1 1 
1.065 8.28601e-49 2.8026e-45 0.0025 0.25 0.1795 1.795 0.02 456 5 1 1 
1.075 0 0 0.0025 0.25 0.1795 1.795 0.02 457 5 1 1 
1.085 0 0 0.0025 0.25 0.1795 1.795 0.02 458 5 1 1 
1.095 0 0 0.0025 0.25 0.1795 1.795 0.02 459 5 1 1 
1.105 0 0 0.0025 0.25 0.1795 1.795 0.02 460 5 1 1 
1.115 0 0 0.0025 0.25 0.1795 1.795 0.02 461 5 1 1 
1.125 0 0 0.0025 0.25 0.1795 1.795 0.02 462 5 1 1 
1.135 0 0 0.0025 0.25 0.1795 1.795 0.02 463 5 1 1 
1.145 0 0 0.0025 0.25 0.1795 1.795 0.02 464 5 1 1 
1.155 0 0 0.0025 0.25 0.1795 1.795 0.02 465 5 1 1 
1.165 0 0 0.0025 0.25 0.1795 1.795 0.02 466 5 1 1 
1.175 0 0 0.0025 0.25 0.1795 1.795 0.02 467 5 1 1 
1.185 0 0 0.0025 0.25 0.1795 1.795 0.02 468 5 1 1 
1.195 0 0 0.0025 0.25 0.1795 1.795 0.02 469 5 1 1 
1.205 0 0 0.0025 0.25 0.1795 1.795 0.02 470 5 1 1 
1.215 0 0 0.0025 0.25 0.1795 1.795 0.02 471 5 1 1 
1.225 0 0 0.0025 0.25 0.1795 1.795 0.02 472 5 1 1 
1.235 0 0 0.0025 0.25 0.1795 1.795 0.02 473 5 1 1 
1.245 0 0 0.0025 0.25 0.1795 1.795 0.02 474 5 1 1 
1.255 0 0 0.0025 0.25 0.1795 1.795 0.02 475 5 1 1 
1.265 0 0 0.0025 0.25 0.1795 1.795 0.02 476 5 1 1 
1.275 0 0 0.0025 0.25 0.1795 1.795 0.02 477 5 1 1 
1.285 0 0 0.0025 0.25 0.1795 1.795 0.02 478 5 1 1 
1.295 -1.32299e-47 -5.60519e-45 0.0025 0.25 0.1795 1.795 0.02 479 5 1 1 
1.305 -4.19621e-17 -2.84217e-14 0.0025 0.25 0.1795 1.795 0.02 480 5 1 1 
1.315 -7.66933e-16 -2.70006e-13 0.0025 0.25 0.1795 1.795 0.02 481 5 1 1 
1.325 -6.10582e-15 -1.47793e-12 0.0025 0.25 0.1795 1.795 0.02 482 4 1 1 
1.335 1.14547e-13 1.44837e-10 0.0025 0.25 0.1795 1.795 0.02 483 5 1 1 
1.345 -1.44961e-13 -1.97258e-09 0.0025 0.25 0.1795 1.795 0.02 484 4 1 1 
1.355 -1.10141e-10 -9.10433e-08 0.0025 0.25 0.1795 1.795 0.02 485 4 1 1 
1.365 -2.84722e-09 -1.73056e-06 0.0025 0.25 0.1795 1.795 0.02 486 4 1 1 
1.375 -4.51799e-08 -2.25551e-05 0.0025 0.25 0.1795 1.795 0.02 487 4 1 1 
1.385 -5.24672e-07 -0.00021871 0.0025 0.25 0.1795 1.795 0.02 488 4 1 1 
1.395 -4.54507e-06 -0.00151202 0.0025 0.250001 0.179501 1.795 0.0199999 489 4 1 1 
1.405 -2.54175e-05 -0.00529268 0.0025 0.250003 0.179503 1.79501 0.0199997 490 3 1 1 
1.415 3.78794e-05 0.0811778 0.0025 0.249948 0.179448 1.79485 0.0200041 491 4 1 1 
1.425 0.00197427 0.363165 0.0025 0.249896 0.179391 1.79469 0.0200083 492 5 1 0.99932 
1.43501 -0.00767243 -6.1518 0.0025 0.253379 0.182928 1.80511 0.0197333 493 4 1 0.984197 
1.44475 -0.107829 -28.8325 0.0025 0.273768 0.204855 1.87112 0.0182637 494 4 1 0.95034 
1.4534 -0.35211 -40.3838 0.0025 0.323451 0.262843 2.03153 0.0154583 495 4 1 0.964315 
1.46044 -0.565131 -16.8875 0.0025 0.383239 0.339086 2.21159 0.0130467 496 4 1 0.991061 
1.46653 -0.63055 -3.62404 0.0025 0.420821 0.391562 2.32598 0.0118815 497 4 1 0.991142 
1.47233 -0.660968 -2.92437 0.0025 0.445825 0.43227 2.42393 0.0112152 498 4 1 0.991151 
1.47776 -0.670746 0.12494 0.0025 0.474654 0.407565 2.14661 0.010534 499 4 1 0.992561 
