# Time [s]: 0.124248
# Columns: pos [m], vel [m/s], acc [m/s^2], mass [kg], dens [kg/m^3], pres [Pa], ene [J/kg], sml [m], id, neighbor, alpha, gradh, ...additional?
-0.839636 -3.25437 -3.58957 0.0025 0.0265344 0.0069337 0.653279 0.188435 0 5 1 1.04075 
-0.761991 -2.73439 -4.26528 0.0025 0.0461012 0.0134437 0.729037 0.108457 1 5 1 0.977966 
-0.717231 -2.43486 -4.66045 0.0025 0.0691161 0.0237638 0.859565 0.072342 2 4 1 0.948805 
-0.685952 -2.22576 -4.93275 0.0025 0.0926404 0.0358139 0.966482 0.0539721 3 4 1 0.952294 
-0.661865 -2.06494 -5.14062 0.0025 0.11553 0.0487718 1.05539 0.0432787 4 4 1 0.96079 
-0.642064 -1.9329 -5.31067 0.0025 0.137313 0.0621051 1.13073 0.0364132 5 4 1 0.968606 
-0.625134 -1.82011 -5.45523 0.0025 0.158243 0.0757442 1.19665 0.0315969 6 4 1 0.974667 
-0.610279 -1.72125 -5.58223 0.0025 0.17853 0.0896721 1.2557 0.0280064 7 4 1 0.979248 
-0.597006 -1.633 -5.69441 0.0025 0.198295 0.103865 1.30948 0.0252149 8 4 1 0.982743 
-0.584982 -1.55312 -5.79434 0.0025 0.217622 0.118302 1.35903 0.0229756 9 4 1 0.98544 
-0.573973 -1.48003 -5.89029 0.0025 0.236577 0.132967 1.40513 0.0211348 10 4 1 0.987559 
-0.563805 -1.41253 -5.9789 0.0025 0.255209 0.14785 1.44833 0.0195918 11 4 1 0.989277 
-0.554348 -1.34985 -6.04536 0.0025 0.273541 0.162923 1.48903 0.0182788 12 4 1 0.99064 
-0.5455 -1.29126 -6.13286 0.0025 0.291613 0.178184 1.52758 0.017146 13 4 1 0.991758 
-0.537182 -1.23608 -6.20779 0.0025 0.309469 0.193638 1.56429 0.0161567 14 4 1 0.992679 
-0.529327 -1.18397 -6.28887 0.0025 0.327131 0.20928 1.59937 0.0152844 15 4 1 0.993475 
-0.521884 -1.13454 -6.34031 0.0025 0.3446 0.225086 1.63296 0.0145096 16 4 1 0.994139 
-0.514807 -1.0876 -6.412 0.0025 0.361887 0.241048 1.66522 0.0138165 17 4 1 0.994702 
-0.508058 -1.04279 -6.47611 0.0025 0.379023 0.257173 1.6963 0.0131918 18 4 1 0.995192 
-0.501607 -0.999894 -6.53345 0.0025 0.39601 0.27345 1.72629 0.0126259 19 4 1 0.995613 
-0.495425 -0.958845 -6.59682 0.0025 0.412863 0.289875 1.75528 0.0121105 20 4 1 0.995982 
-0.48949 -0.919321 -6.6522 0.0025 0.429592 0.306447 1.78337 0.011639 21 4 1 0.996308 
-0.483781 -0.88131 -6.70499 0.0025 0.446198 0.323155 1.81061 0.0112058 22 4 1 0.996589 
-0.47828 -0.844659 -6.77158 0.0025 0.462701 0.340008 1.83709 0.0108061 23 4 1 0.996849 
-0.472971 -0.809232 -6.80688 0.0025 0.479095 0.356989 1.86284 0.0104363 24 4 1 0.997073 
-0.46784 -0.77499 -6.87061 0.0025 0.495384 0.374094 1.88791 0.0100932 25 4 1 0.997278 
-0.462875 -0.741838 -6.91011 0.0025 0.51158 0.391324 1.91234 0.00977365 26 4 1 0.997463 
-0.458064 -0.709716 -6.95806 0.0025 0.527674 0.408665 1.93617 0.00947554 27 4 1 0.997632 
-0.453397 -0.678514 -6.99209 0.0025 0.543669 0.42611 1.95943 0.00919676 28 4 1 0.997781 
-0.448865 -0.648256 -7.04609 0.0025 0.559575 0.443662 1.98215 0.00893535 29 4 1 0.997921 
-0.44446 -0.618836 -7.0703 0.0025 0.575389 0.461311 2.00435 0.00868978 30 4 1 0.998047 
-0.440173 -0.590208 -7.11447 0.0025 0.591107 0.479047 2.02607 0.00845871 31 4 1 0.998163 
-0.435999 -0.562348 -7.13903 0.0025 0.606734 0.496869 2.04732 0.00824084 32 4 1 0.998267 
-0.431931 -0.535217 -7.18403 0.0025 0.622276 0.514776 2.06813 0.00803502 33 4 1 0.998366 
-0.427963 -0.508779 -7.20475 0.0025 0.637734 0.532764 2.08852 0.00784026 34 4 1 0.998456 
-0.424089 -0.482944 -7.23507 0.0025 0.653099 0.550819 2.10849 0.00765581 35 4 1 0.998538 
-0.420306 -0.457769 -7.26663 0.0025 0.668384 0.568949 2.12809 0.00748073 36 4 1 0.998615 
-0.416608 -0.433174 -7.28792 0.0025 0.683587 0.587146 2.14731 0.00731436 37 4 1 0.998684 
-0.412991 -0.40914 -7.32737 0.0025 0.698715 0.605417 2.16619 0.00715599 38 4 1 0.998752 
-0.409451 -0.385621 -7.33266 0.0025 0.71376 0.623744 2.18472 0.00700515 39 4 1 0.998813 
-0.405985 -0.362626 -7.36051 0.0025 0.728717 0.642116 2.20291 0.00686138 40 4 1 0.998868 
-0.402589 -0.340145 -7.39483 0.0025 0.743609 0.660561 2.22081 0.00672396 41 4 1 0.998922 
-0.39926 -0.318103 -7.40175 0.0025 0.758425 0.679059 2.23839 0.00659261 42 4 1 0.998971 
-0.395995 -0.296508 -7.43386 0.0025 0.773165 0.697605 2.25569 0.00646692 43 4 1 0.999019 
-0.392792 -0.275354 -7.43828 0.0025 0.787829 0.716197 2.2727 0.00634655 44 4 1 0.999063 
-0.389648 -0.254616 -7.46058 0.0025 0.802412 0.734824 2.28943 0.00623121 45 4 1 0.999103 
-0.38656 -0.234316 -7.47778 0.0025 0.816925 0.753496 2.3059 0.00612051 46 4 1 0.999143 
-0.383527 -0.214399 -7.47944 0.0025 0.831355 0.772194 2.3221 0.00601428 47 4 1 0.999181 
-0.380546 -0.194832 -7.48736 0.0025 0.845697 0.790906 2.33804 0.00591228 48 4 1 0.999215 
-0.377614 -0.175664 -7.51097 0.0025 0.859969 0.809653 2.35374 0.00581417 49 4 1 0.999249 
-0.374731 -0.15686 -7.4931 0.0025 0.874153 0.828409 2.36919 0.00571983 50 4 1 0.999281 
-0.371894 -0.138408 -7.51197 0.0025 0.888246 0.847165 2.38439 0.00562907 51 4 1 0.999311 
-0.369102 -0.120311 -7.51051 0.0025 0.902254 0.86593 2.39936 0.00554168 52 4 1 0.999347 
-0.366352 -0.102563 -7.43612 0.0025 0.916107 0.884602 2.41403 0.00545788 53 4 1 0.999391 
-0.363643 -0.0854467 -7.25405 0.0025 0.929699 0.903021 2.42828 0.00537808 54 4 1 0.999403 
-0.360974 -0.0687669 -7.4579 0.0025 0.943253 0.921487 2.44236 0.0053008 55 4 1 0.999366 
-0.358342 -0.051274 -8.21124 0.0025 0.957339 0.940845 2.45692 0.00522281 56 4 1 0.99945 
-0.355751 -0.0336372 -7.36274 0.0025 0.971043 0.959844 2.47099 0.00514911 57 4 1 0.999733 
-0.353193 -0.0211714 -3.82159 0.0025 0.98145 0.974199 2.48146 0.0050945 58 4 1 0.99978 
-0.350656 -0.0135785 -4.28826 0.0025 0.989875 0.985675 2.48977 0.00505114 59 4 1 0.999317 
-0.348142 0.00297233 -11.7965 0.0025 1.00399 1.00552 2.50404 0.00498015 60 4 1 0.999021 
-0.345675 0.0295545 -11.7921 0.0025 1.02305 1.03275 2.52325 0.00488734 61 4 1 0.999847 
-0.343254 0.0430946 -1.86226 0.0025 1.03456 1.04903 2.53451 0.00483297 62 4 1 1.00001 
-0.340842 0.0426733 1.07772 0.0025 1.03548 1.05013 2.53525 0.00482866 63 3 1 1 
-0.338425 0.0391979 1.93971 0.0025 1.03242 1.04574 2.53222 0.00484299 64 4 1 0.999979 
-0.335999 0.034498 2.42962 0.0025 1.02826 1.03983 2.52811 0.0048626 65 4 1 0.999955 
-0.333563 0.0291089 2.69678 0.0025 1.02361 1.03324 2.52351 0.00488467 66 4 1 0.999941 
-0.331115 0.0235233 2.71544 0.0025 1.01891 1.02658 2.51884 0.00490723 67 4 1 0.999937 
-0.328655 0.0181998 2.52071 0.0025 1.01451 1.02037 2.51446 0.0049285 68 4 1 0.999943 
-0.326186 0.0134899 2.176 0.0025 1.01068 1.01497 2.51065 0.00494718 69 4 1 0.999955 
-0.323708 0.00959329 1.7603 0.0025 1.00755 1.01057 2.50752 0.00496254 70 4 1 0.999969 
-0.321224 0.00655835 1.34378 0.0025 1.00513 1.00718 2.50512 0.00497446 71 4 1 0.999981 
-0.318734 0.00431896 0.974066 0.0025 1.00337 1.0047 2.50335 0.00498322 72 4 1 0.99999 
-0.31624 0.0027449 0.673973 0.0025 1.00213 1.00298 2.50212 0.00498936 73 4 1 0.999995 
-0.313744 0.00168611 0.446987 0.0025 1.00131 1.00182 2.5013 0.00499348 74 4 1 0.999998 
-0.311247 0.00100214 0.285028 0.0025 1.00077 1.00108 2.50077 0.00499613 75 4 1 0.999999 
-0.308748 0.000576741 0.175132 0.0025 1.00044 1.00062 2.50044 0.00499778 76 4 1 1 
-0.306249 0.000321533 0.103841 0.0025 1.00025 1.00034 2.50025 0.00499876 77 4 1 1 
-0.30375 0.000173682 0.059471 0.0025 1.00013 1.00019 2.50013 0.00499933 78 4 1 1 
-0.30125 9.09057e-05 0.0329173 0.0025 1.00007 1.0001 2.50007 0.00499965 79 4 1 1 
-0.29875 4.61001e-05 0.0176143 0.0025 1.00004 1.00005 2.50003 0.00499982 80 4 1 1 
-0.29625 2.26472e-05 0.00911355 0.0025 1.00002 1.00002 2.50002 0.00499991 81 4 1 1 
-0.29375 1.07752e-05 0.00455926 0.0025 1.00001 1.00001 2.50001 0.00499996 82 4 1 1 
-0.29125 4.96363e-06 0.00220518 0.0025 1 1.00001 2.5 0.00499998 83 4 1 1 
-0.28875 2.21294e-06 0.00103098 0.0025 1 1 2.5 0.00499999 84 4 1 1 
-0.28625 9.54416e-07 0.000465795 0.0025 1 1 2.5 0.005 85 4 1 1 
-0.28375 3.97983e-07 0.000203287 0.0025 1 1 2.5 0.005 86 4 1 1 
-0.28125 1.6035e-07 8.56619e-05 0.0025 1 1 2.5 0.005 87 4 1 1 
-0.27875 6.23754e-08 3.48311e-05 0.0025 1 1 2.5 0.005 88 4 1 1 
-0.27625 2.34046e-08 1.36562e-05 0.0025 1 1 2.5 0.005 89 4 1 1 
-0.27375 8.46175e-09 5.158e-06 0.0025 1 1 2.5 0.005 90 4 1 1 
-0.27125 2.94387e-09 1.87475e-06 0.0025 1 1 2.5 0.005 91 4 1 1 
-0.26875 9.83951e-10 6.54881e-07 0.0025 1 1 2.5 0.005 92 4 1 1 
-0.26625 3.15398e-10 2.19434e-07 0.0025 1 1 2.5 0.005 93 4 1 1 
-0.26375 9.66585e-11 7.04293e-08 0.0025 1 1 2.5 0.005 94 4 1 1 
-0.26125 2.8286e-11 2.15878e-08 0.0025 1 1 2.5 0.005 95 4 1 1 
-0.25875 7.8296e-12 6.29416e-09 0.0025 1 1 2.5 0.005 96 4 1 1 
-0.25625 2.05032e-12 1.7244e-09 0.0025 1 1 2.5 0.005 97 4 1 1 
-0.25375 5.14941e-13 4.57248e-10 0.0025 1 1 2.5 0.005 98 4 1 1 
-0.25125 1.3556e-13 1.13232e-10 0.0025 1 1 2.5 0.005 99 4 1 1 
-0.24875 1.51439e-14 3.29692e-11 0.0025 1 1 2.5 0.005 100 4 1 1 
-0.24625 8.94803e-16 -4.54747e-13 0.0025 1 1 2.5 0.005 101 5 1 1 
-0.24375 1.72102e-16 4.54747e-13 0.0025 1 1 2.5 0.005 102 5 1 1 
-0.24125 3.39412e-47 8.96831e-44 0.0025 1 1 2.5 0.005 103 5 1 1 
-0.23875 0 0 0.0025 1 1 2.5 0.005 104 5 1 1 
-0.23625 0 0 0.0025 1 1 2.5 0.005 105 5 1 1 
-0.23375 0 0 0.0025 1 1 2.5 0.005 106 5 1 1 
-0.23125 0 0 0.0025 1 1 2.5 0.005 107 5 1 1 
-0.22875 0 0 0.0025 1 1 2.5 0.005 108 5 1 1 
-0.22625 0 0 0.0025 1 1 2.5 0.005 109 5 1 1 
-0.22375 0 0 0.0025 1 1 2.5 0.005 110 5 1 1 
-0.22125 0 0 0.0025 1 1 2.5 0.005 111 5 1 1 
-0.21875 0 0 0.0025 1 1 2.5 0.005 112 5 1 1 
-0.21625 0 0 0.0025 1 1 2.5 0.005 113 5 1 1 
-0.21375 0 0 0.0025 1 1 2.5 0.005 114 5 1 1 
-0.21125 0 0 0.0025 1 1 2.5 0.005 115 5 1 1 
-0.20875 0 0 0.0025 1 1 2.5 0.005 116 5 1 1 
-0.20625 0 0 0.0025 1 1 2.5 0.005 117 5 1 1 
-0.20375 0 0 0.0025 1 1 2.5 0.005 118 5 1 1 
-0.20125 0 0 0.0025 1 1 2.5 0.005 119 5 1 1 
-0.19875 0 0 0.0025 1 1 2.5 0.005 120 5 1 1 
-0.19625 0 0 0.0025 1 1 2.5 0.005 121 5 1 1 
-0.19375 0 0 0.0025 1 1 2.5 0.005 122 5 1 1 
-0.19125 0 0 0.0025 1 1 2.5 0.005 123 5 1 1 
-0.18875 0 0 0.0025 1 1 2.5 0.005 124 5 1 1 
-0.18625 0 0 0.0025 1 1 2.5 0.005 125 5 1 1 
-0.18375 0 0 0.0025 1 1 2.5 0.005 126 5 1 1 
-0.18125 0 0 0.0025 1 1 2.5 0.005 127 5 1 1 
-0.17875 0 0 0.0025 1 1 2.5 0.005 128 5 1 1 
-0.17625 0 0 0.0025 1 1 2.5 0.005 129 5 1 1 
-0.17375 0 0 0.0025 1 1 2.5 0.005 130 5 1 1 
-0.17125 0 0 0.0025 1 1 2.5 0.005 131 5 1 1 
-0.16875 0 0 0.0025 1 1 2.5 0.005 132 5 1 1 
-0.16625 0 0 0.0025 1 1 2.5 0.005 133 5 1 1 
-0.16375 0 0 0.0025 1 1 2.5 0.005 134 5 1 1 
-0.16125 0 0 0.0025 1 1 2.5 0.005 135 5 1 1 
-0.15875 0 0 0.0025 1 1 2.5 0.005 136 5 1 1 
-0.15625 0 0 0.0025 1 1 2.5 0.005 137 5 1 1 
-0.15375 0 0 0.0025 1 1 2.5 0.005 138 5 1 1 
-0.15125 0 0 0.0025 1 1 2.5 0.005 139 5 1 1 
-0.14875 0 0 0.0025 1 1 2.5 0.005 140 5 1 1 
-0.14625 0 0 0.0025 1 1 2.5 0.005 141 5 1 1 
-0.14375 0 0 0.0025 1 1 2.5 0.005 142 5 1 1 
-0.14125 0 0 0.0025 1 1 2.5 0.005 143 5 1 1 
-0.13875 0 0 0.0025 1 1 2.5 0.005 144 5 1 1 
-0.13625 0 0 0.0025 1 1 2.5 0.005 145 5 1 1 
-0.13375 0 0 0.0025 1 1 2.5 0.005 146 5 1 1 
-0.13125 0 0 0.0025 1 1 2.5 0.005 147 5 1 1 
-0.12875 0 0 0.0025 1 1 2.5 0.005 148 5 1 1 
-0.12625 0 0 0.0025 1 1 2.5 0.005 149 5 1 1 
-0.12375 0 0 0.0025 1 1 2.5 0.005 150 5 1 1 
-0.12125 0 0 0.0025 1 1 2.5 0.005 151 5 1 1 
-0.11875 0 0 0.0025 1 1 2.5 0.005 152 5 1 1 
-0.11625 0 0 0.0025 1 1 2.5 0.005 153 5 1 1 
-0.11375 0 0 0.0025 1 1 2.5 0.005 154 5 1 1 
-0.11125 0 0 0.0025 1 1 2.5 0.005 155 5 1 1 
-0.10875 0 0 0.0025 1 1 2.5 0.005 156 5 1 1 
-0.10625 0 0 0.0025 1 1 2.5 0.005 157 5 1 1 
-0.10375 0 0 0.0025 1 1 2.5 0.005 158 5 1 1 
-0.10125 0 0 0.0025 1 1 2.5 0.005 159 5 1 1 
-0.09875 0 0 0.0025 1 1 2.5 0.005 160 5 1 1 
-0.09625 0 0 0.0025 1 1 2.5 0.005 161 5 1 1 
-0.09375 0 0 0.0025 1 1 2.5 0.005 162 5 1 1 
-0.09125 0 0 0.0025 1 1 2.5 0.005 163 5 1 1 
-0.08875 0 0 0.0025 1 1 2.5 0.005 164 5 1 1 
-0.08625 0 0 0.0025 1 1 2.5 0.005 165 5 1 1 
-0.08375 0 0 0.0025 1 1 2.5 0.005 166 5 1 1 
-0.08125 0 0 0.0025 1 1 2.5 0.005 167 5 1 1 
-0.07875 0 0 0.0025 1 1 2.5 0.005 168 5 1 1 
-0.07625 0 0 0.0025 1 1 2.5 0.005 169 5 1 1 
-0.07375 0 0 0.0025 1 1 2.5 0.005 170 5 1 1 
-0.07125 0 0 0.0025 1 1 2.5 0.005 171 5 1 1 
-0.06875 0 0 0.0025 1 1 2.5 0.005 172 5 1 1 
-0.06625 -5.08648e-47 -1.12104e-44 0.0025 1 1 2.5 0.005 173 5 1 1 
-0.06375 -6.87032e-17 -1.12104e-44 0.0025 1 1 2.5 0.005 174 5 1 1 
-0.06125 -2.05762e-16 0 0.0025 1 1 2.5 0.005 175 5 1 1 
-0.05875 -3.42091e-16 0 0.0025 1 1 2.5 0.005 176 5 1 1 
-0.05625 -5.28956e-16 -5.68434e-14 0.0025 1 1 2.5 0.005 177 5 1 1 
-0.05375 -6.97496e-16 5.68434e-14 0.0025 1 1 2.5 0.005 178 5 1 1 
-0.05125 -9.32893e-16 -5.68434e-14 0.0025 1 1 2.5 0.005 179 5 1 1 
-0.04875 -1.14927e-15 3.9443e-29 0.0025 1 1 2.5 0.005 180 5 1 1 
-0.04625 -1.50047e-15 5.68434e-14 0.0025 1 1 2.5 0.005 181 5 1 1 
-0.04375 -3.12093e-15 -2.50111e-12 0.0025 1 1 2.5 0.005 182 3 1 1 
-0.04125 -5.02123e-15 2.95586e-12 0.0025 1 1 2.5 0.005 183 3 1 1 
-0.03875 1.75806e-18 -3.41061e-13 0.0025 1 1 2.5 0.005 184 4 1 1 
-0.03625 -9.45224e-16 2.84217e-13 0.0025 1 1 2.5 0.005 185 5 1 1 
-0.03375 -2.01338e-15 -2.84217e-13 0.0025 1 1 2.5 0.005 186 4 1 1 
-0.03125 -1.82661e-15 1.13687e-13 0.0025 1 1 2.5 0.005 187 3 1 1 
-0.02875 -2.25271e-15 -5.68434e-13 0.0025 1 1 2.5 0.005 188 3 1 1 
-0.02625 -2.54789e-15 1.13687e-12 0.0025 1 1 2.5 0.005 189 4 1 1 
-0.02375 -2.52117e-17 -9.09495e-13 0.0025 1 1 2.5 0.005 190 4 1 1 
-0.02125 2.33621e-17 5.91646e-28 0.0025 1 1 2.5 0.005 191 5 1 1 
-0.01875 -2.08633e-15 -1.15371e-27 0.0025 1 1 2.5 0.005 192 5 1 1 
-0.01625 2.06262e-15 -2.07076e-28 0.0025 1 1 2.5 0.005 193 4 1 1 
-0.01375 1.0259e-15 1.19315e-27 0.0025 1 1 2.5 0.005 194 3 1 1 
-0.01125 2.69152e-16 2.07076e-28 0.0025 1 1 2.5 0.005 195 4 1 1 
-0.00875 -5.08074e-16 -5.68434e-14 0.0025 1 1 2.5 0.005 196 4 1 1 
-0.00625 -1.17728e-16 -5.60519e-45 0.0025 1 1 2.5 0.005 197 4 1 1 
-0.00375 -6.93864e-17 1.13687e-13 0.0025 1 1 2.5 0.005 198 3 1 1 
-0.00125 1.1622e-16 -5.68434e-14 0.0025 1 1 2.5 0.005 199 3 1 1 
0.00125 1.70572e-16 3.9443e-29 0.0025 1 1 2.5 0.005 200 4 1 1 
0.00375 9.33147e-17 -4.93038e-29 0.0025 1 1 2.5 0.005 201 5 1 1 
0.00625 2.10856e-16 -8.87469e-29 0.0025 1 1 2.5 0.005 202 4 1 1 
0.00875 -2.63214e-16 -5.68434e-14 0.0025 1 1 2.5 0.005 203 3 1 1 
0.01125 3.95589e-16 5.68434e-14 0.0025 1 1 2.5 0.005 204 3 1 1 
0.01375 1.2596e-15 2.27374e-13 0.0025 1 1 2.5 0.005 205 4 1 1 
0.01625 -1.36182e-15 -1.13687e-13 0.0025 1 1 2.5 0.005 206 4 1 1 
0.01875 2.80477e-15 -1.19371e-12 0.0025 1 1 2.5 0.005 207 3 1 1 
0.02125 8.4625e-16 1.53477e-12 0.0025 1 1 2.5 0.005 208 4 1 1 
0.02375 1.81365e-15 -3.41061e-13 0.0025 1 1 2.5 0.005 209 5 1 1 
0.02625 1.88901e-15 -6.25278e-13 0.0025 1 1 2.5 0.005 210 4 1 1 
0.02875 2.87895e-15 5.11591e-13 0.0025 1 1 2.5 0.005 211 3 1 1 
0.03125 -1.65476e-15 1.02318e-12 0.0025 1 1 2.5 0.005 212 5 1 1 
0.03375 1.81157e-15 -2.38742e-12 0.0025 1 1 2.5 0.005 213 3 1 1 
0.03625 4.96536e-15 1.02318e-12 0.0025 1 1 2.5 0.005 214 3 1 1 
0.03875 1.8287e-15 2.27374e-13 0.0025 1 1 2.5 0.005 215 5 1 1 
0.04125 1.28276e-15 1.7053e-13 0.0025 1 1 2.5 0.005 216 5 1 1 
0.04375 1.00388e-15 3.36312e-44 0.0025 1 1 2.5 0.005 217 5 1 1 
0.04625 8.23984e-16 5.68434e-14 0.0025 1 1 2.5 0.005 218 5 1 1 
0.04875 6.58747e-16 -5.68434e-14 0.0025 1 1 2.5 0.005 219 5 1 1 
0.05125 4.91815e-16 5.68434e-14 0.0025 1 1 2.5 0.005 220 5 1 1 
0.05375 3.23424e-16 -5.68434e-14 0.0025 1 1 2.5 0.005 221 5 1 1 
0.05625 1.53916e-16 5.68434e-14 0.0025 1 1 2.5 0.005 222 5 1 1 
0.05875 3.44189e-17 1.12104e-44 0.0025 1 1 2.5 0.005 223 5 1 1 
0.06125 6.78794e-48 0 0.0025 1 1 2.5 0.005 224 5 1 1 
0.06375 0 0 0.0025 1 1 2.5 0.005 225 5 1 1 
0.06625 0 0 0.0025 1 1 2.5 0.005 226 5 1 1 
0.06875 0 0 0.0025 1 1 2.5 0.005 227 5 1 1 
0.07125 0 0 0.0025 1 1 2.5 0.005 228 5 1 1 
0.07375 0 0 0.0025 1 1 2.5 0.005 229 5 1 1 
0.07625 0 0 0.0025 1 1 2.5 0.005 230 5 1 1 
0.07875 0 0 0.0025 1 1 2.5 0.005 231 5 1 1 
0.08125 0 0 0.0025 1 1 2.5 0.005 232 5 1 1 
0.08375 0 0 0.0025 1 1 2.5 0.005 233 5 1 1 
0.08625 0 0 0.0025 1 1 2.5 0.005 234 5 1 1 
0.08875 0 0 0.0025 1 1 2.5 0.005 235 5 1 1 
0.09125 -8.6996e-46 -1.12104e-44 0.0025 1 1 2.5 0.005 236 5 1 1 
0.09375 -3.35691e-17 -1.12104e-44 0.0025 1 1 2.5 0.005 237 5 1 1 
0.09625 -2.00225e-16 1.12104e-44 0.0025 1 1 2.5 0.005 238 5 1 1 
0.09875 -3.32868e-16 1.12104e-44 0.0025 1 1 2.5 0.005 239 5 1 1 
0.10125 1.03204e-15 0 0.0025 1 1 2.5 0.005 240 5 1 1 
0.10375 8.70541e-16 5.60519e-44 0.0025 1 1 2.5 0.005 241 5 1 1 
0.10625 2.09568e-15 -6.72623e-44 0.0025 1 1 2.5 0.005 242 5 1 1 
0.10875 4.58094e-16 2.8026e-43 0.0025 1 1 2.5 0.005 243 5 1 1 
0.11125 4.04607e-15 3.97904e-13 0.0025 1 1 2.5 0.005 244 5 1 1 
0.11375 1.30887e-15 3.41061e-13 0.0025 1 1 2.5 0.005 245 5 1 1 
0.11625 3.78653e-15 -1.13687e-13 0.0025 1 1 2.5 0.005 246 5 1 1 
0.11875 1.26154e-15 -5.68434e-14 0.0025 1 1 2.5 0.005 247 5 1 1 
0.12125 2.06417e-15 -7.14905e-27 0.0025 1 1 2.5 0.005 248 5 1 1 
0.12375 -7.21633e-16 -7.18849e-27 0.0025 1 1 2.5 0.005 249 4 1 1 
0.12625 7.21633e-16 7.18849e-27 0.0025 1 1 2.5 0.005 250 4 1 1 
0.12875 -2.06417e-15 7.14905e-27 0.0025 1 1 2.5 0.005 251 5 1 1 
0.13125 -1.26154e-15 5.68434e-14 0.0025 1 1 2.5 0.005 252 5 1 1 
0.13375 -3.78653e-15 1.13687e-13 0.0025 1 1 2.5 0.005 253 5 1 1 
0.13625 -1.30887e-15 -3.41061e-13 0.0025 1 1 2.5 0.005 254 5 1 1 
0.13875 -4.04607e-15 -3.97904e-13 0.0025 1 1 2.5 0.005 255 5 1 1 
0.14125 -4.58094e-16 -2.8026e-43 0.0025 1 1 2.5 0.005 256 5 1 1 
0.14375 -2.09568e-15 6.72623e-44 0.0025 1 1 2.5 0.005 257 5 1 1 
0.14625 -8.70541e-16 -5.60519e-44 0.0025 1 1 2.5 0.005 258 5 1 1 
0.14875 -1.03204e-15 0 0.0025 1 1 2.5 0.005 259 5 1 1 
0.15125 3.32868e-16 -1.12104e-44 0.0025 1 1 2.5 0.005 260 5 1 1 
0.15375 2.00225e-16 -1.12104e-44 0.0025 1 1 2.5 0.005 261 5 1 1 
0.15625 3.35691e-17 1.12104e-44 0.0025 1 1 2.5 0.005 262 5 1 1 
0.15875 8.6996e-46 1.12104e-44 0.0025 1 1 2.5 0.005 263 5 1 1 
0.16125 0 0 0.0025 1 1 2.5 0.005 264 5 1 1 
0.16375 0 0 0.0025 1 1 2.5 0.005 265 5 1 1 
0.16625 0 0 0.0025 1 1 2.5 0.005 266 5 1 1 
0.16875 0 0 0.0025 1 1 2.5 0.005 267 5 1 1 
0.17125 0 0 0.0025 1 1 2.5 0.005 268 5 1 1 
0.17375 0 0 0.0025 1 1 2.5 0.005 269 5 1 1 
0.17625 0 0 0.0025 1 1 2.5 0.005 270 5 1 1 
0.17875 0 0 0.0025 1 1 2.5 0.005 271 5 1 1 
0.18125 0 0 0.0025 1 1 2.5 0.005 272 5 1 1 
0.18375 0 0 0.0025 1 1 2.5 0.005 273 5 1 1 
0.18625 0 0 0.0025 1 1 2.5 0.005 274 5 1 1 
0.18875 0 0 0.0025 1 1 2.5 0.005 275 5 1 1 
0.19125 0 0 0.0025 1 1 2.5 0.005 276 5 1 1 
0.19375 0 0 0.0025 1 1 2.5 0.005 277 5 1 1 
0.19625 0 0 0.0025 1 1 2.5 0.005 278 5 1 1 
0.19875 0 0 0.0025 1 1 2.5 0.005 279 5 1 1 
0.20125 -5.9027e-46 -1.12104e-44 0.0025 1 1 2.5 0.005 280 5 1 1 
0.20375 -1.01886e-16 -1.12104e-44 0.0025 1 1 2.5 0.005 281 5 1 1 
0.20625 -2.71073e-16 0 0.0025 1 1 2.5 0.005 282 5 1 1 
0.20875 -4.39498e-16 0 0.0025 1 1 2.5 0.005 283 5 1 1 
0.21125 -6.06603e-16 1.12104e-44 0.0025 1 1 2.5 0.005 284 5 1 1 
0.21375 -7.72562e-16 1.12104e-44 0.0025 1 1 2.5 0.005 285 5 1 1 
0.21625 8.64156e-16 5.68434e-14 0.0025 1 1 2.5 0.005 286 5 1 1 
0.21875 7.05133e-16 5.68434e-14 0.0025 1 1 2.5 0.005 287 5 1 1 
0.22125 3.59152e-15 1.13687e-13 0.0025 1 1 2.5 0.005 288 5 1 1 
0.22375 2.64623e-15 -5.68434e-14 0.0025 1 1 2.5 0.005 289 5 1 1 
0.22625 2.1106e-15 1.7053e-13 0.0025 1 1 2.5 0.005 290 5 1 1 
0.22875 7.25191e-16 2.46629e-43 0.0025 1 1 2.5 0.005 291 5 1 1 
0.23125 2.6779e-15 -2.9147e-43 0.0025 1 1 2.5 0.005 292 5 1 1 
0.23375 7.01108e-17 1.56945e-43 0.0025 1 1 2.5 0.005 293 5 1 1 
0.23625 7.57324e-16 -1.7053e-13 0.0025 1 1 2.5 0.005 294 5 1 1 
0.23875 -3.02771e-15 -1.7053e-13 0.0025 1 1 2.5 0.005 295 5 1 1 
0.24125 1.76043e-15 -2.27374e-13 0.0025 1 1 2.5 0.005 296 5 1 1 
0.24375 -3.19565e-15 -2.84217e-13 0.0025 1 1 2.5 0.005 297 5 1 1 
0.24625 3.26302e-15 -5.68434e-13 0.0025 1 1 2.5 0.005 298 5 1 1 
0.24875 -1.41771e-14 -2.84217e-11 0.0025 1 1 2.5 0.005 299 4 1 1 
0.25125 -1.16151e-13 -1.05729e-10 0.0025 1 1 2.5 0.005 300 4 1 1 
0.25375 -4.62147e-13 -4.03759e-10 0.0025 1 1 2.5 0.005 301 4 1 1 
0.25625 -1.89034e-12 -1.58661e-09 0.0025 1 1 2.5 0.005 302 4 1 1 
0.25875 -7.06846e-12 -5.59157e-09 0.0025 1 1 2.5 0.005 303 4 1 1 
0.26125 -2.51663e-11 -1.90108e-08 0.0025 1 1 2.5 0.005 304 4 1 1 
0.26375 -8.51822e-11 -6.14494e-08 0.0025 1 1 2.5 0.005 305 4 1 1 
0.26625 -2.75156e-10 -1.89659e-07 0.0025 1 1 2.5 0.005 306 4 1 1 
0.26875 -8.50768e-10 -5.60956e-07 0.0025 1 1 2.5 0.005 307 4 1 1 
0.27125 -2.52378e-09 -1.59271e-06 0.0025 1 1 2.5 0.005 308 4 1 1 
0.27375 -7.19622e-09 -4.34765e-06 0.0025 1 1 2.5 0.005 309 4 1 1 
0.27625 -1.97531e-08 -1.14246e-05 0.0025 1 1 2.5 0.005 310 4 1 1 
0.27875 -5.2262e-08 -2.89305e-05 0.0025 1 1 2.5 0.005 311 4 1 1 
0.28125 -1.33419e-07 -7.06602e-05 0.0025 1 1 2.5 0.005 312 4 1 1 
0.28375 -3.28934e-07 -0.000166572 0.0025 1 1 2.5 0.005 313 4 1 1 
0.28625 -7.83763e-07 -0.000379219 0.0025 1 1 2.5 0.005 314 4 1 1 
0.28875 -1.806e-06 -0.000834139 0.0025 1 1 2.5 0.00499999 315 4 1 1 
0.29125 -4.02659e-06 -0.00177338 0.0025 1 1 2.5 0.00499998 316 4 1 1 
0.29375 -8.69034e-06 -0.00364503 0.0025 1.00001 1.00001 2.50001 0.00499997 317 4 1 1 
0.29625 -1.81626e-05 -0.00724457 0.0025 1.00001 1.00002 2.50001 0.00499993 318 4 1 1 
0.29875 -3.67697e-05 -0.0139244 0.0025 1.00003 1.00004 2.50003 0.00499986 319 4 1 1 
0.30125 -7.2124e-05 -0.0258817 0.0025 1.00006 1.00008 2.50005 0.00499972 320 4 1 1 
0.30375 -0.000137094 -0.0465168 0.0025 1.00011 1.00015 2.5001 0.00499947 321 4 1 1 
0.306249 -0.000252549 -0.0808176 0.0025 1.00019 1.00027 2.50019 0.00499903 322 4 1 1 
0.308749 -0.000450878 -0.135666 0.0025 1.00035 1.00048 2.50035 0.00499826 323 4 1 1 
0.311248 -0.00078 -0.21987 0.0025 1.0006 1.00084 2.5006 0.00499699 324 4 1 0.999999 
0.313746 -0.00130713 -0.343613 0.0025 1.00101 1.00141 2.50101 0.00499494 325 4 1 0.999999 
0.316242 -0.00212076 -0.516914 0.0025 1.00165 1.0023 2.50164 0.00499178 326 4 1 0.999997 
0.318737 -0.00332859 -0.746695 0.0025 1.00259 1.00362 2.50259 0.00498706 327 4 1 0.999994 
0.32123 -0.00504817 -1.0323 0.0025 1.00395 1.00552 2.50394 0.00498032 328 4 1 0.999989 
0.323718 -0.00738751 -1.36009 0.0025 1.00581 1.00813 2.50579 0.00497112 329 4 1 0.999981 
0.326201 -0.0104149 -1.69908 0.0025 1.00824 1.01154 2.50821 0.00495916 330 4 1 0.999972 
0.328677 -0.0141222 -2.00074 0.0025 1.01124 1.01576 2.51121 0.00494443 331 4 1 0.999963 
0.331145 -0.0183933 -2.20599 0.0025 1.01475 1.02071 2.5147 0.00492734 332 4 1 0.999957 
0.333604 -0.0229927 -2.25962 0.0025 1.01859 1.02613 2.51852 0.00490876 333 4 1 0.999957 
0.336054 -0.0275856 -2.12862 0.0025 1.0225 1.03167 2.5224 0.00488997 334 4 1 0.999964 
0.338494 -0.0317829 -1.79147 0.0025 1.02616 1.03686 2.52603 0.00487253 335 4 1 0.999978 
0.340926 -0.0351613 -1.26994 0.0025 1.02913 1.04109 2.52898 0.00485845 336 4 1 1 
0.343353 -0.0366905 0.38137 0.0025 1.02971 1.04206 2.52966 0.00485572 337 3 1 1 
0.345782 -0.0287149 8.81841 0.0025 1.02171 1.03087 2.5219 0.00489378 338 4 1 0.999964 
0.348247 -0.00396739 13.0947 0.0025 1.00385 1.00546 2.50399 0.00498081 339 4 1 0.999246 
0.350764 0.0171962 6.5477 0.0025 0.98723 0.981972 2.48708 0.00506468 340 4 1 0.999094 
0.353312 0.0269812 3.62667 0.0025 0.977205 0.968216 2.47707 0.00511663 341 4 1 0.999661 
0.35588 0.0379433 6.47095 0.0025 0.967455 0.954859 2.46729 0.0051682 342 4 1 0.999752 
0.35848 0.0545432 8.09247 0.0025 0.95449 0.936938 2.45398 0.0052384 343 4 1 0.999519 
0.361119 0.0723193 7.64214 0.0025 0.940398 0.917578 2.43937 0.0053169 344 4 1 0.999369 
0.363797 0.0893119 7.29156 0.0025 0.926681 0.898902 2.42508 0.0053956 345 4 1 0.999383 
0.366515 0.106466 7.39201 0.0025 0.913069 0.880483 2.41078 0.00547604 346 4 1 0.999383 
0.369274 0.124202 7.49656 0.0025 0.89924 0.86187 2.39611 0.00556025 347 4 1 0.999346 
0.372076 0.142348 7.49964 0.0025 0.885238 0.843139 2.38112 0.0056482 348 4 1 0.999307 
0.374922 0.160834 7.48641 0.0025 0.871146 0.824409 2.36589 0.00573957 349 4 1 0.999276 
0.377815 0.179708 7.48376 0.0025 0.856973 0.805693 2.35042 0.00583449 350 4 1 0.999245 
0.380757 0.198926 7.4877 0.0025 0.842707 0.78698 2.33469 0.00593326 351 4 1 0.99921 
0.383749 0.218519 7.46491 0.0025 0.828362 0.768289 2.31871 0.00603601 352 4 1 0.999175 
0.386794 0.238482 7.4548 0.0025 0.813946 0.749638 2.30249 0.00614291 353 4 1 0.999139 
0.389893 0.258834 7.43774 0.0025 0.799456 0.731022 2.28601 0.00625425 354 4 1 0.9991 
0.393048 0.27959 7.40984 0.0025 0.784902 0.71246 2.26927 0.00637022 355 4 1 0.999059 
0.396263 0.300768 7.40465 0.0025 0.770275 0.693942 2.25227 0.00649119 356 4 1 0.999016 
0.39954 0.322323 7.36252 0.0025 0.755586 0.675488 2.23499 0.00661738 357 4 1 0.99897 
0.402882 0.344287 7.3171 0.0025 0.740866 0.657137 2.21747 0.00674886 358 4 1 0.998926 
0.40629 0.366688 7.28735 0.0025 0.726109 0.638886 2.1997 0.00688602 359 4 1 0.99888 
0.409768 0.389453 7.21813 0.0025 0.711337 0.620765 2.1817 0.00702901 360 4 1 0.998831 
0.41332 0.412562 7.13623 0.0025 0.696602 0.602838 2.16351 0.0071777 361 4 1 0.998789 
0.416947 0.435915 7.01615 0.0025 0.681962 0.585176 2.14521 0.00733179 362 4 1 0.998752 
0.420652 0.459382 6.82754 0.0025 0.66753 0.567913 2.12694 0.0074903 363 4 1 0.998731 
0.424438 0.482686 6.56795 0.0025 0.65346 0.551226 2.10889 0.00765158 364 4 1 0.998735 
0.428305 0.505369 6.17101 0.0025 0.639977 0.535368 2.09138 0.00781278 365 4 1 0.998777 
0.432252 0.526988 5.63576 0.0025 0.627362 0.520652 2.0748 0.00796988 366 4 1 0.998871 
0.436276 0.546974 5.04662 0.0025 0.615807 0.507279 2.05943 0.00811942 367 4 1 0.999006 
0.440372 0.565325 4.57232 0.0025 0.605243 0.495142 2.04524 0.00826115 368 4 1 0.999138 
0.444537 0.582942 4.52292 0.0025 0.595133 0.48361 2.03152 0.00840148 369 4 1 0.999202 
0.448774 0.601653 4.91941 0.0025 0.584654 0.471734 2.01714 0.00855207 370 4 1 0.99914 
0.45309 0.622572 5.32027 0.0025 0.573412 0.459084 2.00154 0.00871973 371 4 1 0.998977 
0.457495 0.644256 5.03338 0.0025 0.562116 0.446465 1.98567 0.00889496 372 4 1 0.998881 
0.461986 0.663366 3.81938 0.0025 0.552392 0.435684 1.97186 0.00905154 373 4 1 0.999077 
0.466547 0.67601 1.8979 0.0025 0.545939 0.428573 1.96261 0.00915854 374 4 1 0.999534 
0.471145 0.680137 0.0376485 0.0025 0.543392 0.425787 1.95896 0.00920147 375 4 1 0.999916 
0.475748 0.67959 -0.0715647 0.0025 0.543142 0.425525 1.95863 0.0092057 376 5 1 0.999999 
0.480351 0.67932 -0.148046 0.0025 0.543332 0.425737 1.95892 0.00920248 377 4 1 0.999999 
0.484951 0.67863 -0.171838 0.0025 0.543624 0.426061 1.95935 0.00919754 378 4 1 0.999999 
0.489548 0.677858 -0.175674 0.0025 0.544001 0.426478 1.95991 0.00919117 379 4 1 0.999999 
0.494142 0.677109 -0.157166 0.0025 0.544386 0.426905 1.96049 0.00918466 380 4 1 0.999999 
0.498733 0.676451 -0.12965 0.0025 0.544734 0.42729 1.96101 0.0091788 381 4 1 0.999999 
0.503321 0.67591 -0.103173 0.0025 0.545024 0.427614 1.96144 0.0091739 382 4 1 1 
0.507907 0.675482 -0.0808041 0.0025 0.545257 0.427874 1.9618 0.00916999 383 4 1 1 
0.512491 0.675147 -0.062955 0.0025 0.545438 0.428079 1.96209 0.00916694 384 4 1 1 
0.517074 0.674883 -0.0498773 0.0025 0.545578 0.428239 1.96232 0.00916459 385 4 1 1 
0.521655 0.674673 -0.0407914 0.0025 0.545687 0.428366 1.96251 0.00916275 386 4 1 1 
0.526236 0.674499 -0.0344233 0.0025 0.545775 0.42847 1.96267 0.00916129 387 4 1 1 
0.530817 0.674352 -0.029852 0.0025 0.545845 0.428557 1.96281 0.0091601 388 4 1 1 
0.535396 0.674223 -0.0263539 0.0025 0.545904 0.428632 1.96294 0.00915912 389 4 1 1 
0.539976 0.674108 -0.0234633 0.0025 0.545953 0.428698 1.96307 0.0091583 390 4 1 1 
0.544555 0.674005 -0.0209839 0.0025 0.545992 0.428756 1.9632 0.00915764 391 4 1 1 
0.549133 0.673911 -0.018765 0.0025 0.546024 0.428808 1.96332 0.00915711 392 4 1 1 
0.553712 0.673828 -0.0167017 0.0025 0.546045 0.428853 1.96345 0.00915676 393 3 1 1 
0.55829 0.673753 -0.0147935 0.0025 0.546044 0.428881 1.96359 0.00915678 394 4 1 1 
0.562869 0.673686 -0.013075 0.0025 0.545971 0.428868 1.96378 0.00915799 395 4 1 1 
0.567448 0.673626 -0.0115597 0.0025 0.545594 0.428631 1.96406 0.00916433 396 4 1 0.999999 
0.572033 0.673572 -0.0102419 0.0025 0.543988 0.426844 1.96164 0.00919139 397 4 1 0.999988 
0.57664 0.673523 -0.0090861 0.0025 0.530835 0.411473 1.93786 0.00941912 398 4 1 0.999666 
0.581457 0.673477 -0.00801318 0.0025 0.506754 0.440199 2.17166 0.00986673 399 4 1 0.9947 
0.586513 0.673433 -0.00700462 0.0025 0.481255 0.415453 2.15818 0.0103895 400 4 1 0.993718 
0.591856 0.67339 -0.00605085 0.0025 0.458776 0.449994 2.45215 0.0108986 401 4 1 0.993701 
0.597418 0.673349 -0.00515629 0.0025 0.450157 0.430522 2.39096 0.0111072 402 5 1 0.998658 
0.602963 0.673311 -0.00435384 0.0025 0.451759 0.428851 2.37323 0.0110678 403 4 1 0.999967 
0.608485 0.673276 -0.00362076 0.0025 0.453386 0.428812 2.3645 0.0110281 404 4 1 0.999986 
0.613991 0.673242 -0.00290443 0.0025 0.454477 0.42895 2.35958 0.0110017 405 4 1 0.999994 
0.619487 0.673209 -0.00212465 0.0025 0.455177 0.429034 2.35642 0.0109847 406 4 1 0.999997 
0.624976 0.673175 -0.0010296 0.0025 0.455648 0.429076 2.35421 0.0109734 407 4 1 0.999999 
0.630461 0.673137 0.00104878 0.0025 0.455977 0.429093 2.3526 0.0109655 408 4 1 0.999999 
0.635942 0.67308 0.00595201 0.0025 0.456206 0.429083 2.35137 0.01096 409 4 1 1 
0.641421 0.672967 0.0206528 0.0025 0.456333 0.429014 2.35033 0.0109569 410 3 1 1 
0.646899 0.672674 0.0650088 0.0025 0.456291 0.428774 2.34924 0.0109579 411 4 1 1 
0.652378 0.671815 0.200361 0.0025 0.455833 0.428029 2.3475 0.0109689 412 4 1 0.999999 
0.657867 0.669326 0.586205 0.0025 0.454282 0.425878 2.34367 0.0110064 413 4 1 0.99998 
0.663385 0.662547 1.51 0.0025 0.450107 0.420314 2.33448 0.0111085 414 4 1 0.999843 
0.668976 0.645782 3.72109 0.0025 0.440279 0.407406 2.31325 0.0113564 415 4 1 0.999095 
0.674744 0.608676 7.4231 0.0025 0.420893 0.38224 2.27025 0.0118795 416 4 1 0.996197 
0.680868 0.535368 15.6061 0.0025 0.386565 0.338389 2.18821 0.0129344 417 4 1 0.988634 
0.687728 0.383888 28.8116 0.0025 0.337163 0.27735 2.05646 0.0148296 418 4 1 0.973196 
0.695837 0.181522 27.6796 0.0025 0.289476 0.221823 1.91598 0.0172726 419 4 1 0.959549 
0.705136 0.0461646 12.1084 0.0025 0.261334 0.191165 1.82898 0.0191326 420 4 1 0.975286 
0.715005 0.00444771 2.11469 0.0025 0.251749 0.181257 1.80006 0.0198611 421 4 1 0.995531 
0.724998 -0.000337937 0.0371031 0.0025 0.250059 0.179557 1.79516 0.0199953 422 4 1 0.999827 
0.735 -5.76125e-05 -0.0325461 0.0025 0.249981 0.17948 1.79494 0.0200016 423 5 1 1 
0.745 6.97154e-06 0.000318819 0.0025 0.25 0.1795 1.795 0.02 424 4 1 1 
0.755 2.44879e-06 0.000501286 0.0025 0.250001 0.179501 1.795 0.02 425 3 1 1 
0.765 5.67522e-07 0.000128294 0.0025 0.25 0.1795 1.795 0.02 426 4 1 1 
0.775 1.19461e-07 2.84088e-05 0.0025 0.25 0.1795 1.795 0.02 427 4 1 1 
0.785 2.37046e-08 5.90744e-06 0.0025 0.25 0.1795 1.795 0.02 428 4 1 1 
0.795 4.45267e-09 1.16349e-06 0.0025 0.25 0.1795 1.795 0.02 429 4 1 1 
0.805 7.90238e-10 2.16848e-07 0.0025 0.25 0.1795 1.795 0.02 430 4 1 1 
0.815 1.32158e-10 3.8133e-08 0.0025 0.25 0.1795 1.795 0.02 431 4 1 1 
0.825 2.07733e-11 6.30493e-09 0.0025 0.25 0.1795 1.795 0.02 432 4 1 1 
0.835 3.04824e-12 9.78886e-10 0.0025 0.25 0.1795 1.795 0.02 433 4 1 1 
0.845 4.30271e-13 1.41725e-10 0.0025 0.25 0.1795 1.795 0.02 434 4 1 1 
0.855 4.76321e-14 2.10321e-11 0.0025 0.25 0.1795 1.795 0.02 435 4 1 1 
0.865 2.58853e-15 1.08002e-12 0.0025 0.25 0.1795 1.795 0.02 436 5 1 1 
0.875 3.31144e-16 1.56319e-13 0.0025 0.25 0.1795 1.795 0.02 437 5 1 1 
0.885 6.53051e-47 3.08286e-44 0.0025 0.25 0.1795 1.795 0.02 438 5 1 1 
0.895 -7.44182e-47 0 0.0025 0.25 0.1795 1.795 0.02 439 5 1 1 
0.905 -1.76163e-16 -1.42109e-14 0.0025 0.25 0.1795 1.795 0.02 440 5 1 1 
0.915 -5.27067e-16 -1.42109e-14 0.0025 0.25 0.1795 1.795 0.02 441 5 1 1 
0.925 -1.08996e-15 -1.42109e-14 0.0025 0.25 0.1795 1.795 0.02 442 5 1 1 
0.935 -1.94375e-15 -2.84217e-14 0.0025 0.25 0.1795 1.795 0.02 443 5 1 1 
0.945 -3.17697e-15 5.60519e-45 0.0025 0.25 0.1795 1.795 0.02 444 5 1 1 
0.955 -4.74497e-15 1.48538e-43 0.0025 0.25 0.1795 1.795 0.02 445 5 1 1 
0.965 1.17299e-15 3.12639e-13 0.0025 0.25 0.1795 1.795 0.02 446 5 1 1 
0.975 -5.14299e-15 3.12639e-13 0.0025 0.25 0.1795 1.795 0.02 447 5 1 1 
0.985 3.4635e-15 -3.12639e-13 0.0025 0.25 0.1795 1.795 0.02 448 5 1 1 
0.995 -5.39356e-15 -2.70006e-13 0.0025 0.25 0.1795 1.795 0.02 449 3 1 1 
1.005 5.39356e-15 2.70006e-13 0.0025 0.25 0.1795 1.795 0.02 450 3 1 1 
1.015 -3.4635e-15 3.12639e-13 0.0025 0.25 0.1795 1.795 0.02 451 5 1 1 
1.025 5.14299e-15 -3.12639e-13 0.0025 0.25 0.1795 1.795 0.02 452 5 1 1 
1.035 -1.17299e-15 -3.12639e-13 0.0025 0.25 0.1795 1.795 0.02 453 5 1 1 
1.045 4.74497e-15 -1.48538e-43 0.0025 0.25 0.1795 1.795 0.02 454 5 1 1 
1.055 3.17697e-15 -5.60519e-45 0.0025 0.25 0.1795 1.795 0.02 455 5 1 1 
1.065 1.94375e-15 2.84217e-14 0.0025 0.25 0.1795 1.795 0.02 456 5 1 1 
1.075 1.08996e-15 1.42109e-14 0.0025 0.25 0.1795 1.795 0.02 457 5 1 1 
1.085 5.27067e-16 1.42109e-14 0.0025 0.25 0.1795 1.795 0.02 458 5 1 1 
1.095 1.76163e-16 1.42109e-14 0.0025 0.25 0.1795 1.795 0.02 459 5 1 1 
1.105 7.01771e-47 -2.8026e-45 0.0025 0.25 0.1795 1.795 0.02 460 5 1 1 
1.115 -1.72099e-17 -2.84217e-14 0.0025 0.25 0.1795 1.795 0.02 461 5 1 1 
1.125 -5.7195e-16 -2.13163e-13 0.0025 0.25 0.1795 1.795 0.02 462 5 1 1 
1.135 -4.3512e-15 -1.64846e-12 0.0025 0.25 0.1795 1.795 0.02 463 5 1 1 
1.145 -7.93983e-14 -3.83125e-11 0.0025 0.25 0.1795 1.795 0.02 464 4 1 1 
1.155 -7.82856e-13 -2.75605e-10 0.0025 0.25 0.1795 1.795 0.02 465 4 1 1 
1.165 -6.0937e-12 -2.03372e-09 0.0025 0.25 0.1795 1.795 0.02 466 4 1 1 
1.175 -4.34472e-11 -1.36969e-08 0.0025 0.25 0.1795 1.795 0.02 467 4 1 1 
1.185 -2.8868e-10 -8.56159e-08 0.0025 0.25 0.1795 1.795 0.02 468 4 1 1 
1.195 -1.77784e-09 -4.95829e-07 0.0025 0.25 0.1795 1.795 0.02 469 4 1 1 
1.205 -1.01654e-08 -2.66198e-06 0.0025 0.25 0.1795 1.795 0.02 470 4 1 1 
1.215 -5.39762e-08 -1.32412e-05 0.0025 0.25 0.1795 1.795 0.02 471 4 1 1 
1.225 -2.6603e-07 -6.09614e-05 0.0025 0.25 0.1795 1.795 0.02 472 4 1 1 
1.235 -1.21596e-06 -0.000259363 0.0025 0.25 0.1795 1.795 0.02 473 4 1 1 
1.245 -5.14762e-06 -0.00101764 0.0025 0.250001 0.179501 1.795 0.0199999 474 4 1 1 
1.255 -2.01505e-05 -0.00367333 0.0025 0.250005 0.179505 1.79501 0.0199996 475 4 1 1 
1.265 -7.28054e-05 -0.0121647 0.0025 0.250017 0.179517 1.79505 0.0199987 476 4 1 1 
1.275 -0.000242316 -0.0368435 0.0025 0.250055 0.179556 1.79516 0.0199956 477 4 1 0.999999 
1.285 -0.000741199 -0.101609 0.0025 0.250168 0.179669 1.79548 0.0199865 478 4 1 0.999995 
1.29499 -0.0020754 -0.252914 0.0025 0.250469 0.179972 1.79635 0.0199625 479 4 1 0.999971 
1.30496 -0.00527277 -0.556767 0.0025 0.251187 0.180695 1.79841 0.0199055 480 4 1 0.999878 
1.31489 -0.0119422 -1.04291 0.0025 0.252679 0.182201 1.8027 0.0197879 481 4 1 0.999655 
1.32475 -0.0235147 -1.5742 0.0025 0.255281 0.18484 1.81017 0.0195862 482 4 1 0.999383 
1.33448 -0.0393566 -1.79934 0.0025 0.258936 0.188569 1.82061 0.0193098 483 4 1 0.999402 
1.34406 -0.0554394 -1.4228 0.0025 0.262803 0.192539 1.83158 0.0190257 484 4 1 1.00008 
1.3535 -0.0643122 0.150866 0.0025 0.264166 0.193954 1.83548 0.0189275 485 3 1 1.00001 
1.36298 -0.0385054 6.10133 0.0025 0.256729 0.186357 1.81468 0.0194758 486 4 1 0.999779 
1.37299 0.0382268 7.97825 0.0025 0.240624 0.170194 1.76827 0.0207793 487 4 1 0.991422 
1.3838 0.109363 5.50971 0.0025 0.224078 0.154041 1.71863 0.0223136 488 4 1 0.987809 
1.39534 0.172128 5.36747 0.0025 0.209229 0.139948 1.67219 0.0238973 489 4 1 0.989495 
1.40774 0.246616 5.99841 0.0025 0.193523 0.12547 1.62087 0.0258367 490 4 1 0.987406 
1.42124 0.333011 6.06363 0.0025 0.176621 0.110405 1.56275 0.0283092 491 4 1 0.983376 
1.43614 0.429532 5.9747 0.0025 0.159015 0.0953157 1.49854 0.0314436 492 4 1 0.979324 
1.45282 0.538652 5.89037 0.0025 0.140787 0.0803824 1.42738 0.0355147 493 4 1 0.974419 
1.47187 0.664079 5.7397 0.0025 0.121912 0.0657139 1.34758 0.0410132 494 4 1 0.968018 
1.4942 0.810417 5.47576 0.0025 0.102383 0.0514659 1.25671 0.0488362 495 4 1 0.960072 
1.5214 0.985779 5.14785 0.0025 0.0821046 0.0377817 1.15042 0.0608979 496 4 1 0.951807 
1.55666 1.21007 4.83814 0.0025 0.061415 0.0251557 1.02401 0.0814134 497 4 1 0.948327 
1.60687 1.53094 4.49461 0.0025 0.0411189 0.0143406 0.871902 0.121599 498 5 1 0.977948 
1.69355 2.09367 3.87378 0.0025 0.0237438 0.00744619 0.784018 0.210581 499 5 1 1.0453 
