# Time [s]: 1.16528e+12
# Columns: pos [pc], vel [pc/s], acc [pc/s^2], mass [Msun], dens [g/cm^3], pres [barye], ene [erg/g], sml [pc], id, neighbor, alpha, gradh, ...additional?
4.55759e+16 -675.479 -2.47531e-12 4.97118e+27 0.000504427 4.3728 21672 3.05892e+14 0 4 1 0.994825 
4.57252e+16 -677.732 1.4449e-11 4.97118e+27 0.000528226 4.08597 19338.2 2.9211e+14 1 4 1 0.999663 
4.58682e+16 -678.695 -5.53764e-13 4.97118e+27 0.000541074 4.23723 19577.9 2.85174e+14 2 4 1 1.00001 
4.60104e+16 -679 1.37601e-12 4.97118e+27 0.000542186 4.24921 19592.6 2.84589e+14 3 3 1 1 
4.61528e+16 -682.469 6.84847e-11 4.97118e+27 0.000539975 4.22261 19550.4 2.85754e+14 4 5 1 0.999956 
-1.54238e+16 -690.438 -6.22555e-11 4.97118e+27 0.000541586 4.23916 19570.4 2.84904e+14 5 4 1 0.997631 
-1.52823e+16 -655.808 -3.50723e-10 4.97118e+27 0.000556107 4.39936 19778.2 2.77465e+14 6 4 1 0.997242 
-1.51463e+16 -616.366 -2.41015e-10 4.97118e+27 0.000575425 4.615 20049.8 2.6815e+14 7 4 1 0.997934 
-1.50141e+16 -591.024 -2.03131e-10 4.97118e+27 0.000591814 4.79932 20274.7 2.60724e+14 8 4 1 0.996579 
-1.48855e+16 -556.848 -3.63918e-10 4.97118e+27 0.000612263 5.03249 20550.9 2.52016e+14 9 4 1 0.99383 
-1.4762e+16 -504.625 -5.37968e-10 4.97118e+27 0.000642098 5.37904 20945.4 2.40306e+14 10 4 1 0.991784 
-1.46449e+16 -440.506 -6.54353e-10 4.97118e+27 0.000679958 5.8283 21430.7 2.26926e+14 11 4 1 0.991157 
-1.45348e+16 -372.229 -7.16295e-10 4.97118e+27 0.000722581 6.34616 21958 2.1354e+14 12 4 1 0.991476 
-1.44311e+16 -304.514 -7.4797e-10 4.97118e+27 0.000767354 6.90337 22492.2 2.01081e+14 13 4 1 0.992169 
-1.43335e+16 -238.985 -7.7188e-10 4.97118e+27 0.000812773 7.48233 23015.5 1.89844e+14 14 4 1 0.993322 
-1.42411e+16 -177.403 -7.39242e-10 4.97118e+27 0.000857123 8.06063 23510 1.80021e+14 15 4 1 0.994942 
-1.41533e+16 -125.049 -6.18947e-10 4.97118e+27 0.000897727 8.59866 23947.4 1.71879e+14 16 4 1 0.994972 
-1.40692e+16 -77.7693 -7.53017e-10 4.97118e+27 0.000938069 9.14197 24370.6 1.64487e+14 17 4 1 0.9932 
-1.39887e+16 -14.3073 -1.10978e-09 4.97118e+27 0.000986802 9.81997 24874.8 1.56364e+14 18 4 1 0.996429 
-1.39127e+16 45.2217 -5.91709e-10 4.97118e+27 0.0010299 10.4307 25306.6 1.49821e+14 19 4 1 1.00012 
-1.38389e+16 57.4087 5.09825e-11 4.97118e+27 0.00104471 10.6369 25447.2 1.47696e+14 20 3 1 1 
-1.3765e+16 48.9923 1.75241e-10 4.97118e+27 0.00103882 10.5497 25387 1.48533e+14 21 4 1 0.999966 
-1.36903e+16 36.3829 2.11317e-10 4.97118e+27 0.00102838 10.4001 25282.9 1.50042e+14 22 4 1 0.999714 
-1.36149e+16 23.8592 1.92762e-10 4.97118e+27 0.00101836 10.2577 25182.9 1.51519e+14 23 4 1 0.999708 
-1.35388e+16 13.8415 1.4379e-10 4.97118e+27 0.00101056 10.1476 25105.1 1.52687e+14 24 4 1 0.99981 
-1.34622e+16 7.14199 9.03867e-11 4.97118e+27 0.00100543 10.0756 25053.9 1.53466e+14 25 4 1 0.999913 
-1.33853e+16 3.30334 4.9107e-11 4.97118e+27 0.00100251 10.0348 25024.8 1.53913e+14 26 4 1 0.99997 
-1.33083e+16 1.37775 2.35335e-11 4.97118e+27 0.00100105 10.0145 25010.3 1.54138e+14 27 4 1 0.999992 
-1.32312e+16 0.518996 1.00627e-11 4.97118e+27 0.0010004 10.0055 25003.9 1.54239e+14 28 4 1 0.999998 
-1.31541e+16 0.176008 3.85192e-12 4.97118e+27 0.00100014 10.0019 25001.3 1.54279e+14 29 4 1 1 
-1.30769e+16 0.0533135 1.31558e-12 4.97118e+27 0.00100004 10.0006 25000.4 1.54294e+14 30 4 1 1 
-1.29998e+16 0.0142314 3.97307e-13 4.97118e+27 0.00100001 10.0002 25000.1 1.54298e+14 31 4 1 1 
-1.29226e+16 0.00327433 1.04413e-13 4.97118e+27 0.001 10 25000 1.543e+14 32 4 1 1 
-1.28455e+16 0.00062397 2.32134e-14 4.97118e+27 0.001 10 25000 1.543e+14 33 4 1 1 
-1.27683e+16 9.04655e-05 4.12809e-15 4.97118e+27 0.001 10 25000 1.543e+14 34 4 1 1 
-1.26912e+16 7.68376e-06 5.06629e-16 4.97118e+27 0.001 10 25000 1.543e+14 35 4 1 1 
-1.2614e+16 -1.778e-07 1.39103e-17 4.97118e+27 0.001 10 25000 1.543e+14 36 4 1 1 
-1.25369e+16 2.25194e-08 -4.7249e-18 4.97118e+27 0.001 10 25000 1.543e+14 37 5 1 1 
-1.24597e+16 4.76068e-08 6.08085e-19 4.97118e+27 0.001 10 25000 1.543e+14 38 3 1 1 
-1.23826e+16 1.54641e-08 4.47184e-19 4.97118e+27 0.001 10 25000 1.543e+14 39 4 1 1 
-1.23054e+16 2.9779e-09 1.22742e-19 4.97118e+27 0.001 10 25000 1.543e+14 40 4 1 1 
-1.22283e+16 3.16648e-10 2.0061e-20 4.97118e+27 0.001 10 25000 1.543e+14 41 4 1 1 
-1.21511e+16 -3.97928e-12 6.06011e-22 4.97118e+27 0.001 10 25000 1.543e+14 42 4 1 1 
-1.2074e+16 -9.11121e-13 -7.7363e-23 4.97118e+27 0.001 10 25000 1.543e+14 43 5 1 1 
-1.19968e+16 -3.37671e-14 -3.68395e-24 4.97118e+27 0.001 10 25000 1.543e+14 44 5 1 1 
-1.19197e+16 -6.65939e-45 -7.26532e-55 4.97118e+27 0.001 10 25000 1.543e+14 45 5 1 1 
-1.18425e+16 0 0 4.97118e+27 0.001 10 25000 1.543e+14 46 5 1 1 
-1.17654e+16 0 0 4.97118e+27 0.001 10 25000 1.543e+14 47 5 1 1 
-1.16882e+16 0 0 4.97118e+27 0.001 10 25000 1.543e+14 48 5 1 1 
-1.16111e+16 0 0 4.97118e+27 0.001 10 25000 1.543e+14 49 5 1 1 
-1.15339e+16 0 0 4.97118e+27 0.001 10 25000 1.543e+14 50 5 1 1 
-1.14568e+16 0 0 4.97118e+27 0.001 10 25000 1.543e+14 51 5 1 1 
-1.13796e+16 0 0 4.97118e+27 0.001 10 25000 1.543e+14 52 5 1 1 
-1.13025e+16 0 0 4.97118e+27 0.001 10 25000 1.543e+14 53 5 1 1 
-1.12253e+16 0 0 4.97118e+27 0.001 10 25000 1.543e+14 54 5 1 1 
-1.11482e+16 0 0 4.97118e+27 0.001 10 25000 1.543e+14 55 5 1 1 
-1.1071e+16 0 0 4.97118e+27 0.001 10 25000 1.543e+14 56 5 1 1 
-1.09939e+16 0 0 4.97118e+27 0.001 10 25000 1.543e+14 57 5 1 1 
-1.09167e+16 0 0 4.97118e+27 0.001 10 25000 1.543e+14 58 5 1 1 
-1.08396e+16 0 0 4.97118e+27 0.001 10 25000 1.543e+14 59 5 1 1 
-1.07624e+16 0 0 4.97118e+27 0.001 10 25000 1.543e+14 60 5 1 1 
-1.06853e+16 0 0 4.97118e+27 0.001 10 25000 1.543e+14 61 5 1 1 
-1.06081e+16 0 0 4.97118e+27 0.001 10 25000 1.543e+14 62 5 1 1 
-1.0531e+16 0 0 4.97118e+27 0.001 10 25000 1.543e+14 63 5 1 1 
-1.04538e+16 0 0 4.97118e+27 0.001 10 25000 1.543e+14 64 5 1 1 
-1.03767e+16 0 0 4.97118e+27 0.001 10 25000 1.543e+14 65 5 1 1 
-1.02995e+16 0 0 4.97118e+27 0.001 10 25000 1.543e+14 66 5 1 1 
-1.02224e+16 0 0 4.97118e+27 0.001 10 25000 1.543e+14 67 5 1 1 
-1.01452e+16 0 0 4.97118e+27 0.001 10 25000 1.543e+14 68 5 1 1 
-1.00681e+16 0 0 4.97118e+27 0.001 10 25000 1.543e+14 69 5 1 1 
-9.99092e+15 0 0 4.97118e+27 0.001 10 25000 1.543e+14 70 5 1 1 
-9.91377e+15 0 0 4.97118e+27 0.001 10 25000 1.543e+14 71 5 1 1 
-9.83662e+15 0 0 4.97118e+27 0.001 10 25000 1.543e+14 72 5 1 1 
-9.75947e+15 0 0 4.97118e+27 0.001 10 25000 1.543e+14 73 5 1 1 
-9.68232e+15 0 0 4.97118e+27 0.001 10 25000 1.543e+14 74 5 1 1 
-9.60517e+15 0 0 4.97118e+27 0.001 10 25000 1.543e+14 75 5 1 1 
-9.52802e+15 0 0 4.97118e+27 0.001 10 25000 1.543e+14 76 5 1 1 
-9.45087e+15 0 0 4.97118e+27 0.001 10 25000 1.543e+14 77 5 1 1 
-9.37372e+15 0 0 4.97118e+27 0.001 10 25000 1.543e+14 78 5 1 1 
-9.29657e+15 0 0 4.97118e+27 0.001 10 25000 1.543e+14 79 5 1 1 
-9.21942e+15 0 0 4.97118e+27 0.001 10 25000 1.543e+14 80 5 1 1 
-9.14227e+15 0 0 4.97118e+27 0.001 10 25000 1.543e+14 81 5 1 1 
-9.06512e+15 0 0 4.97118e+27 0.001 10 25000 1.543e+14 82 5 1 1 
-8.98797e+15 0 0 4.97118e+27 0.001 10 25000 1.543e+14 83 5 1 1 
-8.91082e+15 0 0 4.97118e+27 0.001 10 25000 1.543e+14 84 5 1 1 
-8.83367e+15 0 0 4.97118e+27 0.001 10 25000 1.543e+14 85 5 1 1 
-8.75652e+15 0 0 4.97118e+27 0.001 10 25000 1.543e+14 86 5 1 1 
-8.67937e+15 0 0 4.97118e+27 0.001 10 25000 1.543e+14 87 5 1 1 
-8.60222e+15 0 0 4.97118e+27 0.001 10 25000 1.543e+14 88 5 1 1 
-8.52507e+15 0 0 4.97118e+27 0.001 10 25000 1.543e+14 89 5 1 1 
-8.44792e+15 0 0 4.97118e+27 0.001 10 25000 1.543e+14 90 5 1 1 
-8.37077e+15 0 0 4.97118e+27 0.001 10 25000 1.543e+14 91 5 1 1 
-8.29362e+15 0 0 4.97118e+27 0.001 10 25000 1.543e+14 92 5 1 1 
-8.21647e+15 0 0 4.97118e+27 0.001 10 25000 1.543e+14 93 5 1 1 
-8.13932e+15 0 0 4.97118e+27 0.001 10 25000 1.543e+14 94 5 1 1 
-8.06217e+15 0 0 4.97118e+27 0.001 10 25000 1.543e+14 95 5 1 1 
-7.98502e+15 0 0 4.97118e+27 0.001 10 25000 1.543e+14 96 5 1 1 
-7.90787e+15 0 0 4.97118e+27 0.001 10 25000 1.543e+14 97 5 1 1 
-7.83072e+15 0 0 4.97118e+27 0.001 10 25000 1.543e+14 98 5 1 1 
-7.75357e+15 0 0 4.97118e+27 0.001 10 25000 1.543e+14 99 5 1 1 
-7.67642e+15 0 0 4.97118e+27 0.001 10 25000 1.543e+14 100 5 1 1 
-7.59927e+15 0 0 4.97118e+27 0.001 10 25000 1.543e+14 101 5 1 1 
-7.52212e+15 0 0 4.97118e+27 0.001 10 25000 1.543e+14 102 5 1 1 
-7.44497e+15 0 0 4.97118e+27 0.001 10 25000 1.543e+14 103 5 1 1 
-7.36782e+15 0 0 4.97118e+27 0.001 10 25000 1.543e+14 104 5 1 1 
-7.29067e+15 0 0 4.97118e+27 0.001 10 25000 1.543e+14 105 5 1 1 
-7.21352e+15 0 0 4.97118e+27 0.001 10 25000 1.543e+14 106 5 1 1 
-7.13637e+15 0 0 4.97118e+27 0.001 10 25000 1.543e+14 107 5 1 1 
-7.05922e+15 0 0 4.97118e+27 0.001 10 25000 1.543e+14 108 5 1 1 
-6.98207e+15 0 0 4.97118e+27 0.001 10 25000 1.543e+14 109 5 1 1 
-6.90492e+15 0 0 4.97118e+27 0.001 10 25000 1.543e+14 110 5 1 1 
-6.82777e+15 0 0 4.97118e+27 0.001 10 25000 1.543e+14 111 5 1 1 
-6.75062e+15 0 0 4.97118e+27 0.001 10 25000 1.543e+14 112 5 1 1 
-6.67347e+15 0 0 4.97118e+27 0.001 10 25000 1.543e+14 113 5 1 1 
-6.59632e+15 0 0 4.97118e+27 0.001 10 25000 1.543e+14 114 5 1 1 
-6.51917e+15 0 0 4.97118e+27 0.001 10 25000 1.543e+14 115 5 1 1 
-6.44202e+15 0 0 4.97118e+27 0.001 10 25000 1.543e+14 116 5 1 1 
-6.36487e+15 0 0 4.97118e+27 0.001 10 25000 1.543e+14 117 5 1 1 
-6.28772e+15 0 0 4.97118e+27 0.001 10 25000 1.543e+14 118 5 1 1 
-6.21057e+15 0 0 4.97118e+27 0.001 10 25000 1.543e+14 119 5 1 1 
-6.13342e+15 0 0 4.97118e+27 0.001 10 25000 1.543e+14 120 5 1 1 
-6.05627e+15 0 0 4.97118e+27 0.001 10 25000 1.543e+14 121 5 1 1 
-5.97912e+15 0 0 4.97118e+27 0.001 10 25000 1.543e+14 122 5 1 1 
-5.90197e+15 0 0 4.97118e+27 0.001 10 25000 1.543e+14 123 5 1 1 
-5.82482e+15 0 0 4.97118e+27 0.001 10 25000 1.543e+14 124 5 1 1 
-5.74767e+15 0 0 4.97118e+27 0.001 10 25000 1.543e+14 125 5 1 1 
-5.67052e+15 0 0 4.97118e+27 0.001 10 25000 1.543e+14 126 5 1 1 
-5.59337e+15 0 0 4.97118e+27 0.001 10 25000 1.543e+14 127 5 1 1 
-5.51622e+15 0 0 4.97118e+27 0.001 10 25000 1.543e+14 128 5 1 1 
-5.43907e+15 0 0 4.97118e+27 0.001 10 25000 1.543e+14 129 5 1 1 
-5.36192e+15 0 0 4.97118e+27 0.001 10 25000 1.543e+14 130 5 1 1 
-5.28477e+15 0 0 4.97118e+27 0.001 10 25000 1.543e+14 131 5 1 1 
-5.20762e+15 0 0 4.97118e+27 0.001 10 25000 1.543e+14 132 5 1 1 
-5.13047e+15 0 0 4.97118e+27 0.001 10 25000 1.543e+14 133 5 1 1 
-5.05332e+15 0 0 4.97118e+27 0.001 10 25000 1.543e+14 134 5 1 1 
-4.97617e+15 0 0 4.97118e+27 0.001 10 25000 1.543e+14 135 5 1 1 
-4.89902e+15 0 0 4.97118e+27 0.001 10 25000 1.543e+14 136 5 1 1 
-4.82187e+15 0 0 4.97118e+27 0.001 10 25000 1.543e+14 137 5 1 1 
-4.74472e+15 0 0 4.97118e+27 0.001 10 25000 1.543e+14 138 5 1 1 
-4.66757e+15 0 0 4.97118e+27 0.001 10 25000 1.543e+14 139 5 1 1 
-4.59042e+15 0 0 4.97118e+27 0.001 10 25000 1.543e+14 140 5 1 1 
-4.51327e+15 0 0 4.97118e+27 0.001 10 25000 1.543e+14 141 5 1 1 
-4.43612e+15 0 0 4.97118e+27 0.001 10 25000 1.543e+14 142 5 1 1 
-4.35897e+15 0 0 4.97118e+27 0.001 10 25000 1.543e+14 143 5 1 1 
-4.28182e+15 0 0 4.97118e+27 0.001 10 25000 1.543e+14 144 5 1 1 
-4.20467e+15 0 0 4.97118e+27 0.001 10 25000 1.543e+14 145 5 1 1 
-4.12752e+15 0 0 4.97118e+27 0.001 10 25000 1.543e+14 146 5 1 1 
-4.05037e+15 0 0 4.97118e+27 0.001 10 25000 1.543e+14 147 5 1 1 
-3.97322e+15 0 0 4.97118e+27 0.001 10 25000 1.543e+14 148 5 1 1 
-3.89607e+15 0 0 4.97118e+27 0.001 10 25000 1.543e+14 149 5 1 1 
-3.81892e+15 0 0 4.97118e+27 0.001 10 25000 1.543e+14 150 5 1 1 
-3.74177e+15 0 0 4.97118e+27 0.001 10 25000 1.543e+14 151 5 1 1 
-3.66462e+15 0 0 4.97118e+27 0.001 10 25000 1.543e+14 152 5 1 1 
-3.58747e+15 0 0 4.97118e+27 0.001 10 25000 1.543e+14 153 5 1 1 
-3.51032e+15 0 0 4.97118e+27 0.001 10 25000 1.543e+14 154 5 1 1 
-3.43317e+15 0 0 4.97118e+27 0.001 10 25000 1.543e+14 155 5 1 1 
-3.35602e+15 0 0 4.97118e+27 0.001 10 25000 1.543e+14 156 5 1 1 
-3.27887e+15 0 0 4.97118e+27 0.001 10 25000 1.543e+14 157 5 1 1 
-3.20172e+15 0 0 4.97118e+27 0.001 10 25000 1.543e+14 158 5 1 1 
-3.12457e+15 0 0 4.97118e+27 0.001 10 25000 1.543e+14 159 5 1 1 
-3.04742e+15 0 0 4.97118e+27 0.001 10 25000 1.543e+14 160 5 1 1 
-2.97027e+15 0 0 4.97118e+27 0.001 10 25000 1.543e+14 161 5 1 1 
-2.89312e+15 0 0 4.97118e+27 0.001 10 25000 1.543e+14 162 5 1 1 
-2.81597e+15 0 0 4.97118e+27 0.001 10 25000 1.543e+14 163 5 1 1 
-2.73882e+15 0 0 4.97118e+27 0.001 10 25000 1.543e+14 164 5 1 1 
-2.66167e+15 0 0 4.97118e+27 0.001 10 25000 1.543e+14 165 5 1 1 
-2.58452e+15 0 0 4.97118e+27 0.001 10 25000 1.543e+14 166 5 1 1 
-2.50737e+15 0 0 4.97118e+27 0.001 10 25000 1.543e+14 167 5 1 1 
-2.43022e+15 0 0 4.97118e+27 0.001 10 25000 1.543e+14 168 5 1 1 
-2.35307e+15 0 0 4.97118e+27 0.001 10 25000 1.543e+14 169 5 1 1 
-2.27592e+15 0 0 4.97118e+27 0.001 10 25000 1.543e+14 170 5 1 1 
-2.19877e+15 0 0 4.97118e+27 0.001 10 25000 1.543e+14 171 5 1 1 
-2.12162e+15 0 0 4.97118e+27 0.001 10 25000 1.543e+14 172 5 1 1 
-2.04447e+15 0 0 4.97118e+27 0.001 10 25000 1.543e+14 173 5 1 1 
-1.96732e+15 0 0 4.97118e+27 0.001 10 25000 1.543e+14 174 5 1 1 
-1.89017e+15 0 0 4.97118e+27 0.001 10 25000 1.543e+14 175 5 1 1 
-1.81302e+15 0 0 4.97118e+27 0.001 10 25000 1.543e+14 176 5 1 1 
-1.73587e+15 0 0 4.97118e+27 0.001 10 25000 1.543e+14 177 5 1 1 
-1.65872e+15 -6.64166e-45 0 4.97118e+27 0.001 10 25000 1.543e+14 178 5 1 1 
-1.58157e+15 -3.36772e-14 -3.63266e-55 4.97118e+27 0.001 10 25000 1.543e+14 179 5 1 1 
-1.50442e+15 -1.84961e-13 -1.84198e-24 4.97118e+27 0.001 10 25000 1.543e+14 180 5 1 1 
-1.42727e+15 -3.68887e-13 0 4.97118e+27 0.001 10 25000 1.543e+14 181 5 1 1 
-1.35012e+15 -6.01532e-13 -7.26532e-55 4.97118e+27 0.001 10 25000 1.543e+14 182 5 1 1 
-1.27297e+15 -9.32204e-13 -7.26532e-55 4.97118e+27 0.001 10 25000 1.543e+14 183 5 1 1 
-1.19582e+15 -1.45977e-12 1.27813e-39 4.97118e+27 0.001 10 25000 1.543e+14 184 5 1 1 
-1.11867e+15 -1.84242e-12 -1.84198e-24 4.97118e+27 0.001 10 25000 1.543e+14 185 5 1 1 
-1.04152e+15 -3.29436e-12 -1.0225e-38 4.97118e+27 0.001 10 25000 1.543e+14 186 4 1 1 
-9.64375e+14 -1.89514e-13 -1.84198e-24 4.97118e+27 0.001 10 25000 1.543e+14 187 3 1 1 
-8.87225e+14 -9.01711e-13 -1.84198e-24 4.97118e+27 0.001 10 25000 1.543e+14 188 3 1 1 
-8.10075e+14 -3.3983e-13 -3.68395e-24 4.97118e+27 0.001 10 25000 1.543e+14 189 3 1 1 
-7.32925e+14 -6.04304e-13 -7.9883e-39 4.97118e+27 0.001 10 25000 1.543e+14 190 3 1 1 
-6.55775e+14 2.33909e-12 1.15032e-38 4.97118e+27 0.001 10 25000 1.543e+14 191 4 1 1 
-5.78625e+14 -5.84216e-13 2.94716e-23 4.97118e+27 0.001 10 25000 1.543e+14 192 5 1 1 
-5.01475e+14 2.41827e-12 -6.26272e-23 4.97118e+27 0.001 10 25000 1.543e+14 193 4 1 1 
-4.24325e+14 1.15257e-12 4.42075e-23 4.97118e+27 0.001 10 25000 1.543e+14 194 3 1 1 
-3.47175e+14 1.02732e-12 -3.68395e-24 4.97118e+27 0.001 10 25000 1.543e+14 195 4 1 1 
-2.70025e+14 1.08736e-12 -1.81633e-54 4.97118e+27 0.001 10 25000 1.543e+14 196 4 1 1 
-1.92875e+14 6.5528e-13 3.68395e-24 4.97118e+27 0.001 10 25000 1.543e+14 197 4 1 1 
-1.15725e+14 -1.69546e-13 3.68395e-24 4.97118e+27 0.001 10 25000 1.543e+14 198 5 1 1 
-3.8575e+13 -1.68835e-13 -7.36791e-24 4.97118e+27 0.001 10 25000 1.543e+14 199 4 1 1 
3.8575e+13 -3.67113e-13 -1.47358e-23 4.97118e+27 0.001 10 25000 1.543e+14 200 4 1 1 
1.15725e+14 -7.46752e-13 1.28938e-23 4.97118e+27 0.001 10 25000 1.543e+14 201 4 1 1 
1.92875e+14 -6.64326e-13 -2.02618e-23 4.97118e+27 0.001 10 25000 1.543e+14 202 3 1 1 
2.70025e+14 -1.21008e-12 2.94716e-23 4.97118e+27 0.001 10 25000 1.543e+14 203 3 1 1 
3.47175e+14 1.89026e-13 -7.36791e-24 4.97118e+27 0.001 10 25000 1.543e+14 204 5 1 1 
4.24325e+14 -5.48342e-13 -3.68395e-23 4.97118e+27 0.001 10 25000 1.543e+14 205 3 1 1 
5.01475e+14 -2.61943e-12 5.52593e-23 4.97118e+27 0.001 10 25000 1.543e+14 206 4 1 1 
5.78625e+14 2.98944e-13 -2.02618e-23 4.97118e+27 0.001 10 25000 1.543e+14 207 5 1 1 
6.55775e+14 -1.98441e-12 -5.52593e-24 4.97118e+27 0.001 10 25000 1.543e+14 208 4 1 1 
7.32925e+14 7.41033e-13 3.68395e-24 4.97118e+27 0.001 10 25000 1.543e+14 209 3 1 1 
8.10075e+14 5.46425e-13 2.90613e-54 4.97118e+27 0.001 10 25000 1.543e+14 210 3 1 1 
8.87225e+14 3.78623e-14 3.68395e-24 4.97118e+27 0.001 10 25000 1.543e+14 211 3 1 1 
9.64375e+14 3.61439e-12 1.84198e-24 4.97118e+27 0.001 10 25000 1.543e+14 212 4 1 1 
1.04153e+15 1.90884e-12 -1.84198e-24 4.97118e+27 0.001 10 25000 1.543e+14 213 5 1 1 
1.11868e+15 1.54446e-12 1.84198e-24 4.97118e+27 0.001 10 25000 1.543e+14 214 5 1 1 
1.19583e+15 9.99877e-13 1.0898e-54 4.97118e+27 0.001 10 25000 1.543e+14 215 5 1 1 
1.27298e+15 6.17856e-13 1.84198e-24 4.97118e+27 0.001 10 25000 1.543e+14 216 5 1 1 
1.35013e+15 3.85104e-13 -1.84198e-24 4.97118e+27 0.001 10 25000 1.543e+14 217 5 1 1 
1.42728e+15 2.18741e-13 1.84198e-24 4.97118e+27 0.001 10 25000 1.543e+14 218 5 1 1 
1.50443e+15 3.37862e-14 3.63266e-55 4.97118e+27 0.001 10 25000 1.543e+14 219 5 1 1 
1.58158e+15 1.66345e-44 3.63266e-55 4.97118e+27 0.001 10 25000 1.543e+14 220 5 1 1 
1.65873e+15 0 0 4.97118e+27 0.001 10 25000 1.543e+14 221 5 1 1 
1.73588e+15 0 0 4.97118e+27 0.001 10 25000 1.543e+14 222 5 1 1 
1.81303e+15 0 0 4.97118e+27 0.001 10 25000 1.543e+14 223 5 1 1 
1.89018e+15 0 0 4.97118e+27 0.001 10 25000 1.543e+14 224 5 1 1 
1.96733e+15 0 0 4.97118e+27 0.001 10 25000 1.543e+14 225 5 1 1 
2.04448e+15 0 0 4.97118e+27 0.001 10 25000 1.543e+14 226 5 1 1 
2.12163e+15 0 0 4.97118e+27 0.001 10 25000 1.543e+14 227 5 1 1 
2.19878e+15 0 0 4.97118e+27 0.001 10 25000 1.543e+14 228 5 1 1 
2.27593e+15 0 0 4.97118e+27 0.001 10 25000 1.543e+14 229 5 1 1 
2.35308e+15 0 0 4.97118e+27 0.001 10 25000 1.543e+14 230 5 1 1 
2.43023e+15 0 0 4.97118e+27 0.001 10 25000 1.543e+14 231 5 1 1 
2.50738e+15 0 0 4.97118e+27 0.001 10 25000 1.543e+14 232 5 1 1 
2.58453e+15 0 0 4.97118e+27 0.001 10 25000 1.543e+14 233 5 1 1 
2.66168e+15 0 0 4.97118e+27 0.001 10 25000 1.543e+14 234 5 1 1 
2.73883e+15 0 0 4.97118e+27 0.001 10 25000 1.543e+14 235 5 1 1 
2.81598e+15 0 0 4.97118e+27 0.001 10 25000 1.543e+14 236 5 1 1 
2.89313e+15 -2.32705e-44 -3.63266e-55 4.97118e+27 0.001 10 25000 1.543e+14 237 5 1 1 
2.97028e+15 -5.061e-14 -1.84198e-24 4.97118e+27 0.001 10 25000 1.543e+14 238 5 1 1 
3.04743e+15 -2.18854e-13 1.84198e-24 4.97118e+27 0.001 10 25000 1.543e+14 239 5 1 1 
3.12458e+15 -4.5375e-13 -1.84198e-24 4.97118e+27 0.001 10 25000 1.543e+14 240 5 1 1 
3.20173e+15 -7.03642e-13 -3.63266e-55 4.97118e+27 0.001 10 25000 1.543e+14 241 5 1 1 
3.27888e+15 -1.15257e-12 1.84198e-24 4.97118e+27 0.001 10 25000 1.543e+14 242 5 1 1 
3.35603e+15 -1.37753e-12 1.84198e-24 4.97118e+27 0.001 10 25000 1.543e+14 243 5 1 1 
3.43318e+15 1.09993e-12 1.65778e-23 4.97118e+27 0.001 10 25000 1.543e+14 244 5 1 1 
3.51033e+15 -7.70472e-13 1.84198e-23 4.97118e+27 0.001 10 25000 1.543e+14 245 5 1 1 
3.58748e+15 7.67468e-13 -2.21037e-23 4.97118e+27 0.001 10 25000 1.543e+14 246 5 1 1 
3.66463e+15 -2.45193e-12 -2.57877e-23 4.97118e+27 0.001 10 25000 1.543e+14 247 5 1 1 
3.74178e+15 1.10917e-12 2.21037e-23 4.97118e+27 0.001 10 25000 1.543e+14 248 5 1 1 
3.81893e+15 -3.56041e-12 2.57877e-23 4.97118e+27 0.001 10 25000 1.543e+14 249 4 1 1 
3.89608e+15 3.56041e-12 -2.57877e-23 4.97118e+27 0.001 10 25000 1.543e+14 250 4 1 1 
3.97323e+15 -1.10917e-12 -2.21037e-23 4.97118e+27 0.001 10 25000 1.543e+14 251 5 1 1 
4.05038e+15 2.45193e-12 2.57877e-23 4.97118e+27 0.001 10 25000 1.543e+14 252 5 1 1 
4.12753e+15 -7.67468e-13 2.21037e-23 4.97118e+27 0.001 10 25000 1.543e+14 253 5 1 1 
4.20468e+15 7.70472e-13 -1.84198e-23 4.97118e+27 0.001 10 25000 1.543e+14 254 5 1 1 
4.28183e+15 -1.09993e-12 -1.65778e-23 4.97118e+27 0.001 10 25000 1.543e+14 255 5 1 1 
4.35898e+15 1.37753e-12 -1.84198e-24 4.97118e+27 0.001 10 25000 1.543e+14 256 5 1 1 
4.43613e+15 1.15257e-12 -1.84198e-24 4.97118e+27 0.001 10 25000 1.543e+14 257 5 1 1 
4.51328e+15 7.03642e-13 3.63266e-55 4.97118e+27 0.001 10 25000 1.543e+14 258 5 1 1 
4.59043e+15 4.5375e-13 1.84198e-24 4.97118e+27 0.001 10 25000 1.543e+14 259 5 1 1 
4.66758e+15 2.18854e-13 -1.84198e-24 4.97118e+27 0.001 10 25000 1.543e+14 260 5 1 1 
4.74473e+15 5.061e-14 1.84198e-24 4.97118e+27 0.001 10 25000 1.543e+14 261 5 1 1 
4.82188e+15 2.32705e-44 3.63266e-55 4.97118e+27 0.001 10 25000 1.543e+14 262 5 1 1 
4.89903e+15 0 0 4.97118e+27 0.001 10 25000 1.543e+14 263 5 1 1 
4.97618e+15 0 0 4.97118e+27 0.001 10 25000 1.543e+14 264 5 1 1 
5.05333e+15 0 0 4.97118e+27 0.001 10 25000 1.543e+14 265 5 1 1 
5.13048e+15 0 0 4.97118e+27 0.001 10 25000 1.543e+14 266 5 1 1 
5.20763e+15 0 0 4.97118e+27 0.001 10 25000 1.543e+14 267 5 1 1 
5.28478e+15 0 0 4.97118e+27 0.001 10 25000 1.543e+14 268 5 1 1 
5.36193e+15 0 0 4.97118e+27 0.001 10 25000 1.543e+14 269 5 1 1 
5.43908e+15 0 0 4.97118e+27 0.001 10 25000 1.543e+14 270 5 1 1 
5.51623e+15 0 0 4.97118e+27 0.001 10 25000 1.543e+14 271 5 1 1 
5.59338e+15 0 0 4.97118e+27 0.001 10 25000 1.543e+14 272 5 1 1 
5.67053e+15 0 0 4.97118e+27 0.001 10 25000 1.543e+14 273 5 1 1 
5.74768e+15 0 0 4.97118e+27 0.001 10 25000 1.543e+14 274 5 1 1 
5.82483e+15 0 0 4.97118e+27 0.001 10 25000 1.543e+14 275 5 1 1 
5.90198e+15 0 0 4.97118e+27 0.001 10 25000 1.543e+14 276 5 1 1 
5.97913e+15 0 0 4.97118e+27 0.001 10 25000 1.543e+14 277 5 1 1 
6.05628e+15 0 0 4.97118e+27 0.001 10 25000 1.543e+14 278 5 1 1 
6.13343e+15 0 0 4.97118e+27 0.001 10 25000 1.543e+14 279 5 1 1 
6.21058e+15 0 0 4.97118e+27 0.001 10 25000 1.543e+14 280 5 1 1 
6.28773e+15 0 0 4.97118e+27 0.001 10 25000 1.543e+14 281 5 1 1 
6.36488e+15 0 0 4.97118e+27 0.001 10 25000 1.543e+14 282 5 1 1 
6.44203e+15 0 0 4.97118e+27 0.001 10 25000 1.543e+14 283 5 1 1 
6.51918e+15 -3.3297e-45 -3.63266e-55 4.97118e+27 0.001 10 25000 1.543e+14 284 5 1 1 
6.59633e+15 -1.68836e-14 -1.84198e-24 4.97118e+27 0.001 10 25000 1.543e+14 285 5 1 1 
6.67348e+15 -2.02354e-13 -1.45306e-54 4.97118e+27 0.001 10 25000 1.543e+14 286 5 1 1 
6.75063e+15 -5.72798e-13 -3.68395e-24 4.97118e+27 0.001 10 25000 1.543e+14 287 5 1 1 
6.82778e+15 -1.16137e-12 -1.84198e-24 4.97118e+27 0.001 10 25000 1.543e+14 288 5 1 1 
6.90493e+15 -2.06779e-12 -5.52593e-24 4.97118e+27 0.001 10 25000 1.543e+14 289 5 1 1 
6.98208e+15 -3.42461e-12 -3.68395e-24 4.97118e+27 0.001 10 25000 1.543e+14 290 5 1 1 
7.05923e+15 -5.4129e-12 -1.84198e-24 4.97118e+27 0.001 10 25000 1.543e+14 291 5 1 1 
7.13638e+15 -6.2825e-12 3.68395e-24 4.97118e+27 0.001 10 25000 1.543e+14 292 5 1 1 
7.21353e+15 -7.03e-12 3.68395e-24 4.97118e+27 0.001 10 25000 1.543e+14 293 5 1 1 
7.29068e+15 3.61206e-12 3.68395e-23 4.97118e+27 0.001 10 25000 1.543e+14 294 5 1 1 
7.36783e+15 2.97462e-13 3.31556e-23 4.97118e+27 0.001 10 25000 1.543e+14 295 5 1 1 
7.44498e+15 3.38211e-12 -4.42075e-23 4.97118e+27 0.001 10 25000 1.543e+14 296 5 1 1 
7.52213e+15 -2.39462e-12 -4.42075e-23 4.97118e+27 0.001 10 25000 1.543e+14 297 5 1 1 
7.59928e+15 1.09523e-12 2.02618e-23 4.97118e+27 0.001 10 25000 1.543e+14 298 5 1 1 
7.67643e+15 -7.82415e-12 3.13136e-23 4.97118e+27 0.001 10 25000 1.543e+14 299 3 1 1 
7.75358e+15 7.82415e-12 -3.13136e-23 4.97118e+27 0.001 10 25000 1.543e+14 300 3 1 1 
7.83073e+15 -1.09523e-12 -2.02618e-23 4.97118e+27 0.001 10 25000 1.543e+14 301 5 1 1 
7.90788e+15 2.39462e-12 4.42075e-23 4.97118e+27 0.001 10 25000 1.543e+14 302 5 1 1 
7.98503e+15 -3.38211e-12 4.42075e-23 4.97118e+27 0.001 10 25000 1.543e+14 303 5 1 1 
8.06218e+15 -2.97462e-13 -3.31556e-23 4.97118e+27 0.001 10 25000 1.543e+14 304 5 1 1 
8.13933e+15 -3.61206e-12 -3.68395e-23 4.97118e+27 0.001 10 25000 1.543e+14 305 5 1 1 
8.21648e+15 7.03e-12 -3.68395e-24 4.97118e+27 0.001 10 25000 1.543e+14 306 5 1 1 
8.29363e+15 6.2825e-12 -3.68395e-24 4.97118e+27 0.001 10 25000 1.543e+14 307 5 1 1 
8.37078e+15 5.4129e-12 1.84198e-24 4.97118e+27 0.001 10 25000 1.543e+14 308 5 1 1 
8.44793e+15 3.42461e-12 3.68395e-24 4.97118e+27 0.001 10 25000 1.543e+14 309 5 1 1 
8.52508e+15 2.06779e-12 5.52593e-24 4.97118e+27 0.001 10 25000 1.543e+14 310 5 1 1 
8.60223e+15 1.16137e-12 1.84198e-24 4.97118e+27 0.001 10 25000 1.543e+14 311 5 1 1 
8.67938e+15 5.72798e-13 3.68395e-24 4.97118e+27 0.001 10 25000 1.543e+14 312 5 1 1 
8.75653e+15 2.02354e-13 1.45306e-54 4.97118e+27 0.001 10 25000 1.543e+14 313 5 1 1 
8.83368e+15 1.68836e-14 1.84198e-24 4.97118e+27 0.001 10 25000 1.543e+14 314 5 1 1 
8.91083e+15 3.3297e-45 3.63266e-55 4.97118e+27 0.001 10 25000 1.543e+14 315 5 1 1 
8.98798e+15 0 0 4.97118e+27 0.001 10 25000 1.543e+14 316 5 1 1 
9.06513e+15 0 0 4.97118e+27 0.001 10 25000 1.543e+14 317 5 1 1 
9.14228e+15 0 0 4.97118e+27 0.001 10 25000 1.543e+14 318 5 1 1 
9.21943e+15 0 0 4.97118e+27 0.001 10 25000 1.543e+14 319 5 1 1 
9.29658e+15 0 0 4.97118e+27 0.001 10 25000 1.543e+14 320 5 1 1 
9.37373e+15 0 0 4.97118e+27 0.001 10 25000 1.543e+14 321 5 1 1 
9.45088e+15 0 0 4.97118e+27 0.001 10 25000 1.543e+14 322 5 1 1 
9.52803e+15 0 0 4.97118e+27 0.001 10 25000 1.543e+14 323 5 1 1 
9.60518e+15 0 0 4.97118e+27 0.001 10 25000 1.543e+14 324 5 1 1 
9.68233e+15 0 0 4.97118e+27 0.001 10 25000 1.543e+14 325 5 1 1 
9.75948e+15 0 0 4.97118e+27 0.001 10 25000 1.543e+14 326 5 1 1 
9.83663e+15 0 0 4.97118e+27 0.001 10 25000 1.543e+14 327 5 1 1 
9.91378e+15 0 0 4.97118e+27 0.001 10 25000 1.543e+14 328 5 1 1 
9.99093e+15 0 0 4.97118e+27 0.001 10 25000 1.543e+14 329 5 1 1 
1.00681e+16 0 0 4.97118e+27 0.001 10 25000 1.543e+14 330 5 1 1 
1.01452e+16 0 0 4.97118e+27 0.001 10 25000 1.543e+14 331 5 1 1 
1.02224e+16 0 0 4.97118e+27 0.001 10 25000 1.543e+14 332 5 1 1 
1.02995e+16 0 0 4.97118e+27 0.001 10 25000 1.543e+14 333 5 1 1 
1.03767e+16 0 0 4.97118e+27 0.001 10 25000 1.543e+14 334 5 1 1 
1.04538e+16 0 0 4.97118e+27 0.001 10 25000 1.543e+14 335 5 1 1 
1.0531e+16 0 0 4.97118e+27 0.001 10 25000 1.543e+14 336 5 1 1 
1.06081e+16 0 0 4.97118e+27 0.001 10 25000 1.543e+14 337 5 1 1 
1.06853e+16 0 0 4.97118e+27 0.001 10 25000 1.543e+14 338 5 1 1 
1.07624e+16 0 0 4.97118e+27 0.001 10 25000 1.543e+14 339 5 1 1 
1.08396e+16 0 0 4.97118e+27 0.001 10 25000 1.543e+14 340 5 1 1 
1.09167e+16 0 0 4.97118e+27 0.001 10 25000 1.543e+14 341 5 1 1 
1.09939e+16 0 0 4.97118e+27 0.001 10 25000 1.543e+14 342 5 1 1 
1.1071e+16 0 0 4.97118e+27 0.001 10 25000 1.543e+14 343 5 1 1 
1.11482e+16 0 0 4.97118e+27 0.001 10 25000 1.543e+14 344 5 1 1 
1.12253e+16 0 0 4.97118e+27 0.001 10 25000 1.543e+14 345 5 1 1 
1.13025e+16 0 0 4.97118e+27 0.001 10 25000 1.543e+14 346 5 1 1 
1.13796e+16 0 0 4.97118e+27 0.001 10 25000 1.543e+14 347 5 1 1 
1.14568e+16 0 0 4.97118e+27 0.001 10 25000 1.543e+14 348 5 1 1 
1.15339e+16 0 0 4.97118e+27 0.001 10 25000 1.543e+14 349 5 1 1 
1.16111e+16 0 0 4.97118e+27 0.001 10 25000 1.543e+14 350 5 1 1 
1.16882e+16 0 0 4.97118e+27 0.001 10 25000 1.543e+14 351 5 1 1 
1.17654e+16 0 0 4.97118e+27 0.001 10 25000 1.543e+14 352 5 1 1 
1.18425e+16 0 0 4.97118e+27 0.001 10 25000 1.543e+14 353 5 1 1 
1.19197e+16 6.65939e-45 7.26532e-55 4.97118e+27 0.001 10 25000 1.543e+14 354 5 1 1 
1.19968e+16 3.37671e-14 3.68395e-24 4.97118e+27 0.001 10 25000 1.543e+14 355 5 1 1 
1.2074e+16 9.11121e-13 7.7363e-23 4.97118e+27 0.001 10 25000 1.543e+14 356 5 1 1 
1.21511e+16 3.97928e-12 -6.06011e-22 4.97118e+27 0.001 10 25000 1.543e+14 357 4 1 1 
1.22283e+16 -3.16648e-10 -2.0061e-20 4.97118e+27 0.001 10 25000 1.543e+14 358 4 1 1 
1.23054e+16 -2.9779e-09 -1.22742e-19 4.97118e+27 0.001 10 25000 1.543e+14 359 4 1 1 
1.23826e+16 -1.54641e-08 -4.47184e-19 4.97118e+27 0.001 10 25000 1.543e+14 360 4 1 1 
1.24597e+16 -4.76068e-08 -6.08085e-19 4.97118e+27 0.001 10 25000 1.543e+14 361 3 1 1 
1.25369e+16 -2.25194e-08 4.7249e-18 4.97118e+27 0.001 10 25000 1.543e+14 362 5 1 1 
1.2614e+16 1.778e-07 -1.39103e-17 4.97118e+27 0.001 10 25000 1.543e+14 363 4 1 1 
1.26912e+16 -7.68376e-06 -5.06629e-16 4.97118e+27 0.001 10 25000 1.543e+14 364 4 1 1 
1.27683e+16 -9.04655e-05 -4.12809e-15 4.97118e+27 0.001 10 25000 1.543e+14 365 4 1 1 
1.28455e+16 -0.00062397 -2.32134e-14 4.97118e+27 0.001 10 25000 1.543e+14 366 4 1 1 
1.29226e+16 -0.00327433 -1.04413e-13 4.97118e+27 0.001 10 25000 1.543e+14 367 4 1 1 
1.29998e+16 -0.0142314 -3.97307e-13 4.97118e+27 0.00100001 10.0002 25000.1 1.54298e+14 368 4 1 1 
1.30769e+16 -0.0533135 -1.31558e-12 4.97118e+27 0.00100004 10.0006 25000.4 1.54294e+14 369 4 1 1 
1.31541e+16 -0.176008 -3.85192e-12 4.97118e+27 0.00100014 10.0019 25001.3 1.54279e+14 370 4 1 1 
1.32312e+16 -0.518996 -1.00627e-11 4.97118e+27 0.0010004 10.0055 25003.9 1.54239e+14 371 4 1 0.999998 
1.33083e+16 -1.37775 -2.35335e-11 4.97118e+27 0.00100105 10.0145 25010.3 1.54138e+14 372 4 1 0.999992 
1.33853e+16 -3.30334 -4.9107e-11 4.97118e+27 0.00100251 10.0348 25024.8 1.53913e+14 373 4 1 0.99997 
1.34622e+16 -7.14199 -9.03867e-11 4.97118e+27 0.00100543 10.0756 25053.9 1.53466e+14 374 4 1 0.999913 
1.35388e+16 -13.8415 -1.4379e-10 4.97118e+27 0.00101056 10.1476 25105.1 1.52687e+14 375 4 1 0.99981 
1.36149e+16 -23.8592 -1.92762e-10 4.97118e+27 0.00101836 10.2577 25182.9 1.51519e+14 376 4 1 0.999708 
1.36903e+16 -36.3829 -2.11317e-10 4.97118e+27 0.00102838 10.4001 25282.9 1.50042e+14 377 4 1 0.999714 
1.3765e+16 -48.9923 -1.75241e-10 4.97118e+27 0.00103882 10.5497 25387 1.48533e+14 378 4 1 0.999966 
1.38389e+16 -57.4087 -5.09825e-11 4.97118e+27 0.00104471 10.6369 25447.2 1.47696e+14 379 3 1 1 
1.39127e+16 -45.2217 5.91709e-10 4.97118e+27 0.0010299 10.4307 25306.6 1.49821e+14 380 4 1 1.00012 
1.39887e+16 14.3073 1.10978e-09 4.97118e+27 0.000986802 9.81997 24874.8 1.56364e+14 381 4 1 0.996429 
1.40692e+16 77.7693 7.53017e-10 4.97118e+27 0.000938069 9.14197 24370.6 1.64487e+14 382 4 1 0.9932 
1.41533e+16 125.049 6.18947e-10 4.97118e+27 0.000897727 8.59866 23947.4 1.71879e+14 383 4 1 0.994972 
1.42411e+16 177.403 7.39242e-10 4.97118e+27 0.000857123 8.06063 23510 1.80021e+14 384 4 1 0.994942 
1.43335e+16 238.985 7.7188e-10 4.97118e+27 0.000812773 7.48233 23015.5 1.89844e+14 385 4 1 0.993322 
1.44311e+16 304.514 7.4797e-10 4.97118e+27 0.000767354 6.90337 22492.2 2.01081e+14 386 4 1 0.992169 
1.45348e+16 372.229 7.16295e-10 4.97118e+27 0.000722581 6.34616 21958 2.1354e+14 387 4 1 0.991476 
1.46449e+16 440.506 6.54353e-10 4.97118e+27 0.000679958 5.8283 21430.7 2.26926e+14 388 4 1 0.991157 
1.4762e+16 504.625 5.37968e-10 4.97118e+27 0.000642098 5.37904 20945.4 2.40306e+14 389 4 1 0.991784 
1.48855e+16 556.848 3.63918e-10 4.97118e+27 0.000612263 5.03249 20550.9 2.52016e+14 390 4 1 0.99383 
1.50141e+16 591.024 2.03131e-10 4.97118e+27 0.000591814 4.79932 20274.7 2.60724e+14 391 4 1 0.996579 
1.51463e+16 616.366 2.41015e-10 4.97118e+27 0.000575425 4.615 20049.8 2.6815e+14 392 4 1 0.997934 
1.52823e+16 655.808 3.50723e-10 4.97118e+27 0.000556107 4.39936 19778.2 2.77465e+14 393 4 1 0.997242 
1.54238e+16 690.438 6.22555e-11 4.97118e+27 0.000541586 4.23916 19570.4 2.84904e+14 394 4 1 0.997631 
1.55672e+16 682.469 -6.84847e-11 4.97118e+27 0.000539975 4.22261 19550.4 2.85754e+14 395 5 1 0.999956 
1.57096e+16 679 -1.37601e-12 4.97118e+27 0.000542186 4.24921 19592.6 2.84589e+14 396 3 1 1 
1.58518e+16 678.695 5.53764e-13 4.97118e+27 0.000541074 4.23723 19577.9 2.85174e+14 397 4 1 1.00001 
1.59948e+16 677.732 -1.4449e-11 4.97118e+27 0.000528226 4.08597 19338.2 2.9211e+14 398 4 1 0.999663 
1.61441e+16 675.479 2.47531e-12 4.97118e+27 0.000504427 4.3728 21672 3.05892e+14 399 4 1 0.994825 
1.63009e+16 674.184 2.24475e-12 4.97118e+27 0.000478483 4.12174 21535.4 3.22477e+14 400 4 1 0.993536 
1.64669e+16 670.167 1.65697e-11 4.97118e+27 0.00045448 4.44098 24428.6 3.39509e+14 401 4 1 0.992969 
1.66406e+16 662.097 6.42276e-11 4.97118e+27 0.000439896 4.16826 23688.3 3.50764e+14 402 4 1 0.996582 
1.68177e+16 634.99 1.50876e-10 4.97118e+27 0.000426536 3.95576 23184 3.61751e+14 403 4 1 0.998268 
1.70025e+16 582.531 3.72127e-10 4.97118e+27 0.000396752 3.54858 22357 3.88908e+14 404 4 1 0.992651 
1.72078e+16 428.109 1.05127e-09 4.97118e+27 0.000344102 2.87353 20875.6 4.48413e+14 405 4 1 0.975746 
1.74563e+16 186.713 1.10324e-09 4.97118e+27 0.000289566 2.22417 19205.5 5.32867e+14 406 4 1 0.952013 
1.77462e+16 34.3899 4.18393e-10 4.97118e+27 0.000259145 1.88925 18228.9 5.9542e+14 407 4 1 0.971679 
1.80528e+16 -0.673284 3.76136e-11 4.97118e+27 0.000250691 1.80187 17969.9 6.155e+14 408 4 1 0.996439 
1.83617e+16 -0.578188 -9.4066e-12 4.97118e+27 0.000249893 1.79391 17946.9 6.17465e+14 409 5 1 0.999961 
1.86703e+16 0.0267624 -1.81059e-13 4.97118e+27 0.000249992 1.79493 17949.8 6.17219e+14 410 4 1 1 
1.89789e+16 0.0104546 8.60157e-14 4.97118e+27 0.000250002 1.79502 17950.1 6.17195e+14 411 3 1 1 
1.92875e+16 0.00167938 1.81577e-14 4.97118e+27 0.00025 1.795 17950 6.17199e+14 412 4 1 1 
1.95961e+16 0.000204973 2.57601e-15 4.97118e+27 0.00025 1.795 17950 6.172e+14 413 4 1 1 
1.99047e+16 2.01411e-05 2.92091e-16 4.97118e+27 0.00025 1.795 17950 6.172e+14 414 4 1 1 
2.02133e+16 1.56749e-06 2.65552e-17 4.97118e+27 0.00025 1.795 17950 6.172e+14 415 4 1 1 
2.05219e+16 8.98219e-08 1.85413e-18 4.97118e+27 0.00025 1.795 17950 6.172e+14 416 4 1 1 
2.08305e+16 2.90329e-09 8.65361e-20 4.97118e+27 0.00025 1.795 17950 6.172e+14 417 4 1 1 
2.11391e+16 -4.03884e-11 8.56059e-22 4.97118e+27 0.00025 1.795 17950 6.172e+14 418 4 1 1 
2.14477e+16 -6.91852e-13 -8.381e-23 4.97118e+27 0.00025 1.795 17950 6.172e+14 419 5 1 1 
2.17563e+16 6.32485e-14 -2.30247e-24 4.97118e+27 0.00025 1.795 17950 6.172e+14 420 5 1 1 
2.20649e+16 1.91146e-44 -4.54082e-55 4.97118e+27 0.00025 1.795 17950 6.172e+14 421 5 1 1 
2.23735e+16 0 0 4.97118e+27 0.00025 1.795 17950 6.172e+14 422 5 1 1 
2.26821e+16 0 0 4.97118e+27 0.00025 1.795 17950 6.172e+14 423 5 1 1 
2.29907e+16 0 0 4.97118e+27 0.00025 1.795 17950 6.172e+14 424 5 1 1 
2.32993e+16 0 0 4.97118e+27 0.00025 1.795 17950 6.172e+14 425 5 1 1 
2.36079e+16 0 0 4.97118e+27 0.00025 1.795 17950 6.172e+14 426 5 1 1 
2.39165e+16 0 0 4.97118e+27 0.00025 1.795 17950 6.172e+14 427 5 1 1 
2.42251e+16 0 0 4.97118e+27 0.00025 1.795 17950 6.172e+14 428 5 1 1 
2.45337e+16 0 0 4.97118e+27 0.00025 1.795 17950 6.172e+14 429 5 1 1 
2.48423e+16 0 0 4.97118e+27 0.00025 1.795 17950 6.172e+14 430 5 1 1 
2.51509e+16 0 0 4.97118e+27 0.00025 1.795 17950 6.172e+14 431 5 1 1 
2.54595e+16 0 0 4.97118e+27 0.00025 1.795 17950 6.172e+14 432 5 1 1 
2.57681e+16 0 0 4.97118e+27 0.00025 1.795 17950 6.172e+14 433 5 1 1 
2.60767e+16 0 0 4.97118e+27 0.00025 1.795 17950 6.172e+14 434 5 1 1 
2.63853e+16 0 0 4.97118e+27 0.00025 1.795 17950 6.172e+14 435 5 1 1 
2.66939e+16 0 0 4.97118e+27 0.00025 1.795 17950 6.172e+14 436 5 1 1 
2.70025e+16 0 0 4.97118e+27 0.00025 1.795 17950 6.172e+14 437 5 1 1 
2.73111e+16 0 0 4.97118e+27 0.00025 1.795 17950 6.172e+14 438 5 1 1 
2.76197e+16 0 0 4.97118e+27 0.00025 1.795 17950 6.172e+14 439 5 1 1 
2.79283e+16 0 0 4.97118e+27 0.00025 1.795 17950 6.172e+14 440 5 1 1 
2.82369e+16 0 0 4.97118e+27 0.00025 1.795 17950 6.172e+14 441 5 1 1 
2.85455e+16 0 0 4.97118e+27 0.00025 1.795 17950 6.172e+14 442 5 1 1 
2.88541e+16 -2.57426e-44 -9.08165e-56 4.97118e+27 0.00025 1.795 17950 6.172e+14 443 5 1 1 
2.91627e+16 -4.63807e-14 -4.60494e-25 4.97118e+27 0.00025 1.795 17950 6.172e+14 444 5 1 1 
2.94713e+16 -4.54138e-13 -1.84198e-24 4.97118e+27 0.00025 1.795 17950 6.172e+14 445 5 1 1 
2.97799e+16 -1.7155e-12 -3.22346e-24 4.97118e+27 0.00025 1.795 17950 6.172e+14 446 5 1 1 
3.00885e+16 -5.29236e-12 -7.8284e-24 4.97118e+27 0.00025 1.795 17950 6.172e+14 447 5 1 1 
3.03971e+16 -5.21588e-12 -1.54632e-37 4.97118e+27 0.00025 1.795 17950 6.172e+14 448 5 1 1 
3.07057e+16 -1.83284e-11 4.14445e-24 4.97118e+27 0.00025 1.795 17950 6.172e+14 449 3 1 1 
3.10143e+16 1.83284e-11 -4.14445e-24 4.97118e+27 0.00025 1.795 17950 6.172e+14 450 3 1 1 
3.13229e+16 5.21588e-12 1.54632e-37 4.97118e+27 0.00025 1.795 17950 6.172e+14 451 5 1 1 
3.16315e+16 5.29236e-12 7.8284e-24 4.97118e+27 0.00025 1.795 17950 6.172e+14 452 5 1 1 
3.19401e+16 1.7155e-12 3.22346e-24 4.97118e+27 0.00025 1.795 17950 6.172e+14 453 5 1 1 
3.22487e+16 4.54138e-13 1.84198e-24 4.97118e+27 0.00025 1.795 17950 6.172e+14 454 5 1 1 
3.25573e+16 4.63807e-14 4.60494e-25 4.97118e+27 0.00025 1.795 17950 6.172e+14 455 5 1 1 
3.28659e+16 2.57426e-44 9.08165e-56 4.97118e+27 0.00025 1.795 17950 6.172e+14 456 5 1 1 
3.31745e+16 0 0 4.97118e+27 0.00025 1.795 17950 6.172e+14 457 5 1 1 
3.34831e+16 0 0 4.97118e+27 0.00025 1.795 17950 6.172e+14 458 5 1 1 
3.37917e+16 0 0 4.97118e+27 0.00025 1.795 17950 6.172e+14 459 5 1 1 
3.41003e+16 0 0 4.97118e+27 0.00025 1.795 17950 6.172e+14 460 5 1 1 
3.44089e+16 0 0 4.97118e+27 0.00025 1.795 17950 6.172e+14 461 5 1 1 
3.47175e+16 0 0 4.97118e+27 0.00025 1.795 17950 6.172e+14 462 5 1 1 
3.50261e+16 0 0 4.97118e+27 0.00025 1.795 17950 6.172e+14 463 5 1 1 
3.53347e+16 0 0 4.97118e+27 0.00025 1.795 17950 6.172e+14 464 5 1 1 
3.56433e+16 0 0 4.97118e+27 0.00025 1.795 17950 6.172e+14 465 5 1 1 
3.59519e+16 0 0 4.97118e+27 0.00025 1.795 17950 6.172e+14 466 5 1 1 
3.62605e+16 0 0 4.97118e+27 0.00025 1.795 17950 6.172e+14 467 5 1 1 
3.65691e+16 0 0 4.97118e+27 0.00025 1.795 17950 6.172e+14 468 5 1 1 
3.68777e+16 0 0 4.97118e+27 0.00025 1.795 17950 6.172e+14 469 5 1 1 
3.71863e+16 0 0 4.97118e+27 0.00025 1.795 17950 6.172e+14 470 5 1 1 
3.74949e+16 0 0 4.97118e+27 0.00025 1.795 17950 6.172e+14 471 5 1 1 
3.78035e+16 0 0 4.97118e+27 0.00025 1.795 17950 6.172e+14 472 5 1 1 
3.81121e+16 0 0 4.97118e+27 0.00025 1.795 17950 6.172e+14 473 5 1 1 
3.84207e+16 0 0 4.97118e+27 0.00025 1.795 17950 6.172e+14 474 5 1 1 
3.87293e+16 0 0 4.97118e+27 0.00025 1.795 17950 6.172e+14 475 5 1 1 
3.90379e+16 0 0 4.97118e+27 0.00025 1.795 17950 6.172e+14 476 5 1 1 
3.93465e+16 0 0 4.97118e+27 0.00025 1.795 17950 6.172e+14 477 5 1 1 
3.96551e+16 -4.97462e-45 3.63266e-55 4.97118e+27 0.00025 1.795 17950 6.172e+14 478 5 1 1 
3.99637e+16 4.21497e-14 1.84198e-24 4.97118e+27 0.00025 1.795 17950 6.172e+14 479 5 1 1 
4.02723e+16 2.18897e-12 9.80853e-23 4.97118e+27 0.00025 1.795 17950 6.172e+14 480 5 1 1 
4.05809e+16 2.99368e-11 -9.16844e-22 4.97118e+27 0.00025 1.795 17950 6.172e+14 481 4 1 1 
4.08895e+16 -2.88438e-09 -8.64643e-20 4.97118e+27 0.00025 1.795 17950 6.172e+14 482 4 1 1 
4.11981e+16 -8.98483e-08 -1.85407e-18 4.97118e+27 0.00025 1.795 17950 6.172e+14 483 4 1 1 
4.15067e+16 -1.56747e-06 -2.65554e-17 4.97118e+27 0.00025 1.795 17950 6.172e+14 484 4 1 1 
4.18153e+16 -2.01411e-05 -2.92091e-16 4.97118e+27 0.00025 1.795 17950 6.172e+14 485 4 1 1 
4.21239e+16 -0.000204973 -2.57601e-15 4.97118e+27 0.00025 1.795 17950 6.172e+14 486 4 1 1 
4.24325e+16 -0.00167938 -1.81577e-14 4.97118e+27 0.00025 1.795 17950 6.17199e+14 487 4 1 1 
4.27411e+16 -0.0104546 -8.60157e-14 4.97118e+27 0.000250002 1.79502 17950.1 6.17195e+14 488 3 1 1 
4.30497e+16 -0.0267624 1.81059e-13 4.97118e+27 0.000249992 1.79493 17949.8 6.17219e+14 489 4 1 1 
4.33583e+16 0.578188 9.4066e-12 4.97118e+27 0.000249893 1.79391 17946.9 6.17465e+14 490 5 1 0.999961 
4.36672e+16 0.673284 -3.76136e-11 4.97118e+27 0.000250691 1.80187 17969.9 6.155e+14 491 4 1 0.996439 
4.39738e+16 -34.3899 -4.18393e-10 4.97118e+27 0.000259145 1.88925 18228.9 5.9542e+14 492 4 1 0.971679 
4.42637e+16 -186.713 -1.10324e-09 4.97118e+27 0.000289566 2.22417 19205.5 5.32867e+14 493 4 1 0.952013 
4.45122e+16 -428.109 -1.05127e-09 4.97118e+27 0.000344102 2.87353 20875.6 4.48413e+14 494 4 1 0.975746 
4.47175e+16 -582.531 -3.72127e-10 4.97118e+27 0.000396752 3.54858 22357 3.88908e+14 495 4 1 0.992651 
4.49023e+16 -634.99 -1.50876e-10 4.97118e+27 0.000426536 3.95576 23184 3.61751e+14 496 4 1 0.998268 
4.50794e+16 -662.097 -6.42276e-11 4.97118e+27 0.000439896 4.16826 23688.3 3.50764e+14 497 4 1 0.996582 
4.52531e+16 -670.167 -1.65697e-11 4.97118e+27 0.00045448 4.44098 24428.6 3.39509e+14 498 4 1 0.992969 
4.54191e+16 -674.184 -2.24475e-12 4.97118e+27 0.000478483 4.12174 21535.4 3.22477e+14 499 4 1 0.993536 
