# Time [s]: 0.0395456
# Columns: pos [m], vel [m/s], acc [m/s^2], mass [kg], dens [kg/m^3], pres [Pa], ene [J/kg], sml [m], id, neighbor, alpha, gradh, ...additional?
1.47565 -0.675622 -0.0688624 0.0025 0.504714 0.437628 2.1677 0.00990659 0 4 1 0.994838 
1.48049 -0.677034 0.324835 0.0025 0.528533 0.40893 1.93427 0.00946014 1 4 1 0.999698 
1.48512 -0.678544 0.180595 0.0025 0.541239 0.423904 1.95803 0.00923807 2 4 1 1 
1.48973 -0.678866 0.0955824 0.0025 0.542443 0.425193 1.95961 0.00921755 3 3 1 1 
1.49434 -0.68033 0.490261 0.0025 0.541211 0.423641 1.95688 0.00923853 4 4 1 1 
1.49897 -0.689738 2.18405 0.0025 0.53988 0.422067 1.9546 0.00926132 5 5 1 0.999 
-0.496402 -0.673592 -8.72808 0.0025 0.548712 0.431734 1.96721 0.00911225 6 4 1 0.996934 
-0.491919 -0.631459 -9.39546 0.0025 0.567472 0.452591 1.99385 0.00881101 7 4 1 0.997883 
-0.487588 -0.60164 -5.8826 0.0025 0.584693 0.471896 2.01772 0.0085515 8 4 1 0.997545 
-0.483365 -0.574303 -8.42405 0.0025 0.60192 0.491404 2.04115 0.00830675 9 4 1 0.995446 
-0.479279 -0.531663 -13.6898 0.0025 0.626428 0.519615 2.07393 0.00798176 10 4 1 0.993081 
-0.475378 -0.47454 -17.9078 0.0025 0.659508 0.558433 2.11704 0.00758141 11 4 1 0.99188 
-0.47169 -0.410182 -20.3952 0.0025 0.698537 0.605247 2.16627 0.00715782 12 4 1 0.991813 
-0.468212 -0.344366 -21.5996 0.0025 0.74064 0.656928 2.21756 0.00675092 13 4 1 0.992298 
-0.464932 -0.280231 -22.3649 0.0025 0.783964 0.711341 2.26853 0.00637784 14 4 1 0.992989 
-0.461829 -0.218573 -22.9324 0.0025 0.827518 0.767308 2.31814 0.00604216 15 4 1 0.994162 
-0.458884 -0.161031 -21.3308 0.0025 0.869486 0.822381 2.36447 0.00575052 16 4 1 0.995599 
-0.456074 -0.112881 -17.8247 0.0025 0.907544 0.87301 2.40512 0.00550937 17 4 1 0.995223 
-0.453373 -0.0672807 -23.828 0.0025 0.946723 0.926037 2.44603 0.00528138 18 4 1 0.993634 
-0.45079 -0.00409562 -33.126 0.0025 0.99439 0.992671 2.49515 0.00502821 19 4 1 0.997346 
-0.44834 0.0487502 -14.0477 0.0025 1.03335 1.04794 2.53399 0.00483862 20 4 1 1.00016 
-0.44595 0.0561049 2.20295 0.0025 1.04418 1.06285 2.54413 0.00478843 21 3 1 1.00001 
-0.443552 0.0472055 5.37555 0.0025 1.03745 1.05299 2.53732 0.00481952 22 4 1 0.999926 
-0.441131 0.0349304 6.28893 0.0025 1.02726 1.03842 2.52718 0.00486731 23 4 1 0.999724 
-0.438685 0.0229429 5.66782 0.0025 1.01767 1.0248 2.51761 0.0049132 24 4 1 0.999731 
-0.436217 0.0133997 4.22364 0.0025 1.01024 1.0143 2.51018 0.00494934 25 4 1 0.999826 
-0.433735 0.00699676 2.67108 0.0025 1.00533 1.00741 2.50528 0.00497351 26 4 1 0.99992 
-0.431244 0.00329067 1.46985 0.0025 1.0025 1.00347 2.50247 0.00498751 27 4 1 0.999972 
-0.428748 0.00140192 0.717146 0.0025 1.00107 1.00147 2.50105 0.00499466 28 4 1 0.999993 
-0.426249 0.000541992 0.313699 0.0025 1.00041 1.00057 2.50041 0.00499793 29 4 1 0.999998 
-0.42375 0.000189678 0.123469 0.0025 1.00015 1.0002 2.50014 0.00499927 30 4 1 1 
-0.42125 5.9701e-05 0.0436242 0.0025 1.00005 1.00006 2.50005 0.00499977 31 4 1 1 
-0.41875 1.67163e-05 0.0137378 0.0025 1.00001 1.00002 2.50001 0.00499993 32 4 1 1 
-0.41625 4.09139e-06 0.00380729 0.0025 1 1 2.5 0.00499998 33 4 1 1 
-0.41375 8.49552e-07 0.000908764 0.0025 1 1 2.5 0.005 34 4 1 1 
-0.41125 1.41214e-07 0.0001795 0.0025 1 1 2.5 0.005 35 4 1 1 
-0.40875 1.6247e-08 2.68233e-05 0.0025 1 1 2.5 0.005 36 4 1 1 
-0.40625 6.02536e-10 2.26586e-06 0.0025 1 1 2.5 0.005 37 4 1 1 
-0.40375 -8.36535e-11 -2.4488e-07 0.0025 1 1 2.5 0.005 38 5 1 1 
-0.40125 3.71049e-11 -4.12359e-09 0.0025 1 1 2.5 0.005 39 3 1 1 
-0.39875 1.75182e-11 1.24858e-08 0.0025 1 1 2.5 0.005 40 4 1 1 
-0.39625 4.27612e-12 4.59363e-09 0.0025 1 1 2.5 0.005 41 4 1 1 
-0.39375 6.24668e-13 9.48546e-10 0.0025 1 1 2.5 0.005 42 4 1 1 
-0.39125 3.83887e-14 1.14312e-10 0.0025 1 1 2.5 0.005 43 4 1 1 
-0.38875 -3.65199e-15 -6.59384e-12 0.0025 1 1 2.5 0.005 44 5 1 1 
-0.38625 -6.76303e-17 -1.13687e-13 0.0025 1 1 2.5 0.005 45 5 1 1 
-0.38375 -6.66706e-48 -2.24208e-44 0.0025 1 1 2.5 0.005 46 5 1 1 
-0.38125 0 0 0.0025 1 1 2.5 0.005 47 5 1 1 
-0.37875 0 0 0.0025 1 1 2.5 0.005 48 5 1 1 
-0.37625 0 0 0.0025 1 1 2.5 0.005 49 5 1 1 
-0.37375 0 0 0.0025 1 1 2.5 0.005 50 5 1 1 
-0.37125 0 0 0.0025 1 1 2.5 0.005 51 5 1 1 
-0.36875 0 0 0.0025 1 1 2.5 0.005 52 5 1 1 
-0.36625 0 0 0.0025 1 1 2.5 0.005 53 5 1 1 
-0.36375 0 0 0.0025 1 1 2.5 0.005 54 5 1 1 
-0.36125 0 0 0.0025 1 1 2.5 0.005 55 5 1 1 
-0.35875 0 0 0.0025 1 1 2.5 0.005 56 5 1 1 
-0.35625 0 0 0.0025 1 1 2.5 0.005 57 5 1 1 
-0.35375 0 0 0.0025 1 1 2.5 0.005 58 5 1 1 
-0.35125 0 0 0.0025 1 1 2.5 0.005 59 5 1 1 
-0.34875 0 0 0.0025 1 1 2.5 0.005 60 5 1 1 
-0.34625 0 0 0.0025 1 1 2.5 0.005 61 5 1 1 
-0.34375 0 0 0.0025 1 1 2.5 0.005 62 5 1 1 
-0.34125 0 0 0.0025 1 1 2.5 0.005 63 5 1 1 
-0.33875 0 0 0.0025 1 1 2.5 0.005 64 5 1 1 
-0.33625 0 0 0.0025 1 1 2.5 0.005 65 5 1 1 
-0.33375 0 0 0.0025 1 1 2.5 0.005 66 5 1 1 
-0.33125 0 0 0.0025 1 1 2.5 0.005 67 5 1 1 
-0.32875 0 0 0.0025 1 1 2.5 0.005 68 5 1 1 
-0.32625 0 0 0.0025 1 1 2.5 0.005 69 5 1 1 
-0.32375 0 0 0.0025 1 1 2.5 0.005 70 5 1 1 
-0.32125 0 0 0.0025 1 1 2.5 0.005 71 5 1 1 
-0.31875 0 0 0.0025 1 1 2.5 0.005 72 5 1 1 
-0.31625 0 0 0.0025 1 1 2.5 0.005 73 5 1 1 
-0.31375 0 0 0.0025 1 1 2.5 0.005 74 5 1 1 
-0.31125 0 0 0.0025 1 1 2.5 0.005 75 5 1 1 
-0.30875 0 0 0.0025 1 1 2.5 0.005 76 5 1 1 
-0.30625 0 0 0.0025 1 1 2.5 0.005 77 5 1 1 
-0.30375 0 0 0.0025 1 1 2.5 0.005 78 5 1 1 
-0.30125 0 0 0.0025 1 1 2.5 0.005 79 5 1 1 
-0.29875 0 0 0.0025 1 1 2.5 0.005 80 5 1 1 
-0.29625 0 0 0.0025 1 1 2.5 0.005 81 5 1 1 
-0.29375 0 0 0.0025 1 1 2.5 0.005 82 5 1 1 
-0.29125 0 0 0.0025 1 1 2.5 0.005 83 5 1 1 
-0.28875 0 0 0.0025 1 1 2.5 0.005 84 5 1 1 
-0.28625 0 0 0.0025 1 1 2.5 0.005 85 5 1 1 
-0.28375 0 0 0.0025 1 1 2.5 0.005 86 5 1 1 
-0.28125 0 0 0.0025 1 1 2.5 0.005 87 5 1 1 
-0.27875 0 0 0.0025 1 1 2.5 0.005 88 5 1 1 
-0.27625 0 0 0.0025 1 1 2.5 0.005 89 5 1 1 
-0.27375 0 0 0.0025 1 1 2.5 0.005 90 5 1 1 
-0.27125 0 0 0.0025 1 1 2.5 0.005 91 5 1 1 
-0.26875 0 0 0.0025 1 1 2.5 0.005 92 5 1 1 
-0.26625 0 0 0.0025 1 1 2.5 0.005 93 5 1 1 
-0.26375 0 0 0.0025 1 1 2.5 0.005 94 5 1 1 
-0.26125 0 0 0.0025 1 1 2.5 0.005 95 5 1 1 
-0.25875 0 0 0.0025 1 1 2.5 0.005 96 5 1 1 
-0.25625 0 0 0.0025 1 1 2.5 0.005 97 5 1 1 
-0.25375 0 0 0.0025 1 1 2.5 0.005 98 5 1 1 
-0.25125 0 0 0.0025 1 1 2.5 0.005 99 5 1 1 
-0.24875 0 0 0.0025 1 1 2.5 0.005 100 5 1 1 
-0.24625 0 0 0.0025 1 1 2.5 0.005 101 5 1 1 
-0.24375 0 0 0.0025 1 1 2.5 0.005 102 5 1 1 
-0.24125 0 0 0.0025 1 1 2.5 0.005 103 5 1 1 
-0.23875 0 0 0.0025 1 1 2.5 0.005 104 5 1 1 
-0.23625 0 0 0.0025 1 1 2.5 0.005 105 5 1 1 
-0.23375 0 0 0.0025 1 1 2.5 0.005 106 5 1 1 
-0.23125 0 0 0.0025 1 1 2.5 0.005 107 5 1 1 
-0.22875 0 0 0.0025 1 1 2.5 0.005 108 5 1 1 
-0.22625 0 0 0.0025 1 1 2.5 0.005 109 5 1 1 
-0.22375 0 0 0.0025 1 1 2.5 0.005 110 5 1 1 
-0.22125 0 0 0.0025 1 1 2.5 0.005 111 5 1 1 
-0.21875 0 0 0.0025 1 1 2.5 0.005 112 5 1 1 
-0.21625 0 0 0.0025 1 1 2.5 0.005 113 5 1 1 
-0.21375 0 0 0.0025 1 1 2.5 0.005 114 5 1 1 
-0.21125 0 0 0.0025 1 1 2.5 0.005 115 5 1 1 
-0.20875 0 0 0.0025 1 1 2.5 0.005 116 5 1 1 
-0.20625 0 0 0.0025 1 1 2.5 0.005 117 5 1 1 
-0.20375 0 0 0.0025 1 1 2.5 0.005 118 5 1 1 
-0.20125 0 0 0.0025 1 1 2.5 0.005 119 5 1 1 
-0.19875 0 0 0.0025 1 1 2.5 0.005 120 5 1 1 
-0.19625 0 0 0.0025 1 1 2.5 0.005 121 5 1 1 
-0.19375 0 0 0.0025 1 1 2.5 0.005 122 5 1 1 
-0.19125 0 0 0.0025 1 1 2.5 0.005 123 5 1 1 
-0.18875 0 0 0.0025 1 1 2.5 0.005 124 5 1 1 
-0.18625 0 0 0.0025 1 1 2.5 0.005 125 5 1 1 
-0.18375 0 0 0.0025 1 1 2.5 0.005 126 5 1 1 
-0.18125 0 0 0.0025 1 1 2.5 0.005 127 5 1 1 
-0.17875 0 0 0.0025 1 1 2.5 0.005 128 5 1 1 
-0.17625 0 0 0.0025 1 1 2.5 0.005 129 5 1 1 
-0.17375 0 0 0.0025 1 1 2.5 0.005 130 5 1 1 
-0.17125 0 0 0.0025 1 1 2.5 0.005 131 5 1 1 
-0.16875 0 0 0.0025 1 1 2.5 0.005 132 5 1 1 
-0.16625 0 0 0.0025 1 1 2.5 0.005 133 5 1 1 
-0.16375 0 0 0.0025 1 1 2.5 0.005 134 5 1 1 
-0.16125 0 0 0.0025 1 1 2.5 0.005 135 5 1 1 
-0.15875 0 0 0.0025 1 1 2.5 0.005 136 5 1 1 
-0.15625 0 0 0.0025 1 1 2.5 0.005 137 5 1 1 
-0.15375 0 0 0.0025 1 1 2.5 0.005 138 5 1 1 
-0.15125 0 0 0.0025 1 1 2.5 0.005 139 5 1 1 
-0.14875 0 0 0.0025 1 1 2.5 0.005 140 5 1 1 
-0.14625 0 0 0.0025 1 1 2.5 0.005 141 5 1 1 
-0.14375 0 0 0.0025 1 1 2.5 0.005 142 5 1 1 
-0.14125 0 0 0.0025 1 1 2.5 0.005 143 5 1 1 
-0.13875 0 0 0.0025 1 1 2.5 0.005 144 5 1 1 
-0.13625 0 0 0.0025 1 1 2.5 0.005 145 5 1 1 
-0.13375 0 0 0.0025 1 1 2.5 0.005 146 5 1 1 
-0.13125 0 0 0.0025 1 1 2.5 0.005 147 5 1 1 
-0.12875 0 0 0.0025 1 1 2.5 0.005 148 5 1 1 
-0.12625 0 0 0.0025 1 1 2.5 0.005 149 5 1 1 
-0.12375 0 0 0.0025 1 1 2.5 0.005 150 5 1 1 
-0.12125 0 0 0.0025 1 1 2.5 0.005 151 5 1 1 
-0.11875 0 0 0.0025 1 1 2.5 0.005 152 5 1 1 
-0.11625 0 0 0.0025 1 1 2.5 0.005 153 5 1 1 
-0.11375 0 0 0.0025 1 1 2.5 0.005 154 5 1 1 
-0.11125 0 0 0.0025 1 1 2.5 0.005 155 5 1 1 
-0.10875 0 0 0.0025 1 1 2.5 0.005 156 5 1 1 
-0.10625 0 0 0.0025 1 1 2.5 0.005 157 5 1 1 
-0.10375 0 0 0.0025 1 1 2.5 0.005 158 5 1 1 
-0.10125 0 0 0.0025 1 1 2.5 0.005 159 5 1 1 
-0.09875 0 0 0.0025 1 1 2.5 0.005 160 5 1 1 
-0.09625 0 0 0.0025 1 1 2.5 0.005 161 5 1 1 
-0.09375 0 0 0.0025 1 1 2.5 0.005 162 5 1 1 
-0.09125 0 0 0.0025 1 1 2.5 0.005 163 5 1 1 
-0.08875 0 0 0.0025 1 1 2.5 0.005 164 5 1 1 
-0.08625 0 0 0.0025 1 1 2.5 0.005 165 5 1 1 
-0.08375 0 0 0.0025 1 1 2.5 0.005 166 5 1 1 
-0.08125 0 0 0.0025 1 1 2.5 0.005 167 5 1 1 
-0.07875 0 0 0.0025 1 1 2.5 0.005 168 5 1 1 
-0.07625 0 0 0.0025 1 1 2.5 0.005 169 5 1 1 
-0.07375 0 0 0.0025 1 1 2.5 0.005 170 5 1 1 
-0.07125 0 0 0.0025 1 1 2.5 0.005 171 5 1 1 
-0.06875 0 0 0.0025 1 1 2.5 0.005 172 5 1 1 
-0.06625 0 0 0.0025 1 1 2.5 0.005 173 5 1 1 
-0.06375 0 0 0.0025 1 1 2.5 0.005 174 5 1 1 
-0.06125 0 0 0.0025 1 1 2.5 0.005 175 5 1 1 
-0.05875 0 0 0.0025 1 1 2.5 0.005 176 5 1 1 
-0.05625 0 0 0.0025 1 1 2.5 0.005 177 5 1 1 
-0.05375 -2.33194e-47 -1.12104e-44 0.0025 1 1 2.5 0.005 178 5 1 1 
-0.05125 -5.05802e-17 -5.68434e-14 0.0025 1 1 2.5 0.005 179 5 1 1 
-0.04875 -2.188e-16 5.68434e-14 0.0025 1 1 2.5 0.005 180 5 1 1 
-0.04625 -3.85804e-16 -5.68434e-14 0.0025 1 1 2.5 0.005 181 5 1 1 
-0.04375 -6.35357e-16 -2.24208e-44 0.0025 1 1 2.5 0.005 182 5 1 1 
-0.04125 -9.32204e-16 -2.24208e-44 0.0025 1 1 2.5 0.005 183 5 1 1 
-0.03875 -1.45977e-15 3.9443e-29 0.0025 1 1 2.5 0.005 184 5 1 1 
-0.03625 -1.94391e-15 -5.68434e-14 0.0025 1 1 2.5 0.005 185 5 1 1 
-0.03375 -3.29436e-15 -3.15544e-28 0.0025 1 1 2.5 0.005 186 4 1 1 
-0.03125 -2.90998e-16 -5.68434e-14 0.0025 1 1 2.5 0.005 187 3 1 1 
-0.02875 -1.0032e-15 -5.68434e-14 0.0025 1 1 2.5 0.005 188 3 1 1 
-0.02625 -4.41314e-16 -3.54987e-28 0.0025 1 1 2.5 0.005 189 3 1 1 
-0.02375 -7.05788e-16 -1.13687e-13 0.0025 1 1 2.5 0.005 190 3 1 1 
-0.02125 2.54203e-15 2.27374e-13 0.0025 1 1 2.5 0.005 191 4 1 1 
-0.01875 4.98325e-16 4.54747e-13 0.0025 1 1 2.5 0.005 192 5 1 1 
-0.01625 8.95913e-16 -5.68434e-13 0.0025 1 1 2.5 0.005 193 4 1 1 
-0.01375 1.28776e-15 1.13687e-13 0.0025 1 1 2.5 0.005 194 3 1 1 
-0.01125 1.02755e-15 1.13687e-13 0.0025 1 1 2.5 0.005 195 3 1 1 
-0.00875 1.44265e-15 -7.38964e-13 0.0025 1 1 2.5 0.005 196 3 1 1 
-0.00625 8.75015e-16 7.38964e-13 0.0025 1 1 2.5 0.005 197 4 1 1 
-0.00375 -2.20292e-16 -5.68434e-14 0.0025 1 1 2.5 0.005 198 5 1 1 
-0.00125 -2.02634e-16 -1.13687e-13 0.0025 1 1 2.5 0.005 199 4 1 1 
0.00125 -5.87039e-16 5.68434e-14 0.0025 1 1 2.5 0.005 200 3 1 1 
0.00375 -6.95962e-16 -1.57772e-28 0.0025 1 1 2.5 0.005 201 3 1 1 
0.00625 -5.79845e-16 1.13687e-13 0.0025 1 1 2.5 0.005 202 4 1 1 
0.00875 -6.68747e-16 1.13687e-13 0.0025 1 1 2.5 0.005 203 4 1 1 
0.01125 -3.69155e-16 -2.84217e-13 0.0025 1 1 2.5 0.005 204 5 1 1 
0.01375 -1.34337e-15 -2.84217e-13 0.0025 1 1 2.5 0.005 205 3 1 1 
0.01625 -9.44857e-16 7.38964e-13 0.0025 1 1 2.5 0.005 206 4 1 1 
0.01875 -4.79115e-16 -3.97904e-13 0.0025 1 1 2.5 0.005 207 5 1 1 
0.02125 -2.37343e-15 -2.27374e-13 0.0025 1 1 2.5 0.005 208 4 1 1 
0.02375 9.10195e-16 6.31089e-28 0.0025 1 1 2.5 0.005 209 3 1 1 
0.02625 6.1407e-16 1.13687e-13 0.0025 1 1 2.5 0.005 210 3 1 1 
0.02875 1.05537e-16 -6.31089e-28 0.0025 1 1 2.5 0.005 211 3 1 1 
0.03125 3.66512e-15 3.15544e-28 0.0025 1 1 2.5 0.005 212 4 1 1 
0.03375 1.95957e-15 1.13687e-13 0.0025 1 1 2.5 0.005 213 5 1 1 
0.03625 1.57826e-15 5.68434e-14 0.0025 1 1 2.5 0.005 214 5 1 1 
0.03875 1.06756e-15 1.12104e-44 0.0025 1 1 2.5 0.005 215 5 1 1 
0.04125 6.34774e-16 4.48416e-44 0.0025 1 1 2.5 0.005 216 5 1 1 
0.04375 4.18928e-16 5.68434e-14 0.0025 1 1 2.5 0.005 217 5 1 1 
0.04625 2.35644e-16 0 0.0025 1 1 2.5 0.005 218 5 1 1 
0.04875 6.76253e-17 1.12104e-44 0.0025 1 1 2.5 0.005 219 5 1 1 
0.05125 2.9978e-47 1.12104e-44 0.0025 1 1 2.5 0.005 220 5 1 1 
0.05375 0 0 0.0025 1 1 2.5 0.005 221 5 1 1 
0.05625 0 0 0.0025 1 1 2.5 0.005 222 5 1 1 
0.05875 0 0 0.0025 1 1 2.5 0.005 223 5 1 1 
0.06125 0 0 0.0025 1 1 2.5 0.005 224 5 1 1 
0.06375 0 0 0.0025 1 1 2.5 0.005 225 5 1 1 
0.06625 0 0 0.0025 1 1 2.5 0.005 226 5 1 1 
0.06875 0 0 0.0025 1 1 2.5 0.005 227 5 1 1 
0.07125 0 0 0.0025 1 1 2.5 0.005 228 5 1 1 
0.07375 0 0 0.0025 1 1 2.5 0.005 229 5 1 1 
0.07625 0 0 0.0025 1 1 2.5 0.005 230 5 1 1 
0.07875 0 0 0.0025 1 1 2.5 0.005 231 5 1 1 
0.08125 0 0 0.0025 1 1 2.5 0.005 232 5 1 1 
0.08375 0 0 0.0025 1 1 2.5 0.005 233 5 1 1 
0.08625 0 0 0.0025 1 1 2.5 0.005 234 5 1 1 
0.08875 0 0 0.0025 1 1 2.5 0.005 235 5 1 1 
0.09125 0 0 0.0025 1 1 2.5 0.005 236 5 1 1 
0.09375 -3.66111e-47 -1.12104e-44 0.0025 1 1 2.5 0.005 237 5 1 1 
0.09625 -8.44307e-17 -5.68434e-14 0.0025 1 1 2.5 0.005 238 5 1 1 
0.09875 -2.52697e-16 5.68434e-14 0.0025 1 1 2.5 0.005 239 5 1 1 
0.10125 -4.8757e-16 -5.68434e-14 0.0025 1 1 2.5 0.005 240 5 1 1 
0.10375 -7.03642e-16 -1.12104e-44 0.0025 1 1 2.5 0.005 241 5 1 1 
0.10625 -1.05109e-15 5.68434e-14 0.0025 1 1 2.5 0.005 242 5 1 1 
0.10875 -1.27605e-15 5.68434e-14 0.0025 1 1 2.5 0.005 243 5 1 1 
0.11125 2.01329e-15 5.11591e-13 0.0025 1 1 2.5 0.005 244 5 1 1 
0.11375 1.76756e-16 3.41061e-13 0.0025 1 1 2.5 0.005 245 5 1 1 
0.11625 -4.50378e-16 -4.54747e-13 0.0025 1 1 2.5 0.005 246 5 1 1 
0.11875 -3.63593e-15 -6.82121e-13 0.0025 1 1 2.5 0.005 247 5 1 1 
0.12125 2.19168e-15 5.68434e-13 0.0025 1 1 2.5 0.005 248 5 1 1 
0.12375 -2.2242e-15 7.38964e-13 0.0025 1 1 2.5 0.005 249 4 1 1 
0.12625 2.2242e-15 -7.38964e-13 0.0025 1 1 2.5 0.005 250 4 1 1 
0.12875 -2.19168e-15 -5.68434e-13 0.0025 1 1 2.5 0.005 251 5 1 1 
0.13125 3.63593e-15 6.82121e-13 0.0025 1 1 2.5 0.005 252 5 1 1 
0.13375 4.50378e-16 4.54747e-13 0.0025 1 1 2.5 0.005 253 5 1 1 
0.13625 -1.76756e-16 -3.41061e-13 0.0025 1 1 2.5 0.005 254 5 1 1 
0.13875 -2.01329e-15 -5.11591e-13 0.0025 1 1 2.5 0.005 255 5 1 1 
0.14125 1.27605e-15 -5.68434e-14 0.0025 1 1 2.5 0.005 256 5 1 1 
0.14375 1.05109e-15 -5.68434e-14 0.0025 1 1 2.5 0.005 257 5 1 1 
0.14625 7.03642e-16 1.12104e-44 0.0025 1 1 2.5 0.005 258 5 1 1 
0.14875 4.8757e-16 5.68434e-14 0.0025 1 1 2.5 0.005 259 5 1 1 
0.15125 2.52697e-16 -5.68434e-14 0.0025 1 1 2.5 0.005 260 5 1 1 
0.15375 8.44307e-17 5.68434e-14 0.0025 1 1 2.5 0.005 261 5 1 1 
0.15625 3.66111e-47 1.12104e-44 0.0025 1 1 2.5 0.005 262 5 1 1 
0.15875 0 0 0.0025 1 1 2.5 0.005 263 5 1 1 
0.16125 0 0 0.0025 1 1 2.5 0.005 264 5 1 1 
0.16375 0 0 0.0025 1 1 2.5 0.005 265 5 1 1 
0.16625 0 0 0.0025 1 1 2.5 0.005 266 5 1 1 
0.16875 0 0 0.0025 1 1 2.5 0.005 267 5 1 1 
0.17125 0 0 0.0025 1 1 2.5 0.005 268 5 1 1 
0.17375 0 0 0.0025 1 1 2.5 0.005 269 5 1 1 
0.17625 0 0 0.0025 1 1 2.5 0.005 270 5 1 1 
0.17875 0 0 0.0025 1 1 2.5 0.005 271 5 1 1 
0.18125 0 0 0.0025 1 1 2.5 0.005 272 5 1 1 
0.18375 0 0 0.0025 1 1 2.5 0.005 273 5 1 1 
0.18625 0 0 0.0025 1 1 2.5 0.005 274 5 1 1 
0.18875 0 0 0.0025 1 1 2.5 0.005 275 5 1 1 
0.19125 0 0 0.0025 1 1 2.5 0.005 276 5 1 1 
0.19375 0 0 0.0025 1 1 2.5 0.005 277 5 1 1 
0.19625 0 0 0.0025 1 1 2.5 0.005 278 5 1 1 
0.19875 0 0 0.0025 1 1 2.5 0.005 279 5 1 1 
0.20125 0 0 0.0025 1 1 2.5 0.005 280 5 1 1 
0.20375 0 0 0.0025 1 1 2.5 0.005 281 5 1 1 
0.20625 0 0 0.0025 1 1 2.5 0.005 282 5 1 1 
0.20875 0 0 0.0025 1 1 2.5 0.005 283 5 1 1 
0.21125 -2.33439e-47 -1.12104e-44 0.0025 1 1 2.5 0.005 284 5 1 1 
0.21375 -6.76256e-17 -3.36312e-44 0.0025 1 1 2.5 0.005 285 5 1 1 
0.21625 -2.53096e-16 -5.68434e-14 0.0025 1 1 2.5 0.005 286 5 1 1 
0.21875 -7.08088e-16 -1.13687e-13 0.0025 1 1 2.5 0.005 287 5 1 1 
0.22125 -1.38128e-15 -1.13687e-13 0.0025 1 1 2.5 0.005 288 5 1 1 
0.22375 -2.3046e-15 -5.68434e-14 0.0025 1 1 2.5 0.005 289 5 1 1 
0.22625 -3.64448e-15 -1.7053e-13 0.0025 1 1 2.5 0.005 290 5 1 1 
0.22875 -5.49748e-15 1.56945e-43 0.0025 1 1 2.5 0.005 291 5 1 1 
0.23125 -5.82585e-15 2.84217e-13 0.0025 1 1 2.5 0.005 292 5 1 1 
0.23375 -6.6072e-15 3.97904e-13 0.0025 1 1 2.5 0.005 293 5 1 1 
0.23625 5.28659e-15 7.38964e-13 0.0025 1 1 2.5 0.005 294 5 1 1 
0.23875 1.81985e-15 4.54747e-13 0.0025 1 1 2.5 0.005 295 5 1 1 
0.24125 1.04791e-15 -1.02318e-12 0.0025 1 1 2.5 0.005 296 5 1 1 
0.24375 -4.83024e-15 -1.36424e-12 0.0025 1 1 2.5 0.005 297 5 1 1 
0.24625 2.53288e-15 9.09495e-13 0.0025 1 1 2.5 0.005 298 5 1 1 
0.24875 -6.04823e-15 1.13687e-12 0.0025 1 1 2.5 0.005 299 3 1 1 
0.25125 6.04823e-15 -1.13687e-12 0.0025 1 1 2.5 0.005 300 3 1 1 
0.25375 -2.53288e-15 -9.09495e-13 0.0025 1 1 2.5 0.005 301 5 1 1 
0.25625 4.83024e-15 1.36424e-12 0.0025 1 1 2.5 0.005 302 5 1 1 
0.25875 -1.04791e-15 1.02318e-12 0.0025 1 1 2.5 0.005 303 5 1 1 
0.26125 -1.81985e-15 -4.54747e-13 0.0025 1 1 2.5 0.005 304 5 1 1 
0.26375 -5.28659e-15 -7.38964e-13 0.0025 1 1 2.5 0.005 305 5 1 1 
0.26625 6.6072e-15 -3.97904e-13 0.0025 1 1 2.5 0.005 306 5 1 1 
0.26875 5.82585e-15 -2.84217e-13 0.0025 1 1 2.5 0.005 307 5 1 1 
0.27125 5.49748e-15 -1.56945e-43 0.0025 1 1 2.5 0.005 308 5 1 1 
0.27375 3.64448e-15 1.7053e-13 0.0025 1 1 2.5 0.005 309 5 1 1 
0.27625 2.3046e-15 5.68434e-14 0.0025 1 1 2.5 0.005 310 5 1 1 
0.27875 1.38128e-15 1.13687e-13 0.0025 1 1 2.5 0.005 311 5 1 1 
0.28125 7.08088e-16 1.13687e-13 0.0025 1 1 2.5 0.005 312 5 1 1 
0.28375 2.53096e-16 5.68434e-14 0.0025 1 1 2.5 0.005 313 5 1 1 
0.28625 6.76256e-17 3.36312e-44 0.0025 1 1 2.5 0.005 314 5 1 1 
0.28875 2.33439e-47 1.12104e-44 0.0025 1 1 2.5 0.005 315 5 1 1 
0.29125 0 0 0.0025 1 1 2.5 0.005 316 5 1 1 
0.29375 0 0 0.0025 1 1 2.5 0.005 317 5 1 1 
0.29625 0 0 0.0025 1 1 2.5 0.005 318 5 1 1 
0.29875 0 0 0.0025 1 1 2.5 0.005 319 5 1 1 
0.30125 0 0 0.0025 1 1 2.5 0.005 320 5 1 1 
0.30375 0 0 0.0025 1 1 2.5 0.005 321 5 1 1 
0.30625 0 0 0.0025 1 1 2.5 0.005 322 5 1 1 
0.30875 0 0 0.0025 1 1 2.5 0.005 323 5 1 1 
0.31125 0 0 0.0025 1 1 2.5 0.005 324 5 1 1 
0.31375 0 0 0.0025 1 1 2.5 0.005 325 5 1 1 
0.31625 0 0 0.0025 1 1 2.5 0.005 326 5 1 1 
0.31875 0 0 0.0025 1 1 2.5 0.005 327 5 1 1 
0.32125 0 0 0.0025 1 1 2.5 0.005 328 5 1 1 
0.32375 0 0 0.0025 1 1 2.5 0.005 329 5 1 1 
0.32625 0 0 0.0025 1 1 2.5 0.005 330 5 1 1 
0.32875 0 0 0.0025 1 1 2.5 0.005 331 5 1 1 
0.33125 0 0 0.0025 1 1 2.5 0.005 332 5 1 1 
0.33375 0 0 0.0025 1 1 2.5 0.005 333 5 1 1 
0.33625 0 0 0.0025 1 1 2.5 0.005 334 5 1 1 
0.33875 0 0 0.0025 1 1 2.5 0.005 335 5 1 1 
0.34125 0 0 0.0025 1 1 2.5 0.005 336 5 1 1 
0.34375 0 0 0.0025 1 1 2.5 0.005 337 5 1 1 
0.34625 0 0 0.0025 1 1 2.5 0.005 338 5 1 1 
0.34875 0 0 0.0025 1 1 2.5 0.005 339 5 1 1 
0.35125 0 0 0.0025 1 1 2.5 0.005 340 5 1 1 
0.35375 0 0 0.0025 1 1 2.5 0.005 341 5 1 1 
0.35625 0 0 0.0025 1 1 2.5 0.005 342 5 1 1 
0.35875 0 0 0.0025 1 1 2.5 0.005 343 5 1 1 
0.36125 0 0 0.0025 1 1 2.5 0.005 344 5 1 1 
0.36375 0 0 0.0025 1 1 2.5 0.005 345 5 1 1 
0.36625 0 0 0.0025 1 1 2.5 0.005 346 5 1 1 
0.36875 0 0 0.0025 1 1 2.5 0.005 347 5 1 1 
0.37125 0 0 0.0025 1 1 2.5 0.005 348 5 1 1 
0.37375 0 0 0.0025 1 1 2.5 0.005 349 5 1 1 
0.37625 0 0 0.0025 1 1 2.5 0.005 350 5 1 1 
0.37875 0 0 0.0025 1 1 2.5 0.005 351 5 1 1 
0.38125 0 0 0.0025 1 1 2.5 0.005 352 5 1 1 
0.38375 6.66706e-48 2.24208e-44 0.0025 1 1 2.5 0.005 353 5 1 1 
0.38625 6.76303e-17 1.13687e-13 0.0025 1 1 2.5 0.005 354 5 1 1 
0.38875 3.65199e-15 6.59384e-12 0.0025 1 1 2.5 0.005 355 5 1 1 
0.39125 -3.83887e-14 -1.14312e-10 0.0025 1 1 2.5 0.005 356 4 1 1 
0.39375 -6.24668e-13 -9.48546e-10 0.0025 1 1 2.5 0.005 357 4 1 1 
0.39625 -4.27612e-12 -4.59363e-09 0.0025 1 1 2.5 0.005 358 4 1 1 
0.39875 -1.75182e-11 -1.24858e-08 0.0025 1 1 2.5 0.005 359 4 1 1 
0.40125 -3.71049e-11 4.12359e-09 0.0025 1 1 2.5 0.005 360 3 1 1 
0.40375 8.36535e-11 2.4488e-07 0.0025 1 1 2.5 0.005 361 5 1 1 
0.40625 -6.02536e-10 -2.26586e-06 0.0025 1 1 2.5 0.005 362 4 1 1 
0.40875 -1.6247e-08 -2.68233e-05 0.0025 1 1 2.5 0.005 363 4 1 1 
0.41125 -1.41214e-07 -0.0001795 0.0025 1 1 2.5 0.005 364 4 1 1 
0.41375 -8.49552e-07 -0.000908764 0.0025 1 1 2.5 0.005 365 4 1 1 
0.41625 -4.09139e-06 -0.00380729 0.0025 1 1 2.5 0.00499998 366 4 1 1 
0.41875 -1.67163e-05 -0.0137378 0.0025 1.00001 1.00002 2.50001 0.00499993 367 4 1 1 
0.42125 -5.9701e-05 -0.0436242 0.0025 1.00005 1.00006 2.50005 0.00499977 368 4 1 1 
0.42375 -0.000189678 -0.123469 0.0025 1.00015 1.0002 2.50014 0.00499927 369 4 1 1 
0.426249 -0.000541992 -0.313699 0.0025 1.00041 1.00057 2.50041 0.00499793 370 4 1 0.999998 
0.428748 -0.00140192 -0.717146 0.0025 1.00107 1.00147 2.50105 0.00499466 371 4 1 0.999993 
0.431244 -0.00329067 -1.46985 0.0025 1.0025 1.00347 2.50247 0.00498751 372 4 1 0.999972 
0.433735 -0.00699676 -2.67108 0.0025 1.00533 1.00741 2.50528 0.00497351 373 4 1 0.99992 
0.436217 -0.0133997 -4.22364 0.0025 1.01024 1.0143 2.51018 0.00494934 374 4 1 0.999826 
0.438685 -0.0229429 -5.66782 0.0025 1.01767 1.0248 2.51761 0.0049132 375 4 1 0.999731 
0.441131 -0.0349304 -6.28893 0.0025 1.02726 1.03842 2.52718 0.00486731 376 4 1 0.999724 
0.443552 -0.0472055 -5.37555 0.0025 1.03745 1.05299 2.53732 0.00481952 377 4 1 0.999926 
0.44595 -0.0561049 -2.20295 0.0025 1.04418 1.06285 2.54413 0.00478843 378 3 1 1.00001 
0.44834 -0.0487502 14.0477 0.0025 1.03335 1.04794 2.53399 0.00483862 379 4 1 1.00016 
0.45079 0.00409562 33.126 0.0025 0.99439 0.992671 2.49515 0.00502821 380 4 1 0.997346 
0.453373 0.0672807 23.828 0.0025 0.946723 0.926037 2.44603 0.00528138 381 4 1 0.993634 
0.456074 0.112881 17.8247 0.0025 0.907544 0.87301 2.40512 0.00550937 382 4 1 0.995223 
0.458884 0.161031 21.3308 0.0025 0.869486 0.822381 2.36447 0.00575052 383 4 1 0.995599 
0.461829 0.218573 22.9324 0.0025 0.827518 0.767308 2.31814 0.00604216 384 4 1 0.994162 
0.464932 0.280231 22.3649 0.0025 0.783964 0.711341 2.26853 0.00637784 385 4 1 0.992989 
0.468212 0.344366 21.5996 0.0025 0.74064 0.656928 2.21756 0.00675092 386 4 1 0.992298 
0.47169 0.410182 20.3952 0.0025 0.698537 0.605247 2.16627 0.00715782 387 4 1 0.991813 
0.475378 0.47454 17.9078 0.0025 0.659508 0.558433 2.11704 0.00758141 388 4 1 0.99188 
0.479279 0.531663 13.6898 0.0025 0.626428 0.519615 2.07393 0.00798176 389 4 1 0.993081 
0.483365 0.574303 8.42405 0.0025 0.60192 0.491404 2.04115 0.00830675 390 4 1 0.995446 
0.487588 0.60164 5.8826 0.0025 0.584693 0.471896 2.01772 0.0085515 391 4 1 0.997545 
0.491919 0.631459 9.39546 0.0025 0.567472 0.452591 1.99385 0.00881101 392 4 1 0.997883 
0.496402 0.673592 8.72808 0.0025 0.548712 0.431734 1.96721 0.00911225 393 4 1 0.996934 
0.501034 0.689738 -2.18405 0.0025 0.53988 0.422067 1.9546 0.00926132 394 5 1 0.999 
0.505663 0.68033 -0.490261 0.0025 0.541211 0.423641 1.95688 0.00923853 395 4 1 1 
0.510272 0.678866 -0.0955824 0.0025 0.542443 0.425193 1.95961 0.00921755 396 3 1 1 
0.514881 0.678544 -0.180595 0.0025 0.541239 0.423904 1.95803 0.00923807 397 4 1 1 
0.51951 0.677034 -0.324835 0.0025 0.528533 0.40893 1.93427 0.00946014 398 4 1 0.999698 
0.524346 0.675622 0.0688624 0.0025 0.504714 0.437628 2.1677 0.00990659 399 4 1 0.994838 
0.529424 0.674247 0.0152037 0.0025 0.478875 0.412646 2.15424 0.0104411 400 4 1 0.993547 
0.534797 0.67108 0.50013 0.0025 0.455246 0.445144 2.4445 0.0109831 401 4 1 0.993164 
0.540414 0.664981 1.29217 0.0025 0.442062 0.419712 2.37355 0.0113106 402 4 1 0.997101 
0.546108 0.643037 4.32003 0.0025 0.43119 0.40168 2.32881 0.0115958 403 4 1 0.99896 
0.552014 0.599984 8.30034 0.0025 0.406797 0.367867 2.26047 0.0122912 404 4 1 0.994565 
0.558423 0.481038 26.7386 0.0025 0.359591 0.306567 2.13114 0.0139047 405 4 1 0.982144 
0.566049 0.25011 36.6146 0.0025 0.302748 0.237548 1.96179 0.0165154 406 4 1 0.955979 
0.575138 0.06247 18.6256 0.0025 0.264886 0.195029 1.84104 0.0188761 407 4 1 0.96291 
0.584993 0.00287394 2.94485 0.0025 0.251812 0.181321 1.80029 0.0198561 408 4 1 0.992363 
0.594998 -0.00110907 -0.274976 0.0025 0.24991 0.179407 1.79473 0.0200072 409 5 1 0.999785 
0.605 -5.59466e-06 -0.0349318 0.0025 0.249973 0.179473 1.79492 0.0200021 410 4 1 1 
0.615 1.53749e-05 0.00306074 0.0025 0.250002 0.179502 1.79501 0.0199998 411 3 1 1 
0.625 2.96751e-06 0.000890979 0.0025 0.250001 0.179501 1.795 0.0199999 412 4 1 1 
0.635 4.01426e-07 0.000145737 0.0025 0.25 0.1795 1.795 0.02 413 4 1 1 
0.645 4.36595e-08 1.81909e-05 0.0025 0.25 0.1795 1.795 0.02 414 4 1 1 
0.655 3.84939e-09 1.84731e-06 0.0025 0.25 0.1795 1.795 0.02 415 4 1 1 
0.665 2.64059e-10 1.49545e-07 0.0025 0.25 0.1795 1.795 0.02 416 4 1 1 
0.675 1.2433e-11 8.95598e-09 0.0025 0.25 0.1795 1.795 0.02 417 4 1 1 
0.685 2.02682e-13 2.99295e-10 0.0025 0.25 0.1795 1.795 0.02 418 4 1 1 
0.695 -1.05269e-14 -5.71276e-12 0.0025 0.25 0.1795 1.795 0.02 419 4 1 1 
0.705 -1.60824e-16 -2.84217e-13 0.0025 0.25 0.1795 1.795 0.02 420 5 1 1 
0.715 -4.22575e-18 -1.42109e-14 0.0025 0.25 0.1795 1.795 0.02 421 5 1 1 
0.725 0 0 0.0025 0.25 0.1795 1.795 0.02 422 5 1 1 
0.735 0 0 0.0025 0.25 0.1795 1.795 0.02 423 5 1 1 
0.745 0 0 0.0025 0.25 0.1795 1.795 0.02 424 5 1 1 
0.755 0 0 0.0025 0.25 0.1795 1.795 0.02 425 5 1 1 
0.765 0 0 0.0025 0.25 0.1795 1.795 0.02 426 5 1 1 
0.775 0 0 0.0025 0.25 0.1795 1.795 0.02 427 5 1 1 
0.785 0 0 0.0025 0.25 0.1795 1.795 0.02 428 5 1 1 
0.795 0 0 0.0025 0.25 0.1795 1.795 0.02 429 5 1 1 
0.805 0 0 0.0025 0.25 0.1795 1.795 0.02 430 5 1 1 
0.815 0 0 0.0025 0.25 0.1795 1.795 0.02 431 5 1 1 
0.825 0 0 0.0025 0.25 0.1795 1.795 0.02 432 5 1 1 
0.835 0 0 0.0025 0.25 0.1795 1.795 0.02 433 5 1 1 
0.845 0 0 0.0025 0.25 0.1795 1.795 0.02 434 5 1 1 
0.855 0 0 0.0025 0.25 0.1795 1.795 0.02 435 5 1 1 
0.865 0 0 0.0025 0.25 0.1795 1.795 0.02 436 5 1 1 
0.875 0 0 0.0025 0.25 0.1795 1.795 0.02 437 5 1 1 
0.885 0 0 0.0025 0.25 0.1795 1.795 0.02 438 5 1 1 
0.895 0 0 0.0025 0.25 0.1795 1.795 0.02 439 5 1 1 
0.905 0 0 0.0025 0.25 0.1795 1.795 0.02 440 5 1 1 
0.915 0 0 0.0025 0.25 0.1795 1.795 0.02 441 5 1 1 
0.925 0 0 0.0025 0.25 0.1795 1.795 0.02 442 5 1 1 
0.935 -3.15796e-47 -5.60519e-45 0.0025 0.25 0.1795 1.795 0.02 443 5 1 1 
0.945 -7.17517e-17 -1.42109e-14 0.0025 0.25 0.1795 1.795 0.02 444 5 1 1 
0.955 -5.55622e-16 -5.68434e-14 0.0025 0.25 0.1795 1.795 0.02 445 5 1 1 
0.965 -1.91424e-15 -1.13687e-13 0.0025 0.25 0.1795 1.795 0.02 446 5 1 1 
0.975 -5.73635e-15 -2.55795e-13 0.0025 0.25 0.1795 1.795 0.02 447 5 1 1 
0.985 -5.18205e-15 2.84217e-14 0.0025 0.25 0.1795 1.795 0.02 448 5 1 1 
0.995 -1.80578e-14 1.84741e-13 0.0025 0.25 0.1795 1.795 0.02 449 3 1 1 
1.005 1.80578e-14 -1.84741e-13 0.0025 0.25 0.1795 1.795 0.02 450 3 1 1 
1.015 5.18205e-15 -2.84217e-14 0.0025 0.25 0.1795 1.795 0.02 451 5 1 1 
1.025 5.73635e-15 2.55795e-13 0.0025 0.25 0.1795 1.795 0.02 452 5 1 1 
1.035 1.91424e-15 1.13687e-13 0.0025 0.25 0.1795 1.795 0.02 453 5 1 1 
1.045 5.55622e-16 5.68434e-14 0.0025 0.25 0.1795 1.795 0.02 454 5 1 1 
1.055 7.17517e-17 1.42109e-14 0.0025 0.25 0.1795 1.795 0.02 455 5 1 1 
1.065 3.15796e-47 5.60519e-45 0.0025 0.25 0.1795 1.795 0.02 456 5 1 1 
1.075 0 0 0.0025 0.25 0.1795 1.795 0.02 457 5 1 1 
1.085 0 0 0.0025 0.25 0.1795 1.795 0.02 458 5 1 1 
1.095 0 0 0.0025 0.25 0.1795 1.795 0.02 459 5 1 1 
1.105 0 0 0.0025 0.25 0.1795 1.795 0.02 460 5 1 1 
1.115 0 0 0.0025 0.25 0.1795 1.795 0.02 461 5 1 1 
1.125 0 0 0.0025 0.25 0.1795 1.795 0.02 462 5 1 1 
1.135 0 0 0.0025 0.25 0.1795 1.795 0.02 463 5 1 1 
1.145 0 0 0.0025 0.25 0.1795 1.795 0.02 464 5 1 1 
1.155 0 0 0.0025 0.25 0.1795 1.795 0.02 465 5 1 1 
1.165 0 0 0.0025 0.25 0.1795 1.795 0.02 466 5 1 1 
1.175 0 0 0.0025 0.25 0.1795 1.795 0.02 467 5 1 1 
1.185 0 0 0.0025 0.25 0.1795 1.795 0.02 468 5 1 1 
1.195 0 0 0.0025 0.25 0.1795 1.795 0.02 469 5 1 1 
1.205 0 0 0.0025 0.25 0.1795 1.795 0.02 470 5 1 1 
1.215 0 0 0.0025 0.25 0.1795 1.795 0.02 471 5 1 1 
1.225 0 0 0.0025 0.25 0.1795 1.795 0.02 472 5 1 1 
1.235 0 0 0.0025 0.25 0.1795 1.795 0.02 473 5 1 1 
1.245 0 0 0.0025 0.25 0.1795 1.795 0.02 474 5 1 1 
1.255 0 0 0.0025 0.25 0.1795 1.795 0.02 475 5 1 1 
1.265 0 0 0.0025 0.25 0.1795 1.795 0.02 476 5 1 1 
1.275 0 0 0.0025 0.25 0.1795 1.795 0.02 477 5 1 1 
1.285 4.22575e-18 1.42109e-14 0.0025 0.25 0.1795 1.795 0.02 478 5 1 1 
1.295 1.52098e-16 2.84217e-14 0.0025 0.25 0.1795 1.795 0.02 479 5 1 1 
1.305 1.25229e-14 6.94911e-12 0.0025 0.25 0.1795 1.795 0.02 480 5 1 1 
1.315 -2.14613e-13 -3.0137e-10 0.0025 0.25 0.1795 1.795 0.02 481 4 1 1 
1.325 -1.24162e-11 -8.95764e-09 0.0025 0.25 0.1795 1.795 0.02 482 4 1 1 
1.335 -2.64074e-10 -1.49537e-07 0.0025 0.25 0.1795 1.795 0.02 483 4 1 1 
1.345 -3.84939e-09 -1.84732e-06 0.0025 0.25 0.1795 1.795 0.02 484 4 1 1 
1.355 -4.36594e-08 -1.81909e-05 0.0025 0.25 0.1795 1.795 0.02 485 4 1 1 
1.365 -4.01426e-07 -0.000145737 0.0025 0.25 0.1795 1.795 0.02 486 4 1 1 
1.375 -2.96751e-06 -0.000890979 0.0025 0.250001 0.179501 1.795 0.0199999 487 4 1 1 
1.385 -1.53749e-05 -0.00306074 0.0025 0.250002 0.179502 1.79501 0.0199998 488 3 1 1 
1.395 5.59466e-06 0.0349318 0.0025 0.249973 0.179473 1.79492 0.0200021 489 4 1 1 
1.405 0.00110907 0.274976 0.0025 0.24991 0.179407 1.79473 0.0200072 490 5 1 0.999785 
1.41501 -0.00287394 -2.94485 0.0025 0.251812 0.181321 1.80029 0.0198561 491 4 1 0.992363 
1.42486 -0.06247 -18.6256 0.0025 0.264886 0.195029 1.84104 0.0188761 492 4 1 0.96291 
1.43395 -0.25011 -36.6146 0.0025 0.302748 0.237548 1.96179 0.0165154 493 4 1 0.955979 
1.44158 -0.481038 -26.7386 0.0025 0.359591 0.306567 2.13114 0.0139047 494 4 1 0.982144 
1.44799 -0.599984 -8.30034 0.0025 0.406797 0.367867 2.26047 0.0122912 495 4 1 0.994565 
1.45389 -0.643037 -4.32003 0.0025 0.43119 0.40168 2.32881 0.0115958 496 4 1 0.99896 
1.45959 -0.664981 -1.29217 0.0025 0.442062 0.419712 2.37355 0.0113106 497 4 1 0.997101 
1.4652 -0.67108 -0.50013 0.0025 0.455246 0.445144 2.4445 0.0109831 498 4 1 0.993164 
1.47058 -0.674247 -0.0152037 0.0025 0.478875 0.412646 2.15424 0.0104411 499 4 1 0.993547 
