# Time [s]: 0.122432
# Columns: pos [m], vel [m/s], acc [m/s^2], mass [kg], dens [kg/m^3], pres [Pa], ene [J/kg], sml [m], id, neighbor, alpha, gradh, ...additional?
-0.833732 -3.24779 -3.6517 0.0025 0.0268614 0.00705363 0.656487 0.186141 0 5 1 1.04076 
-0.757032 -2.72657 -4.33896 0.0025 0.0466691 0.0136761 0.732616 0.107137 1 5 1 0.977969 
-0.712817 -2.42633 -4.74078 0.0025 0.0699668 0.0241743 0.863781 0.0714624 2 4 1 0.948806 
-0.681918 -2.21673 -5.01753 0.0025 0.0937794 0.0364319 0.971218 0.0533166 3 4 1 0.952297 
-0.658123 -2.05552 -5.2288 0.0025 0.116949 0.0496123 1.06056 0.0427537 4 4 1 0.960793 
-0.638563 -1.92317 -5.40162 0.0025 0.138997 0.0631742 1.13626 0.035972 5 4 1 0.96861 
-0.621837 -1.81012 -5.54855 0.0025 0.160182 0.0770468 1.20249 0.0312144 6 4 1 0.974671 
-0.607163 -1.71103 -5.67761 0.0025 0.180716 0.0912128 1.26183 0.0276677 7 4 1 0.979252 
-0.59405 -1.62257 -5.7913 0.0025 0.200721 0.105648 1.31586 0.0249102 8 4 1 0.982746 
-0.582171 -1.54251 -5.89329 0.0025 0.220282 0.120331 1.36565 0.0226982 9 4 1 0.98544 
-0.571294 -1.46924 -5.99167 0.0025 0.239467 0.135247 1.41197 0.0208797 10 4 1 0.987564 
-0.561249 -1.40158 -6.07896 0.0025 0.258325 0.150383 1.45538 0.0193555 11 4 1 0.98928 
-0.551907 -1.33877 -6.14766 0.0025 0.276876 0.165711 1.49626 0.0180586 12 4 1 0.990636 
-0.543165 -1.28003 -6.24088 0.0025 0.29517 0.181234 1.53501 0.0169394 13 4 1 0.991756 
-0.534947 -1.22471 -6.31452 0.0025 0.313248 0.196957 1.5719 0.0159618 14 4 1 0.992678 
-0.527188 -1.17245 -6.39735 0.0025 0.331127 0.212868 1.60715 0.0151 15 4 1 0.993476 
-0.519834 -1.12293 -6.44688 0.0025 0.348808 0.228944 1.64091 0.0143345 16 4 1 0.994137 
-0.512842 -1.07586 -6.52442 0.0025 0.366308 0.24518 1.67333 0.0136497 17 4 1 0.994699 
-0.506175 -1.03093 -6.59012 0.0025 0.383659 0.261588 1.70457 0.0130324 18 4 1 0.995193 
-0.499802 -0.98793 -6.64222 0.0025 0.400855 0.278144 1.7347 0.0124734 19 4 1 0.99561 
-0.493695 -0.946756 -6.71683 0.0025 0.417918 0.294855 1.76385 0.0119641 20 4 1 0.995981 
-0.487832 -0.907138 -6.76549 0.0025 0.434857 0.311718 1.79208 0.011498 21 4 1 0.996307 
-0.482192 -0.869027 -6.82286 0.0025 0.451669 0.328716 1.81946 0.01107 22 4 1 0.996587 
-0.476757 -0.832253 -6.89041 0.0025 0.46838 0.345865 1.84608 0.0106751 23 4 1 0.996847 
-0.471513 -0.796763 -6.92674 0.0025 0.48498 0.363143 1.87196 0.0103097 24 4 1 0.997073 
-0.466444 -0.762405 -6.98802 0.0025 0.501472 0.380545 1.89715 0.00997065 25 4 1 0.997278 
-0.461539 -0.729181 -7.03027 0.0025 0.517867 0.398074 1.92171 0.00965499 26 4 1 0.997462 
-0.456787 -0.696967 -7.08151 0.0025 0.534164 0.415718 1.94566 0.00936043 27 4 1 0.997632 
-0.452176 -0.665709 -7.11006 0.0025 0.550356 0.433464 1.96903 0.00908503 28 4 1 0.997782 
-0.447699 -0.635351 -7.16529 0.0025 0.566453 0.451314 1.99185 0.00882686 29 4 1 0.99792 
-0.443347 -0.605883 -7.19566 0.0025 0.582461 0.469269 2.01417 0.00858426 30 4 1 0.998048 
-0.439113 -0.57718 -7.23225 0.0025 0.59837 0.487308 2.03599 0.00835603 31 4 1 0.998164 
-0.43499 -0.549272 -7.26202 0.0025 0.614185 0.505431 2.05734 0.00814087 32 4 1 0.998269 
-0.430971 -0.522064 -7.30053 0.0025 0.629911 0.523639 2.07824 0.00793763 33 4 1 0.998365 
-0.427051 -0.495576 -7.33549 0.0025 0.645556 0.541935 2.09873 0.00774526 34 4 1 0.998458 
-0.423224 -0.469701 -7.34976 0.0025 0.661106 0.560296 2.1188 0.00756309 35 4 1 0.99854 
-0.419487 -0.444462 -7.3878 0.0025 0.676566 0.578724 2.13847 0.00739026 36 4 1 0.998616 
-0.415833 -0.419826 -7.41311 0.0025 0.69195 0.597228 2.15778 0.00722596 37 4 1 0.998685 
-0.41226 -0.395723 -7.44675 0.0025 0.707257 0.615803 2.17674 0.00706957 38 4 1 0.998753 
-0.408763 -0.372193 -7.45585 0.0025 0.722477 0.634434 2.19535 0.00692064 39 4 1 0.998815 
-0.405338 -0.349153 -7.47834 0.0025 0.737605 0.653108 2.21362 0.00677869 40 4 1 0.99887 
-0.401983 -0.326603 -7.51699 0.0025 0.752668 0.671854 2.23159 0.00664304 41 4 1 0.998923 
-0.398694 -0.304546 -7.52966 0.0025 0.76766 0.690662 2.24926 0.0065133 42 4 1 0.998973 
-0.395469 -0.282904 -7.54631 0.0025 0.782566 0.709509 2.26662 0.00638923 43 4 1 0.999021 
-0.392305 -0.261733 -7.56292 0.0025 0.797392 0.728397 2.2837 0.00627044 44 4 1 0.999066 
-0.389198 -0.240969 -7.56976 0.0025 0.812133 0.747316 2.30049 0.00615663 45 4 1 0.999106 
-0.386147 -0.22063 -7.59387 0.0025 0.826797 0.766273 2.31701 0.00604744 46 4 1 0.999145 
-0.38315 -0.2007 -7.60585 0.0025 0.841388 0.785271 2.33327 0.00594256 47 4 1 0.999183 
-0.380204 -0.181135 -7.59892 0.0025 0.855886 0.804279 2.34927 0.0058419 48 4 1 0.999219 
-0.377308 -0.16193 -7.61009 0.0025 0.870292 0.823293 2.365 0.0057452 49 4 1 0.999252 
-0.374459 -0.143143 -7.61661 0.0025 0.884616 0.842325 2.38049 0.00565217 50 4 1 0.999284 
-0.371655 -0.124671 -7.61552 0.0025 0.898847 0.861355 2.39573 0.00556268 51 4 1 0.999319 
-0.368896 -0.106595 -7.57598 0.0025 0.912943 0.880329 2.41069 0.00547679 52 4 1 0.999365 
-0.366178 -0.0891109 -7.37765 0.0025 0.926785 0.899064 2.42523 0.005395 53 4 1 0.999386 
-0.3635 -0.0721337 -7.49129 0.0025 0.94051 0.91774 2.43952 0.00531626 54 4 1 0.999351 
-0.360862 -0.0545132 -8.25034 0.0025 0.954723 0.93724 2.45423 0.00523712 55 4 1 0.999408 
-0.358263 -0.0364586 -7.74955 0.0025 0.968813 0.956755 2.46872 0.00516095 56 4 1 0.999692 
-0.3557 -0.0228996 -4.3091 0.0025 0.979886 0.972051 2.4799 0.00510263 57 4 1 0.999786 
-0.35316 -0.0150689 -3.86951 0.0025 0.98838 0.983612 2.48828 0.00505878 58 4 1 0.999378 
-0.350641 5.57884e-05 -11.1164 0.0025 1.00178 1.00239 2.50181 0.00499112 59 4 1 0.998952 
-0.348169 0.0268715 -12.735 0.0025 1.0211 1.02997 2.52131 0.00489668 60 4 1 0.999768 
-0.345744 0.0428785 -2.6939 0.0025 1.03408 1.04838 2.53407 0.00483521 61 4 1 1.00002 
-0.343333 0.0432164 0.869378 0.0025 1.03592 1.05077 2.53569 0.00482662 62 3 1 1 
-0.340918 0.0398911 1.9056 0.0025 1.03302 1.04659 2.53281 0.0048402 63 4 1 0.999982 
-0.338493 0.0352141 2.42963 0.0025 1.02886 1.04069 2.52871 0.00485974 64 4 1 0.999955 
-0.336058 0.0297916 2.72117 0.0025 1.02418 1.03404 2.52407 0.00488197 65 4 1 0.99994 
-0.333611 0.0241263 2.7612 0.0025 1.0194 1.02727 2.51932 0.00490486 66 4 1 0.999935 
-0.331153 0.0186944 2.57704 0.0025 1.0149 1.02093 2.51486 0.00492657 67 4 1 0.999941 
-0.328684 0.0138678 2.23315 0.0025 1.01098 1.01539 2.51094 0.00494571 68 4 1 0.999953 
-0.326207 0.00986322 1.81087 0.0025 1.00776 1.01086 2.50774 0.0049615 69 4 1 0.999968 
-0.323723 0.00673907 1.38402 0.0025 1.00527 1.00738 2.50526 0.00497376 70 4 1 0.99998 
-0.321233 0.00443265 1.00337 0.0025 1.00345 1.00483 2.50344 0.00498279 71 4 1 0.999989 
-0.31874 0.00281215 0.693735 0.0025 1.00218 1.00305 2.50217 0.00498911 72 4 1 0.999995 
-0.316244 0.00172344 0.459415 0.0025 1.00133 1.00186 2.50133 0.00499334 73 4 1 0.999998 
-0.313747 0.00102148 0.292336 0.0025 1.00079 1.0011 2.50078 0.00499606 74 4 1 0.999999 
-0.311248 0.000585953 0.179144 0.0025 1.00045 1.00063 2.50045 0.00499774 75 4 1 1 
-0.308749 0.000325456 0.105882 0.0025 1.00025 1.00035 2.50025 0.00499875 76 4 1 1 
-0.30625 0.00017507 0.0604166 0.0025 1.00013 1.00019 2.50013 0.00499933 77 4 1 1 
-0.30375 9.12088e-05 0.0333015 0.0025 1.00007 1.0001 2.50007 0.00499965 78 4 1 1 
-0.30125 4.60187e-05 0.017737 0.0025 1.00004 1.00005 2.50003 0.00499982 79 4 1 1 
-0.29875 2.24816e-05 0.00912988 0.0025 1.00002 1.00002 2.50002 0.00499991 80 4 1 1 
-0.29625 1.06317e-05 0.00454167 0.0025 1.00001 1.00001 2.50001 0.00499996 81 4 1 1 
-0.29375 4.86538e-06 0.00218314 0.0025 1 1.00001 2.5 0.00499998 82 4 1 1 
-0.29125 2.15374e-06 0.00101385 0.0025 1 1 2.5 0.00499999 83 4 1 1 
-0.28875 9.2177e-07 0.000454737 0.0025 1 1 2.5 0.005 84 4 1 1 
-0.28625 3.81197e-07 0.000196907 0.0025 1 1 2.5 0.005 85 4 1 1 
-0.28375 1.5222e-07 8.22723e-05 0.0025 1 1 2.5 0.005 86 4 1 1 
-0.28125 5.86456e-08 3.3148e-05 0.0025 1 1 2.5 0.005 87 4 1 1 
-0.27875 2.17777e-08 1.28685e-05 0.0025 1 1 2.5 0.005 88 4 1 1 
-0.27625 7.78557e-09 4.80887e-06 0.0025 1 1 2.5 0.005 89 4 1 1 
-0.27375 2.67581e-09 1.72778e-06 0.0025 1 1 2.5 0.005 90 4 1 1 
-0.27125 8.82609e-10 5.9601e-07 0.0025 1 1 2.5 0.005 91 4 1 1 
-0.26875 2.78794e-10 1.96976e-07 0.0025 1 1 2.5 0.005 92 4 1 1 
-0.26625 8.41135e-11 6.23193e-08 0.0025 1 1 2.5 0.005 93 4 1 1 
-0.26375 2.41553e-11 1.87433e-08 0.0025 1 1 2.5 0.005 94 4 1 1 
-0.26125 6.57079e-12 5.38927e-09 0.0025 1 1 2.5 0.005 95 4 1 1 
-0.25875 1.67799e-12 1.43382e-09 0.0025 1 1 2.5 0.005 96 4 1 1 
-0.25625 4.04387e-13 3.8284e-10 0.0025 1 1 2.5 0.005 97 4 1 1 
-0.25375 1.04108e-13 8.03198e-11 0.0025 1 1 2.5 0.005 98 4 1 1 
-0.25125 1.23688e-14 2.85922e-11 0.0025 1 1 2.5 0.005 99 4 1 1 
-0.24875 2.92457e-16 -5.11591e-13 0.0025 1 1 2.5 0.005 100 5 1 1 
-0.24625 5.16031e-17 1.7053e-13 0.0025 1 1 2.5 0.005 101 5 1 1 
-0.24375 1.01769e-47 3.36312e-44 0.0025 1 1 2.5 0.005 102 5 1 1 
-0.24125 0 0 0.0025 1 1 2.5 0.005 103 5 1 1 
-0.23875 0 0 0.0025 1 1 2.5 0.005 104 5 1 1 
-0.23625 0 0 0.0025 1 1 2.5 0.005 105 5 1 1 
-0.23375 0 0 0.0025 1 1 2.5 0.005 106 5 1 1 
-0.23125 0 0 0.0025 1 1 2.5 0.005 107 5 1 1 
-0.22875 0 0 0.0025 1 1 2.5 0.005 108 5 1 1 
-0.22625 0 0 0.0025 1 1 2.5 0.005 109 5 1 1 
-0.22375 0 0 0.0025 1 1 2.5 0.005 110 5 1 1 
-0.22125 0 0 0.0025 1 1 2.5 0.005 111 5 1 1 
-0.21875 0 0 0.0025 1 1 2.5 0.005 112 5 1 1 
-0.21625 0 0 0.0025 1 1 2.5 0.005 113 5 1 1 
-0.21375 0 0 0.0025 1 1 2.5 0.005 114 5 1 1 
-0.21125 0 0 0.0025 1 1 2.5 0.005 115 5 1 1 
-0.20875 0 0 0.0025 1 1 2.5 0.005 116 5 1 1 
-0.20625 0 0 0.0025 1 1 2.5 0.005 117 5 1 1 
-0.20375 0 0 0.0025 1 1 2.5 0.005 118 5 1 1 
-0.20125 0 0 0.0025 1 1 2.5 0.005 119 5 1 1 
-0.19875 0 0 0.0025 1 1 2.5 0.005 120 5 1 1 
-0.19625 0 0 0.0025 1 1 2.5 0.005 121 5 1 1 
-0.19375 0 0 0.0025 1 1 2.5 0.005 122 5 1 1 
-0.19125 0 0 0.0025 1 1 2.5 0.005 123 5 1 1 
-0.18875 0 0 0.0025 1 1 2.5 0.005 124 5 1 1 
-0.18625 0 0 0.0025 1 1 2.5 0.005 125 5 1 1 
-0.18375 0 0 0.0025 1 1 2.5 0.005 126 5 1 1 
-0.18125 0 0 0.0025 1 1 2.5 0.005 127 5 1 1 
-0.17875 0 0 0.0025 1 1 2.5 0.005 128 5 1 1 
-0.17625 0 0 0.0025 1 1 2.5 0.005 129 5 1 1 
-0.17375 0 0 0.0025 1 1 2.5 0.005 130 5 1 1 
-0.17125 0 0 0.0025 1 1 2.5 0.005 131 5 1 1 
-0.16875 0 0 0.0025 1 1 2.5 0.005 132 5 1 1 
-0.16625 0 0 0.0025 1 1 2.5 0.005 133 5 1 1 
-0.16375 0 0 0.0025 1 1 2.5 0.005 134 5 1 1 
-0.16125 0 0 0.0025 1 1 2.5 0.005 135 5 1 1 
-0.15875 0 0 0.0025 1 1 2.5 0.005 136 5 1 1 
-0.15625 0 0 0.0025 1 1 2.5 0.005 137 5 1 1 
-0.15375 0 0 0.0025 1 1 2.5 0.005 138 5 1 1 
-0.15125 0 0 0.0025 1 1 2.5 0.005 139 5 1 1 
-0.14875 0 0 0.0025 1 1 2.5 0.005 140 5 1 1 
-0.14625 0 0 0.0025 1 1 2.5 0.005 141 5 1 1 
-0.14375 0 0 0.0025 1 1 2.5 0.005 142 5 1 1 
-0.14125 0 0 0.0025 1 1 2.5 0.005 143 5 1 1 
-0.13875 0 0 0.0025 1 1 2.5 0.005 144 5 1 1 
-0.13625 0 0 0.0025 1 1 2.5 0.005 145 5 1 1 
-0.13375 0 0 0.0025 1 1 2.5 0.005 146 5 1 1 
-0.13125 0 0 0.0025 1 1 2.5 0.005 147 5 1 1 
-0.12875 0 0 0.0025 1 1 2.5 0.005 148 5 1 1 
-0.12625 0 0 0.0025 1 1 2.5 0.005 149 5 1 1 
-0.12375 0 0 0.0025 1 1 2.5 0.005 150 5 1 1 
-0.12125 0 0 0.0025 1 1 2.5 0.005 151 5 1 1 
-0.11875 0 0 0.0025 1 1 2.5 0.005 152 5 1 1 
-0.11625 0 0 0.0025 1 1 2.5 0.005 153 5 1 1 
-0.11375 0 0 0.0025 1 1 2.5 0.005 154 5 1 1 
-0.11125 0 0 0.0025 1 1 2.5 0.005 155 5 1 1 
-0.10875 0 0 0.0025 1 1 2.5 0.005 156 5 1 1 
-0.10625 0 0 0.0025 1 1 2.5 0.005 157 5 1 1 
-0.10375 0 0 0.0025 1 1 2.5 0.005 158 5 1 1 
-0.10125 0 0 0.0025 1 1 2.5 0.005 159 5 1 1 
-0.09875 0 0 0.0025 1 1 2.5 0.005 160 5 1 1 
-0.09625 0 0 0.0025 1 1 2.5 0.005 161 5 1 1 
-0.09375 0 0 0.0025 1 1 2.5 0.005 162 5 1 1 
-0.09125 0 0 0.0025 1 1 2.5 0.005 163 5 1 1 
-0.08875 0 0 0.0025 1 1 2.5 0.005 164 5 1 1 
-0.08625 0 0 0.0025 1 1 2.5 0.005 165 5 1 1 
-0.08375 0 0 0.0025 1 1 2.5 0.005 166 5 1 1 
-0.08125 0 0 0.0025 1 1 2.5 0.005 167 5 1 1 
-0.07875 0 0 0.0025 1 1 2.5 0.005 168 5 1 1 
-0.07625 0 0 0.0025 1 1 2.5 0.005 169 5 1 1 
-0.07375 0 0 0.0025 1 1 2.5 0.005 170 5 1 1 
-0.07125 0 0 0.0025 1 1 2.5 0.005 171 5 1 1 
-0.06875 0 0 0.0025 1 1 2.5 0.005 172 5 1 1 
-0.06625 -3.05053e-47 -1.12104e-44 0.0025 1 1 2.5 0.005 173 5 1 1 
-0.06375 -6.87032e-17 -1.12104e-44 0.0025 1 1 2.5 0.005 174 5 1 1 
-0.06125 -2.05762e-16 0 0.0025 1 1 2.5 0.005 175 5 1 1 
-0.05875 -3.42091e-16 0 0.0025 1 1 2.5 0.005 176 5 1 1 
-0.05625 -4.94547e-16 -5.68434e-14 0.0025 1 1 2.5 0.005 177 5 1 1 
-0.05375 -6.63079e-16 5.68434e-14 0.0025 1 1 2.5 0.005 178 5 1 1 
-0.05125 -8.98484e-16 -5.68434e-14 0.0025 1 1 2.5 0.005 179 5 1 1 
-0.04875 -1.14927e-15 0 0.0025 1 1 2.5 0.005 180 5 1 1 
-0.04625 -1.38004e-15 3.9443e-29 0.0025 1 1 2.5 0.005 181 5 1 1 
-0.04375 -1.76146e-15 -3.97904e-13 0.0025 1 1 2.5 0.005 182 5 1 1 
-0.04125 -4.36777e-15 -1.13687e-12 0.0025 1 1 2.5 0.005 183 3 1 1 
-0.03875 -3.30154e-15 2.27374e-12 0.0025 1 1 2.5 0.005 184 3 1 1 
-0.03625 -6.87177e-16 -2.27374e-13 0.0025 1 1 2.5 0.005 185 5 1 1 
-0.03375 -1.30794e-15 -4.54747e-13 0.0025 1 1 2.5 0.005 186 4 1 1 
-0.03125 -1.79216e-15 6.82121e-13 0.0025 1 1 2.5 0.005 187 3 1 1 
-0.02875 -2.94099e-15 -7.95808e-13 0.0025 1 1 2.5 0.005 188 4 1 1 
-0.02625 -1.87692e-15 5.68434e-14 0.0025 1 1 2.5 0.005 189 3 1 1 
-0.02375 1.98539e-16 -5.68434e-14 0.0025 1 1 2.5 0.005 190 4 1 1 
-0.02125 5.77791e-17 1.13687e-13 0.0025 1 1 2.5 0.005 191 5 1 1 
-0.01875 -2.05193e-15 -1.13687e-13 0.0025 1 1 2.5 0.005 192 5 1 1 
-0.01625 2.06262e-15 -2.07076e-28 0.0025 1 1 2.5 0.005 193 4 1 1 
-0.01375 1.0087e-15 5.68434e-14 0.0025 1 1 2.5 0.005 194 3 1 1 
-0.01125 2.8635e-16 -5.68434e-14 0.0025 1 1 2.5 0.005 195 4 1 1 
-0.00875 -4.04839e-16 -5.68434e-14 0.0025 1 1 2.5 0.005 196 4 1 1 
-0.00625 -1.00529e-16 -5.68434e-14 0.0025 1 1 2.5 0.005 197 4 1 1 
-0.00375 -2.41459e-16 -5.60519e-44 0.0025 1 1 2.5 0.005 198 3 1 1 
-0.00125 2.02276e-16 2.27374e-13 0.0025 1 1 2.5 0.005 199 4 1 1 
0.00125 1.87751e-16 -2.84217e-13 0.0025 1 1 2.5 0.005 200 5 1 1 
0.00375 4.17191e-17 1.7053e-13 0.0025 1 1 2.5 0.005 201 5 1 1 
0.00625 2.79693e-16 -4.93038e-29 0.0025 1 1 2.5 0.005 202 4 1 1 
0.00875 -2.28817e-16 -5.68434e-14 0.0025 1 1 2.5 0.005 203 3 1 1 
0.01125 2.92354e-16 5.68434e-14 0.0025 1 1 2.5 0.005 204 3 1 1 
0.01375 1.24133e-16 1.02318e-12 0.0025 1 1 2.5 0.005 205 5 1 1 
0.01625 1.02959e-15 -1.87583e-12 0.0025 1 1 2.5 0.005 206 3 1 1 
0.01875 2.30594e-15 5.68434e-13 0.0025 1 1 2.5 0.005 207 4 1 1 
0.02125 -3.58255e-16 3.97904e-13 0.0025 1 1 2.5 0.005 208 5 1 1 
0.02375 2.07176e-15 -5.68434e-14 0.0025 1 1 2.5 0.005 209 5 1 1 
0.02625 2.92135e-15 -7.38964e-13 0.0025 1 1 2.5 0.005 210 4 1 1 
0.02875 1.93269e-15 1.25056e-12 0.0025 1 1 2.5 0.005 211 4 1 1 
0.03125 -2.5842e-15 -1.7053e-12 0.0025 1 1 2.5 0.005 212 4 1 1 
0.03375 5.59721e-15 7.95808e-13 0.0025 1 1 2.5 0.005 213 4 1 1 
0.03625 2.3845e-15 2.27374e-13 0.0025 1 1 2.5 0.005 214 5 1 1 
0.03875 1.63935e-15 1.7053e-13 0.0025 1 1 2.5 0.005 215 5 1 1 
0.04125 1.16233e-15 5.60519e-44 0.0025 1 1 2.5 0.005 216 5 1 1 
0.04375 9.86667e-16 5.68434e-14 0.0025 1 1 2.5 0.005 217 5 1 1 
0.04625 8.23984e-16 -5.68434e-14 0.0025 1 1 2.5 0.005 218 5 1 1 
0.04875 6.58747e-16 5.68434e-14 0.0025 1 1 2.5 0.005 219 5 1 1 
0.05125 4.91815e-16 -5.68434e-14 0.0025 1 1 2.5 0.005 220 5 1 1 
0.05375 3.23424e-16 5.68434e-14 0.0025 1 1 2.5 0.005 221 5 1 1 
0.05625 1.36717e-16 1.12104e-44 0.0025 1 1 2.5 0.005 222 5 1 1 
0.05875 4.69322e-46 1.12104e-44 0.0025 1 1 2.5 0.005 223 5 1 1 
0.06125 0 0 0.0025 1 1 2.5 0.005 224 5 1 1 
0.06375 0 0 0.0025 1 1 2.5 0.005 225 5 1 1 
0.06625 0 0 0.0025 1 1 2.5 0.005 226 5 1 1 
0.06875 0 0 0.0025 1 1 2.5 0.005 227 5 1 1 
0.07125 0 0 0.0025 1 1 2.5 0.005 228 5 1 1 
0.07375 0 0 0.0025 1 1 2.5 0.005 229 5 1 1 
0.07625 0 0 0.0025 1 1 2.5 0.005 230 5 1 1 
0.07875 0 0 0.0025 1 1 2.5 0.005 231 5 1 1 
0.08125 0 0 0.0025 1 1 2.5 0.005 232 5 1 1 
0.08375 0 0 0.0025 1 1 2.5 0.005 233 5 1 1 
0.08625 0 0 0.0025 1 1 2.5 0.005 234 5 1 1 
0.08875 0 0 0.0025 1 1 2.5 0.005 235 5 1 1 
0.09125 -8.496e-46 -1.12104e-44 0.0025 1 1 2.5 0.005 236 5 1 1 
0.09375 -3.35691e-17 -1.12104e-44 0.0025 1 1 2.5 0.005 237 5 1 1 
0.09625 -2.00225e-16 1.12104e-44 0.0025 1 1 2.5 0.005 238 5 1 1 
0.09875 -3.32868e-16 1.12104e-44 0.0025 1 1 2.5 0.005 239 5 1 1 
0.10125 1.03204e-15 0 0.0025 1 1 2.5 0.005 240 5 1 1 
0.10375 8.70541e-16 5.60519e-44 0.0025 1 1 2.5 0.005 241 5 1 1 
0.10625 2.09568e-15 -6.72623e-44 0.0025 1 1 2.5 0.005 242 5 1 1 
0.10875 4.58094e-16 2.8026e-43 0.0025 1 1 2.5 0.005 243 5 1 1 
0.11125 3.37504e-15 3.41061e-13 0.0025 1 1 2.5 0.005 244 5 1 1 
0.11375 6.37839e-16 3.97904e-13 0.0025 1 1 2.5 0.005 245 5 1 1 
0.11625 3.90698e-15 -5.68434e-14 0.0025 1 1 2.5 0.005 246 5 1 1 
0.11875 1.45079e-15 -1.13687e-13 0.0025 1 1 2.5 0.005 247 5 1 1 
0.12125 2.06417e-15 -7.14905e-27 0.0025 1 1 2.5 0.005 248 5 1 1 
0.12375 -7.21633e-16 -7.18849e-27 0.0025 1 1 2.5 0.005 249 4 1 1 
0.12625 7.21633e-16 7.18849e-27 0.0025 1 1 2.5 0.005 250 4 1 1 
0.12875 -2.06417e-15 7.14905e-27 0.0025 1 1 2.5 0.005 251 5 1 1 
0.13125 -1.45079e-15 1.13687e-13 0.0025 1 1 2.5 0.005 252 5 1 1 
0.13375 -3.90698e-15 5.68434e-14 0.0025 1 1 2.5 0.005 253 5 1 1 
0.13625 -6.37839e-16 -3.97904e-13 0.0025 1 1 2.5 0.005 254 5 1 1 
0.13875 -3.37504e-15 -3.41061e-13 0.0025 1 1 2.5 0.005 255 5 1 1 
0.14125 -4.58094e-16 -2.8026e-43 0.0025 1 1 2.5 0.005 256 5 1 1 
0.14375 -2.09568e-15 6.72623e-44 0.0025 1 1 2.5 0.005 257 5 1 1 
0.14625 -8.70541e-16 -5.60519e-44 0.0025 1 1 2.5 0.005 258 5 1 1 
0.14875 -1.03204e-15 0 0.0025 1 1 2.5 0.005 259 5 1 1 
0.15125 3.32868e-16 -1.12104e-44 0.0025 1 1 2.5 0.005 260 5 1 1 
0.15375 2.00225e-16 -1.12104e-44 0.0025 1 1 2.5 0.005 261 5 1 1 
0.15625 3.35691e-17 1.12104e-44 0.0025 1 1 2.5 0.005 262 5 1 1 
0.15875 8.496e-46 1.12104e-44 0.0025 1 1 2.5 0.005 263 5 1 1 
0.16125 0 0 0.0025 1 1 2.5 0.005 264 5 1 1 
0.16375 0 0 0.0025 1 1 2.5 0.005 265 5 1 1 
0.16625 0 0 0.0025 1 1 2.5 0.005 266 5 1 1 
0.16875 0 0 0.0025 1 1 2.5 0.005 267 5 1 1 
0.17125 0 0 0.0025 1 1 2.5 0.005 268 5 1 1 
0.17375 0 0 0.0025 1 1 2.5 0.005 269 5 1 1 
0.17625 0 0 0.0025 1 1 2.5 0.005 270 5 1 1 
0.17875 0 0 0.0025 1 1 2.5 0.005 271 5 1 1 
0.18125 0 0 0.0025 1 1 2.5 0.005 272 5 1 1 
0.18375 0 0 0.0025 1 1 2.5 0.005 273 5 1 1 
0.18625 0 0 0.0025 1 1 2.5 0.005 274 5 1 1 
0.18875 0 0 0.0025 1 1 2.5 0.005 275 5 1 1 
0.19125 0 0 0.0025 1 1 2.5 0.005 276 5 1 1 
0.19375 0 0 0.0025 1 1 2.5 0.005 277 5 1 1 
0.19625 0 0 0.0025 1 1 2.5 0.005 278 5 1 1 
0.19875 0 0 0.0025 1 1 2.5 0.005 279 5 1 1 
0.20125 -5.69911e-46 -1.12104e-44 0.0025 1 1 2.5 0.005 280 5 1 1 
0.20375 -1.01886e-16 -1.12104e-44 0.0025 1 1 2.5 0.005 281 5 1 1 
0.20625 -2.71073e-16 0 0.0025 1 1 2.5 0.005 282 5 1 1 
0.20875 -4.39498e-16 0 0.0025 1 1 2.5 0.005 283 5 1 1 
0.21125 -6.06603e-16 1.12104e-44 0.0025 1 1 2.5 0.005 284 5 1 1 
0.21375 -7.72562e-16 1.12104e-44 0.0025 1 1 2.5 0.005 285 5 1 1 
0.21625 7.60921e-16 5.68434e-14 0.0025 1 1 2.5 0.005 286 5 1 1 
0.21875 6.01898e-16 5.68434e-14 0.0025 1 1 2.5 0.005 287 5 1 1 
0.22125 3.48829e-15 -6.72623e-44 0.0025 1 1 2.5 0.005 288 5 1 1 
0.22375 2.5258e-15 1.13687e-13 0.0025 1 1 2.5 0.005 289 5 1 1 
0.22625 2.00737e-15 5.68434e-14 0.0025 1 1 2.5 0.005 290 5 1 1 
0.22875 6.39155e-16 5.68434e-14 0.0025 1 1 2.5 0.005 291 5 1 1 
0.23125 2.6779e-15 -2.69049e-43 0.0025 1 1 2.5 0.005 292 5 1 1 
0.23375 7.01108e-17 1.68156e-43 0.0025 1 1 2.5 0.005 293 5 1 1 
0.23625 1.06703e-15 -1.7053e-13 0.0025 1 1 2.5 0.005 294 5 1 1 
0.23875 -2.718e-15 -1.7053e-13 0.0025 1 1 2.5 0.005 295 5 1 1 
0.24125 2.17337e-15 -2.27374e-13 0.0025 1 1 2.5 0.005 296 5 1 1 
0.24375 -2.7655e-15 -2.27374e-13 0.0025 1 1 2.5 0.005 297 5 1 1 
0.24625 4.81169e-15 -5.68434e-13 0.0025 1 1 2.5 0.005 298 5 1 1 
0.24875 -2.03139e-16 7.95808e-13 0.0025 1 1 2.5 0.005 299 4 1 1 
0.25125 -9.67027e-15 -2.6148e-11 0.0025 1 1 2.5 0.005 300 4 1 1 
0.25375 -8.77236e-14 -7.58291e-11 0.0025 1 1 2.5 0.005 301 4 1 1 
0.25625 -3.83122e-13 -3.32648e-10 0.0025 1 1 2.5 0.005 302 4 1 1 
0.25875 -1.54701e-12 -1.33321e-09 0.0025 1 1 2.5 0.005 303 4 1 1 
0.26125 -5.95584e-12 -4.79497e-09 0.0025 1 1 2.5 0.005 304 4 1 1 
0.26375 -2.15796e-11 -1.66173e-08 0.0025 1 1 2.5 0.005 305 4 1 1 
0.26625 -7.43768e-11 -5.44907e-08 0.0025 1 1 2.5 0.005 306 4 1 1 
0.26875 -2.44031e-10 -1.70774e-07 0.0025 1 1 2.5 0.005 307 4 1 1 
0.27125 -7.65322e-10 -5.11907e-07 0.0025 1 1 2.5 0.005 308 4 1 1 
0.27375 -2.29994e-09 -1.4714e-06 0.0025 1 1 2.5 0.005 309 4 1 1 
0.27625 -6.63674e-09 -4.06228e-06 0.0025 1 1 2.5 0.005 310 4 1 1 
0.27875 -1.84193e-08 -1.07871e-05 0.0025 1 1 2.5 0.005 311 4 1 1 
0.28125 -4.92328e-08 -2.75824e-05 0.0025 1 1 2.5 0.005 312 4 1 1 
0.28375 -1.2688e-07 -6.79759e-05 0.0025 1 1 2.5 0.005 313 4 1 1 
0.28625 -3.15569e-07 -0.000161586 0.0025 1 1 2.5 0.005 314 4 1 1 
0.28875 -7.58066e-07 -0.000370717 0.0025 1 1 2.5 0.005 315 4 1 1 
0.29125 -1.76003e-06 -0.000821281 0.0025 1 1 2.5 0.00499999 316 4 1 1 
0.29375 -3.95165e-06 -0.00175759 0.0025 1 1 2.5 0.00499998 317 4 1 1 
0.29625 -8.58391e-06 -0.00363452 0.0025 1.00001 1.00001 2.50001 0.00499997 318 4 1 1 
0.29875 -1.80473e-05 -0.00726384 0.0025 1.00001 1.00002 2.50001 0.00499993 319 4 1 1 
0.30125 -3.67368e-05 -0.0140321 0.0025 1.00003 1.00004 2.50003 0.00499986 320 4 1 1 
0.30375 -7.24201e-05 -0.026201 0.0025 1.00006 1.00008 2.50006 0.00499972 321 4 1 1 
0.30625 -0.000138282 -0.0472827 0.0025 1.00011 1.00015 2.50011 0.00499947 322 4 1 1 
0.308749 -0.000255779 -0.0824435 0.0025 1.0002 1.00027 2.5002 0.00499902 323 4 1 1 
0.311249 -0.000458303 -0.138825 0.0025 1.00035 1.00049 2.50035 0.00499823 324 4 1 1 
0.313748 -0.00079537 -0.225571 0.0025 1.00061 1.00086 2.50061 0.00499693 325 4 1 0.999999 
0.316246 -0.00133651 -0.353243 0.0025 1.00103 1.00144 2.50103 0.00499483 326 4 1 0.999999 
0.318742 -0.00217331 -0.532169 0.0025 1.00169 1.00236 2.50168 0.00499157 327 4 1 0.999997 
0.321237 -0.00341703 -0.769316 0.0025 1.00266 1.00372 2.50265 0.00498672 328 4 1 0.999994 
0.323729 -0.00518855 -1.06353 0.0025 1.00406 1.00568 2.50405 0.00497978 329 4 1 0.999988 
0.326217 -0.00759766 -1.39989 0.0025 1.00597 1.00836 2.50596 0.00497031 330 4 1 0.99998 
0.328699 -0.0107111 -1.74521 0.0025 1.00847 1.01187 2.50845 0.00495801 331 4 1 0.999971 
0.331175 -0.0145143 -2.04827 0.0025 1.01155 1.01621 2.51152 0.0049429 332 4 1 0.999961 
0.333642 -0.0188795 -2.24757 0.0025 1.01514 1.02126 2.51509 0.00492543 333 4 1 0.999956 
0.3361 -0.0235556 -2.28755 0.0025 1.01905 1.02679 2.51898 0.00490653 334 4 1 0.999956 
0.338549 -0.0281917 -2.13333 0.0025 1.02301 1.03239 2.52291 0.00488755 335 4 1 0.999964 
0.340988 -0.0323864 -1.78001 0.0025 1.02668 1.03759 2.52654 0.00487009 336 4 1 0.99998 
0.343419 -0.0356984 -1.18432 0.0025 1.02957 1.04171 2.52941 0.0048564 337 3 1 1.00001 
0.345844 -0.036796 0.927599 0.0025 1.02953 1.04184 2.5295 0.00485658 338 4 1 1.00001 
0.348276 -0.0265962 10.0883 0.0025 1.02006 1.02853 2.52027 0.0049017 339 4 1 0.999924 
0.350746 -0.000635977 12.8099 0.0025 1.00144 1.00202 2.50154 0.00499284 340 4 1 0.999131 
0.353269 0.0192306 5.89566 0.0025 0.985395 0.979421 2.48523 0.00507411 341 4 1 0.999141 
0.355821 0.028647 3.90587 0.0025 0.975607 0.966028 2.47547 0.00512502 342 4 1 0.999684 
0.358394 0.0406022 6.91752 0.0025 0.965311 0.951899 2.4651 0.00517968 343 4 1 0.999725 
0.361001 0.0578529 8.21258 0.0025 0.951867 0.933326 2.45127 0.00525283 344 4 1 0.999473 
0.363647 0.0757987 7.66656 0.0025 0.937592 0.913746 2.43646 0.00533281 345 4 1 0.999347 
0.366334 0.0930488 7.40124 0.0025 0.923714 0.894879 2.42198 0.00541293 346 4 1 0.999366 
0.36906 0.110542 7.53185 0.0025 0.909862 0.876158 2.40739 0.00549534 347 4 1 0.999358 
0.371829 0.128628 7.60519 0.0025 0.895788 0.857241 2.39243 0.00558168 348 4 1 0.999318 
0.374643 0.147145 7.59301 0.0025 0.88157 0.838252 2.37717 0.0056717 349 4 1 0.99928 
0.377502 0.166008 7.6028 0.0025 0.867254 0.819258 2.36165 0.00576532 350 4 1 0.999248 
0.380408 0.18523 7.59467 0.0025 0.852842 0.800262 2.34588 0.00586275 351 4 1 0.999213 
0.383365 0.204851 7.58758 0.0025 0.838345 0.781284 2.32985 0.00596413 352 4 1 0.999177 
0.386373 0.224837 7.57164 0.0025 0.82377 0.762335 2.31357 0.00606965 353 4 1 0.99914 
0.389435 0.245221 7.55331 0.0025 0.809123 0.743427 2.29703 0.00617953 354 4 1 0.999102 
0.392553 0.266022 7.53412 0.0025 0.794404 0.724564 2.28022 0.00629402 355 4 1 0.999061 
0.395729 0.287205 7.52858 0.0025 0.779604 0.705737 2.26314 0.00641351 356 4 1 0.999017 
0.398967 0.308836 7.49048 0.0025 0.764736 0.686967 2.24578 0.0065382 357 4 1 0.99897 
0.402268 0.330884 7.44536 0.0025 0.74983 0.668296 2.22817 0.00666817 358 4 1 0.998925 
0.405636 0.35333 7.42106 0.0025 0.734878 0.649715 2.21029 0.00680385 359 4 1 0.998878 
0.409073 0.376214 7.36213 0.0025 0.719894 0.631245 2.19216 0.00694547 360 4 1 0.998827 
0.412582 0.39946 7.29207 0.0025 0.70492 0.61294 2.17381 0.007093 361 4 1 0.99878 
0.416167 0.423019 7.18364 0.0025 0.69001 0.594868 2.1553 0.00724627 362 4 1 0.998737 
0.419829 0.446796 7.03236 0.0025 0.675251 0.577132 2.13675 0.00740465 363 4 1 0.998707 
0.423572 0.470526 6.81862 0.0025 0.660765 0.559872 2.11829 0.00756699 364 4 1 0.998695 
0.427397 0.493894 6.46413 0.0025 0.646765 0.543335 2.10023 0.00773078 365 4 1 0.998717 
0.431304 0.516426 5.9946 0.0025 0.633519 0.527821 2.08292 0.00789242 366 4 1 0.99879 
0.435291 0.537496 5.39576 0.0025 0.62128 0.513601 2.06673 0.0080479 367 4 1 0.99891 
0.439353 0.556814 4.81583 0.0025 0.610148 0.500767 2.05185 0.00819473 368 4 1 0.999057 
0.443486 0.574748 4.51862 0.0025 0.599816 0.488943 2.03789 0.00833589 369 4 1 0.999168 
0.447689 0.592896 4.72916 0.0025 0.58952 0.477239 2.02384 0.00848148 370 4 1 0.999173 
0.451968 0.612959 5.2459 0.0025 0.578513 0.464814 2.00865 0.00864285 371 4 1 0.999042 
0.456333 0.634834 5.31625 0.0025 0.566977 0.451884 1.99253 0.00881869 372 4 1 0.998879 
0.460788 0.655794 4.50124 0.0025 0.556249 0.439951 1.97736 0.00898879 373 4 1 0.998932 
0.465323 0.67175 2.79207 0.0025 0.548149 0.431004 1.96579 0.00912161 374 4 1 0.99931 
0.46991 0.679503 0.716234 0.0025 0.544 0.426449 1.95983 0.00919118 375 4 1 0.999789 
0.474514 0.679854 -0.225367 0.0025 0.543088 0.425462 1.95855 0.00920662 376 5 1 0.999989 
0.479117 0.679541 -0.0885672 0.0025 0.543235 0.425631 1.95878 0.00920412 377 4 1 0.999999 
0.483718 0.678941 -0.17115 0.0025 0.543471 0.425893 1.95913 0.00920012 378 4 1 0.999999 
0.488317 0.678182 -0.181289 0.0025 0.543836 0.426297 1.95968 0.00919395 379 4 1 0.999998 
0.492912 0.677404 -0.167472 0.0025 0.54423 0.426734 1.96026 0.00918729 380 4 1 0.999999 
0.497504 0.676697 -0.140968 0.0025 0.544599 0.427143 1.96081 0.00918107 381 4 1 0.999999 
0.502093 0.676107 -0.113695 0.0025 0.544915 0.427494 1.96129 0.00917574 382 4 1 0.999999 
0.50668 0.675636 -0.0890796 0.0025 0.545171 0.427779 1.96168 0.00917144 383 4 1 1 
0.511265 0.675267 -0.0690475 0.0025 0.54537 0.428004 1.96199 0.00916808 384 4 1 1 
0.515848 0.674978 -0.0543491 0.0025 0.545525 0.42818 1.96224 0.00916549 385 4 1 1 
0.52043 0.67475 -0.0439429 0.0025 0.545644 0.428318 1.96244 0.00916348 386 4 1 1 
0.525011 0.674564 -0.0366015 0.0025 0.545739 0.42843 1.96262 0.00916189 387 4 1 1 
0.529592 0.674408 -0.0314161 0.0025 0.545815 0.428523 1.96277 0.00916062 388 4 1 1 
0.534172 0.674272 -0.0275457 0.0025 0.545877 0.428602 1.9629 0.00915957 389 4 1 1 
0.538752 0.674152 -0.0244845 0.0025 0.545928 0.428671 1.96304 0.00915871 390 4 1 1 
0.543331 0.674044 -0.0219419 0.0025 0.545971 0.428732 1.96317 0.009158 391 4 1 1 
0.54791 0.673946 -0.0196556 0.0025 0.546004 0.428787 1.96329 0.00915744 392 4 1 1 
0.552488 0.673859 -0.0175056 0.0025 0.546027 0.428833 1.96343 0.00915706 393 4 1 1 
0.557067 0.67378 -0.0155134 0.0025 0.546028 0.428864 1.96356 0.00915704 394 3 1 1 
0.561645 0.67371 -0.0137168 0.0025 0.545957 0.428853 1.96376 0.00915823 395 4 1 1 
0.566225 0.673647 -0.0121272 0.0025 0.545581 0.428617 1.96404 0.00916454 396 4 1 0.999999 
0.57081 0.673591 -0.0107388 0.0025 0.543976 0.426831 1.96163 0.00919158 397 4 1 0.999988 
0.575416 0.67354 -0.00951659 0.0025 0.530825 0.411463 1.93784 0.00941929 398 4 1 0.999666 
0.580234 0.673492 -0.00838079 0.0025 0.506745 0.440189 2.17165 0.00986689 399 4 1 0.9947 
0.58529 0.673446 -0.00731493 0.0025 0.481247 0.415444 2.15816 0.0103897 400 4 1 0.993719 
0.590633 0.673402 -0.00631062 0.0025 0.458769 0.449985 2.45213 0.0108987 401 4 1 0.993701 
0.596195 0.673359 -0.00537077 0.0025 0.450151 0.430514 2.39094 0.0111074 402 5 1 0.998658 
0.60174 0.673319 -0.00452677 0.0025 0.451753 0.428844 2.37322 0.011068 403 4 1 0.999967 
0.607263 0.673282 -0.00375771 0.0025 0.453381 0.428805 2.36448 0.0110283 404 4 1 0.999986 
0.612769 0.673247 -0.00299524 0.0025 0.454472 0.428943 2.35957 0.0110018 405 4 1 0.999994 
0.618265 0.673213 -0.00212118 0.0025 0.455171 0.429027 2.35641 0.0109849 406 4 1 0.999997 
0.623754 0.673177 -0.000847262 0.0025 0.455642 0.429068 2.3542 0.0109735 407 4 1 0.999999 
0.629238 0.673134 0.00178385 0.0025 0.45597 0.429083 2.35259 0.0109656 408 4 1 0.999999 
0.634719 0.673067 0.00823852 0.0025 0.456191 0.429065 2.35134 0.0109603 409 4 1 1 
0.640198 0.672923 0.0277709 0.0025 0.456298 0.428968 2.35026 0.0109577 410 3 1 1 
0.645677 0.672536 0.0882915 0.0025 0.45619 0.428642 2.34903 0.0109603 411 4 1 1 
0.651159 0.671394 0.26602 0.0025 0.455542 0.427647 2.3469 0.0109759 412 4 1 0.999997 
0.656653 0.668102 0.768162 0.0025 0.453495 0.424846 2.34204 0.0110255 413 4 1 0.999965 
0.662184 0.659446 1.92048 0.0025 0.448172 0.417783 2.33042 0.0111564 414 4 1 0.999742 
0.66781 0.638233 4.60378 0.0025 0.436184 0.402078 2.30442 0.0114631 415 4 1 0.998626 
0.673652 0.593956 8.84577 0.0025 0.413376 0.372576 2.25306 0.0120955 416 4 1 0.99473 
0.679923 0.503779 19.2479 0.0025 0.374335 0.323018 2.15707 0.013357 417 4 1 0.985404 
0.68708 0.329653 30.7024 0.0025 0.32315 0.260645 2.01649 0.0154727 418 4 1 0.967962 
0.695551 0.134454 24.009 0.0025 0.279608 0.210857 1.88558 0.0178822 419 4 1 0.960721 
0.70507 0.0276761 8.35532 0.0025 0.257341 0.186994 1.81679 0.0194294 420 4 1 0.982219 
0.714999 0.00162835 1.06877 0.0025 0.250894 0.180394 1.79757 0.0199288 421 4 1 0.997806 
0.724999 -0.000321268 -0.0430641 0.0025 0.249993 0.179492 1.79498 0.0200006 422 4 1 0.99995 
0.735 -1.54374e-05 -0.0151866 0.0025 0.249989 0.179489 1.79497 0.0200009 423 5 1 1 
0.745 5.78635e-06 0.00082667 0.0025 0.250001 0.179501 1.795 0.02 424 3 1 1 
0.755 1.67508e-06 0.000353607 0.0025 0.25 0.1795 1.795 0.02 425 4 1 1 
0.765 3.75099e-07 8.60925e-05 0.0025 0.25 0.1795 1.795 0.02 426 4 1 1 
0.775 7.72144e-08 1.86956e-05 0.0025 0.25 0.1795 1.795 0.02 427 4 1 1 
0.785 1.50004e-08 3.8083e-06 0.0025 0.25 0.1795 1.795 0.02 428 4 1 1 
0.795 2.7548e-09 7.34223e-07 0.0025 0.25 0.1795 1.795 0.02 429 4 1 1 
0.805 4.77081e-10 1.33695e-07 0.0025 0.25 0.1795 1.795 0.02 430 4 1 1 
0.815 7.77056e-11 2.29235e-08 0.0025 0.25 0.1795 1.795 0.02 431 4 1 1 
0.825 1.18796e-11 3.68811e-09 0.0025 0.25 0.1795 1.795 0.02 432 4 1 1 
0.835 1.68631e-12 5.54564e-10 0.0025 0.25 0.1795 1.795 0.02 433 4 1 1 
0.845 2.33717e-13 7.96945e-11 0.0025 0.25 0.1795 1.795 0.02 434 4 1 1 
0.855 2.00067e-14 1.05445e-11 0.0025 0.25 0.1795 1.795 0.02 435 4 1 1 
0.865 1.26791e-15 4.40536e-13 0.0025 0.25 0.1795 1.795 0.02 436 5 1 1 
0.875 1.28962e-16 5.68434e-14 0.0025 0.25 0.1795 1.795 0.02 437 5 1 1 
0.885 2.79765e-47 1.4013e-44 0.0025 0.25 0.1795 1.795 0.02 438 5 1 1 
0.895 -7.44182e-47 0 0.0025 0.25 0.1795 1.795 0.02 439 5 1 1 
0.905 -1.50354e-16 -1.42109e-14 0.0025 0.25 0.1795 1.795 0.02 440 5 1 1 
0.915 -5.01258e-16 -1.42109e-14 0.0025 0.25 0.1795 1.795 0.02 441 5 1 1 
0.925 -1.06416e-15 -1.42109e-14 0.0025 0.25 0.1795 1.795 0.02 442 5 1 1 
0.935 -1.91794e-15 -1.4013e-44 0.0025 0.25 0.1795 1.795 0.02 443 5 1 1 
0.945 -3.15116e-15 -2.84217e-14 0.0025 0.25 0.1795 1.795 0.02 444 5 1 1 
0.955 -4.74497e-15 1.45735e-43 0.0025 0.25 0.1795 1.795 0.02 445 5 1 1 
0.965 6.052e-16 3.12639e-13 0.0025 0.25 0.1795 1.795 0.02 446 5 1 1 
0.975 -5.71078e-15 3.12639e-13 0.0025 0.25 0.1795 1.795 0.02 447 5 1 1 
0.985 4.03129e-15 -3.12639e-13 0.0025 0.25 0.1795 1.795 0.02 448 5 1 1 
0.995 -4.90319e-15 -2.70006e-13 0.0025 0.25 0.1795 1.795 0.02 449 3 1 1 
1.005 4.90319e-15 2.70006e-13 0.0025 0.25 0.1795 1.795 0.02 450 3 1 1 
1.015 -4.03129e-15 3.12639e-13 0.0025 0.25 0.1795 1.795 0.02 451 5 1 1 
1.025 5.71078e-15 -3.12639e-13 0.0025 0.25 0.1795 1.795 0.02 452 5 1 1 
1.035 -6.052e-16 -3.12639e-13 0.0025 0.25 0.1795 1.795 0.02 453 5 1 1 
1.045 4.74497e-15 -1.45735e-43 0.0025 0.25 0.1795 1.795 0.02 454 5 1 1 
1.055 3.15116e-15 2.84217e-14 0.0025 0.25 0.1795 1.795 0.02 455 5 1 1 
1.065 1.91794e-15 1.4013e-44 0.0025 0.25 0.1795 1.795 0.02 456 5 1 1 
1.075 1.06416e-15 1.42109e-14 0.0025 0.25 0.1795 1.795 0.02 457 5 1 1 
1.085 5.01258e-16 1.42109e-14 0.0025 0.25 0.1795 1.795 0.02 458 5 1 1 
1.095 1.50354e-16 1.42109e-14 0.0025 0.25 0.1795 1.795 0.02 459 5 1 1 
1.105 7.10256e-47 0 0.0025 0.25 0.1795 1.795 0.02 460 5 1 1 
1.115 -5.51041e-47 -2.52234e-44 0.0025 0.25 0.1795 1.795 0.02 461 5 1 1 
1.125 -2.57929e-16 -1.13687e-13 0.0025 0.25 0.1795 1.795 0.02 462 5 1 1 
1.135 -2.33371e-15 -6.96332e-13 0.0025 0.25 0.1795 1.795 0.02 463 5 1 1 
1.145 -3.06255e-14 -1.77351e-11 0.0025 0.25 0.1795 1.795 0.02 464 4 1 1 
1.155 -4.07391e-13 -1.48162e-10 0.0025 0.25 0.1795 1.795 0.02 465 4 1 1 
1.165 -3.28621e-12 -1.13229e-09 0.0025 0.25 0.1795 1.795 0.02 466 4 1 1 
1.175 -2.42823e-11 -7.86341e-09 0.0025 0.25 0.1795 1.795 0.02 467 4 1 1 
1.185 -1.67016e-10 -5.08858e-08 0.0025 0.25 0.1795 1.795 0.02 468 4 1 1 
1.195 -1.06296e-09 -3.04434e-07 0.0025 0.25 0.1795 1.795 0.02 469 4 1 1 
1.205 -6.27259e-09 -1.6867e-06 0.0025 0.25 0.1795 1.795 0.02 470 4 1 1 
1.215 -3.4341e-08 -8.65164e-06 0.0025 0.25 0.1795 1.795 0.02 471 4 1 1 
1.225 -1.74378e-07 -4.10495e-05 0.0025 0.25 0.1795 1.795 0.02 472 4 1 1 
1.235 -8.20665e-07 -0.000179908 0.0025 0.25 0.1795 1.795 0.02 473 4 1 1 
1.245 -3.57539e-06 -0.000726933 0.0025 0.250001 0.179501 1.795 0.0199999 474 4 1 1 
1.255 -1.43977e-05 -0.00270156 0.0025 0.250003 0.179503 1.79501 0.0199997 475 4 1 1 
1.265 -5.34934e-05 -0.00920963 0.0025 0.250012 0.179512 1.79504 0.019999 476 4 1 1 
1.275 -0.000183022 -0.0287118 0.0025 0.250042 0.179542 1.79512 0.0199967 477 4 1 1 
1.285 -0.000575378 -0.0815379 0.0025 0.250131 0.179631 1.79538 0.0199895 478 4 1 0.999996 
1.29499 -0.00165644 -0.20937 0.0025 0.250375 0.179877 1.79608 0.01997 479 4 1 0.999979 
1.30497 -0.00433427 -0.477768 0.0025 0.250977 0.180483 1.79781 0.0199221 480 4 1 0.999906 
1.31491 -0.0101457 -0.935488 0.0025 0.252277 0.181795 1.80154 0.0198195 481 4 1 0.999708 
1.32479 -0.0207294 -1.49084 0.0025 0.25465 0.184198 1.80836 0.0196348 482 4 1 0.999418 
1.33455 -0.0360688 -1.81748 0.0025 0.258159 0.187774 1.8184 0.0193679 483 4 1 0.999343 
1.34416 -0.0527219 -1.56338 0.0025 0.26214 0.191858 1.82971 0.0190738 484 4 1 0.999927 
1.35362 -0.0640644 -0.394482 0.0025 0.264429 0.194222 1.8362 0.0189087 485 3 1 1.00001 
1.36306 -0.0485133 4.88939 0.0025 0.258961 0.18863 1.82097 0.019308 486 4 1 1.00026 
1.37294 0.0233739 8.34844 0.0025 0.243769 0.173318 1.77748 0.0205112 487 4 1 0.993194 
1.38361 0.0989816 5.93931 0.0025 0.226615 0.156488 1.72638 0.0220639 488 4 1 0.987358 
1.39504 0.162419 5.32892 0.0025 0.211421 0.142005 1.67918 0.0236495 489 4 1 0.989076 
1.4073 0.235705 6.01365 0.0025 0.195712 0.127462 1.62818 0.0255477 490 4 1 0.987654 
1.42064 0.321911 6.16037 0.0025 0.178708 0.112236 1.57011 0.0279787 491 4 1 0.983572 
1.43537 0.418594 6.07169 0.0025 0.160918 0.0969163 1.50569 0.0310718 492 4 1 0.979373 
1.45185 0.527868 5.98546 0.0025 0.142486 0.0817436 1.43425 0.0350912 493 4 1 0.974453 
1.47067 0.653564 5.83976 0.0025 0.123386 0.0668289 1.35407 0.0405233 494 4 1 0.96804 
1.49274 0.800382 5.57547 0.0025 0.10361 0.0523313 1.26271 0.048258 495 4 1 0.960059 
1.51962 0.976349 5.2373 0.0025 0.0830746 0.0384081 1.15584 0.0601869 496 4 1 0.951765 
1.55447 1.20121 4.91625 0.0025 0.0621355 0.0255699 1.0288 0.0804692 497 4 1 0.948275 
1.60409 1.52271 4.56679 0.0025 0.0416038 0.0145779 0.876 0.120181 498 5 1 0.977872 
1.68975 2.08657 3.93913 0.0025 0.0240265 0.00757061 0.787739 0.208104 499 5 1 1.04543 
