# Time [s]: 0.0347936
# Columns: pos [m], vel [m/s], acc [m/s^2], mass [kg], dens [kg/m^3], pres [Pa], ene [J/kg], sml [m], id, neighbor, alpha, gradh, ...additional?
1.47886 -0.67564 0.276113 0.0025 0.503752 0.43646 2.16604 0.00992552 0 4 1 0.994625 
1.48371 -0.678885 0.16263 0.0025 0.527742 0.408069 1.9331 0.00947433 1 4 1 0.999683 
1.48834 -0.678235 -0.216528 0.0025 0.540951 0.423595 1.95763 0.00924298 2 3 1 1.00002 
1.49295 -0.679464 0.692248 0.0025 0.540691 0.423275 1.95707 0.00924742 3 4 1 1.00003 
1.49759 -0.692086 2.48936 0.0025 0.53935 0.421529 1.95406 0.00927042 4 5 1 0.998547 
-0.497775 -0.670224 -10.6107 0.0025 0.550119 0.433314 1.96935 0.00908894 5 4 1 0.996738 
-0.493316 -0.625146 -8.95484 0.0025 0.570337 0.455826 1.99798 0.00876674 6 4 1 0.997916 
-0.489005 -0.598059 -5.57911 0.0025 0.587381 0.474938 2.02148 0.00851236 7 4 1 0.996867 
-0.484802 -0.567171 -10.3874 0.0025 0.60669 0.496858 2.04765 0.00824144 8 4 1 0.993746 
-0.48076 -0.515428 -16.7826 0.0025 0.636216 0.53102 2.08689 0.00785897 9 4 1 0.991046 
-0.476935 -0.448367 -21.2571 0.0025 0.675444 0.577423 2.13741 0.00740254 10 4 1 0.990083 
-0.473348 -0.375381 -23.6719 0.0025 0.720652 0.632248 2.1935 0.00693816 11 4 1 0.990329 
-0.469988 -0.302406 -25.0515 0.0025 0.76871 0.692055 2.25085 0.00650441 12 4 1 0.99121 
-0.466835 -0.231976 -25.6026 0.0025 0.817501 0.754369 2.30696 0.0061162 13 4 1 0.992892 
-0.463865 -0.167825 -23.0809 0.0025 0.864159 0.815326 2.3587 0.00578597 14 4 1 0.99435 
-0.461044 -0.114319 -20.9988 0.0025 0.907246 0.872517 2.40478 0.00551118 15 4 1 0.993198 
-0.45835 -0.0570905 -31.1631 0.0025 0.954542 0.936914 2.45431 0.00523811 16 4 1 0.992947 
-0.455801 0.0159432 -33.3731 0.0025 1.00757 1.01144 2.50859 0.00496244 17 4 1 0.998733 
-0.453384 0.0572289 -6.35001 0.0025 1.04103 1.05888 2.54151 0.00480292 18 4 1 1.00014 
-0.450998 0.055683 4.1076 0.0025 1.04394 1.0624 2.54383 0.00478954 19 3 1 1.00006 
-0.448594 0.0436362 6.67794 0.0025 1.03419 1.04832 2.53409 0.00483469 20 4 1 0.999781 
-0.446163 0.0298602 6.78051 0.0025 1.02302 1.03239 2.52296 0.00488747 21 4 1 0.999652 
-0.443707 0.0178826 5.45097 0.0025 1.01365 1.0191 2.51359 0.00493268 22 4 1 0.999732 
-0.441231 0.00941117 3.59008 0.0025 1.00715 1.00996 2.5071 0.00496449 23 4 1 0.999862 
-0.438742 0.00438757 2.00272 0.0025 1.00334 1.00462 2.5033 0.00498338 24 4 1 0.99995 
-0.436247 0.00182562 0.969434 0.0025 1.00139 1.00192 2.50137 0.00499305 25 4 1 0.999987 
-0.433749 0.000680029 0.413669 0.0025 1.00052 1.00072 2.50051 0.0049974 26 4 1 0.999997 
-0.43125 0.0002261 0.156487 0.0025 1.00017 1.00024 2.50017 0.00499913 27 4 1 1 
-0.42875 6.64944e-05 0.0523141 0.0025 1.00005 1.00007 2.50005 0.00499974 28 4 1 1 
-0.42625 1.7016e-05 0.0152902 0.0025 1.00001 1.00002 2.50001 0.00499993 29 4 1 1 
-0.42375 3.68301e-06 0.00382917 0.0025 1 1 2.5 0.00499998 30 4 1 1 
-0.42125 6.38676e-07 0.000791368 0.0025 1 1 2.5 0.005 31 4 1 1 
-0.41875 7.78865e-08 0.000124311 0.0025 1 1 2.5 0.005 32 4 1 1 
-0.41625 3.73003e-09 1.15335e-05 0.0025 1 1 2.5 0.005 33 4 1 1 
-0.41375 -3.51793e-10 -8.31493e-07 0.0025 1 1 2.5 0.005 34 5 1 1 
-0.41125 1.34534e-10 -4.04754e-08 0.0025 1 1 2.5 0.005 35 3 1 1 
-0.40875 7.08275e-11 4.69943e-08 0.0025 1 1 2.5 0.005 36 4 1 1 
-0.40625 1.75924e-11 1.90538e-08 0.0025 1 1 2.5 0.005 37 4 1 1 
-0.40375 2.55321e-12 3.9862e-09 0.0025 1 1 2.5 0.005 38 4 1 1 
-0.40125 1.17742e-13 4.29736e-10 0.0025 1 1 2.5 0.005 39 4 1 1 
-0.39875 -1.11494e-14 -3.05818e-11 0.0025 1 1 2.5 0.005 40 5 1 1 
-0.39625 2.68705e-16 -1.13687e-12 0.0025 1 1 2.5 0.005 41 5 1 1 
-0.39375 2.19302e-16 5.68434e-14 0.0025 1 1 2.5 0.005 42 5 1 1 
-0.39125 1.68867e-17 5.68434e-14 0.0025 1 1 2.5 0.005 43 5 1 1 
-0.38875 3.33032e-48 1.12104e-44 0.0025 1 1 2.5 0.005 44 5 1 1 
-0.38625 0 0 0.0025 1 1 2.5 0.005 45 5 1 1 
-0.38375 0 0 0.0025 1 1 2.5 0.005 46 5 1 1 
-0.38125 0 0 0.0025 1 1 2.5 0.005 47 5 1 1 
-0.37875 0 0 0.0025 1 1 2.5 0.005 48 5 1 1 
-0.37625 0 0 0.0025 1 1 2.5 0.005 49 5 1 1 
-0.37375 0 0 0.0025 1 1 2.5 0.005 50 5 1 1 
-0.37125 0 0 0.0025 1 1 2.5 0.005 51 5 1 1 
-0.36875 0 0 0.0025 1 1 2.5 0.005 52 5 1 1 
-0.36625 0 0 0.0025 1 1 2.5 0.005 53 5 1 1 
-0.36375 0 0 0.0025 1 1 2.5 0.005 54 5 1 1 
-0.36125 0 0 0.0025 1 1 2.5 0.005 55 5 1 1 
-0.35875 0 0 0.0025 1 1 2.5 0.005 56 5 1 1 
-0.35625 0 0 0.0025 1 1 2.5 0.005 57 5 1 1 
-0.35375 0 0 0.0025 1 1 2.5 0.005 58 5 1 1 
-0.35125 0 0 0.0025 1 1 2.5 0.005 59 5 1 1 
-0.34875 0 0 0.0025 1 1 2.5 0.005 60 5 1 1 
-0.34625 0 0 0.0025 1 1 2.5 0.005 61 5 1 1 
-0.34375 0 0 0.0025 1 1 2.5 0.005 62 5 1 1 
-0.34125 0 0 0.0025 1 1 2.5 0.005 63 5 1 1 
-0.33875 0 0 0.0025 1 1 2.5 0.005 64 5 1 1 
-0.33625 0 0 0.0025 1 1 2.5 0.005 65 5 1 1 
-0.33375 0 0 0.0025 1 1 2.5 0.005 66 5 1 1 
-0.33125 0 0 0.0025 1 1 2.5 0.005 67 5 1 1 
-0.32875 0 0 0.0025 1 1 2.5 0.005 68 5 1 1 
-0.32625 0 0 0.0025 1 1 2.5 0.005 69 5 1 1 
-0.32375 0 0 0.0025 1 1 2.5 0.005 70 5 1 1 
-0.32125 0 0 0.0025 1 1 2.5 0.005 71 5 1 1 
-0.31875 0 0 0.0025 1 1 2.5 0.005 72 5 1 1 
-0.31625 0 0 0.0025 1 1 2.5 0.005 73 5 1 1 
-0.31375 0 0 0.0025 1 1 2.5 0.005 74 5 1 1 
-0.31125 0 0 0.0025 1 1 2.5 0.005 75 5 1 1 
-0.30875 0 0 0.0025 1 1 2.5 0.005 76 5 1 1 
-0.30625 0 0 0.0025 1 1 2.5 0.005 77 5 1 1 
-0.30375 0 0 0.0025 1 1 2.5 0.005 78 5 1 1 
-0.30125 0 0 0.0025 1 1 2.5 0.005 79 5 1 1 
-0.29875 0 0 0.0025 1 1 2.5 0.005 80 5 1 1 
-0.29625 0 0 0.0025 1 1 2.5 0.005 81 5 1 1 
-0.29375 0 0 0.0025 1 1 2.5 0.005 82 5 1 1 
-0.29125 0 0 0.0025 1 1 2.5 0.005 83 5 1 1 
-0.28875 0 0 0.0025 1 1 2.5 0.005 84 5 1 1 
-0.28625 0 0 0.0025 1 1 2.5 0.005 85 5 1 1 
-0.28375 0 0 0.0025 1 1 2.5 0.005 86 5 1 1 
-0.28125 0 0 0.0025 1 1 2.5 0.005 87 5 1 1 
-0.27875 0 0 0.0025 1 1 2.5 0.005 88 5 1 1 
-0.27625 0 0 0.0025 1 1 2.5 0.005 89 5 1 1 
-0.27375 0 0 0.0025 1 1 2.5 0.005 90 5 1 1 
-0.27125 0 0 0.0025 1 1 2.5 0.005 91 5 1 1 
-0.26875 0 0 0.0025 1 1 2.5 0.005 92 5 1 1 
-0.26625 0 0 0.0025 1 1 2.5 0.005 93 5 1 1 
-0.26375 0 0 0.0025 1 1 2.5 0.005 94 5 1 1 
-0.26125 0 0 0.0025 1 1 2.5 0.005 95 5 1 1 
-0.25875 0 0 0.0025 1 1 2.5 0.005 96 5 1 1 
-0.25625 0 0 0.0025 1 1 2.5 0.005 97 5 1 1 
-0.25375 0 0 0.0025 1 1 2.5 0.005 98 5 1 1 
-0.25125 0 0 0.0025 1 1 2.5 0.005 99 5 1 1 
-0.24875 0 0 0.0025 1 1 2.5 0.005 100 5 1 1 
-0.24625 0 0 0.0025 1 1 2.5 0.005 101 5 1 1 
-0.24375 0 0 0.0025 1 1 2.5 0.005 102 5 1 1 
-0.24125 0 0 0.0025 1 1 2.5 0.005 103 5 1 1 
-0.23875 0 0 0.0025 1 1 2.5 0.005 104 5 1 1 
-0.23625 0 0 0.0025 1 1 2.5 0.005 105 5 1 1 
-0.23375 0 0 0.0025 1 1 2.5 0.005 106 5 1 1 
-0.23125 0 0 0.0025 1 1 2.5 0.005 107 5 1 1 
-0.22875 0 0 0.0025 1 1 2.5 0.005 108 5 1 1 
-0.22625 0 0 0.0025 1 1 2.5 0.005 109 5 1 1 
-0.22375 0 0 0.0025 1 1 2.5 0.005 110 5 1 1 
-0.22125 0 0 0.0025 1 1 2.5 0.005 111 5 1 1 
-0.21875 0 0 0.0025 1 1 2.5 0.005 112 5 1 1 
-0.21625 0 0 0.0025 1 1 2.5 0.005 113 5 1 1 
-0.21375 0 0 0.0025 1 1 2.5 0.005 114 5 1 1 
-0.21125 0 0 0.0025 1 1 2.5 0.005 115 5 1 1 
-0.20875 0 0 0.0025 1 1 2.5 0.005 116 5 1 1 
-0.20625 0 0 0.0025 1 1 2.5 0.005 117 5 1 1 
-0.20375 0 0 0.0025 1 1 2.5 0.005 118 5 1 1 
-0.20125 0 0 0.0025 1 1 2.5 0.005 119 5 1 1 
-0.19875 0 0 0.0025 1 1 2.5 0.005 120 5 1 1 
-0.19625 0 0 0.0025 1 1 2.5 0.005 121 5 1 1 
-0.19375 0 0 0.0025 1 1 2.5 0.005 122 5 1 1 
-0.19125 0 0 0.0025 1 1 2.5 0.005 123 5 1 1 
-0.18875 0 0 0.0025 1 1 2.5 0.005 124 5 1 1 
-0.18625 0 0 0.0025 1 1 2.5 0.005 125 5 1 1 
-0.18375 0 0 0.0025 1 1 2.5 0.005 126 5 1 1 
-0.18125 0 0 0.0025 1 1 2.5 0.005 127 5 1 1 
-0.17875 0 0 0.0025 1 1 2.5 0.005 128 5 1 1 
-0.17625 0 0 0.0025 1 1 2.5 0.005 129 5 1 1 
-0.17375 0 0 0.0025 1 1 2.5 0.005 130 5 1 1 
-0.17125 0 0 0.0025 1 1 2.5 0.005 131 5 1 1 
-0.16875 0 0 0.0025 1 1 2.5 0.005 132 5 1 1 
-0.16625 0 0 0.0025 1 1 2.5 0.005 133 5 1 1 
-0.16375 0 0 0.0025 1 1 2.5 0.005 134 5 1 1 
-0.16125 0 0 0.0025 1 1 2.5 0.005 135 5 1 1 
-0.15875 0 0 0.0025 1 1 2.5 0.005 136 5 1 1 
-0.15625 0 0 0.0025 1 1 2.5 0.005 137 5 1 1 
-0.15375 0 0 0.0025 1 1 2.5 0.005 138 5 1 1 
-0.15125 0 0 0.0025 1 1 2.5 0.005 139 5 1 1 
-0.14875 0 0 0.0025 1 1 2.5 0.005 140 5 1 1 
-0.14625 0 0 0.0025 1 1 2.5 0.005 141 5 1 1 
-0.14375 0 0 0.0025 1 1 2.5 0.005 142 5 1 1 
-0.14125 0 0 0.0025 1 1 2.5 0.005 143 5 1 1 
-0.13875 0 0 0.0025 1 1 2.5 0.005 144 5 1 1 
-0.13625 0 0 0.0025 1 1 2.5 0.005 145 5 1 1 
-0.13375 0 0 0.0025 1 1 2.5 0.005 146 5 1 1 
-0.13125 0 0 0.0025 1 1 2.5 0.005 147 5 1 1 
-0.12875 0 0 0.0025 1 1 2.5 0.005 148 5 1 1 
-0.12625 0 0 0.0025 1 1 2.5 0.005 149 5 1 1 
-0.12375 0 0 0.0025 1 1 2.5 0.005 150 5 1 1 
-0.12125 0 0 0.0025 1 1 2.5 0.005 151 5 1 1 
-0.11875 0 0 0.0025 1 1 2.5 0.005 152 5 1 1 
-0.11625 0 0 0.0025 1 1 2.5 0.005 153 5 1 1 
-0.11375 0 0 0.0025 1 1 2.5 0.005 154 5 1 1 
-0.11125 0 0 0.0025 1 1 2.5 0.005 155 5 1 1 
-0.10875 0 0 0.0025 1 1 2.5 0.005 156 5 1 1 
-0.10625 0 0 0.0025 1 1 2.5 0.005 157 5 1 1 
-0.10375 0 0 0.0025 1 1 2.5 0.005 158 5 1 1 
-0.10125 0 0 0.0025 1 1 2.5 0.005 159 5 1 1 
-0.09875 0 0 0.0025 1 1 2.5 0.005 160 5 1 1 
-0.09625 0 0 0.0025 1 1 2.5 0.005 161 5 1 1 
-0.09375 0 0 0.0025 1 1 2.5 0.005 162 5 1 1 
-0.09125 0 0 0.0025 1 1 2.5 0.005 163 5 1 1 
-0.08875 0 0 0.0025 1 1 2.5 0.005 164 5 1 1 
-0.08625 0 0 0.0025 1 1 2.5 0.005 165 5 1 1 
-0.08375 0 0 0.0025 1 1 2.5 0.005 166 5 1 1 
-0.08125 0 0 0.0025 1 1 2.5 0.005 167 5 1 1 
-0.07875 0 0 0.0025 1 1 2.5 0.005 168 5 1 1 
-0.07625 0 0 0.0025 1 1 2.5 0.005 169 5 1 1 
-0.07375 0 0 0.0025 1 1 2.5 0.005 170 5 1 1 
-0.07125 0 0 0.0025 1 1 2.5 0.005 171 5 1 1 
-0.06875 0 0 0.0025 1 1 2.5 0.005 172 5 1 1 
-0.06625 0 0 0.0025 1 1 2.5 0.005 173 5 1 1 
-0.06375 0 0 0.0025 1 1 2.5 0.005 174 5 1 1 
-0.06125 0 0 0.0025 1 1 2.5 0.005 175 5 1 1 
-0.05875 0 0 0.0025 1 1 2.5 0.005 176 5 1 1 
-0.05625 0 0 0.0025 1 1 2.5 0.005 177 5 1 1 
-0.05375 0 0 0.0025 1 1 2.5 0.005 178 5 1 1 
-0.05125 -7.6298e-47 -1.12104e-44 0.0025 1 1 2.5 0.005 179 5 1 1 
-0.04875 -1.51192e-16 -5.68434e-14 0.0025 1 1 2.5 0.005 180 5 1 1 
-0.04625 -3.18259e-16 5.68434e-14 0.0025 1 1 2.5 0.005 181 5 1 1 
-0.04375 -5.5097e-16 -5.68434e-14 0.0025 1 1 2.5 0.005 182 5 1 1 
-0.04125 -9.32204e-16 -1.12104e-44 0.0025 1 1 2.5 0.005 183 5 1 1 
-0.03875 -1.40919e-15 -5.68434e-14 0.0025 1 1 2.5 0.005 184 5 1 1 
-0.03625 -1.72437e-15 -5.52203e-28 0.0025 1 1 2.5 0.005 185 5 1 1 
-0.03375 -3.29436e-15 -3.15544e-28 0.0025 1 1 2.5 0.005 186 4 1 1 
-0.03125 -2.0878e-17 -5.68434e-14 0.0025 1 1 2.5 0.005 187 3 1 1 
-0.02875 -7.33075e-16 -5.68434e-14 0.0025 1 1 2.5 0.005 188 3 1 1 
-0.02625 -2.21793e-16 -5.68434e-14 0.0025 1 1 2.5 0.005 189 3 1 1 
-0.02375 -3.85069e-16 -5.68434e-14 0.0025 1 1 2.5 0.005 190 3 1 1 
-0.02125 1.66459e-15 4.54747e-13 0.0025 1 1 2.5 0.005 191 4 1 1 
-0.01875 1.23649e-16 -5.68434e-13 0.0025 1 1 2.5 0.005 192 4 1 1 
-0.01625 2.35159e-15 3.41061e-13 0.0025 1 1 2.5 0.005 193 4 1 1 
-0.01375 4.7757e-16 -8.87469e-29 0.0025 1 1 2.5 0.005 194 4 1 1 
-0.01125 1.06108e-15 -2.07076e-28 0.0025 1 1 2.5 0.005 195 3 1 1 
-0.00875 9.35611e-16 5.68434e-14 0.0025 1 1 2.5 0.005 196 4 1 1 
-0.00625 5.37114e-16 5.68434e-14 0.0025 1 1 2.5 0.005 197 4 1 1 
-0.00375 -2.70668e-16 4.93038e-29 0.0025 1 1 2.5 0.005 198 5 1 1 
-0.00125 3.34452e-17 -4.93038e-29 0.0025 1 1 2.5 0.005 199 5 1 1 
0.00125 -9.72576e-17 -2.27374e-13 0.0025 1 1 2.5 0.005 200 4 1 1 
0.00375 -2.91108e-16 4.93038e-29 0.0025 1 1 2.5 0.005 201 4 1 1 
0.00625 -5.79848e-16 -1.13687e-13 0.0025 1 1 2.5 0.005 202 5 1 1 
0.00875 -1.51422e-15 -3.41061e-13 0.0025 1 1 2.5 0.005 203 3 1 1 
0.01125 -7.5532e-16 7.95808e-13 0.0025 1 1 2.5 0.005 204 4 1 1 
0.01375 3.62808e-16 -2.27374e-13 0.0025 1 1 2.5 0.005 205 5 1 1 
0.01625 -1.97929e-15 -3.41061e-13 0.0025 1 1 2.5 0.005 206 4 1 1 
0.01875 -1.79201e-15 1.08002e-12 0.0025 1 1 2.5 0.005 207 3 1 1 
0.02125 -2.13517e-16 -9.09495e-13 0.0025 1 1 2.5 0.005 208 4 1 1 
0.02375 5.04904e-16 0 0.0025 1 1 2.5 0.005 209 3 1 1 
0.02625 3.94641e-16 5.68434e-14 0.0025 1 1 2.5 0.005 210 3 1 1 
0.02875 -6.34187e-17 1.13687e-13 0.0025 1 1 2.5 0.005 211 3 1 1 
0.03125 3.547e-15 -5.68434e-14 0.0025 1 1 2.5 0.005 212 4 1 1 
0.03375 1.84146e-15 5.68434e-14 0.0025 1 1 2.5 0.005 213 5 1 1 
0.03625 1.44339e-15 5.68434e-14 0.0025 1 1 2.5 0.005 214 5 1 1 
0.03875 9.32305e-16 1.12104e-44 0.0025 1 1 2.5 0.005 215 5 1 1 
0.04125 5.67246e-16 2.24208e-44 0.0025 1 1 2.5 0.005 216 5 1 1 
0.04375 3.51396e-16 5.68434e-14 0.0025 1 1 2.5 0.005 217 5 1 1 
0.04625 1.68209e-16 1.12104e-44 0.0025 1 1 2.5 0.005 218 5 1 1 
0.04875 8.95475e-47 1.12104e-44 0.0025 1 1 2.5 0.005 219 5 1 1 
0.05125 0 0 0.0025 1 1 2.5 0.005 220 5 1 1 
0.05375 0 0 0.0025 1 1 2.5 0.005 221 5 1 1 
0.05625 0 0 0.0025 1 1 2.5 0.005 222 5 1 1 
0.05875 0 0 0.0025 1 1 2.5 0.005 223 5 1 1 
0.06125 0 0 0.0025 1 1 2.5 0.005 224 5 1 1 
0.06375 0 0 0.0025 1 1 2.5 0.005 225 5 1 1 
0.06625 0 0 0.0025 1 1 2.5 0.005 226 5 1 1 
0.06875 0 0 0.0025 1 1 2.5 0.005 227 5 1 1 
0.07125 0 0 0.0025 1 1 2.5 0.005 228 5 1 1 
0.07375 0 0 0.0025 1 1 2.5 0.005 229 5 1 1 
0.07625 0 0 0.0025 1 1 2.5 0.005 230 5 1 1 
0.07875 0 0 0.0025 1 1 2.5 0.005 231 5 1 1 
0.08125 0 0 0.0025 1 1 2.5 0.005 232 5 1 1 
0.08375 0 0 0.0025 1 1 2.5 0.005 233 5 1 1 
0.08625 0 0 0.0025 1 1 2.5 0.005 234 5 1 1 
0.08875 0 0 0.0025 1 1 2.5 0.005 235 5 1 1 
0.09125 0 0 0.0025 1 1 2.5 0.005 236 5 1 1 
0.09375 0 0 0.0025 1 1 2.5 0.005 237 5 1 1 
0.09625 -6.97129e-47 -1.12104e-44 0.0025 1 1 2.5 0.005 238 5 1 1 
0.09875 -1.85146e-16 -5.68434e-14 0.0025 1 1 2.5 0.005 239 5 1 1 
0.10125 -3.69432e-16 -2.24208e-44 0.0025 1 1 2.5 0.005 240 5 1 1 
0.10375 -7.03642e-16 -2.24208e-44 0.0025 1 1 2.5 0.005 241 5 1 1 
0.10625 -1.16946e-15 3.36312e-44 0.0025 1 1 2.5 0.005 242 5 1 1 
0.10875 -1.54617e-15 5.68434e-14 0.0025 1 1 2.5 0.005 243 5 1 1 
0.11125 -7.38259e-16 5.68434e-13 0.0025 1 1 2.5 0.005 244 5 1 1 
0.11375 -2.38934e-15 5.68434e-13 0.0025 1 1 2.5 0.005 245 5 1 1 
0.11625 2.9936e-15 -7.95808e-13 0.0025 1 1 2.5 0.005 246 5 1 1 
0.11875 -4.62188e-16 -4.54747e-13 0.0025 1 1 2.5 0.005 247 5 1 1 
0.12125 -2.56658e-16 2.84217e-13 0.0025 1 1 2.5 0.005 248 5 1 1 
0.12375 -5.53339e-15 3.97904e-13 0.0025 1 1 2.5 0.005 249 4 1 1 
0.12625 5.53339e-15 -3.97904e-13 0.0025 1 1 2.5 0.005 250 4 1 1 
0.12875 2.56658e-16 -2.84217e-13 0.0025 1 1 2.5 0.005 251 5 1 1 
0.13125 4.62188e-16 4.54747e-13 0.0025 1 1 2.5 0.005 252 5 1 1 
0.13375 -2.9936e-15 7.95808e-13 0.0025 1 1 2.5 0.005 253 5 1 1 
0.13625 2.38934e-15 -5.68434e-13 0.0025 1 1 2.5 0.005 254 5 1 1 
0.13875 7.38259e-16 -5.68434e-13 0.0025 1 1 2.5 0.005 255 5 1 1 
0.14125 1.54617e-15 -5.68434e-14 0.0025 1 1 2.5 0.005 256 5 1 1 
0.14375 1.16946e-15 -3.36312e-44 0.0025 1 1 2.5 0.005 257 5 1 1 
0.14625 7.03642e-16 2.24208e-44 0.0025 1 1 2.5 0.005 258 5 1 1 
0.14875 3.69432e-16 2.24208e-44 0.0025 1 1 2.5 0.005 259 5 1 1 
0.15125 1.85146e-16 5.68434e-14 0.0025 1 1 2.5 0.005 260 5 1 1 
0.15375 6.97129e-47 1.12104e-44 0.0025 1 1 2.5 0.005 261 5 1 1 
0.15625 0 0 0.0025 1 1 2.5 0.005 262 5 1 1 
0.15875 0 0 0.0025 1 1 2.5 0.005 263 5 1 1 
0.16125 0 0 0.0025 1 1 2.5 0.005 264 5 1 1 
0.16375 0 0 0.0025 1 1 2.5 0.005 265 5 1 1 
0.16625 0 0 0.0025 1 1 2.5 0.005 266 5 1 1 
0.16875 0 0 0.0025 1 1 2.5 0.005 267 5 1 1 
0.17125 0 0 0.0025 1 1 2.5 0.005 268 5 1 1 
0.17375 0 0 0.0025 1 1 2.5 0.005 269 5 1 1 
0.17625 0 0 0.0025 1 1 2.5 0.005 270 5 1 1 
0.17875 0 0 0.0025 1 1 2.5 0.005 271 5 1 1 
0.18125 0 0 0.0025 1 1 2.5 0.005 272 5 1 1 
0.18375 0 0 0.0025 1 1 2.5 0.005 273 5 1 1 
0.18625 0 0 0.0025 1 1 2.5 0.005 274 5 1 1 
0.18875 0 0 0.0025 1 1 2.5 0.005 275 5 1 1 
0.19125 0 0 0.0025 1 1 2.5 0.005 276 5 1 1 
0.19375 0 0 0.0025 1 1 2.5 0.005 277 5 1 1 
0.19625 0 0 0.0025 1 1 2.5 0.005 278 5 1 1 
0.19875 0 0 0.0025 1 1 2.5 0.005 279 5 1 1 
0.20125 0 0 0.0025 1 1 2.5 0.005 280 5 1 1 
0.20375 0 0 0.0025 1 1 2.5 0.005 281 5 1 1 
0.20625 0 0 0.0025 1 1 2.5 0.005 282 5 1 1 
0.20875 0 0 0.0025 1 1 2.5 0.005 283 5 1 1 
0.21125 0 0 0.0025 1 1 2.5 0.005 284 5 1 1 
0.21375 -2.32779e-47 -1.12104e-44 0.0025 1 1 2.5 0.005 285 5 1 1 
0.21625 -8.4328e-17 -5.68434e-14 0.0025 1 1 2.5 0.005 286 5 1 1 
0.21875 -3.03081e-16 -5.60519e-44 0.0025 1 1 2.5 0.005 287 5 1 1 
0.22125 -8.91456e-16 -1.7053e-13 0.0025 1 1 2.5 0.005 288 5 1 1 
0.22375 -1.56188e-15 -1.7053e-13 0.0025 1 1 2.5 0.005 289 5 1 1 
0.22625 -2.9187e-15 -2.27374e-13 0.0025 1 1 2.5 0.005 290 5 1 1 
0.22875 -5.025e-15 -1.13687e-13 0.0025 1 1 2.5 0.005 291 5 1 1 
0.23125 -6.31636e-15 -1.13687e-13 0.0025 1 1 2.5 0.005 292 5 1 1 
0.23375 -6.97918e-15 -1.7053e-13 0.0025 1 1 2.5 0.005 293 5 1 1 
0.23625 -1.31661e-16 1.36424e-12 0.0025 1 1 2.5 0.005 294 5 1 1 
0.23875 -3.32838e-15 1.3074e-12 0.0025 1 1 2.5 0.005 295 5 1 1 
0.24125 7.24385e-15 -1.08002e-12 0.0025 1 1 2.5 0.005 296 5 1 1 
0.24375 9.4433e-16 -1.02318e-12 0.0025 1 1 2.5 0.005 297 5 1 1 
0.24625 1.00533e-16 -2.65846e-26 0.0025 1 1 2.5 0.005 298 5 1 1 
0.24875 -9.74664e-15 5.11591e-13 0.0025 1 1 2.5 0.005 299 3 1 1 
0.25125 9.74664e-15 -5.11591e-13 0.0025 1 1 2.5 0.005 300 3 1 1 
0.25375 -1.00533e-16 2.65846e-26 0.0025 1 1 2.5 0.005 301 5 1 1 
0.25625 -9.4433e-16 1.02318e-12 0.0025 1 1 2.5 0.005 302 5 1 1 
0.25875 -7.24385e-15 1.08002e-12 0.0025 1 1 2.5 0.005 303 5 1 1 
0.26125 3.32838e-15 -1.3074e-12 0.0025 1 1 2.5 0.005 304 5 1 1 
0.26375 1.31661e-16 -1.36424e-12 0.0025 1 1 2.5 0.005 305 5 1 1 
0.26625 6.97918e-15 1.7053e-13 0.0025 1 1 2.5 0.005 306 5 1 1 
0.26875 6.31636e-15 1.13687e-13 0.0025 1 1 2.5 0.005 307 5 1 1 
0.27125 5.025e-15 1.13687e-13 0.0025 1 1 2.5 0.005 308 5 1 1 
0.27375 2.9187e-15 2.27374e-13 0.0025 1 1 2.5 0.005 309 5 1 1 
0.27625 1.56188e-15 1.7053e-13 0.0025 1 1 2.5 0.005 310 5 1 1 
0.27875 8.91456e-16 1.7053e-13 0.0025 1 1 2.5 0.005 311 5 1 1 
0.28125 3.03081e-16 5.60519e-44 0.0025 1 1 2.5 0.005 312 5 1 1 
0.28375 8.4328e-17 5.68434e-14 0.0025 1 1 2.5 0.005 313 5 1 1 
0.28625 2.32779e-47 1.12104e-44 0.0025 1 1 2.5 0.005 314 5 1 1 
0.28875 0 0 0.0025 1 1 2.5 0.005 315 5 1 1 
0.29125 0 0 0.0025 1 1 2.5 0.005 316 5 1 1 
0.29375 0 0 0.0025 1 1 2.5 0.005 317 5 1 1 
0.29625 0 0 0.0025 1 1 2.5 0.005 318 5 1 1 
0.29875 0 0 0.0025 1 1 2.5 0.005 319 5 1 1 
0.30125 0 0 0.0025 1 1 2.5 0.005 320 5 1 1 
0.30375 0 0 0.0025 1 1 2.5 0.005 321 5 1 1 
0.30625 0 0 0.0025 1 1 2.5 0.005 322 5 1 1 
0.30875 0 0 0.0025 1 1 2.5 0.005 323 5 1 1 
0.31125 0 0 0.0025 1 1 2.5 0.005 324 5 1 1 
0.31375 0 0 0.0025 1 1 2.5 0.005 325 5 1 1 
0.31625 0 0 0.0025 1 1 2.5 0.005 326 5 1 1 
0.31875 0 0 0.0025 1 1 2.5 0.005 327 5 1 1 
0.32125 0 0 0.0025 1 1 2.5 0.005 328 5 1 1 
0.32375 0 0 0.0025 1 1 2.5 0.005 329 5 1 1 
0.32625 0 0 0.0025 1 1 2.5 0.005 330 5 1 1 
0.32875 0 0 0.0025 1 1 2.5 0.005 331 5 1 1 
0.33125 0 0 0.0025 1 1 2.5 0.005 332 5 1 1 
0.33375 0 0 0.0025 1 1 2.5 0.005 333 5 1 1 
0.33625 0 0 0.0025 1 1 2.5 0.005 334 5 1 1 
0.33875 0 0 0.0025 1 1 2.5 0.005 335 5 1 1 
0.34125 0 0 0.0025 1 1 2.5 0.005 336 5 1 1 
0.34375 0 0 0.0025 1 1 2.5 0.005 337 5 1 1 
0.34625 0 0 0.0025 1 1 2.5 0.005 338 5 1 1 
0.34875 0 0 0.0025 1 1 2.5 0.005 339 5 1 1 
0.35125 0 0 0.0025 1 1 2.5 0.005 340 5 1 1 
0.35375 0 0 0.0025 1 1 2.5 0.005 341 5 1 1 
0.35625 0 0 0.0025 1 1 2.5 0.005 342 5 1 1 
0.35875 0 0 0.0025 1 1 2.5 0.005 343 5 1 1 
0.36125 0 0 0.0025 1 1 2.5 0.005 344 5 1 1 
0.36375 0 0 0.0025 1 1 2.5 0.005 345 5 1 1 
0.36625 0 0 0.0025 1 1 2.5 0.005 346 5 1 1 
0.36875 0 0 0.0025 1 1 2.5 0.005 347 5 1 1 
0.37125 0 0 0.0025 1 1 2.5 0.005 348 5 1 1 
0.37375 0 0 0.0025 1 1 2.5 0.005 349 5 1 1 
0.37625 0 0 0.0025 1 1 2.5 0.005 350 5 1 1 
0.37875 0 0 0.0025 1 1 2.5 0.005 351 5 1 1 
0.38125 0 0 0.0025 1 1 2.5 0.005 352 5 1 1 
0.38375 0 0 0.0025 1 1 2.5 0.005 353 5 1 1 
0.38625 0 0 0.0025 1 1 2.5 0.005 354 5 1 1 
0.38875 -3.33032e-48 -1.12104e-44 0.0025 1 1 2.5 0.005 355 5 1 1 
0.39125 -1.68867e-17 -5.68434e-14 0.0025 1 1 2.5 0.005 356 5 1 1 
0.39375 -2.19302e-16 -5.68434e-14 0.0025 1 1 2.5 0.005 357 5 1 1 
0.39625 -2.68705e-16 1.13687e-12 0.0025 1 1 2.5 0.005 358 5 1 1 
0.39875 1.11494e-14 3.05818e-11 0.0025 1 1 2.5 0.005 359 5 1 1 
0.40125 -1.17742e-13 -4.29736e-10 0.0025 1 1 2.5 0.005 360 4 1 1 
0.40375 -2.55321e-12 -3.9862e-09 0.0025 1 1 2.5 0.005 361 4 1 1 
0.40625 -1.75924e-11 -1.90538e-08 0.0025 1 1 2.5 0.005 362 4 1 1 
0.40875 -7.08275e-11 -4.69943e-08 0.0025 1 1 2.5 0.005 363 4 1 1 
0.41125 -1.34534e-10 4.04754e-08 0.0025 1 1 2.5 0.005 364 3 1 1 
0.41375 3.51793e-10 8.31493e-07 0.0025 1 1 2.5 0.005 365 5 1 1 
0.41625 -3.73003e-09 -1.15335e-05 0.0025 1 1 2.5 0.005 366 4 1 1 
0.41875 -7.78865e-08 -0.000124311 0.0025 1 1 2.5 0.005 367 4 1 1 
0.42125 -6.38676e-07 -0.000791368 0.0025 1 1 2.5 0.005 368 4 1 1 
0.42375 -3.68301e-06 -0.00382917 0.0025 1 1 2.5 0.00499998 369 4 1 1 
0.42625 -1.7016e-05 -0.0152902 0.0025 1.00001 1.00002 2.50001 0.00499993 370 4 1 1 
0.42875 -6.64944e-05 -0.0523141 0.0025 1.00005 1.00007 2.50005 0.00499974 371 4 1 1 
0.43125 -0.0002261 -0.156487 0.0025 1.00017 1.00024 2.50017 0.00499913 372 4 1 1 
0.433749 -0.000680029 -0.413669 0.0025 1.00052 1.00072 2.50051 0.0049974 373 4 1 0.999997 
0.436247 -0.00182562 -0.969434 0.0025 1.00139 1.00192 2.50137 0.00499305 374 4 1 0.999987 
0.438742 -0.00438757 -2.00272 0.0025 1.00334 1.00462 2.5033 0.00498338 375 4 1 0.99995 
0.441231 -0.00941117 -3.59008 0.0025 1.00715 1.00996 2.5071 0.00496449 376 4 1 0.999862 
0.443707 -0.0178826 -5.45097 0.0025 1.01365 1.0191 2.51359 0.00493268 377 4 1 0.999732 
0.446163 -0.0298602 -6.78051 0.0025 1.02302 1.03239 2.52296 0.00488747 378 4 1 0.999652 
0.448594 -0.0436362 -6.67794 0.0025 1.03419 1.04832 2.53409 0.00483469 379 4 1 0.999781 
0.450998 -0.055683 -4.1076 0.0025 1.04394 1.0624 2.54383 0.00478954 380 3 1 1.00006 
0.453384 -0.0572289 6.35001 0.0025 1.04103 1.05888 2.54151 0.00480292 381 4 1 1.00014 
0.455801 -0.0159432 33.3731 0.0025 1.00757 1.01144 2.50859 0.00496244 382 4 1 0.998733 
0.45835 0.0570905 31.1631 0.0025 0.954542 0.936914 2.45431 0.00523811 383 4 1 0.992947 
0.461044 0.114319 20.9988 0.0025 0.907246 0.872517 2.40478 0.00551118 384 4 1 0.993198 
0.463865 0.167825 23.0809 0.0025 0.864159 0.815326 2.3587 0.00578597 385 4 1 0.99435 
0.466835 0.231976 25.6026 0.0025 0.817501 0.754369 2.30696 0.0061162 386 4 1 0.992892 
0.469988 0.302406 25.0515 0.0025 0.76871 0.692055 2.25085 0.00650441 387 4 1 0.99121 
0.473348 0.375381 23.6719 0.0025 0.720652 0.632248 2.1935 0.00693816 388 4 1 0.990329 
0.476935 0.448367 21.2571 0.0025 0.675444 0.577423 2.13741 0.00740254 389 4 1 0.990083 
0.48076 0.515428 16.7826 0.0025 0.636216 0.53102 2.08689 0.00785897 390 4 1 0.991046 
0.484802 0.567171 10.3874 0.0025 0.60669 0.496858 2.04765 0.00824144 391 4 1 0.993746 
0.489005 0.598059 5.57911 0.0025 0.587381 0.474938 2.02148 0.00851236 392 4 1 0.996867 
0.493316 0.625146 8.95484 0.0025 0.570337 0.455826 1.99798 0.00876674 393 4 1 0.997916 
0.497775 0.670224 10.6107 0.0025 0.550119 0.433314 1.96935 0.00908894 394 4 1 0.996738 
0.502409 0.692086 -2.48936 0.0025 0.53935 0.421529 1.95406 0.00927042 395 5 1 0.998547 
0.507045 0.679464 -0.692248 0.0025 0.540691 0.423275 1.95707 0.00924742 396 4 1 1.00003 
0.511656 0.678235 0.216528 0.0025 0.540951 0.423595 1.95763 0.00924298 397 3 1 1.00002 
0.516288 0.678885 -0.16263 0.0025 0.527742 0.408069 1.9331 0.00947433 398 4 1 0.999683 
0.521136 0.67564 -0.276113 0.0025 0.503752 0.43646 2.16604 0.00992552 399 4 1 0.994625 
0.526221 0.673565 0.38973 0.0025 0.47769 0.411218 2.15211 0.010467 400 4 1 0.993592 
0.531614 0.668723 0.485334 0.0025 0.452633 0.441573 2.43887 0.0110465 401 4 1 0.992453 
0.537276 0.653995 3.48122 0.0025 0.435243 0.410637 2.3586 0.0114878 402 4 1 0.995446 
0.543105 0.620504 5.25654 0.0025 0.416559 0.38252 2.29548 0.0120031 403 4 1 0.996506 
0.54929 0.536424 20.2512 0.0025 0.37602 0.328203 2.18177 0.0132972 404 4 1 0.988123 
0.556492 0.321416 38.5368 0.0025 0.317717 0.255429 2.00993 0.0157373 405 4 1 0.962076 
0.565245 0.0975113 25.4247 0.0025 0.271831 0.202614 1.86381 0.0183938 406 4 1 0.954529 
0.574997 0.0079376 5.42697 0.0025 0.253271 0.182812 1.80471 0.0197417 407 4 1 0.986385 
0.584996 -0.0016375 -0.216324 0.0025 0.249956 0.179452 1.79486 0.0200035 408 4 1 0.999375 
0.595 -6.20978e-05 -0.0801892 0.0025 0.24995 0.17945 1.79486 0.020004 409 5 1 1 
0.605 2.21477e-05 0.00427635 0.0025 0.250002 0.179502 1.79501 0.0199998 410 3 1 1 
0.615 4.45467e-06 0.00137013 0.0025 0.250001 0.179501 1.795 0.0199999 411 4 1 1 
0.625 5.87472e-07 0.000219785 0.0025 0.25 0.1795 1.795 0.02 412 4 1 1 
0.635 6.01167e-08 2.63986e-05 0.0025 0.25 0.1795 1.795 0.02 413 4 1 1 
0.645 4.82373e-09 2.48266e-06 0.0025 0.25 0.1795 1.795 0.02 414 4 1 1 
0.655 2.85717e-10 1.78792e-07 0.0025 0.25 0.1795 1.795 0.02 415 4 1 1 
0.665 9.87768e-12 8.71701e-09 0.0025 0.25 0.1795 1.795 0.02 416 4 1 1 
0.675 -7.52656e-14 1.29845e-10 0.0025 0.25 0.1795 1.795 0.02 417 4 1 1 
0.685 -7.58946e-15 -1.40119e-11 0.0025 0.25 0.1795 1.795 0.02 418 5 1 1 
0.695 6.78011e-16 3.2685e-13 0.0025 0.25 0.1795 1.795 0.02 419 4 1 1 
0.705 3.373e-17 2.84217e-14 0.0025 0.25 0.1795 1.795 0.02 420 5 1 1 
0.715 1.32887e-47 5.60519e-45 0.0025 0.25 0.1795 1.795 0.02 421 5 1 1 
0.725 0 0 0.0025 0.25 0.1795 1.795 0.02 422 5 1 1 
0.735 0 0 0.0025 0.25 0.1795 1.795 0.02 423 5 1 1 
0.745 0 0 0.0025 0.25 0.1795 1.795 0.02 424 5 1 1 
0.755 0 0 0.0025 0.25 0.1795 1.795 0.02 425 5 1 1 
0.765 0 0 0.0025 0.25 0.1795 1.795 0.02 426 5 1 1 
0.775 0 0 0.0025 0.25 0.1795 1.795 0.02 427 5 1 1 
0.785 0 0 0.0025 0.25 0.1795 1.795 0.02 428 5 1 1 
0.795 0 0 0.0025 0.25 0.1795 1.795 0.02 429 5 1 1 
0.805 0 0 0.0025 0.25 0.1795 1.795 0.02 430 5 1 1 
0.815 0 0 0.0025 0.25 0.1795 1.795 0.02 431 5 1 1 
0.825 0 0 0.0025 0.25 0.1795 1.795 0.02 432 5 1 1 
0.835 0 0 0.0025 0.25 0.1795 1.795 0.02 433 5 1 1 
0.845 0 0 0.0025 0.25 0.1795 1.795 0.02 434 5 1 1 
0.855 0 0 0.0025 0.25 0.1795 1.795 0.02 435 5 1 1 
0.865 0 0 0.0025 0.25 0.1795 1.795 0.02 436 5 1 1 
0.875 0 0 0.0025 0.25 0.1795 1.795 0.02 437 5 1 1 
0.885 0 0 0.0025 0.25 0.1795 1.795 0.02 438 5 1 1 
0.895 0 0 0.0025 0.25 0.1795 1.795 0.02 439 5 1 1 
0.905 0 0 0.0025 0.25 0.1795 1.795 0.02 440 5 1 1 
0.915 0 0 0.0025 0.25 0.1795 1.795 0.02 441 5 1 1 
0.925 0 0 0.0025 0.25 0.1795 1.795 0.02 442 5 1 1 
0.935 -1.74282e-47 -2.8026e-45 0.0025 0.25 0.1795 1.795 0.02 443 5 1 1 
0.945 -4.22168e-18 -1.42109e-14 0.0025 0.25 0.1795 1.795 0.02 444 5 1 1 
0.955 -3.4454e-16 -2.84217e-14 0.0025 0.25 0.1795 1.795 0.02 445 5 1 1 
0.965 -1.39087e-15 -1.13687e-13 0.0025 0.25 0.1795 1.795 0.02 446 5 1 1 
0.975 -4.58832e-15 -2.27374e-13 0.0025 0.25 0.1795 1.795 0.02 447 5 1 1 
0.985 -5.10624e-15 -5.68434e-14 0.0025 0.25 0.1795 1.795 0.02 448 5 1 1 
0.995 -1.86361e-14 5.68434e-14 0.0025 0.25 0.1795 1.795 0.02 449 3 1 1 
1.005 1.86361e-14 -5.68434e-14 0.0025 0.25 0.1795 1.795 0.02 450 3 1 1 
1.015 5.10624e-15 5.68434e-14 0.0025 0.25 0.1795 1.795 0.02 451 5 1 1 
1.025 4.58832e-15 2.27374e-13 0.0025 0.25 0.1795 1.795 0.02 452 5 1 1 
1.035 1.39087e-15 1.13687e-13 0.0025 0.25 0.1795 1.795 0.02 453 5 1 1 
1.045 3.4454e-16 2.84217e-14 0.0025 0.25 0.1795 1.795 0.02 454 5 1 1 
1.055 4.22168e-18 1.42109e-14 0.0025 0.25 0.1795 1.795 0.02 455 5 1 1 
1.065 1.74282e-47 2.8026e-45 0.0025 0.25 0.1795 1.795 0.02 456 5 1 1 
1.075 0 0 0.0025 0.25 0.1795 1.795 0.02 457 5 1 1 
1.085 0 0 0.0025 0.25 0.1795 1.795 0.02 458 5 1 1 
1.095 0 0 0.0025 0.25 0.1795 1.795 0.02 459 5 1 1 
1.105 0 0 0.0025 0.25 0.1795 1.795 0.02 460 5 1 1 
1.115 0 0 0.0025 0.25 0.1795 1.795 0.02 461 5 1 1 
1.125 0 0 0.0025 0.25 0.1795 1.795 0.02 462 5 1 1 
1.135 0 0 0.0025 0.25 0.1795 1.795 0.02 463 5 1 1 
1.145 0 0 0.0025 0.25 0.1795 1.795 0.02 464 5 1 1 
1.155 0 0 0.0025 0.25 0.1795 1.795 0.02 465 5 1 1 
1.165 0 0 0.0025 0.25 0.1795 1.795 0.02 466 5 1 1 
1.175 0 0 0.0025 0.25 0.1795 1.795 0.02 467 5 1 1 
1.185 0 0 0.0025 0.25 0.1795 1.795 0.02 468 5 1 1 
1.195 0 0 0.0025 0.25 0.1795 1.795 0.02 469 5 1 1 
1.205 0 0 0.0025 0.25 0.1795 1.795 0.02 470 5 1 1 
1.215 0 0 0.0025 0.25 0.1795 1.795 0.02 471 5 1 1 
1.225 0 0 0.0025 0.25 0.1795 1.795 0.02 472 5 1 1 
1.235 0 0 0.0025 0.25 0.1795 1.795 0.02 473 5 1 1 
1.245 0 0 0.0025 0.25 0.1795 1.795 0.02 474 5 1 1 
1.255 0 0 0.0025 0.25 0.1795 1.795 0.02 475 5 1 1 
1.265 0 0 0.0025 0.25 0.1795 1.795 0.02 476 5 1 1 
1.275 0 0 0.0025 0.25 0.1795 1.795 0.02 477 5 1 1 
1.285 -1.24561e-47 -2.8026e-45 0.0025 0.25 0.1795 1.795 0.02 478 5 1 1 
1.295 -1.68654e-17 4.48416e-44 0.0025 0.25 0.1795 1.795 0.02 479 5 1 1 
1.305 -2.22429e-16 2.41585e-13 0.0025 0.25 0.1795 1.795 0.02 480 5 1 1 
1.315 2.93226e-15 9.35074e-12 0.0025 0.25 0.1795 1.795 0.02 481 5 1 1 
1.325 8.63968e-14 -1.24473e-10 0.0025 0.25 0.1795 1.795 0.02 482 4 1 1 
1.335 -9.90307e-12 -8.71562e-09 0.0025 0.25 0.1795 1.795 0.02 483 4 1 1 
1.345 -2.85682e-10 -1.78798e-07 0.0025 0.25 0.1795 1.795 0.02 484 4 1 1 
1.355 -4.82376e-09 -2.48265e-06 0.0025 0.25 0.1795 1.795 0.02 485 4 1 1 
1.365 -6.01166e-08 -2.63986e-05 0.0025 0.25 0.1795 1.795 0.02 486 4 1 1 
1.375 -5.87472e-07 -0.000219785 0.0025 0.25 0.1795 1.795 0.02 487 4 1 1 
1.385 -4.45467e-06 -0.00137013 0.0025 0.250001 0.179501 1.795 0.0199999 488 4 1 1 
1.395 -2.21477e-05 -0.00427635 0.0025 0.250002 0.179502 1.79501 0.0199998 489 3 1 1 
1.405 6.20978e-05 0.0801892 0.0025 0.24995 0.17945 1.79486 0.020004 490 5 1 1 
1.415 0.0016375 0.216324 0.0025 0.249956 0.179452 1.79486 0.0200035 491 4 1 0.999375 
1.425 -0.0079376 -5.42697 0.0025 0.253271 0.182812 1.80471 0.0197417 492 4 1 0.986385 
1.43476 -0.0975113 -25.4247 0.0025 0.271831 0.202614 1.86381 0.0183938 493 4 1 0.954529 
1.44351 -0.321416 -38.5368 0.0025 0.317717 0.255429 2.00993 0.0157373 494 4 1 0.962076 
1.45071 -0.536424 -20.2512 0.0025 0.37602 0.328203 2.18177 0.0132972 495 4 1 0.988123 
1.4569 -0.620504 -5.25654 0.0025 0.416559 0.38252 2.29548 0.0120031 496 4 1 0.996506 
1.46272 -0.653995 -3.48122 0.0025 0.435243 0.410637 2.3586 0.0114878 497 4 1 0.995446 
1.46839 -0.668723 -0.485334 0.0025 0.452633 0.441573 2.43887 0.0110465 498 4 1 0.992453 
1.47378 -0.673565 -0.38973 0.0025 0.47769 0.411218 2.15211 0.010467 499 4 1 0.993592 
