# Time [s]: 0.144259
# Columns: pos [m], vel [m/s], acc [m/s^2], mass [kg], dens [kg/m^3], pres [Pa], ene [J/kg], sml [m], id, neighbor, alpha, gradh, ...additional?
-0.905438 -3.32015 -3.0159 0.0025 0.0234331 0.00582634 0.621594 0.213373 0 5 1 1.04064 
-0.817515 -2.81257 -3.58519 0.0025 0.0407161 0.0112978 0.693699 0.122801 1 5 1 0.977959 
-0.766836 -2.5203 -3.91812 0.0025 0.0610481 0.0199731 0.817929 0.0819027 2 4 1 0.948791 
-0.731424 -2.31621 -4.14896 0.0025 0.0818357 0.0301059 0.91971 0.061098 3 4 1 0.952267 
-0.704158 -2.15922 -4.3252 0.0025 0.102069 0.041006 1.00437 0.0489864 4 4 1 0.960757 
-0.681747 -2.03031 -4.46931 0.0025 0.121328 0.0522251 1.07612 0.0412105 5 4 1 0.968571 
-0.662587 -1.92018 -4.59218 0.0025 0.139838 0.0637045 1.1389 0.0357557 6 4 1 0.974637 
-0.645778 -1.82366 -4.69935 0.0025 0.157781 0.0754291 1.19516 0.0316894 7 4 1 0.97922 
-0.630761 -1.73748 -4.795 0.0025 0.175265 0.0873786 1.24638 0.0285282 8 4 1 0.982713 
-0.617157 -1.65946 -4.8816 0.0025 0.192366 0.0995372 1.2936 0.0259921 9 4 1 0.985419 
-0.604702 -1.58808 -4.95982 0.0025 0.209137 0.111889 1.33752 0.0239078 10 4 1 0.987552 
-0.593201 -1.52221 -5.0308 0.0025 0.225617 0.124419 1.37866 0.0221615 11 4 1 0.989244 
-0.582504 -1.46098 -5.10362 0.0025 0.241845 0.137121 1.41745 0.0206744 12 4 1 0.990622 
-0.572497 -1.40366 -5.16646 0.0025 0.257847 0.149984 1.45421 0.0193913 13 4 1 0.991769 
-0.56309 -1.34989 -5.21544 0.0025 0.273629 0.162988 1.48914 0.0182729 14 4 1 0.9927 
-0.554206 -1.29911 -5.2822 0.0025 0.289221 0.176133 1.52248 0.0172878 15 4 1 0.993485 
-0.545787 -1.25098 -5.33299 0.0025 0.304648 0.189421 1.55443 0.0164124 16 4 1 0.994138 
-0.537781 -1.20516 -5.39973 0.0025 0.319929 0.202851 1.58513 0.0156285 17 4 1 0.994709 
-0.530148 -1.16145 -5.44369 0.0025 0.335072 0.216416 1.6147 0.0149221 18 4 1 0.995204 
-0.52285 -1.11966 -5.48929 0.0025 0.350071 0.230095 1.64321 0.0142828 19 4 1 0.995628 
-0.515857 -1.07967 -5.53831 0.0025 0.364943 0.243892 1.67076 0.0137008 20 4 1 0.995996 
-0.509142 -1.04119 -5.58746 0.0025 0.379701 0.257808 1.69745 0.0131682 21 4 1 0.99632 
-0.502683 -1.00417 -5.63086 0.0025 0.394353 0.271839 1.72333 0.012679 22 4 1 0.996608 
-0.496458 -0.968522 -5.67254 0.0025 0.408898 0.285977 1.74846 0.012228 23 4 1 0.99686 
-0.490451 -0.934022 -5.71952 0.0025 0.42335 0.300224 1.77291 0.0118106 24 4 1 0.997088 
-0.484644 -0.900713 -5.75687 0.0025 0.437711 0.314576 1.79671 0.0114231 25 4 1 0.997289 
-0.479024 -0.868453 -5.80261 0.0025 0.451988 0.32903 1.81992 0.0110623 26 4 1 0.997473 
-0.473579 -0.837133 -5.8349 0.0025 0.466181 0.343583 1.84255 0.0107255 27 4 1 0.997635 
-0.468296 -0.80678 -5.88251 0.0025 0.480297 0.358234 1.86466 0.0104102 28 4 1 0.997785 
-0.463166 -0.77726 -5.91184 0.0025 0.494339 0.37298 1.88626 0.0101145 29 4 1 0.997922 
-0.458179 -0.748574 -5.94566 0.0025 0.508299 0.387807 1.90738 0.00983672 30 4 1 0.998045 
-0.453327 -0.720625 -5.98381 0.0025 0.52219 0.402723 1.92805 0.00957506 31 4 1 0.998158 
-0.448602 -0.693455 -6.01527 0.0025 0.536012 0.417724 1.9483 0.00932814 32 4 1 0.998264 
-0.443997 -0.666924 -6.04203 0.0025 0.549761 0.432798 1.96813 0.00909486 33 4 1 0.99836 
-0.439506 -0.641079 -6.0717 0.0025 0.563437 0.447945 1.98756 0.0088741 34 4 1 0.998448 
-0.435122 -0.615834 -6.10336 0.0025 0.577049 0.463166 2.00662 0.00866477 35 4 1 0.998529 
-0.43084 -0.591216 -6.12984 0.0025 0.590596 0.478459 2.02533 0.00846602 36 4 1 0.998607 
-0.426654 -0.567117 -6.14656 0.0025 0.60407 0.493808 2.04368 0.00827719 37 4 1 0.998676 
-0.422561 -0.54359 -6.18141 0.0025 0.61748 0.509221 2.0617 0.00809743 38 4 1 0.998741 
-0.418556 -0.520569 -6.19962 0.0025 0.63083 0.524699 2.07941 0.00792607 39 4 1 0.998801 
-0.414634 -0.498048 -6.22969 0.0025 0.644119 0.540237 2.09681 0.00776255 40 4 1 0.998859 
-0.410792 -0.475981 -6.24011 0.0025 0.657342 0.555826 2.11392 0.00760639 41 4 1 0.998912 
-0.407027 -0.454353 -6.26815 0.0025 0.670502 0.571465 2.13074 0.0074571 42 4 1 0.99896 
-0.403335 -0.433211 -6.2873 0.0025 0.683606 0.587161 2.1473 0.00731415 43 4 1 0.999006 
-0.399712 -0.412431 -6.30912 0.0025 0.696653 0.602908 2.1636 0.00717717 44 4 1 0.999049 
-0.396157 -0.392061 -6.32838 0.0025 0.709644 0.618705 2.17964 0.00704579 45 4 1 0.999091 
-0.392666 -0.372081 -6.33725 0.0025 0.722571 0.63454 2.19543 0.00691973 46 4 1 0.999128 
-0.389236 -0.352464 -6.3658 0.0025 0.735444 0.650421 2.21099 0.00679861 47 4 1 0.999164 
-0.385867 -0.333234 -6.3793 0.0025 0.748267 0.666353 2.22633 0.0066821 48 4 1 0.999198 
-0.382554 -0.314293 -6.39219 0.0025 0.761032 0.682319 2.24144 0.00657003 49 4 1 0.99923 
-0.379296 -0.29571 -6.41365 0.0025 0.773744 0.698328 2.25633 0.00646208 50 4 1 0.99926 
-0.376091 -0.277432 -6.42434 0.0025 0.786404 0.714376 2.27103 0.00635805 51 4 1 0.999289 
-0.372937 -0.259482 -6.43781 0.0025 0.799008 0.730455 2.28551 0.00625776 52 4 1 0.999315 
-0.369833 -0.241842 -6.45378 0.0025 0.811559 0.746568 2.2998 0.00616098 53 4 1 0.999343 
-0.366776 -0.224483 -6.44701 0.0025 0.824045 0.762697 2.31389 0.00606763 54 4 1 0.999367 
-0.363765 -0.207398 -6.47366 0.0025 0.836475 0.77885 2.32778 0.00597746 55 4 1 0.999389 
-0.360798 -0.19062 -6.47826 0.0025 0.848858 0.795039 2.3415 0.00589027 56 4 1 0.999412 
-0.357874 -0.174089 -6.48219 0.0025 0.861179 0.81124 2.35504 0.00580599 57 4 1 0.999433 
-0.354992 -0.157834 -6.49369 0.0025 0.873442 0.827459 2.36839 0.00572448 58 4 1 0.999455 
-0.35215 -0.141848 -6.47954 0.0025 0.885636 0.843676 2.38156 0.00564566 59 4 1 0.999476 
-0.349346 -0.126118 -6.48159 0.0025 0.897755 0.85988 2.39454 0.00556945 60 4 1 0.999494 
-0.34658 -0.110657 -6.49221 0.0025 0.909814 0.876094 2.40735 0.00549563 61 4 1 0.999512 
-0.34385 -0.0954292 -6.49359 0.0025 0.921806 0.892306 2.41999 0.00542414 62 4 1 0.999541 
-0.341156 -0.0805382 -6.34702 0.0025 0.933617 0.908354 2.43235 0.00535551 63 4 1 0.999571 
-0.338494 -0.0662742 -6.18349 0.0025 0.945164 0.924104 2.44432 0.00529009 64 4 1 0.999558 
-0.335865 -0.0520501 -6.64549 0.0025 0.956891 0.940182 2.4564 0.00522526 65 4 1 0.999519 
-0.333269 -0.0365418 -7.3354 0.0025 0.969273 0.957322 2.46912 0.00515851 66 4 1 0.999647 
-0.330707 -0.0219412 -5.59303 0.0025 0.980606 0.973102 2.48067 0.00509889 67 4 1 0.999865 
-0.32817 -0.0135674 -2.26522 0.0025 0.988249 0.983592 2.48825 0.00505945 68 4 1 0.999819 
-0.325647 -0.00723415 -4.79462 0.0025 0.99553 0.993549 2.49543 0.00502245 69 4 1 0.999356 
-0.323147 0.0101725 -11.539 0.0025 1.00937 1.01316 2.50946 0.0049536 70 4 1 0.999364 
-0.320693 0.0327144 -8.4242 0.0025 1.02552 1.03623 2.52565 0.00487558 71 4 1 0.999961 
-0.318272 0.0406347 -0.533155 0.0025 1.0332 1.04701 2.53309 0.00483932 72 3 1 1 
-0.315854 0.0393557 1.14772 0.0025 1.0328 1.04629 2.53259 0.0048412 73 4 1 1 
-0.31343 0.0361704 1.71483 0.0025 1.02996 1.04224 2.52978 0.00485457 74 4 1 0.99998 
-0.310999 0.0320559 2.11302 0.0025 1.02632 1.03708 2.52618 0.00487178 75 4 1 0.999965 
-0.308559 0.0273876 2.32755 0.0025 1.02229 1.03137 2.52219 0.00489098 76 4 1 0.999955 
-0.306108 0.0225374 2.35876 0.0025 1.01819 1.02557 2.51813 0.00491066 77 4 1 0.999952 
-0.303648 0.0178576 2.22382 0.0025 1.01431 1.02009 2.51426 0.00492947 78 4 1 0.999956 
-0.301179 0.0136306 1.96581 0.0025 1.01085 1.01521 2.51082 0.00494634 79 4 1 0.999964 
-0.298702 0.0100335 1.63998 0.0025 1.00794 1.01112 2.50792 0.00496062 80 4 1 0.999974 
-0.296218 0.00713343 1.29874 0.0025 1.00562 1.00786 2.5056 0.00497207 81 4 1 0.999983 
-0.293729 0.00490641 0.981471 0.0025 1.00385 1.00538 2.50383 0.00498084 82 4 1 0.99999 
-0.291237 0.00326988 0.711014 0.0025 1.00255 1.00357 2.50254 0.00498726 83 4 1 0.999995 
-0.288742 0.00211439 0.495625 0.0025 1.00165 1.0023 2.50164 0.00499178 84 4 1 0.999997 
-0.286245 0.00132795 0.333407 0.0025 1.00103 1.00144 2.50103 0.00499485 85 4 1 0.999999 
-0.283747 0.000810703 0.216916 0.0025 1.00063 1.00088 2.50062 0.00499686 86 4 1 0.999999 
-0.281248 0.000481341 0.136705 0.0025 1.00037 1.00052 2.50037 0.00499814 87 4 1 1 
-0.278749 0.000278035 0.0835458 0.0025 1.00021 1.0003 2.50021 0.00499893 88 4 1 1 
-0.27625 0.000156271 0.0495488 0.0025 1.00012 1.00017 2.50012 0.0049994 89 4 1 1 
-0.27375 8.54717e-05 0.028531 0.0025 1.00007 1.00009 2.50007 0.00499967 90 4 1 1 
-0.27125 4.54909e-05 0.0159553 0.0025 1.00003 1.00005 2.50003 0.00499983 91 4 1 1 
-0.26875 2.35588e-05 0.00866705 0.0025 1.00002 1.00003 2.50002 0.00499991 92 4 1 1 
-0.26625 1.18701e-05 0.00457349 0.0025 1.00001 1.00001 2.50001 0.00499995 93 4 1 1 
-0.26375 5.81777e-06 0.00234442 0.0025 1 1.00001 2.5 0.00499998 94 4 1 1 
-0.26125 2.77312e-06 0.00116737 0.0025 1 1 2.5 0.00499999 95 4 1 1 
-0.25875 1.28524e-06 0.000564569 0.0025 1 1 2.5 0.005 96 4 1 1 
-0.25625 5.7899e-07 0.000265148 0.0025 1 1 2.5 0.005 97 4 1 1 
-0.25375 2.53444e-07 0.000120899 0.0025 1 1 2.5 0.005 98 4 1 1 
-0.25125 1.07756e-07 5.3505e-05 0.0025 1 1 2.5 0.005 99 4 1 1 
-0.24875 4.4478e-08 2.29747e-05 0.0025 1 1 2.5 0.005 100 4 1 1 
-0.24625 1.78138e-08 9.56757e-06 0.0025 1 1 2.5 0.005 101 4 1 1 
-0.24375 6.91831e-09 3.86212e-06 0.0025 1 1 2.5 0.005 102 4 1 1 
-0.24125 2.60346e-09 1.51027e-06 0.0025 1 1 2.5 0.005 103 4 1 1 
-0.23875 9.48498e-10 5.71709e-07 0.0025 1 1 2.5 0.005 104 4 1 1 
-0.23625 3.34209e-10 2.09306e-07 0.0025 1 1 2.5 0.005 105 4 1 1 
-0.23375 1.13742e-10 7.40436e-08 0.0025 1 1 2.5 0.005 106 4 1 1 
-0.23125 3.73453e-11 2.52709e-08 0.0025 1 1 2.5 0.005 107 4 1 1 
-0.22875 1.18122e-11 8.3142e-09 0.0025 1 1 2.5 0.005 108 4 1 1 
-0.22625 3.5874e-12 2.6352e-09 0.0025 1 1 2.5 0.005 109 4 1 1 
-0.22375 1.0427e-12 7.88305e-10 0.0025 1 1 2.5 0.005 110 4 1 1 
-0.22125 2.8737e-13 2.33513e-10 0.0025 1 1 2.5 0.005 111 4 1 1 
-0.21875 7.61156e-14 6.68479e-11 0.0025 1 1 2.5 0.005 112 4 1 1 
-0.21625 1.54333e-14 1.86446e-11 0.0025 1 1 2.5 0.005 113 4 1 1 
-0.21375 6.21456e-16 1.7053e-12 0.0025 1 1 2.5 0.005 114 5 1 1 
-0.21125 3.45276e-17 -3.9443e-29 0.0025 1 1 2.5 0.005 115 5 1 1 
-0.20875 6.80936e-48 0 0.0025 1 1 2.5 0.005 116 5 1 1 
-0.20625 0 0 0.0025 1 1 2.5 0.005 117 5 1 1 
-0.20375 0 0 0.0025 1 1 2.5 0.005 118 5 1 1 
-0.20125 0 0 0.0025 1 1 2.5 0.005 119 5 1 1 
-0.19875 0 0 0.0025 1 1 2.5 0.005 120 5 1 1 
-0.19625 0 0 0.0025 1 1 2.5 0.005 121 5 1 1 
-0.19375 0 0 0.0025 1 1 2.5 0.005 122 5 1 1 
-0.19125 0 0 0.0025 1 1 2.5 0.005 123 5 1 1 
-0.18875 0 0 0.0025 1 1 2.5 0.005 124 5 1 1 
-0.18625 0 0 0.0025 1 1 2.5 0.005 125 5 1 1 
-0.18375 0 0 0.0025 1 1 2.5 0.005 126 5 1 1 
-0.18125 0 0 0.0025 1 1 2.5 0.005 127 5 1 1 
-0.17875 0 0 0.0025 1 1 2.5 0.005 128 5 1 1 
-0.17625 0 0 0.0025 1 1 2.5 0.005 129 5 1 1 
-0.17375 0 0 0.0025 1 1 2.5 0.005 130 5 1 1 
-0.17125 0 0 0.0025 1 1 2.5 0.005 131 5 1 1 
-0.16875 0 0 0.0025 1 1 2.5 0.005 132 5 1 1 
-0.16625 0 0 0.0025 1 1 2.5 0.005 133 5 1 1 
-0.16375 0 0 0.0025 1 1 2.5 0.005 134 5 1 1 
-0.16125 0 0 0.0025 1 1 2.5 0.005 135 5 1 1 
-0.15875 0 0 0.0025 1 1 2.5 0.005 136 5 1 1 
-0.15625 0 0 0.0025 1 1 2.5 0.005 137 5 1 1 
-0.15375 0 0 0.0025 1 1 2.5 0.005 138 5 1 1 
-0.15125 0 0 0.0025 1 1 2.5 0.005 139 5 1 1 
-0.14875 0 0 0.0025 1 1 2.5 0.005 140 5 1 1 
-0.14625 0 0 0.0025 1 1 2.5 0.005 141 5 1 1 
-0.14375 0 0 0.0025 1 1 2.5 0.005 142 5 1 1 
-0.14125 0 0 0.0025 1 1 2.5 0.005 143 5 1 1 
-0.13875 0 0 0.0025 1 1 2.5 0.005 144 5 1 1 
-0.13625 0 0 0.0025 1 1 2.5 0.005 145 5 1 1 
-0.13375 0 0 0.0025 1 1 2.5 0.005 146 5 1 1 
-0.13125 0 0 0.0025 1 1 2.5 0.005 147 5 1 1 
-0.12875 0 0 0.0025 1 1 2.5 0.005 148 5 1 1 
-0.12625 0 0 0.0025 1 1 2.5 0.005 149 5 1 1 
-0.12375 0 0 0.0025 1 1 2.5 0.005 150 5 1 1 
-0.12125 0 0 0.0025 1 1 2.5 0.005 151 5 1 1 
-0.11875 0 0 0.0025 1 1 2.5 0.005 152 5 1 1 
-0.11625 0 0 0.0025 1 1 2.5 0.005 153 5 1 1 
-0.11375 0 0 0.0025 1 1 2.5 0.005 154 5 1 1 
-0.11125 0 0 0.0025 1 1 2.5 0.005 155 5 1 1 
-0.10875 0 0 0.0025 1 1 2.5 0.005 156 5 1 1 
-0.10625 0 0 0.0025 1 1 2.5 0.005 157 5 1 1 
-0.10375 0 0 0.0025 1 1 2.5 0.005 158 5 1 1 
-0.10125 0 0 0.0025 1 1 2.5 0.005 159 5 1 1 
-0.09875 0 0 0.0025 1 1 2.5 0.005 160 5 1 1 
-0.09625 0 0 0.0025 1 1 2.5 0.005 161 5 1 1 
-0.09375 0 0 0.0025 1 1 2.5 0.005 162 5 1 1 
-0.09125 0 0 0.0025 1 1 2.5 0.005 163 5 1 1 
-0.08875 0 0 0.0025 1 1 2.5 0.005 164 5 1 1 
-0.08625 0 0 0.0025 1 1 2.5 0.005 165 5 1 1 
-0.08375 0 0 0.0025 1 1 2.5 0.005 166 5 1 1 
-0.08125 0 0 0.0025 1 1 2.5 0.005 167 5 1 1 
-0.07875 0 0 0.0025 1 1 2.5 0.005 168 5 1 1 
-0.07625 0 0 0.0025 1 1 2.5 0.005 169 5 1 1 
-0.07375 0 0 0.0025 1 1 2.5 0.005 170 5 1 1 
-0.07125 -3.06278e-47 -1.12104e-44 0.0025 1 1 2.5 0.005 171 5 1 1 
-0.06875 -1.20806e-16 -5.68434e-14 0.0025 1 1 2.5 0.005 172 5 1 1 
-0.06625 -4.3134e-16 -2.84217e-13 0.0025 1 1 2.5 0.005 173 5 1 1 
-0.06375 -1.38018e-15 -4.54747e-13 0.0025 1 1 2.5 0.005 174 5 1 1 
-0.06125 -4.86408e-15 -1.13687e-12 0.0025 1 1 2.5 0.005 175 3 1 1 
-0.05875 -2.13529e-15 2.16005e-12 0.0025 1 1 2.5 0.005 176 3 1 1 
-0.05625 1.12389e-16 1.85382e-27 0.0025 1 1 2.5 0.005 177 5 1 1 
-0.05375 4.10803e-16 -5.68434e-14 0.0025 1 1 2.5 0.005 178 5 1 1 
-0.05125 -1.38961e-16 -5.68434e-14 0.0025 1 1 2.5 0.005 179 5 1 1 
-0.04875 1.98231e-16 -5.60519e-44 0.0025 1 1 2.5 0.005 180 5 1 1 
-0.04625 5.39533e-17 -5.68434e-14 0.0025 1 1 2.5 0.005 181 5 1 1 
-0.04375 -8.49629e-16 -1.13687e-13 0.0025 1 1 2.5 0.005 182 5 1 1 
-0.04125 -1.77216e-15 -5.68434e-14 0.0025 1 1 2.5 0.005 183 5 1 1 
-0.03875 -3.23924e-15 -1.13687e-13 0.0025 1 1 2.5 0.005 184 5 1 1 
-0.03625 -1.44352e-15 2.27374e-13 0.0025 1 1 2.5 0.005 185 5 1 1 
-0.03375 -4.56095e-15 1.7053e-13 0.0025 1 1 2.5 0.005 186 4 1 1 
-0.03125 5.15829e-16 -2.27374e-13 0.0025 1 1 2.5 0.005 187 3 1 1 
-0.02875 -2.01242e-15 -1.13687e-13 0.0025 1 1 2.5 0.005 188 4 1 1 
-0.02625 4.67025e-16 5.68434e-14 0.0025 1 1 2.5 0.005 189 4 1 1 
-0.02375 -2.40147e-15 -1.13687e-13 0.0025 1 1 2.5 0.005 190 4 1 1 
-0.02125 2.57866e-15 1.13687e-13 0.0025 1 1 2.5 0.005 191 4 1 1 
-0.01875 -1.55632e-16 1.13687e-13 0.0025 1 1 2.5 0.005 192 4 1 1 
-0.01625 -4.53918e-16 -3.9443e-29 0.0025 1 1 2.5 0.005 193 3 1 1 
-0.01375 -1.25065e-15 1.02318e-12 0.0025 1 1 2.5 0.005 194 4 1 1 
-0.01125 -1.07679e-15 -1.02318e-12 0.0025 1 1 2.5 0.005 195 5 1 1 
-0.00875 -1.04243e-15 -1.13687e-13 0.0025 1 1 2.5 0.005 196 4 1 1 
-0.00625 1.40665e-16 5.68434e-14 0.0025 1 1 2.5 0.005 197 4 1 1 
-0.00375 -2.42129e-16 -2.27374e-13 0.0025 1 1 2.5 0.005 198 3 1 1 
-0.00125 -1.76913e-16 1.13687e-13 0.0025 1 1 2.5 0.005 199 3 1 1 
0.00125 -8.81177e-17 5.68434e-14 0.0025 1 1 2.5 0.005 200 4 1 1 
0.00375 -1.1353e-16 -8.87469e-29 0.0025 1 1 2.5 0.005 201 5 1 1 
0.00625 5.21675e-16 -3.9443e-29 0.0025 1 1 2.5 0.005 202 3 1 1 
0.00875 1.20106e-15 1.77494e-28 0.0025 1 1 2.5 0.005 203 4 1 1 
0.01125 4.29381e-16 5.68434e-14 0.0025 1 1 2.5 0.005 204 4 1 1 
0.01375 1.31461e-15 2.84217e-13 0.0025 1 1 2.5 0.005 205 4 1 1 
0.01625 -1.60048e-16 -1.13687e-13 0.0025 1 1 2.5 0.005 206 4 1 1 
0.01875 9.28519e-16 -5.68434e-13 0.0025 1 1 2.5 0.005 207 3 1 1 
0.02125 2.31164e-15 2.27374e-13 0.0025 1 1 2.5 0.005 208 4 1 1 
0.02375 1.58594e-16 1.13687e-13 0.0025 1 1 2.5 0.005 209 5 1 1 
0.02625 2.35433e-15 -1.13687e-13 0.0025 1 1 2.5 0.005 210 4 1 1 
0.02875 2.05522e-15 2.84217e-13 0.0025 1 1 2.5 0.005 211 3 1 1 
0.03125 -3.72015e-16 7.38964e-13 0.0025 1 1 2.5 0.005 212 5 1 1 
0.03375 -1.3269e-15 -2.16005e-12 0.0025 1 1 2.5 0.005 213 3 1 1 
0.03625 5.41045e-15 6.25278e-13 0.0025 1 1 2.5 0.005 214 3 1 1 
0.03875 1.50188e-15 3.97904e-13 0.0025 1 1 2.5 0.005 215 5 1 1 
0.04125 2.28517e-16 4.54747e-13 0.0025 1 1 2.5 0.005 216 5 1 1 
0.04375 6.96301e-17 1.12104e-43 0.0025 1 1 2.5 0.005 217 5 1 1 
0.04625 1.15881e-16 3.9443e-29 0.0025 1 1 2.5 0.005 218 5 1 1 
0.04875 -4.67444e-16 3.41061e-13 0.0025 1 1 2.5 0.005 219 5 1 1 
0.05125 6.45493e-16 -2.27374e-12 0.0025 1 1 2.5 0.005 220 3 1 1 
0.05375 5.60306e-15 8.52651e-13 0.0025 1 1 2.5 0.005 221 3 1 1 
0.05625 1.9829e-15 6.25278e-13 0.0025 1 1 2.5 0.005 222 5 1 1 
0.05875 7.07299e-16 1.7053e-13 0.0025 1 1 2.5 0.005 223 5 1 1 
0.06125 2.24329e-16 1.7053e-13 0.0025 1 1 2.5 0.005 224 5 1 1 
0.06375 3.45276e-17 3.36312e-44 0.0025 1 1 2.5 0.005 225 5 1 1 
0.06625 6.80936e-48 0 0.0025 1 1 2.5 0.005 226 5 1 1 
0.06875 0 0 0.0025 1 1 2.5 0.005 227 5 1 1 
0.07125 0 0 0.0025 1 1 2.5 0.005 228 5 1 1 
0.07375 0 0 0.0025 1 1 2.5 0.005 229 5 1 1 
0.07625 0 0 0.0025 1 1 2.5 0.005 230 5 1 1 
0.07875 0 0 0.0025 1 1 2.5 0.005 231 5 1 1 
0.08125 0 0 0.0025 1 1 2.5 0.005 232 5 1 1 
0.08375 0 0 0.0025 1 1 2.5 0.005 233 5 1 1 
0.08625 0 0 0.0025 1 1 2.5 0.005 234 5 1 1 
0.08875 0 0 0.0025 1 1 2.5 0.005 235 5 1 1 
0.09125 -1.0943e-45 -1.12104e-44 0.0025 1 1 2.5 0.005 236 5 1 1 
0.09375 -3.35691e-17 -1.12104e-44 0.0025 1 1 2.5 0.005 237 5 1 1 
0.09625 -2.00225e-16 1.12104e-44 0.0025 1 1 2.5 0.005 238 5 1 1 
0.09875 -3.32868e-16 7.84727e-44 0.0025 1 1 2.5 0.005 239 5 1 1 
0.10125 1.51512e-15 2.27374e-13 0.0025 1 1 2.5 0.005 240 5 1 1 
0.10375 1.18113e-15 1.13687e-13 0.0025 1 1 2.5 0.005 241 5 1 1 
0.10625 5.26819e-15 -6.72623e-44 0.0025 1 1 2.5 0.005 242 5 1 1 
0.10875 3.01003e-15 1.13687e-13 0.0025 1 1 2.5 0.005 243 5 1 1 
0.11125 6.43928e-15 -2.8026e-43 0.0025 1 1 2.5 0.005 244 5 1 1 
0.11375 4.30526e-15 -1.13687e-13 0.0025 1 1 2.5 0.005 245 5 1 1 
0.11625 3.68402e-15 1.13687e-13 0.0025 1 1 2.5 0.005 246 5 1 1 
0.11875 8.31527e-16 1.13687e-13 0.0025 1 1 2.5 0.005 247 5 1 1 
0.12125 2.06417e-15 -7.14905e-27 0.0025 1 1 2.5 0.005 248 5 1 1 
0.12375 -7.21633e-16 -7.18849e-27 0.0025 1 1 2.5 0.005 249 4 1 1 
0.12625 7.21633e-16 7.18849e-27 0.0025 1 1 2.5 0.005 250 4 1 1 
0.12875 -2.06417e-15 7.14905e-27 0.0025 1 1 2.5 0.005 251 5 1 1 
0.13125 -8.31527e-16 -1.13687e-13 0.0025 1 1 2.5 0.005 252 5 1 1 
0.13375 -3.68402e-15 -1.13687e-13 0.0025 1 1 2.5 0.005 253 5 1 1 
0.13625 -4.30526e-15 1.13687e-13 0.0025 1 1 2.5 0.005 254 5 1 1 
0.13875 -6.43928e-15 2.8026e-43 0.0025 1 1 2.5 0.005 255 5 1 1 
0.14125 -3.01003e-15 -1.13687e-13 0.0025 1 1 2.5 0.005 256 5 1 1 
0.14375 -5.26819e-15 6.72623e-44 0.0025 1 1 2.5 0.005 257 5 1 1 
0.14625 -1.18113e-15 -1.13687e-13 0.0025 1 1 2.5 0.005 258 5 1 1 
0.14875 -1.51512e-15 -2.27374e-13 0.0025 1 1 2.5 0.005 259 5 1 1 
0.15125 3.32868e-16 -7.84727e-44 0.0025 1 1 2.5 0.005 260 5 1 1 
0.15375 2.00225e-16 -1.12104e-44 0.0025 1 1 2.5 0.005 261 5 1 1 
0.15625 3.35691e-17 1.12104e-44 0.0025 1 1 2.5 0.005 262 5 1 1 
0.15875 1.0943e-45 1.12104e-44 0.0025 1 1 2.5 0.005 263 5 1 1 
0.16125 0 0 0.0025 1 1 2.5 0.005 264 5 1 1 
0.16375 0 0 0.0025 1 1 2.5 0.005 265 5 1 1 
0.16625 0 0 0.0025 1 1 2.5 0.005 266 5 1 1 
0.16875 0 0 0.0025 1 1 2.5 0.005 267 5 1 1 
0.17125 0 0 0.0025 1 1 2.5 0.005 268 5 1 1 
0.17375 0 0 0.0025 1 1 2.5 0.005 269 5 1 1 
0.17625 0 0 0.0025 1 1 2.5 0.005 270 5 1 1 
0.17875 0 0 0.0025 1 1 2.5 0.005 271 5 1 1 
0.18125 0 0 0.0025 1 1 2.5 0.005 272 5 1 1 
0.18375 0 0 0.0025 1 1 2.5 0.005 273 5 1 1 
0.18625 0 0 0.0025 1 1 2.5 0.005 274 5 1 1 
0.18875 0 0 0.0025 1 1 2.5 0.005 275 5 1 1 
0.19125 0 0 0.0025 1 1 2.5 0.005 276 5 1 1 
0.19375 0 0 0.0025 1 1 2.5 0.005 277 5 1 1 
0.19625 0 0 0.0025 1 1 2.5 0.005 278 5 1 1 
0.19875 0 0 0.0025 1 1 2.5 0.005 279 5 1 1 
0.20125 -8.14607e-46 -1.12104e-44 0.0025 1 1 2.5 0.005 280 5 1 1 
0.20375 -1.01886e-16 -1.12104e-44 0.0025 1 1 2.5 0.005 281 5 1 1 
0.20625 -2.71073e-16 1.12104e-44 0.0025 1 1 2.5 0.005 282 5 1 1 
0.20875 -4.39498e-16 1.12104e-44 0.0025 1 1 2.5 0.005 283 5 1 1 
0.21125 -3.30775e-16 3.9443e-29 0.0025 1 1 2.5 0.005 284 5 1 1 
0.21375 -8.25065e-17 -9.09495e-13 0.0025 1 1 2.5 0.005 285 5 1 1 
0.21625 -1.28631e-14 -1.87583e-11 0.0025 1 1 2.5 0.005 286 4 1 1 
0.21875 -6.57255e-14 -5.69571e-11 0.0025 1 1 2.5 0.005 287 4 1 1 
0.22125 -2.58998e-13 -2.11116e-10 0.0025 1 1 2.5 0.005 288 4 1 1 
0.22375 -9.20565e-13 -6.98265e-10 0.0025 1 1 2.5 0.005 289 4 1 1 
0.22625 -3.16843e-12 -2.29971e-09 0.0025 1 1 2.5 0.005 290 4 1 1 
0.22875 -1.03273e-11 -7.21474e-09 0.0025 1 1 2.5 0.005 291 4 1 1 
0.23125 -3.2399e-11 -2.17394e-08 0.0025 1 1 2.5 0.005 292 4 1 1 
0.23375 -9.79502e-11 -6.3267e-08 0.0025 1 1 2.5 0.005 293 4 1 1 
0.23625 -2.85689e-10 -1.77503e-07 0.0025 1 1 2.5 0.005 294 4 1 1 
0.23875 -8.05221e-10 -4.81593e-07 0.0025 1 1 2.5 0.005 295 4 1 1 
0.24125 -2.19562e-09 -1.26395e-06 0.0025 1 1 2.5 0.005 296 4 1 1 
0.24375 -5.79762e-09 -3.21199e-06 0.0025 1 1 2.5 0.005 297 4 1 1 
0.24625 -1.48374e-08 -7.90899e-06 0.0025 1 1 2.5 0.005 298 4 1 1 
0.24875 -3.68293e-08 -1.88811e-05 0.0025 1 1 2.5 0.005 299 4 1 1 
0.25125 -8.87203e-08 -4.37231e-05 0.0025 1 1 2.5 0.005 300 4 1 1 
0.25375 -2.07527e-07 -9.82539e-05 0.0025 1 1 2.5 0.005 301 4 1 1 
0.25625 -4.71573e-07 -0.000214335 0.0025 1 1 2.5 0.005 302 4 1 1 
0.25875 -1.04139e-06 -0.000454007 0.0025 1 1 2.5 0.005 303 4 1 1 
0.26125 -2.23572e-06 -0.000934011 0.0025 1 1 2.5 0.00499999 304 4 1 1 
0.26375 -4.66747e-06 -0.00186652 0.0025 1 1 2.5 0.00499998 305 4 1 1 
0.26625 -9.47794e-06 -0.00362369 0.0025 1.00001 1.00001 2.50001 0.00499996 306 4 1 1 
0.26875 -1.87242e-05 -0.00683493 0.0025 1.00001 1.00002 2.50001 0.00499993 307 4 1 1 
0.27125 -3.59932e-05 -0.0125251 0.0025 1.00003 1.00004 2.50003 0.00499986 308 4 1 1 
0.27375 -6.73317e-05 -0.0222977 0.0025 1.00005 1.00007 2.50005 0.00499974 309 4 1 1 
0.27625 -0.000122585 -0.0385576 0.0025 1.00009 1.00013 2.50009 0.00499953 310 4 1 1 
0.278749 -0.000217213 -0.0647467 0.0025 1.00017 1.00023 2.50017 0.00499916 311 4 1 1 
0.281249 -0.000374584 -0.105538 0.0025 1.00029 1.0004 2.50029 0.00499855 312 4 1 1 
0.283748 -0.000628597 -0.166883 0.0025 1.00049 1.00068 2.50048 0.00499757 313 4 1 1 
0.286246 -0.00102625 -0.255769 0.0025 1.0008 1.00111 2.50079 0.00499602 314 4 1 0.999999 
0.288744 -0.00162935 -0.379455 0.0025 1.00127 1.00177 2.50126 0.00499366 315 4 1 0.999998 
0.29124 -0.00251426 -0.543989 0.0025 1.00196 1.00274 2.50196 0.0049902 316 4 1 0.999997 
0.293734 -0.00376782 -0.751838 0.0025 1.00295 1.00413 2.50294 0.00498528 317 4 1 0.999994 
0.296225 -0.00547787 -0.998757 0.0025 1.00431 1.00603 2.5043 0.00497854 318 4 1 0.99999 
0.298713 -0.00771701 -1.27056 0.0025 1.0061 1.00854 2.50609 0.00496968 319 4 1 0.999984 
0.301195 -0.0105204 -1.54114 0.0025 1.00836 1.01172 2.50834 0.00495853 320 4 1 0.999977 
0.303671 -0.0138615 -1.77358 0.0025 1.01109 1.01555 2.51106 0.00494518 321 4 1 0.999971 
0.30614 -0.0176335 -1.92578 0.0025 1.0142 1.01994 2.51416 0.00493 322 4 1 0.999967 
0.308601 -0.0216454 -1.95953 0.0025 1.01756 1.02468 2.5175 0.00491372 323 4 1 0.999967 
0.311054 -0.0256377 -1.85161 0.0025 1.02096 1.02949 2.52088 0.00489733 324 4 1 0.999972 
0.313499 -0.0293171 -1.59993 0.0025 1.02417 1.03403 2.52405 0.00488201 325 4 1 0.999981 
0.315936 -0.0323739 -1.17535 0.0025 1.02688 1.03788 2.52674 0.00486913 326 4 1 0.999998 
0.318368 -0.0342526 -0.348062 0.0025 1.02823 1.03987 2.52813 0.00486272 327 3 1 1 
0.320799 -0.0308849 5.14113 0.0025 1.02382 1.03381 2.52393 0.00488366 328 4 1 1.00001 
0.323251 -0.0121665 11.7817 0.0025 1.00986 1.01399 2.51003 0.00495116 329 4 1 0.999613 
0.32575 0.00918854 7.49129 0.0025 0.993951 0.991376 2.49387 0.00503043 330 4 1 0.99921 
0.328282 0.0191554 2.73901 0.0025 0.984301 0.978002 2.48418 0.00507975 331 4 1 0.999671 
0.33083 0.0264549 4.49702 0.0025 0.976965 0.968002 2.47692 0.00511789 332 4 1 0.999855 
0.3334 0.0393774 6.92124 0.0025 0.966714 0.953801 2.4665 0.00517216 333 4 1 0.999722 
0.336002 0.0548817 6.87447 0.0025 0.954526 0.936936 2.45396 0.0052382 334 4 1 0.999543 
0.338639 0.0695729 6.29416 0.0025 0.942571 0.920541 2.4416 0.00530464 335 4 1 0.999537 
0.341307 0.0839175 6.30503 0.0025 0.930952 0.904711 2.42954 0.00537085 336 4 1 0.999561 
0.34401 0.0987522 6.45728 0.0025 0.919179 0.888738 2.41721 0.00543964 337 4 1 0.999541 
0.346747 0.114002 6.49001 0.0025 0.907207 0.872571 2.40456 0.00551142 338 4 1 0.999512 
0.349521 0.129506 6.47022 0.0025 0.895149 0.856378 2.39173 0.00558566 339 4 1 0.999491 
0.352333 0.145273 6.4718 0.0025 0.883034 0.840197 2.37873 0.00566229 340 4 1 0.999473 
0.355184 0.161283 6.484 0.0025 0.870843 0.824002 2.36554 0.00574156 341 4 1 0.999452 
0.358075 0.177572 6.47328 0.0025 0.858582 0.807807 2.35216 0.00582355 342 4 1 0.99943 
0.361008 0.194136 6.46973 0.0025 0.846264 0.791628 2.33861 0.00590832 343 4 1 0.999409 
0.363984 0.210965 6.45596 0.0025 0.83389 0.775471 2.32487 0.005996 344 4 1 0.999386 
0.367004 0.228069 6.44195 0.0025 0.821467 0.759347 2.31096 0.00608667 345 4 1 0.999364 
0.370071 0.245463 6.43478 0.0025 0.80899 0.743249 2.29685 0.00618055 346 4 1 0.999339 
0.373185 0.263117 6.42536 0.0025 0.796453 0.727175 2.28255 0.00627783 347 4 1 0.999313 
0.376349 0.281101 6.39966 0.0025 0.78387 0.711143 2.26806 0.0063786 348 4 1 0.999286 
0.379564 0.299383 6.38843 0.0025 0.771243 0.695157 2.25338 0.00648304 349 4 1 0.999259 
0.382832 0.317963 6.36618 0.0025 0.758567 0.679216 2.23849 0.00659137 350 4 1 0.999229 
0.386156 0.336841 6.33193 0.0025 0.745861 0.663342 2.22342 0.00670366 351 4 1 0.999199 
0.389537 0.356021 6.31653 0.0025 0.73312 0.647533 2.20815 0.00682017 352 4 1 0.999169 
0.392977 0.375536 6.27263 0.0025 0.720352 0.631801 2.19269 0.00694105 353 4 1 0.999136 
0.396478 0.39534 6.22625 0.0025 0.707585 0.616181 2.17707 0.00706628 354 4 1 0.999106 
0.400044 0.415368 6.17365 0.0025 0.694833 0.600691 2.16129 0.00719597 355 4 1 0.999076 
0.403675 0.43564 6.08519 0.0025 0.682138 0.585383 2.14541 0.00732989 356 4 1 0.999049 
0.407374 0.456031 5.97113 0.0025 0.669567 0.570336 2.12951 0.00746751 357 4 1 0.999031 
0.411143 0.476384 5.79974 0.0025 0.657211 0.555655 2.1137 0.00760791 358 4 1 0.999026 
0.414983 0.496479 5.55959 0.0025 0.645206 0.541498 2.09818 0.00774946 359 4 1 0.999041 
0.418893 0.515943 5.21968 0.0025 0.633733 0.528065 2.08317 0.00788976 360 4 1 0.999083 
0.422873 0.534468 4.79532 0.0025 0.622977 0.515561 2.06896 0.00802597 361 4 1 0.999158 
0.42692 0.551742 4.37977 0.0025 0.613014 0.504057 2.05567 0.00815642 362 4 1 0.999249 
0.43103 0.567966 4.10631 0.0025 0.603684 0.493354 2.0431 0.00828247 363 4 1 0.999324 
0.435203 0.584069 4.16942 0.0025 0.59451 0.482895 2.03064 0.00841029 364 4 1 0.999342 
0.439441 0.601315 4.51493 0.0025 0.584897 0.472002 2.01745 0.00854851 365 4 1 0.999271 
0.443752 0.620313 4.80613 0.0025 0.574649 0.460462 2.00323 0.00870097 366 4 1 0.999142 
0.448143 0.639943 4.61919 0.0025 0.564315 0.448907 1.98874 0.0088603 367 4 1 0.999068 
0.452613 0.65797 3.80637 0.0025 0.555035 0.438601 1.97559 0.00900844 368 4 1 0.999181 
0.457152 0.671593 2.42709 0.0025 0.548074 0.430916 1.96564 0.00912286 369 4 1 0.999487 
0.461736 0.678631 0.756906 0.0025 0.544342 0.426817 1.96029 0.0091854 370 4 1 0.999831 
0.466337 0.679457 -0.158385 0.0025 0.543377 0.425769 1.95892 0.00920172 371 5 1 0.999987 
0.470938 0.679161 -0.051366 0.0025 0.543442 0.425847 1.95903 0.00920062 372 4 1 1 
0.475538 0.67876 -0.133623 0.0025 0.54361 0.426032 1.95928 0.00919778 373 4 1 0.999999 
0.480136 0.678155 -0.1518 0.0025 0.543891 0.426344 1.95969 0.00919301 374 4 1 0.999999 
0.484731 0.677487 -0.152794 0.0025 0.544225 0.426712 1.96018 0.00918738 375 4 1 0.999999 
0.489323 0.676835 -0.137182 0.0025 0.54456 0.427083 1.96068 0.00918172 376 4 1 0.999999 
0.493913 0.676256 -0.116218 0.0025 0.544866 0.427422 1.96113 0.00917656 377 4 1 0.999999 
0.4985 0.675772 -0.0944274 0.0025 0.545127 0.427712 1.96152 0.00917217 378 4 1 1 
0.503085 0.675379 -0.0748921 0.0025 0.54534 0.427948 1.96184 0.0091686 379 4 1 1 
0.507668 0.675066 -0.0595354 0.0025 0.545509 0.428138 1.9621 0.00916575 380 4 1 1 
0.51225 0.674817 -0.0480868 0.0025 0.545643 0.428289 1.96231 0.0091635 381 4 1 1 
0.516832 0.674615 -0.0395385 0.0025 0.54575 0.428411 1.96249 0.0091617 382 4 1 1 
0.521412 0.674448 -0.0333277 0.0025 0.545837 0.428511 1.96263 0.00916024 383 4 1 1 
0.525992 0.674305 -0.0288382 0.0025 0.545909 0.428596 1.96276 0.00915904 384 4 1 1 
0.530571 0.674181 -0.0253867 0.0025 0.545969 0.428669 1.96288 0.00915802 385 4 1 1 
0.53515 0.674071 -0.0225577 0.0025 0.546021 0.428732 1.96298 0.00915716 386 4 1 1 
0.539728 0.673973 -0.0201254 0.0025 0.546065 0.428789 1.96308 0.00915642 387 4 1 1 
0.544306 0.673886 -0.0179438 0.0025 0.546103 0.428839 1.96318 0.00915579 388 4 1 1 
0.548884 0.673807 -0.0159674 0.0025 0.546134 0.428884 1.96327 0.00915527 389 4 1 1 
0.553462 0.673737 -0.0142038 0.0025 0.546158 0.428924 1.96337 0.00915485 390 4 1 1 
0.558039 0.673674 -0.0126425 0.0025 0.546177 0.428959 1.96346 0.00915454 391 4 1 1 
0.562616 0.673618 -0.0112496 0.0025 0.546189 0.428991 1.96356 0.00915433 392 4 1 1 
0.567193 0.673567 -0.00999522 0.0025 0.546193 0.429016 1.96366 0.00915427 393 3 1 1 
0.57177 0.673522 -0.00887142 0.0025 0.546177 0.429028 1.96378 0.00915454 394 4 1 1 
0.576348 0.673481 -0.00788398 0.0025 0.546091 0.429 1.96396 0.00915598 395 4 1 1 
0.580926 0.673444 -0.00702927 0.0025 0.545701 0.428749 1.96421 0.00916253 396 4 1 0.999999 
0.58551 0.673411 -0.00628839 0.0025 0.544084 0.42695 1.96178 0.00918975 397 4 1 0.999988 
0.590116 0.67338 -0.00563244 0.0025 0.530921 0.411567 1.93798 0.00941759 398 4 1 0.999664 
0.594933 0.67335 -0.00501779 0.0025 0.506829 0.440291 2.17179 0.00986526 399 4 1 0.994697 
0.599988 0.673321 -0.00443602 0.0025 0.48132 0.415532 2.15829 0.0103881 400 4 1 0.993716 
0.60533 0.673293 -0.00388156 0.0025 0.458833 0.450073 2.45227 0.0108972 401 4 1 0.993699 
0.610891 0.673265 -0.00335634 0.0025 0.45021 0.430593 2.39107 0.0111059 402 5 1 0.998657 
0.616436 0.67324 -0.00287535 0.0025 0.451808 0.428917 2.37333 0.0110666 403 4 1 0.999967 
0.621958 0.673216 -0.00242741 0.0025 0.453433 0.428874 2.36459 0.011027 404 4 1 0.999986 
0.627463 0.673193 -0.00200404 0.0025 0.454522 0.429009 2.35968 0.0110006 405 4 1 0.999994 
0.632959 0.673171 -0.00159775 0.0025 0.45522 0.429092 2.35651 0.0109837 406 4 1 0.999997 
0.638447 0.67315 -0.00119728 0.0025 0.455692 0.429135 2.3543 0.0109723 407 4 1 0.999999 
0.643931 0.673129 -0.000771721 0.0025 0.456027 0.429159 2.3527 0.0109643 408 4 1 0.999999 
0.649411 0.673108 -0.000240398 0.0025 0.456273 0.429172 2.35151 0.0109583 409 4 1 1 
0.654889 0.673085 0.00063332 0.0025 0.456458 0.429178 2.35059 0.0109539 410 4 1 1 
0.660365 0.673056 0.00258361 0.0025 0.456595 0.429174 2.34986 0.0109506 411 4 1 1 
0.66584 0.673006 0.0077965 0.0025 0.456687 0.429149 2.34925 0.0109484 412 4 1 1 
0.671314 0.672893 0.0238907 0.0025 0.45671 0.429064 2.34867 0.0109479 413 3 1 1 
0.676788 0.672581 0.0724553 0.0025 0.456577 0.428797 2.34788 0.0109511 414 4 1 1 
0.682265 0.671661 0.217814 0.0025 0.456022 0.427993 2.34633 0.0109644 415 4 1 0.999998 
0.687752 0.669012 0.625352 0.0025 0.454335 0.425718 2.34251 0.0110051 416 4 1 0.999976 
0.69327 0.661902 1.58632 0.0025 0.449944 0.419917 2.33311 0.0111125 417 4 1 0.999824 
0.698865 0.64449 3.85588 0.0025 0.439795 0.406629 2.31138 0.0113689 418 4 1 0.999027 
0.704642 0.606434 7.62124 0.0025 0.419982 0.380954 2.26752 0.0119053 419 4 1 0.996016 
0.710783 0.531325 15.9787 0.0025 0.385185 0.336571 2.18426 0.0129808 420 4 1 0.988284 
0.717674 0.378041 28.8969 0.0025 0.335723 0.275581 2.05211 0.0148932 421 4 1 0.972737 
0.725816 0.177085 27.2156 0.0025 0.288566 0.220789 1.91307 0.0173271 422 4 1 0.959794 
0.735133 0.0447353 11.7287 0.0025 0.261023 0.190836 1.828 0.0191554 423 4 1 0.976017 
0.745005 0.00437139 2.03376 0.0025 0.251708 0.181215 1.79994 0.0198643 424 4 1 0.995751 
0.754999 -0.00028905 0.0444504 0.0025 0.250064 0.179562 1.79518 0.0199949 425 4 1 0.999836 
0.765 -5.71935e-05 -0.0306887 0.0025 0.249982 0.179482 1.79495 0.0200014 426 5 1 1 
0.775 6.07477e-06 0.000133199 0.0025 0.25 0.1795 1.795 0.02 427 4 1 1 
0.785 2.24623e-06 0.000450209 0.0025 0.25 0.1795 1.795 0.02 428 3 1 1 
0.795 5.34181e-07 0.00011786 0.0025 0.25 0.1795 1.795 0.02 429 4 1 1 
0.805 1.16639e-07 2.67406e-05 0.0025 0.25 0.1795 1.795 0.02 430 4 1 1 
0.815 2.43345e-08 5.77918e-06 0.0025 0.25 0.1795 1.795 0.02 431 4 1 1 
0.825 4.86921e-09 1.20003e-06 0.0025 0.25 0.1795 1.795 0.02 432 4 1 1 
0.835 9.31863e-10 2.39003e-07 0.0025 0.25 0.1795 1.795 0.02 433 4 1 1 
0.845 1.69981e-10 4.54735e-08 0.0025 0.25 0.1795 1.795 0.02 434 4 1 1 
0.855 2.94839e-11 8.23506e-09 0.0025 0.25 0.1795 1.795 0.02 435 4 1 1 
0.865 4.82619e-12 1.41452e-09 0.0025 0.25 0.1795 1.795 0.02 436 4 1 1 
0.875 7.62564e-13 2.29349e-10 0.0025 0.25 0.1795 1.795 0.02 437 4 1 1 
0.885 1.11101e-13 3.82272e-11 0.0025 0.25 0.1795 1.795 0.02 438 4 1 1 
0.895 6.85075e-15 4.09273e-12 0.0025 0.25 0.1795 1.795 0.02 439 4 1 1 
0.905 5.01377e-16 1.7053e-13 0.0025 0.25 0.1795 1.795 0.02 440 5 1 1 
0.915 -7.07903e-16 4.26326e-14 0.0025 0.25 0.1795 1.795 0.02 441 5 1 1 
0.925 -1.37434e-15 -1.42109e-14 0.0025 0.25 0.1795 1.795 0.02 442 5 1 1 
0.935 -2.19361e-15 -5.60519e-45 0.0025 0.25 0.1795 1.795 0.02 443 5 1 1 
0.945 -3.39238e-15 8.40779e-45 0.0025 0.25 0.1795 1.795 0.02 444 5 1 1 
0.955 -4.81394e-15 1.48538e-43 0.0025 0.25 0.1795 1.795 0.02 445 5 1 1 
0.965 7.35169e-15 2.55795e-13 0.0025 0.25 0.1795 1.795 0.02 446 5 1 1 
0.975 5.6125e-16 1.7053e-13 0.0025 0.25 0.1795 1.795 0.02 447 5 1 1 
0.985 -1.84406e-15 -8.52651e-14 0.0025 0.25 0.1795 1.795 0.02 448 5 1 1 
0.995 -1.07232e-14 -1.7053e-13 0.0025 0.25 0.1795 1.795 0.02 449 3 1 1 
1.005 1.07232e-14 1.7053e-13 0.0025 0.25 0.1795 1.795 0.02 450 3 1 1 
1.015 1.84406e-15 8.52651e-14 0.0025 0.25 0.1795 1.795 0.02 451 5 1 1 
1.025 -5.6125e-16 -1.7053e-13 0.0025 0.25 0.1795 1.795 0.02 452 5 1 1 
1.035 -7.35169e-15 -2.55795e-13 0.0025 0.25 0.1795 1.795 0.02 453 5 1 1 
1.045 4.81394e-15 -1.48538e-43 0.0025 0.25 0.1795 1.795 0.02 454 5 1 1 
1.055 3.39238e-15 -8.40779e-45 0.0025 0.25 0.1795 1.795 0.02 455 5 1 1 
1.065 2.19361e-15 5.60519e-45 0.0025 0.25 0.1795 1.795 0.02 456 5 1 1 
1.075 1.37434e-15 1.42109e-14 0.0025 0.25 0.1795 1.795 0.02 457 5 1 1 
1.085 6.04372e-16 -7.10543e-14 0.0025 0.25 0.1795 1.795 0.02 458 5 1 1 
1.095 -1.35115e-15 -3.55271e-13 0.0025 0.25 0.1795 1.795 0.02 459 5 1 1 
1.105 -1.33865e-14 -8.14282e-12 0.0025 0.25 0.1795 1.795 0.02 460 4 1 1 
1.115 -2.21365e-13 -7.69376e-11 0.0025 0.25 0.1795 1.795 0.02 461 4 1 1 
1.125 -1.55328e-12 -4.91099e-10 0.0025 0.25 0.1795 1.795 0.02 462 4 1 1 
1.135 -1.03913e-11 -3.11098e-09 0.0025 0.25 0.1795 1.795 0.02 463 4 1 1 
1.145 -6.5021e-11 -1.84637e-08 0.0025 0.25 0.1795 1.795 0.02 464 4 1 1 
1.155 -3.80727e-10 -1.02321e-07 0.0025 0.25 0.1795 1.795 0.02 465 4 1 1 
1.165 -2.08961e-09 -5.31192e-07 0.0025 0.25 0.1795 1.795 0.02 466 4 1 1 
1.175 -1.07515e-08 -2.5796e-06 0.0025 0.25 0.1795 1.795 0.02 467 4 1 1 
1.185 -5.18282e-08 -1.17102e-05 0.0025 0.25 0.1795 1.795 0.02 468 4 1 1 
1.195 -2.33907e-07 -4.96301e-05 0.0025 0.25 0.1795 1.795 0.02 469 4 1 1 
1.205 -9.87282e-07 -0.00019607 0.0025 0.25 0.1795 1.795 0.02 470 4 1 1 
1.215 -3.89212e-06 -0.000720654 0.0025 0.250001 0.179501 1.795 0.0199999 471 4 1 1 
1.225 -1.43089e-05 -0.00245884 0.0025 0.250003 0.179503 1.79501 0.0199997 472 4 1 1 
1.235 -4.89723e-05 -0.00776855 0.0025 0.250011 0.179511 1.79503 0.0199991 473 4 1 1 
1.245 -0.000155746 -0.0226645 0.0025 0.250035 0.179536 1.7951 0.0199972 474 4 1 1 
1.255 -0.00045933 -0.0608498 0.0025 0.250104 0.179604 1.7953 0.0199917 475 4 1 0.999998 
1.26499 -0.00125281 -0.14952 0.0025 0.250283 0.179784 1.79581 0.0199774 476 4 1 0.99999 
1.27497 -0.00314444 -0.332523 0.0025 0.250708 0.180212 1.79703 0.0199435 477 4 1 0.999954 
1.28493 -0.00719077 -0.654334 0.0025 0.251617 0.181128 1.79964 0.0198715 478 4 1 0.999847 
1.29485 -0.0147314 -1.09741 0.0025 0.253313 0.182842 1.80452 0.0197384 479 4 1 0.999645 
1.30467 -0.026484 -1.49549 0.0025 0.255991 0.185561 1.81219 0.019532 480 4 1 0.999465 
1.31438 -0.0411261 -1.56798 0.0025 0.259438 0.189081 1.82202 0.0192724 481 4 1 0.999559 
1.32395 -0.0548978 -1.14274 0.0025 0.262809 0.192542 1.83156 0.0190252 482 4 1 1.0001 
1.3334 -0.0612657 0.417999 0.0025 0.263535 0.193299 1.83366 0.0189728 483 3 1 1.00004 
1.34292 -0.0338356 5.88356 0.0025 0.256091 0.185701 1.8128 0.0195243 484 4 1 0.999523 
1.35294 0.0360886 7.00512 0.0025 0.241388 0.170943 1.77043 0.0207135 485 4 1 0.992389 
1.36366 0.0967756 4.65302 0.0025 0.22704 0.156891 1.72759 0.0220225 486 4 1 0.990491 
1.37499 0.148918 4.58848 0.0025 0.214453 0.144856 1.68867 0.0233152 487 4 1 0.992339 
1.387 0.210768 5.19941 0.0025 0.201117 0.132407 1.6459 0.0248612 488 4 1 0.990931 
1.39989 0.281715 5.27088 0.0025 0.186756 0.119367 1.5979 0.0267728 489 4 1 0.988146 
1.41383 0.359259 5.19852 0.0025 0.171881 0.106275 1.54577 0.0290899 490 4 1 0.985625 
1.42905 0.44462 5.15258 0.0025 0.156582 0.093276 1.48926 0.0319321 491 4 1 0.98274 
1.44586 0.539799 5.08806 0.0025 0.140823 0.0804074 1.42746 0.0355055 492 4 1 0.978981 
1.46471 0.646988 4.974 0.0025 0.124603 0.0677507 1.35934 0.0401274 493 4 1 0.974145 
1.48624 0.769032 4.7965 0.0025 0.107935 0.0554138 1.28351 0.0463244 494 4 1 0.967994 
1.51145 0.910395 4.57033 0.0025 0.0907617 0.0434775 1.19758 0.0550893 495 4 1 0.960367 
1.5421 1.08022 4.33838 0.0025 0.0728833 0.0319777 1.09688 0.0686028 496 4 1 0.952229 
1.58179 1.29926 4.11271 0.0025 0.0545371 0.0213021 0.976499 0.0916808 497 4 1 0.948739 
1.63836 1.61379 3.81823 0.0025 0.0364871 0.0121312 0.831203 0.137035 498 5 1 0.978486 
1.73618 2.1648 3.26693 0.0025 0.0210466 0.00628956 0.747101 0.237568 499 5 1 1.04401 
