# Time [s]: 0.140009
# Columns: pos [m], vel [m/s], acc [m/s^2], mass [kg], dens [kg/m^3], pres [Pa], ene [J/kg], sml [m], id, neighbor, alpha, gradh, ...additional?
-0.891355 -3.30711 -3.12296 0.0025 0.0240239 0.006033 0.627816 0.208126 0 5 1 1.04066 
-0.805594 -2.79707 -3.71209 0.0025 0.0417419 0.0116983 0.700637 0.119784 1 5 1 0.977958 
-0.75616 -2.50336 -4.05673 0.0025 0.062585 0.0206806 0.826104 0.0798913 2 4 1 0.948793 
-0.721618 -2.29827 -4.29538 0.0025 0.0838944 0.0311715 0.928895 0.0595988 3 4 1 0.952272 
-0.695021 -2.14051 -4.47755 0.0025 0.104634 0.042456 1.01439 0.0477855 4 4 1 0.960763 
-0.673159 -2.01098 -4.62654 0.0025 0.124375 0.0540701 1.08684 0.0402011 5 4 1 0.968578 
-0.654468 -1.90033 -4.75347 0.0025 0.143346 0.0659531 1.15025 0.0348806 6 4 1 0.974643 
-0.638071 -1.80334 -4.86435 0.0025 0.161737 0.0780895 1.20705 0.0309145 7 4 1 0.979225 
-0.62342 -1.71675 -4.96338 0.0025 0.179656 0.0904585 1.25878 0.027831 8 4 1 0.982718 
-0.610149 -1.63835 -5.05239 0.0025 0.197182 0.103043 1.30646 0.0253573 9 4 1 0.985425 
-0.597998 -1.56663 -5.13275 0.0025 0.214368 0.115827 1.3508 0.0233243 10 4 1 0.987554 
-0.586777 -1.50046 -5.20789 0.0025 0.231258 0.128796 1.39235 0.0216209 11 4 1 0.989243 
-0.576341 -1.43891 -5.28443 0.0025 0.247892 0.141945 1.43153 0.0201701 12 4 1 0.990632 
-0.566579 -1.38134 -5.34121 0.0025 0.264287 0.155255 1.46863 0.0189188 13 4 1 0.99177 
-0.5574 -1.32734 -5.40128 0.0025 0.280459 0.168711 1.50389 0.0178279 14 4 1 0.9927 
-0.548733 -1.27627 -5.46649 0.0025 0.296442 0.18232 1.53757 0.0168667 15 4 1 0.993478 
-0.540519 -1.22791 -5.52715 0.0025 0.31226 0.19608 1.56985 0.0160123 16 4 1 0.994137 
-0.532708 -1.18181 -5.58758 0.0025 0.327929 0.209987 1.60087 0.0152472 17 4 1 0.994708 
-0.525261 -1.13791 -5.63588 0.0025 0.34345 0.224028 1.63073 0.0145582 18 4 1 0.995207 
-0.518141 -1.09594 -5.67802 0.0025 0.35882 0.238186 1.65951 0.0139345 19 4 1 0.995622 
-0.511319 -1.0557 -5.74278 0.0025 0.374069 0.252473 1.68735 0.0133665 20 4 1 0.995994 
-0.504768 -1.01703 -5.78215 0.0025 0.389205 0.266888 1.71432 0.0128467 21 4 1 0.996322 
-0.498467 -0.979829 -5.82677 0.0025 0.404221 0.28141 1.74045 0.0123695 22 4 1 0.996602 
-0.492394 -0.943963 -5.88515 0.0025 0.419142 0.296056 1.76586 0.0119291 23 4 1 0.99686 
-0.486533 -0.909305 -5.91464 0.0025 0.433963 0.310813 1.79056 0.0115217 24 4 1 0.997085 
-0.480868 -0.875807 -5.96633 0.0025 0.448686 0.325673 1.8146 0.0111437 25 4 1 0.997285 
-0.475386 -0.843346 -6.0116 0.0025 0.463331 0.340649 1.83805 0.0107914 26 4 1 0.99747 
-0.470074 -0.811903 -6.04396 0.0025 0.477888 0.355724 1.86092 0.0104627 27 4 1 0.997634 
-0.464921 -0.781336 -6.08955 0.0025 0.492363 0.370896 1.88325 0.0101551 28 4 1 0.997784 
-0.459916 -0.751694 -6.12333 0.0025 0.50676 0.386166 1.90508 0.0098666 29 4 1 0.997919 
-0.455052 -0.722843 -6.16307 0.0025 0.521081 0.401527 1.92642 0.00959545 30 4 1 0.998046 
-0.450319 -0.694773 -6.18721 0.0025 0.53532 0.41697 1.9473 0.00934021 31 4 1 0.998158 
-0.44571 -0.667423 -6.2324 0.0025 0.549487 0.432498 1.96774 0.0090994 32 4 1 0.998264 
-0.441218 -0.640806 -6.25468 0.0025 0.563583 0.448109 1.98777 0.0088718 33 4 1 0.99836 
-0.436836 -0.614813 -6.28813 0.0025 0.577604 0.463791 2.0074 0.00865645 34 4 1 0.99845 
-0.43256 -0.589464 -6.31156 0.0025 0.591552 0.479544 2.02664 0.00845235 35 4 1 0.998531 
-0.428383 -0.564698 -6.34492 0.0025 0.605431 0.495367 2.04553 0.00825858 36 4 1 0.998607 
-0.4243 -0.540542 -6.36772 0.0025 0.619243 0.51126 2.06406 0.00807437 37 4 1 0.998678 
-0.420307 -0.516879 -6.38714 0.0025 0.632981 0.527207 2.08225 0.00789913 38 4 1 0.998742 
-0.4164 -0.49376 -6.42062 0.0025 0.646656 0.543219 2.10012 0.00773209 39 4 1 0.998803 
-0.412574 -0.471125 -6.43891 0.0025 0.660269 0.559295 2.11769 0.00757267 40 4 1 0.99886 
-0.408827 -0.448984 -6.46448 0.0025 0.673817 0.575426 2.13496 0.00742042 41 4 1 0.998914 
-0.405153 -0.4273 -6.47479 0.0025 0.687296 0.591603 2.15193 0.00727489 42 4 1 0.998962 
-0.401551 -0.406001 -6.50884 0.0025 0.700714 0.607836 2.16864 0.00713557 43 4 1 0.999008 
-0.398017 -0.385168 -6.52512 0.0025 0.71408 0.624127 2.18508 0.00700202 44 4 1 0.999052 
-0.394548 -0.364728 -6.53671 0.0025 0.727377 0.640457 2.20127 0.00687401 45 4 1 0.999092 
-0.391142 -0.344671 -6.56146 0.0025 0.740614 0.656832 2.2172 0.00675116 46 4 1 0.999131 
-0.387796 -0.32499 -6.57407 0.0025 0.753794 0.673254 2.23289 0.00663311 47 4 1 0.999166 
-0.384509 -0.305635 -6.59674 0.0025 0.766918 0.689719 2.24836 0.00651961 48 4 1 0.999199 
-0.381276 -0.286672 -6.61779 0.0025 0.779992 0.706236 2.26361 0.00641032 49 4 1 0.999232 
-0.378098 -0.26801 -6.61752 0.0025 0.793002 0.722781 2.27863 0.00630516 50 4 1 0.999263 
-0.374971 -0.249689 -6.63583 0.0025 0.805946 0.739351 2.29343 0.00620389 51 4 1 0.999292 
-0.371893 -0.231682 -6.646 0.0025 0.818833 0.755954 2.30803 0.00610625 52 4 1 0.999319 
-0.368864 -0.213988 -6.65438 0.0025 0.831659 0.772581 2.32242 0.00601208 53 4 1 0.999344 
-0.365881 -0.196589 -6.67522 0.0025 0.844432 0.789243 2.33662 0.00592114 54 4 1 0.99937 
-0.362943 -0.179496 -6.67114 0.0025 0.857143 0.805925 2.35062 0.00583333 55 4 1 0.999394 
-0.360047 -0.162647 -6.67455 0.0025 0.869782 0.822609 2.36442 0.00574857 56 4 1 0.999417 
-0.357194 -0.146112 -6.68385 0.0025 0.882357 0.839307 2.37803 0.00566664 57 4 1 0.999439 
-0.35438 -0.129869 -6.67139 0.0025 0.894859 0.856002 2.39145 0.00558747 58 4 1 0.99946 
-0.351606 -0.113876 -6.68506 0.0025 0.90729 0.872694 2.40468 0.00551092 59 4 1 0.999481 
-0.348869 -0.0981503 -6.67942 0.0025 0.919645 0.88938 2.41773 0.00543688 60 4 1 0.999512 
-0.346169 -0.0827905 -6.53217 0.0025 0.931811 0.905896 2.43047 0.0053659 61 4 1 0.999543 
-0.343503 -0.0680611 -6.381 0.0025 0.94372 0.922129 2.44283 0.00529818 62 4 1 0.999526 
-0.34087 -0.0533117 -6.9006 0.0025 0.95585 0.938754 2.45534 0.00523095 63 4 1 0.999493 
-0.338272 -0.0373264 -7.50326 0.0025 0.968594 0.956392 2.46844 0.00516212 64 4 1 0.999642 
-0.335708 -0.0225584 -5.52988 0.0025 0.98006 0.972345 2.48012 0.00510173 65 4 1 0.999859 
-0.33317 -0.0142272 -2.34386 0.0025 0.987804 0.982954 2.48779 0.00506173 66 4 1 0.999784 
-0.330646 -0.00713923 -5.47426 0.0025 0.995719 0.993811 2.49562 0.0050215 67 4 1 0.999279 
-0.328148 0.0117495 -12.0838 0.0025 1.01048 1.01476 2.51059 0.00494815 68 4 1 0.999382 
-0.325698 0.0343209 -7.97402 0.0025 1.02673 1.03796 2.52685 0.00486983 69 4 1 0.999977 
-0.323278 0.0412654 -0.250321 0.0025 1.03383 1.04789 2.5337 0.00483637 70 3 1 1 
-0.320861 0.0396801 1.25215 0.0025 1.03305 1.04664 2.53284 0.00484003 71 4 1 1 
-0.318438 0.0362937 1.81123 0.0025 1.03002 1.04233 2.52984 0.00485428 72 4 1 0.999977 
-0.316007 0.0319766 2.21259 0.0025 1.02621 1.03693 2.52608 0.00487228 73 4 1 0.999961 
-0.313566 0.0271275 2.4112 0.0025 1.02204 1.03101 2.52195 0.00489217 74 4 1 0.999952 
-0.311115 0.0221409 2.41786 0.0025 1.01784 1.02507 2.51778 0.00491236 75 4 1 0.999949 
-0.308654 0.0173816 2.25387 0.0025 1.0139 1.01951 2.51386 0.00493145 76 4 1 0.999954 
-0.306183 0.0131325 1.96859 0.0025 1.01043 1.01463 2.5104 0.00494838 77 4 1 0.999963 
-0.303705 0.00956103 1.62173 0.0025 1.00755 1.01058 2.50753 0.00496252 78 4 1 0.999974 
-0.301221 0.00671841 1.26763 0.0025 1.00528 1.00739 2.50526 0.00497374 79 4 1 0.999984 
-0.298731 0.00456438 0.945195 0.0025 1.00357 1.00499 2.50356 0.0049822 80 4 1 0.999991 
-0.296239 0.00300292 0.675398 0.0025 1.00234 1.00327 2.50233 0.00498832 81 4 1 0.999995 
-0.293743 0.00191574 0.464222 0.0025 1.00149 1.00208 2.50148 0.00499256 82 4 1 0.999998 
-0.291246 0.00118634 0.307796 0.0025 1.00092 1.00128 2.50092 0.00499541 83 4 1 0.999999 
-0.288748 0.000713639 0.197282 0.0025 1.00055 1.00077 2.50055 0.00499724 84 4 1 1 
-0.286249 0.000417215 0.122418 0.0025 1.00032 1.00045 2.50032 0.00499839 85 4 1 1 
-0.283749 0.000237126 0.0736167 0.0025 1.00018 1.00025 2.50018 0.00499909 86 4 1 1 
-0.28125 0.000131038 0.0429312 0.0025 1.0001 1.00014 2.5001 0.0049995 87 4 1 1 
-0.27875 7.0409e-05 0.0242895 0.0025 1.00005 1.00008 2.50005 0.00499973 88 4 1 1 
-0.27625 3.67837e-05 0.013336 0.0025 1.00003 1.00004 2.50003 0.00499986 89 4 1 1 
-0.27375 1.86823e-05 0.00710638 0.0025 1.00001 1.00002 2.50001 0.00499993 90 4 1 1 
-0.27125 9.22329e-06 0.00367539 0.0025 1.00001 1.00001 2.50001 0.00499996 91 4 1 1 
-0.26875 4.42519e-06 0.00184491 0.0025 1 1 2.5 0.00499998 92 4 1 1 
-0.26625 2.06282e-06 0.000898716 0.0025 1 1 2.5 0.00499999 93 4 1 1 
-0.26375 9.33988e-07 0.000424789 0.0025 1 1 2.5 0.005 94 4 1 1 
-0.26125 4.10603e-07 0.000194774 0.0025 1 1 2.5 0.005 95 4 1 1 
-0.25875 1.75195e-07 8.66106e-05 0.0025 1 1 2.5 0.005 96 4 1 1 
-0.25625 7.25158e-08 3.73369e-05 0.0025 1 1 2.5 0.005 97 4 1 1 
-0.25375 2.91011e-08 1.5597e-05 0.0025 1 1 2.5 0.005 98 4 1 1 
-0.25125 1.13153e-08 6.31028e-06 0.0025 1 1 2.5 0.005 99 4 1 1 
-0.24875 4.25962e-09 2.47107e-06 0.0025 1 1 2.5 0.005 100 4 1 1 
-0.24625 1.55105e-09 9.35903e-07 0.0025 1 1 2.5 0.005 101 4 1 1 
-0.24375 5.45717e-10 3.42497e-07 0.0025 1 1 2.5 0.005 102 4 1 1 
-0.24125 1.85274e-10 1.20989e-07 0.0025 1 1 2.5 0.005 103 4 1 1 
-0.23875 6.06127e-11 4.12007e-08 0.0025 1 1 2.5 0.005 104 4 1 1 
-0.23625 1.90771e-11 1.34927e-08 0.0025 1 1 2.5 0.005 105 4 1 1 
-0.23375 5.76431e-12 4.25473e-09 0.0025 1 1 2.5 0.005 106 4 1 1 
-0.23125 1.66418e-12 1.27602e-09 0.0025 1 1 2.5 0.005 107 4 1 1 
-0.22875 4.53369e-13 3.76644e-10 0.0025 1 1 2.5 0.005 108 4 1 1 
-0.22625 1.20155e-13 9.23706e-11 0.0025 1 1 2.5 0.005 109 4 1 1 
-0.22375 3.07945e-14 3.70051e-11 0.0025 1 1 2.5 0.005 110 4 1 1 
-0.22125 1.17332e-15 2.16005e-12 0.0025 1 1 2.5 0.005 111 5 1 1 
-0.21875 1.38044e-16 4.54747e-13 0.0025 1 1 2.5 0.005 112 5 1 1 
-0.21625 2.72244e-47 8.96831e-44 0.0025 1 1 2.5 0.005 113 5 1 1 
-0.21375 0 0 0.0025 1 1 2.5 0.005 114 5 1 1 
-0.21125 0 0 0.0025 1 1 2.5 0.005 115 5 1 1 
-0.20875 0 0 0.0025 1 1 2.5 0.005 116 5 1 1 
-0.20625 0 0 0.0025 1 1 2.5 0.005 117 5 1 1 
-0.20375 0 0 0.0025 1 1 2.5 0.005 118 5 1 1 
-0.20125 0 0 0.0025 1 1 2.5 0.005 119 5 1 1 
-0.19875 0 0 0.0025 1 1 2.5 0.005 120 5 1 1 
-0.19625 0 0 0.0025 1 1 2.5 0.005 121 5 1 1 
-0.19375 0 0 0.0025 1 1 2.5 0.005 122 5 1 1 
-0.19125 0 0 0.0025 1 1 2.5 0.005 123 5 1 1 
-0.18875 0 0 0.0025 1 1 2.5 0.005 124 5 1 1 
-0.18625 0 0 0.0025 1 1 2.5 0.005 125 5 1 1 
-0.18375 0 0 0.0025 1 1 2.5 0.005 126 5 1 1 
-0.18125 0 0 0.0025 1 1 2.5 0.005 127 5 1 1 
-0.17875 0 0 0.0025 1 1 2.5 0.005 128 5 1 1 
-0.17625 0 0 0.0025 1 1 2.5 0.005 129 5 1 1 
-0.17375 0 0 0.0025 1 1 2.5 0.005 130 5 1 1 
-0.17125 0 0 0.0025 1 1 2.5 0.005 131 5 1 1 
-0.16875 0 0 0.0025 1 1 2.5 0.005 132 5 1 1 
-0.16625 0 0 0.0025 1 1 2.5 0.005 133 5 1 1 
-0.16375 0 0 0.0025 1 1 2.5 0.005 134 5 1 1 
-0.16125 0 0 0.0025 1 1 2.5 0.005 135 5 1 1 
-0.15875 0 0 0.0025 1 1 2.5 0.005 136 5 1 1 
-0.15625 0 0 0.0025 1 1 2.5 0.005 137 5 1 1 
-0.15375 0 0 0.0025 1 1 2.5 0.005 138 5 1 1 
-0.15125 0 0 0.0025 1 1 2.5 0.005 139 5 1 1 
-0.14875 0 0 0.0025 1 1 2.5 0.005 140 5 1 1 
-0.14625 0 0 0.0025 1 1 2.5 0.005 141 5 1 1 
-0.14375 0 0 0.0025 1 1 2.5 0.005 142 5 1 1 
-0.14125 0 0 0.0025 1 1 2.5 0.005 143 5 1 1 
-0.13875 0 0 0.0025 1 1 2.5 0.005 144 5 1 1 
-0.13625 0 0 0.0025 1 1 2.5 0.005 145 5 1 1 
-0.13375 0 0 0.0025 1 1 2.5 0.005 146 5 1 1 
-0.13125 0 0 0.0025 1 1 2.5 0.005 147 5 1 1 
-0.12875 0 0 0.0025 1 1 2.5 0.005 148 5 1 1 
-0.12625 0 0 0.0025 1 1 2.5 0.005 149 5 1 1 
-0.12375 0 0 0.0025 1 1 2.5 0.005 150 5 1 1 
-0.12125 0 0 0.0025 1 1 2.5 0.005 151 5 1 1 
-0.11875 0 0 0.0025 1 1 2.5 0.005 152 5 1 1 
-0.11625 0 0 0.0025 1 1 2.5 0.005 153 5 1 1 
-0.11375 0 0 0.0025 1 1 2.5 0.005 154 5 1 1 
-0.11125 0 0 0.0025 1 1 2.5 0.005 155 5 1 1 
-0.10875 0 0 0.0025 1 1 2.5 0.005 156 5 1 1 
-0.10625 0 0 0.0025 1 1 2.5 0.005 157 5 1 1 
-0.10375 0 0 0.0025 1 1 2.5 0.005 158 5 1 1 
-0.10125 0 0 0.0025 1 1 2.5 0.005 159 5 1 1 
-0.09875 0 0 0.0025 1 1 2.5 0.005 160 5 1 1 
-0.09625 0 0 0.0025 1 1 2.5 0.005 161 5 1 1 
-0.09375 0 0 0.0025 1 1 2.5 0.005 162 5 1 1 
-0.09125 0 0 0.0025 1 1 2.5 0.005 163 5 1 1 
-0.08875 0 0 0.0025 1 1 2.5 0.005 164 5 1 1 
-0.08625 0 0 0.0025 1 1 2.5 0.005 165 5 1 1 
-0.08375 0 0 0.0025 1 1 2.5 0.005 166 5 1 1 
-0.08125 0 0 0.0025 1 1 2.5 0.005 167 5 1 1 
-0.07875 0 0 0.0025 1 1 2.5 0.005 168 5 1 1 
-0.07625 0 0 0.0025 1 1 2.5 0.005 169 5 1 1 
-0.07375 0 0 0.0025 1 1 2.5 0.005 170 5 1 1 
-0.07125 0 0 0.0025 1 1 2.5 0.005 171 5 1 1 
-0.06875 -4.42135e-47 -1.12104e-44 0.0025 1 1 2.5 0.005 172 5 1 1 
-0.06625 -1.20695e-16 -5.68434e-14 0.0025 1 1 2.5 0.005 173 5 1 1 
-0.06375 -3.44543e-16 -1.23314e-43 0.0025 1 1 2.5 0.005 174 5 1 1 
-0.06125 -9.81795e-16 -5.11591e-13 0.0025 1 1 2.5 0.005 175 5 1 1 
-0.05875 -2.23914e-15 -4.54747e-13 0.0025 1 1 2.5 0.005 176 5 1 1 
-0.05625 -5.89236e-15 -6.82121e-13 0.0025 1 1 2.5 0.005 177 3 1 1 
-0.05375 5.66048e-16 2.04636e-12 0.0025 1 1 2.5 0.005 178 3 1 1 
-0.05125 -1.81673e-17 -2.27374e-13 0.0025 1 1 2.5 0.005 179 5 1 1 
-0.04875 1.98231e-16 -3.9443e-29 0.0025 1 1 2.5 0.005 180 5 1 1 
-0.04625 1.40277e-16 -6.72623e-44 0.0025 1 1 2.5 0.005 181 5 1 1 
-0.04375 -5.21755e-16 -5.68434e-14 0.0025 1 1 2.5 0.005 182 5 1 1 
-0.04125 -1.28904e-15 -1.7053e-13 0.0025 1 1 2.5 0.005 183 5 1 1 
-0.03875 -2.68702e-15 -1.13687e-13 0.0025 1 1 2.5 0.005 184 5 1 1 
-0.03625 -2.44438e-15 1.13687e-13 0.0025 1 1 2.5 0.005 185 5 1 1 
-0.03375 -5.09591e-15 1.13687e-13 0.0025 1 1 2.5 0.005 186 4 1 1 
-0.03125 1.39589e-15 -1.7053e-13 0.0025 1 1 2.5 0.005 187 3 1 1 
-0.02875 -1.59824e-15 7.88861e-29 0.0025 1 1 2.5 0.005 188 4 1 1 
-0.02625 7.08571e-16 5.68434e-14 0.0025 1 1 2.5 0.005 189 4 1 1 
-0.02375 -2.02184e-15 -2.27374e-13 0.0025 1 1 2.5 0.005 190 4 1 1 
-0.02125 5.76975e-16 9.09495e-13 0.0025 1 1 2.5 0.005 191 4 1 1 
-0.01875 2.24145e-16 1.13687e-13 0.0025 1 1 2.5 0.005 192 5 1 1 
-0.01625 -2.35184e-15 -4.54747e-13 0.0025 1 1 2.5 0.005 193 4 1 1 
-0.01375 2.67183e-16 -1.13687e-13 0.0025 1 1 2.5 0.005 194 3 1 1 
-0.01125 -2.13651e-16 -1.13687e-13 0.0025 1 1 2.5 0.005 195 4 1 1 
-0.00875 -7.66322e-16 -1.13687e-13 0.0025 1 1 2.5 0.005 196 4 1 1 
-0.00625 1.40704e-16 -5.68434e-14 0.0025 1 1 2.5 0.005 197 4 1 1 
-0.00375 -1.55866e-16 5.68434e-14 0.0025 1 1 2.5 0.005 198 5 1 1 
-0.00125 -7.34382e-17 1.68156e-44 0.0025 1 1 2.5 0.005 199 3 1 1 
0.00125 -1.74327e-16 1.13687e-13 0.0025 1 1 2.5 0.005 200 5 1 1 
0.00375 -1.82591e-16 -2.27374e-13 0.0025 1 1 2.5 0.005 201 5 1 1 
0.00625 5.73444e-16 5.68434e-14 0.0025 1 1 2.5 0.005 202 4 1 1 
0.00875 1.25282e-15 -5.68434e-14 0.0025 1 1 2.5 0.005 203 4 1 1 
0.01125 2.56822e-16 5.68434e-14 0.0025 1 1 2.5 0.005 204 5 1 1 
0.01375 -1.11842e-15 -1.13687e-13 0.0025 1 1 2.5 0.005 205 4 1 1 
0.01625 2.89408e-15 1.7053e-13 0.0025 1 1 2.5 0.005 206 3 1 1 
0.01875 1.75704e-15 1.13687e-13 0.0025 1 1 2.5 0.005 207 4 1 1 
0.02125 7.93035e-16 -1.13687e-13 0.0025 1 1 2.5 0.005 208 5 1 1 
0.02375 2.62103e-16 -5.91646e-28 0.0025 1 1 2.5 0.005 209 5 1 1 
0.02625 2.4406e-15 2.84217e-13 0.0025 1 1 2.5 0.005 210 4 1 1 
0.02875 1.84814e-15 2.84217e-13 0.0025 1 1 2.5 0.005 211 4 1 1 
0.03125 -1.18326e-15 -1.81899e-12 0.0025 1 1 2.5 0.005 212 3 1 1 
0.03375 4.92027e-15 6.82121e-13 0.0025 1 1 2.5 0.005 213 4 1 1 
0.03625 1.35505e-15 5.68434e-13 0.0025 1 1 2.5 0.005 214 5 1 1 
0.03875 -2.75435e-16 3.41061e-13 0.0025 1 1 2.5 0.005 215 5 1 1 
0.04125 -2.20251e-16 -1.13687e-13 0.0025 1 1 2.5 0.005 216 5 1 1 
0.04375 2.07677e-16 -2.27374e-13 0.0025 1 1 2.5 0.005 217 5 1 1 
0.04625 -4.70863e-16 4.54747e-13 0.0025 1 1 2.5 0.005 218 5 1 1 
0.04875 3.53605e-15 -2.27374e-12 0.0025 1 1 2.5 0.005 219 3 1 1 
0.05125 4.16556e-15 1.02318e-12 0.0025 1 1 2.5 0.005 220 3 1 1 
0.05375 1.23758e-15 7.95808e-13 0.0025 1 1 2.5 0.005 221 5 1 1 
0.05625 4.98771e-16 5.68434e-14 0.0025 1 1 2.5 0.005 222 5 1 1 
0.05875 1.89572e-16 5.68434e-14 0.0025 1 1 2.5 0.005 223 5 1 1 
0.06125 3.4496e-17 1.12104e-44 0.0025 1 1 2.5 0.005 224 5 1 1 
0.06375 1.02062e-47 1.12104e-44 0.0025 1 1 2.5 0.005 225 5 1 1 
0.06625 0 0 0.0025 1 1 2.5 0.005 226 5 1 1 
0.06875 0 0 0.0025 1 1 2.5 0.005 227 5 1 1 
0.07125 0 0 0.0025 1 1 2.5 0.005 228 5 1 1 
0.07375 0 0 0.0025 1 1 2.5 0.005 229 5 1 1 
0.07625 0 0 0.0025 1 1 2.5 0.005 230 5 1 1 
0.07875 0 0 0.0025 1 1 2.5 0.005 231 5 1 1 
0.08125 0 0 0.0025 1 1 2.5 0.005 232 5 1 1 
0.08375 0 0 0.0025 1 1 2.5 0.005 233 5 1 1 
0.08625 0 0 0.0025 1 1 2.5 0.005 234 5 1 1 
0.08875 0 0 0.0025 1 1 2.5 0.005 235 5 1 1 
0.09125 -1.04665e-45 -1.12104e-44 0.0025 1 1 2.5 0.005 236 5 1 1 
0.09375 -3.35691e-17 -1.12104e-44 0.0025 1 1 2.5 0.005 237 5 1 1 
0.09625 -2.00225e-16 1.12104e-44 0.0025 1 1 2.5 0.005 238 5 1 1 
0.09875 -3.32868e-16 1.12104e-44 0.0025 1 1 2.5 0.005 239 5 1 1 
0.10125 1.18723e-15 5.68434e-14 0.0025 1 1 2.5 0.005 240 5 1 1 
0.10375 1.0085e-15 1.79366e-43 0.0025 1 1 2.5 0.005 241 5 1 1 
0.10625 4.56073e-15 2.84217e-13 0.0025 1 1 2.5 0.005 242 5 1 1 
0.10875 2.25077e-15 2.27374e-13 0.0025 1 1 2.5 0.005 243 5 1 1 
0.11125 6.31852e-15 -5.68434e-14 0.0025 1 1 2.5 0.005 244 5 1 1 
0.11375 4.25351e-15 5.68434e-14 0.0025 1 1 2.5 0.005 245 5 1 1 
0.11625 3.58046e-15 -1.34525e-43 0.0025 1 1 2.5 0.005 246 5 1 1 
0.11875 6.58943e-16 3.9443e-29 0.0025 1 1 2.5 0.005 247 5 1 1 
0.12125 2.06417e-15 -7.14905e-27 0.0025 1 1 2.5 0.005 248 5 1 1 
0.12375 -7.21633e-16 -7.18849e-27 0.0025 1 1 2.5 0.005 249 4 1 1 
0.12625 7.21633e-16 7.18849e-27 0.0025 1 1 2.5 0.005 250 4 1 1 
0.12875 -2.06417e-15 7.14905e-27 0.0025 1 1 2.5 0.005 251 5 1 1 
0.13125 -6.58943e-16 -3.9443e-29 0.0025 1 1 2.5 0.005 252 5 1 1 
0.13375 -3.58046e-15 1.34525e-43 0.0025 1 1 2.5 0.005 253 5 1 1 
0.13625 -4.25351e-15 -5.68434e-14 0.0025 1 1 2.5 0.005 254 5 1 1 
0.13875 -6.31852e-15 5.68434e-14 0.0025 1 1 2.5 0.005 255 5 1 1 
0.14125 -2.25077e-15 -2.27374e-13 0.0025 1 1 2.5 0.005 256 5 1 1 
0.14375 -4.56073e-15 -2.84217e-13 0.0025 1 1 2.5 0.005 257 5 1 1 
0.14625 -1.0085e-15 -1.79366e-43 0.0025 1 1 2.5 0.005 258 5 1 1 
0.14875 -1.18723e-15 -5.68434e-14 0.0025 1 1 2.5 0.005 259 5 1 1 
0.15125 3.32868e-16 -1.12104e-44 0.0025 1 1 2.5 0.005 260 5 1 1 
0.15375 2.00225e-16 -1.12104e-44 0.0025 1 1 2.5 0.005 261 5 1 1 
0.15625 3.35691e-17 1.12104e-44 0.0025 1 1 2.5 0.005 262 5 1 1 
0.15875 1.04665e-45 1.12104e-44 0.0025 1 1 2.5 0.005 263 5 1 1 
0.16125 0 0 0.0025 1 1 2.5 0.005 264 5 1 1 
0.16375 0 0 0.0025 1 1 2.5 0.005 265 5 1 1 
0.16625 0 0 0.0025 1 1 2.5 0.005 266 5 1 1 
0.16875 0 0 0.0025 1 1 2.5 0.005 267 5 1 1 
0.17125 0 0 0.0025 1 1 2.5 0.005 268 5 1 1 
0.17375 0 0 0.0025 1 1 2.5 0.005 269 5 1 1 
0.17625 0 0 0.0025 1 1 2.5 0.005 270 5 1 1 
0.17875 0 0 0.0025 1 1 2.5 0.005 271 5 1 1 
0.18125 0 0 0.0025 1 1 2.5 0.005 272 5 1 1 
0.18375 0 0 0.0025 1 1 2.5 0.005 273 5 1 1 
0.18625 0 0 0.0025 1 1 2.5 0.005 274 5 1 1 
0.18875 0 0 0.0025 1 1 2.5 0.005 275 5 1 1 
0.19125 0 0 0.0025 1 1 2.5 0.005 276 5 1 1 
0.19375 0 0 0.0025 1 1 2.5 0.005 277 5 1 1 
0.19625 0 0 0.0025 1 1 2.5 0.005 278 5 1 1 
0.19875 0 0 0.0025 1 1 2.5 0.005 279 5 1 1 
0.20125 -7.66962e-46 -1.12104e-44 0.0025 1 1 2.5 0.005 280 5 1 1 
0.20375 -1.01886e-16 -1.12104e-44 0.0025 1 1 2.5 0.005 281 5 1 1 
0.20625 -2.71073e-16 1.12104e-44 0.0025 1 1 2.5 0.005 282 5 1 1 
0.20875 -4.39498e-16 1.12104e-44 0.0025 1 1 2.5 0.005 283 5 1 1 
0.21125 -3.30775e-16 0 0.0025 1 1 2.5 0.005 284 5 1 1 
0.21375 -4.79479e-16 5.68434e-14 0.0025 1 1 2.5 0.005 285 5 1 1 
0.21625 1.41527e-15 5.68434e-14 0.0025 1 1 2.5 0.005 286 5 1 1 
0.21875 1.29071e-15 -5.68434e-14 0.0025 1 1 2.5 0.005 287 5 1 1 
0.22125 3.2453e-15 -2.16005e-12 0.0025 1 1 2.5 0.005 288 5 1 1 
0.22375 -1.92313e-14 -3.0866e-11 0.0025 1 1 2.5 0.005 289 4 1 1 
0.22625 -1.12264e-13 -9.20295e-11 0.0025 1 1 2.5 0.005 290 4 1 1 
0.22875 -4.12435e-13 -3.26679e-10 0.0025 1 1 2.5 0.005 291 4 1 1 
0.23125 -1.48303e-12 -1.13664e-09 0.0025 1 1 2.5 0.005 292 4 1 1 
0.23375 -5.0916e-12 -3.71466e-09 0.0025 1 1 2.5 0.005 293 4 1 1 
0.23625 -1.66888e-11 -1.17303e-08 0.0025 1 1 2.5 0.005 294 4 1 1 
0.23875 -5.26351e-11 -3.54696e-08 0.0025 1 1 2.5 0.005 295 4 1 1 
0.24125 -1.59641e-10 -1.03379e-07 0.0025 1 1 2.5 0.005 296 4 1 1 
0.24375 -4.66668e-10 -2.90516e-07 0.0025 1 1 2.5 0.005 297 4 1 1 
0.24625 -1.31694e-09 -7.88316e-07 0.0025 1 1 2.5 0.005 298 4 1 1 
0.24875 -3.59219e-09 -2.06751e-06 0.0025 1 1 2.5 0.005 299 4 1 1 
0.25125 -9.4804e-09 -5.24587e-06 0.0025 1 1 2.5 0.005 300 4 1 1 
0.25375 -2.42299e-08 -1.28858e-05 0.0025 1 1 2.5 0.005 301 4 1 1 
0.25625 -6.00146e-08 -3.06621e-05 0.0025 1 1 2.5 0.005 302 4 1 1 
0.25875 -1.44151e-07 -7.0715e-05 0.0025 1 1 2.5 0.005 303 4 1 1 
0.26125 -3.35949e-07 -0.000158133 0.0025 1 1 2.5 0.005 304 4 1 1 
0.26375 -7.60017e-07 -0.000342994 0.0025 1 1 2.5 0.005 305 4 1 1 
0.26625 -1.66972e-06 -0.000721809 0.0025 1 1 2.5 0.00499999 306 4 1 1 
0.26875 -3.56355e-06 -0.00147408 0.0025 1 1 2.5 0.00499999 307 4 1 1 
0.27125 -7.39037e-06 -0.00292182 0.0025 1.00001 1.00001 2.50001 0.00499997 308 4 1 1 
0.27375 -1.48971e-05 -0.00562157 0.0025 1.00001 1.00002 2.50001 0.00499994 309 4 1 1 
0.27625 -2.91928e-05 -0.010499 0.0025 1.00002 1.00003 2.50002 0.00499989 310 4 1 1 
0.27875 -5.56232e-05 -0.0190333 0.0025 1.00004 1.00006 2.50004 0.00499979 311 4 1 1 
0.28125 -0.00010306 -0.0334891 0.0025 1.00008 1.00011 2.50008 0.0049996 312 4 1 1 
0.283749 -0.000185699 -0.057177 0.0025 1.00014 1.0002 2.50014 0.00499928 313 4 1 1 
0.286249 -0.00032539 -0.0946912 0.0025 1.00025 1.00035 2.50025 0.00499874 314 4 1 1 
0.288748 -0.000554417 -0.152028 0.0025 1.00043 1.0006 2.50043 0.00499786 315 4 1 1 
0.291247 -0.000918364 -0.23643 0.0025 1.00071 1.00099 2.50071 0.00499644 316 4 1 0.999999 
0.293745 -0.00147837 -0.35573 0.0025 1.00115 1.0016 2.50114 0.00499426 317 4 1 0.999999 
0.296241 -0.00231153 -0.516943 0.0025 1.0018 1.00252 2.5018 0.004991 318 4 1 0.999997 
0.298736 -0.00350774 -0.723898 0.0025 1.00275 1.00384 2.50274 0.00498631 319 4 1 0.999994 
0.301227 -0.00516091 -0.973938 0.0025 1.00406 1.00567 2.50404 0.0049798 320 4 1 0.99999 
0.303715 -0.00735294 -1.25428 0.0025 1.0058 1.00812 2.50579 0.00497115 321 4 1 0.999984 
0.306199 -0.0101307 -1.53941 0.0025 1.00804 1.01126 2.50802 0.00496012 322 4 1 0.999977 
0.308676 -0.0134797 -1.79149 0.0025 1.01076 1.01509 2.51073 0.00494677 323 4 1 0.99997 
0.311145 -0.0173019 -1.96565 0.0025 1.01391 1.01953 2.51387 0.00493142 324 4 1 0.999966 
0.313607 -0.0214084 -2.01982 0.0025 1.01734 1.02437 2.51728 0.00491479 325 4 1 0.999965 
0.31606 -0.0255333 -1.92586 0.0025 1.02085 1.02933 2.52076 0.00489789 326 4 1 0.99997 
0.318505 -0.0293694 -1.68132 0.0025 1.02418 1.03405 2.52407 0.00488195 327 4 1 0.999979 
0.320942 -0.0325871 -1.24151 0.0025 1.02703 1.0381 2.52689 0.00486841 328 4 1 0.999997 
0.323373 -0.0346468 -0.475728 0.0025 1.02861 1.0404 2.5285 0.00486092 329 3 1 1 
0.325803 -0.0319259 4.67871 0.0025 1.02468 1.03502 2.52478 0.00487959 330 4 1 1.00001 
0.328253 -0.0136424 11.9822 0.0025 1.01088 1.01545 2.51106 0.0049462 331 4 1 0.999641 
0.33075 0.00878817 8.16958 0.0025 0.994297 0.991867 2.49423 0.00502868 332 4 1 0.999157 
0.333282 0.0197598 2.98706 0.0025 0.983905 0.977437 2.48377 0.00508179 333 4 1 0.99962 
0.335832 0.0272699 4.47976 0.0025 0.976308 0.967086 2.47625 0.00512133 334 4 1 0.99984 
0.338403 0.0403138 7.04532 0.0025 0.96591 0.952697 2.46569 0.00517647 335 4 1 0.999715 
0.341008 0.0562273 7.10147 0.0025 0.953409 0.935405 2.45281 0.00524434 336 4 1 0.999521 
0.343648 0.0714349 6.50432 0.0025 0.941064 0.918483 2.44005 0.00531313 337 4 1 0.999506 
0.346322 0.0862727 6.48833 0.0025 0.929076 0.902161 2.42758 0.00538169 338 4 1 0.999531 
0.34903 0.101582 6.65071 0.0025 0.916943 0.885714 2.41485 0.0054529 339 4 1 0.999512 
0.351775 0.117325 6.67719 0.0025 0.904605 0.869071 2.4018 0.00552727 340 4 1 0.99948 
0.354557 0.133359 6.66541 0.0025 0.892175 0.852399 2.38855 0.00560428 341 4 1 0.999457 
0.357379 0.149641 6.66826 0.0025 0.879678 0.835731 2.37511 0.0056839 342 4 1 0.999436 
0.360242 0.166218 6.66578 0.0025 0.86711 0.819062 2.36148 0.00576628 343 4 1 0.999414 
0.363146 0.183087 6.66465 0.0025 0.854471 0.802398 2.34765 0.00585157 344 4 1 0.999391 
0.366094 0.200234 6.66287 0.0025 0.841763 0.785741 2.33363 0.00593992 345 4 1 0.999366 
0.369086 0.217655 6.64185 0.0025 0.828997 0.76911 2.31941 0.00603138 346 4 1 0.999341 
0.372125 0.235402 6.62801 0.0025 0.816184 0.75252 2.305 0.00612607 347 4 1 0.999316 
0.375213 0.253427 6.6216 0.0025 0.803311 0.735957 2.29039 0.00622424 348 4 1 0.999289 
0.37835 0.271773 6.60477 0.0025 0.790379 0.719424 2.27558 0.00632608 349 4 1 0.99926 
0.381539 0.290438 6.58748 0.0025 0.777395 0.702934 2.26055 0.00643174 350 4 1 0.99923 
0.384782 0.309422 6.56997 0.0025 0.76436 0.686489 2.24532 0.00654142 351 4 1 0.999198 
0.388081 0.328741 6.52786 0.0025 0.751292 0.670115 2.22988 0.0066552 352 4 1 0.999167 
0.391438 0.348365 6.51361 0.0025 0.73819 0.653812 2.21425 0.00677332 353 4 1 0.999135 
0.394855 0.368317 6.48334 0.0025 0.725045 0.637572 2.1984 0.00689612 354 4 1 0.999098 
0.398335 0.388607 6.42458 0.0025 0.711895 0.621443 2.18236 0.0070235 355 4 1 0.999065 
0.401879 0.40916 6.3713 0.0025 0.698764 0.605455 2.16617 0.00715549 356 4 1 0.999033 
0.405491 0.429961 6.29037 0.0025 0.685679 0.589643 2.14986 0.00729204 357 4 1 0.999003 
0.409172 0.450918 6.17863 0.0025 0.672704 0.574081 2.1335 0.00743269 358 4 1 0.998981 
0.412924 0.471858 6.00829 0.0025 0.659934 0.558883 2.11721 0.00757651 359 4 1 0.998971 
0.416749 0.492601 5.75828 0.0025 0.647518 0.544217 2.10118 0.00772179 360 4 1 0.998984 
0.420647 0.512736 5.42645 0.0025 0.635631 0.530281 2.08567 0.0078662 361 4 1 0.999026 
0.424616 0.531886 4.98397 0.0025 0.62447 0.517293 2.07095 0.00800678 362 4 1 0.9991 
0.428654 0.549758 4.52457 0.0025 0.614161 0.505378 2.05721 0.00814119 363 4 1 0.9992 
0.432758 0.566435 4.20401 0.0025 0.604572 0.49437 2.04431 0.00827032 364 4 1 0.999288 
0.436925 0.582814 4.22534 0.0025 0.595224 0.483708 2.03162 0.00840019 365 4 1 0.999317 
0.441159 0.60023 4.57849 0.0025 0.585473 0.472654 2.01825 0.0085401 366 4 1 0.999253 
0.445466 0.619519 4.88999 0.0025 0.575061 0.460926 2.00381 0.00869474 367 4 1 0.999118 
0.449854 0.639599 4.73959 0.0025 0.564511 0.449127 1.98903 0.00885722 368 4 1 0.999034 
0.454324 0.658031 3.89405 0.0025 0.555015 0.438579 1.97557 0.00900877 369 4 1 0.999143 
0.458864 0.671902 2.44296 0.0025 0.547939 0.430768 1.96545 0.00912511 370 4 1 0.999469 
0.463449 0.678869 0.705213 0.0025 0.544232 0.426697 1.96013 0.00918726 371 4 1 0.999832 
0.468051 0.679522 -0.166491 0.0025 0.543323 0.425712 1.95885 0.00920263 372 5 1 0.999989 
0.472652 0.679212 -0.0580758 0.0025 0.543405 0.425809 1.95898 0.00920124 373 4 1 1 
0.477252 0.678785 -0.144259 0.0025 0.543591 0.426014 1.95926 0.0091981 374 4 1 0.999999 
0.48185 0.678151 -0.156446 0.0025 0.543889 0.426344 1.9597 0.00919305 375 4 1 0.999999 
0.486445 0.677458 -0.155152 0.0025 0.544233 0.426724 1.96021 0.00918724 376 4 1 0.999999 
0.491037 0.676797 -0.138254 0.0025 0.544575 0.427103 1.96071 0.00918147 377 4 1 0.999999 
0.495627 0.676216 -0.115077 0.0025 0.544883 0.427443 1.96117 0.00917629 378 4 1 0.999999 
0.500214 0.675733 -0.0927028 0.0025 0.545141 0.42773 1.96156 0.00917193 379 4 1 1 
0.504799 0.675348 -0.0737818 0.0025 0.545351 0.427965 1.96188 0.0091684 380 4 1 1 
0.509382 0.675042 -0.0584219 0.0025 0.545517 0.428151 1.96213 0.00916561 381 4 1 1 
0.513964 0.674798 -0.0468963 0.0025 0.545648 0.428299 1.96234 0.00916341 382 4 1 1 
0.518545 0.6746 -0.0387175 0.0025 0.545752 0.428418 1.96251 0.00916167 383 4 1 1 
0.523126 0.674436 -0.0328197 0.0025 0.545837 0.428517 1.96266 0.00916025 384 4 1 1 
0.527706 0.674295 -0.0284611 0.0025 0.545906 0.428599 1.96279 0.00915908 385 4 1 1 
0.532285 0.674173 -0.0251248 0.0025 0.545965 0.428671 1.9629 0.00915809 386 4 1 1 
0.536864 0.674064 -0.0223671 0.0025 0.546015 0.428734 1.96301 0.00915725 387 4 1 1 
0.541442 0.673966 -0.0199535 0.0025 0.546058 0.42879 1.96312 0.00915654 388 4 1 1 
0.54602 0.673879 -0.01781 0.0025 0.546094 0.42884 1.96322 0.00915594 389 4 1 1 
0.550598 0.673801 -0.0158879 0.0025 0.546123 0.428885 1.96332 0.00915545 390 4 1 1 
0.555176 0.673731 -0.0141407 0.0025 0.546145 0.428924 1.96342 0.00915507 391 4 1 1 
0.559753 0.673668 -0.0125431 0.0025 0.546161 0.428959 1.96352 0.00915481 392 4 1 1 
0.564331 0.673612 -0.0110989 0.0025 0.546168 0.428988 1.96363 0.0091547 393 3 1 1 
0.568908 0.673562 -0.00982722 0.0025 0.546154 0.429003 1.96374 0.00915493 394 4 1 1 
0.573485 0.673517 -0.00872887 0.0025 0.54607 0.428977 1.96393 0.00915633 395 4 1 1 
0.578064 0.673476 -0.00777767 0.0025 0.545682 0.428729 1.96419 0.00916284 396 4 1 0.999999 
0.582648 0.673439 -0.0069443 0.0025 0.544067 0.426931 1.96176 0.00919004 397 4 1 0.999988 
0.587254 0.673405 -0.00620369 0.0025 0.530906 0.41155 1.93796 0.00941786 398 4 1 0.999664 
0.592071 0.673372 -0.00551438 0.0025 0.506815 0.440274 2.17177 0.00986552 399 4 1 0.994697 
0.597127 0.673341 -0.00486827 0.0025 0.481308 0.415518 2.15827 0.0103883 400 4 1 0.993716 
0.602469 0.67331 -0.00425566 0.0025 0.458823 0.450059 2.45225 0.0108974 401 4 1 0.993699 
0.60803 0.67328 -0.00367363 0.0025 0.4502 0.43058 2.39105 0.0111062 402 5 1 0.998657 
0.613575 0.673253 -0.00313833 0.0025 0.4518 0.428905 2.37332 0.0110669 403 4 1 0.999967 
0.619097 0.673227 -0.0026394 0.0025 0.453425 0.428863 2.36458 0.0110272 404 4 1 0.999986 
0.624602 0.673202 -0.0021686 0.0025 0.454514 0.428999 2.35966 0.0110008 405 4 1 0.999994 
0.630098 0.673178 -0.00171729 0.0025 0.455213 0.429082 2.35649 0.0109839 406 4 1 0.999997 
0.635586 0.673155 -0.00126217 0.0025 0.455685 0.429125 2.35429 0.0109725 407 4 1 0.999999 
0.64107 0.673133 -0.000751081 0.0025 0.456019 0.429148 2.35269 0.0109644 408 4 1 0.999999 
0.646551 0.673109 -1.36455e-05 0.0025 0.456265 0.429161 2.35149 0.0109586 409 4 1 1 
0.652029 0.673081 0.00140445 0.0025 0.456447 0.429164 2.35057 0.0109542 410 4 1 1 
0.657505 0.67304 0.00497736 0.0025 0.456578 0.429151 2.34983 0.010951 411 4 1 1 
0.66298 0.672959 0.0154679 0.0025 0.456648 0.429098 2.34917 0.0109494 412 3 1 1 
0.668454 0.672747 0.0470902 0.0025 0.456604 0.428925 2.34845 0.0109504 413 4 1 1 
0.67393 0.672135 0.145351 0.0025 0.456268 0.42839 2.34725 0.0109585 414 4 1 0.999999 
0.679413 0.670348 0.422042 0.0025 0.455138 0.426833 2.34451 0.0109857 415 4 1 0.99999 
0.684916 0.665346 1.1388 0.0025 0.452028 0.422694 2.33773 0.0110613 416 4 1 0.999914 
0.690474 0.652845 2.79224 0.0025 0.444459 0.412748 2.32156 0.0112496 417 4 1 0.999468 
0.696167 0.623558 6.05632 0.0025 0.428736 0.39228 2.2873 0.0116622 418 4 1 0.997545 
0.702144 0.565981 11.8922 0.0025 0.40011 0.355509 2.2211 0.0124966 419 4 1 0.991861 
0.708694 0.445089 24.6988 0.0025 0.354913 0.298886 2.10522 0.0140879 420 4 1 0.979499 
0.716339 0.249001 30.4019 0.0025 0.304243 0.23858 1.96061 0.0164342 421 4 1 0.961974 
0.725283 0.0807953 17.6092 0.0025 0.26855 0.198828 1.85123 0.0186185 422 4 1 0.967082 
0.735024 0.0119738 4.37757 0.0025 0.253698 0.183239 1.80582 0.0197085 423 4 1 0.990578 
0.744998 0.000103995 0.333317 0.0025 0.250299 0.179798 1.79585 0.0199761 424 4 1 0.999336 
0.755 -0.000169501 -0.0559061 0.0025 0.249976 0.179476 1.79493 0.0200019 425 5 1 0.999993 
0.765 3.28567e-06 -0.00345699 0.0025 0.249996 0.179496 1.79499 0.0200003 426 4 1 1 
0.775 3.58412e-06 0.000537317 0.0025 0.250001 0.179501 1.795 0.02 427 3 1 1 
0.785 9.29134e-07 0.000199107 0.0025 0.25 0.1795 1.795 0.02 428 4 1 1 
0.795 2.06117e-07 4.69859e-05 0.0025 0.25 0.1795 1.795 0.02 429 4 1 1 
0.805 4.33059e-08 1.02347e-05 0.0025 0.25 0.1795 1.795 0.02 430 4 1 1 
0.815 8.70822e-09 2.13783e-06 0.0025 0.25 0.1795 1.795 0.02 431 4 1 1 
0.825 1.67258e-09 4.2778e-07 0.0025 0.25 0.1795 1.795 0.02 432 4 1 1 
0.835 3.05857e-10 8.16709e-08 0.0025 0.25 0.1795 1.795 0.02 433 4 1 1 
0.845 5.30843e-11 1.4823e-08 0.0025 0.25 0.1795 1.795 0.02 434 4 1 1 
0.855 8.72772e-12 2.55466e-09 0.0025 0.25 0.1795 1.795 0.02 435 4 1 1 
0.865 1.35102e-12 4.10665e-10 0.0025 0.25 0.1795 1.795 0.02 436 4 1 1 
0.875 2.03001e-13 6.5512e-11 0.0025 0.25 0.1795 1.795 0.02 437 4 1 1 
0.885 1.92225e-14 9.86233e-12 0.0025 0.25 0.1795 1.795 0.02 438 4 1 1 
0.895 1.10363e-15 3.41061e-13 0.0025 0.25 0.1795 1.795 0.02 439 5 1 1 
0.905 -1.75958e-16 4.26326e-14 0.0025 0.25 0.1795 1.795 0.02 440 5 1 1 
0.915 -7.46736e-16 5.60519e-45 0.0025 0.25 0.1795 1.795 0.02 441 5 1 1 
0.925 -1.31395e-15 -1.42109e-14 0.0025 0.25 0.1795 1.795 0.02 442 5 1 1 
0.935 -2.15911e-15 -8.40779e-45 0.0025 0.25 0.1795 1.795 0.02 443 5 1 1 
0.945 -3.35786e-15 -2.84217e-14 0.0025 0.25 0.1795 1.795 0.02 444 5 1 1 
0.955 -4.7967e-15 1.48538e-43 0.0025 0.25 0.1795 1.795 0.02 445 5 1 1 
0.965 6.10062e-15 3.12639e-13 0.0025 0.25 0.1795 1.795 0.02 446 5 1 1 
0.975 -3.44699e-16 2.55795e-13 0.0025 0.25 0.1795 1.795 0.02 447 5 1 1 
0.985 -1.18834e-15 -2.27374e-13 0.0025 0.25 0.1795 1.795 0.02 448 5 1 1 
0.995 -9.7698e-15 -2.70006e-13 0.0025 0.25 0.1795 1.795 0.02 449 3 1 1 
1.005 9.7698e-15 2.70006e-13 0.0025 0.25 0.1795 1.795 0.02 450 3 1 1 
1.015 1.18834e-15 2.27374e-13 0.0025 0.25 0.1795 1.795 0.02 451 5 1 1 
1.025 3.44699e-16 -2.55795e-13 0.0025 0.25 0.1795 1.795 0.02 452 5 1 1 
1.035 -6.10062e-15 -3.12639e-13 0.0025 0.25 0.1795 1.795 0.02 453 5 1 1 
1.045 4.7967e-15 -1.48538e-43 0.0025 0.25 0.1795 1.795 0.02 454 5 1 1 
1.055 3.35786e-15 2.84217e-14 0.0025 0.25 0.1795 1.795 0.02 455 5 1 1 
1.065 2.15911e-15 8.40779e-45 0.0025 0.25 0.1795 1.795 0.02 456 5 1 1 
1.075 1.31395e-15 1.42109e-14 0.0025 0.25 0.1795 1.795 0.02 457 5 1 1 
1.085 7.2086e-16 -1.96182e-44 0.0025 0.25 0.1795 1.795 0.02 458 5 1 1 
1.095 -8.04783e-19 -1.13687e-13 0.0025 0.25 0.1795 1.795 0.02 459 5 1 1 
1.105 -2.19858e-15 -6.53699e-13 0.0025 0.25 0.1795 1.795 0.02 460 5 1 1 
1.115 -3.73886e-14 -1.93978e-11 0.0025 0.25 0.1795 1.795 0.02 461 4 1 1 
1.125 -3.89593e-13 -1.31138e-10 0.0025 0.25 0.1795 1.795 0.02 462 4 1 1 
1.135 -2.79849e-12 -8.84057e-10 0.0025 0.25 0.1795 1.795 0.02 463 4 1 1 
1.145 -1.87398e-11 -5.63162e-09 0.0025 0.25 0.1795 1.795 0.02 464 4 1 1 
1.155 -1.17467e-10 -3.33244e-08 0.0025 0.25 0.1795 1.795 0.02 465 4 1 1 
1.165 -6.8711e-10 -1.84444e-07 0.0025 0.25 0.1795 1.795 0.02 466 4 1 1 
1.175 -3.7636e-09 -9.53738e-07 0.0025 0.25 0.1795 1.795 0.02 467 4 1 1 
1.185 -1.92857e-08 -4.60475e-06 0.0025 0.25 0.1795 1.795 0.02 468 4 1 1 
1.195 -9.24196e-08 -2.07395e-05 0.0025 0.25 0.1795 1.795 0.02 469 4 1 1 
1.205 -4.1383e-07 -8.70188e-05 0.0025 0.25 0.1795 1.795 0.02 470 4 1 1 
1.215 -1.72946e-06 -0.00033955 0.0025 0.25 0.1795 1.795 0.02 471 4 1 1 
1.225 -6.73613e-06 -0.00122961 0.0025 0.250002 0.179502 1.795 0.0199999 472 4 1 1 
1.235 -2.44122e-05 -0.00412265 0.0025 0.250006 0.179506 1.79502 0.0199996 473 4 1 1 
1.245 -8.21706e-05 -0.0127636 0.0025 0.250019 0.179519 1.79505 0.0199985 474 4 1 1 
1.255 -0.00025639 -0.0363785 0.0025 0.250058 0.179558 1.79517 0.0199953 475 4 1 0.999999 
1.26499 -0.000739898 -0.095056 0.0025 0.250167 0.179668 1.79548 0.0199866 476 4 1 0.999996 
1.27498 -0.00196777 -0.225952 0.0025 0.250444 0.179946 1.79627 0.0199645 477 4 1 0.999977 
1.28496 -0.00478812 -0.480579 0.0025 0.251078 0.180584 1.79809 0.0199142 478 4 1 0.99991 
1.2949 -0.0105119 -0.886524 0.0025 0.252362 0.18188 1.80178 0.0198128 479 4 1 0.999743 
1.30477 -0.0203996 -1.3555 0.0025 0.254593 0.18414 1.80819 0.0196392 480 4 1 0.999514 
1.31454 -0.0342934 -1.62909 0.0025 0.257798 0.187404 1.81736 0.019395 481 4 1 0.999442 
1.32417 -0.0493747 -1.42927 0.0025 0.261438 0.191132 1.8277 0.019125 482 4 1 0.999825 
1.33366 -0.0605559 -0.597231 0.0025 0.263982 0.193754 1.83488 0.0189407 483 3 1 1.00003 
1.34311 -0.0535774 3.27633 0.0025 0.260617 0.190313 1.82555 0.0191852 484 4 1 1.00032 
1.35285 0.00459759 7.6264 0.0025 0.248033 0.177571 1.78978 0.0201586 485 4 1 0.995835 
1.36329 0.0750048 5.68103 0.0025 0.232411 0.162111 1.74382 0.0215137 486 4 1 0.989671 
1.3744 0.129665 4.50875 0.0025 0.218973 0.149148 1.70282 0.0228339 487 4 1 0.991333 
1.38615 0.188728 5.15224 0.0025 0.205703 0.136654 1.66081 0.0243069 488 4 1 0.991345 
1.39874 0.258954 5.43605 0.0025 0.191245 0.123403 1.61315 0.0261444 489 4 1 0.988579 
1.41235 0.336796 5.37533 0.0025 0.176065 0.109914 1.56071 0.0283986 490 4 1 0.985724 
1.42721 0.422376 5.31671 0.0025 0.160427 0.0964981 1.50378 0.0311668 491 4 1 0.982798 
1.44362 0.517818 5.25744 0.0025 0.144308 0.0832068 1.44148 0.0346481 492 4 1 0.979048 
1.46201 0.625476 5.15043 0.0025 0.127693 0.0701143 1.37272 0.0391565 493 4 1 0.974179 
1.48301 0.748274 4.97379 0.0025 0.110595 0.0573356 1.29607 0.0452099 494 4 1 0.96797 
1.50762 0.890621 4.73667 0.0025 0.0929742 0.0449685 1.20917 0.0537784 495 4 1 0.960292 
1.53755 1.06147 4.48756 0.0025 0.0746442 0.0330645 1.10741 0.0669845 496 4 1 0.952151 
1.5763 1.28149 4.24895 0.0025 0.0558538 0.0220256 0.985862 0.0895194 497 4 1 0.948674 
1.63153 1.59729 3.94584 0.0025 0.0373741 0.0125461 0.839227 0.133783 498 5 1 0.978408 
1.72701 2.15068 3.38063 0.0025 0.0215626 0.00650648 0.754374 0.231883 499 5 1 1.04426 
