# Time [s]: 0.158244
# Columns: pos [m], vel [m/s], acc [m/s^2], mass [kg], dens [kg/m^3], pres [Pa], ene [J/kg], sml [m], id, neighbor, alpha, gradh, ...additional?
-0.952153 -3.3601 -2.70725 0.0025 0.0216953 0.00523052 0.602728 0.230465 0 5 1 1.04057 
-0.857185 -2.86007 -3.21936 0.0025 0.0376986 0.0101433 0.672658 0.132631 1 5 1 0.977971 
-0.80245 -2.57221 -3.51835 0.0025 0.0565264 0.0179332 0.793135 0.0884543 2 4 1 0.948783 
-0.764207 -2.37118 -3.72647 0.0025 0.0757785 0.0270331 0.89185 0.0659818 3 4 1 0.952253 
-0.734761 -2.21653 -3.88555 0.0025 0.0945204 0.036824 0.973973 0.0528986 4 4 1 0.960739 
-0.710562 -2.08953 -4.01554 0.0025 0.112362 0.0469031 1.04357 0.0444989 5 4 1 0.968553 
-0.689873 -1.98104 -4.12643 0.0025 0.129512 0.0572173 1.10449 0.0386065 6 4 1 0.974621 
-0.671724 -1.88594 -4.22305 0.0025 0.146138 0.0677531 1.15906 0.0342143 7 4 1 0.979206 
-0.655511 -1.80103 -4.30915 0.0025 0.162339 0.0784916 1.20877 0.0307998 8 4 1 0.982699 
-0.640824 -1.72416 -4.38768 0.0025 0.178187 0.0894194 1.25458 0.0280605 9 4 1 0.985405 
-0.627379 -1.65382 -4.45889 0.0025 0.19373 0.100522 1.2972 0.0258091 10 4 1 0.987536 
-0.614962 -1.5889 -4.52429 0.0025 0.209007 0.111788 1.33713 0.0239226 11 4 1 0.989244 
-0.603416 -1.52857 -4.58269 0.0025 0.224044 0.123203 1.37476 0.022317 12 4 1 0.990619 
-0.592614 -1.47217 -4.64348 0.0025 0.23887 0.134761 1.41041 0.0209319 13 4 1 0.991744 
-0.582459 -1.41909 -4.70089 0.0025 0.25351 0.146461 1.44433 0.0197231 14 4 1 0.9927 
-0.572871 -1.36906 -4.7404 0.0025 0.267966 0.158282 1.4767 0.0186591 15 4 1 0.993485 
-0.563784 -1.32167 -4.79568 0.0025 0.282256 0.170219 1.50768 0.0177144 16 4 1 0.994155 
-0.555143 -1.2766 -4.83654 0.0025 0.296398 0.182275 1.53742 0.0168692 17 4 1 0.994715 
-0.546903 -1.23361 -4.89264 0.0025 0.310411 0.19445 1.56607 0.0161077 18 4 1 0.995203 
-0.539026 -1.19247 -4.9339 0.0025 0.324308 0.206742 1.59372 0.0154175 19 4 1 0.995625 
-0.531478 -1.15301 -4.98043 0.0025 0.338089 0.219143 1.62046 0.014789 20 4 1 0.996003 
-0.52423 -1.11518 -5.01064 0.0025 0.351755 0.23164 1.64632 0.0142145 21 4 1 0.99633 
-0.517257 -1.07876 -5.05148 0.0025 0.365308 0.244228 1.67139 0.0136871 22 4 1 0.99661 
-0.510537 -1.04365 -5.10023 0.0025 0.378775 0.256923 1.69576 0.0132004 23 4 1 0.996868 
-0.504052 -1.00974 -5.12545 0.0025 0.39215 0.269711 1.71944 0.0127502 24 4 1 0.997095 
-0.497783 -0.976973 -5.16593 0.0025 0.405431 0.282583 1.74249 0.0123325 25 4 1 0.997293 
-0.491715 -0.945229 -5.20888 0.0025 0.418642 0.295555 1.76497 0.0119434 26 4 1 0.99748 
-0.485836 -0.914451 -5.23009 0.0025 0.431769 0.308609 1.78689 0.0115803 27 4 1 0.997642 
-0.480132 -0.884587 -5.27433 0.0025 0.444821 0.321745 1.80829 0.0112405 28 4 1 0.997789 
-0.474593 -0.855559 -5.30615 0.0025 0.45781 0.334973 1.82922 0.0109216 29 4 1 0.997926 
-0.469208 -0.82735 -5.33373 0.0025 0.470727 0.348277 1.84968 0.0106219 30 4 1 0.998048 
-0.463969 -0.799843 -5.37 0.0025 0.483579 0.36166 1.86971 0.0103396 31 4 1 0.998161 
-0.458866 -0.773097 -5.3963 0.0025 0.496369 0.375121 1.88933 0.0100731 32 4 1 0.998264 
-0.453894 -0.746996 -5.42871 0.0025 0.509097 0.388654 1.90855 0.0098213 33 4 1 0.998361 
-0.449043 -0.721534 -5.44712 0.0025 0.52176 0.402253 1.92739 0.00958295 34 4 1 0.998446 
-0.444309 -0.696678 -5.48771 0.0025 0.534366 0.415924 1.94588 0.00935687 35 4 1 0.998529 
-0.439685 -0.672417 -5.50286 0.0025 0.546918 0.429663 1.96403 0.00914215 36 4 1 0.998604 
-0.435166 -0.648685 -5.53182 0.0025 0.559406 0.443459 1.98184 0.00893806 37 4 1 0.998675 
-0.430746 -0.625482 -5.54862 0.0025 0.571835 0.457313 1.99933 0.00874378 38 4 1 0.998737 
-0.426421 -0.602782 -5.58436 0.0025 0.584213 0.47123 2.01652 0.00855852 39 4 1 0.998799 
-0.422186 -0.580577 -5.59438 0.0025 0.596537 0.485205 2.03343 0.0083817 40 4 1 0.998855 
-0.418038 -0.5588 -5.61925 0.0025 0.608801 0.499225 2.05004 0.00821287 41 4 1 0.998908 
-0.413973 -0.537496 -5.63944 0.0025 0.621013 0.5133 2.06639 0.00805136 42 4 1 0.998956 
-0.409986 -0.516589 -5.66036 0.0025 0.633175 0.527426 2.08247 0.00789672 43 4 1 0.999002 
-0.406075 -0.496119 -5.68106 0.0025 0.645287 0.541604 2.09831 0.00774849 44 4 1 0.999046 
-0.402237 -0.475993 -5.69356 0.0025 0.657345 0.555824 2.11391 0.00760636 45 4 1 0.999086 
-0.398468 -0.456261 -5.71783 0.0025 0.669353 0.57009 2.12926 0.0074699 46 4 1 0.999124 
-0.394766 -0.436912 -5.72667 0.0025 0.681311 0.584398 2.14439 0.0073388 47 4 1 0.999159 
-0.391129 -0.417886 -5.75775 0.0025 0.693225 0.598754 2.15931 0.00721267 48 4 1 0.999193 
-0.387553 -0.399198 -5.7608 0.0025 0.705092 0.613152 2.17402 0.00709127 49 4 1 0.999225 
-0.384037 -0.380812 -5.78117 0.0025 0.716907 0.627582 2.18852 0.00697441 50 4 1 0.999254 
-0.380578 -0.362769 -5.79811 0.0025 0.728679 0.642057 2.20282 0.00686173 51 4 1 0.999283 
-0.377175 -0.345028 -5.80756 0.0025 0.740404 0.656565 2.21692 0.00675307 52 4 1 0.99931 
-0.373824 -0.327548 -5.82687 0.0025 0.752083 0.67111 2.23084 0.0066482 53 4 1 0.999335 
-0.370526 -0.310376 -5.83774 0.0025 0.76372 0.685691 2.24458 0.0065469 54 4 1 0.999359 
-0.367277 -0.293438 -5.85348 0.0025 0.775314 0.700307 2.25815 0.006449 55 4 1 0.999381 
-0.364077 -0.276804 -5.87042 0.0025 0.786868 0.714961 2.27155 0.0063543 56 4 1 0.999404 
-0.360923 -0.260413 -5.872 0.0025 0.798374 0.729639 2.28477 0.00626273 57 4 1 0.999425 
-0.357813 -0.244265 -5.88382 0.0025 0.809829 0.744336 2.29783 0.00617414 58 4 1 0.999445 
-0.354748 -0.228374 -5.89423 0.0025 0.82124 0.759059 2.31072 0.00608836 59 4 1 0.999464 
-0.351725 -0.212718 -5.90315 0.0025 0.832606 0.773807 2.32346 0.00600524 60 4 1 0.999481 
-0.348743 -0.197291 -5.91488 0.0025 0.84393 0.78858 2.33604 0.00592466 61 4 1 0.999499 
-0.3458 -0.18211 -5.92214 0.0025 0.85521 0.803375 2.34848 0.00584652 62 4 1 0.999516 
-0.342896 -0.167112 -5.91742 0.0025 0.866435 0.818176 2.36076 0.00577077 63 4 1 0.999532 
-0.340029 -0.152353 -5.9334 0.0025 0.877613 0.83299 2.37289 0.00569727 64 4 1 0.999547 
-0.337198 -0.137822 -5.92868 0.0025 0.888742 0.847816 2.38488 0.00562593 65 4 1 0.999563 
-0.334403 -0.123496 -5.92184 0.0025 0.899807 0.86263 2.39671 0.00555674 66 4 1 0.999578 
-0.331641 -0.109413 -5.92115 0.0025 0.910812 0.877435 2.40839 0.00548961 67 4 1 0.999592 
-0.328913 -0.095514 -5.92862 0.0025 0.921764 0.892242 2.41994 0.00542438 68 4 1 0.999606 
-0.326217 -0.0817865 -5.91742 0.0025 0.932646 0.907026 2.43132 0.00536109 69 4 1 0.999632 
-0.323552 -0.0684651 -5.72575 0.0025 0.943319 0.921591 2.44241 0.00530043 70 4 1 0.999653 
-0.320916 -0.055763 -5.61899 0.0025 0.953759 0.93588 2.45317 0.00524241 71 4 1 0.999624 
-0.318309 -0.0426861 -6.30508 0.0025 0.964581 0.950777 2.46427 0.0051836 72 4 1 0.999598 
-0.315732 -0.0282122 -6.75292 0.0025 0.976023 0.966686 2.47599 0.00512283 73 4 1 0.999755 
-0.313186 -0.0157089 -4.3207 0.0025 0.985771 0.980274 2.48587 0.00507217 74 4 1 0.999916 
-0.31066 -0.00972271 -1.60026 0.0025 0.991832 0.988536 2.49181 0.00504117 75 4 1 0.999819 
-0.308145 -0.00328423 -5.53228 0.0025 0.998947 0.998337 2.49886 0.00500527 76 4 1 0.99938 
-0.305655 0.0148042 -11.0697 0.0025 1.01273 1.01796 2.51284 0.00493715 77 4 1 0.999568 
-0.303207 0.0341035 -6.15484 0.0025 1.02675 1.03795 2.52683 0.00486975 78 4 1 0.999995 
-0.300785 0.0389089 0.047754 0.0025 1.03212 1.04541 2.53198 0.00484439 79 3 1 1 
-0.298363 0.037298 1.12742 0.0025 1.03111 1.04389 2.53092 0.00484912 80 4 1 1 
-0.295936 0.0342816 1.60272 0.0025 1.02841 1.04004 2.52824 0.00486188 81 4 1 0.999982 
-0.293501 0.0304814 1.94115 0.0025 1.02505 1.03528 2.52493 0.00487779 82 4 1 0.99997 
-0.291058 0.0262057 2.12604 0.0025 1.02137 1.03006 2.52127 0.0048954 83 4 1 0.999962 
-0.288606 0.0217676 2.15707 0.0025 1.01761 1.02475 2.51755 0.00491347 84 4 1 0.99996 
-0.286144 0.017465 2.04703 0.0025 1.01403 1.0197 2.51399 0.00493082 85 4 1 0.999962 
-0.283675 0.0135408 1.8304 0.0025 1.01081 1.01516 2.51078 0.00494653 86 4 1 0.999969 
-0.281198 0.010154 1.55108 0.0025 1.00806 1.01129 2.50804 0.00496002 87 4 1 0.999977 
-0.278715 0.00737403 1.25215 0.0025 1.00583 1.00815 2.50581 0.00497104 88 4 1 0.999984 
-0.276227 0.00519365 0.967527 0.0025 1.00409 1.00571 2.50407 0.00497965 89 4 1 0.99999 
-0.273735 0.00355259 0.718529 0.0025 1.00278 1.00389 2.50278 0.00498612 90 4 1 0.999995 
-0.271241 0.00236296 0.514641 0.0025 1.00185 1.00258 2.50184 0.00499079 91 4 1 0.999997 
-0.268744 0.00152983 0.35649 0.0025 1.00119 1.00166 2.50119 0.00499405 92 4 1 0.999999 
-0.266247 0.000964801 0.239329 0.0025 1.00075 1.00105 2.50075 0.00499625 93 4 1 0.999999 
-0.263748 0.000593036 0.155968 0.0025 1.00046 1.00064 2.50046 0.0049977 94 4 1 1 
-0.261249 0.000355414 0.0987778 0.0025 1.00027 1.00038 2.50027 0.00499863 95 4 1 1 
-0.258749 0.00020773 0.060843 0.0025 1.00016 1.00022 2.50016 0.0049992 96 4 1 1 
-0.25625 0.000118421 0.0364692 0.0025 1.00009 1.00013 2.50009 0.00499954 97 4 1 1 
-0.25375 6.58486e-05 0.0212796 0.0025 1.00005 1.00007 2.50005 0.00499975 98 4 1 1 
-0.25125 3.57147e-05 0.01209 0.0025 1.00003 1.00004 2.50003 0.00499986 99 4 1 1 
-0.24875 1.88933e-05 0.00668923 0.0025 1.00001 1.00002 2.50001 0.00499993 100 4 1 1 
-0.24625 9.74737e-06 0.00360449 0.0025 1.00001 1.00001 2.50001 0.00499996 101 4 1 1 
-0.24375 4.90383e-06 0.00189164 0.0025 1 1.00001 2.5 0.00499998 102 4 1 1 
-0.24125 2.40539e-06 0.000966825 0.0025 1 1 2.5 0.00499999 103 4 1 1 
-0.23875 1.15016e-06 0.000481218 0.0025 1 1 2.5 0.005 104 4 1 1 
-0.23625 5.36e-07 0.000233223 0.0025 1 1 2.5 0.005 105 4 1 1 
-0.23375 2.43384e-07 0.000110046 0.0025 1 1 2.5 0.005 106 4 1 1 
-0.23125 1.07651e-07 5.05434e-05 0.0025 1 1 2.5 0.005 107 4 1 1 
-0.22875 4.63662e-08 2.25911e-05 0.0025 1 1 2.5 0.005 108 4 1 1 
-0.22625 1.9439e-08 9.8235e-06 0.0025 1 1 2.5 0.005 109 4 1 1 
-0.22375 7.92948e-09 4.15434e-06 0.0025 1 1 2.5 0.005 110 4 1 1 
-0.22125 3.14556e-09 1.70792e-06 0.0025 1 1 2.5 0.005 111 4 1 1 
-0.21875 1.21278e-09 6.82244e-07 0.0025 1 1 2.5 0.005 112 4 1 1 
-0.21625 4.54159e-10 2.64666e-07 0.0025 1 1 2.5 0.005 113 4 1 1 
-0.21375 1.65053e-10 9.96458e-08 0.0025 1 1 2.5 0.005 114 4 1 1 
-0.21125 5.81672e-11 3.63634e-08 0.0025 1 1 2.5 0.005 115 4 1 1 
-0.20875 1.98561e-11 1.28736e-08 0.0025 1 1 2.5 0.005 116 4 1 1 
-0.20625 6.55191e-12 4.40195e-09 0.0025 1 1 2.5 0.005 117 4 1 1 
-0.20375 2.09335e-12 1.45553e-09 0.0025 1 1 2.5 0.005 118 4 1 1 
-0.20125 6.44294e-13 4.63615e-10 0.0025 1 1 2.5 0.005 119 4 1 1 
-0.19875 1.87909e-13 1.4694e-10 0.0025 1 1 2.5 0.005 120 4 1 1 
-0.19625 5.55182e-14 4.08136e-11 0.0025 1 1 2.5 0.005 121 4 1 1 
-0.19375 7.52371e-15 1.49498e-11 0.0025 1 1 2.5 0.005 122 4 1 1 
-0.19125 3.97784e-16 -5.68434e-14 0.0025 1 1 2.5 0.005 123 5 1 1 
-0.18875 5.189e-17 1.7053e-13 0.0025 1 1 2.5 0.005 124 5 1 1 
-0.18625 1.02335e-47 3.36312e-44 0.0025 1 1 2.5 0.005 125 5 1 1 
-0.18375 0 0 0.0025 1 1 2.5 0.005 126 5 1 1 
-0.18125 0 0 0.0025 1 1 2.5 0.005 127 5 1 1 
-0.17875 0 0 0.0025 1 1 2.5 0.005 128 5 1 1 
-0.17625 0 0 0.0025 1 1 2.5 0.005 129 5 1 1 
-0.17375 0 0 0.0025 1 1 2.5 0.005 130 5 1 1 
-0.17125 0 0 0.0025 1 1 2.5 0.005 131 5 1 1 
-0.16875 0 0 0.0025 1 1 2.5 0.005 132 5 1 1 
-0.16625 0 0 0.0025 1 1 2.5 0.005 133 5 1 1 
-0.16375 0 0 0.0025 1 1 2.5 0.005 134 5 1 1 
-0.16125 0 0 0.0025 1 1 2.5 0.005 135 5 1 1 
-0.15875 0 0 0.0025 1 1 2.5 0.005 136 5 1 1 
-0.15625 0 0 0.0025 1 1 2.5 0.005 137 5 1 1 
-0.15375 0 0 0.0025 1 1 2.5 0.005 138 5 1 1 
-0.15125 0 0 0.0025 1 1 2.5 0.005 139 5 1 1 
-0.14875 0 0 0.0025 1 1 2.5 0.005 140 5 1 1 
-0.14625 0 0 0.0025 1 1 2.5 0.005 141 5 1 1 
-0.14375 0 0 0.0025 1 1 2.5 0.005 142 5 1 1 
-0.14125 0 0 0.0025 1 1 2.5 0.005 143 5 1 1 
-0.13875 0 0 0.0025 1 1 2.5 0.005 144 5 1 1 
-0.13625 0 0 0.0025 1 1 2.5 0.005 145 5 1 1 
-0.13375 0 0 0.0025 1 1 2.5 0.005 146 5 1 1 
-0.13125 0 0 0.0025 1 1 2.5 0.005 147 5 1 1 
-0.12875 0 0 0.0025 1 1 2.5 0.005 148 5 1 1 
-0.12625 0 0 0.0025 1 1 2.5 0.005 149 5 1 1 
-0.12375 0 0 0.0025 1 1 2.5 0.005 150 5 1 1 
-0.12125 0 0 0.0025 1 1 2.5 0.005 151 5 1 1 
-0.11875 0 0 0.0025 1 1 2.5 0.005 152 5 1 1 
-0.11625 0 0 0.0025 1 1 2.5 0.005 153 5 1 1 
-0.11375 0 0 0.0025 1 1 2.5 0.005 154 5 1 1 
-0.11125 0 0 0.0025 1 1 2.5 0.005 155 5 1 1 
-0.10875 0 0 0.0025 1 1 2.5 0.005 156 5 1 1 
-0.10625 0 0 0.0025 1 1 2.5 0.005 157 5 1 1 
-0.10375 0 0 0.0025 1 1 2.5 0.005 158 5 1 1 
-0.10125 0 0 0.0025 1 1 2.5 0.005 159 5 1 1 
-0.09875 0 0 0.0025 1 1 2.5 0.005 160 5 1 1 
-0.09625 0 0 0.0025 1 1 2.5 0.005 161 5 1 1 
-0.09375 0 0 0.0025 1 1 2.5 0.005 162 5 1 1 
-0.09125 0 0 0.0025 1 1 2.5 0.005 163 5 1 1 
-0.08875 0 0 0.0025 1 1 2.5 0.005 164 5 1 1 
-0.08625 0 0 0.0025 1 1 2.5 0.005 165 5 1 1 
-0.08375 -3.41117e-48 -1.12104e-44 0.0025 1 1 2.5 0.005 166 5 1 1 
-0.08125 -1.72967e-17 -5.68434e-14 0.0025 1 1 2.5 0.005 167 5 1 1 
-0.07875 -1.72943e-16 -4.48416e-44 0.0025 1 1 2.5 0.005 168 5 1 1 
-0.07625 -5.18706e-16 -1.13687e-13 0.0025 1 1 2.5 0.005 169 5 1 1 
-0.07375 -1.14094e-15 -1.13687e-13 0.0025 1 1 2.5 0.005 170 5 1 1 
-0.07125 -2.40264e-15 -1.7053e-13 0.0025 1 1 2.5 0.005 171 5 1 1 
-0.06875 -4.40681e-15 -2.84217e-13 0.0025 1 1 2.5 0.005 172 5 1 1 
-0.06625 -1.53482e-15 6.25278e-13 0.0025 1 1 2.5 0.005 173 5 1 1 
-0.06375 -3.9499e-15 7.38964e-13 0.0025 1 1 2.5 0.005 174 3 1 1 
-0.06125 4.13428e-15 -5.11591e-13 0.0025 1 1 2.5 0.005 175 3 1 1 
-0.05875 -6.51141e-16 -4.54747e-13 0.0025 1 1 2.5 0.005 176 5 1 1 
-0.05625 2.35931e-15 2.27374e-13 0.0025 1 1 2.5 0.005 177 5 1 1 
-0.05375 1.05059e-15 1.13687e-13 0.0025 1 1 2.5 0.005 178 5 1 1 
-0.05125 1.55019e-16 1.13687e-13 0.0025 1 1 2.5 0.005 179 5 1 1 
-0.04875 -1.12894e-16 -1.13687e-13 0.0025 1 1 2.5 0.005 180 5 1 1 
-0.04625 -7.58213e-16 -4.48416e-44 0.0025 1 1 2.5 0.005 181 5 1 1 
-0.04375 -1.76547e-15 -5.68434e-14 0.0025 1 1 2.5 0.005 182 5 1 1 
-0.04125 -2.77436e-15 -5.68434e-14 0.0025 1 1 2.5 0.005 183 5 1 1 
-0.03875 -4.39688e-15 -5.68434e-14 0.0025 1 1 2.5 0.005 184 5 1 1 
-0.03625 4.74293e-16 5.68434e-14 0.0025 1 1 2.5 0.005 185 5 1 1 
-0.03375 -4.26852e-15 -1.13687e-13 0.0025 1 1 2.5 0.005 186 4 1 1 
-0.03125 1.55629e-15 6.82121e-13 0.0025 1 1 2.5 0.005 187 3 1 1 
-0.02875 -7.86258e-16 -1.7053e-13 0.0025 1 1 2.5 0.005 188 4 1 1 
-0.02625 -1.74582e-15 -2.84217e-13 0.0025 1 1 2.5 0.005 189 5 1 1 
-0.02375 -2.47273e-15 -3.41061e-13 0.0025 1 1 2.5 0.005 190 4 1 1 
-0.02125 2.23689e-15 3.41061e-13 0.0025 1 1 2.5 0.005 191 4 1 1 
-0.01875 -1.97237e-18 5.68434e-14 0.0025 1 1 2.5 0.005 192 5 1 1 
-0.01625 -3.6825e-16 -5.68434e-14 0.0025 1 1 2.5 0.005 193 4 1 1 
-0.01375 -1.28001e-16 -2.84217e-13 0.0025 1 1 2.5 0.005 194 3 1 1 
-0.01125 -8.86417e-16 3.97904e-13 0.0025 1 1 2.5 0.005 195 5 1 1 
-0.00875 -1.16327e-15 -6.25278e-13 0.0025 1 1 2.5 0.005 196 4 1 1 
-0.00625 -3.94247e-16 1.25056e-12 0.0025 1 1 2.5 0.005 197 4 1 1 
-0.00375 2.59953e-16 -6.25278e-13 0.0025 1 1 2.5 0.005 198 5 1 1 
-0.00125 3.41962e-16 1.13687e-13 0.0025 1 1 2.5 0.005 199 4 1 1 
0.00125 -2.78578e-16 -2.27374e-13 0.0025 1 1 2.5 0.005 200 3 1 1 
0.00375 -1.8316e-16 1.13687e-13 0.0025 1 1 2.5 0.005 201 4 1 1 
0.00625 -6.54386e-16 -3.41061e-13 0.0025 1 1 2.5 0.005 202 4 1 1 
0.00875 1.30501e-15 1.13687e-13 0.0025 1 1 2.5 0.005 203 3 1 1 
0.01125 4.11074e-16 -1.13687e-13 0.0025 1 1 2.5 0.005 204 5 1 1 
0.01375 -8.11239e-16 -1.13687e-13 0.0025 1 1 2.5 0.005 205 4 1 1 
0.01625 2.32897e-15 1.13687e-13 0.0025 1 1 2.5 0.005 206 3 1 1 
0.01875 1.1372e-15 1.13687e-13 0.0025 1 1 2.5 0.005 207 4 1 1 
0.02125 1.00773e-16 5.91646e-28 0.0025 1 1 2.5 0.005 208 5 1 1 
0.02375 -4.30776e-16 -5.91646e-28 0.0025 1 1 2.5 0.005 209 5 1 1 
0.02625 1.87057e-15 -2.27374e-13 0.0025 1 1 2.5 0.005 210 4 1 1 
0.02875 8.26859e-16 -2.27374e-13 0.0025 1 1 2.5 0.005 211 3 1 1 
0.03125 3.93111e-15 2.27374e-13 0.0025 1 1 2.5 0.005 212 4 1 1 
0.03375 1.5427e-15 2.27374e-13 0.0025 1 1 2.5 0.005 213 5 1 1 
0.03625 2.49414e-16 4.54747e-13 0.0025 1 1 2.5 0.005 214 5 1 1 
0.03875 -1.24727e-15 1.13687e-13 0.0025 1 1 2.5 0.005 215 5 1 1 
0.04125 -1.4341e-15 -2.27374e-13 0.0025 1 1 2.5 0.005 216 5 1 1 
0.04375 1.00212e-16 -1.85382e-27 0.0025 1 1 2.5 0.005 217 5 1 1 
0.04625 2.10247e-15 -1.98952e-12 0.0025 1 1 2.5 0.005 218 3 1 1 
0.04875 3.80354e-15 1.08002e-12 0.0025 1 1 2.5 0.005 219 3 1 1 
0.05125 -9.75882e-18 5.68434e-13 0.0025 1 1 2.5 0.005 220 5 1 1 
0.05375 9.41438e-16 5.68434e-14 0.0025 1 1 2.5 0.005 221 5 1 1 
0.05625 5.65795e-16 -5.68434e-14 0.0025 1 1 2.5 0.005 222 5 1 1 
0.05875 -2.97986e-16 -1.7053e-13 0.0025 1 1 2.5 0.005 223 5 1 1 
0.06125 -4.29181e-15 -9.09495e-13 0.0025 1 1 2.5 0.005 224 3 1 1 
0.06375 6.93127e-15 1.7053e-13 0.0025 1 1 2.5 0.005 225 3 1 1 
0.06625 3.04294e-15 2.27374e-13 0.0025 1 1 2.5 0.005 226 5 1 1 
0.06875 1.91939e-15 5.11591e-13 0.0025 1 1 2.5 0.005 227 5 1 1 
0.07125 6.57151e-16 2.27374e-13 0.0025 1 1 2.5 0.005 228 5 1 1 
0.07375 1.2107e-16 5.68434e-14 0.0025 1 1 2.5 0.005 229 5 1 1 
0.07625 3.06991e-47 3.36312e-44 0.0025 1 1 2.5 0.005 230 5 1 1 
0.07875 0 0 0.0025 1 1 2.5 0.005 231 5 1 1 
0.08125 0 0 0.0025 1 1 2.5 0.005 232 5 1 1 
0.08375 0 0 0.0025 1 1 2.5 0.005 233 5 1 1 
0.08625 0 0 0.0025 1 1 2.5 0.005 234 5 1 1 
0.08875 0 0 0.0025 1 1 2.5 0.005 235 5 1 1 
0.09125 -1.11132e-45 0 0.0025 1 1 2.5 0.005 236 5 1 1 
0.09375 -3.35691e-17 0 0.0025 1 1 2.5 0.005 237 5 1 1 
0.09625 5.08369e-16 5.68434e-14 0.0025 1 1 2.5 0.005 238 5 1 1 
0.09875 3.41186e-16 5.68434e-14 0.0025 1 1 2.5 0.005 239 5 1 1 
0.10125 3.86494e-15 1.13687e-13 0.0025 1 1 2.5 0.005 240 5 1 1 
0.10375 3.18561e-15 1.13687e-13 0.0025 1 1 2.5 0.005 241 5 1 1 
0.10625 5.3204e-15 5.68434e-14 0.0025 1 1 2.5 0.005 242 5 1 1 
0.10875 3.58025e-15 5.68434e-14 0.0025 1 1 2.5 0.005 243 5 1 1 
0.11125 6.50847e-15 -2.69049e-43 0.0025 1 1 2.5 0.005 244 5 1 1 
0.11375 4.40904e-15 1.13687e-13 0.0025 1 1 2.5 0.005 245 5 1 1 
0.11625 4.15066e-15 -5.68434e-14 0.0025 1 1 2.5 0.005 246 5 1 1 
0.11875 1.78177e-15 5.68434e-14 0.0025 1 1 2.5 0.005 247 5 1 1 
0.12125 2.06417e-15 -7.14905e-27 0.0025 1 1 2.5 0.005 248 5 1 1 
0.12375 -7.21633e-16 -7.18849e-27 0.0025 1 1 2.5 0.005 249 4 1 1 
0.12625 7.21633e-16 7.18849e-27 0.0025 1 1 2.5 0.005 250 4 1 1 
0.12875 -2.06417e-15 7.14905e-27 0.0025 1 1 2.5 0.005 251 5 1 1 
0.13125 -1.78177e-15 -5.68434e-14 0.0025 1 1 2.5 0.005 252 5 1 1 
0.13375 -4.15066e-15 5.68434e-14 0.0025 1 1 2.5 0.005 253 5 1 1 
0.13625 -4.40904e-15 -1.13687e-13 0.0025 1 1 2.5 0.005 254 5 1 1 
0.13875 -6.50847e-15 2.69049e-43 0.0025 1 1 2.5 0.005 255 5 1 1 
0.14125 -3.58025e-15 -5.68434e-14 0.0025 1 1 2.5 0.005 256 5 1 1 
0.14375 -5.3204e-15 -5.68434e-14 0.0025 1 1 2.5 0.005 257 5 1 1 
0.14625 -3.18561e-15 -1.13687e-13 0.0025 1 1 2.5 0.005 258 5 1 1 
0.14875 -3.86494e-15 -1.13687e-13 0.0025 1 1 2.5 0.005 259 5 1 1 
0.15125 -3.41186e-16 -5.68434e-14 0.0025 1 1 2.5 0.005 260 5 1 1 
0.15375 -5.08369e-16 -5.68434e-14 0.0025 1 1 2.5 0.005 261 5 1 1 
0.15625 3.35691e-17 0 0.0025 1 1 2.5 0.005 262 5 1 1 
0.15875 1.11132e-45 0 0.0025 1 1 2.5 0.005 263 5 1 1 
0.16125 0 0 0.0025 1 1 2.5 0.005 264 5 1 1 
0.16375 0 0 0.0025 1 1 2.5 0.005 265 5 1 1 
0.16625 0 0 0.0025 1 1 2.5 0.005 266 5 1 1 
0.16875 0 0 0.0025 1 1 2.5 0.005 267 5 1 1 
0.17125 0 0 0.0025 1 1 2.5 0.005 268 5 1 1 
0.17375 0 0 0.0025 1 1 2.5 0.005 269 5 1 1 
0.17625 0 0 0.0025 1 1 2.5 0.005 270 5 1 1 
0.17875 0 0 0.0025 1 1 2.5 0.005 271 5 1 1 
0.18125 0 0 0.0025 1 1 2.5 0.005 272 5 1 1 
0.18375 0 0 0.0025 1 1 2.5 0.005 273 5 1 1 
0.18625 -3.41117e-48 -1.12104e-44 0.0025 1 1 2.5 0.005 274 5 1 1 
0.18875 -1.72967e-17 -5.68434e-14 0.0025 1 1 2.5 0.005 275 5 1 1 
0.19125 -2.93998e-16 2.84217e-13 0.0025 1 1 2.5 0.005 276 5 1 1 
0.19375 -6.39948e-15 -1.43245e-11 0.0025 1 1 2.5 0.005 277 4 1 1 
0.19625 -5.18865e-14 -3.66072e-11 0.0025 1 1 2.5 0.005 278 4 1 1 
0.19875 -1.56414e-13 -1.26306e-10 0.0025 1 1 2.5 0.005 279 4 1 1 
0.20125 -5.62577e-13 -4.06374e-10 0.0025 1 1 2.5 0.005 280 4 1 1 
0.20375 -1.83136e-12 -1.25721e-09 0.0025 1 1 2.5 0.005 281 4 1 1 
0.20625 -5.68594e-12 -3.7918e-09 0.0025 1 1 2.5 0.005 282 4 1 1 
0.20875 -1.70787e-11 -1.09872e-08 0.0025 1 1 2.5 0.005 283 4 1 1 
0.21125 -4.97182e-11 -3.08652e-08 0.0025 1 1 2.5 0.005 284 4 1 1 
0.21375 -1.40175e-10 -8.40236e-08 0.0025 1 1 2.5 0.005 285 4 1 1 
0.21625 -3.83356e-10 -2.21818e-07 0.0025 1 1 2.5 0.005 286 4 1 1 
0.21875 -1.01771e-09 -5.68541e-07 0.0025 1 1 2.5 0.005 287 4 1 1 
0.22125 -2.62473e-09 -1.41525e-06 0.0025 1 1 2.5 0.005 288 4 1 1 
0.22375 -6.58051e-09 -3.42382e-06 0.0025 1 1 2.5 0.005 289 4 1 1 
0.22625 -1.60469e-08 -8.05356e-06 0.0025 1 1 2.5 0.005 290 4 1 1 
0.22875 -3.80796e-08 -1.84262e-05 0.0025 1 1 2.5 0.005 291 4 1 1 
0.23125 -8.79729e-08 -4.10202e-05 0.0025 1 1 2.5 0.005 292 4 1 1 
0.23375 -1.97935e-07 -8.88794e-05 0.0025 1 1 2.5 0.005 293 4 1 1 
0.23625 -4.3386e-07 -0.000187475 0.0025 1 1 2.5 0.005 294 4 1 1 
0.23875 -9.26733e-07 -0.000385042 0.0025 1 1 2.5 0.005 295 4 1 1 
0.24125 -1.92949e-06 -0.000770117 0.0025 1 1 2.5 0.00499999 296 4 1 1 
0.24375 -3.91653e-06 -0.00150015 0.0025 1 1 2.5 0.00499998 297 4 1 1 
0.24625 -7.75194e-06 -0.00284624 0.0025 1.00001 1.00001 2.50001 0.00499997 298 4 1 1 
0.24875 -1.49635e-05 -0.00525993 0.0025 1.00001 1.00002 2.50001 0.00499994 299 4 1 1 
0.25125 -2.81724e-05 -0.00946784 0.0025 1.00002 1.00003 2.50002 0.00499989 300 4 1 1 
0.25375 -5.17394e-05 -0.0165981 0.0025 1.00004 1.00006 2.50004 0.0049998 301 4 1 1 
0.25625 -9.2694e-05 -0.0283363 0.0025 1.00007 1.0001 2.50007 0.00499964 302 4 1 1 
0.258749 -0.000162004 -0.0471001 0.0025 1.00013 1.00017 2.50012 0.00499937 303 4 1 1 
0.261249 -0.000276206 -0.0762 0.0025 1.00021 1.0003 2.50021 0.00499893 304 4 1 1 
0.263748 -0.00045934 -0.119935 0.0025 1.00036 1.0005 2.50035 0.00499822 305 4 1 1 
0.266247 -0.000745004 -0.183531 0.0025 1.00058 1.00081 2.50058 0.00499711 306 4 1 1 
0.268746 -0.0011781 -0.272799 0.0025 1.00092 1.00128 2.50091 0.00499541 307 4 1 0.999999 
0.271243 -0.00181564 -0.393366 0.0025 1.00142 1.00198 2.50141 0.00499292 308 4 1 0.999998 
0.273738 -0.00272552 -0.549329 0.0025 1.00214 1.00298 2.50213 0.00498934 309 4 1 0.999997 
0.276232 -0.00398206 -0.741293 0.0025 1.00313 1.00438 2.50312 0.00498439 310 4 1 0.999994 
0.278723 -0.00565717 -0.963968 0.0025 1.00447 1.00625 2.50446 0.00497776 311 4 1 0.999991 
0.28121 -0.00780642 -1.20391 0.0025 1.00619 1.00867 2.50618 0.00496923 312 4 1 0.999986 
0.283692 -0.0104512 -1.43842 0.0025 1.00833 1.01168 2.50831 0.00495868 313 4 1 0.99998 
0.286169 -0.0135603 -1.63688 0.0025 1.01087 1.01525 2.51085 0.00494622 314 4 1 0.999975 
0.288638 -0.0170366 -1.76523 0.0025 1.01375 1.0193 2.51371 0.00493219 315 4 1 0.999972 
0.291101 -0.0207151 -1.79348 0.0025 1.01683 1.02366 2.51678 0.00491722 316 4 1 0.999972 
0.293556 -0.0243764 -1.70153 0.0025 1.01996 1.02807 2.51988 0.00490217 317 4 1 0.999976 
0.296003 -0.0277728 -1.48957 0.0025 1.02291 1.03225 2.5228 0.00488801 318 4 1 0.999983 
0.298444 -0.0306517 -1.14752 0.0025 1.02546 1.03587 2.52533 0.00487585 319 4 1 0.999995 
0.300879 -0.0326343 -0.507377 0.0025 1.02708 1.0382 2.52696 0.00486816 320 3 1 1 
0.303312 -0.031343 3.00246 0.0025 1.02462 1.0349 2.52467 0.00487986 321 4 1 1.00001 
0.305759 -0.0170278 10.3757 0.0025 1.0134 1.01901 2.51357 0.0049339 322 4 1 0.999792 
0.308246 0.00391917 8.27259 0.0025 0.998167 0.997314 2.49813 0.00500918 323 4 1 0.999314 
0.310768 0.0149359 2.69703 0.0025 0.988223 0.983418 2.4881 0.00505959 324 4 1 0.999649 
0.313306 0.0205658 3.24246 0.0025 0.982001 0.974964 2.48199 0.00509164 325 4 1 0.999886 
0.31586 0.0309616 6.05791 0.0025 0.973504 0.963207 2.47342 0.00513609 326 4 1 0.999821 
0.318442 0.045084 6.49061 0.0025 0.962497 0.947917 2.46214 0.00519482 327 4 1 0.99964 
0.321055 0.0587051 5.82065 0.0025 0.951429 0.932669 2.45075 0.00525525 328 4 1 0.999607 
0.323697 0.0715817 5.68804 0.0025 0.940853 0.918204 2.43983 0.00531432 329 4 1 0.999639 
0.326369 0.0848271 5.8642 0.0025 0.930225 0.903723 2.42877 0.00537504 330 4 1 0.999633 
0.329072 0.0985386 5.92439 0.0025 0.919378 0.889002 2.4174 0.00543846 331 4 1 0.999608 
0.331808 0.112473 5.92004 0.0025 0.908425 0.874208 2.40584 0.00550403 332 4 1 0.99959 
0.334577 0.126594 5.91063 0.0025 0.897421 0.859419 2.39414 0.00557152 333 4 1 0.999576 
0.33738 0.14094 5.92254 0.0025 0.886359 0.844626 2.3823 0.00564105 334 4 1 0.999561 
0.340218 0.155491 5.92105 0.0025 0.875235 0.829823 2.37029 0.00571275 335 4 1 0.999545 
0.343093 0.170291 5.91054 0.0025 0.864063 0.815033 2.35815 0.00578661 336 4 1 0.99953 
0.346005 0.185304 5.91596 0.0025 0.852839 0.800249 2.34585 0.00586277 337 4 1 0.999514 
0.348956 0.200523 5.90628 0.0025 0.841561 0.785473 2.33339 0.00594134 338 4 1 0.999496 
0.351947 0.215974 5.89139 0.0025 0.830243 0.770725 2.32079 0.00602233 339 4 1 0.999479 
0.354978 0.231661 5.88292 0.0025 0.818886 0.756006 2.30804 0.00610585 340 4 1 0.999461 
0.358053 0.247573 5.87265 0.0025 0.807484 0.741311 2.29513 0.00619207 341 4 1 0.999442 
0.361171 0.263744 5.85785 0.0025 0.796042 0.726646 2.28207 0.00628108 342 4 1 0.999423 
0.364334 0.280141 5.85629 0.0025 0.784551 0.712004 2.26884 0.00637308 343 4 1 0.999402 
0.367544 0.296799 5.83011 0.0025 0.77302 0.697398 2.25544 0.00646814 344 4 1 0.99938 
0.370803 0.313718 5.81193 0.0025 0.761462 0.682844 2.24189 0.00656632 345 4 1 0.999359 
0.374111 0.330881 5.79638 0.0025 0.749868 0.668333 2.22818 0.00666784 346 4 1 0.999336 
0.377471 0.348291 5.76794 0.0025 0.738246 0.653877 2.2143 0.00677281 347 4 1 0.999312 
0.380884 0.36598 5.7556 0.0025 0.726594 0.639475 2.20026 0.00688142 348 4 1 0.999288 
0.384353 0.383922 5.71272 0.0025 0.714925 0.625144 2.18606 0.00699374 349 4 1 0.999262 
0.387878 0.402106 5.66885 0.0025 0.703266 0.610919 2.17173 0.00710969 350 4 1 0.999239 
0.391463 0.420491 5.63208 0.0025 0.691617 0.5968 2.15727 0.00722943 351 4 1 0.999216 
0.395108 0.439065 5.55566 0.0025 0.680013 0.582828 2.14272 0.00735281 352 4 1 0.999194 
0.398816 0.457757 5.46123 0.0025 0.66851 0.569073 2.12815 0.00747932 353 4 1 0.999181 
0.402588 0.476423 5.3264 0.0025 0.657177 0.555613 2.11365 0.0076083 354 4 1 0.999175 
0.406425 0.494921 5.136 0.0025 0.646118 0.542567 2.09935 0.00773853 355 4 1 0.999183 
0.410327 0.512949 4.87368 0.0025 0.635468 0.530088 2.08544 0.00786822 356 4 1 0.999212 
0.414294 0.530261 4.53194 0.0025 0.625384 0.518349 2.07214 0.00799509 357 4 1 0.999264 
0.418323 0.546602 4.18372 0.0025 0.615952 0.507438 2.05959 0.00811752 358 4 1 0.999332 
0.422412 0.561987 3.90678 0.0025 0.607101 0.497263 2.0477 0.00823586 359 4 1 0.999395 
0.426559 0.577013 3.8668 0.0025 0.598517 0.487451 2.03608 0.00835399 360 4 1 0.999424 
0.430767 0.592661 4.09012 0.0025 0.589708 0.47744 2.02405 0.00847878 361 4 1 0.999389 
0.435039 0.609764 4.40553 0.0025 0.580336 0.466852 2.01112 0.0086157 362 4 1 0.999294 
0.439383 0.62803 4.48809 0.0025 0.57056 0.455876 1.9975 0.00876332 363 4 1 0.999195 
0.443803 0.646118 4.11246 0.0025 0.561093 0.445318 1.98418 0.00891117 364 4 1 0.999192 
0.448295 0.661968 3.26281 0.0025 0.552925 0.436265 1.97257 0.00904281 365 4 1 0.999348 
0.452846 0.673407 1.94744 0.0025 0.54707 0.429809 1.96419 0.0091396 366 4 1 0.999627 
0.457434 0.678779 0.508358 0.0025 0.54415 0.426605 1.95999 0.00918864 367 4 1 0.999894 
0.462035 0.679136 -0.141415 0.0025 0.543497 0.425897 1.95907 0.00919969 368 5 1 0.999994 
0.466634 0.678923 -0.0520311 0.0025 0.54358 0.425994 1.9592 0.00919828 369 4 1 1 
0.471233 0.678536 -0.120789 0.0025 0.543735 0.426164 1.95943 0.00919566 370 4 1 0.999999 
0.47583 0.677995 -0.138834 0.0025 0.543993 0.42645 1.95981 0.00919129 371 4 1 0.999999 
0.480424 0.677382 -0.140537 0.0025 0.544297 0.426785 1.96026 0.00918616 372 4 1 0.999999 
0.485016 0.676776 -0.12908 0.0025 0.544607 0.427128 1.96072 0.00918093 373 4 1 0.999999 
0.489605 0.676227 -0.111737 0.0025 0.544896 0.427447 1.96114 0.00917607 374 4 1 0.999999 
0.494192 0.67576 -0.0924374 0.0025 0.545147 0.427725 1.96151 0.00917184 375 4 1 1 
0.498777 0.675374 -0.0744677 0.0025 0.545355 0.427956 1.96182 0.00916834 376 4 1 1 
0.50336 0.675063 -0.0598745 0.0025 0.545524 0.428144 1.96208 0.0091655 377 4 1 1 
0.507942 0.674813 -0.0485859 0.0025 0.545659 0.428296 1.96229 0.00916323 378 4 1 1 
0.512524 0.67461 -0.0400261 0.0025 0.545768 0.428419 1.96246 0.0091614 379 4 1 1 
0.517104 0.674442 -0.033689 0.0025 0.545857 0.428521 1.9626 0.0091599 380 4 1 1 
0.521684 0.674299 -0.0289406 0.0025 0.545931 0.428606 1.96273 0.00915867 381 4 1 1 
0.526263 0.674175 -0.0252661 0.0025 0.545993 0.428678 1.96284 0.00915762 382 4 1 1 
0.530841 0.674066 -0.0223582 0.0025 0.546047 0.428742 1.96294 0.00915672 383 4 1 1 
0.535419 0.673969 -0.0199406 0.0025 0.546093 0.428798 1.96303 0.00915595 384 4 1 1 
0.539997 0.673883 -0.0177973 0.0025 0.546133 0.428848 1.96311 0.00915528 385 4 1 1 
0.544575 0.673805 -0.0158544 0.0025 0.546167 0.428893 1.96319 0.00915471 386 4 1 1 
0.549152 0.673736 -0.0141073 0.0025 0.546196 0.428933 1.96327 0.00915423 387 4 1 1 
0.553729 0.673675 -0.0125476 0.0025 0.54622 0.428968 1.96335 0.00915383 388 4 1 1 
0.558306 0.673619 -0.0111622 0.0025 0.546238 0.428999 1.96342 0.00915351 389 4 1 1 
0.562882 0.67357 -0.00993791 0.0025 0.546252 0.429027 1.9635 0.00915328 390 4 1 1 
0.567459 0.673525 -0.00886032 0.0025 0.546261 0.429052 1.96358 0.00915313 391 4 1 1 
0.572035 0.673485 -0.00791784 0.0025 0.546265 0.429073 1.96367 0.00915307 392 3 1 1 
0.576612 0.673449 -0.00709947 0.0025 0.546261 0.429091 1.96376 0.00915314 393 4 1 1 
0.581189 0.673417 -0.00638669 0.0025 0.546238 0.429095 1.96387 0.00915352 394 4 1 1 
0.585765 0.673387 -0.00575394 0.0025 0.546147 0.429061 1.96404 0.00915505 395 4 1 1 
0.590344 0.67336 -0.0051796 0.0025 0.545752 0.428805 1.96429 0.00916168 396 4 1 0.999999 
0.594927 0.673335 -0.00465555 0.0025 0.54413 0.427001 1.96185 0.00918897 397 4 1 0.999988 
0.599533 0.673312 -0.00417907 0.0025 0.530963 0.411612 1.93804 0.00941686 398 4 1 0.999663 
0.604349 0.673289 -0.00373121 0.0025 0.506865 0.440335 2.17185 0.00986455 399 4 1 0.994696 
0.609404 0.673268 -0.00330843 0.0025 0.481353 0.415572 2.15835 0.0103874 400 4 1 0.993714 
0.614746 0.673246 -0.00290427 0.0025 0.458862 0.450113 2.45233 0.0108965 401 4 1 0.993698 
0.620306 0.673225 -0.002519 0.0025 0.450236 0.430628 2.39113 0.0111053 402 5 1 0.998656 
0.625851 0.673205 -0.00216681 0.0025 0.451833 0.42895 2.37339 0.011066 403 4 1 0.999967 
0.631372 0.673186 -0.00184245 0.0025 0.453457 0.428905 2.36464 0.0110264 404 4 1 0.999986 
0.636878 0.673169 -0.00153786 0.0025 0.454544 0.429039 2.35972 0.011 405 4 1 0.999994 
0.642372 0.673152 -0.00124526 0.0025 0.455242 0.429121 2.35655 0.0109832 406 4 1 0.999997 
0.647861 0.673135 -0.000958223 0.0025 0.455714 0.429163 2.35435 0.0109718 407 4 1 0.999999 
0.653344 0.673119 -0.000671509 0.0025 0.456048 0.429187 2.35275 0.0109638 408 4 1 0.999999 
0.658824 0.673103 -0.000376727 0.0025 0.456295 0.4292 2.35155 0.0109578 409 4 1 1 
0.664302 0.673088 -5.00348e-05 0.0025 0.456481 0.429209 2.35064 0.0109534 410 4 1 1 
0.669778 0.673071 0.000377627 0.0025 0.456625 0.429213 2.34992 0.0109499 411 4 1 1 
0.675252 0.673053 0.00113733 0.0025 0.456735 0.429213 2.34935 0.0109473 412 4 1 1 
0.680725 0.673028 0.00291217 0.0025 0.456818 0.429206 2.34889 0.0109453 413 4 1 1 
0.686197 0.672983 0.00783787 0.0025 0.456869 0.42918 2.34848 0.0109441 414 3 1 1 
0.691669 0.672878 0.0230808 0.0025 0.456864 0.429097 2.34806 0.0109442 415 4 1 1 
0.697141 0.672586 0.0687974 0.0025 0.456717 0.428843 2.34742 0.0109477 416 4 1 1 
0.702617 0.671722 0.205899 0.0025 0.45618 0.428088 2.34604 0.0109606 417 4 1 0.999998 
0.708102 0.66924 0.587616 0.0025 0.454584 0.425953 2.34252 0.0109991 418 4 1 0.999978 
0.713616 0.662547 1.499 0.0025 0.450443 0.420496 2.33374 0.0111002 419 4 1 0.999843 
0.719203 0.646178 3.6382 0.0025 0.440822 0.407906 2.31324 0.0113424 420 4 1 0.999127 
0.724961 0.609935 7.29339 0.0025 0.421874 0.383344 2.27152 0.0118519 421 4 1 0.996363 
0.731066 0.538885 15.0447 0.0025 0.388399 0.340597 2.19209 0.0128733 422 4 1 0.989088 
0.737881 0.392565 28.0987 0.0025 0.339729 0.280383 2.06323 0.0147176 423 4 1 0.974236 
0.745917 0.19164 28.0217 0.0025 0.291685 0.224284 1.92255 0.0171418 424 4 1 0.959986 
0.75516 0.0514424 12.8995 0.0025 0.26244 0.192325 1.83234 0.019052 425 4 1 0.974062 
0.765008 0.00566805 2.4432 0.0025 0.252062 0.181574 1.80098 0.0198364 426 4 1 0.994867 
0.774999 -0.000225134 0.0934197 0.0025 0.250103 0.179602 1.79529 0.0199917 427 4 1 0.99977 
0.785 -7.68626e-05 -0.0366963 0.0025 0.249981 0.179481 1.79494 0.0200015 428 5 1 0.999999 
0.795 5.52953e-06 -0.000434981 0.0025 0.249999 0.179499 1.795 0.0200001 429 4 1 1 
0.805 2.40707e-06 0.000460575 0.0025 0.25 0.1795 1.795 0.02 430 3 1 1 
0.815 5.8595e-07 0.000127761 0.0025 0.25 0.1795 1.795 0.02 431 4 1 1 
0.825 1.3041e-07 2.93617e-05 0.0025 0.25 0.1795 1.795 0.02 432 4 1 1 
0.835 2.79357e-08 6.46469e-06 0.0025 0.25 0.1795 1.795 0.02 433 4 1 1 
0.845 5.78623e-09 1.37989e-06 0.0025 0.25 0.1795 1.795 0.02 434 4 1 1 
0.855 1.1554e-09 2.8493e-07 0.0025 0.25 0.1795 1.795 0.02 435 4 1 1 
0.865 2.21567e-10 5.66714e-08 0.0025 0.25 0.1795 1.795 0.02 436 4 1 1 
0.875 4.06701e-11 1.08091e-08 0.0025 0.25 0.1795 1.795 0.02 437 4 1 1 
0.885 7.12181e-12 1.97147e-09 0.0025 0.25 0.1795 1.795 0.02 438 4 1 1 
0.895 1.19219e-12 3.43775e-10 0.0025 0.25 0.1795 1.795 0.02 439 4 1 1 
0.905 1.87128e-13 5.56071e-11 0.0025 0.25 0.1795 1.795 0.02 440 4 1 1 
0.915 1.93389e-14 9.83391e-12 0.0025 0.25 0.1795 1.795 0.02 441 4 1 1 
0.925 -9.90761e-17 3.97904e-13 0.0025 0.25 0.1795 1.795 0.02 442 5 1 1 
0.935 -1.94286e-15 8.52651e-14 0.0025 0.25 0.1795 1.795 0.02 443 5 1 1 
0.945 -2.28611e-15 1.42109e-13 0.0025 0.25 0.1795 1.795 0.02 444 5 1 1 
0.955 -4.5244e-15 4.26326e-14 0.0025 0.25 0.1795 1.795 0.02 445 5 1 1 
0.965 8.54322e-15 -8.52651e-14 0.0025 0.25 0.1795 1.795 0.02 446 5 1 1 
0.975 1.34283e-15 -1.42109e-14 0.0025 0.25 0.1795 1.795 0.02 447 5 1 1 
0.985 -8.92856e-16 1.98952e-13 0.0025 0.25 0.1795 1.795 0.02 448 5 1 1 
0.995 -9.91868e-15 2.55795e-13 0.0025 0.25 0.1795 1.795 0.02 449 3 1 1 
1.005 9.91868e-15 -2.55795e-13 0.0025 0.25 0.1795 1.795 0.02 450 3 1 1 
1.015 8.92856e-16 -1.98952e-13 0.0025 0.25 0.1795 1.795 0.02 451 5 1 1 
1.025 -1.34283e-15 1.42109e-14 0.0025 0.25 0.1795 1.795 0.02 452 5 1 1 
1.035 -8.54322e-15 8.52651e-14 0.0025 0.25 0.1795 1.795 0.02 453 5 1 1 
1.045 4.5244e-15 -4.26326e-14 0.0025 0.25 0.1795 1.795 0.02 454 5 1 1 
1.055 2.27313e-15 -1.56319e-13 0.0025 0.25 0.1795 1.795 0.02 455 5 1 1 
1.065 1.70941e-15 -1.7053e-13 0.0025 0.25 0.1795 1.795 0.02 456 5 1 1 
1.075 -1.50456e-15 -8.66862e-13 0.0025 0.25 0.1795 1.795 0.02 457 5 1 1 
1.085 -4.00987e-14 -2.02931e-11 0.0025 0.25 0.1795 1.795 0.02 458 4 1 1 
1.095 -3.97741e-13 -1.19826e-10 0.0025 0.25 0.1795 1.795 0.02 459 4 1 1 
1.105 -2.582e-12 -7.56984e-10 0.0025 0.25 0.1795 1.795 0.02 460 4 1 1 
1.115 -1.56354e-11 -4.38152e-09 0.0025 0.25 0.1795 1.795 0.02 461 4 1 1 
1.125 -9.03434e-11 -2.40346e-08 0.0025 0.25 0.1795 1.795 0.02 462 4 1 1 
1.135 -4.90644e-10 -1.23967e-07 0.0025 0.25 0.1795 1.795 0.02 463 4 1 1 
1.145 -2.51071e-09 -6.0155e-07 0.0025 0.25 0.1795 1.795 0.02 464 4 1 1 
1.155 -1.21023e-08 -2.74444e-06 0.0025 0.25 0.1795 1.795 0.02 465 4 1 1 
1.165 -5.49167e-08 -1.17594e-05 0.0025 0.25 0.1795 1.795 0.02 466 4 1 1 
1.175 -2.34383e-07 -4.72637e-05 0.0025 0.25 0.1795 1.795 0.02 467 4 1 1 
1.185 -9.39863e-07 -0.000177914 0.0025 0.25 0.1795 1.795 0.02 468 4 1 1 
1.195 -3.53639e-06 -0.000626104 0.0025 0.250001 0.179501 1.795 0.0199999 469 4 1 1 
1.205 -1.24673e-05 -0.00205559 0.0025 0.250003 0.179503 1.79501 0.0199998 470 4 1 1 
1.215 -4.11146e-05 -0.00628169 0.0025 0.250009 0.179509 1.79503 0.0199992 471 4 1 1 
1.225 -0.000126613 -0.0178218 0.0025 0.250029 0.179529 1.79508 0.0199977 472 4 1 1 
1.235 -0.00036341 -0.0467987 0.0025 0.250082 0.179583 1.79524 0.0199934 473 4 1 0.999999 
1.24499 -0.000969913 -0.113237 0.0025 0.250219 0.17972 1.79563 0.0199825 474 4 1 0.999994 
1.25498 -0.00239797 -0.250404 0.0025 0.25054 0.180043 1.79655 0.0199569 475 4 1 0.999973 
1.26495 -0.0054527 -0.49783 0.0025 0.251227 0.180735 1.79852 0.0199023 476 4 1 0.999908 
1.27488 -0.0112596 -0.864698 0.0025 0.252535 0.182055 1.80228 0.0197993 477 4 1 0.999763 
1.28475 -0.0207491 -1.26098 0.0025 0.254691 0.184239 1.80846 0.0196316 478 4 1 0.999581 
1.29451 -0.0335654 -1.47464 0.0025 0.257675 0.187277 1.81699 0.0194043 479 4 1 0.99953 
1.30415 -0.0472485 -1.29247 0.0025 0.261006 0.190687 1.82645 0.0191566 480 4 1 0.999809 
1.31367 -0.0576702 -0.6033 0.0025 0.263493 0.193245 1.83347 0.0189758 481 3 1 1.00004 
1.32313 -0.0544363 2.35378 0.0025 0.261227 0.19093 1.8272 0.0191404 482 4 1 1.00026 
1.33282 -0.00602768 6.88438 0.0025 0.250495 0.180038 1.79681 0.0199605 483 4 1 0.997221 
1.34311 0.059154 5.40995 0.0025 0.236232 0.165848 1.75517 0.0211657 484 4 1 0.991472 
1.354 0.107818 3.91929 0.0025 0.224131 0.154082 1.71867 0.0223084 485 4 1 0.99288 
1.36544 0.157002 4.45866 0.0025 0.212677 0.143177 1.68303 0.0235098 486 4 1 0.993603 
1.37753 0.215999 4.83346 0.0025 0.200165 0.131528 1.64274 0.0249793 487 4 1 0.99169 
1.39045 0.281204 4.80145 0.0025 0.186953 0.119539 1.59852 0.0267447 488 4 1 0.989597 
1.40432 0.351593 4.74878 0.0025 0.173392 0.107581 1.55113 0.0288364 489 4 1 0.987732 
1.41934 0.428461 4.71722 0.0025 0.159483 0.0957004 1.50017 0.0313513 490 4 1 0.985461 
1.43575 0.513196 4.66644 0.0025 0.145197 0.0839215 1.44496 0.0344359 491 4 1 0.982538 
1.45389 0.607329 4.58269 0.0025 0.130536 0.0723059 1.38479 0.0383036 492 4 1 0.97883 
1.47423 0.712819 4.45642 0.0025 0.11551 0.0609318 1.31875 0.0432861 493 4 1 0.974123 
1.49744 0.832427 4.28773 0.0025 0.100115 0.0498764 1.24548 0.0499423 494 4 1 0.96813 
1.52461 0.970886 4.0984 0.0025 0.0842508 0.0391747 1.16245 0.0593466 495 4 1 0.960604 
1.55762 1.1378 3.91114 0.0025 0.0676865 0.0288317 1.0649 0.07387 496 4 1 0.952429 
1.60034 1.35392 3.71674 0.0025 0.0506438 0.019204 0.947994 0.0987287 497 4 1 0.94889 
1.66128 1.6645 3.44677 0.0025 0.0338654 0.0109287 0.806777 0.147643 498 5 1 0.978661 
1.76676 2.20811 2.93809 0.0025 0.0195231 0.00566151 0.724979 0.256107 499 5 1 1.04327 
