# Time [s]: 0.172253
# Columns: pos [m], vel [m/s], acc [m/s^2], mass [kg], dens [kg/m^3], pres [Pa], ene [J/kg], sml [m], id, neighbor, alpha, gradh, ...additional?
-0.999483 -3.39618 -2.45201 0.0025 0.0202149 0.00473777 0.585927 0.247342 0 5 1 1.0405 
-0.897558 -2.90298 -2.91683 0.0025 0.0351281 0.00918839 0.653922 0.142336 1 5 1 0.977988 
-0.838819 -2.61911 -3.18762 0.0025 0.0526743 0.0162459 0.771057 0.0949229 2 4 1 0.948778 
-0.797779 -2.42086 -3.3767 0.0025 0.0706174 0.0244911 0.867038 0.0708041 3 4 1 0.952241 
-0.766182 -2.26833 -3.52145 0.0025 0.0880873 0.0333637 0.946896 0.0567618 4 4 1 0.960725 
-0.740215 -2.14307 -3.63974 0.0025 0.10472 0.0424988 1.01458 0.0477463 5 4 1 0.96854 
-0.718017 -2.03606 -3.74043 0.0025 0.120709 0.0518478 1.07382 0.041422 6 4 1 0.974607 
-0.698546 -1.94225 -3.8284 0.0025 0.136211 0.0613984 1.1269 0.0367079 7 4 1 0.979192 
-0.681151 -1.85849 -3.90702 0.0025 0.151318 0.0711339 1.17525 0.0330431 8 4 1 0.982689 
-0.665395 -1.78267 -3.97794 0.0025 0.166095 0.0810415 1.21981 0.0301032 9 4 1 0.985396 
-0.650971 -1.71329 -4.04286 0.0025 0.18059 0.0911083 1.26126 0.027687 10 4 1 0.987527 
-0.637651 -1.64924 -4.10266 0.0025 0.194837 0.101323 1.3001 0.0256624 11 4 1 0.98923 
-0.625265 -1.58971 -4.15854 0.0025 0.208864 0.111677 1.33672 0.023939 12 4 1 0.990616 
-0.613679 -1.53406 -4.2076 0.0025 0.222691 0.122158 1.37139 0.0224527 13 4 1 0.991748 
-0.602786 -1.48178 -4.25821 0.0025 0.236336 0.132761 1.40437 0.0211563 14 4 1 0.99268 
-0.592501 -1.43236 -4.31031 0.0025 0.249826 0.143487 1.43587 0.0200139 15 4 1 0.993482 
-0.582754 -1.38558 -4.34398 0.0025 0.26316 0.154318 1.46602 0.0189998 16 4 1 0.99415 
-0.573487 -1.34114 -4.39044 0.0025 0.276349 0.16525 1.49495 0.0180931 17 4 1 0.994725 
-0.564649 -1.29875 -4.42529 0.0025 0.289407 0.176282 1.52279 0.0172767 18 4 1 0.99521 
-0.5562 -1.25825 -4.47132 0.0025 0.302349 0.187414 1.54965 0.0165372 19 4 1 0.995634 
-0.548103 -1.21939 -4.50619 0.0025 0.315186 0.198645 1.57562 0.0158637 20 4 1 0.995998 
-0.540328 -1.18205 -4.55198 0.0025 0.327926 0.209974 1.60077 0.0152473 21 4 1 0.996326 
-0.532849 -1.14613 -4.58056 0.0025 0.340572 0.221394 1.62517 0.0146812 22 4 1 0.996618 
-0.525641 -1.11152 -4.61081 0.0025 0.353116 0.232891 1.64884 0.0141597 23 4 1 0.996872 
-0.518684 -1.07815 -4.64678 0.0025 0.365571 0.24447 1.67184 0.0136772 24 4 1 0.997097 
-0.51196 -1.04583 -4.68087 0.0025 0.377949 0.256135 1.69425 0.0132293 25 4 1 0.9973 
-0.505451 -1.01454 -4.71165 0.0025 0.39025 0.267879 1.71608 0.0128123 26 4 1 0.997484 
-0.499144 -0.984264 -4.73952 0.0025 0.402475 0.279698 1.73737 0.0124231 27 4 1 0.997646 
-0.493025 -0.954824 -4.77427 0.0025 0.414631 0.291595 1.75816 0.0120589 28 4 1 0.997795 
-0.487082 -0.926229 -4.80057 0.0025 0.426722 0.303566 1.77848 0.0117172 29 4 1 0.99793 
-0.481305 -0.898458 -4.83044 0.0025 0.438747 0.315609 1.79836 0.0113961 30 4 1 0.998053 
-0.475683 -0.871369 -4.85768 0.0025 0.450712 0.327722 1.81781 0.0110935 31 4 1 0.998165 
-0.470209 -0.845015 -4.88467 0.0025 0.462618 0.339904 1.83685 0.0108081 32 4 1 0.998266 
-0.464873 -0.819312 -4.91861 0.0025 0.474473 0.352159 1.85553 0.010538 33 4 1 0.998363 
-0.459669 -0.794221 -4.93167 0.0025 0.486268 0.364475 1.87384 0.0102824 34 4 1 0.998449 
-0.454589 -0.769728 -4.96725 0.0025 0.498008 0.376852 1.8918 0.01004 35 4 1 0.998529 
-0.449628 -0.745799 -4.98647 0.0025 0.5097 0.389295 1.90944 0.00980969 36 4 1 0.998604 
-0.444778 -0.722425 -5.01128 0.0025 0.521338 0.401794 1.92675 0.00959071 37 4 1 0.998674 
-0.440036 -0.699524 -5.02997 0.0025 0.532923 0.414348 1.94376 0.00938221 38 4 1 0.998737 
-0.435395 -0.677154 -5.05935 0.0025 0.544462 0.426961 1.96048 0.00918337 39 4 1 0.998797 
-0.430851 -0.655227 -5.07353 0.0025 0.555953 0.439628 1.97692 0.00899357 40 4 1 0.998853 
-0.4264 -0.633769 -5.09623 0.0025 0.567392 0.452343 1.99308 0.00881226 41 4 1 0.998906 
-0.422038 -0.612711 -5.11178 0.0025 0.578782 0.465105 2.00899 0.00863883 42 4 1 0.998953 
-0.41776 -0.592098 -5.14126 0.0025 0.590131 0.477922 2.02465 0.0084727 43 4 1 0.999 
-0.413564 -0.571866 -5.14826 0.0025 0.601433 0.490784 2.04007 0.00831347 44 4 1 0.999043 
-0.409446 -0.55202 -5.17211 0.0025 0.612686 0.503687 2.05525 0.00816078 45 4 1 0.999084 
-0.405403 -0.532529 -5.1829 0.0025 0.623894 0.516633 2.0702 0.00801418 46 4 1 0.99912 
-0.401431 -0.513403 -5.20977 0.0025 0.635062 0.529624 2.08494 0.00787325 47 4 1 0.999157 
-0.397529 -0.494627 -5.21605 0.0025 0.646186 0.542658 2.09947 0.0077377 48 4 1 0.99919 
-0.393693 -0.476139 -5.24056 0.0025 0.657268 0.55573 2.11379 0.00760725 49 4 1 0.999222 
-0.389921 -0.457995 -5.24829 0.0025 0.668308 0.568841 2.12792 0.00748158 50 4 1 0.999252 
-0.386211 -0.440157 -5.26442 0.0025 0.679303 0.581985 2.14185 0.00736049 51 4 1 0.999279 
-0.38256 -0.422616 -5.28684 0.0025 0.690264 0.595173 2.15561 0.0072436 52 4 1 0.999307 
-0.378967 -0.405344 -5.28758 0.0025 0.701182 0.608393 2.16918 0.00713082 53 4 1 0.999331 
-0.375429 -0.388335 -5.31587 0.0025 0.712061 0.621648 2.18257 0.00702187 54 4 1 0.999356 
-0.371944 -0.371617 -5.31691 0.0025 0.722903 0.634939 2.1958 0.00691656 55 4 1 0.999378 
-0.368512 -0.355152 -5.33721 0.0025 0.733703 0.648258 2.20886 0.00681474 56 4 1 0.9994 
-0.365129 -0.338942 -5.34713 0.0025 0.744469 0.661614 2.22177 0.0067162 57 4 1 0.999421 
-0.361795 -0.322959 -5.35383 0.0025 0.755192 0.674992 2.23451 0.00662083 58 4 1 0.999439 
-0.358508 -0.307205 -5.3762 0.0025 0.765882 0.688406 2.24711 0.00652842 59 4 1 0.999458 
-0.355267 -0.291699 -5.38618 0.0025 0.776542 0.701857 2.25957 0.0064388 60 4 1 0.999476 
-0.352069 -0.276393 -5.38939 0.0025 0.78716 0.715328 2.27187 0.00635195 61 4 1 0.999493 
-0.348914 -0.261322 -5.40862 0.0025 0.797741 0.728826 2.28404 0.0062677 62 4 1 0.99951 
-0.345801 -0.246448 -5.40409 0.0025 0.808282 0.742343 2.29606 0.00618596 63 4 1 0.999525 
-0.342728 -0.231789 -5.42416 0.0025 0.818784 0.75588 2.30794 0.00610662 64 4 1 0.99954 
-0.339694 -0.217343 -5.43143 0.0025 0.829255 0.769448 2.3197 0.00602951 65 4 1 0.999554 
-0.336698 -0.203078 -5.43241 0.0025 0.839684 0.783029 2.33132 0.00595462 66 4 1 0.999568 
-0.333739 -0.189008 -5.4435 0.0025 0.850073 0.796625 2.34282 0.00588185 67 4 1 0.999581 
-0.330816 -0.175122 -5.45033 0.0025 0.860428 0.810242 2.35419 0.00581106 68 4 1 0.999594 
-0.327928 -0.161421 -5.45123 0.0025 0.870741 0.82387 2.36543 0.00574224 69 4 1 0.999606 
-0.325074 -0.147911 -5.46497 0.0025 0.881017 0.837514 2.37656 0.00567526 70 4 1 0.999618 
-0.322253 -0.134593 -5.45649 0.0025 0.89125 0.851164 2.38756 0.0056101 71 4 1 0.999631 
-0.319463 -0.121427 -5.45052 0.0025 0.901425 0.864799 2.39843 0.00554677 72 4 1 0.999642 
-0.316706 -0.10847 -5.45071 0.0025 0.911549 0.878426 2.40916 0.00548517 73 4 1 0.999654 
-0.313978 -0.0957103 -5.44093 0.0025 0.921621 0.892043 2.41977 0.00542522 74 4 1 0.999663 
-0.31128 -0.0830728 -5.47179 0.0025 0.931658 0.905674 2.43028 0.00536678 75 4 1 0.999676 
-0.308611 -0.0706167 -5.42633 0.0025 0.941621 0.919268 2.44065 0.00530999 76 4 1 0.999702 
-0.30597 -0.0586128 -5.16823 0.0025 0.951318 0.932543 2.45066 0.00525587 77 4 1 0.999713 
-0.303355 -0.0471496 -5.18988 0.0025 0.960844 0.945615 2.46042 0.00520376 78 4 1 0.999671 
-0.300766 -0.0348975 -6.07593 0.0025 0.970978 0.959621 2.47079 0.00514945 79 4 1 0.999664 
-0.298206 -0.0213499 -6.1176 0.0025 0.981566 0.974398 2.48161 0.0050939 80 4 1 0.999838 
-0.295672 -0.0109269 -3.15324 0.0025 0.989819 0.985892 2.48992 0.00505143 81 4 1 0.999942 
-0.293154 -0.00679704 -1.32155 0.0025 0.994685 0.992474 2.49463 0.00502672 82 4 1 0.999809 
-0.290645 0.00030278 -6.24978 0.0025 1.00193 1.00253 2.50186 0.00499039 83 4 1 0.999425 
-0.288164 0.0186611 -10.263 0.0025 1.01545 1.02184 2.51556 0.00492395 84 4 1 0.999723 
-0.285721 0.0346083 -4.25859 0.0025 1.02738 1.03881 2.52741 0.00486675 85 4 1 1.00001 
-0.283297 0.0372151 0.356485 0.0025 1.03095 1.04371 2.53079 0.00484989 86 3 1 1 
-0.280871 0.0354729 1.07206 0.0025 1.02961 1.04174 2.52942 0.00485623 87 4 1 0.999998 
-0.27844 0.0326161 1.50896 0.0025 1.02704 1.0381 2.52689 0.00486836 88 4 1 0.999983 
-0.276003 0.0290849 1.79395 0.0025 1.02393 1.03369 2.52381 0.00488315 89 4 1 0.999974 
-0.273557 0.0251426 1.95581 0.0025 1.02053 1.02888 2.52044 0.00489941 90 4 1 0.999968 
-0.271103 0.0210547 1.98549 0.0025 1.01707 1.02399 2.51701 0.00491609 91 4 1 0.999966 
-0.268641 0.0170764 1.8946 0.0025 1.01375 1.01931 2.51371 0.00493217 92 4 1 0.999968 
-0.266171 0.0134181 1.71042 0.0025 1.01074 1.01506 2.51071 0.00494687 93 4 1 0.999973 
-0.263694 0.0102232 1.46865 0.0025 1.00814 1.01141 2.50812 0.00495963 94 4 1 0.999979 
-0.261212 0.00756069 1.20507 0.0025 1.00599 1.00839 2.50598 0.00497022 95 4 1 0.999986 
-0.258724 0.00543451 0.948932 0.0025 1.00429 1.006 2.50428 0.00497865 96 4 1 0.999991 
-0.256233 0.00380124 0.719817 0.0025 1.00299 1.00418 2.50298 0.0049851 97 4 1 0.999995 
-0.253739 0.00259027 0.527673 0.0025 1.00203 1.00284 2.50202 0.00498987 98 4 1 0.999997 
-0.251243 0.0017212 0.374799 0.0025 1.00134 1.00188 2.50134 0.00499328 99 4 1 0.999998 
-0.248746 0.00111611 0.258473 0.0025 1.00087 1.00121 2.50087 0.00499565 100 4 1 0.999999 
-0.246247 0.000706672 0.173338 0.0025 1.00055 1.00077 2.50055 0.00499725 101 4 1 1 
-0.243748 0.000437052 0.113171 0.0025 1.00034 1.00047 2.50034 0.00499831 102 4 1 1 
-0.241249 0.000264101 0.0719952 0.0025 1.0002 1.00028 2.5002 0.00499898 103 4 1 1 
-0.23875 0.000155956 0.0446532 0.0025 1.00012 1.00017 2.50012 0.0049994 104 4 1 1 
-0.23625 9.00045e-05 0.0270124 0.0025 1.00007 1.0001 2.50007 0.00499965 105 4 1 1 
-0.23375 5.07662e-05 0.0159425 0.0025 1.00004 1.00005 2.50004 0.0049998 106 4 1 1 
-0.23125 2.79853e-05 0.00918159 0.0025 1.00002 1.00003 2.50002 0.00499989 107 4 1 1 
-0.22875 1.50768e-05 0.00516056 0.0025 1.00001 1.00002 2.50001 0.00499994 108 4 1 1 
-0.22625 7.93756e-06 0.00283089 0.0025 1.00001 1.00001 2.50001 0.00499997 109 4 1 1 
-0.22375 4.0834e-06 0.00151569 0.0025 1 1 2.5 0.00499998 110 4 1 1 
-0.22125 2.05242e-06 0.000792051 0.0025 1 1 2.5 0.00499999 111 4 1 1 
-0.21875 1.00776e-06 0.000403957 0.0025 1 1 2.5 0.005 112 4 1 1 
-0.21625 4.83319e-07 0.000201059 0.0025 1 1 2.5 0.005 113 4 1 1 
-0.21375 2.26365e-07 9.76512e-05 0.0025 1 1 2.5 0.005 114 4 1 1 
-0.21125 1.03513e-07 4.62739e-05 0.0025 1 1 2.5 0.005 115 4 1 1 
-0.20875 4.62047e-08 2.13909e-05 0.0025 1 1 2.5 0.005 116 4 1 1 
-0.20625 2.01262e-08 9.6442e-06 0.0025 1 1 2.5 0.005 117 4 1 1 
-0.20375 8.55241e-09 4.23978e-06 0.0025 1 1 2.5 0.005 118 4 1 1 
-0.20125 3.5441e-09 1.81692e-06 0.0025 1 1 2.5 0.005 119 4 1 1 
-0.19875 1.43168e-09 7.58746e-07 0.0025 1 1 2.5 0.005 120 4 1 1 
-0.19625 5.63506e-10 3.08659e-07 0.0025 1 1 2.5 0.005 121 4 1 1 
-0.19375 2.15989e-10 1.2224e-07 0.0025 1 1 2.5 0.005 122 4 1 1 
-0.19125 8.05753e-11 4.71215e-08 0.0025 1 1 2.5 0.005 123 4 1 1 
-0.18875 2.9227e-11 1.76613e-08 0.0025 1 1 2.5 0.005 124 4 1 1 
-0.18625 1.0317e-11 6.42649e-09 0.0025 1 1 2.5 0.005 125 4 1 1 
-0.18375 3.5256e-12 2.28687e-09 0.0025 1 1 2.5 0.005 126 4 1 1 
-0.18125 1.16929e-12 7.68125e-10 0.0025 1 1 2.5 0.005 127 4 1 1 
-0.17875 3.68695e-13 2.71598e-10 0.0025 1 1 2.5 0.005 128 4 1 1 
-0.17625 1.24251e-13 8.39009e-11 0.0025 1 1 2.5 0.005 129 4 1 1 
-0.17375 2.93841e-14 2.14868e-11 0.0025 1 1 2.5 0.005 130 4 1 1 
-0.17125 5.14539e-15 1.18803e-11 0.0025 1 1 2.5 0.005 131 4 1 1 
-0.16875 -1.21264e-16 -5.11591e-13 0.0025 1 1 2.5 0.005 132 5 1 1 
-0.16625 -1.20212e-32 -3.9443e-29 0.0025 1 1 2.5 0.005 133 5 1 1 
-0.16375 0 0 0.0025 1 1 2.5 0.005 134 5 1 1 
-0.16125 0 0 0.0025 1 1 2.5 0.005 135 5 1 1 
-0.15875 0 0 0.0025 1 1 2.5 0.005 136 5 1 1 
-0.15625 0 0 0.0025 1 1 2.5 0.005 137 5 1 1 
-0.15375 0 0 0.0025 1 1 2.5 0.005 138 5 1 1 
-0.15125 0 0 0.0025 1 1 2.5 0.005 139 5 1 1 
-0.14875 0 0 0.0025 1 1 2.5 0.005 140 5 1 1 
-0.14625 0 0 0.0025 1 1 2.5 0.005 141 5 1 1 
-0.14375 0 0 0.0025 1 1 2.5 0.005 142 5 1 1 
-0.14125 0 0 0.0025 1 1 2.5 0.005 143 5 1 1 
-0.13875 0 0 0.0025 1 1 2.5 0.005 144 5 1 1 
-0.13625 0 0 0.0025 1 1 2.5 0.005 145 5 1 1 
-0.13375 0 0 0.0025 1 1 2.5 0.005 146 5 1 1 
-0.13125 0 0 0.0025 1 1 2.5 0.005 147 5 1 1 
-0.12875 0 0 0.0025 1 1 2.5 0.005 148 5 1 1 
-0.12625 0 0 0.0025 1 1 2.5 0.005 149 5 1 1 
-0.12375 0 0 0.0025 1 1 2.5 0.005 150 5 1 1 
-0.12125 0 0 0.0025 1 1 2.5 0.005 151 5 1 1 
-0.11875 0 0 0.0025 1 1 2.5 0.005 152 5 1 1 
-0.11625 0 0 0.0025 1 1 2.5 0.005 153 5 1 1 
-0.11375 0 0 0.0025 1 1 2.5 0.005 154 5 1 1 
-0.11125 0 0 0.0025 1 1 2.5 0.005 155 5 1 1 
-0.10875 0 0 0.0025 1 1 2.5 0.005 156 5 1 1 
-0.10625 0 0 0.0025 1 1 2.5 0.005 157 5 1 1 
-0.10375 0 0 0.0025 1 1 2.5 0.005 158 5 1 1 
-0.10125 0 0 0.0025 1 1 2.5 0.005 159 5 1 1 
-0.09875 0 0 0.0025 1 1 2.5 0.005 160 5 1 1 
-0.09625 0 0 0.0025 1 1 2.5 0.005 161 5 1 1 
-0.09375 0 0 0.0025 1 1 2.5 0.005 162 5 1 1 
-0.09125 0 0 0.0025 1 1 2.5 0.005 163 5 1 1 
-0.08875 -3.75805e-47 -1.12104e-44 0.0025 1 1 2.5 0.005 164 5 1 1 
-0.08625 -1.03938e-16 -1.12104e-44 0.0025 1 1 2.5 0.005 165 5 1 1 
-0.08375 -2.59731e-16 -5.68434e-14 0.0025 1 1 2.5 0.005 166 5 1 1 
-0.08125 -4.50036e-16 -2.24208e-44 0.0025 1 1 2.5 0.005 167 5 1 1 
-0.07875 -9.34541e-16 0 0.0025 1 1 2.5 0.005 168 5 1 1 
-0.07625 -1.34927e-15 3.36312e-44 0.0025 1 1 2.5 0.005 169 5 1 1 
-0.07375 -1.71155e-15 5.68434e-14 0.0025 1 1 2.5 0.005 170 5 1 1 
-0.07125 9.22983e-17 6.25278e-13 0.0025 1 1 2.5 0.005 171 5 1 1 
-0.06875 -1.94644e-15 6.25278e-13 0.0025 1 1 2.5 0.005 172 5 1 1 
-0.06625 1.80295e-15 -4.54747e-13 0.0025 1 1 2.5 0.005 173 5 1 1 
-0.06375 -1.21787e-15 -3.97904e-13 0.0025 1 1 2.5 0.005 174 3 1 1 
-0.06125 1.19598e-16 5.68434e-14 0.0025 1 1 2.5 0.005 175 3 1 1 
-0.05875 -2.17253e-15 1.13687e-13 0.0025 1 1 2.5 0.005 176 5 1 1 
-0.05625 1.76996e-15 -1.13687e-13 0.0025 1 1 2.5 0.005 177 5 1 1 
-0.05375 -3.00612e-16 -2.27374e-13 0.0025 1 1 2.5 0.005 178 5 1 1 
-0.05125 -2.95587e-16 -1.13687e-13 0.0025 1 1 2.5 0.005 179 5 1 1 
-0.04875 -4.2466e-16 -4.48416e-44 0.0025 1 1 2.5 0.005 180 5 1 1 
-0.04625 -9.31382e-16 -1.13687e-13 0.0025 1 1 2.5 0.005 181 5 1 1 
-0.04375 -2.02502e-15 0 0.0025 1 1 2.5 0.005 182 5 1 1 
-0.04125 -2.89532e-15 0 0.0025 1 1 2.5 0.005 183 5 1 1 
-0.03875 -4.82947e-15 3.9443e-29 0.0025 1 1 2.5 0.005 184 5 1 1 
-0.03625 -2.78212e-17 -3.86542e-27 0.0025 1 1 2.5 0.005 185 5 1 1 
-0.03375 -4.1991e-15 2.27374e-13 0.0025 1 1 2.5 0.005 186 4 1 1 
-0.03125 2.62919e-15 3.85556e-27 0.0025 1 1 2.5 0.005 187 3 1 1 
-0.02875 -2.4809e-16 -2.27374e-13 0.0025 1 1 2.5 0.005 188 4 1 1 
-0.02625 -1.52398e-15 -2.27374e-13 0.0025 1 1 2.5 0.005 189 4 1 1 
-0.02375 2.79016e-15 -1.13687e-13 0.0025 1 1 2.5 0.005 190 4 1 1 
-0.02125 -8.78167e-16 0 0.0025 1 1 2.5 0.005 191 5 1 1 
-0.01875 -2.54754e-15 -3.41061e-13 0.0025 1 1 2.5 0.005 192 4 1 1 
-0.01625 -8.17086e-16 1.19371e-12 0.0025 1 1 2.5 0.005 193 3 1 1 
-0.01375 -6.9873e-16 -4.54747e-13 0.0025 1 1 2.5 0.005 194 4 1 1 
-0.01125 -9.89945e-16 -5.68434e-14 0.0025 1 1 2.5 0.005 195 3 1 1 
-0.00875 4.80073e-16 -1.12104e-44 0.0025 1 1 2.5 0.005 196 5 1 1 
-0.00625 6.61122e-16 1.7053e-13 0.0025 1 1 2.5 0.005 197 3 1 1 
-0.00375 6.98499e-17 -2.27374e-13 0.0025 1 1 2.5 0.005 198 3 1 1 
-0.00125 3.60363e-16 1.7053e-13 0.0025 1 1 2.5 0.005 199 4 1 1 
0.00125 -1.23391e-16 -5.68434e-14 0.0025 1 1 2.5 0.005 200 5 1 1 
0.00375 -5.46657e-16 -5.68434e-14 0.0025 1 1 2.5 0.005 201 3 1 1 
0.00625 -5.16269e-16 -9.86076e-30 0.0025 1 1 2.5 0.005 202 4 1 1 
0.00875 -8.40308e-16 2.27374e-13 0.0025 1 1 2.5 0.005 203 4 1 1 
0.01125 4.11202e-16 -5.42342e-28 0.0025 1 1 2.5 0.005 204 5 1 1 
0.01375 7.11664e-16 -2.27374e-13 0.0025 1 1 2.5 0.005 205 4 1 1 
0.01625 -2.84497e-16 -5.68434e-14 0.0025 1 1 2.5 0.005 206 3 1 1 
0.01875 -1.54804e-15 -3.97904e-13 0.0025 1 1 2.5 0.005 207 3 1 1 
0.02125 2.73244e-15 2.27374e-13 0.0025 1 1 2.5 0.005 208 4 1 1 
0.02375 8.90469e-17 1.13687e-13 0.0025 1 1 2.5 0.005 209 5 1 1 
0.02625 2.18348e-15 2.27374e-13 0.0025 1 1 2.5 0.005 210 4 1 1 
0.02875 4.82264e-16 3.41061e-13 0.0025 1 1 2.5 0.005 211 3 1 1 
0.03125 3.61838e-15 -2.27374e-13 0.0025 1 1 2.5 0.005 212 4 1 1 
0.03375 2.21641e-15 -1.7053e-13 0.0025 1 1 2.5 0.005 213 5 1 1 
0.03625 1.99681e-15 -5.68434e-14 0.0025 1 1 2.5 0.005 214 5 1 1 
0.03875 3.10526e-16 1.13687e-13 0.0025 1 1 2.5 0.005 215 5 1 1 
0.04125 -7.06489e-16 -1.13687e-13 0.0025 1 1 2.5 0.005 216 5 1 1 
0.04375 -1.47534e-15 -5.68434e-14 0.0025 1 1 2.5 0.005 217 5 1 1 
0.04625 -3.60888e-15 -3.97904e-13 0.0025 1 1 2.5 0.005 218 3 1 1 
0.04875 2.78761e-15 6.82121e-13 0.0025 1 1 2.5 0.005 219 3 1 1 
0.05125 -3.09836e-15 -6.82121e-13 0.0025 1 1 2.5 0.005 220 5 1 1 
0.05375 6.11395e-16 -2.27374e-13 0.0025 1 1 2.5 0.005 221 5 1 1 
0.05625 6.18346e-16 -1.13687e-13 0.0025 1 1 2.5 0.005 222 5 1 1 
0.05875 4.60346e-15 6.82121e-13 0.0025 1 1 2.5 0.005 223 5 1 1 
0.06125 1.44146e-15 3.97904e-13 0.0025 1 1 2.5 0.005 224 3 1 1 
0.06375 1.78845e-16 -5.68434e-14 0.0025 1 1 2.5 0.005 225 3 1 1 
0.06625 -2.4296e-15 -3.41061e-13 0.0025 1 1 2.5 0.005 226 5 1 1 
0.06875 5.25927e-15 -2.27374e-13 0.0025 1 1 2.5 0.005 227 5 1 1 
0.07125 3.14948e-15 -1.13687e-13 0.0025 1 1 2.5 0.005 228 5 1 1 
0.07375 2.40631e-15 1.7053e-13 0.0025 1 1 2.5 0.005 229 5 1 1 
0.07625 1.31583e-15 1.13687e-13 0.0025 1 1 2.5 0.005 230 5 1 1 
0.07875 7.27369e-16 1.13687e-13 0.0025 1 1 2.5 0.005 231 5 1 1 
0.08125 2.42486e-16 4.48416e-44 0.0025 1 1 2.5 0.005 232 5 1 1 
0.08375 8.66147e-17 5.68434e-14 0.0025 1 1 2.5 0.005 233 5 1 1 
0.08625 2.39152e-47 1.12104e-44 0.0025 1 1 2.5 0.005 234 5 1 1 
0.08875 0 0 0.0025 1 1 2.5 0.005 235 5 1 1 
0.09125 -1.11132e-45 0 0.0025 1 1 2.5 0.005 236 5 1 1 
0.09375 -3.35691e-17 3.36312e-44 0.0025 1 1 2.5 0.005 237 5 1 1 
0.09625 1.77228e-15 1.13687e-13 0.0025 1 1 2.5 0.005 238 5 1 1 
0.09875 1.57047e-15 1.13687e-13 0.0025 1 1 2.5 0.005 239 5 1 1 
0.10125 4.97271e-15 0 0.0025 1 1 2.5 0.005 240 5 1 1 
0.10375 4.36264e-15 1.13687e-13 0.0025 1 1 2.5 0.005 241 5 1 1 
0.10625 6.11673e-15 5.68434e-14 0.0025 1 1 2.5 0.005 242 5 1 1 
0.10875 4.37659e-15 5.68434e-14 0.0025 1 1 2.5 0.005 243 5 1 1 
0.11125 6.90663e-15 5.68434e-14 0.0025 1 1 2.5 0.005 244 5 1 1 
0.11375 4.80721e-15 -5.68434e-14 0.0025 1 1 2.5 0.005 245 5 1 1 
0.11625 4.54883e-15 1.13687e-13 0.0025 1 1 2.5 0.005 246 5 1 1 
0.11875 2.17993e-15 3.9443e-29 0.0025 1 1 2.5 0.005 247 5 1 1 
0.12125 2.06417e-15 -7.14905e-27 0.0025 1 1 2.5 0.005 248 5 1 1 
0.12375 -7.21633e-16 -7.18849e-27 0.0025 1 1 2.5 0.005 249 4 1 1 
0.12625 7.21633e-16 7.18849e-27 0.0025 1 1 2.5 0.005 250 4 1 1 
0.12875 -2.06417e-15 7.14905e-27 0.0025 1 1 2.5 0.005 251 5 1 1 
0.13125 -2.17993e-15 -3.9443e-29 0.0025 1 1 2.5 0.005 252 5 1 1 
0.13375 -4.54883e-15 -1.13687e-13 0.0025 1 1 2.5 0.005 253 5 1 1 
0.13625 -4.80721e-15 5.68434e-14 0.0025 1 1 2.5 0.005 254 5 1 1 
0.13875 -6.90663e-15 -5.68434e-14 0.0025 1 1 2.5 0.005 255 5 1 1 
0.14125 -4.37659e-15 -5.68434e-14 0.0025 1 1 2.5 0.005 256 5 1 1 
0.14375 -6.11673e-15 -5.68434e-14 0.0025 1 1 2.5 0.005 257 5 1 1 
0.14625 -4.36264e-15 -1.13687e-13 0.0025 1 1 2.5 0.005 258 5 1 1 
0.14875 -4.97271e-15 0 0.0025 1 1 2.5 0.005 259 5 1 1 
0.15125 -1.57047e-15 -1.13687e-13 0.0025 1 1 2.5 0.005 260 5 1 1 
0.15375 -1.77228e-15 -1.13687e-13 0.0025 1 1 2.5 0.005 261 5 1 1 
0.15625 3.35691e-17 -3.36312e-44 0.0025 1 1 2.5 0.005 262 5 1 1 
0.15875 1.11132e-45 0 0.0025 1 1 2.5 0.005 263 5 1 1 
0.16125 0 0 0.0025 1 1 2.5 0.005 264 5 1 1 
0.16375 0 0 0.0025 1 1 2.5 0.005 265 5 1 1 
0.16625 -4.78343e-47 -1.34525e-43 0.0025 1 1 2.5 0.005 266 5 1 1 
0.16875 -2.25224e-16 -6.25278e-13 0.0025 1 1 2.5 0.005 267 5 1 1 
0.17125 -2.02699e-15 -2.21689e-12 0.0025 1 1 2.5 0.005 268 5 1 1 
0.17375 -3.12552e-14 -3.39924e-11 0.0025 1 1 2.5 0.005 269 4 1 1 
0.17625 -9.84356e-14 -6.65068e-11 0.0025 1 1 2.5 0.005 270 4 1 1 
0.17875 -3.25562e-13 -2.26692e-10 0.0025 1 1 2.5 0.005 271 4 1 1 
0.18125 -1.01234e-12 -6.69161e-10 0.0025 1 1 2.5 0.005 272 4 1 1 
0.18375 -3.0321e-12 -1.94279e-09 0.0025 1 1 2.5 0.005 273 4 1 1 
0.18625 -8.80273e-12 -5.46754e-09 0.0025 1 1 2.5 0.005 274 4 1 1 
0.18875 -2.48404e-11 -1.4901e-08 0.0025 1 1 2.5 0.005 275 4 1 1 
0.19125 -6.8053e-11 -3.95405e-08 0.0025 1 1 2.5 0.005 276 4 1 1 
0.19375 -1.81463e-10 -1.02033e-07 0.0025 1 1 2.5 0.005 277 4 1 1 
0.19625 -4.70892e-10 -2.56268e-07 0.0025 1 1 2.5 0.005 278 4 1 1 
0.19875 -1.1903e-09 -6.2681e-07 0.0025 1 1 2.5 0.005 279 4 1 1 
0.20125 -2.93205e-09 -1.49358e-06 0.0025 1 1 2.5 0.005 280 4 1 1 
0.20375 -7.04151e-09 -3.46861e-06 0.0025 1 1 2.5 0.005 281 4 1 1 
0.20625 -1.64935e-08 -7.85332e-06 0.0025 1 1 2.5 0.005 282 4 1 1 
0.20875 -3.76933e-08 -1.73396e-05 0.0025 1 1 2.5 0.005 283 4 1 1 
0.21125 -8.40721e-08 -3.7344e-05 0.0025 1 1 2.5 0.005 284 4 1 1 
0.21375 -1.8306e-07 -7.84655e-05 0.0025 1 1 2.5 0.005 285 4 1 1 
0.21625 -3.89215e-07 -0.000160874 0.0025 1 1 2.5 0.005 286 4 1 1 
0.21875 -8.08222e-07 -0.000321882 0.0025 1 1 2.5 0.005 287 4 1 1 
0.22125 -1.63944e-06 -0.000628571 0.0025 1 1 2.5 0.00499999 288 4 1 1 
0.22375 -3.24901e-06 -0.00119809 0.0025 1 1 2.5 0.00499999 289 4 1 1 
0.22625 -6.29152e-06 -0.00222904 0.0025 1 1.00001 2.5 0.00499998 290 4 1 1 
0.22875 -1.19057e-05 -0.00404805 0.0025 1.00001 1.00001 2.50001 0.00499995 291 4 1 1 
0.23125 -2.20188e-05 -0.00717562 0.0025 1.00002 1.00002 2.50002 0.00499992 292 4 1 1 
0.23375 -3.98015e-05 -0.0124146 0.0025 1.00003 1.00004 2.50003 0.00499985 293 4 1 1 
0.23625 -7.03221e-05 -0.0209615 0.0025 1.00005 1.00008 2.50005 0.00499973 294 4 1 1 
0.23875 -0.000121445 -0.0345345 0.0025 1.00009 1.00013 2.50009 0.00499953 295 4 1 1 
0.241249 -0.000205001 -0.0555033 0.0025 1.00016 1.00022 2.50016 0.00499921 296 4 1 1 
0.243749 -0.000338216 -0.0869899 0.0025 1.00026 1.00037 2.50026 0.00499869 297 4 1 1 
0.246248 -0.000545309 -0.132889 0.0025 1.00042 1.00059 2.50042 0.00499788 298 4 1 1 
0.248747 -0.000859045 -0.197734 0.0025 1.00067 1.00093 2.50067 0.00499665 299 4 1 1 
0.251245 -0.00132186 -0.286313 0.0025 1.00103 1.00144 2.50103 0.00499484 300 4 1 0.999999 
0.253742 -0.00198593 -0.402923 0.0025 1.00156 1.00217 2.50155 0.00499223 301 4 1 0.999998 
0.256237 -0.00291148 -0.550192 0.0025 1.00229 1.0032 2.50228 0.00498858 302 4 1 0.999997 
0.25873 -0.00416215 -0.727458 0.0025 1.00328 1.00459 2.50328 0.00498364 303 4 1 0.999995 
0.261221 -0.00579699 -0.928936 0.0025 1.00459 1.00643 2.50458 0.00497715 304 4 1 0.999991 
0.263707 -0.00785857 -1.14213 0.0025 1.00625 1.00875 2.50624 0.00496894 305 4 1 0.999987 
0.266189 -0.0103586 -1.34728 0.0025 1.00828 1.01161 2.50826 0.00495894 306 4 1 0.999983 
0.268666 -0.0132636 -1.51875 0.0025 1.01066 1.01495 2.51063 0.00494726 307 4 1 0.999979 
0.271137 -0.0164853 -1.62861 0.0025 1.01333 1.01872 2.51329 0.00493423 308 4 1 0.999976 
0.2736 -0.01988 -1.65232 0.0025 1.01618 1.02274 2.51613 0.00492039 309 4 1 0.999976 
0.276057 -0.0232597 -1.57469 0.0025 1.01906 1.02681 2.51899 0.00490647 310 4 1 0.999979 
0.278507 -0.0264133 -1.39074 0.0025 1.0218 1.03068 2.5217 0.00489332 311 4 1 0.999985 
0.28095 -0.0291281 -1.11278 0.0025 1.02421 1.03408 2.52408 0.00488183 312 4 1 0.999993 
0.283389 -0.0311232 -0.574414 0.0025 1.02592 1.03654 2.5258 0.00487365 313 3 1 1 
0.285824 -0.0310496 1.53127 0.0025 1.02482 1.03513 2.52483 0.0048789 314 4 1 1.00001 
0.288268 -0.0206861 8.69289 0.0025 1.01608 1.02281 2.51623 0.00492089 315 4 1 0.999901 
0.290745 -0.000888968 8.78607 0.0025 1.00187 1.00255 2.50188 0.00499069 316 4 1 0.999442 
0.293259 0.0113965 3.04363 0.0025 0.991511 0.987976 2.49139 0.00504281 317 4 1 0.999623 
0.295788 0.0161432 2.23038 0.0025 0.985921 0.980378 2.4859 0.0050714 318 4 1 0.999899 
0.29833 0.0242075 5.14405 0.0025 0.978986 0.970818 2.47898 0.00510732 319 4 1 0.999888 
0.300896 0.0369159 6.15771 0.0025 0.969112 0.957063 2.4689 0.00515936 320 4 1 0.999722 
0.30349 0.0497474 5.46996 0.0025 0.958765 0.942748 2.45828 0.00521504 321 4 1 0.99966 
0.306111 0.0615225 5.17256 0.0025 0.949023 0.92938 2.44827 0.00526857 322 4 1 0.999695 
0.308758 0.0734289 5.34772 0.0025 0.939358 0.916167 2.43827 0.00532279 323 4 1 0.999701 
0.311434 0.0858456 5.45454 0.0025 0.929456 0.902673 2.42796 0.00537949 324 4 1 0.999679 
0.314138 0.0985005 5.45063 0.0025 0.919423 0.889058 2.41744 0.00543819 325 4 1 0.999662 
0.316872 0.111296 5.44224 0.0025 0.909344 0.875445 2.40681 0.00549847 326 4 1 0.999651 
0.319637 0.124277 5.44107 0.0025 0.899226 0.861838 2.39606 0.00556034 327 4 1 0.999641 
0.322433 0.137454 5.4528 0.0025 0.889053 0.84822 2.38518 0.00562396 328 4 1 0.999629 
0.325261 0.150792 5.45108 0.0025 0.878826 0.834591 2.37417 0.00568941 329 4 1 0.999617 
0.328122 0.164337 5.44546 0.0025 0.868557 0.82097 2.36304 0.00575667 330 4 1 0.999605 
0.331018 0.178053 5.44704 0.0025 0.858243 0.807355 2.35177 0.00582585 331 4 1 0.999592 
0.333948 0.191964 5.43327 0.0025 0.847892 0.793755 2.34039 0.00589698 332 4 1 0.999579 
0.336915 0.206066 5.4256 0.0025 0.837508 0.78018 2.32888 0.0059701 333 4 1 0.999566 
0.339919 0.220348 5.42438 0.0025 0.827082 0.766617 2.31724 0.00604535 334 4 1 0.999552 
0.34296 0.234811 5.41079 0.0025 0.816619 0.753074 2.30547 0.00612281 335 4 1 0.999538 
0.346042 0.249501 5.39752 0.0025 0.806125 0.739562 2.29358 0.00620251 336 4 1 0.999523 
0.349163 0.264379 5.39423 0.0025 0.795594 0.726072 2.28155 0.00628461 337 4 1 0.999508 
0.352327 0.279476 5.37608 0.0025 0.785028 0.712609 2.26938 0.0063692 338 4 1 0.999492 
0.355533 0.294781 5.37179 0.0025 0.774428 0.699174 2.25707 0.00645638 339 4 1 0.999475 
0.358783 0.310289 5.35237 0.0025 0.763794 0.685771 2.24463 0.00654627 340 4 1 0.999457 
0.362079 0.326022 5.32772 0.0025 0.753141 0.672419 2.23205 0.00663886 341 4 1 0.99944 
0.365422 0.341977 5.32004 0.0025 0.742461 0.659108 2.21934 0.00673436 342 4 1 0.999422 
0.368814 0.358132 5.29875 0.0025 0.731751 0.645836 2.20648 0.00683292 343 4 1 0.999402 
0.372256 0.374538 5.27927 0.0025 0.72102 0.632616 2.19348 0.00693462 344 4 1 0.999383 
0.375749 0.391141 5.2439 0.0025 0.710281 0.619465 2.18036 0.00703947 345 4 1 0.999363 
0.379296 0.407945 5.20471 0.0025 0.699552 0.606405 2.16712 0.00714743 346 4 1 0.999345 
0.382897 0.424944 5.17525 0.0025 0.688832 0.593435 2.15378 0.00725867 347 4 1 0.999327 
0.386555 0.44208 5.11138 0.0025 0.678146 0.580587 2.14036 0.00737304 348 4 1 0.999309 
0.390271 0.459331 5.02919 0.0025 0.667547 0.567924 2.12691 0.00749011 349 4 1 0.999298 
0.394045 0.476572 4.92454 0.0025 0.657083 0.5555 2.11352 0.00760939 350 4 1 0.999293 
0.39788 0.493695 4.76837 0.0025 0.646835 0.543408 2.10027 0.00772995 351 4 1 0.999297 
0.401776 0.510475 4.56344 0.0025 0.636909 0.53177 2.08732 0.00785041 352 4 1 0.999316 
0.405731 0.526692 4.28644 0.0025 0.627432 0.520726 2.07484 0.00796899 353 4 1 0.999353 
0.409745 0.54216 3.99402 0.0025 0.618494 0.51037 2.06297 0.00808416 354 4 1 0.999404 
0.413816 0.556789 3.7359 0.0025 0.610071 0.500668 2.05169 0.00819577 355 4 1 0.999455 
0.417942 0.570952 3.63145 0.0025 0.601969 0.491387 2.04075 0.00830608 356 4 1 0.999488 
0.422122 0.585364 3.75421 0.0025 0.593805 0.482086 2.02964 0.00842028 357 4 1 0.999476 
0.426362 0.600851 4.01868 0.0025 0.585218 0.472356 2.01786 0.00854382 358 4 1 0.999412 
0.430667 0.617573 4.21986 0.0025 0.576142 0.462131 2.00528 0.00867841 359 4 1 0.999322 
0.435041 0.634862 4.11904 0.0025 0.566956 0.451846 1.99243 0.00881902 360 4 1 0.999267 
0.439486 0.651329 3.65832 0.0025 0.55836 0.442281 1.98029 0.00895479 361 4 1 0.999316 
0.443997 0.665247 2.78527 0.0025 0.551193 0.43435 1.97008 0.00907124 362 4 1 0.999484 
0.448558 0.674804 1.55839 0.0025 0.546283 0.428942 1.96304 0.00915276 363 4 1 0.999732 
0.453149 0.678827 0.302352 0.0025 0.54403 0.426472 1.95981 0.00919067 364 4 1 0.999936 
0.457749 0.678869 -0.106792 0.0025 0.543611 0.42602 1.95922 0.00919775 365 5 1 0.999998 
0.462347 0.678703 -0.0598261 0.0025 0.543696 0.426117 1.95935 0.00919631 366 4 1 1 
0.466945 0.678336 -0.110627 0.0025 0.543847 0.426284 1.95958 0.00919376 367 4 1 0.999999 
0.471541 0.677839 -0.127857 0.0025 0.544087 0.426548 1.95993 0.00918971 368 4 1 0.999999 
0.476135 0.677274 -0.130075 0.0025 0.544367 0.426857 1.96034 0.00918499 369 4 1 0.999999 
0.480726 0.676708 -0.121682 0.0025 0.544655 0.427175 1.96076 0.00918012 370 4 1 0.999999 
0.485315 0.67619 -0.107238 0.0025 0.544928 0.427476 1.96116 0.00917553 371 4 1 0.999999 
0.489901 0.675741 -0.0900285 0.0025 0.545168 0.427742 1.96152 0.00917148 372 4 1 1 
0.494486 0.675365 -0.0736811 0.0025 0.545371 0.427968 1.96182 0.00916807 373 4 1 1 
0.49907 0.675057 -0.0598543 0.0025 0.545538 0.428153 1.96207 0.00916526 374 4 1 1 
0.503652 0.674808 -0.0487109 0.0025 0.545674 0.428304 1.96227 0.00916298 375 4 1 1 
0.508232 0.674603 -0.0401417 0.0025 0.545784 0.428427 1.96244 0.00916114 376 4 1 1 
0.512813 0.674434 -0.0337678 0.0025 0.545874 0.428529 1.96258 0.00915962 377 4 1 1 
0.517392 0.67429 -0.0289538 0.0025 0.545949 0.428614 1.9627 0.00915837 378 4 1 1 
0.521971 0.674167 -0.0252144 0.0025 0.546012 0.428687 1.96281 0.0091573 379 4 1 1 
0.526549 0.674058 -0.022253 0.0025 0.546067 0.428751 1.96291 0.00915639 380 4 1 1 
0.531127 0.673963 -0.0198052 0.0025 0.546114 0.428807 1.96299 0.00915559 381 4 1 1 
0.535705 0.673878 -0.0176666 0.0025 0.546156 0.428857 1.96307 0.0091549 382 4 1 1 
0.540282 0.673802 -0.0157366 0.0025 0.546191 0.428901 1.96314 0.0091543 383 4 1 1 
0.544859 0.673734 -0.0139848 0.0025 0.546222 0.42894 1.96321 0.00915378 384 4 1 1 
0.549436 0.673673 -0.0124186 0.0025 0.546248 0.428975 1.96328 0.00915335 385 4 1 1 
0.554013 0.673619 -0.0110505 0.0025 0.54627 0.429006 1.96334 0.00915298 386 4 1 1 
0.558589 0.67357 -0.00986576 0.0025 0.546288 0.429034 1.96341 0.00915268 387 4 1 1 
0.563165 0.673527 -0.00882942 0.0025 0.546302 0.429059 1.96347 0.00915244 388 4 1 1 
0.567742 0.673487 -0.00791303 0.0025 0.546312 0.429081 1.96353 0.00915227 389 4 1 1 
0.572318 0.673452 -0.00710147 0.0025 0.546319 0.4291 1.9636 0.00915216 390 4 1 1 
0.576894 0.67342 -0.00638395 0.0025 0.546321 0.429118 1.96367 0.00915212 391 3 1 1 
0.58147 0.673391 -0.00574897 0.0025 0.546319 0.429133 1.96375 0.00915216 392 4 1 1 
0.586046 0.673364 -0.00518518 0.0025 0.546311 0.429145 1.96383 0.0091523 393 4 1 1 
0.590622 0.67334 -0.00468348 0.0025 0.546283 0.429145 1.96393 0.00915276 394 4 1 1 
0.595199 0.673317 -0.00423772 0.0025 0.546188 0.429106 1.9641 0.00915436 395 4 1 1 
0.599776 0.673297 -0.00384245 0.0025 0.545789 0.428847 1.96434 0.00916104 396 4 1 0.999999 
0.60436 0.673278 -0.00349006 0.0025 0.544165 0.427039 1.9619 0.00918839 397 4 1 0.999987 
0.608965 0.673261 -0.00316796 0.0025 0.530994 0.411646 1.93809 0.0094163 398 4 1 0.999663 
0.613781 0.673244 -0.00285364 0.0025 0.506893 0.440369 2.1719 0.00986401 399 4 1 0.994695 
0.618836 0.673227 -0.00254196 0.0025 0.481378 0.415602 2.1584 0.0103869 400 4 1 0.993714 
0.624177 0.67321 -0.00223204 0.0025 0.458885 0.450144 2.45238 0.010896 401 4 1 0.993697 
0.629737 0.673194 -0.00193222 0.0025 0.450257 0.430656 2.39117 0.0111048 402 5 1 0.998656 
0.635282 0.673178 -0.00165812 0.0025 0.451853 0.428976 2.37343 0.0110655 403 4 1 0.999967 
0.640803 0.673164 -0.00140619 0.0025 0.453475 0.42893 2.36468 0.011026 404 4 1 0.999986 
0.646308 0.67315 -0.00117067 0.0025 0.454562 0.429063 2.35976 0.0109996 405 4 1 0.999994 
0.651803 0.673136 -0.000947968 0.0025 0.45526 0.429144 2.35659 0.0109827 406 4 1 0.999997 
0.657291 0.673123 -0.000735276 0.0025 0.45573 0.429185 2.35438 0.0109714 407 4 1 0.999999 
0.662774 0.673111 -0.000529066 0.0025 0.456065 0.429208 2.35278 0.0109634 408 4 1 0.999999 
0.668254 0.673098 -0.000324602 0.0025 0.456311 0.429222 2.35159 0.0109574 409 4 1 1 
0.673732 0.673086 -0.000116265 0.0025 0.456498 0.42923 2.35067 0.010953 410 4 1 1 
0.679207 0.673074 0.000105447 0.0025 0.456642 0.429235 2.34996 0.0109495 411 4 1 1 
0.684681 0.673061 0.000363695 0.0025 0.456754 0.429238 2.34939 0.0109468 412 4 1 1 
0.690154 0.673048 0.000721078 0.0025 0.456843 0.429239 2.34894 0.0109447 413 4 1 1 
0.695626 0.673033 0.00139794 0.0025 0.456912 0.429236 2.34857 0.010943 414 4 1 1 
0.701097 0.673011 0.00303084 0.0025 0.456963 0.429228 2.34826 0.0109418 415 4 1 1 
0.706567 0.672971 0.00765857 0.0025 0.456991 0.429202 2.34798 0.0109411 416 3 1 1 
0.712038 0.672874 0.0219278 0.0025 0.456969 0.429123 2.34766 0.0109417 417 4 1 1 
0.717509 0.672602 0.0645517 0.0025 0.45682 0.428886 2.34712 0.0109452 418 4 1 1 
0.722983 0.671798 0.19269 0.0025 0.45631 0.428182 2.34589 0.0109575 419 4 1 0.999998 
0.728467 0.66949 0.54762 0.0025 0.454815 0.426193 2.34265 0.0109935 420 4 1 0.999981 
0.733977 0.663231 1.40832 0.0025 0.450934 0.421085 2.33447 0.0110881 421 4 1 0.999862 
0.739555 0.647915 3.41317 0.0025 0.441857 0.409212 2.31522 0.0113159 422 4 1 0.999224 
0.745295 0.613547 6.96046 0.0025 0.423792 0.385784 2.27564 0.0117982 423 4 1 0.996705 
0.751363 0.546451 14.1232 0.0025 0.391675 0.344717 2.20005 0.0127657 424 4 1 0.989888 
0.758102 0.407342 27.2022 0.0025 0.343907 0.28542 2.07476 0.0145388 425 4 1 0.975755 
0.766029 0.207161 28.7663 0.0025 0.295046 0.228073 1.93274 0.0169465 426 4 1 0.960373 
0.775191 0.0590002 14.1565 0.0025 0.264025 0.194 1.83721 0.0189376 427 4 1 0.972069 
0.785012 0.00722588 2.92035 0.0025 0.252476 0.181994 1.80219 0.0198039 428 4 1 0.993827 
0.794998 -0.000133588 0.154693 0.0025 0.250153 0.179652 1.79543 0.0199877 429 4 1 0.99968 
0.805 -0.000100076 -0.043553 0.0025 0.24998 0.17948 1.79494 0.0200016 430 5 1 0.999998 
0.815 4.66087e-06 -0.00119843 0.0025 0.249998 0.179498 1.795 0.0200001 431 4 1 1 
0.825 2.58367e-06 0.000461037 0.0025 0.25 0.1795 1.795 0.02 432 3 1 1 
0.835 6.44503e-07 0.000139205 0.0025 0.25 0.1795 1.795 0.02 433 4 1 1 
0.845 1.45162e-07 3.23434e-05 0.0025 0.25 0.1795 1.795 0.02 434 4 1 1 
0.855 3.1643e-08 7.19451e-06 0.0025 0.25 0.1795 1.795 0.02 435 4 1 1 
0.865 6.7195e-09 1.56372e-06 0.0025 0.25 0.1795 1.795 0.02 436 4 1 1 
0.875 1.38591e-09 3.31434e-07 0.0025 0.25 0.1795 1.795 0.02 437 4 1 1 
0.885 2.76442e-10 6.81786e-08 0.0025 0.25 0.1795 1.795 0.02 438 4 1 1 
0.895 5.31379e-11 1.35522e-08 0.0025 0.25 0.1795 1.795 0.02 439 4 1 1 
0.905 9.78601e-12 2.59215e-09 0.0025 0.25 0.1795 1.795 0.02 440 4 1 1 
0.915 1.73125e-12 4.74856e-10 0.0025 0.25 0.1795 1.795 0.02 441 4 1 1 
0.925 2.93134e-13 8.37304e-11 0.0025 0.25 0.1795 1.795 0.02 442 4 1 1 
0.935 4.02714e-14 1.52625e-11 0.0025 0.25 0.1795 1.795 0.02 443 4 1 1 
0.945 1.82226e-15 1.15108e-12 0.0025 0.25 0.1795 1.795 0.02 444 5 1 1 
0.955 -3.17813e-15 2.27374e-13 0.0025 0.25 0.1795 1.795 0.02 445 5 1 1 
0.965 7.20594e-15 -7.10543e-14 0.0025 0.25 0.1795 1.795 0.02 446 5 1 1 
0.975 1.12652e-15 -1.42109e-14 0.0025 0.25 0.1795 1.795 0.02 447 5 1 1 
0.985 1.85095e-15 1.98952e-13 0.0025 0.25 0.1795 1.795 0.02 448 5 1 1 
0.995 -5.73366e-15 2.70006e-13 0.0025 0.25 0.1795 1.795 0.02 449 3 1 1 
1.005 5.73366e-15 -2.70006e-13 0.0025 0.25 0.1795 1.795 0.02 450 3 1 1 
1.015 -1.85095e-15 -1.98952e-13 0.0025 0.25 0.1795 1.795 0.02 451 5 1 1 
1.025 -1.12652e-15 1.42109e-14 0.0025 0.25 0.1795 1.795 0.02 452 5 1 1 
1.035 -7.20594e-15 7.10543e-14 0.0025 0.25 0.1795 1.795 0.02 453 5 1 1 
1.045 2.57189e-15 -4.54747e-13 0.0025 0.25 0.1795 1.795 0.02 454 5 1 1 
1.055 -4.92687e-15 -1.98952e-12 0.0025 0.25 0.1795 1.795 0.02 455 5 1 1 
1.065 -8.61228e-14 -3.43903e-11 0.0025 0.25 0.1795 1.795 0.02 456 4 1 1 
1.075 -6.33091e-13 -1.82212e-10 0.0025 0.25 0.1795 1.795 0.02 457 4 1 1 
1.085 -3.78548e-12 -1.04872e-09 0.0025 0.25 0.1795 1.795 0.02 458 4 1 1 
1.095 -2.16401e-11 -5.69337e-09 0.0025 0.25 0.1795 1.795 0.02 459 4 1 1 
1.105 -1.16176e-10 -2.92055e-08 0.0025 0.25 0.1795 1.795 0.02 460 4 1 1 
1.115 -5.91766e-10 -1.41583e-07 0.0025 0.25 0.1795 1.795 0.02 461 4 1 1 
1.125 -2.85165e-09 -6.48497e-07 0.0025 0.25 0.1795 1.795 0.02 462 4 1 1 
1.135 -1.2996e-08 -2.80365e-06 0.0025 0.25 0.1795 1.795 0.02 463 4 1 1 
1.145 -5.59749e-08 -1.14296e-05 0.0025 0.25 0.1795 1.795 0.02 464 4 1 1 
1.155 -2.27646e-07 -4.3882e-05 0.0025 0.25 0.1795 1.795 0.02 465 4 1 1 
1.165 -8.73264e-07 -0.000158434 0.0025 0.25 0.1795 1.795 0.02 466 4 1 1 
1.175 -3.15584e-06 -0.000537006 0.0025 0.250001 0.179501 1.795 0.0199999 467 4 1 1 
1.185 -1.07292e-05 -0.00170548 0.0025 0.250002 0.179502 1.79501 0.0199998 468 4 1 1 
1.195 -3.42645e-05 -0.00506439 0.0025 0.250008 0.179508 1.79502 0.0199994 469 4 1 1 
1.205 -0.000102623 -0.014028 0.0025 0.250023 0.179523 1.79507 0.0199981 470 4 1 1 
1.215 -0.000287747 -0.0361457 0.0025 0.250065 0.179565 1.79519 0.0199948 471 4 1 0.999999 
1.22499 -0.00075378 -0.0863164 0.0025 0.25017 0.179671 1.79549 0.0199864 472 4 1 0.999997 
1.23498 -0.00183925 -0.189835 0.0025 0.250414 0.179916 1.79619 0.0199669 473 4 1 0.999985 
1.24496 -0.00415807 -0.379916 0.0025 0.250936 0.180441 1.79769 0.0199254 474 4 1 0.999944 
1.25491 -0.00862745 -0.677065 0.0025 0.251943 0.181457 1.80058 0.0198457 475 4 1 0.999846 
1.26481 -0.0161979 -1.04024 0.0025 0.253661 0.183195 1.80551 0.0197113 476 4 1 0.999692 
1.27462 -0.0270909 -1.32485 0.0025 0.256177 0.18575 1.81271 0.0195178 477 4 1 0.99958 
1.28433 -0.0399245 -1.33736 0.0025 0.259246 0.188882 1.82145 0.0192867 478 4 1 0.99966 
1.29391 -0.0517162 -0.984592 0.0025 0.262188 0.191898 1.82977 0.0190703 479 4 1 1.00005 
1.3034 -0.0578591 0.138423 0.0025 0.263135 0.192879 1.83247 0.0190016 480 3 1 1.00001 
1.31291 -0.0380969 4.70045 0.0025 0.257385 0.187007 1.81637 0.0194262 481 4 1 0.999831 
1.32283 0.021521 6.31905 0.0025 0.244844 0.174371 1.78044 0.0204212 482 4 1 0.994584 
1.33335 0.075053 4.05921 0.0025 0.232293 0.161988 1.74337 0.0215245 483 4 1 0.992647 
1.34437 0.116701 3.68568 0.0025 0.221853 0.151892 1.71163 0.0225374 484 4 1 0.994653 
1.3559 0.164876 4.32061 0.0025 0.211052 0.141644 1.67783 0.0236909 485 4 1 0.994195 
1.36808 0.220721 4.46628 0.0025 0.199286 0.130716 1.63981 0.0250896 486 4 1 0.992361 
1.38102 0.280817 4.40556 0.0025 0.18709 0.119658 1.59894 0.026725 487 4 1 0.990871 
1.39484 0.345301 4.37415 0.0025 0.174632 0.108657 1.55551 0.0286316 488 4 1 0.98942 
1.4097 0.415245 4.34968 0.0025 0.161879 0.0977152 1.50909 0.0308873 489 4 1 0.987592 
1.42579 0.491616 4.30766 0.0025 0.148812 0.0868569 1.45918 0.0335995 490 4 1 0.985289 
1.44339 0.575535 4.24332 0.0025 0.135433 0.0761282 1.40528 0.0369186 491 4 1 0.982409 
1.46284 0.668418 4.14997 0.0025 0.121752 0.065587 1.34674 0.0410672 492 4 1 0.978785 
1.48464 0.772128 4.02379 0.0025 0.107772 0.0552945 1.28268 0.0463943 493 4 1 0.974192 
1.50951 0.889494 3.87323 0.0025 0.0934629 0.045299 1.21169 0.0534972 494 4 1 0.968301 
1.5386 1.02553 3.71593 0.0025 0.0786951 0.0356065 1.13116 0.0635363 495 4 1 0.960799 
1.57393 1.19005 3.55909 0.0025 0.0632356 0.0262129 1.03632 0.0790694 496 4 1 0.952553 
1.61967 1.4036 3.38509 0.0025 0.0473037 0.0174545 0.922472 0.1057 497 4 1 0.948972 
1.68493 1.71055 3.13562 0.0025 0.0316177 0.00992687 0.784916 0.158139 498 5 1 0.978751 
1.79797 2.2473 2.66507 0.0025 0.0182189 0.00513921 0.705205 0.27444 499 5 1 1.04266 
