# Time [s]: 0.048495
# Columns: pos [m], vel [m/s], acc [m/s^2], mass [kg], dens [kg/m^3], pres [Pa], ene [J/kg], sml [m], id, neighbor, alpha, gradh, ...additional?
1.46961 -0.675243 0.0643207 0.0025 0.505566 0.438661 2.16916 0.00988991 0 4 1 0.994764 
1.47444 -0.675839 0.0908866 0.0025 0.529467 0.409942 1.93563 0.00944346 1 4 1 0.999731 
1.47906 -0.676416 0.135951 0.0025 0.542279 0.425048 1.95954 0.00922035 2 4 1 0.999998 
1.48366 -0.677369 0.233076 0.0025 0.543444 0.42629 1.96105 0.00920057 3 3 1 1 
1.48826 -0.67833 0.197347 0.0025 0.543326 0.425954 1.95994 0.00920258 4 4 1 1 
1.49286 -0.679533 0.328863 0.0025 0.542699 0.425212 1.95878 0.00921321 5 4 1 0.999997 
1.49747 -0.681282 0.440279 0.0025 0.54143 0.423793 1.95681 0.0092348 6 4 1 0.999988 
-0.497905 -0.687075 1.31298 0.0025 0.540754 0.422987 1.95566 0.00924634 7 5 1 0.999318 
-0.493283 -0.67459 -6.77195 0.0025 0.548054 0.430975 1.96609 0.00912319 8 4 1 0.997442 
-0.48878 -0.638335 -9.00958 0.0025 0.564572 0.449311 1.9896 0.00885626 9 4 1 0.997861 
-0.484424 -0.60664 -6.48805 0.0025 0.581504 0.468278 2.01319 0.00859839 10 4 1 0.998077 
-0.48018 -0.581139 -6.79256 0.0025 0.597078 0.485878 2.03449 0.00837412 11 4 1 0.997085 
-0.476048 -0.54834 -10.2028 0.0025 0.61627 0.507852 2.06033 0.00811333 12 4 1 0.995505 
-0.472063 -0.504145 -13.5855 0.0025 0.641702 0.537429 2.09391 0.00779178 13 4 1 0.994338 
-0.468252 -0.452255 -15.9599 0.0025 0.67238 0.573743 2.13337 0.00743627 14 4 1 0.993908 
-0.464621 -0.39739 -17.3344 0.0025 0.706342 0.614724 2.17583 0.00707872 15 4 1 0.994039 
-0.461168 -0.342469 -17.9993 0.0025 0.741878 0.658453 2.21895 0.00673965 16 4 1 0.994444 
-0.457877 -0.289169 -18.3052 0.0025 0.777888 0.703624 2.2614 0.00642766 17 4 1 0.994928 
-0.454736 -0.238134 -18.4786 0.0025 0.813812 0.749521 2.30258 0.00614392 18 4 1 0.995347 
-0.45173 -0.188981 -18.9691 0.0025 0.849568 0.796039 2.34253 0.00588534 19 4 1 0.995941 
-0.448847 -0.141893 -18.3607 0.0025 0.884459 0.842249 2.38059 0.00565318 20 4 1 0.997002 
-0.446074 -0.101591 -14.7062 0.0025 0.915961 0.884451 2.41402 0.00545875 21 4 1 0.997248 
-0.443387 -0.0677141 -16.0096 0.0025 0.945762 0.9247 2.44491 0.00528674 22 4 1 0.995709 
-0.440786 -0.0213087 -27.0474 0.0025 0.983104 0.976545 2.48341 0.00508593 23 4 1 0.996466 
-0.438298 0.0333629 -21.0215 0.0025 1.02222 1.03201 2.5229 0.00489133 24 4 1 0.999812 
-0.435893 0.0532433 -1.13898 0.0025 1.04109 1.05858 2.54118 0.00480267 25 3 1 1.00001 
-0.433496 0.0488731 3.76037 0.0025 1.0393 1.05563 2.53912 0.00481095 26 4 1 1.00003 
-0.431082 0.0393952 5.03673 0.0025 1.03129 1.04416 2.53117 0.00484832 27 4 1 0.999841 
-0.428647 0.0287668 5.24743 0.0025 1.0225 1.03166 2.52243 0.00488997 28 4 1 0.999785 
-0.426192 0.0190315 4.52515 0.0025 1.01471 1.02063 2.51466 0.0049275 29 4 1 0.999818 
-0.42372 0.0114318 3.34934 0.0025 1.00877 1.01226 2.50873 0.00495653 30 4 1 0.999888 
-0.421235 0.00626576 2.17197 0.0025 1.00479 1.00667 2.50475 0.00497618 31 4 1 0.999947 
-0.418743 0.00315216 1.25705 0.0025 1.0024 1.00334 2.50238 0.00498802 32 4 1 0.999981 
-0.416247 0.00146207 0.658732 0.0025 1.00111 1.00154 2.5011 0.00499444 33 4 1 0.999994 
-0.413749 0.000626509 0.31533 0.0025 1.00048 1.00066 2.50047 0.00499761 34 4 1 0.999999 
-0.41125 0.000247898 0.138437 0.0025 1.00019 1.00026 2.50019 0.00499905 35 4 1 1 
-0.40875 9.03386e-05 0.0557565 0.0025 1.00007 1.0001 2.50007 0.00499965 36 4 1 1 
-0.40625 3.01817e-05 0.0205524 0.0025 1.00002 1.00003 2.50002 0.00499988 37 4 1 1 
-0.40375 9.18166e-06 0.00690085 0.0025 1.00001 1.00001 2.50001 0.00499996 38 4 1 1 
-0.40125 2.5179e-06 0.00209497 0.0025 1 1 2.5 0.00499999 39 4 1 1 
-0.39875 6.12916e-07 0.000568416 0.0025 1 1 2.5 0.005 40 4 1 1 
-0.39625 1.29106e-07 0.000135284 0.0025 1 1 2.5 0.005 41 4 1 1 
-0.39375 2.24402e-08 2.73208e-05 0.0025 1 1 2.5 0.005 42 4 1 1 
-0.39125 2.883e-09 4.36679e-06 0.0025 1 1 2.5 0.005 43 4 1 1 
-0.38875 1.79218e-10 4.52165e-07 0.0025 1 1 2.5 0.005 44 4 1 1 
-0.38625 -1.22014e-11 -1.36035e-08 0.0025 1 1 2.5 0.005 45 4 1 1 
-0.38375 3.40373e-12 -3.17573e-09 0.0025 1 1 2.5 0.005 46 5 1 1 
-0.38125 2.39756e-12 1.32263e-09 0.0025 1 1 2.5 0.005 47 3 1 1 
-0.37875 7.10498e-13 6.79279e-10 0.0025 1 1 2.5 0.005 48 4 1 1 
-0.37625 1.43745e-13 1.59275e-10 0.0025 1 1 2.5 0.005 49 4 1 1 
-0.37375 1.07114e-14 3.14913e-11 0.0025 1 1 2.5 0.005 50 4 1 1 
-0.37125 -1.53183e-16 -1.08002e-12 0.0025 1 1 2.5 0.005 51 5 1 1 
-0.36875 1.7005e-17 5.68434e-14 0.0025 1 1 2.5 0.005 52 5 1 1 
-0.36625 3.35365e-48 1.12104e-44 0.0025 1 1 2.5 0.005 53 5 1 1 
-0.36375 0 0 0.0025 1 1 2.5 0.005 54 5 1 1 
-0.36125 0 0 0.0025 1 1 2.5 0.005 55 5 1 1 
-0.35875 0 0 0.0025 1 1 2.5 0.005 56 5 1 1 
-0.35625 0 0 0.0025 1 1 2.5 0.005 57 5 1 1 
-0.35375 0 0 0.0025 1 1 2.5 0.005 58 5 1 1 
-0.35125 0 0 0.0025 1 1 2.5 0.005 59 5 1 1 
-0.34875 0 0 0.0025 1 1 2.5 0.005 60 5 1 1 
-0.34625 0 0 0.0025 1 1 2.5 0.005 61 5 1 1 
-0.34375 0 0 0.0025 1 1 2.5 0.005 62 5 1 1 
-0.34125 0 0 0.0025 1 1 2.5 0.005 63 5 1 1 
-0.33875 0 0 0.0025 1 1 2.5 0.005 64 5 1 1 
-0.33625 0 0 0.0025 1 1 2.5 0.005 65 5 1 1 
-0.33375 0 0 0.0025 1 1 2.5 0.005 66 5 1 1 
-0.33125 0 0 0.0025 1 1 2.5 0.005 67 5 1 1 
-0.32875 0 0 0.0025 1 1 2.5 0.005 68 5 1 1 
-0.32625 0 0 0.0025 1 1 2.5 0.005 69 5 1 1 
-0.32375 0 0 0.0025 1 1 2.5 0.005 70 5 1 1 
-0.32125 0 0 0.0025 1 1 2.5 0.005 71 5 1 1 
-0.31875 0 0 0.0025 1 1 2.5 0.005 72 5 1 1 
-0.31625 0 0 0.0025 1 1 2.5 0.005 73 5 1 1 
-0.31375 0 0 0.0025 1 1 2.5 0.005 74 5 1 1 
-0.31125 0 0 0.0025 1 1 2.5 0.005 75 5 1 1 
-0.30875 0 0 0.0025 1 1 2.5 0.005 76 5 1 1 
-0.30625 0 0 0.0025 1 1 2.5 0.005 77 5 1 1 
-0.30375 0 0 0.0025 1 1 2.5 0.005 78 5 1 1 
-0.30125 0 0 0.0025 1 1 2.5 0.005 79 5 1 1 
-0.29875 0 0 0.0025 1 1 2.5 0.005 80 5 1 1 
-0.29625 0 0 0.0025 1 1 2.5 0.005 81 5 1 1 
-0.29375 0 0 0.0025 1 1 2.5 0.005 82 5 1 1 
-0.29125 0 0 0.0025 1 1 2.5 0.005 83 5 1 1 
-0.28875 0 0 0.0025 1 1 2.5 0.005 84 5 1 1 
-0.28625 0 0 0.0025 1 1 2.5 0.005 85 5 1 1 
-0.28375 0 0 0.0025 1 1 2.5 0.005 86 5 1 1 
-0.28125 0 0 0.0025 1 1 2.5 0.005 87 5 1 1 
-0.27875 0 0 0.0025 1 1 2.5 0.005 88 5 1 1 
-0.27625 0 0 0.0025 1 1 2.5 0.005 89 5 1 1 
-0.27375 0 0 0.0025 1 1 2.5 0.005 90 5 1 1 
-0.27125 0 0 0.0025 1 1 2.5 0.005 91 5 1 1 
-0.26875 0 0 0.0025 1 1 2.5 0.005 92 5 1 1 
-0.26625 0 0 0.0025 1 1 2.5 0.005 93 5 1 1 
-0.26375 0 0 0.0025 1 1 2.5 0.005 94 5 1 1 
-0.26125 0 0 0.0025 1 1 2.5 0.005 95 5 1 1 
-0.25875 0 0 0.0025 1 1 2.5 0.005 96 5 1 1 
-0.25625 0 0 0.0025 1 1 2.5 0.005 97 5 1 1 
-0.25375 0 0 0.0025 1 1 2.5 0.005 98 5 1 1 
-0.25125 0 0 0.0025 1 1 2.5 0.005 99 5 1 1 
-0.24875 0 0 0.0025 1 1 2.5 0.005 100 5 1 1 
-0.24625 0 0 0.0025 1 1 2.5 0.005 101 5 1 1 
-0.24375 0 0 0.0025 1 1 2.5 0.005 102 5 1 1 
-0.24125 0 0 0.0025 1 1 2.5 0.005 103 5 1 1 
-0.23875 0 0 0.0025 1 1 2.5 0.005 104 5 1 1 
-0.23625 0 0 0.0025 1 1 2.5 0.005 105 5 1 1 
-0.23375 0 0 0.0025 1 1 2.5 0.005 106 5 1 1 
-0.23125 0 0 0.0025 1 1 2.5 0.005 107 5 1 1 
-0.22875 0 0 0.0025 1 1 2.5 0.005 108 5 1 1 
-0.22625 0 0 0.0025 1 1 2.5 0.005 109 5 1 1 
-0.22375 0 0 0.0025 1 1 2.5 0.005 110 5 1 1 
-0.22125 0 0 0.0025 1 1 2.5 0.005 111 5 1 1 
-0.21875 0 0 0.0025 1 1 2.5 0.005 112 5 1 1 
-0.21625 0 0 0.0025 1 1 2.5 0.005 113 5 1 1 
-0.21375 0 0 0.0025 1 1 2.5 0.005 114 5 1 1 
-0.21125 0 0 0.0025 1 1 2.5 0.005 115 5 1 1 
-0.20875 0 0 0.0025 1 1 2.5 0.005 116 5 1 1 
-0.20625 0 0 0.0025 1 1 2.5 0.005 117 5 1 1 
-0.20375 0 0 0.0025 1 1 2.5 0.005 118 5 1 1 
-0.20125 0 0 0.0025 1 1 2.5 0.005 119 5 1 1 
-0.19875 0 0 0.0025 1 1 2.5 0.005 120 5 1 1 
-0.19625 0 0 0.0025 1 1 2.5 0.005 121 5 1 1 
-0.19375 0 0 0.0025 1 1 2.5 0.005 122 5 1 1 
-0.19125 0 0 0.0025 1 1 2.5 0.005 123 5 1 1 
-0.18875 0 0 0.0025 1 1 2.5 0.005 124 5 1 1 
-0.18625 0 0 0.0025 1 1 2.5 0.005 125 5 1 1 
-0.18375 0 0 0.0025 1 1 2.5 0.005 126 5 1 1 
-0.18125 0 0 0.0025 1 1 2.5 0.005 127 5 1 1 
-0.17875 0 0 0.0025 1 1 2.5 0.005 128 5 1 1 
-0.17625 0 0 0.0025 1 1 2.5 0.005 129 5 1 1 
-0.17375 0 0 0.0025 1 1 2.5 0.005 130 5 1 1 
-0.17125 0 0 0.0025 1 1 2.5 0.005 131 5 1 1 
-0.16875 0 0 0.0025 1 1 2.5 0.005 132 5 1 1 
-0.16625 0 0 0.0025 1 1 2.5 0.005 133 5 1 1 
-0.16375 0 0 0.0025 1 1 2.5 0.005 134 5 1 1 
-0.16125 0 0 0.0025 1 1 2.5 0.005 135 5 1 1 
-0.15875 0 0 0.0025 1 1 2.5 0.005 136 5 1 1 
-0.15625 0 0 0.0025 1 1 2.5 0.005 137 5 1 1 
-0.15375 0 0 0.0025 1 1 2.5 0.005 138 5 1 1 
-0.15125 0 0 0.0025 1 1 2.5 0.005 139 5 1 1 
-0.14875 0 0 0.0025 1 1 2.5 0.005 140 5 1 1 
-0.14625 0 0 0.0025 1 1 2.5 0.005 141 5 1 1 
-0.14375 0 0 0.0025 1 1 2.5 0.005 142 5 1 1 
-0.14125 0 0 0.0025 1 1 2.5 0.005 143 5 1 1 
-0.13875 0 0 0.0025 1 1 2.5 0.005 144 5 1 1 
-0.13625 0 0 0.0025 1 1 2.5 0.005 145 5 1 1 
-0.13375 0 0 0.0025 1 1 2.5 0.005 146 5 1 1 
-0.13125 0 0 0.0025 1 1 2.5 0.005 147 5 1 1 
-0.12875 0 0 0.0025 1 1 2.5 0.005 148 5 1 1 
-0.12625 0 0 0.0025 1 1 2.5 0.005 149 5 1 1 
-0.12375 0 0 0.0025 1 1 2.5 0.005 150 5 1 1 
-0.12125 0 0 0.0025 1 1 2.5 0.005 151 5 1 1 
-0.11875 0 0 0.0025 1 1 2.5 0.005 152 5 1 1 
-0.11625 0 0 0.0025 1 1 2.5 0.005 153 5 1 1 
-0.11375 0 0 0.0025 1 1 2.5 0.005 154 5 1 1 
-0.11125 0 0 0.0025 1 1 2.5 0.005 155 5 1 1 
-0.10875 0 0 0.0025 1 1 2.5 0.005 156 5 1 1 
-0.10625 0 0 0.0025 1 1 2.5 0.005 157 5 1 1 
-0.10375 0 0 0.0025 1 1 2.5 0.005 158 5 1 1 
-0.10125 0 0 0.0025 1 1 2.5 0.005 159 5 1 1 
-0.09875 0 0 0.0025 1 1 2.5 0.005 160 5 1 1 
-0.09625 0 0 0.0025 1 1 2.5 0.005 161 5 1 1 
-0.09375 0 0 0.0025 1 1 2.5 0.005 162 5 1 1 
-0.09125 0 0 0.0025 1 1 2.5 0.005 163 5 1 1 
-0.08875 0 0 0.0025 1 1 2.5 0.005 164 5 1 1 
-0.08625 0 0 0.0025 1 1 2.5 0.005 165 5 1 1 
-0.08375 0 0 0.0025 1 1 2.5 0.005 166 5 1 1 
-0.08125 0 0 0.0025 1 1 2.5 0.005 167 5 1 1 
-0.07875 0 0 0.0025 1 1 2.5 0.005 168 5 1 1 
-0.07625 0 0 0.0025 1 1 2.5 0.005 169 5 1 1 
-0.07375 0 0 0.0025 1 1 2.5 0.005 170 5 1 1 
-0.07125 0 0 0.0025 1 1 2.5 0.005 171 5 1 1 
-0.06875 0 0 0.0025 1 1 2.5 0.005 172 5 1 1 
-0.06625 0 0 0.0025 1 1 2.5 0.005 173 5 1 1 
-0.06375 0 0 0.0025 1 1 2.5 0.005 174 5 1 1 
-0.06125 0 0 0.0025 1 1 2.5 0.005 175 5 1 1 
-0.05875 0 0 0.0025 1 1 2.5 0.005 176 5 1 1 
-0.05625 0 0 0.0025 1 1 2.5 0.005 177 5 1 1 
-0.05375 -1.16966e-46 -1.12104e-44 0.0025 1 1 2.5 0.005 178 5 1 1 
-0.05125 -1.69326e-16 -1.12104e-44 0.0025 1 1 2.5 0.005 179 5 1 1 
-0.04875 -3.54411e-16 -5.68434e-14 0.0025 1 1 2.5 0.005 180 5 1 1 
-0.04625 -5.21479e-16 5.68434e-14 0.0025 1 1 2.5 0.005 181 5 1 1 
-0.04375 -7.5404e-16 -5.68434e-14 0.0025 1 1 2.5 0.005 182 5 1 1 
-0.04125 -1.06793e-15 -5.60519e-44 0.0025 1 1 2.5 0.005 183 5 1 1 
-0.03875 -1.57851e-15 -5.68434e-14 0.0025 1 1 2.5 0.005 184 5 1 1 
-0.03625 -2.06254e-15 -5.52203e-28 0.0025 1 1 2.5 0.005 185 5 1 1 
-0.03375 -3.42998e-15 -3.15544e-28 0.0025 1 1 2.5 0.005 186 4 1 1 
-0.03125 -7.99714e-16 -5.68434e-14 0.0025 1 1 2.5 0.005 187 3 1 1 
-0.02875 -1.49491e-15 8.96831e-44 0.0025 1 1 2.5 0.005 188 3 1 1 
-0.02625 -1.1027e-15 -5.68434e-14 0.0025 1 1 2.5 0.005 189 3 1 1 
-0.02375 2.53488e-15 1.7053e-13 0.0025 1 1 2.5 0.005 190 4 1 1 
-0.02125 9.98905e-16 5.68434e-14 0.0025 1 1 2.5 0.005 191 5 1 1 
-0.01875 -1.84947e-16 -4.54747e-13 0.0025 1 1 2.5 0.005 192 4 1 1 
-0.01625 2.28839e-15 2.27374e-13 0.0025 1 1 2.5 0.005 193 4 1 1 
-0.01375 1.37059e-16 1.13687e-13 0.0025 1 1 2.5 0.005 194 4 1 1 
-0.01125 1.06177e-15 3.9443e-29 0.0025 1 1 2.5 0.005 195 3 1 1 
-0.00875 7.45718e-16 -1.13687e-13 0.0025 1 1 2.5 0.005 196 5 1 1 
-0.00625 -6.34196e-16 -1.13687e-13 0.0025 1 1 2.5 0.005 197 4 1 1 
-0.00375 1.00121e-16 1.13687e-13 0.0025 1 1 2.5 0.005 198 3 1 1 
-0.00125 3.75294e-16 0 0.0025 1 1 2.5 0.005 199 3 1 1 
0.00125 4.65227e-16 -1.7053e-13 0.0025 1 1 2.5 0.005 200 3 1 1 
0.00375 3.21486e-16 3.41061e-13 0.0025 1 1 2.5 0.005 201 4 1 1 
0.00625 -6.31136e-16 -5.11591e-13 0.0025 1 1 2.5 0.005 202 4 1 1 
0.00875 -1.36559e-15 7.38964e-13 0.0025 1 1 2.5 0.005 203 4 1 1 
0.01125 2.44458e-16 -5.11591e-13 0.0025 1 1 2.5 0.005 204 4 1 1 
0.01375 -8.36038e-16 2.84217e-13 0.0025 1 1 2.5 0.005 205 5 1 1 
0.01625 -1.76252e-15 -3.97904e-13 0.0025 1 1 2.5 0.005 206 3 1 1 
0.01875 -9.48878e-16 7.38964e-13 0.0025 1 1 2.5 0.005 207 4 1 1 
0.02125 -6.26554e-16 -3.97904e-13 0.0025 1 1 2.5 0.005 208 5 1 1 
0.02375 -1.94068e-15 -2.27374e-13 0.0025 1 1 2.5 0.005 209 4 1 1 
0.02625 1.29268e-15 1.13687e-13 0.0025 1 1 2.5 0.005 210 3 1 1 
0.02875 4.44406e-16 -2.76101e-28 0.0025 1 1 2.5 0.005 211 3 1 1 
0.03125 3.9705e-15 1.13687e-13 0.0025 1 1 2.5 0.005 212 4 1 1 
0.03375 2.26495e-15 5.52203e-28 0.0025 1 1 2.5 0.005 213 5 1 1 
0.03625 1.81574e-15 5.68434e-14 0.0025 1 1 2.5 0.005 214 5 1 1 
0.03875 1.27084e-15 3.36312e-44 0.0025 1 1 2.5 0.005 215 5 1 1 
0.04125 8.04431e-16 4.48416e-44 0.0025 1 1 2.5 0.005 216 5 1 1 
0.04375 5.71574e-16 2.24208e-44 0.0025 1 1 2.5 0.005 217 5 1 1 
0.04625 3.5439e-16 5.68434e-14 0.0025 1 1 2.5 0.005 218 5 1 1 
0.04875 1.86232e-16 -5.68434e-14 0.0025 1 1 2.5 0.005 219 5 1 1 
0.05125 1.7005e-17 5.68434e-14 0.0025 1 1 2.5 0.005 220 5 1 1 
0.05375 3.35365e-48 1.12104e-44 0.0025 1 1 2.5 0.005 221 5 1 1 
0.05625 0 0 0.0025 1 1 2.5 0.005 222 5 1 1 
0.05875 0 0 0.0025 1 1 2.5 0.005 223 5 1 1 
0.06125 0 0 0.0025 1 1 2.5 0.005 224 5 1 1 
0.06375 0 0 0.0025 1 1 2.5 0.005 225 5 1 1 
0.06625 0 0 0.0025 1 1 2.5 0.005 226 5 1 1 
0.06875 0 0 0.0025 1 1 2.5 0.005 227 5 1 1 
0.07125 0 0 0.0025 1 1 2.5 0.005 228 5 1 1 
0.07375 0 0 0.0025 1 1 2.5 0.005 229 5 1 1 
0.07625 0 0 0.0025 1 1 2.5 0.005 230 5 1 1 
0.07875 0 0 0.0025 1 1 2.5 0.005 231 5 1 1 
0.08125 0 0 0.0025 1 1 2.5 0.005 232 5 1 1 
0.08375 0 0 0.0025 1 1 2.5 0.005 233 5 1 1 
0.08625 0 0 0.0025 1 1 2.5 0.005 234 5 1 1 
0.08875 0 0 0.0025 1 1 2.5 0.005 235 5 1 1 
0.09125 0 0 0.0025 1 1 2.5 0.005 236 5 1 1 
0.09375 -1.36938e-46 -1.12104e-44 0.0025 1 1 2.5 0.005 237 5 1 1 
0.09625 -1.69188e-16 -1.12104e-44 0.0025 1 1 2.5 0.005 238 5 1 1 
0.09875 -3.37357e-16 0 0.0025 1 1 2.5 0.005 239 5 1 1 
0.10125 -5.04426e-16 1.12104e-44 0.0025 1 1 2.5 0.005 240 5 1 1 
0.10375 -6.69698e-16 7.84727e-44 0.0025 1 1 2.5 0.005 241 5 1 1 
0.10625 5.2704e-16 2.27374e-13 0.0025 1 1 2.5 0.005 242 5 1 1 
0.10875 -3.09039e-16 1.13687e-13 0.0025 1 1 2.5 0.005 243 5 1 1 
0.11125 1.4667e-15 -1.7053e-13 0.0025 1 1 2.5 0.005 244 5 1 1 
0.11375 -6.22367e-16 -2.84217e-13 0.0025 1 1 2.5 0.005 245 5 1 1 
0.11625 7.74944e-16 5.68434e-13 0.0025 1 1 2.5 0.005 246 5 1 1 
0.11875 -2.2386e-15 7.95808e-13 0.0025 1 1 2.5 0.005 247 5 1 1 
0.12125 2.99913e-15 -7.95808e-13 0.0025 1 1 2.5 0.005 248 5 1 1 
0.12375 -1.00899e-15 -5.11591e-13 0.0025 1 1 2.5 0.005 249 4 1 1 
0.12625 1.00899e-15 5.11591e-13 0.0025 1 1 2.5 0.005 250 4 1 1 
0.12875 -2.99913e-15 7.95808e-13 0.0025 1 1 2.5 0.005 251 5 1 1 
0.13125 2.2386e-15 -7.95808e-13 0.0025 1 1 2.5 0.005 252 5 1 1 
0.13375 -7.74944e-16 -5.68434e-13 0.0025 1 1 2.5 0.005 253 5 1 1 
0.13625 6.22367e-16 2.84217e-13 0.0025 1 1 2.5 0.005 254 5 1 1 
0.13875 -1.4667e-15 1.7053e-13 0.0025 1 1 2.5 0.005 255 5 1 1 
0.14125 3.09039e-16 -1.13687e-13 0.0025 1 1 2.5 0.005 256 5 1 1 
0.14375 -5.2704e-16 -2.27374e-13 0.0025 1 1 2.5 0.005 257 5 1 1 
0.14625 6.69698e-16 -7.84727e-44 0.0025 1 1 2.5 0.005 258 5 1 1 
0.14875 5.04426e-16 -1.12104e-44 0.0025 1 1 2.5 0.005 259 5 1 1 
0.15125 3.37357e-16 0 0.0025 1 1 2.5 0.005 260 5 1 1 
0.15375 1.69188e-16 1.12104e-44 0.0025 1 1 2.5 0.005 261 5 1 1 
0.15625 1.36938e-46 1.12104e-44 0.0025 1 1 2.5 0.005 262 5 1 1 
0.15875 0 0 0.0025 1 1 2.5 0.005 263 5 1 1 
0.16125 0 0 0.0025 1 1 2.5 0.005 264 5 1 1 
0.16375 0 0 0.0025 1 1 2.5 0.005 265 5 1 1 
0.16625 0 0 0.0025 1 1 2.5 0.005 266 5 1 1 
0.16875 0 0 0.0025 1 1 2.5 0.005 267 5 1 1 
0.17125 0 0 0.0025 1 1 2.5 0.005 268 5 1 1 
0.17375 0 0 0.0025 1 1 2.5 0.005 269 5 1 1 
0.17625 0 0 0.0025 1 1 2.5 0.005 270 5 1 1 
0.17875 0 0 0.0025 1 1 2.5 0.005 271 5 1 1 
0.18125 0 0 0.0025 1 1 2.5 0.005 272 5 1 1 
0.18375 0 0 0.0025 1 1 2.5 0.005 273 5 1 1 
0.18625 0 0 0.0025 1 1 2.5 0.005 274 5 1 1 
0.18875 0 0 0.0025 1 1 2.5 0.005 275 5 1 1 
0.19125 0 0 0.0025 1 1 2.5 0.005 276 5 1 1 
0.19375 0 0 0.0025 1 1 2.5 0.005 277 5 1 1 
0.19625 0 0 0.0025 1 1 2.5 0.005 278 5 1 1 
0.19875 0 0 0.0025 1 1 2.5 0.005 279 5 1 1 
0.20125 0 0 0.0025 1 1 2.5 0.005 280 5 1 1 
0.20375 0 0 0.0025 1 1 2.5 0.005 281 5 1 1 
0.20625 0 0 0.0025 1 1 2.5 0.005 282 5 1 1 
0.20875 -5.69167e-47 -1.12104e-44 0.0025 1 1 2.5 0.005 283 5 1 1 
0.21125 -1.52772e-16 -5.68434e-14 0.0025 1 1 2.5 0.005 284 5 1 1 
0.21375 -3.38911e-16 -4.48416e-44 0.0025 1 1 2.5 0.005 285 5 1 1 
0.21625 -7.78775e-16 -1.13687e-13 0.0025 1 1 2.5 0.005 286 5 1 1 
0.21875 -1.2845e-15 -1.12104e-44 0.0025 1 1 2.5 0.005 287 5 1 1 
0.22125 -2.11029e-15 -5.68434e-14 0.0025 1 1 2.5 0.005 288 5 1 1 
0.22375 -2.96563e-15 -2.24208e-44 0.0025 1 1 2.5 0.005 289 5 1 1 
0.22625 -3.89879e-15 4.48416e-44 0.0025 1 1 2.5 0.005 290 5 1 1 
0.22875 -5.24281e-15 1.7053e-13 0.0025 1 1 2.5 0.005 291 5 1 1 
0.23125 1.33371e-15 9.66338e-13 0.0025 1 1 2.5 0.005 292 5 1 1 
0.23375 2.28829e-16 7.95808e-13 0.0025 1 1 2.5 0.005 293 5 1 1 
0.23625 6.15533e-16 -1.13687e-12 0.0025 1 1 2.5 0.005 294 5 1 1 
0.23875 -2.83107e-15 -9.09495e-13 0.0025 1 1 2.5 0.005 295 5 1 1 
0.24125 -8.79865e-16 4.54747e-13 0.0025 1 1 2.5 0.005 296 5 1 1 
0.24375 -6.95878e-15 6.82121e-13 0.0025 1 1 2.5 0.005 297 5 1 1 
0.24625 6.4273e-15 -4.54747e-13 0.0025 1 1 2.5 0.005 298 5 1 1 
0.24875 -1.5106e-15 -4.54747e-13 0.0025 1 1 2.5 0.005 299 3 1 1 
0.25125 1.5106e-15 4.54747e-13 0.0025 1 1 2.5 0.005 300 3 1 1 
0.25375 -6.4273e-15 4.54747e-13 0.0025 1 1 2.5 0.005 301 5 1 1 
0.25625 6.95878e-15 -6.82121e-13 0.0025 1 1 2.5 0.005 302 5 1 1 
0.25875 8.79865e-16 -4.54747e-13 0.0025 1 1 2.5 0.005 303 5 1 1 
0.26125 2.83107e-15 9.09495e-13 0.0025 1 1 2.5 0.005 304 5 1 1 
0.26375 -6.15533e-16 1.13687e-12 0.0025 1 1 2.5 0.005 305 5 1 1 
0.26625 -2.28829e-16 -7.95808e-13 0.0025 1 1 2.5 0.005 306 5 1 1 
0.26875 -1.33371e-15 -9.66338e-13 0.0025 1 1 2.5 0.005 307 5 1 1 
0.27125 5.24281e-15 -1.7053e-13 0.0025 1 1 2.5 0.005 308 5 1 1 
0.27375 3.89879e-15 -4.48416e-44 0.0025 1 1 2.5 0.005 309 5 1 1 
0.27625 2.96563e-15 2.24208e-44 0.0025 1 1 2.5 0.005 310 5 1 1 
0.27875 2.11029e-15 5.68434e-14 0.0025 1 1 2.5 0.005 311 5 1 1 
0.28125 1.2845e-15 1.12104e-44 0.0025 1 1 2.5 0.005 312 5 1 1 
0.28375 7.78775e-16 1.13687e-13 0.0025 1 1 2.5 0.005 313 5 1 1 
0.28625 3.38911e-16 4.48416e-44 0.0025 1 1 2.5 0.005 314 5 1 1 
0.28875 1.52772e-16 5.68434e-14 0.0025 1 1 2.5 0.005 315 5 1 1 
0.29125 5.69167e-47 1.12104e-44 0.0025 1 1 2.5 0.005 316 5 1 1 
0.29375 0 0 0.0025 1 1 2.5 0.005 317 5 1 1 
0.29625 0 0 0.0025 1 1 2.5 0.005 318 5 1 1 
0.29875 0 0 0.0025 1 1 2.5 0.005 319 5 1 1 
0.30125 0 0 0.0025 1 1 2.5 0.005 320 5 1 1 
0.30375 0 0 0.0025 1 1 2.5 0.005 321 5 1 1 
0.30625 0 0 0.0025 1 1 2.5 0.005 322 5 1 1 
0.30875 0 0 0.0025 1 1 2.5 0.005 323 5 1 1 
0.31125 0 0 0.0025 1 1 2.5 0.005 324 5 1 1 
0.31375 0 0 0.0025 1 1 2.5 0.005 325 5 1 1 
0.31625 0 0 0.0025 1 1 2.5 0.005 326 5 1 1 
0.31875 0 0 0.0025 1 1 2.5 0.005 327 5 1 1 
0.32125 0 0 0.0025 1 1 2.5 0.005 328 5 1 1 
0.32375 0 0 0.0025 1 1 2.5 0.005 329 5 1 1 
0.32625 0 0 0.0025 1 1 2.5 0.005 330 5 1 1 
0.32875 0 0 0.0025 1 1 2.5 0.005 331 5 1 1 
0.33125 0 0 0.0025 1 1 2.5 0.005 332 5 1 1 
0.33375 0 0 0.0025 1 1 2.5 0.005 333 5 1 1 
0.33625 0 0 0.0025 1 1 2.5 0.005 334 5 1 1 
0.33875 0 0 0.0025 1 1 2.5 0.005 335 5 1 1 
0.34125 0 0 0.0025 1 1 2.5 0.005 336 5 1 1 
0.34375 0 0 0.0025 1 1 2.5 0.005 337 5 1 1 
0.34625 0 0 0.0025 1 1 2.5 0.005 338 5 1 1 
0.34875 0 0 0.0025 1 1 2.5 0.005 339 5 1 1 
0.35125 0 0 0.0025 1 1 2.5 0.005 340 5 1 1 
0.35375 0 0 0.0025 1 1 2.5 0.005 341 5 1 1 
0.35625 0 0 0.0025 1 1 2.5 0.005 342 5 1 1 
0.35875 0 0 0.0025 1 1 2.5 0.005 343 5 1 1 
0.36125 0 0 0.0025 1 1 2.5 0.005 344 5 1 1 
0.36375 0 0 0.0025 1 1 2.5 0.005 345 5 1 1 
0.36625 -3.35365e-48 -1.12104e-44 0.0025 1 1 2.5 0.005 346 5 1 1 
0.36875 -1.7005e-17 -5.68434e-14 0.0025 1 1 2.5 0.005 347 5 1 1 
0.37125 1.53183e-16 1.08002e-12 0.0025 1 1 2.5 0.005 348 5 1 1 
0.37375 -1.07114e-14 -3.14913e-11 0.0025 1 1 2.5 0.005 349 4 1 1 
0.37625 -1.43745e-13 -1.59275e-10 0.0025 1 1 2.5 0.005 350 4 1 1 
0.37875 -7.10498e-13 -6.79279e-10 0.0025 1 1 2.5 0.005 351 4 1 1 
0.38125 -2.39756e-12 -1.32263e-09 0.0025 1 1 2.5 0.005 352 3 1 1 
0.38375 -3.40373e-12 3.17573e-09 0.0025 1 1 2.5 0.005 353 5 1 1 
0.38625 1.22014e-11 1.36035e-08 0.0025 1 1 2.5 0.005 354 4 1 1 
0.38875 -1.79218e-10 -4.52165e-07 0.0025 1 1 2.5 0.005 355 4 1 1 
0.39125 -2.883e-09 -4.36679e-06 0.0025 1 1 2.5 0.005 356 4 1 1 
0.39375 -2.24402e-08 -2.73208e-05 0.0025 1 1 2.5 0.005 357 4 1 1 
0.39625 -1.29106e-07 -0.000135284 0.0025 1 1 2.5 0.005 358 4 1 1 
0.39875 -6.12916e-07 -0.000568416 0.0025 1 1 2.5 0.005 359 4 1 1 
0.40125 -2.5179e-06 -0.00209497 0.0025 1 1 2.5 0.00499999 360 4 1 1 
0.40375 -9.18166e-06 -0.00690085 0.0025 1.00001 1.00001 2.50001 0.00499996 361 4 1 1 
0.40625 -3.01817e-05 -0.0205524 0.0025 1.00002 1.00003 2.50002 0.00499988 362 4 1 1 
0.40875 -9.03386e-05 -0.0557565 0.0025 1.00007 1.0001 2.50007 0.00499965 363 4 1 1 
0.41125 -0.000247898 -0.138437 0.0025 1.00019 1.00026 2.50019 0.00499905 364 4 1 1 
0.413749 -0.000626509 -0.31533 0.0025 1.00048 1.00066 2.50047 0.00499761 365 4 1 0.999999 
0.416247 -0.00146207 -0.658732 0.0025 1.00111 1.00154 2.5011 0.00499444 366 4 1 0.999994 
0.418743 -0.00315216 -1.25705 0.0025 1.0024 1.00334 2.50238 0.00498802 367 4 1 0.999981 
0.421235 -0.00626576 -2.17197 0.0025 1.00479 1.00667 2.50475 0.00497618 368 4 1 0.999947 
0.42372 -0.0114318 -3.34934 0.0025 1.00877 1.01226 2.50873 0.00495653 369 4 1 0.999888 
0.426192 -0.0190315 -4.52515 0.0025 1.01471 1.02063 2.51466 0.0049275 370 4 1 0.999818 
0.428647 -0.0287668 -5.24743 0.0025 1.0225 1.03166 2.52243 0.00488997 371 4 1 0.999785 
0.431082 -0.0393952 -5.03673 0.0025 1.03129 1.04416 2.53117 0.00484832 372 4 1 0.999841 
0.433496 -0.0488731 -3.76037 0.0025 1.0393 1.05563 2.53912 0.00481095 373 4 1 1.00003 
0.435893 -0.0532433 1.13898 0.0025 1.04109 1.05858 2.54118 0.00480267 374 3 1 1.00001 
0.438298 -0.0333629 21.0215 0.0025 1.02222 1.03201 2.5229 0.00489133 375 4 1 0.999812 
0.440786 0.0213087 27.0474 0.0025 0.983104 0.976545 2.48341 0.00508593 376 4 1 0.996466 
0.443387 0.0677141 16.0096 0.0025 0.945762 0.9247 2.44491 0.00528674 377 4 1 0.995709 
0.446074 0.101591 14.7062 0.0025 0.915961 0.884451 2.41402 0.00545875 378 4 1 0.997248 
0.448847 0.141893 18.3607 0.0025 0.884459 0.842249 2.38059 0.00565318 379 4 1 0.997002 
0.45173 0.188981 18.9691 0.0025 0.849568 0.796039 2.34253 0.00588534 380 4 1 0.995941 
0.454736 0.238134 18.4786 0.0025 0.813812 0.749521 2.30258 0.00614392 381 4 1 0.995347 
0.457877 0.289169 18.3052 0.0025 0.777888 0.703624 2.2614 0.00642766 382 4 1 0.994928 
0.461168 0.342469 17.9993 0.0025 0.741878 0.658453 2.21895 0.00673965 383 4 1 0.994444 
0.464621 0.39739 17.3344 0.0025 0.706342 0.614724 2.17583 0.00707872 384 4 1 0.994039 
0.468252 0.452255 15.9599 0.0025 0.67238 0.573743 2.13337 0.00743627 385 4 1 0.993908 
0.472063 0.504145 13.5855 0.0025 0.641702 0.537429 2.09391 0.00779178 386 4 1 0.994338 
0.476048 0.54834 10.2028 0.0025 0.61627 0.507852 2.06033 0.00811333 387 4 1 0.995505 
0.48018 0.581139 6.79256 0.0025 0.597078 0.485878 2.03449 0.00837412 388 4 1 0.997085 
0.484424 0.60664 6.48805 0.0025 0.581504 0.468278 2.01319 0.00859839 389 4 1 0.998077 
0.48878 0.638335 9.00958 0.0025 0.564572 0.449311 1.9896 0.00885626 390 4 1 0.997861 
0.493283 0.67459 6.77195 0.0025 0.548054 0.430975 1.96609 0.00912319 391 4 1 0.997442 
0.497905 0.687075 -1.31298 0.0025 0.540754 0.422987 1.95566 0.00924634 392 5 1 0.999318 
0.502529 0.681282 -0.440279 0.0025 0.54143 0.423793 1.95681 0.0092348 393 4 1 0.999988 
0.50714 0.679533 -0.328863 0.0025 0.542699 0.425212 1.95878 0.00921321 394 4 1 0.999997 
0.511743 0.67833 -0.197347 0.0025 0.543326 0.425954 1.95994 0.00920258 395 4 1 1 
0.516342 0.677369 -0.233076 0.0025 0.543444 0.42629 1.96105 0.00920057 396 3 1 1 
0.520943 0.676416 -0.135951 0.0025 0.542279 0.425048 1.95954 0.00922035 397 4 1 0.999998 
0.525563 0.675839 -0.0908866 0.0025 0.529467 0.409942 1.93563 0.00944346 398 4 1 0.999731 
0.530391 0.675243 -0.0643207 0.0025 0.505566 0.438661 2.16916 0.00988991 399 4 1 0.994764 
0.535459 0.674587 0.0182718 0.0025 0.480052 0.414066 2.15636 0.0104155 400 4 1 0.993703 
0.540816 0.673539 0.111972 0.0025 0.457315 0.447976 2.44894 0.0109334 401 4 1 0.993565 
0.546399 0.671465 0.436997 0.0025 0.44752 0.426989 2.38529 0.0111727 402 4 1 0.99831 
0.551989 0.665947 1.08529 0.0025 0.445228 0.420195 2.35939 0.0112302 403 4 1 0.999973 
0.557629 0.64907 3.6914 0.0025 0.436555 0.406641 2.32861 0.0114533 404 4 1 0.999447 
0.563445 0.611186 6.91156 0.0025 0.416515 0.379322 2.27655 0.0120044 405 4 1 0.996085 
0.569647 0.525776 19.3866 0.0025 0.376977 0.327902 2.17428 0.0132634 406 4 1 0.986957 
0.576787 0.332288 34.8637 0.0025 0.321755 0.259666 2.01762 0.0155398 407 4 1 0.965287 
0.585376 0.117954 25.5874 0.0025 0.275999 0.207068 1.87596 0.018116 408 4 1 0.956492 
0.595019 0.0163004 7.10103 0.0025 0.255045 0.184633 1.81001 0.0196044 409 4 1 0.983578 
0.604995 -0.0010259 0.310314 0.0025 0.25024 0.179736 1.79568 0.0199808 410 4 1 0.99873 
0.615 -0.000240484 -0.138013 0.0025 0.249933 0.179432 1.79481 0.0200054 411 5 1 0.999994 
0.625 2.06166e-05 0.000404293 0.0025 0.249998 0.179498 1.795 0.0200001 412 4 1 1 
0.635 6.34481e-06 0.00163257 0.0025 0.250001 0.179501 1.795 0.0199999 413 3 1 1 
0.645 1.07836e-06 0.000333003 0.0025 0.25 0.1795 1.795 0.02 414 4 1 1 
0.655 1.48531e-07 5.17842e-05 0.0025 0.25 0.1795 1.795 0.02 415 4 1 1 
0.665 1.73103e-08 6.77863e-06 0.0025 0.25 0.1795 1.795 0.02 416 4 1 1 
0.675 1.70247e-09 7.51012e-07 0.0025 0.25 0.1795 1.795 0.02 417 4 1 1 
0.685 1.37836e-10 6.94126e-08 0.0025 0.25 0.1795 1.795 0.02 418 4 1 1 
0.695 8.64875e-12 5.1436e-09 0.0025 0.25 0.1795 1.795 0.02 419 4 1 1 
0.705 3.57997e-13 2.7886e-10 0.0025 0.25 0.1795 1.795 0.02 420 4 1 1 
0.715 -1.65313e-16 5.45697e-12 0.0025 0.25 0.1795 1.795 0.02 421 4 1 1 
0.725 -1.31714e-16 -2.41585e-13 0.0025 0.25 0.1795 1.795 0.02 422 5 1 1 
0.735 -6.35079e-33 -7.08003e-30 0.0025 0.25 0.1795 1.795 0.02 423 5 1 1 
0.745 0 0 0.0025 0.25 0.1795 1.795 0.02 424 5 1 1 
0.755 0 0 0.0025 0.25 0.1795 1.795 0.02 425 5 1 1 
0.765 0 0 0.0025 0.25 0.1795 1.795 0.02 426 5 1 1 
0.775 0 0 0.0025 0.25 0.1795 1.795 0.02 427 5 1 1 
0.785 0 0 0.0025 0.25 0.1795 1.795 0.02 428 5 1 1 
0.795 0 0 0.0025 0.25 0.1795 1.795 0.02 429 5 1 1 
0.805 0 0 0.0025 0.25 0.1795 1.795 0.02 430 5 1 1 
0.815 0 0 0.0025 0.25 0.1795 1.795 0.02 431 5 1 1 
0.825 0 0 0.0025 0.25 0.1795 1.795 0.02 432 5 1 1 
0.835 0 0 0.0025 0.25 0.1795 1.795 0.02 433 5 1 1 
0.845 0 0 0.0025 0.25 0.1795 1.795 0.02 434 5 1 1 
0.855 0 0 0.0025 0.25 0.1795 1.795 0.02 435 5 1 1 
0.865 0 0 0.0025 0.25 0.1795 1.795 0.02 436 5 1 1 
0.875 0 0 0.0025 0.25 0.1795 1.795 0.02 437 5 1 1 
0.885 0 0 0.0025 0.25 0.1795 1.795 0.02 438 5 1 1 
0.895 0 0 0.0025 0.25 0.1795 1.795 0.02 439 5 1 1 
0.905 0 0 0.0025 0.25 0.1795 1.795 0.02 440 5 1 1 
0.915 0 0 0.0025 0.25 0.1795 1.795 0.02 441 5 1 1 
0.925 -1.92435e-47 -2.8026e-45 0.0025 0.25 0.1795 1.795 0.02 442 5 1 1 
0.935 -9.68141e-47 -1.12104e-44 0.0025 0.25 0.1795 1.795 0.02 443 5 1 1 
0.945 -3.04956e-16 -2.84217e-14 0.0025 0.25 0.1795 1.795 0.02 444 5 1 1 
0.955 -1.06869e-15 -7.10543e-14 0.0025 0.25 0.1795 1.795 0.02 445 5 1 1 
0.965 -3.16916e-15 -1.42109e-13 0.0025 0.25 0.1795 1.795 0.02 446 5 1 1 
0.975 -8.14856e-15 -2.70006e-13 0.0025 0.25 0.1795 1.795 0.02 447 5 1 1 
0.985 -4.03241e-15 2.13163e-13 0.0025 0.25 0.1795 1.795 0.02 448 5 1 1 
0.995 -1.57044e-14 3.41061e-13 0.0025 0.25 0.1795 1.795 0.02 449 3 1 1 
1.005 1.57044e-14 -3.41061e-13 0.0025 0.25 0.1795 1.795 0.02 450 3 1 1 
1.015 4.03241e-15 -2.13163e-13 0.0025 0.25 0.1795 1.795 0.02 451 5 1 1 
1.025 8.14856e-15 2.70006e-13 0.0025 0.25 0.1795 1.795 0.02 452 5 1 1 
1.035 3.16916e-15 1.42109e-13 0.0025 0.25 0.1795 1.795 0.02 453 5 1 1 
1.045 1.06869e-15 7.10543e-14 0.0025 0.25 0.1795 1.795 0.02 454 5 1 1 
1.055 3.04956e-16 2.84217e-14 0.0025 0.25 0.1795 1.795 0.02 455 5 1 1 
1.065 9.68141e-47 1.12104e-44 0.0025 0.25 0.1795 1.795 0.02 456 5 1 1 
1.075 1.92435e-47 2.8026e-45 0.0025 0.25 0.1795 1.795 0.02 457 5 1 1 
1.085 0 0 0.0025 0.25 0.1795 1.795 0.02 458 5 1 1 
1.095 0 0 0.0025 0.25 0.1795 1.795 0.02 459 5 1 1 
1.105 0 0 0.0025 0.25 0.1795 1.795 0.02 460 5 1 1 
1.115 0 0 0.0025 0.25 0.1795 1.795 0.02 461 5 1 1 
1.125 0 0 0.0025 0.25 0.1795 1.795 0.02 462 5 1 1 
1.135 0 0 0.0025 0.25 0.1795 1.795 0.02 463 5 1 1 
1.145 0 0 0.0025 0.25 0.1795 1.795 0.02 464 5 1 1 
1.155 0 0 0.0025 0.25 0.1795 1.795 0.02 465 5 1 1 
1.165 0 0 0.0025 0.25 0.1795 1.795 0.02 466 5 1 1 
1.175 0 0 0.0025 0.25 0.1795 1.795 0.02 467 5 1 1 
1.185 0 0 0.0025 0.25 0.1795 1.795 0.02 468 5 1 1 
1.195 0 0 0.0025 0.25 0.1795 1.795 0.02 469 5 1 1 
1.205 0 0 0.0025 0.25 0.1795 1.795 0.02 470 5 1 1 
1.215 0 0 0.0025 0.25 0.1795 1.795 0.02 471 5 1 1 
1.225 0 0 0.0025 0.25 0.1795 1.795 0.02 472 5 1 1 
1.235 0 0 0.0025 0.25 0.1795 1.795 0.02 473 5 1 1 
1.245 0 0 0.0025 0.25 0.1795 1.795 0.02 474 5 1 1 
1.255 0 0 0.0025 0.25 0.1795 1.795 0.02 475 5 1 1 
1.265 2.11803e-33 7.08003e-30 0.0025 0.25 0.1795 1.795 0.02 476 5 1 1 
1.275 2.3863e-20 2.27374e-13 0.0025 0.25 0.1795 1.795 0.02 477 5 1 1 
1.285 1.11363e-16 -5.61329e-12 0.0025 0.25 0.1795 1.795 0.02 478 4 1 1 
1.295 -3.4729e-13 -2.76458e-10 0.0025 0.25 0.1795 1.795 0.02 479 4 1 1 
1.305 -8.6605e-12 -5.14427e-09 0.0025 0.25 0.1795 1.795 0.02 480 4 1 1 
1.315 -1.37833e-10 -6.94166e-08 0.0025 0.25 0.1795 1.795 0.02 481 4 1 1 
1.325 -1.70249e-09 -7.51007e-07 0.0025 0.25 0.1795 1.795 0.02 482 4 1 1 
1.335 -1.73103e-08 -6.77863e-06 0.0025 0.25 0.1795 1.795 0.02 483 4 1 1 
1.345 -1.48531e-07 -5.17842e-05 0.0025 0.25 0.1795 1.795 0.02 484 4 1 1 
1.355 -1.07836e-06 -0.000333003 0.0025 0.25 0.1795 1.795 0.02 485 4 1 1 
1.365 -6.34481e-06 -0.00163257 0.0025 0.250001 0.179501 1.795 0.0199999 486 3 1 1 
1.375 -2.06166e-05 -0.000404293 0.0025 0.249998 0.179498 1.795 0.0200001 487 4 1 1 
1.385 0.000240484 0.138013 0.0025 0.249933 0.179432 1.79481 0.0200054 488 5 1 0.999994 
1.39501 0.0010259 -0.310314 0.0025 0.25024 0.179736 1.79568 0.0199808 489 4 1 0.99873 
1.40498 -0.0163004 -7.10103 0.0025 0.255045 0.184633 1.81001 0.0196044 490 4 1 0.983578 
1.41462 -0.117954 -25.5874 0.0025 0.275999 0.207068 1.87596 0.018116 491 4 1 0.956492 
1.42321 -0.332288 -34.8637 0.0025 0.321755 0.259666 2.01762 0.0155398 492 4 1 0.965287 
1.43035 -0.525776 -19.3866 0.0025 0.376977 0.327902 2.17428 0.0132634 493 4 1 0.986957 
1.43655 -0.611186 -6.91156 0.0025 0.416515 0.379322 2.27655 0.0120044 494 4 1 0.996085 
1.44237 -0.64907 -3.6914 0.0025 0.436555 0.406641 2.32861 0.0114533 495 4 1 0.999447 
1.44801 -0.665947 -1.08529 0.0025 0.445228 0.420195 2.35939 0.0112302 496 4 1 0.999973 
1.4536 -0.671465 -0.436997 0.0025 0.44752 0.426989 2.38529 0.0111727 497 4 1 0.99831 
1.45918 -0.673539 -0.111972 0.0025 0.457315 0.447976 2.44894 0.0109334 498 4 1 0.993565 
1.46454 -0.674587 -0.0182718 0.0025 0.480052 0.414066 2.15636 0.0104155 499 4 1 0.993703 
