# Time [s]: 0.0550822
# Columns: pos [m], vel [m/s], acc [m/s^2], mass [kg], dens [kg/m^3], pres [Pa], ene [J/kg], sml [m], id, neighbor, alpha, gradh, ...additional?
1.46516 -0.674924 0.0409234 0.0025 0.505891 0.439056 2.16971 0.00988356 0 4 1 0.994756 
1.46999 -0.675286 0.0693729 0.0025 0.529826 0.410331 1.93616 0.00943706 1 4 1 0.999706 
1.4746 -0.675703 0.0945454 0.0025 0.542736 0.425549 1.9602 0.00921258 2 4 1 0.999995 
1.4792 -0.676212 0.124612 0.0025 0.544068 0.426975 1.96195 0.00919003 3 4 1 1 
1.48379 -0.676968 0.184262 0.0025 0.54408 0.426783 1.96103 0.00918982 4 3 1 1 
1.48839 -0.677918 0.217295 0.0025 0.543677 0.426285 1.96019 0.00919663 5 4 1 0.999999 
1.49299 -0.679031 0.28792 0.0025 0.543034 0.42555 1.95913 0.00920753 6 4 1 0.999996 
1.4976 -0.680759 0.313074 0.0025 0.54221 0.42463 1.95785 0.00922152 7 4 1 0.999993 
-0.497788 -0.683103 1.32678 0.0025 0.541002 0.423265 1.95598 0.00924211 8 5 1 0.999914 
-0.49316 -0.684034 -2.38617 0.0025 0.543379 0.425822 1.9593 0.00920167 9 4 1 0.998511 
-0.488586 -0.659214 -7.99497 0.0025 0.554852 0.438476 1.97573 0.00901141 10 4 1 0.997634 
-0.484147 -0.624855 -7.83657 0.0025 0.571594 0.457135 1.99936 0.00874747 11 4 1 0.998175 
-0.479836 -0.597105 -6.07113 0.0025 0.587151 0.474625 2.02088 0.00851569 12 4 1 0.998104 
-0.47563 -0.571467 -7.2223 0.0025 0.602534 0.492085 2.04182 0.00829829 13 4 1 0.997194 
-0.471536 -0.538423 -10.0431 0.0025 0.621647 0.514058 2.06745 0.00804315 14 4 1 0.996031 
-0.467583 -0.496704 -12.6417 0.0025 0.645761 0.542189 2.09914 0.0077428 15 4 1 0.995255 
-0.46379 -0.449623 -14.3797 0.0025 0.673839 0.57548 2.13517 0.00742017 16 4 1 0.995 
-0.460159 -0.400428 -15.4046 0.0025 0.704328 0.612264 2.17329 0.00709896 17 4 1 0.995112 
-0.456686 -0.351418 -15.9511 0.0025 0.736001 0.651153 2.21186 0.00679347 18 4 1 0.995415 
-0.453362 -0.303614 -16.2119 0.0025 0.768049 0.691188 2.24987 0.00651 19 4 1 0.995791 
-0.450173 -0.257553 -16.2901 0.0025 0.799996 0.731765 2.28683 0.00625003 20 4 1 0.996155 
-0.447109 -0.21362 -16.3649 0.0025 0.831645 0.7726 2.32257 0.00601218 21 4 1 0.996435 
-0.444158 -0.171099 -16.7926 0.0025 0.863129 0.813863 2.35735 0.00579287 22 4 1 0.996807 
-0.441314 -0.129757 -16.558 0.0025 0.894081 0.85508 2.39086 0.00559233 23 4 1 0.997615 
-0.438564 -0.0935136 -13.3622 0.0025 0.922189 0.892914 2.42057 0.00542188 24 4 1 0.998037 
-0.435891 -0.064732 -12.6157 0.0025 0.947596 0.92725 2.44678 0.00527651 25 4 1 0.996891 
-0.433287 -0.0276108 -22.4501 0.0025 0.978808 0.97041 2.47888 0.00510826 26 4 1 0.996512 
-0.43078 0.023405 -22.7071 0.0025 1.0156 1.02253 2.51623 0.00492317 27 4 1 0.99946 
-0.428362 0.0499813 -3.68053 0.0025 1.03783 1.05399 2.53802 0.00481774 28 4 1 1.00005 
-0.425962 0.048647 2.61622 0.0025 1.03932 1.05569 2.53915 0.00481082 29 3 1 1.00002 
-0.423551 0.040913 4.26691 0.0025 1.03281 1.04634 2.53267 0.00484114 30 4 1 0.999902 
-0.421121 0.0314813 4.74386 0.0025 1.02487 1.03503 2.52479 0.00487866 31 4 1 0.999828 
-0.418672 0.0221885 4.42705 0.0025 1.01731 1.02431 2.51725 0.00491493 32 4 1 0.999833 
-0.416206 0.0143335 3.56 0.0025 1.01108 1.01551 2.51103 0.00494523 33 4 1 0.99988 
-0.413727 0.00851467 2.52255 0.0025 1.00654 1.00913 2.5065 0.00496752 34 4 1 0.999933 
-0.411239 0.00467419 1.60143 0.0025 1.00357 1.00498 2.50355 0.00498219 35 4 1 0.999971 
-0.408745 0.00238241 0.924117 0.0025 1.00182 1.00252 2.5018 0.00499093 36 4 1 0.999989 
-0.406248 0.00113103 0.489801 0.0025 1.00086 1.00119 2.50085 0.00499569 37 4 1 0.999997 
-0.403749 0.00050076 0.239924 0.0025 1.00038 1.00053 2.50038 0.00499809 38 4 1 0.999999 
-0.40125 0.000206675 0.108913 0.0025 1.00016 1.00022 2.50016 0.00499921 39 4 1 1 
-0.39875 7.93684e-05 0.0458301 0.0025 1.00006 1.00008 2.50006 0.0049997 40 4 1 1 
-0.39625 2.8273e-05 0.0178499 0.0025 1.00002 1.00003 2.50002 0.00499989 41 4 1 1 
-0.39375 9.30095e-06 0.00641559 0.0025 1.00001 1.00001 2.50001 0.00499996 42 4 1 1 
-0.39125 2.80804e-06 0.00211809 0.0025 1 1 2.5 0.00499999 43 4 1 1 
-0.38875 7.71094e-07 0.000637965 0.0025 1 1 2.5 0.005 44 4 1 1 
-0.38625 1.9002e-07 0.00017352 0.0025 1 1 2.5 0.005 45 4 1 1 
-0.38375 4.11242e-08 4.19385e-05 0.0025 1 1 2.5 0.005 46 4 1 1 
-0.38125 7.52035e-09 8.76261e-06 0.0025 1 1 2.5 0.005 47 4 1 1 
-0.37875 1.07045e-09 1.49949e-06 0.0025 1 1 2.5 0.005 48 4 1 1 
-0.37625 9.24313e-11 1.82525e-07 0.0025 1 1 2.5 0.005 49 4 1 1 
-0.37375 -1.63114e-12 5.87261e-09 0.0025 1 1 2.5 0.005 50 4 1 1 
-0.37125 2.06317e-13 -1.76402e-09 0.0025 1 1 2.5 0.005 51 5 1 1 
-0.36875 5.9132e-13 1.80648e-10 0.0025 1 1 2.5 0.005 52 3 1 1 
-0.36625 2.30364e-13 1.69621e-10 0.0025 1 1 2.5 0.005 53 4 1 1 
-0.36375 4.45032e-14 6.63931e-11 0.0025 1 1 2.5 0.005 54 4 1 1 
-0.36125 1.53444e-15 4.09273e-12 0.0025 1 1 2.5 0.005 55 5 1 1 
-0.35875 1.53455e-16 5.68434e-14 0.0025 1 1 2.5 0.005 56 5 1 1 
-0.35625 1.70565e-17 5.68434e-14 0.0025 1 1 2.5 0.005 57 5 1 1 
-0.35375 3.3638e-48 1.12104e-44 0.0025 1 1 2.5 0.005 58 5 1 1 
-0.35125 0 0 0.0025 1 1 2.5 0.005 59 5 1 1 
-0.34875 0 0 0.0025 1 1 2.5 0.005 60 5 1 1 
-0.34625 0 0 0.0025 1 1 2.5 0.005 61 5 1 1 
-0.34375 0 0 0.0025 1 1 2.5 0.005 62 5 1 1 
-0.34125 0 0 0.0025 1 1 2.5 0.005 63 5 1 1 
-0.33875 0 0 0.0025 1 1 2.5 0.005 64 5 1 1 
-0.33625 0 0 0.0025 1 1 2.5 0.005 65 5 1 1 
-0.33375 0 0 0.0025 1 1 2.5 0.005 66 5 1 1 
-0.33125 0 0 0.0025 1 1 2.5 0.005 67 5 1 1 
-0.32875 0 0 0.0025 1 1 2.5 0.005 68 5 1 1 
-0.32625 0 0 0.0025 1 1 2.5 0.005 69 5 1 1 
-0.32375 0 0 0.0025 1 1 2.5 0.005 70 5 1 1 
-0.32125 0 0 0.0025 1 1 2.5 0.005 71 5 1 1 
-0.31875 0 0 0.0025 1 1 2.5 0.005 72 5 1 1 
-0.31625 0 0 0.0025 1 1 2.5 0.005 73 5 1 1 
-0.31375 0 0 0.0025 1 1 2.5 0.005 74 5 1 1 
-0.31125 0 0 0.0025 1 1 2.5 0.005 75 5 1 1 
-0.30875 0 0 0.0025 1 1 2.5 0.005 76 5 1 1 
-0.30625 0 0 0.0025 1 1 2.5 0.005 77 5 1 1 
-0.30375 0 0 0.0025 1 1 2.5 0.005 78 5 1 1 
-0.30125 0 0 0.0025 1 1 2.5 0.005 79 5 1 1 
-0.29875 0 0 0.0025 1 1 2.5 0.005 80 5 1 1 
-0.29625 0 0 0.0025 1 1 2.5 0.005 81 5 1 1 
-0.29375 0 0 0.0025 1 1 2.5 0.005 82 5 1 1 
-0.29125 0 0 0.0025 1 1 2.5 0.005 83 5 1 1 
-0.28875 0 0 0.0025 1 1 2.5 0.005 84 5 1 1 
-0.28625 0 0 0.0025 1 1 2.5 0.005 85 5 1 1 
-0.28375 0 0 0.0025 1 1 2.5 0.005 86 5 1 1 
-0.28125 0 0 0.0025 1 1 2.5 0.005 87 5 1 1 
-0.27875 0 0 0.0025 1 1 2.5 0.005 88 5 1 1 
-0.27625 0 0 0.0025 1 1 2.5 0.005 89 5 1 1 
-0.27375 0 0 0.0025 1 1 2.5 0.005 90 5 1 1 
-0.27125 0 0 0.0025 1 1 2.5 0.005 91 5 1 1 
-0.26875 0 0 0.0025 1 1 2.5 0.005 92 5 1 1 
-0.26625 0 0 0.0025 1 1 2.5 0.005 93 5 1 1 
-0.26375 0 0 0.0025 1 1 2.5 0.005 94 5 1 1 
-0.26125 0 0 0.0025 1 1 2.5 0.005 95 5 1 1 
-0.25875 0 0 0.0025 1 1 2.5 0.005 96 5 1 1 
-0.25625 0 0 0.0025 1 1 2.5 0.005 97 5 1 1 
-0.25375 0 0 0.0025 1 1 2.5 0.005 98 5 1 1 
-0.25125 0 0 0.0025 1 1 2.5 0.005 99 5 1 1 
-0.24875 0 0 0.0025 1 1 2.5 0.005 100 5 1 1 
-0.24625 0 0 0.0025 1 1 2.5 0.005 101 5 1 1 
-0.24375 0 0 0.0025 1 1 2.5 0.005 102 5 1 1 
-0.24125 0 0 0.0025 1 1 2.5 0.005 103 5 1 1 
-0.23875 0 0 0.0025 1 1 2.5 0.005 104 5 1 1 
-0.23625 0 0 0.0025 1 1 2.5 0.005 105 5 1 1 
-0.23375 0 0 0.0025 1 1 2.5 0.005 106 5 1 1 
-0.23125 0 0 0.0025 1 1 2.5 0.005 107 5 1 1 
-0.22875 0 0 0.0025 1 1 2.5 0.005 108 5 1 1 
-0.22625 0 0 0.0025 1 1 2.5 0.005 109 5 1 1 
-0.22375 0 0 0.0025 1 1 2.5 0.005 110 5 1 1 
-0.22125 0 0 0.0025 1 1 2.5 0.005 111 5 1 1 
-0.21875 0 0 0.0025 1 1 2.5 0.005 112 5 1 1 
-0.21625 0 0 0.0025 1 1 2.5 0.005 113 5 1 1 
-0.21375 0 0 0.0025 1 1 2.5 0.005 114 5 1 1 
-0.21125 0 0 0.0025 1 1 2.5 0.005 115 5 1 1 
-0.20875 0 0 0.0025 1 1 2.5 0.005 116 5 1 1 
-0.20625 0 0 0.0025 1 1 2.5 0.005 117 5 1 1 
-0.20375 0 0 0.0025 1 1 2.5 0.005 118 5 1 1 
-0.20125 0 0 0.0025 1 1 2.5 0.005 119 5 1 1 
-0.19875 0 0 0.0025 1 1 2.5 0.005 120 5 1 1 
-0.19625 0 0 0.0025 1 1 2.5 0.005 121 5 1 1 
-0.19375 0 0 0.0025 1 1 2.5 0.005 122 5 1 1 
-0.19125 0 0 0.0025 1 1 2.5 0.005 123 5 1 1 
-0.18875 0 0 0.0025 1 1 2.5 0.005 124 5 1 1 
-0.18625 0 0 0.0025 1 1 2.5 0.005 125 5 1 1 
-0.18375 0 0 0.0025 1 1 2.5 0.005 126 5 1 1 
-0.18125 0 0 0.0025 1 1 2.5 0.005 127 5 1 1 
-0.17875 0 0 0.0025 1 1 2.5 0.005 128 5 1 1 
-0.17625 0 0 0.0025 1 1 2.5 0.005 129 5 1 1 
-0.17375 0 0 0.0025 1 1 2.5 0.005 130 5 1 1 
-0.17125 0 0 0.0025 1 1 2.5 0.005 131 5 1 1 
-0.16875 0 0 0.0025 1 1 2.5 0.005 132 5 1 1 
-0.16625 0 0 0.0025 1 1 2.5 0.005 133 5 1 1 
-0.16375 0 0 0.0025 1 1 2.5 0.005 134 5 1 1 
-0.16125 0 0 0.0025 1 1 2.5 0.005 135 5 1 1 
-0.15875 0 0 0.0025 1 1 2.5 0.005 136 5 1 1 
-0.15625 0 0 0.0025 1 1 2.5 0.005 137 5 1 1 
-0.15375 0 0 0.0025 1 1 2.5 0.005 138 5 1 1 
-0.15125 0 0 0.0025 1 1 2.5 0.005 139 5 1 1 
-0.14875 0 0 0.0025 1 1 2.5 0.005 140 5 1 1 
-0.14625 0 0 0.0025 1 1 2.5 0.005 141 5 1 1 
-0.14375 0 0 0.0025 1 1 2.5 0.005 142 5 1 1 
-0.14125 0 0 0.0025 1 1 2.5 0.005 143 5 1 1 
-0.13875 0 0 0.0025 1 1 2.5 0.005 144 5 1 1 
-0.13625 0 0 0.0025 1 1 2.5 0.005 145 5 1 1 
-0.13375 0 0 0.0025 1 1 2.5 0.005 146 5 1 1 
-0.13125 0 0 0.0025 1 1 2.5 0.005 147 5 1 1 
-0.12875 0 0 0.0025 1 1 2.5 0.005 148 5 1 1 
-0.12625 0 0 0.0025 1 1 2.5 0.005 149 5 1 1 
-0.12375 0 0 0.0025 1 1 2.5 0.005 150 5 1 1 
-0.12125 0 0 0.0025 1 1 2.5 0.005 151 5 1 1 
-0.11875 0 0 0.0025 1 1 2.5 0.005 152 5 1 1 
-0.11625 0 0 0.0025 1 1 2.5 0.005 153 5 1 1 
-0.11375 0 0 0.0025 1 1 2.5 0.005 154 5 1 1 
-0.11125 0 0 0.0025 1 1 2.5 0.005 155 5 1 1 
-0.10875 0 0 0.0025 1 1 2.5 0.005 156 5 1 1 
-0.10625 0 0 0.0025 1 1 2.5 0.005 157 5 1 1 
-0.10375 0 0 0.0025 1 1 2.5 0.005 158 5 1 1 
-0.10125 0 0 0.0025 1 1 2.5 0.005 159 5 1 1 
-0.09875 0 0 0.0025 1 1 2.5 0.005 160 5 1 1 
-0.09625 0 0 0.0025 1 1 2.5 0.005 161 5 1 1 
-0.09375 0 0 0.0025 1 1 2.5 0.005 162 5 1 1 
-0.09125 0 0 0.0025 1 1 2.5 0.005 163 5 1 1 
-0.08875 0 0 0.0025 1 1 2.5 0.005 164 5 1 1 
-0.08625 0 0 0.0025 1 1 2.5 0.005 165 5 1 1 
-0.08375 0 0 0.0025 1 1 2.5 0.005 166 5 1 1 
-0.08125 0 0 0.0025 1 1 2.5 0.005 167 5 1 1 
-0.07875 0 0 0.0025 1 1 2.5 0.005 168 5 1 1 
-0.07625 0 0 0.0025 1 1 2.5 0.005 169 5 1 1 
-0.07375 0 0 0.0025 1 1 2.5 0.005 170 5 1 1 
-0.07125 0 0 0.0025 1 1 2.5 0.005 171 5 1 1 
-0.06875 0 0 0.0025 1 1 2.5 0.005 172 5 1 1 
-0.06625 0 0 0.0025 1 1 2.5 0.005 173 5 1 1 
-0.06375 0 0 0.0025 1 1 2.5 0.005 174 5 1 1 
-0.06125 0 0 0.0025 1 1 2.5 0.005 175 5 1 1 
-0.05875 0 0 0.0025 1 1 2.5 0.005 176 5 1 1 
-0.05625 -5.03522e-47 -1.12104e-44 0.0025 1 1 2.5 0.005 177 5 1 1 
-0.05375 -6.80607e-17 -1.12104e-44 0.0025 1 1 2.5 0.005 178 5 1 1 
-0.05125 -2.37452e-16 0 0.0025 1 1 2.5 0.005 179 5 1 1 
-0.04875 -4.05443e-16 0 0.0025 1 1 2.5 0.005 180 5 1 1 
-0.04625 -6.23634e-16 -5.68434e-14 0.0025 1 1 2.5 0.005 181 5 1 1 
-0.04375 -8.39103e-16 -2.24208e-44 0.0025 1 1 2.5 0.005 182 5 1 1 
-0.04125 -1.20417e-15 -3.36312e-44 0.0025 1 1 2.5 0.005 183 5 1 1 
-0.03875 -1.6806e-15 -5.68434e-14 0.0025 1 1 2.5 0.005 184 5 1 1 
-0.03625 -2.13055e-15 -5.52203e-28 0.0025 1 1 2.5 0.005 185 5 1 1 
-0.03375 -3.49806e-15 -3.15544e-28 0.0025 1 1 2.5 0.005 186 4 1 1 
-0.03125 -4.76058e-16 1.13687e-13 0.0025 1 1 2.5 0.005 187 3 1 1 
-0.02875 -6.7802e-16 1.13687e-13 0.0025 1 1 2.5 0.005 188 3 1 1 
-0.02625 -1.15351e-15 -6.31089e-28 0.0025 1 1 2.5 0.005 189 3 1 1 
-0.02375 1.6664e-15 -1.13687e-13 0.0025 1 1 2.5 0.005 190 4 1 1 
-0.02125 5.39461e-16 5.91646e-28 0.0025 1 1 2.5 0.005 191 5 1 1 
-0.01875 4.98458e-16 1.13687e-13 0.0025 1 1 2.5 0.005 192 5 1 1 
-0.01625 -6.35845e-17 -3.41061e-13 0.0025 1 1 2.5 0.005 193 4 1 1 
-0.01375 1.02213e-15 1.13687e-13 0.0025 1 1 2.5 0.005 194 4 1 1 
-0.01125 6.52356e-16 -6.82121e-13 0.0025 1 1 2.5 0.005 195 3 1 1 
-0.00875 1.12197e-15 4.54747e-13 0.0025 1 1 2.5 0.005 196 3 1 1 
-0.00625 5.56496e-16 1.13687e-13 0.0025 1 1 2.5 0.005 197 4 1 1 
-0.00375 -3.42533e-16 -2.27374e-13 0.0025 1 1 2.5 0.005 198 3 1 1 
-0.00125 -2.0293e-16 2.27374e-13 0.0025 1 1 2.5 0.005 199 3 1 1 
0.00125 -1.30196e-16 -1.13687e-13 0.0025 1 1 2.5 0.005 200 3 1 1 
0.00375 1.17486e-16 3.41061e-13 0.0025 1 1 2.5 0.005 201 3 1 1 
0.00625 6.44607e-16 -5.68434e-13 0.0025 1 1 2.5 0.005 202 3 1 1 
0.00875 8.08732e-17 7.95808e-13 0.0025 1 1 2.5 0.005 203 5 1 1 
0.01125 -1.06572e-15 -9.09495e-13 0.0025 1 1 2.5 0.005 204 4 1 1 
0.01375 -1.90926e-15 3.41061e-13 0.0025 1 1 2.5 0.005 205 3 1 1 
0.01625 -1.77684e-15 7.95808e-13 0.0025 1 1 2.5 0.005 206 4 1 1 
0.01875 4.26878e-16 -9.09495e-13 0.0025 1 1 2.5 0.005 207 5 1 1 
0.02125 -6.77001e-16 -5.91646e-28 0.0025 1 1 2.5 0.005 208 5 1 1 
0.02375 -2.68889e-15 2.27374e-13 0.0025 1 1 2.5 0.005 209 4 1 1 
0.02625 1.37782e-15 5.68434e-14 0.0025 1 1 2.5 0.005 210 3 1 1 
0.02875 6.65827e-16 -5.68434e-14 0.0025 1 1 2.5 0.005 211 3 1 1 
0.03125 4.1746e-15 1.13687e-13 0.0025 1 1 2.5 0.005 212 4 1 1 
0.03375 2.46918e-15 5.52203e-28 0.0025 1 1 2.5 0.005 213 5 1 1 
0.03625 1.9519e-15 -5.68434e-14 0.0025 1 1 2.5 0.005 214 5 1 1 
0.03875 1.44093e-15 1.13687e-13 0.0025 1 1 2.5 0.005 215 5 1 1 
0.04125 9.74634e-16 4.48416e-44 0.0025 1 1 2.5 0.005 216 5 1 1 
0.04375 6.73659e-16 2.24208e-44 0.0025 1 1 2.5 0.005 217 5 1 1 
0.04625 4.39561e-16 0 0.0025 1 1 2.5 0.005 218 5 1 1 
0.04875 2.54248e-16 5.68434e-14 0.0025 1 1 2.5 0.005 219 5 1 1 
0.05125 1.02168e-16 1.12104e-44 0.0025 1 1 2.5 0.005 220 5 1 1 
0.05375 6.37719e-47 1.12104e-44 0.0025 1 1 2.5 0.005 221 5 1 1 
0.05625 0 0 0.0025 1 1 2.5 0.005 222 5 1 1 
0.05875 0 0 0.0025 1 1 2.5 0.005 223 5 1 1 
0.06125 0 0 0.0025 1 1 2.5 0.005 224 5 1 1 
0.06375 0 0 0.0025 1 1 2.5 0.005 225 5 1 1 
0.06625 0 0 0.0025 1 1 2.5 0.005 226 5 1 1 
0.06875 0 0 0.0025 1 1 2.5 0.005 227 5 1 1 
0.07125 0 0 0.0025 1 1 2.5 0.005 228 5 1 1 
0.07375 0 0 0.0025 1 1 2.5 0.005 229 5 1 1 
0.07625 0 0 0.0025 1 1 2.5 0.005 230 5 1 1 
0.07875 0 0 0.0025 1 1 2.5 0.005 231 5 1 1 
0.08125 0 0 0.0025 1 1 2.5 0.005 232 5 1 1 
0.08375 0 0 0.0025 1 1 2.5 0.005 233 5 1 1 
0.08625 0 0 0.0025 1 1 2.5 0.005 234 5 1 1 
0.08875 0 0 0.0025 1 1 2.5 0.005 235 5 1 1 
0.09125 0 0 0.0025 1 1 2.5 0.005 236 5 1 1 
0.09375 -2.10782e-46 -1.12104e-44 0.0025 1 1 2.5 0.005 237 5 1 1 
0.09625 -1.69188e-16 -1.12104e-44 0.0025 1 1 2.5 0.005 238 5 1 1 
0.09875 -3.37357e-16 1.12104e-44 0.0025 1 1 2.5 0.005 239 5 1 1 
0.10125 -4.53301e-16 5.68434e-14 0.0025 1 1 2.5 0.005 240 5 1 1 
0.10375 -6.35598e-16 6.72623e-44 0.0025 1 1 2.5 0.005 241 5 1 1 
0.10625 1.59914e-15 1.7053e-13 0.0025 1 1 2.5 0.005 242 5 1 1 
0.10875 6.09802e-16 2.24208e-44 0.0025 1 1 2.5 0.005 243 5 1 1 
0.11125 1.90513e-16 -1.13687e-13 0.0025 1 1 2.5 0.005 244 5 1 1 
0.11375 -1.86446e-15 4.03574e-43 0.0025 1 1 2.5 0.005 245 5 1 1 
0.11625 4.51876e-15 2.27374e-13 0.0025 1 1 2.5 0.005 246 5 1 1 
0.11875 1.26638e-15 1.13687e-13 0.0025 1 1 2.5 0.005 247 5 1 1 
0.12125 -6.35327e-17 -7.14905e-27 0.0025 1 1 2.5 0.005 248 5 1 1 
0.12375 -4.12306e-15 -2.27374e-13 0.0025 1 1 2.5 0.005 249 4 1 1 
0.12625 4.12306e-15 2.27374e-13 0.0025 1 1 2.5 0.005 250 4 1 1 
0.12875 6.35327e-17 7.14905e-27 0.0025 1 1 2.5 0.005 251 5 1 1 
0.13125 -1.26638e-15 -1.13687e-13 0.0025 1 1 2.5 0.005 252 5 1 1 
0.13375 -4.51876e-15 -2.27374e-13 0.0025 1 1 2.5 0.005 253 5 1 1 
0.13625 1.86446e-15 -4.03574e-43 0.0025 1 1 2.5 0.005 254 5 1 1 
0.13875 -1.90513e-16 1.13687e-13 0.0025 1 1 2.5 0.005 255 5 1 1 
0.14125 -6.09802e-16 -2.24208e-44 0.0025 1 1 2.5 0.005 256 5 1 1 
0.14375 -1.59914e-15 -1.7053e-13 0.0025 1 1 2.5 0.005 257 5 1 1 
0.14625 6.35598e-16 -6.72623e-44 0.0025 1 1 2.5 0.005 258 5 1 1 
0.14875 4.53301e-16 -5.68434e-14 0.0025 1 1 2.5 0.005 259 5 1 1 
0.15125 3.37357e-16 -1.12104e-44 0.0025 1 1 2.5 0.005 260 5 1 1 
0.15375 1.69188e-16 1.12104e-44 0.0025 1 1 2.5 0.005 261 5 1 1 
0.15625 2.10782e-46 1.12104e-44 0.0025 1 1 2.5 0.005 262 5 1 1 
0.15875 0 0 0.0025 1 1 2.5 0.005 263 5 1 1 
0.16125 0 0 0.0025 1 1 2.5 0.005 264 5 1 1 
0.16375 0 0 0.0025 1 1 2.5 0.005 265 5 1 1 
0.16625 0 0 0.0025 1 1 2.5 0.005 266 5 1 1 
0.16875 0 0 0.0025 1 1 2.5 0.005 267 5 1 1 
0.17125 0 0 0.0025 1 1 2.5 0.005 268 5 1 1 
0.17375 0 0 0.0025 1 1 2.5 0.005 269 5 1 1 
0.17625 0 0 0.0025 1 1 2.5 0.005 270 5 1 1 
0.17875 0 0 0.0025 1 1 2.5 0.005 271 5 1 1 
0.18125 0 0 0.0025 1 1 2.5 0.005 272 5 1 1 
0.18375 0 0 0.0025 1 1 2.5 0.005 273 5 1 1 
0.18625 0 0 0.0025 1 1 2.5 0.005 274 5 1 1 
0.18875 0 0 0.0025 1 1 2.5 0.005 275 5 1 1 
0.19125 0 0 0.0025 1 1 2.5 0.005 276 5 1 1 
0.19375 0 0 0.0025 1 1 2.5 0.005 277 5 1 1 
0.19625 0 0 0.0025 1 1 2.5 0.005 278 5 1 1 
0.19875 0 0 0.0025 1 1 2.5 0.005 279 5 1 1 
0.20125 0 0 0.0025 1 1 2.5 0.005 280 5 1 1 
0.20375 0 0 0.0025 1 1 2.5 0.005 281 5 1 1 
0.20625 -5.03742e-47 -1.12104e-44 0.0025 1 1 2.5 0.005 282 5 1 1 
0.20875 -1.19239e-16 -5.68434e-14 0.0025 1 1 2.5 0.005 283 5 1 1 
0.21125 -2.88894e-16 5.68434e-14 0.0025 1 1 2.5 0.005 284 5 1 1 
0.21375 -5.60048e-16 -1.7053e-13 0.0025 1 1 2.5 0.005 285 5 1 1 
0.21625 -1.05115e-15 1.13687e-13 0.0025 1 1 2.5 0.005 286 5 1 1 
0.21875 -1.52262e-15 -1.13687e-13 0.0025 1 1 2.5 0.005 287 5 1 1 
0.22125 -2.02505e-15 1.13687e-13 0.0025 1 1 2.5 0.005 288 5 1 1 
0.22375 -2.53998e-15 5.68434e-14 0.0025 1 1 2.5 0.005 289 5 1 1 
0.22625 -1.29362e-15 7.38964e-13 0.0025 1 1 2.5 0.005 290 5 1 1 
0.22875 -2.28024e-15 6.25278e-13 0.0025 1 1 2.5 0.005 291 5 1 1 
0.23125 2.06221e-15 -6.82121e-13 0.0025 1 1 2.5 0.005 292 5 1 1 
0.23375 -7.43608e-16 -6.25278e-13 0.0025 1 1 2.5 0.005 293 5 1 1 
0.23625 -2.46334e-15 -5.68434e-14 0.0025 1 1 2.5 0.005 294 5 1 1 
0.23875 -6.53951e-15 1.13687e-13 0.0025 1 1 2.5 0.005 295 5 1 1 
0.24125 3.69848e-15 5.11591e-13 0.0025 1 1 2.5 0.005 296 5 1 1 
0.24375 -1.81906e-15 5.68434e-13 0.0025 1 1 2.5 0.005 297 5 1 1 
0.24625 1.10001e-15 -7.38964e-13 0.0025 1 1 2.5 0.005 298 5 1 1 
0.24875 -6.51463e-15 -6.82121e-13 0.0025 1 1 2.5 0.005 299 3 1 1 
0.25125 6.51463e-15 6.82121e-13 0.0025 1 1 2.5 0.005 300 3 1 1 
0.25375 -1.10001e-15 7.38964e-13 0.0025 1 1 2.5 0.005 301 5 1 1 
0.25625 1.81906e-15 -5.68434e-13 0.0025 1 1 2.5 0.005 302 5 1 1 
0.25875 -3.69848e-15 -5.11591e-13 0.0025 1 1 2.5 0.005 303 5 1 1 
0.26125 6.53951e-15 -1.13687e-13 0.0025 1 1 2.5 0.005 304 5 1 1 
0.26375 2.46334e-15 5.68434e-14 0.0025 1 1 2.5 0.005 305 5 1 1 
0.26625 7.43608e-16 6.25278e-13 0.0025 1 1 2.5 0.005 306 5 1 1 
0.26875 -2.06221e-15 6.82121e-13 0.0025 1 1 2.5 0.005 307 5 1 1 
0.27125 2.28024e-15 -6.25278e-13 0.0025 1 1 2.5 0.005 308 5 1 1 
0.27375 1.29362e-15 -7.38964e-13 0.0025 1 1 2.5 0.005 309 5 1 1 
0.27625 2.53998e-15 -5.68434e-14 0.0025 1 1 2.5 0.005 310 5 1 1 
0.27875 2.02505e-15 -1.13687e-13 0.0025 1 1 2.5 0.005 311 5 1 1 
0.28125 1.52262e-15 1.13687e-13 0.0025 1 1 2.5 0.005 312 5 1 1 
0.28375 1.05115e-15 -1.13687e-13 0.0025 1 1 2.5 0.005 313 5 1 1 
0.28625 5.60048e-16 1.7053e-13 0.0025 1 1 2.5 0.005 314 5 1 1 
0.28875 2.88894e-16 -5.68434e-14 0.0025 1 1 2.5 0.005 315 5 1 1 
0.29125 1.19239e-16 5.68434e-14 0.0025 1 1 2.5 0.005 316 5 1 1 
0.29375 5.03742e-47 1.12104e-44 0.0025 1 1 2.5 0.005 317 5 1 1 
0.29625 0 0 0.0025 1 1 2.5 0.005 318 5 1 1 
0.29875 0 0 0.0025 1 1 2.5 0.005 319 5 1 1 
0.30125 0 0 0.0025 1 1 2.5 0.005 320 5 1 1 
0.30375 0 0 0.0025 1 1 2.5 0.005 321 5 1 1 
0.30625 0 0 0.0025 1 1 2.5 0.005 322 5 1 1 
0.30875 0 0 0.0025 1 1 2.5 0.005 323 5 1 1 
0.31125 0 0 0.0025 1 1 2.5 0.005 324 5 1 1 
0.31375 0 0 0.0025 1 1 2.5 0.005 325 5 1 1 
0.31625 0 0 0.0025 1 1 2.5 0.005 326 5 1 1 
0.31875 0 0 0.0025 1 1 2.5 0.005 327 5 1 1 
0.32125 0 0 0.0025 1 1 2.5 0.005 328 5 1 1 
0.32375 0 0 0.0025 1 1 2.5 0.005 329 5 1 1 
0.32625 0 0 0.0025 1 1 2.5 0.005 330 5 1 1 
0.32875 0 0 0.0025 1 1 2.5 0.005 331 5 1 1 
0.33125 0 0 0.0025 1 1 2.5 0.005 332 5 1 1 
0.33375 0 0 0.0025 1 1 2.5 0.005 333 5 1 1 
0.33625 0 0 0.0025 1 1 2.5 0.005 334 5 1 1 
0.33875 0 0 0.0025 1 1 2.5 0.005 335 5 1 1 
0.34125 0 0 0.0025 1 1 2.5 0.005 336 5 1 1 
0.34375 0 0 0.0025 1 1 2.5 0.005 337 5 1 1 
0.34625 0 0 0.0025 1 1 2.5 0.005 338 5 1 1 
0.34875 0 0 0.0025 1 1 2.5 0.005 339 5 1 1 
0.35125 0 0 0.0025 1 1 2.5 0.005 340 5 1 1 
0.35375 -3.3638e-48 -1.12104e-44 0.0025 1 1 2.5 0.005 341 5 1 1 
0.35625 -1.70565e-17 -5.68434e-14 0.0025 1 1 2.5 0.005 342 5 1 1 
0.35875 -1.53455e-16 -5.68434e-14 0.0025 1 1 2.5 0.005 343 5 1 1 
0.36125 -1.53444e-15 -4.09273e-12 0.0025 1 1 2.5 0.005 344 5 1 1 
0.36375 -4.45032e-14 -6.63931e-11 0.0025 1 1 2.5 0.005 345 4 1 1 
0.36625 -2.30364e-13 -1.69621e-10 0.0025 1 1 2.5 0.005 346 4 1 1 
0.36875 -5.9132e-13 -1.80648e-10 0.0025 1 1 2.5 0.005 347 3 1 1 
0.37125 -2.06317e-13 1.76402e-09 0.0025 1 1 2.5 0.005 348 5 1 1 
0.37375 1.63114e-12 -5.87261e-09 0.0025 1 1 2.5 0.005 349 4 1 1 
0.37625 -9.24313e-11 -1.82525e-07 0.0025 1 1 2.5 0.005 350 4 1 1 
0.37875 -1.07045e-09 -1.49949e-06 0.0025 1 1 2.5 0.005 351 4 1 1 
0.38125 -7.52035e-09 -8.76261e-06 0.0025 1 1 2.5 0.005 352 4 1 1 
0.38375 -4.11242e-08 -4.19385e-05 0.0025 1 1 2.5 0.005 353 4 1 1 
0.38625 -1.9002e-07 -0.00017352 0.0025 1 1 2.5 0.005 354 4 1 1 
0.38875 -7.71094e-07 -0.000637965 0.0025 1 1 2.5 0.005 355 4 1 1 
0.39125 -2.80804e-06 -0.00211809 0.0025 1 1 2.5 0.00499999 356 4 1 1 
0.39375 -9.30095e-06 -0.00641559 0.0025 1.00001 1.00001 2.50001 0.00499996 357 4 1 1 
0.39625 -2.8273e-05 -0.0178499 0.0025 1.00002 1.00003 2.50002 0.00499989 358 4 1 1 
0.39875 -7.93684e-05 -0.0458301 0.0025 1.00006 1.00008 2.50006 0.0049997 359 4 1 1 
0.40125 -0.000206675 -0.108913 0.0025 1.00016 1.00022 2.50016 0.00499921 360 4 1 1 
0.403749 -0.00050076 -0.239924 0.0025 1.00038 1.00053 2.50038 0.00499809 361 4 1 0.999999 
0.406248 -0.00113103 -0.489801 0.0025 1.00086 1.00119 2.50085 0.00499569 362 4 1 0.999997 
0.408745 -0.00238241 -0.924117 0.0025 1.00182 1.00252 2.5018 0.00499093 363 4 1 0.999989 
0.411239 -0.00467419 -1.60143 0.0025 1.00357 1.00498 2.50355 0.00498219 364 4 1 0.999971 
0.413727 -0.00851467 -2.52255 0.0025 1.00654 1.00913 2.5065 0.00496752 365 4 1 0.999933 
0.416206 -0.0143335 -3.56 0.0025 1.01108 1.01551 2.51103 0.00494523 366 4 1 0.99988 
0.418672 -0.0221885 -4.42705 0.0025 1.01731 1.02431 2.51725 0.00491493 367 4 1 0.999833 
0.421121 -0.0314813 -4.74386 0.0025 1.02487 1.03503 2.52479 0.00487866 368 4 1 0.999828 
0.423551 -0.040913 -4.26691 0.0025 1.03281 1.04634 2.53267 0.00484114 369 4 1 0.999902 
0.425962 -0.048647 -2.61622 0.0025 1.03932 1.05569 2.53915 0.00481082 370 3 1 1.00002 
0.428362 -0.0499813 3.68053 0.0025 1.03783 1.05399 2.53802 0.00481774 371 4 1 1.00005 
0.43078 -0.023405 22.7071 0.0025 1.0156 1.02253 2.51623 0.00492317 372 4 1 0.99946 
0.433287 0.0276108 22.4501 0.0025 0.978808 0.97041 2.47888 0.00510826 373 4 1 0.996512 
0.435891 0.064732 12.6157 0.0025 0.947596 0.92725 2.44678 0.00527651 374 4 1 0.996891 
0.438564 0.0935136 13.3622 0.0025 0.922189 0.892914 2.42057 0.00542188 375 4 1 0.998037 
0.441314 0.129757 16.558 0.0025 0.894081 0.85508 2.39086 0.00559233 376 4 1 0.997615 
0.444158 0.171099 16.7926 0.0025 0.863129 0.813863 2.35735 0.00579287 377 4 1 0.996807 
0.447109 0.21362 16.3649 0.0025 0.831645 0.7726 2.32257 0.00601218 378 4 1 0.996435 
0.450173 0.257553 16.2901 0.0025 0.799996 0.731765 2.28683 0.00625003 379 4 1 0.996155 
0.453362 0.303614 16.2119 0.0025 0.768049 0.691188 2.24987 0.00651 380 4 1 0.995791 
0.456686 0.351418 15.9511 0.0025 0.736001 0.651153 2.21186 0.00679347 381 4 1 0.995415 
0.460159 0.400428 15.4046 0.0025 0.704328 0.612264 2.17329 0.00709896 382 4 1 0.995112 
0.46379 0.449623 14.3797 0.0025 0.673839 0.57548 2.13517 0.00742017 383 4 1 0.995 
0.467583 0.496704 12.6417 0.0025 0.645761 0.542189 2.09914 0.0077428 384 4 1 0.995255 
0.471536 0.538423 10.0431 0.0025 0.621647 0.514058 2.06745 0.00804315 385 4 1 0.996031 
0.47563 0.571467 7.2223 0.0025 0.602534 0.492085 2.04182 0.00829829 386 4 1 0.997194 
0.479836 0.597105 6.07113 0.0025 0.587151 0.474625 2.02088 0.00851569 387 4 1 0.998104 
0.484147 0.624855 7.83657 0.0025 0.571594 0.457135 1.99936 0.00874747 388 4 1 0.998175 
0.488586 0.659214 7.99497 0.0025 0.554852 0.438476 1.97573 0.00901141 389 4 1 0.997634 
0.49316 0.684034 2.38617 0.0025 0.543379 0.425822 1.9593 0.00920167 390 4 1 0.998511 
0.497788 0.683103 -1.32678 0.0025 0.541002 0.423265 1.95598 0.00924211 391 5 1 0.999914 
0.502403 0.680759 -0.313074 0.0025 0.54221 0.42463 1.95785 0.00922152 392 4 1 0.999993 
0.50701 0.679031 -0.28792 0.0025 0.543034 0.42555 1.95913 0.00920753 393 4 1 0.999996 
0.51161 0.677918 -0.217295 0.0025 0.543677 0.426285 1.96019 0.00919663 394 4 1 0.999999 
0.516206 0.676968 -0.184262 0.0025 0.54408 0.426783 1.96103 0.00918982 395 3 1 1 
0.5208 0.676212 -0.124612 0.0025 0.544068 0.426975 1.96195 0.00919003 396 4 1 1 
0.525396 0.675703 -0.0945454 0.0025 0.542736 0.425549 1.9602 0.00921258 397 4 1 0.999995 
0.530013 0.675286 -0.0693729 0.0025 0.529826 0.410331 1.93616 0.00943706 398 4 1 0.999706 
0.534838 0.674924 -0.0409234 0.0025 0.505891 0.439056 2.16971 0.00988356 399 4 1 0.994756 
0.539903 0.674548 -0.0153301 0.0025 0.480423 0.414514 2.15702 0.0104075 400 4 1 0.993718 
0.545255 0.674049 0.0405078 0.0025 0.457886 0.448758 2.45016 0.0109198 401 4 1 0.993662 
0.550829 0.673163 0.133466 0.0025 0.448871 0.428793 2.38817 0.011139 402 5 1 0.998572 
0.556394 0.670869 0.486762 0.0025 0.448999 0.425186 2.36739 0.0111359 403 3 1 1 
0.561964 0.664475 1.30452 0.0025 0.446316 0.419479 2.34962 0.0112028 404 4 1 0.999983 
0.567597 0.646323 3.93048 0.0025 0.436588 0.405443 2.32157 0.0114525 405 4 1 0.999228 
0.57342 0.606523 7.50511 0.0025 0.415474 0.377228 2.26965 0.0120344 406 4 1 0.995614 
0.579647 0.518307 19.7092 0.0025 0.375574 0.325725 2.16793 0.013313 407 4 1 0.98623 
0.586812 0.327827 33.9596 0.0025 0.321163 0.2588 2.01461 0.0155684 408 4 1 0.965452 
0.595397 0.11885 24.9372 0.0025 0.276222 0.207274 1.87629 0.0181014 409 4 1 0.957642 
0.605025 0.0177794 7.18021 0.0025 0.255322 0.184916 1.81082 0.0195831 410 4 1 0.983671 
0.614995 -0.00068896 0.437891 0.0025 0.250322 0.179818 1.79591 0.0199743 411 4 1 0.99863 
0.625 -0.000279298 -0.141864 0.0025 0.249936 0.179435 1.79481 0.0200051 412 5 1 0.999991 
0.635 1.77431e-05 -0.00152022 0.0025 0.249997 0.179497 1.79499 0.0200003 413 4 1 1 
0.645 6.59649e-06 0.00155833 0.0025 0.250001 0.179501 1.795 0.0199999 414 3 1 1 
0.655 1.21237e-06 0.000352371 0.0025 0.25 0.1795 1.795 0.02 415 4 1 1 
0.665 1.8199e-07 5.91272e-05 0.0025 0.25 0.1795 1.795 0.02 416 4 1 1 
0.675 2.35804e-08 8.4959e-06 0.0025 0.25 0.1795 1.795 0.02 417 4 1 1 
0.685 2.64592e-09 1.05801e-06 0.0025 0.25 0.1795 1.795 0.02 418 4 1 1 
0.695 2.53934e-10 1.13391e-07 0.0025 0.25 0.1795 1.795 0.02 419 4 1 1 
0.705 2.02765e-11 1.02596e-08 0.0025 0.25 0.1795 1.795 0.02 420 4 1 1 
0.715 1.25983e-12 7.48827e-10 0.0025 0.25 0.1795 1.795 0.02 421 4 1 1 
0.725 5.09543e-14 4.23199e-11 0.0025 0.25 0.1795 1.795 0.02 422 4 1 1 
0.735 -3.23704e-16 1.42109e-13 0.0025 0.25 0.1795 1.795 0.02 423 5 1 1 
0.745 1.2789e-17 1.42109e-14 0.0025 0.25 0.1795 1.795 0.02 424 5 1 1 
0.755 1.6819e-48 5.60519e-45 0.0025 0.25 0.1795 1.795 0.02 425 5 1 1 
0.765 0 0 0.0025 0.25 0.1795 1.795 0.02 426 5 1 1 
0.775 0 0 0.0025 0.25 0.1795 1.795 0.02 427 5 1 1 
0.785 0 0 0.0025 0.25 0.1795 1.795 0.02 428 5 1 1 
0.795 0 0 0.0025 0.25 0.1795 1.795 0.02 429 5 1 1 
0.805 0 0 0.0025 0.25 0.1795 1.795 0.02 430 5 1 1 
0.815 0 0 0.0025 0.25 0.1795 1.795 0.02 431 5 1 1 
0.825 0 0 0.0025 0.25 0.1795 1.795 0.02 432 5 1 1 
0.835 0 0 0.0025 0.25 0.1795 1.795 0.02 433 5 1 1 
0.845 0 0 0.0025 0.25 0.1795 1.795 0.02 434 5 1 1 
0.855 0 0 0.0025 0.25 0.1795 1.795 0.02 435 5 1 1 
0.865 0 0 0.0025 0.25 0.1795 1.795 0.02 436 5 1 1 
0.875 0 0 0.0025 0.25 0.1795 1.795 0.02 437 5 1 1 
0.885 0 0 0.0025 0.25 0.1795 1.795 0.02 438 5 1 1 
0.895 0 0 0.0025 0.25 0.1795 1.795 0.02 439 5 1 1 
0.905 0 0 0.0025 0.25 0.1795 1.795 0.02 440 5 1 1 
0.915 0 0 0.0025 0.25 0.1795 1.795 0.02 441 5 1 1 
0.925 -3.77046e-47 -2.8026e-45 0.0025 0.25 0.1795 1.795 0.02 442 5 1 1 
0.935 -8.08558e-17 -1.42109e-14 0.0025 0.25 0.1795 1.795 0.02 443 5 1 1 
0.945 -5.00675e-16 -2.84217e-14 0.0025 0.25 0.1795 1.795 0.02 444 5 1 1 
0.955 -1.59208e-15 -8.52651e-14 0.0025 0.25 0.1795 1.795 0.02 445 5 1 1 
0.965 -4.11374e-15 -1.42109e-13 0.0025 0.25 0.1795 1.795 0.02 446 5 1 1 
0.975 -9.74411e-15 -2.27374e-13 0.0025 0.25 0.1795 1.795 0.02 447 5 1 1 
0.985 -2.17279e-15 3.41061e-13 0.0025 0.25 0.1795 1.795 0.02 448 5 1 1 
0.995 -1.33726e-14 3.69482e-13 0.0025 0.25 0.1795 1.795 0.02 449 3 1 1 
1.005 1.33726e-14 -3.69482e-13 0.0025 0.25 0.1795 1.795 0.02 450 3 1 1 
1.015 2.17279e-15 -3.41061e-13 0.0025 0.25 0.1795 1.795 0.02 451 5 1 1 
1.025 9.74411e-15 2.27374e-13 0.0025 0.25 0.1795 1.795 0.02 452 5 1 1 
1.035 4.11374e-15 1.42109e-13 0.0025 0.25 0.1795 1.795 0.02 453 5 1 1 
1.045 1.59208e-15 8.52651e-14 0.0025 0.25 0.1795 1.795 0.02 454 5 1 1 
1.055 5.00675e-16 2.84217e-14 0.0025 0.25 0.1795 1.795 0.02 455 5 1 1 
1.065 8.08558e-17 1.42109e-14 0.0025 0.25 0.1795 1.795 0.02 456 5 1 1 
1.075 3.77046e-47 2.8026e-45 0.0025 0.25 0.1795 1.795 0.02 457 5 1 1 
1.085 0 0 0.0025 0.25 0.1795 1.795 0.02 458 5 1 1 
1.095 0 0 0.0025 0.25 0.1795 1.795 0.02 459 5 1 1 
1.105 0 0 0.0025 0.25 0.1795 1.795 0.02 460 5 1 1 
1.115 0 0 0.0025 0.25 0.1795 1.795 0.02 461 5 1 1 
1.125 0 0 0.0025 0.25 0.1795 1.795 0.02 462 5 1 1 
1.135 0 0 0.0025 0.25 0.1795 1.795 0.02 463 5 1 1 
1.145 0 0 0.0025 0.25 0.1795 1.795 0.02 464 5 1 1 
1.155 0 0 0.0025 0.25 0.1795 1.795 0.02 465 5 1 1 
1.165 0 0 0.0025 0.25 0.1795 1.795 0.02 466 5 1 1 
1.175 0 0 0.0025 0.25 0.1795 1.795 0.02 467 5 1 1 
1.185 0 0 0.0025 0.25 0.1795 1.795 0.02 468 5 1 1 
1.195 0 0 0.0025 0.25 0.1795 1.795 0.02 469 5 1 1 
1.205 0 0 0.0025 0.25 0.1795 1.795 0.02 470 5 1 1 
1.215 0 0 0.0025 0.25 0.1795 1.795 0.02 471 5 1 1 
1.225 0 0 0.0025 0.25 0.1795 1.795 0.02 472 5 1 1 
1.235 0 0 0.0025 0.25 0.1795 1.795 0.02 473 5 1 1 
1.245 -3.36195e-48 -5.60519e-45 0.0025 0.25 0.1795 1.795 0.02 474 5 1 1 
1.255 -1.2789e-17 -1.42109e-14 0.0025 0.25 0.1795 1.795 0.02 475 5 1 1 
1.265 9.37275e-17 -1.98952e-13 0.0025 0.25 0.1795 1.795 0.02 476 5 1 1 
1.275 -4.83602e-14 -4.13394e-11 0.0025 0.25 0.1795 1.795 0.02 477 4 1 1 
1.285 -1.26053e-12 -7.48003e-10 0.0025 0.25 0.1795 1.795 0.02 478 4 1 1 
1.295 -2.02503e-11 -1.02608e-08 0.0025 0.25 0.1795 1.795 0.02 479 4 1 1 
1.305 -2.53969e-10 -1.13394e-07 0.0025 0.25 0.1795 1.795 0.02 480 4 1 1 
1.315 -2.64592e-09 -1.058e-06 0.0025 0.25 0.1795 1.795 0.02 481 4 1 1 
1.325 -2.35804e-08 -8.49591e-06 0.0025 0.25 0.1795 1.795 0.02 482 4 1 1 
1.335 -1.8199e-07 -5.91272e-05 0.0025 0.25 0.1795 1.795 0.02 483 4 1 1 
1.345 -1.21237e-06 -0.000352371 0.0025 0.25 0.1795 1.795 0.02 484 4 1 1 
1.355 -6.59649e-06 -0.00155833 0.0025 0.250001 0.179501 1.795 0.0199999 485 3 1 1 
1.365 -1.77431e-05 0.00152022 0.0025 0.249997 0.179497 1.79499 0.0200003 486 4 1 1 
1.375 0.000279298 0.141864 0.0025 0.249936 0.179435 1.79481 0.0200051 487 5 1 0.999991 
1.38501 0.00068896 -0.437891 0.0025 0.250322 0.179818 1.79591 0.0199743 488 4 1 0.99863 
1.39497 -0.0177794 -7.18021 0.0025 0.255322 0.184916 1.81082 0.0195831 489 4 1 0.983671 
1.4046 -0.11885 -24.9372 0.0025 0.276222 0.207274 1.87629 0.0181014 490 4 1 0.957642 
1.41319 -0.327827 -33.9596 0.0025 0.321163 0.2588 2.01461 0.0155684 491 4 1 0.965452 
1.42035 -0.518307 -19.7092 0.0025 0.375574 0.325725 2.16793 0.013313 492 4 1 0.98623 
1.42658 -0.606523 -7.50511 0.0025 0.415474 0.377228 2.26965 0.0120344 493 4 1 0.995614 
1.4324 -0.646323 -3.93048 0.0025 0.436588 0.405443 2.32157 0.0114525 494 4 1 0.999228 
1.43804 -0.664475 -1.30452 0.0025 0.446316 0.419479 2.34962 0.0112028 495 4 1 0.999983 
1.44361 -0.670869 -0.486762 0.0025 0.448999 0.425186 2.36739 0.0111359 496 3 1 1 
1.44917 -0.673163 -0.133466 0.0025 0.448871 0.428793 2.38817 0.011139 497 5 1 0.998572 
1.45474 -0.674049 -0.0405078 0.0025 0.457886 0.448758 2.45016 0.0109198 498 4 1 0.993662 
1.4601 -0.674548 0.0153301 0.0025 0.480423 0.414514 2.15702 0.0104075 499 4 1 0.993718 
