# Time [s]: 0.186286
# Columns: pos [m], vel [m/s], acc [m/s^2], mass [kg], dens [kg/m^3], pres [Pa], ene [J/kg], sml [m], id, neighbor, alpha, gradh, ...additional?
-1.04738 -3.42905 -2.23769 0.0025 0.0189375 0.00432401 0.570827 0.264026 0 5 1 1.04043 
-0.938574 -2.94208 -2.66279 0.0025 0.0329101 0.00838657 0.637083 0.151929 1 5 1 0.978008 
-0.875877 -2.66184 -2.90984 0.0025 0.0493504 0.014829 0.751213 0.101316 2 4 1 0.948774 
-0.832073 -2.46613 -3.08278 0.0025 0.0661634 0.0223562 0.844736 0.0755705 3 4 1 0.952232 
-0.79835 -2.31554 -3.21537 0.0025 0.0825347 0.030457 0.922553 0.0605806 4 4 1 0.960713 
-0.770636 -2.19187 -3.32376 0.0025 0.0981232 0.0387984 0.988515 0.0509564 5 4 1 0.968529 
-0.746946 -2.08621 -3.41583 0.0025 0.113109 0.0473358 1.04625 0.0442052 6 4 1 0.974596 
-0.726167 -1.99358 -3.49659 0.0025 0.127639 0.0560581 1.09798 0.039173 7 4 1 0.979181 
-0.707604 -1.91088 -3.56869 0.0025 0.1418 0.0649501 1.1451 0.0352609 8 4 1 0.98268 
-0.690791 -1.83601 -3.63336 0.0025 0.155653 0.0739995 1.18853 0.0321227 9 4 1 0.985388 
-0.675399 -1.7675 -3.69295 0.0025 0.169242 0.0831947 1.22894 0.0295436 10 4 1 0.98752 
-0.661187 -1.70426 -3.74772 0.0025 0.182598 0.0925259 1.2668 0.0273825 11 4 1 0.989224 
-0.647971 -1.64548 -3.79869 0.0025 0.195749 0.101984 1.30249 0.025543 12 4 1 0.990604 
-0.635608 -1.59051 -3.84702 0.0025 0.208715 0.111561 1.33629 0.0239561 13 4 1 0.991744 
-0.623986 -1.53885 -3.88862 0.0025 0.22151 0.121249 1.36844 0.0225724 14 4 1 0.992688 
-0.613013 -1.49013 -3.93092 0.0025 0.234148 0.13104 1.39912 0.021354 15 4 1 0.993467 
-0.602613 -1.44391 -3.97852 0.0025 0.246653 0.140939 1.42852 0.0202714 16 4 1 0.994145 
-0.592726 -1.39998 -4.00838 0.0025 0.259027 0.150933 1.45674 0.019303 17 4 1 0.994718 
-0.583297 -1.35814 -4.0473 0.0025 0.271272 0.161014 1.48388 0.0184317 18 4 1 0.995214 
-0.574283 -1.31813 -4.07781 0.0025 0.283402 0.17118 1.51005 0.0176428 19 4 1 0.995637 
-0.565645 -1.27982 -4.11667 0.0025 0.295427 0.181432 1.53534 0.0169247 20 4 1 0.996009 
-0.55735 -1.243 -4.14626 0.0025 0.307356 0.191768 1.55983 0.0162678 21 4 1 0.996328 
-0.54937 -1.20757 -4.18611 0.0025 0.319199 0.20219 1.58358 0.0156642 22 4 1 0.996615 
-0.54168 -1.1734 -4.21425 0.0025 0.330961 0.212695 1.60665 0.0151075 23 4 1 0.99687 
-0.534257 -1.1404 -4.24575 0.0025 0.34264 0.223274 1.62908 0.0145926 24 4 1 0.997101 
-0.527083 -1.10855 -4.26896 0.0025 0.354236 0.233923 1.6509 0.0141149 25 4 1 0.997307 
-0.520138 -1.07771 -4.29577 0.0025 0.365751 0.244635 1.67215 0.0136705 26 4 1 0.997484 
-0.513408 -1.0478 -4.33335 0.0025 0.377204 0.255425 1.69289 0.0132554 27 4 1 0.997649 
-0.506879 -1.01877 -4.35297 0.0025 0.388593 0.266285 1.71314 0.0128669 28 4 1 0.997801 
-0.500538 -0.990583 -4.37614 0.0025 0.399908 0.277202 1.73291 0.0125029 29 4 1 0.997932 
-0.494374 -0.963172 -4.41307 0.0025 0.411171 0.288191 1.75226 0.0121604 30 4 1 0.998056 
-0.488375 -0.936476 -4.42969 0.0025 0.422377 0.299246 1.7712 0.0118378 31 4 1 0.99817 
-0.482534 -0.910482 -4.45335 0.0025 0.43352 0.310354 1.78974 0.0115335 32 4 1 0.998269 
-0.47684 -0.885126 -4.48645 0.0025 0.444616 0.32153 1.80791 0.0112457 33 4 1 0.998366 
-0.471286 -0.8604 -4.49974 0.0025 0.45566 0.332765 1.82574 0.0109731 34 4 1 0.998452 
-0.465865 -0.836242 -4.52942 0.0025 0.46665 0.344055 1.84322 0.0107147 35 4 1 0.998531 
-0.46057 -0.812628 -4.55118 0.0025 0.477598 0.355407 1.86039 0.0104691 36 4 1 0.998605 
-0.455394 -0.789579 -4.57198 0.0025 0.488498 0.366812 1.87725 0.0102355 37 4 1 0.998675 
-0.450333 -0.766983 -4.59245 0.0025 0.499349 0.37827 1.89382 0.010013 38 4 1 0.998739 
-0.44538 -0.744904 -4.61174 0.0025 0.510155 0.389777 1.9101 0.00980095 39 4 1 0.998797 
-0.440531 -0.723265 -4.63819 0.0025 0.520921 0.40134 1.92612 0.00959839 40 4 1 0.998854 
-0.43578 -0.702089 -4.64845 0.0025 0.531641 0.41295 1.94187 0.00940484 41 4 1 0.998905 
-0.431125 -0.681296 -4.6733 0.0025 0.542316 0.424604 1.95737 0.00921971 42 4 1 0.998954 
-0.42656 -0.66094 -4.68772 0.0025 0.552952 0.436307 1.97263 0.00904237 43 4 1 0.998998 
-0.422081 -0.640958 -4.71063 0.0025 0.563548 0.448055 1.98766 0.00887236 44 4 1 0.999042 
-0.417686 -0.621361 -4.71824 0.0025 0.5741 0.459843 2.00246 0.00870929 45 4 1 0.999081 
-0.413371 -0.602097 -4.74368 0.0025 0.584611 0.471672 2.01704 0.0085527 46 4 1 0.999119 
-0.409133 -0.58321 -4.756 0.0025 0.595087 0.483547 2.03142 0.00840213 47 4 1 0.999154 
-0.404969 -0.564634 -4.77299 0.0025 0.605523 0.495459 2.04559 0.00825733 48 4 1 0.999188 
-0.400875 -0.546399 -4.78391 0.0025 0.615918 0.507407 2.05956 0.00811797 49 4 1 0.99922 
-0.39685 -0.52844 -4.80131 0.0025 0.626274 0.51939 2.07334 0.00798373 50 4 1 0.999249 
-0.392891 -0.510818 -4.81751 0.0025 0.636596 0.531414 2.08694 0.00785427 51 4 1 0.999277 
-0.388995 -0.493471 -4.82797 0.0025 0.646882 0.543472 2.10036 0.00772939 52 4 1 0.999303 
-0.385161 -0.47639 -4.84965 0.0025 0.657135 0.555568 2.11361 0.00760879 53 4 1 0.99933 
-0.381386 -0.459579 -4.84797 0.0025 0.667346 0.567692 2.12668 0.00749236 54 4 1 0.999353 
-0.377668 -0.443045 -4.87534 0.0025 0.677523 0.579848 2.13959 0.00737982 55 4 1 0.999376 
-0.374006 -0.426765 -4.87939 0.0025 0.68767 0.592041 2.15235 0.00727093 56 4 1 0.999397 
-0.370397 -0.410715 -4.89345 0.0025 0.697778 0.604259 2.16495 0.00716561 57 4 1 0.999417 
-0.36684 -0.394901 -4.91137 0.0025 0.707858 0.616515 2.1774 0.00706356 58 4 1 0.999437 
-0.363333 -0.379315 -4.91347 0.0025 0.717903 0.628797 2.1897 0.00696473 59 4 1 0.999455 
-0.359874 -0.363969 -4.93561 0.0025 0.727916 0.641108 2.20187 0.00686893 60 4 1 0.999474 
-0.356463 -0.34884 -4.9345 0.0025 0.737895 0.653446 2.21389 0.00677603 61 4 1 0.99949 
-0.353098 -0.333898 -4.95165 0.0025 0.747838 0.665806 2.22577 0.00668594 62 4 1 0.999506 
-0.349777 -0.319183 -4.96087 0.0025 0.757754 0.678197 2.23753 0.00659845 63 4 1 0.999521 
-0.346499 -0.304648 -4.97529 0.0025 0.767641 0.690618 2.24916 0.00651346 64 4 1 0.999536 
-0.343263 -0.29032 -4.98641 0.0025 0.777502 0.703069 2.26067 0.00643085 65 4 1 0.99955 
-0.340068 -0.27618 -4.98899 0.0025 0.787328 0.715539 2.27205 0.0063506 66 4 1 0.999564 
-0.336913 -0.262205 -4.99747 0.0025 0.797116 0.728024 2.28331 0.00627261 67 4 1 0.999576 
-0.333795 -0.248431 -5.01315 0.0025 0.806879 0.740536 2.29445 0.00619672 68 4 1 0.999589 
-0.330716 -0.234839 -5.01088 0.0025 0.816608 0.753067 2.30548 0.00612289 69 4 1 0.999601 
-0.327672 -0.221402 -5.02802 0.0025 0.826306 0.765616 2.31639 0.00605103 70 4 1 0.999613 
-0.324664 -0.208155 -5.02862 0.0025 0.835974 0.778186 2.32719 0.00598105 71 4 1 0.999624 
-0.321691 -0.195046 -5.0318 0.0025 0.845604 0.790764 2.33787 0.00591294 72 4 1 0.999634 
-0.318751 -0.182114 -5.04969 0.0025 0.855208 0.803366 2.34846 0.00584653 73 4 1 0.999645 
-0.315844 -0.169345 -5.04655 0.0025 0.864782 0.815985 2.35894 0.0057818 74 4 1 0.999655 
-0.312969 -0.156719 -5.05394 0.0025 0.874319 0.828611 2.36931 0.00571873 75 4 1 0.999664 
-0.310125 -0.144259 -5.05318 0.0025 0.883821 0.841245 2.37957 0.00565725 76 4 1 0.999674 
-0.307312 -0.131949 -5.05599 0.0025 0.893284 0.853882 2.38973 0.00559732 77 4 1 0.999683 
-0.304528 -0.119786 -5.05433 0.0025 0.902708 0.866519 2.39978 0.00553889 78 4 1 0.999692 
-0.301773 -0.107797 -5.05606 0.0025 0.912092 0.879156 2.40973 0.0054819 79 4 1 0.999702 
-0.299046 -0.0959719 -5.03535 0.0025 0.921422 0.891772 2.41956 0.00542639 80 4 1 0.999711 
-0.296346 -0.0842934 -5.04138 0.0025 0.930704 0.904371 2.42927 0.00537228 81 4 1 0.999717 
-0.293673 -0.0727131 -5.0804 0.0025 0.93997 0.917005 2.43892 0.00531932 82 4 1 0.99973 
-0.291027 -0.0613008 -4.97447 0.0025 0.949131 0.929547 2.44841 0.00526798 83 4 1 0.999754 
-0.288405 -0.0504454 -4.6988 0.0025 0.957984 0.941697 2.4575 0.00521929 84 4 1 0.999755 
-0.285807 -0.0399993 -4.89228 0.0025 0.96679 0.95381 2.46649 0.00517175 85 4 1 0.999706 
-0.283233 -0.0283154 -5.88378 0.0025 0.97639 0.967127 2.47629 0.00512091 86 4 1 0.999725 
-0.280686 -0.0156621 -5.42683 0.0025 0.986145 0.98078 2.48624 0.00507025 87 4 1 0.999899 
-0.278163 -0.0072852 -2.12046 0.0025 0.992996 0.990298 2.49308 0.00503527 88 4 1 0.999955 
-0.275651 -0.0044307 -1.35141 0.0025 0.997011 0.995689 2.49693 0.00501499 89 4 1 0.999792 
-0.273148 0.00362881 -6.87614 0.0025 1.00456 1.00626 2.50451 0.00497732 90 4 1 0.999487 
-0.270674 0.0217148 -9.2155 0.0025 1.01762 1.02493 2.51773 0.00491344 91 4 1 0.999835 
-0.268234 0.0344701 -2.7271 0.0025 1.02757 1.03905 2.52756 0.00486586 92 4 1 1.00001 
-0.265808 0.0356538 0.445641 0.0025 1.02976 1.042 2.5296 0.00485549 93 3 1 1 
-0.263379 0.0338436 1.0568 0.0025 1.02825 1.03982 2.52808 0.00486262 94 4 1 0.999996 
-0.260945 0.0311318 1.41697 0.0025 1.02582 1.03636 2.52568 0.00487415 95 4 1 0.999985 
-0.258505 0.0278381 1.66683 0.0025 1.02292 1.03226 2.52281 0.00488795 96 4 1 0.999977 
-0.256057 0.0241827 1.80986 0.0025 1.01977 1.02781 2.51969 0.00490305 97 4 1 0.999972 
-0.253602 0.0203959 1.83803 0.0025 1.01656 1.02327 2.51651 0.00491853 98 4 1 0.99997 
-0.251139 0.0166987 1.762 0.0025 1.01348 1.01892 2.51344 0.00493351 99 4 1 0.999972 
-0.248668 0.0132755 1.60375 0.0025 1.01065 1.01494 2.51062 0.0049473 100 4 1 0.999976 
-0.246191 0.0102552 1.3927 0.0025 1.00819 1.01147 2.50817 0.0049594 101 4 1 0.999981 
-0.243709 0.00770525 1.15887 0.0025 1.00612 1.00857 2.50611 0.00496957 102 4 1 0.999987 
-0.241222 0.00563712 0.927577 0.0025 1.00446 1.00624 2.50445 0.00497779 103 4 1 0.999991 
-0.238731 0.00402016 0.716644 0.0025 1.00317 1.00443 2.50316 0.0049842 104 4 1 0.999995 
-0.236237 0.00279764 0.536026 0.0025 1.0022 1.00307 2.50219 0.00498903 105 4 1 0.999997 
-0.233742 0.00190147 0.389105 0.0025 1.00149 1.00208 2.50149 0.00499256 106 4 1 0.999998 
-0.231245 0.00126313 0.274665 0.0025 1.00099 1.00138 2.50098 0.00499507 107 4 1 0.999999 
-0.228747 0.000820555 0.188827 0.0025 1.00064 1.00089 2.50064 0.0049968 108 4 1 1 
-0.226248 0.000521493 0.126576 0.0025 1.00041 1.00057 2.5004 0.00499797 109 4 1 1 
-0.223749 0.000324337 0.0828015 0.0025 1.00025 1.00035 2.50025 0.00499874 110 4 1 1 
-0.221249 0.000197439 0.0528926 0.0025 1.00015 1.00021 2.50015 0.00499923 111 4 1 1 
-0.21875 0.000117656 0.0330079 0.0025 1.00009 1.00013 2.50009 0.00499954 112 4 1 1 
-0.21625 6.86378e-05 0.02013 0.0025 1.00005 1.00007 2.50005 0.00499973 113 4 1 1 
-0.21375 3.92007e-05 0.0119997 0.0025 1.00003 1.00004 2.50003 0.00499985 114 4 1 1 
-0.21125 2.19181e-05 0.00699301 0.0025 1.00002 1.00002 2.50002 0.00499992 115 4 1 1 
-0.20875 1.1997e-05 0.00398447 0.0025 1.00001 1.00001 2.50001 0.00499995 116 4 1 1 
-0.20625 6.42818e-06 0.00221981 0.0025 1 1.00001 2.5 0.00499998 117 4 1 1 
-0.20375 3.37142e-06 0.00120925 0.0025 1 1 2.5 0.00499999 118 4 1 1 
-0.20125 1.73066e-06 0.000644123 0.0025 1 1 2.5 0.00499999 119 4 1 1 
-0.19875 8.69441e-07 0.00033548 0.0025 1 1 2.5 0.005 120 4 1 1 
-0.19625 4.27411e-07 0.00017084 0.0025 1 1 2.5 0.005 121 4 1 1 
-0.19375 2.05574e-07 8.50565e-05 0.0025 1 1 2.5 0.005 122 4 1 1 
-0.19125 9.67245e-08 4.1398e-05 0.0025 1 1 2.5 0.005 123 4 1 1 
-0.18875 4.45117e-08 1.96949e-05 0.0025 1 1 2.5 0.005 124 4 1 1 
-0.18625 2.00305e-08 9.15734e-06 0.0025 1 1 2.5 0.005 125 4 1 1 
-0.18375 8.81226e-09 4.16052e-06 0.0025 1 1 2.5 0.005 126 4 1 1 
-0.18125 3.7892e-09 1.84673e-06 0.0025 1 1 2.5 0.005 127 4 1 1 
-0.17875 1.59201e-09 8.00623e-07 0.0025 1 1 2.5 0.005 128 4 1 1 
-0.17625 6.5332e-10 3.38916e-07 0.0025 1 1 2.5 0.005 129 4 1 1 
-0.17375 2.61773e-10 1.40059e-07 0.0025 1 1 2.5 0.005 130 4 1 1 
-0.17125 1.02368e-10 5.64795e-08 0.0025 1 1 2.5 0.005 131 4 1 1 
-0.16875 3.90586e-11 2.22017e-08 0.0025 1 1 2.5 0.005 132 4 1 1 
-0.16625 1.4533e-11 8.51821e-09 0.0025 1 1 2.5 0.005 133 4 1 1 
-0.16375 5.26877e-12 3.18505e-09 0.0025 1 1 2.5 0.005 134 4 1 1 
-0.16125 1.84555e-12 1.15415e-09 0.0025 1 1 2.5 0.005 135 4 1 1 
-0.15875 6.4017e-13 4.1581e-10 0.0025 1 1 2.5 0.005 136 4 1 1 
-0.15625 2.04968e-13 1.3182e-10 0.0025 1 1 2.5 0.005 137 4 1 1 
-0.15375 7.29649e-14 5.28075e-11 0.0025 1 1 2.5 0.005 138 4 1 1 
-0.15125 1.72477e-14 1.76215e-11 0.0025 1 1 2.5 0.005 139 4 1 1 
-0.14875 1.05841e-15 2.55795e-12 0.0025 1 1 2.5 0.005 140 5 1 1 
-0.14625 3.47055e-17 -3.9443e-29 0.0025 1 1 2.5 0.005 141 5 1 1 
-0.14375 1.36877e-47 2.24208e-44 0.0025 1 1 2.5 0.005 142 5 1 1 
-0.14125 0 0 0.0025 1 1 2.5 0.005 143 5 1 1 
-0.13875 0 0 0.0025 1 1 2.5 0.005 144 5 1 1 
-0.13625 0 0 0.0025 1 1 2.5 0.005 145 5 1 1 
-0.13375 0 0 0.0025 1 1 2.5 0.005 146 5 1 1 
-0.13125 0 0 0.0025 1 1 2.5 0.005 147 5 1 1 
-0.12875 0 0 0.0025 1 1 2.5 0.005 148 5 1 1 
-0.12625 0 0 0.0025 1 1 2.5 0.005 149 5 1 1 
-0.12375 0 0 0.0025 1 1 2.5 0.005 150 5 1 1 
-0.12125 0 0 0.0025 1 1 2.5 0.005 151 5 1 1 
-0.11875 0 0 0.0025 1 1 2.5 0.005 152 5 1 1 
-0.11625 0 0 0.0025 1 1 2.5 0.005 153 5 1 1 
-0.11375 0 0 0.0025 1 1 2.5 0.005 154 5 1 1 
-0.11125 0 0 0.0025 1 1 2.5 0.005 155 5 1 1 
-0.10875 0 0 0.0025 1 1 2.5 0.005 156 5 1 1 
-0.10625 0 0 0.0025 1 1 2.5 0.005 157 5 1 1 
-0.10375 0 0 0.0025 1 1 2.5 0.005 158 5 1 1 
-0.10125 0 0 0.0025 1 1 2.5 0.005 159 5 1 1 
-0.09875 0 0 0.0025 1 1 2.5 0.005 160 5 1 1 
-0.09625 0 0 0.0025 1 1 2.5 0.005 161 5 1 1 
-0.09375 0 0 0.0025 1 1 2.5 0.005 162 5 1 1 
-0.09125 -1.06038e-46 -1.12104e-44 0.0025 1 1 2.5 0.005 163 5 1 1 
-0.08875 -1.38716e-16 -1.12104e-44 0.0025 1 1 2.5 0.005 164 5 1 1 
-0.08625 -2.77353e-16 0 0.0025 1 1 2.5 0.005 165 5 1 1 
-0.08375 -4.15754e-16 1.12104e-44 0.0025 1 1 2.5 0.005 166 5 1 1 
-0.08125 -5.01986e-16 5.68434e-14 0.0025 1 1 2.5 0.005 167 5 1 1 
-0.07875 -6.57038e-16 1.23314e-43 0.0025 1 1 2.5 0.005 168 5 1 1 
-0.07625 1.72079e-15 2.84217e-13 0.0025 1 1 2.5 0.005 169 5 1 1 
-0.07375 4.21805e-16 2.27374e-13 0.0025 1 1 2.5 0.005 170 5 1 1 
-0.07125 2.13654e-15 -1.7053e-13 0.0025 1 1 2.5 0.005 171 5 1 1 
-0.06875 6.32216e-17 -1.7053e-13 0.0025 1 1 2.5 0.005 172 5 1 1 
-0.06625 3.52232e-17 -1.85382e-27 0.0025 1 1 2.5 0.005 173 5 1 1 
-0.06375 -2.10076e-15 2.27374e-13 0.0025 1 1 2.5 0.005 174 3 1 1 
-0.06125 1.3693e-16 1.89327e-27 0.0025 1 1 2.5 0.005 175 3 1 1 
-0.05875 -2.1032e-15 1.85382e-27 0.0025 1 1 2.5 0.005 176 5 1 1 
-0.05625 1.05276e-16 -1.13687e-13 0.0025 1 1 2.5 0.005 177 5 1 1 
-0.05375 -1.89597e-15 -1.13687e-13 0.0025 1 1 2.5 0.005 178 5 1 1 
-0.05125 -1.89094e-15 -1.13687e-13 0.0025 1 1 2.5 0.005 179 5 1 1 
-0.04875 -7.71353e-16 -4.48416e-44 0.0025 1 1 2.5 0.005 180 5 1 1 
-0.04625 -1.27808e-15 -4.48416e-44 0.0025 1 1 2.5 0.005 181 5 1 1 
-0.04375 -1.86884e-15 5.68434e-14 0.0025 1 1 2.5 0.005 182 5 1 1 
-0.04125 -2.06261e-15 1.13687e-13 0.0025 1 1 2.5 0.005 183 5 1 1 
-0.03875 -4.17028e-15 1.13687e-13 0.0025 1 1 2.5 0.005 184 5 1 1 
-0.03625 5.0935e-16 -5.68434e-14 0.0025 1 1 2.5 0.005 185 5 1 1 
-0.03375 -2.04934e-15 -5.453e-27 0.0025 1 1 2.5 0.005 186 4 1 1 
-0.03125 -2.46973e-15 -4.54747e-13 0.0025 1 1 2.5 0.005 187 3 1 1 
-0.02875 -1.80772e-15 1.13687e-13 0.0025 1 1 2.5 0.005 188 4 1 1 
-0.02625 -2.39114e-15 -4.54747e-13 0.0025 1 1 2.5 0.005 189 4 1 1 
-0.02375 -2.8451e-15 1.3074e-12 0.0025 1 1 2.5 0.005 190 4 1 1 
-0.02125 1.04842e-15 -7.38964e-13 0.0025 1 1 2.5 0.005 191 5 1 1 
-0.01875 1.40411e-15 -1.13687e-13 0.0025 1 1 2.5 0.005 192 4 1 1 
-0.01625 5.00022e-16 -5.68434e-14 0.0025 1 1 2.5 0.005 193 4 1 1 
-0.01375 1.29612e-15 1.7053e-13 0.0025 1 1 2.5 0.005 194 3 1 1 
-0.01125 4.14262e-16 7.19836e-28 0.0025 1 1 2.5 0.005 195 4 1 1 
-0.00875 -8.0296e-16 -4.93038e-29 0.0025 1 1 2.5 0.005 196 5 1 1 
-0.00625 -5.1828e-16 -1.7053e-13 0.0025 1 1 2.5 0.005 197 4 1 1 
-0.00375 3.12958e-16 2.27374e-13 0.0025 1 1 2.5 0.005 198 3 1 1 
-0.00125 -1.07727e-16 -1.13687e-13 0.0025 1 1 2.5 0.005 199 3 1 1 
0.00125 1.51859e-17 1.7053e-13 0.0025 1 1 2.5 0.005 200 3 1 1 
0.00375 -3.22026e-16 -2.27374e-13 0.0025 1 1 2.5 0.005 201 3 1 1 
0.00625 -4.81689e-16 -1.13687e-13 0.0025 1 1 2.5 0.005 202 4 1 1 
0.00875 1.48525e-15 4.54747e-13 0.0025 1 1 2.5 0.005 203 4 1 1 
0.01125 -1.10011e-16 -1.13687e-13 0.0025 1 1 2.5 0.005 204 5 1 1 
0.01375 -2.76762e-16 -5.68434e-14 0.0025 1 1 2.5 0.005 205 4 1 1 
0.01625 -3.88482e-16 -1.7053e-13 0.0025 1 1 2.5 0.005 206 3 1 1 
0.01875 8.27344e-16 1.25056e-12 0.0025 1 1 2.5 0.005 207 4 1 1 
0.02125 2.35403e-15 -1.93268e-12 0.0025 1 1 2.5 0.005 208 5 1 1 
0.02375 -6.59175e-16 8.52651e-13 0.0025 1 1 2.5 0.005 209 4 1 1 
0.02625 5.7031e-16 1.7053e-13 0.0025 1 1 2.5 0.005 210 4 1 1 
0.02875 1.3481e-15 -1.13687e-13 0.0025 1 1 2.5 0.005 211 3 1 1 
0.03125 4.34745e-15 -2.27374e-13 0.0025 1 1 2.5 0.005 212 4 1 1 
0.03375 1.52302e-15 5.68434e-14 0.0025 1 1 2.5 0.005 213 5 1 1 
0.03625 1.16464e-15 -5.68434e-14 0.0025 1 1 2.5 0.005 214 5 1 1 
0.03875 -3.83159e-16 7.84727e-44 0.0025 1 1 2.5 0.005 215 5 1 1 
0.04125 -1.57358e-15 3.9443e-29 0.0025 1 1 2.5 0.005 216 5 1 1 
0.04375 9.70274e-16 2.27374e-13 0.0025 1 1 2.5 0.005 217 5 1 1 
0.04625 -2.60209e-15 1.7053e-13 0.0025 1 1 2.5 0.005 218 3 1 1 
0.04875 9.31389e-16 -1.7053e-13 0.0025 1 1 2.5 0.005 219 3 1 1 
0.05125 -5.04041e-15 1.85382e-27 0.0025 1 1 2.5 0.005 220 5 1 1 
0.05375 1.40921e-15 -3.9443e-29 0.0025 1 1 2.5 0.005 221 5 1 1 
0.05625 -1.27121e-15 -1.7053e-13 0.0025 1 1 2.5 0.005 222 5 1 1 
0.05875 2.19217e-15 -2.84217e-13 0.0025 1 1 2.5 0.005 223 5 1 1 
0.06125 8.6809e-16 -1.13687e-13 0.0025 1 1 2.5 0.005 224 3 1 1 
0.06375 5.60617e-15 -1.13687e-13 0.0025 1 1 2.5 0.005 225 3 1 1 
0.06625 2.91112e-15 1.85382e-27 0.0025 1 1 2.5 0.005 226 5 1 1 
0.06875 1.20257e-15 2.27374e-13 0.0025 1 1 2.5 0.005 227 5 1 1 
0.07125 -1.25465e-15 1.13687e-13 0.0025 1 1 2.5 0.005 228 5 1 1 
0.07375 2.70101e-15 -1.79366e-43 0.0025 1 1 2.5 0.005 229 5 1 1 
0.07625 1.92258e-15 -5.68434e-14 0.0025 1 1 2.5 0.005 230 5 1 1 
0.07875 1.35148e-15 1.13687e-13 0.0025 1 1 2.5 0.005 231 5 1 1 
0.08125 8.66761e-16 2.24208e-44 0.0025 1 1 2.5 0.005 232 5 1 1 
0.08375 4.50736e-16 2.24208e-44 0.0025 1 1 2.5 0.005 233 5 1 1 
0.08625 2.60119e-16 5.68434e-14 0.0025 1 1 2.5 0.005 234 5 1 1 
0.08875 1.04105e-16 1.12104e-44 0.0025 1 1 2.5 0.005 235 5 1 1 
0.09125 7.45684e-16 5.68434e-14 0.0025 1 1 2.5 0.005 236 5 1 1 
0.09375 6.08125e-16 5.68434e-14 0.0025 1 1 2.5 0.005 237 5 1 1 
0.09625 2.67395e-15 1.13687e-13 0.0025 1 1 2.5 0.005 238 5 1 1 
0.09875 2.47213e-15 5.60519e-44 0.0025 1 1 2.5 0.005 239 5 1 1 
0.10125 5.77039e-15 1.13687e-13 0.0025 1 1 2.5 0.005 240 5 1 1 
0.10375 5.16032e-15 1.23314e-43 0.0025 1 1 2.5 0.005 241 5 1 1 
0.10625 6.91441e-15 5.68434e-14 0.0025 1 1 2.5 0.005 242 5 1 1 
0.10875 5.17426e-15 5.68434e-14 0.0025 1 1 2.5 0.005 243 5 1 1 
0.11125 7.2014e-15 -2.69049e-43 0.0025 1 1 2.5 0.005 244 5 1 1 
0.11375 5.102e-15 1.13687e-13 0.0025 1 1 2.5 0.005 245 5 1 1 
0.11625 4.82627e-15 -1.13687e-13 0.0025 1 1 2.5 0.005 246 5 1 1 
0.11875 2.42274e-15 1.13687e-13 0.0025 1 1 2.5 0.005 247 5 1 1 
0.12125 2.32426e-15 -5.68434e-14 0.0025 1 1 2.5 0.005 248 5 1 1 
0.12375 -4.96181e-16 5.68434e-14 0.0025 1 1 2.5 0.005 249 4 1 1 
0.12625 4.96181e-16 -5.68434e-14 0.0025 1 1 2.5 0.005 250 4 1 1 
0.12875 -2.32426e-15 5.68434e-14 0.0025 1 1 2.5 0.005 251 5 1 1 
0.13125 -2.42274e-15 -1.13687e-13 0.0025 1 1 2.5 0.005 252 5 1 1 
0.13375 -4.82627e-15 1.13687e-13 0.0025 1 1 2.5 0.005 253 5 1 1 
0.13625 -5.102e-15 -1.13687e-13 0.0025 1 1 2.5 0.005 254 5 1 1 
0.13875 -7.2014e-15 2.69049e-43 0.0025 1 1 2.5 0.005 255 5 1 1 
0.14125 -5.17426e-15 -5.68434e-14 0.0025 1 1 2.5 0.005 256 5 1 1 
0.14375 -6.91441e-15 -5.68434e-14 0.0025 1 1 2.5 0.005 257 5 1 1 
0.14625 -5.16032e-15 3.9443e-29 0.0025 1 1 2.5 0.005 258 5 1 1 
0.14875 -5.70092e-15 -1.36424e-12 0.0025 1 1 2.5 0.005 259 5 1 1 
0.15125 -1.84011e-14 -1.76215e-11 0.0025 1 1 2.5 0.005 260 4 1 1 
0.15375 -5.97267e-14 -3.75167e-11 0.0025 1 1 2.5 0.005 261 4 1 1 
0.15625 -1.83406e-13 -1.28694e-10 0.0025 1 1 2.5 0.005 262 4 1 1 
0.15875 -5.4211e-13 -3.39355e-10 0.0025 1 1 2.5 0.005 263 4 1 1 
0.16125 -1.59761e-12 -9.90667e-10 0.0025 1 1 2.5 0.005 264 4 1 1 
0.16375 -4.4669e-12 -2.68801e-09 0.0025 1 1 2.5 0.005 265 4 1 1 
0.16625 -1.22799e-11 -7.15062e-09 0.0025 1 1 2.5 0.005 266 4 1 1 
0.16875 -3.28378e-11 -1.85545e-08 0.0025 1 1 2.5 0.005 267 4 1 1 
0.17125 -8.56535e-11 -4.69793e-08 0.0025 1 1 2.5 0.005 268 4 1 1 
0.17375 -2.17977e-10 -1.15924e-07 0.0025 1 1 2.5 0.005 269 4 1 1 
0.17625 -5.41484e-10 -2.79243e-07 0.0025 1 1 2.5 0.005 270 4 1 1 
0.17875 -1.31353e-09 -6.56684e-07 0.0025 1 1 2.5 0.005 271 4 1 1 
0.18125 -3.11269e-09 -1.50808e-06 0.0025 1 1 2.5 0.005 272 4 1 1 
0.18375 -7.20802e-09 -3.38305e-06 0.0025 1 1 2.5 0.005 273 4 1 1 
0.18625 -1.63158e-08 -7.41506e-06 0.0025 1 1 2.5 0.005 274 4 1 1 
0.18875 -3.61094e-08 -1.58827e-05 0.0025 1 1 2.5 0.005 275 4 1 1 
0.19125 -7.81545e-08 -3.32516e-05 0.0025 1 1 2.5 0.005 276 4 1 1 
0.19375 -1.65461e-07 -6.8052e-05 0.0025 1 1 2.5 0.005 277 4 1 1 
0.19625 -3.42707e-07 -0.000136163 0.0025 1 1 2.5 0.005 278 4 1 1 
0.19875 -6.94549e-07 -0.000266383 0.0025 1 1 2.5 0.005 279 4 1 1 
0.20125 -1.37751e-06 -0.000509579 0.0025 1 1 2.5 0.00499999 280 4 1 1 
0.20375 -2.67395e-06 -0.000953225 0.0025 1 1 2.5 0.00499999 281 4 1 1 
0.20625 -5.08064e-06 -0.00174368 0.0025 1 1.00001 2.5 0.00499998 282 4 1 1 
0.20875 -9.44994e-06 -0.00311905 0.0025 1.00001 1.00001 2.50001 0.00499996 283 4 1 1 
0.21125 -1.72074e-05 -0.00545574 0.0025 1.00001 1.00002 2.50001 0.00499993 284 4 1 1 
0.21375 -3.06763e-05 -0.00933112 0.0025 1.00002 1.00003 2.50002 0.00499988 285 4 1 1 
0.21625 -5.35434e-05 -0.0156035 0.0025 1.00004 1.00006 2.50004 0.00499979 286 4 1 1 
0.21875 -9.15019e-05 -0.0255072 0.0025 1.00007 1.0001 2.50007 0.00499965 287 4 1 1 
0.221249 -0.000153099 -0.0407538 0.0025 1.00012 1.00017 2.50012 0.00499941 288 4 1 1 
0.223749 -0.000250792 -0.0636238 0.0025 1.00019 1.00027 2.50019 0.00499903 289 4 1 1 
0.226249 -0.000402178 -0.0970188 0.0025 1.00031 1.00044 2.50031 0.00499844 290 4 1 1 
0.228748 -0.00063128 -0.144428 0.0025 1.00049 1.00069 2.50049 0.00499754 291 4 1 1 
0.231246 -0.000969688 -0.20975 0.0025 1.00076 1.00106 2.50076 0.00499621 292 4 1 1 
0.233744 -0.00145718 -0.296895 0.0025 1.00114 1.0016 2.50114 0.0049943 293 4 1 0.999999 
0.23624 -0.00214135 -0.409091 0.0025 1.00168 1.00235 2.50168 0.0049916 294 4 1 0.999998 
0.238735 -0.00307548 -0.547857 0.0025 1.00242 1.00339 2.50242 0.00498791 295 4 1 0.999997 
0.241228 -0.00431419 -0.711687 0.0025 1.00341 1.00477 2.5034 0.00498299 296 4 1 0.999995 
0.243718 -0.00590609 -0.894636 0.0025 1.00469 1.00656 2.50468 0.00497666 297 4 1 0.999992 
0.246205 -0.00788373 -1.08521 0.0025 1.00629 1.00881 2.50627 0.00496876 298 4 1 0.999989 
0.248687 -0.0102519 -1.26617 0.0025 1.00821 1.01151 2.5082 0.00495926 299 4 1 0.999985 
0.251164 -0.0129763 -1.41578 0.0025 1.01045 1.01466 2.51043 0.00494828 300 4 1 0.999981 
0.253635 -0.0159768 -1.51093 0.0025 1.01294 1.01817 2.5129 0.00493612 301 4 1 0.99998 
0.2561 -0.0191271 -1.53127 0.0025 1.01559 1.0219 2.51554 0.00492325 302 4 1 0.99998 
0.258559 -0.0222645 -1.46429 0.0025 1.01826 1.02568 2.51819 0.00491032 303 4 1 0.999982 
0.261011 -0.0252065 -1.30584 0.0025 1.02082 1.02928 2.52072 0.00489804 304 4 1 0.999986 
0.263457 -0.0277696 -1.06332 0.0025 1.02308 1.03249 2.52297 0.0048872 305 4 1 0.999993 
0.265898 -0.0297502 -0.692396 0.0025 1.02482 1.03496 2.52469 0.00487892 306 3 1 1 
0.268336 -0.0303246 0.679357 0.0025 1.02462 1.0348 2.52459 0.00487986 307 4 1 1 
0.270778 -0.0232487 6.92516 0.0025 1.01803 1.02557 2.51816 0.00491145 308 4 1 0.99996 
0.273247 -0.00523025 8.96194 0.0025 1.0051 1.00715 2.50515 0.00497461 309 4 1 0.999574 
0.275753 0.00824313 3.63616 0.0025 0.994376 0.991965 2.49426 0.00502828 310 4 1 0.999605 
0.278276 0.0127751 1.52143 0.0025 0.989004 0.984629 2.48897 0.00505559 311 4 1 0.999899 
0.280808 0.018787 4.17988 0.0025 0.983411 0.976966 2.48345 0.00508434 312 4 1 0.99993 
0.28336 0.0300485 5.80372 0.0025 0.97468 0.964787 2.47457 0.00512989 313 4 1 0.999794 
0.285938 0.042237 5.24417 0.0025 0.964951 0.951272 2.46461 0.00518161 314 4 1 0.999704 
0.288542 0.0531834 4.74842 0.0025 0.955853 0.938749 2.45529 0.00523093 315 4 1 0.999734 
0.291169 0.0639573 4.89346 0.0025 0.946997 0.926612 2.44618 0.00527985 316 4 1 0.999751 
0.293822 0.0752609 5.04534 0.0025 0.937912 0.91419 2.43677 0.00533099 317 4 1 0.999734 
0.2965 0.0868568 5.04709 0.0025 0.928666 0.901594 2.42713 0.00538407 318 4 1 0.999717 
0.299206 0.0985745 5.03727 0.0025 0.919376 0.888992 2.41739 0.00543847 319 4 1 0.999709 
0.301939 0.110413 5.04399 0.0025 0.910046 0.876389 2.40754 0.00549423 320 4 1 0.999701 
0.3047 0.12243 5.0454 0.0025 0.900672 0.863777 2.39759 0.00555141 321 4 1 0.999692 
0.307491 0.134598 5.05443 0.0025 0.89125 0.851153 2.38753 0.0056101 322 4 1 0.999682 
0.310311 0.146918 5.04466 0.0025 0.881788 0.83853 2.37736 0.00567029 323 4 1 0.999673 
0.313161 0.159414 5.04253 0.0025 0.872295 0.825919 2.36709 0.00573201 324 4 1 0.999663 
0.316043 0.172049 5.04891 0.0025 0.862758 0.813305 2.35671 0.00579537 325 4 1 0.999653 
0.318957 0.184842 5.03711 0.0025 0.853185 0.800699 2.34621 0.00586039 326 4 1 0.999643 
0.321903 0.197799 5.02959 0.0025 0.843585 0.788115 2.33562 0.00592708 327 4 1 0.999633 
0.324884 0.210918 5.02297 0.0025 0.833955 0.775549 2.32492 0.00599553 328 4 1 0.999622 
0.327899 0.224192 5.0133 0.0025 0.824296 0.763003 2.31411 0.00606578 329 4 1 0.999611 
0.33095 0.237649 5.00728 0.0025 0.814607 0.750476 2.30319 0.00613793 330 4 1 0.9996 
0.334037 0.251249 5.00371 0.0025 0.804882 0.737963 2.29215 0.00621209 331 4 1 0.999588 
0.337162 0.265049 4.98498 0.0025 0.79513 0.725477 2.28101 0.00628828 332 4 1 0.999575 
0.340326 0.279023 4.98178 0.0025 0.785351 0.713018 2.26975 0.00636658 333 4 1 0.999563 
0.343529 0.293174 4.97011 0.0025 0.77554 0.700578 2.25836 0.00644712 334 4 1 0.999549 
0.346773 0.307509 4.9546 0.0025 0.765705 0.688172 2.24686 0.00652993 335 4 1 0.999535 
0.350059 0.322022 4.94481 0.0025 0.755845 0.675798 2.23525 0.00661511 336 4 1 0.999521 
0.353389 0.336716 4.92189 0.0025 0.745965 0.663464 2.22352 0.00670273 337 4 1 0.999507 
0.356762 0.351628 4.9126 0.0025 0.736065 0.65117 2.21167 0.00679288 338 4 1 0.999492 
0.360182 0.366703 4.89916 0.0025 0.726137 0.638907 2.19969 0.00688576 339 4 1 0.999476 
0.363648 0.381984 4.87285 0.0025 0.716195 0.626695 2.18759 0.00698134 340 4 1 0.99946 
0.367163 0.397439 4.84503 0.0025 0.706252 0.614548 2.17539 0.00707963 341 4 1 0.999445 
0.370728 0.413056 4.81365 0.0025 0.696313 0.602476 2.1631 0.00718067 342 4 1 0.99943 
0.374345 0.428864 4.78361 0.0025 0.686385 0.590484 2.15071 0.00728454 343 4 1 0.999415 
0.378013 0.444772 4.73348 0.0025 0.676486 0.578596 2.13825 0.00739114 344 4 1 0.999401 
0.381736 0.46078 4.65937 0.0025 0.666659 0.566864 2.12577 0.00750009 345 4 1 0.999391 
0.385514 0.476806 4.57713 0.0025 0.656943 0.555332 2.11333 0.00761101 346 4 1 0.999387 
0.389348 0.492732 4.44923 0.0025 0.647397 0.544068 2.10099 0.00772323 347 4 1 0.999389 
0.393238 0.508417 4.28303 0.0025 0.638111 0.533174 2.08889 0.00783562 348 4 1 0.999402 
0.397184 0.523653 4.06074 0.0025 0.629185 0.522761 2.07715 0.00794679 349 4 1 0.999428 
0.401185 0.538304 3.81096 0.0025 0.620703 0.512923 2.06591 0.00805538 350 4 1 0.999466 
0.405239 0.552242 3.58263 0.0025 0.612673 0.503658 2.05518 0.00816096 351 4 1 0.999508 
0.409346 0.565678 3.44257 0.0025 0.604975 0.494823 2.04481 0.0082648 352 4 1 0.999539 
0.413505 0.579125 3.4892 0.0025 0.597332 0.486096 2.03445 0.00837055 353 4 1 0.999541 
0.417717 0.593287 3.68355 0.0025 0.58941 0.477096 2.02361 0.00848306 354 4 1 0.999502 
0.421988 0.608555 3.91141 0.0025 0.581032 0.467629 2.01206 0.00860538 355 4 1 0.99943 
0.426323 0.624682 3.96534 0.0025 0.572346 0.457871 1.99998 0.00873597 356 4 1 0.999362 
0.430725 0.640841 3.76341 0.0025 0.563806 0.448332 1.98798 0.0088683 357 4 1 0.99935 
0.435192 0.655748 3.24194 0.0025 0.556036 0.439703 1.97698 0.00899223 358 4 1 0.999427 
0.439717 0.667952 2.37966 0.0025 0.54976 0.432768 1.96802 0.00909487 359 4 1 0.999596 
0.444287 0.675869 1.21642 0.0025 0.545671 0.428268 1.96215 0.00916303 360 4 1 0.999809 
0.44888 0.678798 0.135675 0.0025 0.543965 0.4264 1.9597 0.00919177 361 4 1 0.999962 
0.453479 0.678634 -0.0559421 0.0025 0.543715 0.426132 1.95936 0.00919599 362 5 1 0.999999 
0.458076 0.678507 -0.0677023 0.0025 0.543802 0.42623 1.95949 0.00919453 363 4 1 1 
0.462673 0.678154 -0.102231 0.0025 0.54395 0.426393 1.95971 0.00919202 364 4 1 0.999999 
0.467268 0.677692 -0.118391 0.0025 0.544174 0.42664 1.96004 0.00918824 365 4 1 0.999999 
0.471861 0.677165 -0.121191 0.0025 0.544434 0.426927 1.96042 0.00918385 366 4 1 0.999999 
0.476452 0.676637 -0.115118 0.0025 0.544704 0.427225 1.96081 0.0091793 367 4 1 0.999999 
0.481041 0.676147 -0.102423 0.0025 0.544961 0.427508 1.96119 0.00917497 368 4 1 0.999999 
0.485627 0.675714 -0.0871931 0.0025 0.545191 0.427763 1.96153 0.0091711 369 4 1 1 
0.490212 0.675349 -0.0725086 0.0025 0.545388 0.427981 1.96182 0.00916778 370 4 1 1 
0.494795 0.675046 -0.0595023 0.0025 0.545553 0.428163 1.96206 0.00916502 371 4 1 1 
0.499377 0.674798 -0.048663 0.0025 0.545687 0.428313 1.96226 0.00916276 372 4 1 1 
0.503958 0.674594 -0.0402399 0.0025 0.545798 0.428436 1.96243 0.00916091 373 4 1 1 
0.508538 0.674424 -0.0338883 0.0025 0.545888 0.428538 1.96257 0.00915938 374 4 1 1 
0.513117 0.674281 -0.0290145 0.0025 0.545964 0.428623 1.96269 0.00915811 375 4 1 1 
0.517696 0.674158 -0.0251965 0.0025 0.546029 0.428696 1.96279 0.00915703 376 4 1 1 
0.522274 0.674051 -0.0221348 0.0025 0.546084 0.42876 1.96288 0.0091561 377 4 1 1 
0.526852 0.673956 -0.0195836 0.0025 0.546132 0.428816 1.96297 0.0091553 378 4 1 1 
0.531429 0.673872 -0.017392 0.0025 0.546174 0.428865 1.96304 0.0091546 379 4 1 1 
0.536006 0.673797 -0.0154779 0.0025 0.54621 0.428908 1.96311 0.00915399 380 4 1 1 
0.540583 0.67373 -0.0137851 0.0025 0.546242 0.428947 1.96317 0.00915346 381 4 1 1 
0.54516 0.67367 -0.0122864 0.0025 0.546269 0.428982 1.96323 0.009153 382 4 1 1 
0.549736 0.673616 -0.010973 0.0025 0.546293 0.429012 1.96329 0.0091526 383 4 1 1 
0.554313 0.673569 -0.00982611 0.0025 0.546313 0.42904 1.96334 0.00915227 384 4 1 1 
0.558889 0.673526 -0.00881304 0.0025 0.54633 0.429065 1.9634 0.00915199 385 4 1 1 
0.563465 0.673487 -0.00790446 0.0025 0.546343 0.429087 1.96345 0.00915176 386 4 1 1 
0.56804 0.673453 -0.00708646 0.0025 0.546354 0.429106 1.9635 0.00915158 387 4 1 1 
0.572616 0.673421 -0.00635883 0.0025 0.546361 0.429124 1.96355 0.00915145 388 4 1 1 
0.577192 0.673393 -0.00572322 0.0025 0.546366 0.42914 1.96361 0.00915137 389 4 1 1 
0.581767 0.673367 -0.00517225 0.0025 0.546368 0.429154 1.96367 0.00915135 390 3 1 1 
0.586343 0.673343 -0.00468992 0.0025 0.546366 0.429167 1.96373 0.00915138 391 4 1 1 
0.590919 0.673321 -0.00425989 0.0025 0.54636 0.429178 1.96381 0.00915148 392 4 1 1 
0.595495 0.673301 -0.00387121 0.0025 0.546348 0.429186 1.96389 0.00915168 393 4 1 1 
0.600071 0.673283 -0.00351801 0.0025 0.546317 0.429182 1.96398 0.00915219 394 4 1 1 
0.604647 0.673266 -0.00319677 0.0025 0.546219 0.429141 1.96414 0.00915383 395 4 1 1 
0.609224 0.67325 -0.00290482 0.0025 0.545818 0.428879 1.96438 0.00916056 396 4 1 0.999999 
0.613807 0.673235 -0.00264047 0.0025 0.544192 0.427068 1.96194 0.00918794 397 4 1 0.999987 
0.618412 0.673222 -0.00240015 0.0025 0.531018 0.411672 1.93812 0.00941588 398 4 1 0.999663 
0.623228 0.673209 -0.00217132 0.0025 0.506915 0.440395 2.17194 0.00986359 399 4 1 0.994694 
0.628283 0.673195 -0.00195005 0.0025 0.481397 0.415625 2.15843 0.0103864 400 4 1 0.993713 
0.633624 0.673182 -0.00173124 0.0025 0.458902 0.450167 2.45242 0.0108956 401 4 1 0.993697 
0.639184 0.67317 -0.00151311 0.0025 0.450273 0.430677 2.3912 0.0111044 402 5 1 0.998655 
0.644728 0.673158 -0.00130299 0.0025 0.451868 0.428996 2.37346 0.0110652 403 4 1 0.999967 
0.650249 0.673146 -0.001102 0.0025 0.45349 0.428949 2.36471 0.0110256 404 4 1 0.999986 
0.655754 0.673135 -0.000912119 0.0025 0.454576 0.429082 2.35979 0.0109993 405 4 1 0.999994 
0.661249 0.673125 -0.000734123 0.0025 0.455273 0.429162 2.35662 0.0109824 406 4 1 0.999997 
0.666737 0.673114 -0.00056655 0.0025 0.455744 0.429203 2.35441 0.0109711 407 4 1 0.999999 
0.67222 0.673104 -0.000406729 0.0025 0.456078 0.429225 2.35281 0.010963 408 4 1 0.999999 
0.6777 0.673094 -0.000251837 0.0025 0.456324 0.429239 2.35161 0.0109571 409 4 1 1 
0.683177 0.673085 -9.89426e-05 0.0025 0.45651 0.429247 2.3507 0.0109527 410 4 1 1 
0.688652 0.673075 5.57077e-05 0.0025 0.456654 0.429252 2.34998 0.0109492 411 4 1 1 
0.694126 0.673065 0.000217022 0.0025 0.456767 0.429255 2.34942 0.0109465 412 4 1 1 
0.699599 0.673055 0.000393933 0.0025 0.456857 0.429257 2.34897 0.0109443 413 4 1 1 
0.70507 0.673045 0.000608135 0.0025 0.456928 0.429257 2.3486 0.0109426 414 4 1 1 
0.710541 0.673034 0.000917947 0.0025 0.456985 0.429256 2.34831 0.0109413 415 4 1 1 
0.716012 0.673021 0.00152873 0.0025 0.457029 0.429253 2.34806 0.0109402 416 4 1 1 
0.721482 0.673002 0.00303021 0.0025 0.457061 0.429244 2.34785 0.0109395 417 4 1 1 
0.726951 0.672966 0.00734445 0.0025 0.457074 0.429219 2.34764 0.0109392 418 3 1 1 
0.732421 0.672877 0.0205611 0.0025 0.457044 0.429145 2.34739 0.0109399 419 4 1 1 
0.737891 0.672625 0.0599908 0.0025 0.456898 0.428925 2.34694 0.0109434 420 4 1 1 
0.743364 0.671883 0.178813 0.0025 0.45642 0.428275 2.34583 0.0109548 421 4 1 0.999998 
0.748846 0.669749 0.506804 0.0025 0.455031 0.426433 2.34286 0.0109883 422 4 1 0.999983 
0.754352 0.663929 1.31641 0.0025 0.451412 0.421675 2.33527 0.0110764 423 4 1 0.999881 
0.759923 0.649659 3.18543 0.0025 0.442889 0.410527 2.31725 0.0112895 424 4 1 0.999317 
0.765644 0.617211 6.62461 0.0025 0.425718 0.388245 2.2798 0.0117449 425 4 1 0.997036 
0.771676 0.553936 13.224 0.0025 0.394986 0.348898 2.20807 0.0126587 426 4 1 0.990676 
0.778339 0.422253 26.2015 0.0025 0.348243 0.290678 2.08665 0.0143578 427 4 1 0.977285 
0.786153 0.223658 29.4213 0.0025 0.298663 0.232175 1.94365 0.0167413 428 4 1 0.960977 
0.795228 0.0675304 15.4972 0.0025 0.265803 0.195887 1.84268 0.0188109 429 4 1 0.970073 
0.805017 0.00911197 3.4773 0.0025 0.252962 0.182488 1.80363 0.0197658 430 4 1 0.992609 
0.814998 -5.25343e-06 0.227819 0.0025 0.250216 0.179715 1.79561 0.0199827 431 4 1 0.999558 
0.825 -0.00012632 -0.0465801 0.0025 0.24998 0.17948 1.79494 0.0200016 432 5 1 0.999996 
0.835 3.31726e-06 -0.00222118 0.0025 0.249997 0.179497 1.79499 0.0200002 433 4 1 1 
0.845 2.77073e-06 0.000444585 0.0025 0.25 0.1795 1.795 0.02 434 3 1 1 
0.855 7.12597e-07 0.000152162 0.0025 0.25 0.1795 1.795 0.02 435 4 1 1 
0.865 1.61779e-07 3.58523e-05 0.0025 0.25 0.1795 1.795 0.02 436 4 1 1 
0.875 3.56413e-08 8.01523e-06 0.0025 0.25 0.1795 1.795 0.02 437 4 1 1 
0.885 7.6982e-09 1.76091e-06 0.0025 0.25 0.1795 1.795 0.02 438 4 1 1 
0.895 1.62598e-09 3.79916e-07 0.0025 0.25 0.1795 1.795 0.02 439 4 1 1 
0.905 3.34384e-10 8.01283e-08 0.0025 0.25 0.1795 1.795 0.02 440 4 1 1 
0.915 6.66437e-11 1.64405e-08 0.0025 0.25 0.1795 1.795 0.02 441 4 1 1 
0.925 1.28288e-11 3.26213e-09 0.0025 0.25 0.1795 1.795 0.02 442 4 1 1 
0.935 2.38724e-12 6.29313e-10 0.0025 0.25 0.1795 1.795 0.02 443 4 1 1 
0.945 4.22179e-13 1.13033e-10 0.0025 0.25 0.1795 1.795 0.02 444 4 1 1 
0.955 6.90288e-14 2.43006e-11 0.0025 0.25 0.1795 1.795 0.02 445 4 1 1 
0.965 8.59028e-15 1.33582e-12 0.0025 0.25 0.1795 1.795 0.02 446 5 1 1 
0.975 1.04864e-15 1.56319e-13 0.0025 0.25 0.1795 1.795 0.02 447 5 1 1 
0.985 4.77726e-15 2.13163e-13 0.0025 0.25 0.1795 1.795 0.02 448 5 1 1 
0.995 -2.17886e-15 2.41585e-13 0.0025 0.25 0.1795 1.795 0.02 449 3 1 1 
1.005 2.17886e-15 -2.41585e-13 0.0025 0.25 0.1795 1.795 0.02 450 3 1 1 
1.015 -4.79895e-15 -2.27374e-13 0.0025 0.25 0.1795 1.795 0.02 451 5 1 1 
1.025 -1.90748e-15 -5.25802e-13 0.0025 0.25 0.1795 1.795 0.02 452 5 1 1 
1.035 -1.43676e-14 -3.43903e-12 0.0025 0.25 0.1795 1.795 0.02 453 5 1 1 
1.045 -1.45924e-13 -5.05196e-11 0.0025 0.25 0.1795 1.795 0.02 454 4 1 1 
1.055 -9.35439e-13 -2.51077e-10 0.0025 0.25 0.1795 1.795 0.02 455 4 1 1 
1.065 -5.19185e-12 -1.36021e-09 0.0025 0.25 0.1795 1.795 0.02 456 4 1 1 
1.075 -2.77558e-11 -6.94216e-09 0.0025 0.25 0.1795 1.795 0.02 457 4 1 1 
1.085 -1.40678e-10 -3.36069e-08 0.0025 0.25 0.1795 1.795 0.02 458 4 1 1 
1.095 -6.77544e-10 -1.54416e-07 0.0025 0.25 0.1795 1.795 0.02 459 4 1 1 
1.105 -3.0985e-09 -6.72552e-07 0.0025 0.25 0.1795 1.795 0.02 460 4 1 1 
1.115 -1.3447e-08 -2.77444e-06 0.0025 0.25 0.1795 1.795 0.02 461 4 1 1 
1.125 -5.53378e-08 -1.08293e-05 0.0025 0.25 0.1795 1.795 0.02 462 4 1 1 
1.135 -2.15756e-07 -3.99467e-05 0.0025 0.25 0.1795 1.795 0.02 463 4 1 1 
1.145 -7.96156e-07 -0.000139062 0.0025 0.25 0.1795 1.795 0.02 464 4 1 1 
1.155 -2.7773e-06 -0.000456138 0.0025 0.250001 0.179501 1.795 0.0199999 465 4 1 1 
1.165 -9.14694e-06 -0.00140726 0.0025 0.250002 0.179502 1.79501 0.0199998 466 4 1 1 
1.175 -2.84019e-05 -0.00407565 0.0025 0.250006 0.179506 1.79502 0.0199995 467 4 1 1 
1.185 -8.30205e-05 -0.0110566 0.0025 0.250019 0.179519 1.79505 0.0199985 468 4 1 1 
1.195 -0.000228083 -0.0280265 0.0025 0.250052 0.179552 1.79515 0.0199959 469 4 1 1 
1.205 -0.000587855 -0.0661693 0.0025 0.250132 0.179633 1.79538 0.0199894 470 4 1 0.999998 
1.21499 -0.00141789 -0.144787 0.0025 0.250319 0.179821 1.79592 0.0199745 471 4 1 0.999991 
1.22497 -0.00318746 -0.290995 0.0025 0.250718 0.180222 1.79706 0.0199428 472 4 1 0.999967 
1.23493 -0.00663129 -0.528513 0.0025 0.251494 0.181004 1.79929 0.0198812 473 4 1 0.999902 
1.24485 -0.012625 -0.845342 0.0025 0.252853 0.182377 1.80319 0.0197743 474 4 1 0.999783 
1.25471 -0.0216914 -1.15148 0.0025 0.254936 0.184488 1.80916 0.0196128 475 4 1 0.999655 
1.26446 -0.0332299 -1.28628 0.0025 0.257659 0.18726 1.81693 0.0194055 476 4 1 0.999635 
1.27411 -0.0451386 -1.11109 0.0025 0.260596 0.190263 1.82526 0.0191868 477 4 1 0.999833 
1.28365 -0.0542748 -0.534994 0.0025 0.262845 0.192574 1.83161 0.0190226 478 3 1 1.00004 
1.29313 -0.0532205 1.63005 0.0025 0.261376 0.191075 1.82755 0.0191295 479 4 1 1.00017 
1.30278 -0.0143193 5.95565 0.0025 0.252499 0.182051 1.80247 0.019802 480 4 1 0.998246 
1.31295 0.0437927 4.97969 0.0025 0.239921 0.169479 1.76601 0.0208402 481 4 1 0.993406 
1.32364 0.0859562 3.29315 0.0025 0.229365 0.159135 1.73453 0.0217993 482 4 1 0.994498 
1.33476 0.125068 3.66881 0.0025 0.219888 0.15001 1.70553 0.0227388 483 4 1 0.995633 
1.34639 0.172395 4.12013 0.0025 0.209533 0.140217 1.67296 0.0238625 484 4 1 0.994488 
1.35864 0.224868 4.12374 0.0025 0.198491 0.129983 1.63715 0.0251901 485 4 1 0.993037 
1.37161 0.280533 4.07375 0.0025 0.187189 0.119744 1.59924 0.026711 486 4 1 0.991965 
1.38538 0.340073 4.05668 0.0025 0.175665 0.109554 1.55914 0.0284633 487 4 1 0.990782 
1.40011 0.404253 4.03475 0.0025 0.163886 0.0994126 1.51649 0.030509 488 4 1 0.989289 
1.41594 0.473774 3.99892 0.0025 0.151845 0.0893425 1.47095 0.0329283 489 4 1 0.987451 
1.4331 0.549484 3.94785 0.0025 0.139543 0.0793784 1.42212 0.0358314 490 4 1 0.985181 
1.45187 0.632445 3.87639 0.0025 0.126983 0.0695624 1.36953 0.0393754 491 4 1 0.982355 
1.47261 0.723992 3.78031 0.0025 0.114173 0.0599431 1.31256 0.0437933 492 4 1 0.97881 
1.49586 0.825979 3.66186 0.0025 0.101104 0.0505648 1.25032 0.0494542 493 4 1 0.974303 
1.52236 0.941373 3.53125 0.0025 0.0877234 0.041453 1.18136 0.0569973 494 4 1 0.968463 
1.55335 1.07539 3.39882 0.0025 0.0738879 0.032599 1.10299 0.0676701 495 4 1 0.960938 
1.59097 1.23786 3.26285 0.0025 0.0593744 0.0239998 1.01053 0.0842114 496 4 1 0.95262 
1.63969 1.44907 3.1034 0.0025 0.0444039 0.0159751 0.899422 0.112603 497 4 1 0.949013 
1.70923 1.75265 2.87166 0.0025 0.0296681 0.00908062 0.765186 0.168531 498 5 1 0.978792 
1.82976 2.28304 2.43516 0.0025 0.0170892 0.00469867 0.687377 0.292583 499 5 1 1.04216 
