# Time [s]: 0.0616861
# Columns: pos [m], vel [m/s], acc [m/s^2], mass [kg], dens [kg/m^3], pres [Pa], ene [J/kg], sml [m], id, neighbor, alpha, gradh, ...additional?
1.46071 -0.674673 0.0347713 0.0025 0.506091 0.439298 2.17006 0.00987965 0 4 1 0.994743 
1.46553 -0.674909 0.0474499 0.0025 0.53006 0.410585 1.9365 0.00943289 1 4 1 0.999694 
1.47014 -0.675181 0.0632867 0.0025 0.543036 0.425878 1.96063 0.0092075 2 4 1 0.999992 
1.47474 -0.67554 0.0848552 0.0025 0.544469 0.427415 1.96253 0.00918327 3 4 1 1 
1.47933 -0.676008 0.113021 0.0025 0.544626 0.427382 1.96181 0.00918061 4 3 1 1 
1.48392 -0.676654 0.155755 0.0025 0.544375 0.427051 1.9612 0.00918484 5 4 1 1 
1.48851 -0.677512 0.203368 0.0025 0.543948 0.426553 1.96045 0.00919206 6 4 1 0.999998 
1.49311 -0.67856 0.252981 0.0025 0.543367 0.425894 1.95951 0.00920188 7 4 1 0.999997 
1.49771 -0.68004 0.377586 0.0025 0.542636 0.425074 1.95838 0.00921427 8 4 1 0.999995 
-0.497676 -0.681386 0.296196 0.0025 0.541779 0.424118 1.95706 0.00922886 9 4 1 0.999993 
-0.493058 -0.684671 0.577551 0.0025 0.541743 0.424035 1.9569 0.00922947 10 5 1 0.999537 
-0.488447 -0.674395 -5.14077 0.0025 0.547765 0.430625 1.96551 0.00912801 11 4 1 0.998067 
-0.483929 -0.644849 -7.98206 0.0025 0.561732 0.446104 1.98542 0.00890104 12 4 1 0.99796 
-0.479544 -0.613594 -6.87751 0.0025 0.577717 0.463986 2.00781 0.00865475 13 4 1 0.998367 
-0.475272 -0.58835 -5.9874 0.0025 0.592294 0.480432 2.02787 0.00844175 14 4 1 0.998146 
-0.4711 -0.562453 -7.41102 0.0025 0.607555 0.497823 2.04855 0.00822971 15 4 1 0.997351 
-0.467041 -0.529864 -9.78384 0.0025 0.626343 0.519497 2.07363 0.00798285 16 4 1 0.996502 
-0.463115 -0.490677 -11.7447 0.0025 0.649148 0.54617 2.1035 0.0077024 17 4 1 0.995977 
-0.459335 -0.44755 -13.0863 0.0025 0.674976 0.576834 2.13657 0.00740767 18 4 1 0.995821 
-0.455704 -0.403073 -13.876 0.0025 0.702643 0.610206 2.17117 0.00711599 19 4 1 0.995931 
-0.452216 -0.35877 -14.2711 0.0025 0.73118 0.64518 2.20601 0.00683826 20 4 1 0.996157 
-0.448862 -0.315486 -14.5363 0.0025 0.760013 0.681075 2.24039 0.00657884 21 4 1 0.996434 
-0.445634 -0.273592 -14.6513 0.0025 0.788826 0.717494 2.27397 0.00633853 22 4 1 0.996729 
-0.442521 -0.233313 -14.6427 0.0025 0.817377 0.754107 2.30653 0.00611713 23 4 1 0.997 
-0.439515 -0.19473 -14.6576 0.0025 0.845585 0.79078 2.33802 0.00591307 24 4 1 0.997197 
-0.436606 -0.157352 -14.9982 0.0025 0.873638 0.827751 2.36874 0.00572319 25 4 1 0.997416 
-0.43379 -0.120538 -15.1109 0.0025 0.901455 0.864943 2.39867 0.00554659 26 4 1 0.998013 
-0.431058 -0.0873489 -12.5105 0.0025 0.927059 0.899543 2.42567 0.0053934 27 4 1 0.998528 
-0.428396 -0.0618199 -10.306 0.0025 0.949348 0.92971 2.4486 0.00526677 28 4 1 0.997801 
-0.425791 -0.0323182 -18.0414 0.0025 0.975333 0.965482 2.47522 0.00512645 29 4 1 0.996813 
-0.423268 0.0134694 -22.9567 0.0025 1.00902 1.0131 2.50956 0.00495529 30 4 1 0.999042 
-0.420834 0.0456973 -6.78928 0.0025 1.03384 1.04833 2.53412 0.00483632 31 4 1 1.00007 
-0.418431 0.0479625 1.60726 0.0025 1.03883 1.05503 2.53868 0.0048131 32 3 1 1.00001 
-0.416021 0.0418594 3.54389 0.0025 1.03385 1.04781 2.53369 0.00483631 33 4 1 0.99995 
-0.413595 0.0335984 4.23563 0.0025 1.02679 1.03775 2.52668 0.00486957 34 4 1 0.999868 
-0.411151 0.0249282 4.2104 0.0025 1.01961 1.02757 2.51955 0.00490382 35 4 1 0.999853 
-0.408691 0.01709 3.63561 0.0025 1.01331 1.01866 2.51326 0.00493435 36 4 1 0.99988 
-0.406217 0.0108461 2.77634 0.0025 1.00838 1.01172 2.50834 0.00495845 37 4 1 0.999923 
-0.403732 0.0063966 1.90596 0.0025 1.00492 1.00686 2.50489 0.00497554 38 4 1 0.999961 
-0.401241 0.00352091 1.19243 0.0025 1.0027 1.00375 2.50268 0.00498656 39 4 1 0.999983 
-0.398746 0.00181535 0.687444 0.0025 1.00139 1.00193 2.50137 0.00499308 40 4 1 0.999994 
-0.396248 0.000878675 0.367961 0.0025 1.00067 1.00093 2.50066 0.00499665 41 4 1 0.999998 
-0.393749 0.000399575 0.183666 0.0025 1.0003 1.00042 2.5003 0.00499848 42 4 1 1 
-0.39125 0.000170645 0.0856552 0.0025 1.00013 1.00018 2.50013 0.00499935 43 4 1 1 
-0.38875 6.83471e-05 0.0373316 0.0025 1.00005 1.00007 2.50005 0.00499974 44 4 1 1 
-0.38625 2.5617e-05 0.0151903 0.0025 1.00002 1.00003 2.50002 0.0049999 45 4 1 1 
-0.38375 8.95739e-06 0.00575903 0.0025 1.00001 1.00001 2.50001 0.00499997 46 4 1 1 
-0.38125 2.90983e-06 0.00202816 0.0025 1 1 2.5 0.00499999 47 4 1 1 
-0.37875 8.73167e-07 0.000660575 0.0025 1 1 2.5 0.005 48 4 1 1 
-0.37625 2.40084e-07 0.000197738 0.0025 1 1 2.5 0.005 49 4 1 1 
-0.37375 5.97717e-08 5.39045e-05 0.0025 1 1 2.5 0.005 50 4 1 1 
-0.37125 1.32248e-08 1.31949e-05 0.0025 1 1 2.5 0.005 51 4 1 1 
-0.36875 2.5183e-09 2.83346e-06 0.0025 1 1 2.5 0.005 52 4 1 1 
-0.36625 3.87096e-10 5.11048e-07 0.0025 1 1 2.5 0.005 53 4 1 1 
-0.36375 4.05232e-11 6.99441e-08 0.0025 1 1 2.5 0.005 54 4 1 1 
-0.36125 8.52614e-13 4.86426e-09 0.0025 1 1 2.5 0.005 55 4 1 1 
-0.35875 -1.77313e-13 -7.04347e-10 0.0025 1 1 2.5 0.005 56 5 1 1 
-0.35625 1.57161e-13 3.29692e-12 0.0025 1 1 2.5 0.005 57 3 1 1 
-0.35375 6.16703e-14 4.29168e-11 0.0025 1 1 2.5 0.005 58 4 1 1 
-0.35125 1.1168e-14 2.44995e-11 0.0025 1 1 2.5 0.005 59 4 1 1 
-0.34875 3.46059e-17 -5.68434e-13 0.0025 1 1 2.5 0.005 60 5 1 1 
-0.34625 3.41383e-17 -3.9443e-29 0.0025 1 1 2.5 0.005 61 5 1 1 
-0.34375 1.00933e-47 1.12104e-44 0.0025 1 1 2.5 0.005 62 5 1 1 
-0.34125 0 0 0.0025 1 1 2.5 0.005 63 5 1 1 
-0.33875 0 0 0.0025 1 1 2.5 0.005 64 5 1 1 
-0.33625 0 0 0.0025 1 1 2.5 0.005 65 5 1 1 
-0.33375 0 0 0.0025 1 1 2.5 0.005 66 5 1 1 
-0.33125 0 0 0.0025 1 1 2.5 0.005 67 5 1 1 
-0.32875 0 0 0.0025 1 1 2.5 0.005 68 5 1 1 
-0.32625 0 0 0.0025 1 1 2.5 0.005 69 5 1 1 
-0.32375 0 0 0.0025 1 1 2.5 0.005 70 5 1 1 
-0.32125 0 0 0.0025 1 1 2.5 0.005 71 5 1 1 
-0.31875 0 0 0.0025 1 1 2.5 0.005 72 5 1 1 
-0.31625 0 0 0.0025 1 1 2.5 0.005 73 5 1 1 
-0.31375 0 0 0.0025 1 1 2.5 0.005 74 5 1 1 
-0.31125 0 0 0.0025 1 1 2.5 0.005 75 5 1 1 
-0.30875 0 0 0.0025 1 1 2.5 0.005 76 5 1 1 
-0.30625 0 0 0.0025 1 1 2.5 0.005 77 5 1 1 
-0.30375 0 0 0.0025 1 1 2.5 0.005 78 5 1 1 
-0.30125 0 0 0.0025 1 1 2.5 0.005 79 5 1 1 
-0.29875 0 0 0.0025 1 1 2.5 0.005 80 5 1 1 
-0.29625 0 0 0.0025 1 1 2.5 0.005 81 5 1 1 
-0.29375 0 0 0.0025 1 1 2.5 0.005 82 5 1 1 
-0.29125 0 0 0.0025 1 1 2.5 0.005 83 5 1 1 
-0.28875 0 0 0.0025 1 1 2.5 0.005 84 5 1 1 
-0.28625 0 0 0.0025 1 1 2.5 0.005 85 5 1 1 
-0.28375 0 0 0.0025 1 1 2.5 0.005 86 5 1 1 
-0.28125 0 0 0.0025 1 1 2.5 0.005 87 5 1 1 
-0.27875 0 0 0.0025 1 1 2.5 0.005 88 5 1 1 
-0.27625 0 0 0.0025 1 1 2.5 0.005 89 5 1 1 
-0.27375 0 0 0.0025 1 1 2.5 0.005 90 5 1 1 
-0.27125 0 0 0.0025 1 1 2.5 0.005 91 5 1 1 
-0.26875 0 0 0.0025 1 1 2.5 0.005 92 5 1 1 
-0.26625 0 0 0.0025 1 1 2.5 0.005 93 5 1 1 
-0.26375 0 0 0.0025 1 1 2.5 0.005 94 5 1 1 
-0.26125 0 0 0.0025 1 1 2.5 0.005 95 5 1 1 
-0.25875 0 0 0.0025 1 1 2.5 0.005 96 5 1 1 
-0.25625 0 0 0.0025 1 1 2.5 0.005 97 5 1 1 
-0.25375 0 0 0.0025 1 1 2.5 0.005 98 5 1 1 
-0.25125 0 0 0.0025 1 1 2.5 0.005 99 5 1 1 
-0.24875 0 0 0.0025 1 1 2.5 0.005 100 5 1 1 
-0.24625 0 0 0.0025 1 1 2.5 0.005 101 5 1 1 
-0.24375 0 0 0.0025 1 1 2.5 0.005 102 5 1 1 
-0.24125 0 0 0.0025 1 1 2.5 0.005 103 5 1 1 
-0.23875 0 0 0.0025 1 1 2.5 0.005 104 5 1 1 
-0.23625 0 0 0.0025 1 1 2.5 0.005 105 5 1 1 
-0.23375 0 0 0.0025 1 1 2.5 0.005 106 5 1 1 
-0.23125 0 0 0.0025 1 1 2.5 0.005 107 5 1 1 
-0.22875 0 0 0.0025 1 1 2.5 0.005 108 5 1 1 
-0.22625 0 0 0.0025 1 1 2.5 0.005 109 5 1 1 
-0.22375 0 0 0.0025 1 1 2.5 0.005 110 5 1 1 
-0.22125 0 0 0.0025 1 1 2.5 0.005 111 5 1 1 
-0.21875 0 0 0.0025 1 1 2.5 0.005 112 5 1 1 
-0.21625 0 0 0.0025 1 1 2.5 0.005 113 5 1 1 
-0.21375 0 0 0.0025 1 1 2.5 0.005 114 5 1 1 
-0.21125 0 0 0.0025 1 1 2.5 0.005 115 5 1 1 
-0.20875 0 0 0.0025 1 1 2.5 0.005 116 5 1 1 
-0.20625 0 0 0.0025 1 1 2.5 0.005 117 5 1 1 
-0.20375 0 0 0.0025 1 1 2.5 0.005 118 5 1 1 
-0.20125 0 0 0.0025 1 1 2.5 0.005 119 5 1 1 
-0.19875 0 0 0.0025 1 1 2.5 0.005 120 5 1 1 
-0.19625 0 0 0.0025 1 1 2.5 0.005 121 5 1 1 
-0.19375 0 0 0.0025 1 1 2.5 0.005 122 5 1 1 
-0.19125 0 0 0.0025 1 1 2.5 0.005 123 5 1 1 
-0.18875 0 0 0.0025 1 1 2.5 0.005 124 5 1 1 
-0.18625 0 0 0.0025 1 1 2.5 0.005 125 5 1 1 
-0.18375 0 0 0.0025 1 1 2.5 0.005 126 5 1 1 
-0.18125 0 0 0.0025 1 1 2.5 0.005 127 5 1 1 
-0.17875 0 0 0.0025 1 1 2.5 0.005 128 5 1 1 
-0.17625 0 0 0.0025 1 1 2.5 0.005 129 5 1 1 
-0.17375 0 0 0.0025 1 1 2.5 0.005 130 5 1 1 
-0.17125 0 0 0.0025 1 1 2.5 0.005 131 5 1 1 
-0.16875 0 0 0.0025 1 1 2.5 0.005 132 5 1 1 
-0.16625 0 0 0.0025 1 1 2.5 0.005 133 5 1 1 
-0.16375 0 0 0.0025 1 1 2.5 0.005 134 5 1 1 
-0.16125 0 0 0.0025 1 1 2.5 0.005 135 5 1 1 
-0.15875 0 0 0.0025 1 1 2.5 0.005 136 5 1 1 
-0.15625 0 0 0.0025 1 1 2.5 0.005 137 5 1 1 
-0.15375 0 0 0.0025 1 1 2.5 0.005 138 5 1 1 
-0.15125 0 0 0.0025 1 1 2.5 0.005 139 5 1 1 
-0.14875 0 0 0.0025 1 1 2.5 0.005 140 5 1 1 
-0.14625 0 0 0.0025 1 1 2.5 0.005 141 5 1 1 
-0.14375 0 0 0.0025 1 1 2.5 0.005 142 5 1 1 
-0.14125 0 0 0.0025 1 1 2.5 0.005 143 5 1 1 
-0.13875 0 0 0.0025 1 1 2.5 0.005 144 5 1 1 
-0.13625 0 0 0.0025 1 1 2.5 0.005 145 5 1 1 
-0.13375 0 0 0.0025 1 1 2.5 0.005 146 5 1 1 
-0.13125 0 0 0.0025 1 1 2.5 0.005 147 5 1 1 
-0.12875 0 0 0.0025 1 1 2.5 0.005 148 5 1 1 
-0.12625 0 0 0.0025 1 1 2.5 0.005 149 5 1 1 
-0.12375 0 0 0.0025 1 1 2.5 0.005 150 5 1 1 
-0.12125 0 0 0.0025 1 1 2.5 0.005 151 5 1 1 
-0.11875 0 0 0.0025 1 1 2.5 0.005 152 5 1 1 
-0.11625 0 0 0.0025 1 1 2.5 0.005 153 5 1 1 
-0.11375 0 0 0.0025 1 1 2.5 0.005 154 5 1 1 
-0.11125 0 0 0.0025 1 1 2.5 0.005 155 5 1 1 
-0.10875 0 0 0.0025 1 1 2.5 0.005 156 5 1 1 
-0.10625 0 0 0.0025 1 1 2.5 0.005 157 5 1 1 
-0.10375 0 0 0.0025 1 1 2.5 0.005 158 5 1 1 
-0.10125 0 0 0.0025 1 1 2.5 0.005 159 5 1 1 
-0.09875 0 0 0.0025 1 1 2.5 0.005 160 5 1 1 
-0.09625 0 0 0.0025 1 1 2.5 0.005 161 5 1 1 
-0.09375 0 0 0.0025 1 1 2.5 0.005 162 5 1 1 
-0.09125 0 0 0.0025 1 1 2.5 0.005 163 5 1 1 
-0.08875 0 0 0.0025 1 1 2.5 0.005 164 5 1 1 
-0.08625 0 0 0.0025 1 1 2.5 0.005 165 5 1 1 
-0.08375 0 0 0.0025 1 1 2.5 0.005 166 5 1 1 
-0.08125 0 0 0.0025 1 1 2.5 0.005 167 5 1 1 
-0.07875 0 0 0.0025 1 1 2.5 0.005 168 5 1 1 
-0.07625 0 0 0.0025 1 1 2.5 0.005 169 5 1 1 
-0.07375 0 0 0.0025 1 1 2.5 0.005 170 5 1 1 
-0.07125 0 0 0.0025 1 1 2.5 0.005 171 5 1 1 
-0.06875 0 0 0.0025 1 1 2.5 0.005 172 5 1 1 
-0.06625 0 0 0.0025 1 1 2.5 0.005 173 5 1 1 
-0.06375 0 0 0.0025 1 1 2.5 0.005 174 5 1 1 
-0.06125 0 0 0.0025 1 1 2.5 0.005 175 5 1 1 
-0.05875 0 0 0.0025 1 1 2.5 0.005 176 5 1 1 
-0.05625 -1.24385e-46 -1.12104e-44 0.0025 1 1 2.5 0.005 177 5 1 1 
-0.05375 -1.3637e-16 -1.12104e-44 0.0025 1 1 2.5 0.005 178 5 1 1 
-0.05125 -3.0566e-16 0 0.0025 1 1 2.5 0.005 179 5 1 1 
-0.04875 -4.5662e-16 -5.68434e-14 0.0025 1 1 2.5 0.005 180 5 1 1 
-0.04625 -7.08955e-16 0 0.0025 1 1 2.5 0.005 181 5 1 1 
-0.04375 -9.41476e-16 -2.24208e-44 0.0025 1 1 2.5 0.005 182 5 1 1 
-0.04125 -1.27247e-15 -2.24208e-44 0.0025 1 1 2.5 0.005 183 5 1 1 
-0.03875 -1.78304e-15 5.68434e-14 0.0025 1 1 2.5 0.005 184 5 1 1 
-0.03625 -1.99388e-15 -5.52203e-28 0.0025 1 1 2.5 0.005 185 5 1 1 
-0.03375 -3.65163e-15 -5.68434e-14 0.0025 1 1 2.5 0.005 186 4 1 1 
-0.03125 -8.36933e-17 -5.68434e-14 0.0025 1 1 2.5 0.005 187 3 1 1 
-0.02875 -3.02769e-16 1.13687e-13 0.0025 1 1 2.5 0.005 188 3 1 1 
-0.02625 -9.82945e-16 -6.31089e-28 0.0025 1 1 2.5 0.005 189 3 1 1 
-0.02375 1.42775e-15 3.15544e-28 0.0025 1 1 2.5 0.005 190 4 1 1 
-0.02125 4.02931e-16 5.91646e-28 0.0025 1 1 2.5 0.005 191 5 1 1 
-0.01875 3.61588e-16 -1.13687e-13 0.0025 1 1 2.5 0.005 192 5 1 1 
-0.01625 -1.42827e-15 -1.13687e-13 0.0025 1 1 2.5 0.005 193 4 1 1 
-0.01375 1.38046e-15 5.68434e-14 0.0025 1 1 2.5 0.005 194 3 1 1 
-0.01125 3.29231e-16 -5.68434e-14 0.0025 1 1 2.5 0.005 195 3 1 1 
-0.00875 -7.35543e-17 -1.13687e-13 0.0025 1 1 2.5 0.005 196 3 1 1 
-0.00625 1.12979e-16 -3.9443e-29 0.0025 1 1 2.5 0.005 197 4 1 1 
-0.00375 2.02959e-16 1.13687e-13 0.0025 1 1 2.5 0.005 198 3 1 1 
-0.00125 4.96849e-16 -5.68434e-14 0.0025 1 1 2.5 0.005 199 3 1 1 
0.00125 2.45437e-16 -1.13687e-13 0.0025 1 1 2.5 0.005 200 3 1 1 
0.00375 1.00018e-16 5.68434e-14 0.0025 1 1 2.5 0.005 201 4 1 1 
0.00625 -5.4423e-17 5.68434e-14 0.0025 1 1 2.5 0.005 202 3 1 1 
0.00875 -2.95087e-16 -8.87469e-29 0.0025 1 1 2.5 0.005 203 3 1 1 
0.01125 -4.33129e-16 5.68434e-14 0.0025 1 1 2.5 0.005 204 3 1 1 
0.01375 1.03468e-16 1.13687e-13 0.0025 1 1 2.5 0.005 205 4 1 1 
0.01625 -9.07194e-16 5.68434e-14 0.0025 1 1 2.5 0.005 206 4 1 1 
0.01875 -2.14898e-15 -1.7053e-13 0.0025 1 1 2.5 0.005 207 5 1 1 
0.02125 -8.13417e-16 -5.91646e-28 0.0025 1 1 2.5 0.005 208 5 1 1 
0.02375 -2.41619e-15 -3.15544e-28 0.0025 1 1 2.5 0.005 209 4 1 1 
0.02625 1.48014e-15 5.68434e-14 0.0025 1 1 2.5 0.005 210 3 1 1 
0.02875 8.36652e-16 -5.68434e-14 0.0025 1 1 2.5 0.005 211 3 1 1 
0.03125 4.34522e-15 3.15544e-28 0.0025 1 1 2.5 0.005 212 4 1 1 
0.03375 2.63961e-15 1.13687e-13 0.0025 1 1 2.5 0.005 213 5 1 1 
0.03625 2.15674e-15 5.68434e-14 0.0025 1 1 2.5 0.005 214 5 1 1 
0.03875 1.61149e-15 3.36312e-44 0.0025 1 1 2.5 0.005 215 5 1 1 
0.04125 1.11121e-15 2.24208e-44 0.0025 1 1 2.5 0.005 216 5 1 1 
0.04375 7.76074e-16 2.24208e-44 0.0025 1 1 2.5 0.005 217 5 1 1 
0.04625 5.24841e-16 5.68434e-14 0.0025 1 1 2.5 0.005 218 5 1 1 
0.04875 3.56621e-16 -5.68434e-14 0.0025 1 1 2.5 0.005 219 5 1 1 
0.05125 1.87489e-16 5.68434e-14 0.0025 1 1 2.5 0.005 220 5 1 1 
0.05375 1.37804e-46 1.12104e-44 0.0025 1 1 2.5 0.005 221 5 1 1 
0.05625 0 0 0.0025 1 1 2.5 0.005 222 5 1 1 
0.05875 0 0 0.0025 1 1 2.5 0.005 223 5 1 1 
0.06125 0 0 0.0025 1 1 2.5 0.005 224 5 1 1 
0.06375 0 0 0.0025 1 1 2.5 0.005 225 5 1 1 
0.06625 0 0 0.0025 1 1 2.5 0.005 226 5 1 1 
0.06875 0 0 0.0025 1 1 2.5 0.005 227 5 1 1 
0.07125 0 0 0.0025 1 1 2.5 0.005 228 5 1 1 
0.07375 0 0 0.0025 1 1 2.5 0.005 229 5 1 1 
0.07625 0 0 0.0025 1 1 2.5 0.005 230 5 1 1 
0.07875 0 0 0.0025 1 1 2.5 0.005 231 5 1 1 
0.08125 0 0 0.0025 1 1 2.5 0.005 232 5 1 1 
0.08375 0 0 0.0025 1 1 2.5 0.005 233 5 1 1 
0.08625 0 0 0.0025 1 1 2.5 0.005 234 5 1 1 
0.08875 0 0 0.0025 1 1 2.5 0.005 235 5 1 1 
0.09125 0 0 0.0025 1 1 2.5 0.005 236 5 1 1 
0.09375 -2.84814e-46 -1.12104e-44 0.0025 1 1 2.5 0.005 237 5 1 1 
0.09625 -1.69188e-16 0 0.0025 1 1 2.5 0.005 238 5 1 1 
0.09875 -3.37357e-16 1.12104e-44 0.0025 1 1 2.5 0.005 239 5 1 1 
0.10125 -2.65607e-16 0 0.0025 1 1 2.5 0.005 240 5 1 1 
0.10375 -4.47903e-16 5.68434e-14 0.0025 1 1 2.5 0.005 241 5 1 1 
0.10625 2.21337e-15 5.68434e-14 0.0025 1 1 2.5 0.005 242 5 1 1 
0.10875 1.3266e-15 2.27374e-13 0.0025 1 1 2.5 0.005 243 5 1 1 
0.11125 1.14635e-15 1.13687e-13 0.0025 1 1 2.5 0.005 244 5 1 1 
0.11375 -1.81286e-15 5.68434e-14 0.0025 1 1 2.5 0.005 245 5 1 1 
0.11625 2.65775e-15 -3.97904e-13 0.0025 1 1 2.5 0.005 246 5 1 1 
0.11875 2.07867e-16 -3.41061e-13 0.0025 1 1 2.5 0.005 247 5 1 1 
0.12125 2.05283e-15 4.54747e-13 0.0025 1 1 2.5 0.005 248 5 1 1 
0.12375 -1.42584e-15 5.68434e-13 0.0025 1 1 2.5 0.005 249 4 1 1 
0.12625 1.42584e-15 -5.68434e-13 0.0025 1 1 2.5 0.005 250 4 1 1 
0.12875 -2.05283e-15 -4.54747e-13 0.0025 1 1 2.5 0.005 251 5 1 1 
0.13125 -2.07867e-16 3.41061e-13 0.0025 1 1 2.5 0.005 252 5 1 1 
0.13375 -2.65775e-15 3.97904e-13 0.0025 1 1 2.5 0.005 253 5 1 1 
0.13625 1.81286e-15 -5.68434e-14 0.0025 1 1 2.5 0.005 254 5 1 1 
0.13875 -1.14635e-15 -1.13687e-13 0.0025 1 1 2.5 0.005 255 5 1 1 
0.14125 -1.3266e-15 -2.27374e-13 0.0025 1 1 2.5 0.005 256 5 1 1 
0.14375 -2.21337e-15 -5.68434e-14 0.0025 1 1 2.5 0.005 257 5 1 1 
0.14625 4.47903e-16 -5.68434e-14 0.0025 1 1 2.5 0.005 258 5 1 1 
0.14875 2.65607e-16 0 0.0025 1 1 2.5 0.005 259 5 1 1 
0.15125 3.37357e-16 -1.12104e-44 0.0025 1 1 2.5 0.005 260 5 1 1 
0.15375 1.69188e-16 0 0.0025 1 1 2.5 0.005 261 5 1 1 
0.15625 2.84814e-46 1.12104e-44 0.0025 1 1 2.5 0.005 262 5 1 1 
0.15875 0 0 0.0025 1 1 2.5 0.005 263 5 1 1 
0.16125 0 0 0.0025 1 1 2.5 0.005 264 5 1 1 
0.16375 0 0 0.0025 1 1 2.5 0.005 265 5 1 1 
0.16625 0 0 0.0025 1 1 2.5 0.005 266 5 1 1 
0.16875 0 0 0.0025 1 1 2.5 0.005 267 5 1 1 
0.17125 0 0 0.0025 1 1 2.5 0.005 268 5 1 1 
0.17375 0 0 0.0025 1 1 2.5 0.005 269 5 1 1 
0.17625 0 0 0.0025 1 1 2.5 0.005 270 5 1 1 
0.17875 0 0 0.0025 1 1 2.5 0.005 271 5 1 1 
0.18125 0 0 0.0025 1 1 2.5 0.005 272 5 1 1 
0.18375 0 0 0.0025 1 1 2.5 0.005 273 5 1 1 
0.18625 0 0 0.0025 1 1 2.5 0.005 274 5 1 1 
0.18875 0 0 0.0025 1 1 2.5 0.005 275 5 1 1 
0.19125 0 0 0.0025 1 1 2.5 0.005 276 5 1 1 
0.19375 0 0 0.0025 1 1 2.5 0.005 277 5 1 1 
0.19625 0 0 0.0025 1 1 2.5 0.005 278 5 1 1 
0.19875 0 0 0.0025 1 1 2.5 0.005 279 5 1 1 
0.20125 0 0 0.0025 1 1 2.5 0.005 280 5 1 1 
0.20375 -2.69421e-47 0 0.0025 1 1 2.5 0.005 281 5 1 1 
0.20625 -6.82932e-17 -1.12104e-44 0.0025 1 1 2.5 0.005 282 5 1 1 
0.20875 -2.21595e-16 -5.68434e-14 0.0025 1 1 2.5 0.005 283 5 1 1 
0.21125 -4.25426e-16 5.68434e-14 0.0025 1 1 2.5 0.005 284 5 1 1 
0.21375 -6.62302e-16 -5.68434e-14 0.0025 1 1 2.5 0.005 285 5 1 1 
0.21625 -1.08524e-15 2.24208e-44 0.0025 1 1 2.5 0.005 286 5 1 1 
0.21875 -1.47148e-15 5.68434e-14 0.0025 1 1 2.5 0.005 287 5 1 1 
0.22125 -1.64965e-15 1.13687e-13 0.0025 1 1 2.5 0.005 288 5 1 1 
0.22375 -1.92558e-15 1.7053e-13 0.0025 1 1 2.5 0.005 289 5 1 1 
0.22625 2.57941e-15 2.27374e-13 0.0025 1 1 2.5 0.005 290 5 1 1 
0.22875 7.39213e-16 -1.45735e-43 0.0025 1 1 2.5 0.005 291 5 1 1 
0.23125 -1.67382e-15 -1.7053e-13 0.0025 1 1 2.5 0.005 292 5 1 1 
0.23375 -4.29277e-15 -2.84217e-13 0.0025 1 1 2.5 0.005 293 5 1 1 
0.23625 -3.63755e-16 6.82121e-13 0.0025 1 1 2.5 0.005 294 5 1 1 
0.23875 -3.5014e-15 5.68434e-13 0.0025 1 1 2.5 0.005 295 5 1 1 
0.24125 2.91202e-15 -7.38964e-13 0.0025 1 1 2.5 0.005 296 5 1 1 
0.24375 -2.77631e-15 -6.82121e-13 0.0025 1 1 2.5 0.005 297 5 1 1 
0.24625 9.48234e-16 6.82121e-13 0.0025 1 1 2.5 0.005 298 5 1 1 
0.24875 -6.1376e-15 7.95808e-13 0.0025 1 1 2.5 0.005 299 3 1 1 
0.25125 6.1376e-15 -7.95808e-13 0.0025 1 1 2.5 0.005 300 3 1 1 
0.25375 -9.48234e-16 -6.82121e-13 0.0025 1 1 2.5 0.005 301 5 1 1 
0.25625 2.77631e-15 6.82121e-13 0.0025 1 1 2.5 0.005 302 5 1 1 
0.25875 -2.91202e-15 7.38964e-13 0.0025 1 1 2.5 0.005 303 5 1 1 
0.26125 3.5014e-15 -5.68434e-13 0.0025 1 1 2.5 0.005 304 5 1 1 
0.26375 3.63755e-16 -6.82121e-13 0.0025 1 1 2.5 0.005 305 5 1 1 
0.26625 4.29277e-15 2.84217e-13 0.0025 1 1 2.5 0.005 306 5 1 1 
0.26875 1.67382e-15 1.7053e-13 0.0025 1 1 2.5 0.005 307 5 1 1 
0.27125 -7.39213e-16 1.45735e-43 0.0025 1 1 2.5 0.005 308 5 1 1 
0.27375 -2.57941e-15 -2.27374e-13 0.0025 1 1 2.5 0.005 309 5 1 1 
0.27625 1.92558e-15 -1.7053e-13 0.0025 1 1 2.5 0.005 310 5 1 1 
0.27875 1.64965e-15 -1.13687e-13 0.0025 1 1 2.5 0.005 311 5 1 1 
0.28125 1.47148e-15 -5.68434e-14 0.0025 1 1 2.5 0.005 312 5 1 1 
0.28375 1.08524e-15 -2.24208e-44 0.0025 1 1 2.5 0.005 313 5 1 1 
0.28625 6.62302e-16 5.68434e-14 0.0025 1 1 2.5 0.005 314 5 1 1 
0.28875 4.25426e-16 -5.68434e-14 0.0025 1 1 2.5 0.005 315 5 1 1 
0.29125 2.21595e-16 5.68434e-14 0.0025 1 1 2.5 0.005 316 5 1 1 
0.29375 6.82932e-17 1.12104e-44 0.0025 1 1 2.5 0.005 317 5 1 1 
0.29625 2.69421e-47 0 0.0025 1 1 2.5 0.005 318 5 1 1 
0.29875 0 0 0.0025 1 1 2.5 0.005 319 5 1 1 
0.30125 0 0 0.0025 1 1 2.5 0.005 320 5 1 1 
0.30375 0 0 0.0025 1 1 2.5 0.005 321 5 1 1 
0.30625 0 0 0.0025 1 1 2.5 0.005 322 5 1 1 
0.30875 0 0 0.0025 1 1 2.5 0.005 323 5 1 1 
0.31125 0 0 0.0025 1 1 2.5 0.005 324 5 1 1 
0.31375 0 0 0.0025 1 1 2.5 0.005 325 5 1 1 
0.31625 0 0 0.0025 1 1 2.5 0.005 326 5 1 1 
0.31875 0 0 0.0025 1 1 2.5 0.005 327 5 1 1 
0.32125 0 0 0.0025 1 1 2.5 0.005 328 5 1 1 
0.32375 0 0 0.0025 1 1 2.5 0.005 329 5 1 1 
0.32625 0 0 0.0025 1 1 2.5 0.005 330 5 1 1 
0.32875 0 0 0.0025 1 1 2.5 0.005 331 5 1 1 
0.33125 0 0 0.0025 1 1 2.5 0.005 332 5 1 1 
0.33375 0 0 0.0025 1 1 2.5 0.005 333 5 1 1 
0.33625 0 0 0.0025 1 1 2.5 0.005 334 5 1 1 
0.33875 0 0 0.0025 1 1 2.5 0.005 335 5 1 1 
0.34125 0 0 0.0025 1 1 2.5 0.005 336 5 1 1 
0.34375 -1.00933e-47 -1.12104e-44 0.0025 1 1 2.5 0.005 337 5 1 1 
0.34625 -3.41383e-17 3.9443e-29 0.0025 1 1 2.5 0.005 338 5 1 1 
0.34875 -3.46059e-17 5.68434e-13 0.0025 1 1 2.5 0.005 339 5 1 1 
0.35125 -1.1168e-14 -2.44995e-11 0.0025 1 1 2.5 0.005 340 4 1 1 
0.35375 -6.16703e-14 -4.29168e-11 0.0025 1 1 2.5 0.005 341 4 1 1 
0.35625 -1.57161e-13 -3.29692e-12 0.0025 1 1 2.5 0.005 342 3 1 1 
0.35875 1.77313e-13 7.04347e-10 0.0025 1 1 2.5 0.005 343 5 1 1 
0.36125 -8.52614e-13 -4.86426e-09 0.0025 1 1 2.5 0.005 344 4 1 1 
0.36375 -4.05232e-11 -6.99441e-08 0.0025 1 1 2.5 0.005 345 4 1 1 
0.36625 -3.87096e-10 -5.11048e-07 0.0025 1 1 2.5 0.005 346 4 1 1 
0.36875 -2.5183e-09 -2.83346e-06 0.0025 1 1 2.5 0.005 347 4 1 1 
0.37125 -1.32248e-08 -1.31949e-05 0.0025 1 1 2.5 0.005 348 4 1 1 
0.37375 -5.97717e-08 -5.39045e-05 0.0025 1 1 2.5 0.005 349 4 1 1 
0.37625 -2.40084e-07 -0.000197738 0.0025 1 1 2.5 0.005 350 4 1 1 
0.37875 -8.73167e-07 -0.000660575 0.0025 1 1 2.5 0.005 351 4 1 1 
0.38125 -2.90983e-06 -0.00202816 0.0025 1 1 2.5 0.00499999 352 4 1 1 
0.38375 -8.95739e-06 -0.00575903 0.0025 1.00001 1.00001 2.50001 0.00499997 353 4 1 1 
0.38625 -2.5617e-05 -0.0151903 0.0025 1.00002 1.00003 2.50002 0.0049999 354 4 1 1 
0.38875 -6.83471e-05 -0.0373316 0.0025 1.00005 1.00007 2.50005 0.00499974 355 4 1 1 
0.39125 -0.000170645 -0.0856552 0.0025 1.00013 1.00018 2.50013 0.00499935 356 4 1 1 
0.393749 -0.000399575 -0.183666 0.0025 1.0003 1.00042 2.5003 0.00499848 357 4 1 1 
0.396248 -0.000878675 -0.367961 0.0025 1.00067 1.00093 2.50066 0.00499665 358 4 1 0.999998 
0.398746 -0.00181535 -0.687444 0.0025 1.00139 1.00193 2.50137 0.00499308 359 4 1 0.999994 
0.401241 -0.00352091 -1.19243 0.0025 1.0027 1.00375 2.50268 0.00498656 360 4 1 0.999983 
0.403732 -0.0063966 -1.90596 0.0025 1.00492 1.00686 2.50489 0.00497554 361 4 1 0.999961 
0.406217 -0.0108461 -2.77634 0.0025 1.00838 1.01172 2.50834 0.00495845 362 4 1 0.999923 
0.408691 -0.01709 -3.63561 0.0025 1.01331 1.01866 2.51326 0.00493435 363 4 1 0.99988 
0.411151 -0.0249282 -4.2104 0.0025 1.01961 1.02757 2.51955 0.00490382 364 4 1 0.999853 
0.413595 -0.0335984 -4.23563 0.0025 1.02679 1.03775 2.52668 0.00486957 365 4 1 0.999868 
0.416021 -0.0418594 -3.54389 0.0025 1.03385 1.04781 2.53369 0.00483631 366 4 1 0.99995 
0.418431 -0.0479625 -1.60726 0.0025 1.03883 1.05503 2.53868 0.0048131 367 3 1 1.00001 
0.420834 -0.0456973 6.78928 0.0025 1.03384 1.04833 2.53412 0.00483632 368 4 1 1.00007 
0.423268 -0.0134694 22.9567 0.0025 1.00902 1.0131 2.50956 0.00495529 369 4 1 0.999042 
0.425791 0.0323182 18.0414 0.0025 0.975333 0.965482 2.47522 0.00512645 370 4 1 0.996813 
0.428396 0.0618199 10.306 0.0025 0.949348 0.92971 2.4486 0.00526677 371 4 1 0.997801 
0.431058 0.0873489 12.5105 0.0025 0.927059 0.899543 2.42567 0.0053934 372 4 1 0.998528 
0.43379 0.120538 15.1109 0.0025 0.901455 0.864943 2.39867 0.00554659 373 4 1 0.998013 
0.436606 0.157352 14.9982 0.0025 0.873638 0.827751 2.36874 0.00572319 374 4 1 0.997416 
0.439515 0.19473 14.6576 0.0025 0.845585 0.79078 2.33802 0.00591307 375 4 1 0.997197 
0.442521 0.233313 14.6427 0.0025 0.817377 0.754107 2.30653 0.00611713 376 4 1 0.997 
0.445634 0.273592 14.6513 0.0025 0.788826 0.717494 2.27397 0.00633853 377 4 1 0.996729 
0.448862 0.315486 14.5363 0.0025 0.760013 0.681075 2.24039 0.00657884 378 4 1 0.996434 
0.452216 0.35877 14.2711 0.0025 0.73118 0.64518 2.20601 0.00683826 379 4 1 0.996157 
0.455704 0.403073 13.876 0.0025 0.702643 0.610206 2.17117 0.00711599 380 4 1 0.995931 
0.459335 0.44755 13.0863 0.0025 0.674976 0.576834 2.13657 0.00740767 381 4 1 0.995821 
0.463115 0.490677 11.7447 0.0025 0.649148 0.54617 2.1035 0.0077024 382 4 1 0.995977 
0.467041 0.529864 9.78384 0.0025 0.626343 0.519497 2.07363 0.00798285 383 4 1 0.996502 
0.4711 0.562453 7.41102 0.0025 0.607555 0.497823 2.04855 0.00822971 384 4 1 0.997351 
0.475272 0.58835 5.9874 0.0025 0.592294 0.480432 2.02787 0.00844175 385 4 1 0.998146 
0.479544 0.613594 6.87751 0.0025 0.577717 0.463986 2.00781 0.00865475 386 4 1 0.998367 
0.483929 0.644849 7.98206 0.0025 0.561732 0.446104 1.98542 0.00890104 387 4 1 0.99796 
0.488447 0.674395 5.14077 0.0025 0.547765 0.430625 1.96551 0.00912801 388 4 1 0.998067 
0.493058 0.684671 -0.577551 0.0025 0.541743 0.424035 1.9569 0.00922947 389 5 1 0.999537 
0.497676 0.681386 -0.296196 0.0025 0.541779 0.424118 1.95706 0.00922886 390 4 1 0.999993 
0.502287 0.68004 -0.377586 0.0025 0.542636 0.425074 1.95838 0.00921427 391 4 1 0.999995 
0.506891 0.67856 -0.252981 0.0025 0.543367 0.425894 1.95951 0.00920188 392 4 1 0.999997 
0.511489 0.677512 -0.203368 0.0025 0.543948 0.426553 1.96045 0.00919206 393 4 1 0.999998 
0.516083 0.676654 -0.155755 0.0025 0.544375 0.427051 1.9612 0.00918484 394 4 1 1 
0.520673 0.676008 -0.113021 0.0025 0.544626 0.427382 1.96181 0.00918061 395 3 1 1 
0.525263 0.67554 -0.0848552 0.0025 0.544469 0.427415 1.96253 0.00918327 396 4 1 1 
0.529857 0.675181 -0.0632867 0.0025 0.543036 0.425878 1.96063 0.0092075 397 4 1 0.999992 
0.534471 0.674909 -0.0474499 0.0025 0.53006 0.410585 1.9365 0.00943289 398 4 1 0.999694 
0.539294 0.674673 -0.0347713 0.0025 0.506091 0.439298 2.17006 0.00987965 399 4 1 0.994743 
0.544357 0.674435 -0.0201536 0.0025 0.480627 0.414761 2.15739 0.0104031 400 4 1 0.993721 
0.549707 0.674145 -0.00171664 0.0025 0.458162 0.449137 2.45075 0.0109132 401 4 1 0.993694 
0.555276 0.673707 0.0410046 0.0025 0.449431 0.429541 2.38936 0.0111252 402 5 1 0.998643 
0.560832 0.672793 0.152914 0.0025 0.450528 0.427214 2.37062 0.0110981 403 3 1 1.00001 
0.566374 0.670242 0.549838 0.0025 0.450512 0.425012 2.35847 0.0110985 404 4 1 1.00001 
0.571931 0.663218 1.47811 0.0025 0.446965 0.419057 2.34385 0.0111866 405 4 1 0.999929 
0.577561 0.644046 4.13833 0.0025 0.436399 0.404399 2.31659 0.0114574 406 4 1 0.999024 
0.583392 0.602664 7.96373 0.0025 0.414509 0.375468 2.26433 0.0120625 407 4 1 0.995256 
0.58964 0.512287 19.9537 0.0025 0.374358 0.323908 2.16285 0.0133562 408 4 1 0.985692 
0.596827 0.323971 33.2784 0.0025 0.320589 0.258001 2.01199 0.0155963 409 4 1 0.965581 
0.605413 0.119197 24.4035 0.0025 0.276326 0.207358 1.87634 0.0180946 410 4 1 0.958558 
0.61503 0.0188625 7.21021 0.0025 0.255521 0.185119 1.81139 0.0195679 411 4 1 0.983811 
0.624995 -0.00038617 0.534563 0.0025 0.250389 0.179886 1.79611 0.0199689 412 4 1 0.998561 
0.635 -0.000305907 -0.142033 0.0025 0.24994 0.17944 1.79483 0.0200048 413 5 1 0.999987 
0.645 1.46463e-05 -0.0032435 0.0025 0.249995 0.179496 1.79499 0.0200004 414 4 1 1 
0.655 6.69422e-06 0.00144578 0.0025 0.250001 0.179501 1.795 0.0199999 415 3 1 1 
0.665 1.31789e-06 0.000363066 0.0025 0.25 0.1795 1.795 0.02 416 4 1 1 
0.675 2.12258e-07 6.50327e-05 0.0025 0.25 0.1795 1.795 0.02 417 4 1 1 
0.685 2.99315e-08 1.0073e-05 0.0025 0.25 0.1795 1.795 0.02 418 4 1 1 
0.695 3.72221e-09 1.37533e-06 0.0025 0.25 0.1795 1.795 0.02 419 4 1 1 
0.705 4.05586e-10 1.65029e-07 0.0025 0.25 0.1795 1.795 0.02 420 4 1 1 
0.715 3.81159e-11 1.72133e-08 0.0025 0.25 0.1795 1.795 0.02 421 4 1 1 
0.725 2.99608e-12 1.52687e-09 0.0025 0.25 0.1795 1.795 0.02 422 4 1 1 
0.735 1.89457e-13 1.11413e-10 0.0025 0.25 0.1795 1.795 0.02 423 4 1 1 
0.745 4.90963e-15 5.7554e-12 0.0025 0.25 0.1795 1.795 0.02 424 4 1 1 
0.755 5.13016e-17 -5.68434e-14 0.0025 0.25 0.1795 1.795 0.02 425 5 1 1 
0.765 -6.37451e-33 -7.08003e-30 0.0025 0.25 0.1795 1.795 0.02 426 5 1 1 
0.775 1.68315e-48 0 0.0025 0.25 0.1795 1.795 0.02 427 5 1 1 
0.785 0 0 0.0025 0.25 0.1795 1.795 0.02 428 5 1 1 
0.795 0 0 0.0025 0.25 0.1795 1.795 0.02 429 5 1 1 
0.805 0 0 0.0025 0.25 0.1795 1.795 0.02 430 5 1 1 
0.815 0 0 0.0025 0.25 0.1795 1.795 0.02 431 5 1 1 
0.825 0 0 0.0025 0.25 0.1795 1.795 0.02 432 5 1 1 
0.835 0 0 0.0025 0.25 0.1795 1.795 0.02 433 5 1 1 
0.845 0 0 0.0025 0.25 0.1795 1.795 0.02 434 5 1 1 
0.855 0 0 0.0025 0.25 0.1795 1.795 0.02 435 5 1 1 
0.865 0 0 0.0025 0.25 0.1795 1.795 0.02 436 5 1 1 
0.875 0 0 0.0025 0.25 0.1795 1.795 0.02 437 5 1 1 
0.885 0 0 0.0025 0.25 0.1795 1.795 0.02 438 5 1 1 
0.895 0 0 0.0025 0.25 0.1795 1.795 0.02 439 5 1 1 
0.905 0 0 0.0025 0.25 0.1795 1.795 0.02 440 5 1 1 
0.915 -1.26239e-47 -2.8026e-45 0.0025 0.25 0.1795 1.795 0.02 441 5 1 1 
0.925 -6.96767e-47 -8.40779e-45 0.0025 0.25 0.1795 1.795 0.02 442 5 1 1 
0.935 -1.96042e-16 -2.84217e-14 0.0025 0.25 0.1795 1.795 0.02 443 5 1 1 
0.945 -7.77987e-16 -4.26326e-14 0.0025 0.25 0.1795 1.795 0.02 444 5 1 1 
0.955 -2.13811e-15 -8.52651e-14 0.0025 0.25 0.1795 1.795 0.02 445 5 1 1 
0.965 -5.08632e-15 -1.42109e-13 0.0025 0.25 0.1795 1.795 0.02 446 5 1 1 
0.975 -1.11177e-14 -1.98952e-13 0.0025 0.25 0.1795 1.795 0.02 447 5 1 1 
0.985 3.86789e-16 4.54747e-13 0.0025 0.25 0.1795 1.795 0.02 448 5 1 1 
0.995 -1.0557e-14 4.54747e-13 0.0025 0.25 0.1795 1.795 0.02 449 3 1 1 
1.005 1.0557e-14 -4.54747e-13 0.0025 0.25 0.1795 1.795 0.02 450 3 1 1 
1.015 -3.86789e-16 -4.54747e-13 0.0025 0.25 0.1795 1.795 0.02 451 5 1 1 
1.025 1.11177e-14 1.98952e-13 0.0025 0.25 0.1795 1.795 0.02 452 5 1 1 
1.035 5.08632e-15 1.42109e-13 0.0025 0.25 0.1795 1.795 0.02 453 5 1 1 
1.045 2.13811e-15 8.52651e-14 0.0025 0.25 0.1795 1.795 0.02 454 5 1 1 
1.055 7.77987e-16 4.26326e-14 0.0025 0.25 0.1795 1.795 0.02 455 5 1 1 
1.065 1.96042e-16 2.84217e-14 0.0025 0.25 0.1795 1.795 0.02 456 5 1 1 
1.075 6.96767e-47 8.40779e-45 0.0025 0.25 0.1795 1.795 0.02 457 5 1 1 
1.085 1.26239e-47 2.8026e-45 0.0025 0.25 0.1795 1.795 0.02 458 5 1 1 
1.095 0 0 0.0025 0.25 0.1795 1.795 0.02 459 5 1 1 
1.105 0 0 0.0025 0.25 0.1795 1.795 0.02 460 5 1 1 
1.115 0 0 0.0025 0.25 0.1795 1.795 0.02 461 5 1 1 
1.125 0 0 0.0025 0.25 0.1795 1.795 0.02 462 5 1 1 
1.135 0 0 0.0025 0.25 0.1795 1.795 0.02 463 5 1 1 
1.145 0 0 0.0025 0.25 0.1795 1.795 0.02 464 5 1 1 
1.155 0 0 0.0025 0.25 0.1795 1.795 0.02 465 5 1 1 
1.165 0 0 0.0025 0.25 0.1795 1.795 0.02 466 5 1 1 
1.175 0 0 0.0025 0.25 0.1795 1.795 0.02 467 5 1 1 
1.185 0 0 0.0025 0.25 0.1795 1.795 0.02 468 5 1 1 
1.195 0 0 0.0025 0.25 0.1795 1.795 0.02 469 5 1 1 
1.205 0 0 0.0025 0.25 0.1795 1.795 0.02 470 5 1 1 
1.215 0 0 0.0025 0.25 0.1795 1.795 0.02 471 5 1 1 
1.225 -2.52332e-48 -2.8026e-45 0.0025 0.25 0.1795 1.795 0.02 472 5 1 1 
1.235 -6.22599e-47 -5.60519e-44 0.0025 0.25 0.1795 1.795 0.02 473 5 1 1 
1.245 -2.8585e-16 -2.70006e-13 0.0025 0.25 0.1795 1.795 0.02 474 5 1 1 
1.255 -2.96074e-15 -2.6148e-12 0.0025 0.25 0.1795 1.795 0.02 475 5 1 1 
1.265 -1.87573e-13 -1.17311e-10 0.0025 0.25 0.1795 1.795 0.02 476 4 1 1 
1.275 -2.9994e-12 -1.52228e-09 0.0025 0.25 0.1795 1.795 0.02 477 4 1 1 
1.285 -3.80945e-11 -1.72146e-08 0.0025 0.25 0.1795 1.795 0.02 478 4 1 1 
1.295 -4.056e-10 -1.65028e-07 0.0025 0.25 0.1795 1.795 0.02 479 4 1 1 
1.305 -3.72223e-09 -1.37533e-06 0.0025 0.25 0.1795 1.795 0.02 480 4 1 1 
1.315 -2.99315e-08 -1.0073e-05 0.0025 0.25 0.1795 1.795 0.02 481 4 1 1 
1.325 -2.12258e-07 -6.50327e-05 0.0025 0.25 0.1795 1.795 0.02 482 4 1 1 
1.335 -1.31789e-06 -0.000363066 0.0025 0.25 0.1795 1.795 0.02 483 4 1 1 
1.345 -6.69422e-06 -0.00144578 0.0025 0.250001 0.179501 1.795 0.0199999 484 3 1 1 
1.355 -1.46463e-05 0.0032435 0.0025 0.249995 0.179496 1.79499 0.0200004 485 4 1 1 
1.365 0.000305907 0.142033 0.0025 0.24994 0.17944 1.79483 0.0200048 486 5 1 0.999987 
1.375 0.00038617 -0.534563 0.0025 0.250389 0.179886 1.79611 0.0199689 487 4 1 0.998561 
1.38497 -0.0188625 -7.21021 0.0025 0.255521 0.185119 1.81139 0.0195679 488 4 1 0.983811 
1.39459 -0.119197 -24.4035 0.0025 0.276326 0.207358 1.87634 0.0180946 489 4 1 0.958558 
1.40317 -0.323971 -33.2784 0.0025 0.320589 0.258001 2.01199 0.0155963 490 4 1 0.965581 
1.41036 -0.512287 -19.9537 0.0025 0.374358 0.323908 2.16285 0.0133562 491 4 1 0.985692 
1.41661 -0.602664 -7.96373 0.0025 0.414509 0.375468 2.26433 0.0120625 492 4 1 0.995256 
1.42244 -0.644046 -4.13833 0.0025 0.436399 0.404399 2.31659 0.0114574 493 4 1 0.999024 
1.42807 -0.663218 -1.47811 0.0025 0.446965 0.419057 2.34385 0.0111866 494 4 1 0.999929 
1.43363 -0.670242 -0.549838 0.0025 0.450512 0.425012 2.35847 0.0110985 495 4 1 1.00001 
1.43917 -0.672793 -0.152914 0.0025 0.450528 0.427214 2.37062 0.0110981 496 3 1 1.00001 
1.44472 -0.673707 -0.0410046 0.0025 0.449431 0.429541 2.38936 0.0111252 497 5 1 0.998643 
1.45029 -0.674145 0.00171664 0.0025 0.458162 0.449137 2.45075 0.0109132 498 4 1 0.993694 
1.45564 -0.674435 0.0201536 0.0025 0.480627 0.414761 2.15739 0.0104031 499 4 1 0.993721 
