# Time [s]: 1.92218e+12
# Columns: pos [pc], vel [pc/s], acc [pc/s^2], mass [Msun], dens [g/cm^3], pres [barye], ene [erg/g], sml [pc], id, neighbor, alpha, gradh, ...additional?
4.50649e+16 -674.652 1.10751e-12 4.97118e+27 0.000506105 4.39316 21700.8 3.04877e+14 0 4 1 0.994742 
4.52137e+16 -674.881 1.4933e-12 4.97118e+27 0.000530077 4.10603 19365.3 2.9109e+14 1 4 1 0.999693 
4.53561e+16 -675.144 1.97357e-12 4.97118e+27 0.000543058 4.25902 19606.7 2.84132e+14 2 4 1 0.999992 
4.54978e+16 -675.489 2.66035e-12 4.97118e+27 0.000544498 4.27447 19625.7 2.83381e+14 3 4 1 1 
4.56395e+16 -675.941 3.51741e-12 4.97118e+27 0.000544665 4.27425 19618.7 2.83293e+14 4 3 1 1 
4.57811e+16 -676.562 4.8424e-12 4.97118e+27 0.000544428 4.27109 19612.7 2.83417e+14 5 4 1 1 
4.59229e+16 -677.392 6.42202e-12 4.97118e+27 0.000544014 4.26626 19605.5 2.83632e+14 6 4 1 0.999998 
4.60648e+16 -678.41 7.90524e-12 4.97118e+27 0.000543455 4.25991 19596.4 2.83924e+14 7 4 1 0.999997 
4.62068e+16 -679.816 1.19206e-11 4.97118e+27 0.000542736 4.25183 19585.2 2.843e+14 8 4 1 0.999995 
-1.53709e+16 -681.229 7.31791e-12 4.97118e+27 0.00054194 4.24297 19573 2.84718e+14 9 4 1 0.999994 
-1.52285e+16 -684.224 2.94548e-11 4.97118e+27 0.000541553 4.23832 19566.3 2.84921e+14 10 5 1 0.999692 
-1.5086e+16 -677.249 -1.41184e-10 4.97118e+27 0.000546409 4.29131 19635.6 2.82389e+14 11 4 1 0.998247 
-1.4946e+16 -649.598 -2.53367e-10 4.97118e+27 0.000559452 4.43565 19821.9 2.75806e+14 12 4 1 0.997909 
-1.48101e+16 -617.802 -2.30888e-10 4.97118e+27 0.000575442 4.61429 20046.5 2.68142e+14 13 4 1 0.998346 
-1.46779e+16 -591.94 -1.9307e-10 4.97118e+27 0.000590151 4.78004 20249.3 2.61459e+14 14 4 1 0.998244 
-1.45486e+16 -566.796 -2.28191e-10 4.97118e+27 0.000605011 4.94909 20451.2 2.55037e+14 15 4 1 0.997529 
-1.44228e+16 -535.61 -3.02587e-10 4.97118e+27 0.000623023 5.15647 20692.3 2.47663e+14 16 4 1 0.996675 
-1.43009e+16 -497.621 -3.68222e-10 4.97118e+27 0.000645044 5.4134 20981.7 2.39209e+14 17 4 1 0.996096 
-1.41835e+16 -455.327 -4.14581e-10 4.97118e+27 0.00067024 5.71176 21305.6 2.30216e+14 18 4 1 0.99589 
-1.40706e+16 -411.343 -4.42008e-10 4.97118e+27 0.000697432 6.03879 21647.1 2.2124e+14 19 4 1 0.995965 
-1.39621e+16 -367.289 -4.56226e-10 4.97118e+27 0.000725607 6.38306 21992.7 2.1265e+14 20 4 1 0.996171 
-1.38578e+16 -324.17 -4.65435e-10 4.97118e+27 0.000754154 6.73735 22334.6 2.046e+14 21 4 1 0.996434 
-1.37574e+16 -282.353 -4.6994e-10 4.97118e+27 0.000782733 7.09746 22669.3 1.9713e+14 22 4 1 0.996721 
-1.36606e+16 -242.078 -4.70613e-10 4.97118e+27 0.000811095 7.46007 22994.2 1.90237e+14 23 4 1 0.996996 
-1.35671e+16 -203.493 -4.69919e-10 4.97118e+27 0.000839117 7.82328 23308.5 1.83884e+14 24 4 1 0.997212 
-1.34767e+16 -166.278 -4.76425e-10 4.97118e+27 0.000866897 8.18817 23614.1 1.77991e+14 25 4 1 0.997382 
-1.33891e+16 -129.623 -4.89952e-10 4.97118e+27 0.000894606 8.55733 23913.5 1.72478e+14 26 4 1 0.997842 
-1.33042e+16 -95.1565 -4.36481e-10 4.97118e+27 0.000920906 8.91214 24192.5 1.67552e+14 27 4 1 0.998503 
-1.32215e+16 -67.9499 -3.27025e-10 4.97118e+27 0.000943593 9.2192 24427.3 1.63524e+14 28 4 1 0.998207 
-1.31406e+16 -42.1528 -4.75828e-10 4.97118e+27 0.000967163 9.54114 24668.3 1.59539e+14 29 4 1 0.996901 
-1.30619e+16 -0.481845 -7.6045e-10 4.97118e+27 0.000999199 9.99144 24996.3 1.54424e+14 30 4 1 0.998252 
-1.29861e+16 39.9215 -4.02789e-10 4.97118e+27 0.00102856 10.4086 25289.7 1.50015e+14 31 4 1 1.00003 
-1.29119e+16 48.6604 2.31653e-11 4.97118e+27 0.00103892 10.5526 25388.4 1.48519e+14 32 3 1 1 
-1.28376e+16 43.8659 1.0153e-10 4.97118e+27 0.00103559 10.5031 25354.2 1.48997e+14 33 4 1 0.999993 
-1.27629e+16 36.0948 1.31939e-10 4.97118e+27 0.00102891 10.4077 25287.9 1.49965e+14 34 4 1 0.999885 
-1.26876e+16 27.4713 1.37782e-10 4.97118e+27 0.0010217 10.3053 25216.3 1.51022e+14 35 4 1 0.999855 
-1.26119e+16 19.3328 1.24031e-10 4.97118e+27 0.0010151 10.2119 25150.5 1.52005e+14 36 4 1 0.999871 
-1.25356e+16 12.593 9.83988e-11 4.97118e+27 0.00100975 10.1365 25097.1 1.5281e+14 37 4 1 0.999911 
-1.24591e+16 7.61751 6.98876e-11 4.97118e+27 0.00100586 10.0819 25058.3 1.53401e+14 38 4 1 0.999951 
-1.23822e+16 4.29742 4.50906e-11 4.97118e+27 0.00100329 10.0459 25032.7 1.53793e+14 39 4 1 0.999978 
-1.23053e+16 2.26993 2.67408e-11 4.97118e+27 0.00100174 10.0241 25017.2 1.54033e+14 40 4 1 0.999992 
-1.22282e+16 1.12561 1.47029e-11 4.97118e+27 0.00100086 10.0119 25008.5 1.54168e+14 41 4 1 0.999997 
-1.21511e+16 0.524648 7.53478e-12 4.97118e+27 0.0010004 10.0055 25004 1.54238e+14 42 4 1 0.999999 
-1.2074e+16 0.229851 3.6085e-12 4.97118e+27 0.00100018 10.0024 25001.7 1.54273e+14 43 4 1 1 
-1.19968e+16 0.0945545 1.6162e-12 4.97118e+27 0.00100007 10.001 25000.7 1.54289e+14 44 4 1 1 
-1.19197e+16 0.0364566 6.76594e-13 4.97118e+27 0.00100003 10.0004 25000.3 1.54296e+14 45 4 1 1 
-1.18425e+16 0.0131394 2.64325e-13 4.97118e+27 0.00100001 10.0001 25000.1 1.54298e+14 46 4 1 1 
-1.17654e+16 0.00441074 9.61197e-14 4.97118e+27 0.001 10 25000 1.54299e+14 47 4 1 1 
-1.16882e+16 0.00137229 3.24143e-14 4.97118e+27 0.001 10 25000 1.543e+14 48 4 1 1 
-1.16111e+16 0.000393023 1.00837e-14 4.97118e+27 0.001 10 25000 1.543e+14 49 4 1 1 
-1.15339e+16 0.000102604 2.8718e-15 4.97118e+27 0.001 10 25000 1.543e+14 50 4 1 1 
-1.14568e+16 2.40555e-05 7.4028e-16 4.97118e+27 0.001 10 25000 1.543e+14 51 4 1 1 
-1.13796e+16 4.94289e-06 1.69624e-16 4.97118e+27 0.001 10 25000 1.543e+14 52 4 1 1 
-1.13025e+16 8.51099e-07 3.34726e-17 4.97118e+27 0.001 10 25000 1.543e+14 53 4 1 1 
-1.12253e+16 1.10988e-07 5.3316e-18 4.97118e+27 0.001 10 25000 1.543e+14 54 4 1 1 
-1.11482e+16 7.61872e-09 5.71956e-19 4.97118e+27 0.001 10 25000 1.543e+14 55 4 1 1 
-1.1071e+16 -4.42006e-10 -5.7175e-21 4.97118e+27 0.001 10 25000 1.543e+14 56 4 1 1 
-1.09939e+16 1.08169e-10 -5.38963e-21 4.97118e+27 0.001 10 25000 1.543e+14 57 5 1 1 
-1.09167e+16 8.73111e-11 1.37412e-21 4.97118e+27 0.001 10 25000 1.543e+14 58 3 1 1 
-1.08396e+16 2.93608e-11 1.16781e-21 4.97118e+27 0.001 10 25000 1.543e+14 59 4 1 1 
-1.07624e+16 6.83739e-13 8.84149e-23 4.97118e+27 0.001 10 25000 1.543e+14 60 5 1 1 
-1.06853e+16 6.83032e-14 3.68395e-24 4.97118e+27 0.001 10 25000 1.543e+14 61 5 1 1 
-1.06081e+16 2.02e-44 7.26532e-55 4.97118e+27 0.001 10 25000 1.543e+14 62 5 1 1 
-1.0531e+16 0 0 4.97118e+27 0.001 10 25000 1.543e+14 63 5 1 1 
-1.04538e+16 0 0 4.97118e+27 0.001 10 25000 1.543e+14 64 5 1 1 
-1.03767e+16 0 0 4.97118e+27 0.001 10 25000 1.543e+14 65 5 1 1 
-1.02995e+16 0 0 4.97118e+27 0.001 10 25000 1.543e+14 66 5 1 1 
-1.02224e+16 0 0 4.97118e+27 0.001 10 25000 1.543e+14 67 5 1 1 
-1.01452e+16 0 0 4.97118e+27 0.001 10 25000 1.543e+14 68 5 1 1 
-1.00681e+16 0 0 4.97118e+27 0.001 10 25000 1.543e+14 69 5 1 1 
-9.99092e+15 0 0 4.97118e+27 0.001 10 25000 1.543e+14 70 5 1 1 
-9.91377e+15 0 0 4.97118e+27 0.001 10 25000 1.543e+14 71 5 1 1 
-9.83662e+15 0 0 4.97118e+27 0.001 10 25000 1.543e+14 72 5 1 1 
-9.75947e+15 0 0 4.97118e+27 0.001 10 25000 1.543e+14 73 5 1 1 
-9.68232e+15 0 0 4.97118e+27 0.001 10 25000 1.543e+14 74 5 1 1 
-9.60517e+15 0 0 4.97118e+27 0.001 10 25000 1.543e+14 75 5 1 1 
-9.52802e+15 0 0 4.97118e+27 0.001 10 25000 1.543e+14 76 5 1 1 
-9.45087e+15 0 0 4.97118e+27 0.001 10 25000 1.543e+14 77 5 1 1 
-9.37372e+15 0 0 4.97118e+27 0.001 10 25000 1.543e+14 78 5 1 1 
-9.29657e+15 0 0 4.97118e+27 0.001 10 25000 1.543e+14 79 5 1 1 
-9.21942e+15 0 0 4.97118e+27 0.001 10 25000 1.543e+14 80 5 1 1 
-9.14227e+15 0 0 4.97118e+27 0.001 10 25000 1.543e+14 81 5 1 1 
-9.06512e+15 0 0 4.97118e+27 0.001 10 25000 1.543e+14 82 5 1 1 
-8.98797e+15 0 0 4.97118e+27 0.001 10 25000 1.543e+14 83 5 1 1 
-8.91082e+15 0 0 4.97118e+27 0.001 10 25000 1.543e+14 84 5 1 1 
-8.83367e+15 0 0 4.97118e+27 0.001 10 25000 1.543e+14 85 5 1 1 
-8.75652e+15 0 0 4.97118e+27 0.001 10 25000 1.543e+14 86 5 1 1 
-8.67937e+15 0 0 4.97118e+27 0.001 10 25000 1.543e+14 87 5 1 1 
-8.60222e+15 0 0 4.97118e+27 0.001 10 25000 1.543e+14 88 5 1 1 
-8.52507e+15 0 0 4.97118e+27 0.001 10 25000 1.543e+14 89 5 1 1 
-8.44792e+15 0 0 4.97118e+27 0.001 10 25000 1.543e+14 90 5 1 1 
-8.37077e+15 0 0 4.97118e+27 0.001 10 25000 1.543e+14 91 5 1 1 
-8.29362e+15 0 0 4.97118e+27 0.001 10 25000 1.543e+14 92 5 1 1 
-8.21647e+15 0 0 4.97118e+27 0.001 10 25000 1.543e+14 93 5 1 1 
-8.13932e+15 0 0 4.97118e+27 0.001 10 25000 1.543e+14 94 5 1 1 
-8.06217e+15 0 0 4.97118e+27 0.001 10 25000 1.543e+14 95 5 1 1 
-7.98502e+15 0 0 4.97118e+27 0.001 10 25000 1.543e+14 96 5 1 1 
-7.90787e+15 0 0 4.97118e+27 0.001 10 25000 1.543e+14 97 5 1 1 
-7.83072e+15 0 0 4.97118e+27 0.001 10 25000 1.543e+14 98 5 1 1 
-7.75357e+15 0 0 4.97118e+27 0.001 10 25000 1.543e+14 99 5 1 1 
-7.67642e+15 0 0 4.97118e+27 0.001 10 25000 1.543e+14 100 5 1 1 
-7.59927e+15 0 0 4.97118e+27 0.001 10 25000 1.543e+14 101 5 1 1 
-7.52212e+15 0 0 4.97118e+27 0.001 10 25000 1.543e+14 102 5 1 1 
-7.44497e+15 0 0 4.97118e+27 0.001 10 25000 1.543e+14 103 5 1 1 
-7.36782e+15 0 0 4.97118e+27 0.001 10 25000 1.543e+14 104 5 1 1 
-7.29067e+15 0 0 4.97118e+27 0.001 10 25000 1.543e+14 105 5 1 1 
-7.21352e+15 0 0 4.97118e+27 0.001 10 25000 1.543e+14 106 5 1 1 
-7.13637e+15 0 0 4.97118e+27 0.001 10 25000 1.543e+14 107 5 1 1 
-7.05922e+15 0 0 4.97118e+27 0.001 10 25000 1.543e+14 108 5 1 1 
-6.98207e+15 0 0 4.97118e+27 0.001 10 25000 1.543e+14 109 5 1 1 
-6.90492e+15 0 0 4.97118e+27 0.001 10 25000 1.543e+14 110 5 1 1 
-6.82777e+15 0 0 4.97118e+27 0.001 10 25000 1.543e+14 111 5 1 1 
-6.75062e+15 0 0 4.97118e+27 0.001 10 25000 1.543e+14 112 5 1 1 
-6.67347e+15 0 0 4.97118e+27 0.001 10 25000 1.543e+14 113 5 1 1 
-6.59632e+15 0 0 4.97118e+27 0.001 10 25000 1.543e+14 114 5 1 1 
-6.51917e+15 0 0 4.97118e+27 0.001 10 25000 1.543e+14 115 5 1 1 
-6.44202e+15 0 0 4.97118e+27 0.001 10 25000 1.543e+14 116 5 1 1 
-6.36487e+15 0 0 4.97118e+27 0.001 10 25000 1.543e+14 117 5 1 1 
-6.28772e+15 0 0 4.97118e+27 0.001 10 25000 1.543e+14 118 5 1 1 
-6.21057e+15 0 0 4.97118e+27 0.001 10 25000 1.543e+14 119 5 1 1 
-6.13342e+15 0 0 4.97118e+27 0.001 10 25000 1.543e+14 120 5 1 1 
-6.05627e+15 0 0 4.97118e+27 0.001 10 25000 1.543e+14 121 5 1 1 
-5.97912e+15 0 0 4.97118e+27 0.001 10 25000 1.543e+14 122 5 1 1 
-5.90197e+15 0 0 4.97118e+27 0.001 10 25000 1.543e+14 123 5 1 1 
-5.82482e+15 0 0 4.97118e+27 0.001 10 25000 1.543e+14 124 5 1 1 
-5.74767e+15 0 0 4.97118e+27 0.001 10 25000 1.543e+14 125 5 1 1 
-5.67052e+15 0 0 4.97118e+27 0.001 10 25000 1.543e+14 126 5 1 1 
-5.59337e+15 0 0 4.97118e+27 0.001 10 25000 1.543e+14 127 5 1 1 
-5.51622e+15 0 0 4.97118e+27 0.001 10 25000 1.543e+14 128 5 1 1 
-5.43907e+15 0 0 4.97118e+27 0.001 10 25000 1.543e+14 129 5 1 1 
-5.36192e+15 0 0 4.97118e+27 0.001 10 25000 1.543e+14 130 5 1 1 
-5.28477e+15 0 0 4.97118e+27 0.001 10 25000 1.543e+14 131 5 1 1 
-5.20762e+15 0 0 4.97118e+27 0.001 10 25000 1.543e+14 132 5 1 1 
-5.13047e+15 0 0 4.97118e+27 0.001 10 25000 1.543e+14 133 5 1 1 
-5.05332e+15 0 0 4.97118e+27 0.001 10 25000 1.543e+14 134 5 1 1 
-4.97617e+15 0 0 4.97118e+27 0.001 10 25000 1.543e+14 135 5 1 1 
-4.89902e+15 0 0 4.97118e+27 0.001 10 25000 1.543e+14 136 5 1 1 
-4.82187e+15 0 0 4.97118e+27 0.001 10 25000 1.543e+14 137 5 1 1 
-4.74472e+15 0 0 4.97118e+27 0.001 10 25000 1.543e+14 138 5 1 1 
-4.66757e+15 0 0 4.97118e+27 0.001 10 25000 1.543e+14 139 5 1 1 
-4.59042e+15 0 0 4.97118e+27 0.001 10 25000 1.543e+14 140 5 1 1 
-4.51327e+15 0 0 4.97118e+27 0.001 10 25000 1.543e+14 141 5 1 1 
-4.43612e+15 0 0 4.97118e+27 0.001 10 25000 1.543e+14 142 5 1 1 
-4.35897e+15 0 0 4.97118e+27 0.001 10 25000 1.543e+14 143 5 1 1 
-4.28182e+15 0 0 4.97118e+27 0.001 10 25000 1.543e+14 144 5 1 1 
-4.20467e+15 0 0 4.97118e+27 0.001 10 25000 1.543e+14 145 5 1 1 
-4.12752e+15 0 0 4.97118e+27 0.001 10 25000 1.543e+14 146 5 1 1 
-4.05037e+15 0 0 4.97118e+27 0.001 10 25000 1.543e+14 147 5 1 1 
-3.97322e+15 0 0 4.97118e+27 0.001 10 25000 1.543e+14 148 5 1 1 
-3.89607e+15 0 0 4.97118e+27 0.001 10 25000 1.543e+14 149 5 1 1 
-3.81892e+15 0 0 4.97118e+27 0.001 10 25000 1.543e+14 150 5 1 1 
-3.74177e+15 0 0 4.97118e+27 0.001 10 25000 1.543e+14 151 5 1 1 
-3.66462e+15 0 0 4.97118e+27 0.001 10 25000 1.543e+14 152 5 1 1 
-3.58747e+15 0 0 4.97118e+27 0.001 10 25000 1.543e+14 153 5 1 1 
-3.51032e+15 0 0 4.97118e+27 0.001 10 25000 1.543e+14 154 5 1 1 
-3.43317e+15 0 0 4.97118e+27 0.001 10 25000 1.543e+14 155 5 1 1 
-3.35602e+15 0 0 4.97118e+27 0.001 10 25000 1.543e+14 156 5 1 1 
-3.27887e+15 0 0 4.97118e+27 0.001 10 25000 1.543e+14 157 5 1 1 
-3.20172e+15 0 0 4.97118e+27 0.001 10 25000 1.543e+14 158 5 1 1 
-3.12457e+15 0 0 4.97118e+27 0.001 10 25000 1.543e+14 159 5 1 1 
-3.04742e+15 0 0 4.97118e+27 0.001 10 25000 1.543e+14 160 5 1 1 
-2.97027e+15 0 0 4.97118e+27 0.001 10 25000 1.543e+14 161 5 1 1 
-2.89312e+15 0 0 4.97118e+27 0.001 10 25000 1.543e+14 162 5 1 1 
-2.81597e+15 0 0 4.97118e+27 0.001 10 25000 1.543e+14 163 5 1 1 
-2.73882e+15 0 0 4.97118e+27 0.001 10 25000 1.543e+14 164 5 1 1 
-2.66167e+15 0 0 4.97118e+27 0.001 10 25000 1.543e+14 165 5 1 1 
-2.58452e+15 0 0 4.97118e+27 0.001 10 25000 1.543e+14 166 5 1 1 
-2.50737e+15 0 0 4.97118e+27 0.001 10 25000 1.543e+14 167 5 1 1 
-2.43022e+15 0 0 4.97118e+27 0.001 10 25000 1.543e+14 168 5 1 1 
-2.35307e+15 0 0 4.97118e+27 0.001 10 25000 1.543e+14 169 5 1 1 
-2.27592e+15 0 0 4.97118e+27 0.001 10 25000 1.543e+14 170 5 1 1 
-2.19877e+15 0 0 4.97118e+27 0.001 10 25000 1.543e+14 171 5 1 1 
-2.12162e+15 0 0 4.97118e+27 0.001 10 25000 1.543e+14 172 5 1 1 
-2.04447e+15 0 0 4.97118e+27 0.001 10 25000 1.543e+14 173 5 1 1 
-1.96732e+15 0 0 4.97118e+27 0.001 10 25000 1.543e+14 174 5 1 1 
-1.89017e+15 0 0 4.97118e+27 0.001 10 25000 1.543e+14 175 5 1 1 
-1.81302e+15 0 0 4.97118e+27 0.001 10 25000 1.543e+14 176 5 1 1 
-1.73587e+15 -1.31122e-43 -3.63266e-55 4.97118e+27 0.001 10 25000 1.543e+14 177 5 1 1 
-1.65872e+15 -1.3637e-13 -3.63266e-55 4.97118e+27 0.001 10 25000 1.543e+14 178 5 1 1 
-1.58157e+15 -3.0566e-13 0 4.97118e+27 0.001 10 25000 1.543e+14 179 5 1 1 
-1.50442e+15 -4.90785e-13 -1.84198e-24 4.97118e+27 0.001 10 25000 1.543e+14 180 5 1 1 
-1.42727e+15 -7.08955e-13 -7.26532e-55 4.97118e+27 0.001 10 25000 1.543e+14 181 5 1 1 
-1.35012e+15 -9.41476e-13 -7.26532e-55 4.97118e+27 0.001 10 25000 1.543e+14 182 5 1 1 
-1.27297e+15 -1.27247e-12 0 4.97118e+27 0.001 10 25000 1.543e+14 183 5 1 1 
-1.19582e+15 -1.76595e-12 1.27813e-39 4.97118e+27 0.001 10 25000 1.543e+14 184 5 1 1 
-1.11867e+15 -2.01096e-12 -1.84198e-24 4.97118e+27 0.001 10 25000 1.543e+14 185 5 1 1 
-1.04152e+15 -3.65163e-12 1.84198e-24 4.97118e+27 0.001 10 25000 1.543e+14 186 4 1 1 
-9.64375e+14 -8.36933e-14 1.84198e-24 4.97118e+27 0.001 10 25000 1.543e+14 187 3 1 1 
-8.87225e+14 -2.68604e-13 -2.90613e-54 4.97118e+27 0.001 10 25000 1.543e+14 188 3 1 1 
-8.10075e+14 -9.82945e-13 -2.04501e-38 4.97118e+27 0.001 10 25000 1.543e+14 189 3 1 1 
-7.32925e+14 1.42775e-12 1.0225e-38 4.97118e+27 0.001 10 25000 1.543e+14 190 4 1 1 
-6.55775e+14 4.02931e-13 1.91719e-38 4.97118e+27 0.001 10 25000 1.543e+14 191 5 1 1 
-5.78625e+14 2.93258e-13 -3.68395e-24 4.97118e+27 0.001 10 25000 1.543e+14 192 5 1 1 
-5.01475e+14 -1.4966e-12 -3.68395e-24 4.97118e+27 0.001 10 25000 1.543e+14 193 4 1 1 
-4.24325e+14 1.39754e-12 2.04501e-38 4.97118e+27 0.001 10 25000 1.543e+14 194 3 1 1 
-3.47175e+14 3.12149e-13 2.04501e-38 4.97118e+27 0.001 10 25000 1.543e+14 195 3 1 1 
-2.70025e+14 -1.41884e-13 -3.68395e-24 4.97118e+27 0.001 10 25000 1.543e+14 196 3 1 1 
-1.92875e+14 1.12979e-13 -1.27813e-39 4.97118e+27 0.001 10 25000 1.543e+14 197 4 1 1 
-1.15725e+14 3.39619e-13 1.10519e-23 4.97118e+27 0.001 10 25000 1.543e+14 198 3 1 1 
-3.8575e+13 3.94354e-13 -9.20989e-24 4.97118e+27 0.001 10 25000 1.543e+14 199 3 1 1 
3.8575e+13 1.77108e-13 -3.68395e-24 4.97118e+27 0.001 10 25000 1.543e+14 200 3 1 1 
1.15725e+14 1.68348e-13 5.52593e-24 4.97118e+27 0.001 10 25000 1.543e+14 201 3 1 1 
1.92875e+14 -5.4423e-14 -1.84198e-24 4.97118e+27 0.001 10 25000 1.543e+14 202 4 1 1 
2.70025e+14 -2.95087e-13 -2.87579e-39 4.97118e+27 0.001 10 25000 1.543e+14 203 3 1 1 
3.47175e+14 -3.98964e-13 1.84198e-24 4.97118e+27 0.001 10 25000 1.543e+14 204 3 1 1 
4.24325e+14 1.71798e-13 3.68395e-24 4.97118e+27 0.001 10 25000 1.543e+14 205 4 1 1 
5.01475e+14 -9.07194e-13 -1.84198e-24 4.97118e+27 0.001 10 25000 1.543e+14 206 4 1 1 
5.78625e+14 -2.21731e-12 -1.84198e-24 4.97118e+27 0.001 10 25000 1.543e+14 207 5 1 1 
6.55775e+14 -8.13417e-13 -1.91719e-38 4.97118e+27 0.001 10 25000 1.543e+14 208 5 1 1 
7.32925e+14 -2.41619e-12 -1.0225e-38 4.97118e+27 0.001 10 25000 1.543e+14 209 4 1 1 
8.10075e+14 1.49722e-12 8.9469e-39 4.97118e+27 0.001 10 25000 1.543e+14 210 3 1 1 
8.87225e+14 8.19569e-13 -8.9469e-39 4.97118e+27 0.001 10 25000 1.543e+14 211 3 1 1 
9.64375e+14 4.37938e-12 3.68395e-24 4.97118e+27 0.001 10 25000 1.543e+14 212 4 1 1 
1.04153e+15 2.67377e-12 1.78938e-38 4.97118e+27 0.001 10 25000 1.543e+14 213 5 1 1 
1.11868e+15 2.15674e-12 -1.84198e-24 4.97118e+27 0.001 10 25000 1.543e+14 214 5 1 1 
1.19583e+15 1.64565e-12 3.68395e-24 4.97118e+27 0.001 10 25000 1.543e+14 215 5 1 1 
1.27298e+15 1.11121e-12 1.45306e-54 4.97118e+27 0.001 10 25000 1.543e+14 216 5 1 1 
1.35013e+15 7.76074e-13 7.26532e-55 4.97118e+27 0.001 10 25000 1.543e+14 217 5 1 1 
1.42728e+15 5.41924e-13 0 4.97118e+27 0.001 10 25000 1.543e+14 218 5 1 1 
1.50443e+15 3.56621e-13 1.84198e-24 4.97118e+27 0.001 10 25000 1.543e+14 219 5 1 1 
1.58158e+15 1.87489e-13 -1.84198e-24 4.97118e+27 0.001 10 25000 1.543e+14 220 5 1 1 
1.65873e+15 1.70825e-14 1.84198e-24 4.97118e+27 0.001 10 25000 1.543e+14 221 5 1 1 
1.73588e+15 3.36892e-45 3.63266e-55 4.97118e+27 0.001 10 25000 1.543e+14 222 5 1 1 
1.81303e+15 0 0 4.97118e+27 0.001 10 25000 1.543e+14 223 5 1 1 
1.89018e+15 0 0 4.97118e+27 0.001 10 25000 1.543e+14 224 5 1 1 
1.96733e+15 0 0 4.97118e+27 0.001 10 25000 1.543e+14 225 5 1 1 
2.04448e+15 0 0 4.97118e+27 0.001 10 25000 1.543e+14 226 5 1 1 
2.12163e+15 0 0 4.97118e+27 0.001 10 25000 1.543e+14 227 5 1 1 
2.19878e+15 0 0 4.97118e+27 0.001 10 25000 1.543e+14 228 5 1 1 
2.27593e+15 0 0 4.97118e+27 0.001 10 25000 1.543e+14 229 5 1 1 
2.35308e+15 0 0 4.97118e+27 0.001 10 25000 1.543e+14 230 5 1 1 
2.43023e+15 0 0 4.97118e+27 0.001 10 25000 1.543e+14 231 5 1 1 
2.50738e+15 0 0 4.97118e+27 0.001 10 25000 1.543e+14 232 5 1 1 
2.58453e+15 0 0 4.97118e+27 0.001 10 25000 1.543e+14 233 5 1 1 
2.66168e+15 0 0 4.97118e+27 0.001 10 25000 1.543e+14 234 5 1 1 
2.73883e+15 0 0 4.97118e+27 0.001 10 25000 1.543e+14 235 5 1 1 
2.81598e+15 0 0 4.97118e+27 0.001 10 25000 1.543e+14 236 5 1 1 
2.89313e+15 -2.91552e-43 -3.63266e-55 4.97118e+27 0.001 10 25000 1.543e+14 237 5 1 1 
2.97028e+15 -1.69188e-13 0 4.97118e+27 0.001 10 25000 1.543e+14 238 5 1 1 
3.04743e+15 -3.37357e-13 3.63266e-55 4.97118e+27 0.001 10 25000 1.543e+14 239 5 1 1 
3.12458e+15 -2.48524e-13 1.84198e-24 4.97118e+27 0.001 10 25000 1.543e+14 240 5 1 1 
3.20173e+15 -4.30821e-13 2.1796e-54 4.97118e+27 0.001 10 25000 1.543e+14 241 5 1 1 
3.27888e+15 2.2817e-12 5.52593e-24 4.97118e+27 0.001 10 25000 1.543e+14 242 5 1 1 
3.35603e+15 1.41202e-12 1.84198e-24 4.97118e+27 0.001 10 25000 1.543e+14 243 5 1 1 
3.43318e+15 1.23176e-12 5.52593e-24 4.97118e+27 0.001 10 25000 1.543e+14 244 5 1 1 
3.51033e+15 -1.77869e-12 1.84198e-24 4.97118e+27 0.001 10 25000 1.543e+14 245 5 1 1 
3.58748e+15 2.43568e-12 -1.10519e-23 4.97118e+27 0.001 10 25000 1.543e+14 246 5 1 1 
3.66463e+15 2.87745e-15 -1.10519e-23 4.97118e+27 0.001 10 25000 1.543e+14 247 5 1 1 
3.74178e+15 2.34323e-12 1.65778e-23 4.97118e+27 0.001 10 25000 1.543e+14 248 5 1 1 
3.81893e+15 -1.11836e-12 1.47358e-23 4.97118e+27 0.001 10 25000 1.543e+14 249 4 1 1 
3.89608e+15 1.11836e-12 -1.47358e-23 4.97118e+27 0.001 10 25000 1.543e+14 250 4 1 1 
3.97323e+15 -2.34323e-12 -1.65778e-23 4.97118e+27 0.001 10 25000 1.543e+14 251 5 1 1 
4.05038e+15 -2.87745e-15 1.10519e-23 4.97118e+27 0.001 10 25000 1.543e+14 252 5 1 1 
4.12753e+15 -2.43568e-12 1.10519e-23 4.97118e+27 0.001 10 25000 1.543e+14 253 5 1 1 
4.20468e+15 1.77869e-12 -1.84198e-24 4.97118e+27 0.001 10 25000 1.543e+14 254 5 1 1 
4.28183e+15 -1.23176e-12 -5.52593e-24 4.97118e+27 0.001 10 25000 1.543e+14 255 5 1 1 
4.35898e+15 -1.41202e-12 -1.84198e-24 4.97118e+27 0.001 10 25000 1.543e+14 256 5 1 1 
4.43613e+15 -2.2817e-12 -5.52593e-24 4.97118e+27 0.001 10 25000 1.543e+14 257 5 1 1 
4.51328e+15 4.30821e-13 -2.1796e-54 4.97118e+27 0.001 10 25000 1.543e+14 258 5 1 1 
4.59043e+15 2.48524e-13 -1.84198e-24 4.97118e+27 0.001 10 25000 1.543e+14 259 5 1 1 
4.66758e+15 3.37357e-13 -3.63266e-55 4.97118e+27 0.001 10 25000 1.543e+14 260 5 1 1 
4.74473e+15 1.69188e-13 0 4.97118e+27 0.001 10 25000 1.543e+14 261 5 1 1 
4.82188e+15 2.91552e-43 3.63266e-55 4.97118e+27 0.001 10 25000 1.543e+14 262 5 1 1 
4.89903e+15 0 0 4.97118e+27 0.001 10 25000 1.543e+14 263 5 1 1 
4.97618e+15 0 0 4.97118e+27 0.001 10 25000 1.543e+14 264 5 1 1 
5.05333e+15 0 0 4.97118e+27 0.001 10 25000 1.543e+14 265 5 1 1 
5.13048e+15 0 0 4.97118e+27 0.001 10 25000 1.543e+14 266 5 1 1 
5.20763e+15 0 0 4.97118e+27 0.001 10 25000 1.543e+14 267 5 1 1 
5.28478e+15 0 0 4.97118e+27 0.001 10 25000 1.543e+14 268 5 1 1 
5.36193e+15 0 0 4.97118e+27 0.001 10 25000 1.543e+14 269 5 1 1 
5.43908e+15 0 0 4.97118e+27 0.001 10 25000 1.543e+14 270 5 1 1 
5.51623e+15 0 0 4.97118e+27 0.001 10 25000 1.543e+14 271 5 1 1 
5.59338e+15 0 0 4.97118e+27 0.001 10 25000 1.543e+14 272 5 1 1 
5.67053e+15 0 0 4.97118e+27 0.001 10 25000 1.543e+14 273 5 1 1 
5.74768e+15 0 0 4.97118e+27 0.001 10 25000 1.543e+14 274 5 1 1 
5.82483e+15 0 0 4.97118e+27 0.001 10 25000 1.543e+14 275 5 1 1 
5.90198e+15 0 0 4.97118e+27 0.001 10 25000 1.543e+14 276 5 1 1 
5.97913e+15 0 0 4.97118e+27 0.001 10 25000 1.543e+14 277 5 1 1 
6.05628e+15 0 0 4.97118e+27 0.001 10 25000 1.543e+14 278 5 1 1 
6.13343e+15 0 0 4.97118e+27 0.001 10 25000 1.543e+14 279 5 1 1 
6.21058e+15 0 0 4.97118e+27 0.001 10 25000 1.543e+14 280 5 1 1 
6.28773e+15 -3.0311e-44 -3.63266e-55 4.97118e+27 0.001 10 25000 1.543e+14 281 5 1 1 
6.36488e+15 -6.82932e-14 -3.63266e-55 4.97118e+27 0.001 10 25000 1.543e+14 282 5 1 1 
6.44203e+15 -2.38677e-13 0 4.97118e+27 0.001 10 25000 1.543e+14 283 5 1 1 
6.51918e+15 -4.25426e-13 -1.84198e-24 4.97118e+27 0.001 10 25000 1.543e+14 284 5 1 1 
6.59633e+15 -6.79384e-13 -7.26532e-55 4.97118e+27 0.001 10 25000 1.543e+14 285 5 1 1 
6.67348e+15 -1.08524e-12 7.26532e-55 4.97118e+27 0.001 10 25000 1.543e+14 286 5 1 1 
6.75063e+15 -1.43732e-12 1.84198e-24 4.97118e+27 0.001 10 25000 1.543e+14 287 5 1 1 
6.82778e+15 -1.54715e-12 7.36791e-24 4.97118e+27 0.001 10 25000 1.543e+14 288 5 1 1 
6.90493e+15 -1.84017e-12 3.68395e-24 4.97118e+27 0.001 10 25000 1.543e+14 289 5 1 1 
6.98208e+15 2.66482e-12 1.84198e-24 4.97118e+27 0.001 10 25000 1.543e+14 290 5 1 1 
7.05923e+15 7.2213e-13 -1.84198e-24 4.97118e+27 0.001 10 25000 1.543e+14 291 5 1 1 
7.13638e+15 -1.75923e-12 -3.68395e-24 4.97118e+27 0.001 10 25000 1.543e+14 292 5 1 1 
7.21353e+15 -4.42943e-12 -5.52593e-24 4.97118e+27 0.001 10 25000 1.543e+14 293 5 1 1 
7.29068e+15 2.91416e-14 2.02618e-23 4.97118e+27 0.001 10 25000 1.543e+14 294 5 1 1 
7.36783e+15 -3.12558e-12 2.21037e-23 4.97118e+27 0.001 10 25000 1.543e+14 295 5 1 1 
7.44498e+15 2.45079e-12 -2.57877e-23 4.97118e+27 0.001 10 25000 1.543e+14 296 5 1 1 
7.52213e+15 -3.18629e-12 -2.21037e-23 4.97118e+27 0.001 10 25000 1.543e+14 297 5 1 1 
7.59928e+15 1.3753e-12 2.39457e-23 4.97118e+27 0.001 10 25000 1.543e+14 298 5 1 1 
7.67643e+15 -5.65929e-12 2.57877e-23 4.97118e+27 0.001 10 25000 1.543e+14 299 3 1 1 
7.75358e+15 5.65929e-12 -2.57877e-23 4.97118e+27 0.001 10 25000 1.543e+14 300 3 1 1 
7.83073e+15 -1.3753e-12 -2.39457e-23 4.97118e+27 0.001 10 25000 1.543e+14 301 5 1 1 
7.90788e+15 3.18629e-12 2.21037e-23 4.97118e+27 0.001 10 25000 1.543e+14 302 5 1 1 
7.98503e+15 -2.45079e-12 2.57877e-23 4.97118e+27 0.001 10 25000 1.543e+14 303 5 1 1 
8.06218e+15 3.12558e-12 -2.21037e-23 4.97118e+27 0.001 10 25000 1.543e+14 304 5 1 1 
8.13933e+15 -2.91416e-14 -2.02618e-23 4.97118e+27 0.001 10 25000 1.543e+14 305 5 1 1 
8.21648e+15 4.42943e-12 5.52593e-24 4.97118e+27 0.001 10 25000 1.543e+14 306 5 1 1 
8.29363e+15 1.75923e-12 3.68395e-24 4.97118e+27 0.001 10 25000 1.543e+14 307 5 1 1 
8.37078e+15 -7.2213e-13 1.84198e-24 4.97118e+27 0.001 10 25000 1.543e+14 308 5 1 1 
8.44793e+15 -2.66482e-12 -1.84198e-24 4.97118e+27 0.001 10 25000 1.543e+14 309 5 1 1 
8.52508e+15 1.84017e-12 -3.68395e-24 4.97118e+27 0.001 10 25000 1.543e+14 310 5 1 1 
8.60223e+15 1.54715e-12 -7.36791e-24 4.97118e+27 0.001 10 25000 1.543e+14 311 5 1 1 
8.67938e+15 1.43732e-12 -1.84198e-24 4.97118e+27 0.001 10 25000 1.543e+14 312 5 1 1 
8.75653e+15 1.08524e-12 -7.26532e-55 4.97118e+27 0.001 10 25000 1.543e+14 313 5 1 1 
8.83368e+15 6.79384e-13 7.26532e-55 4.97118e+27 0.001 10 25000 1.543e+14 314 5 1 1 
8.91083e+15 4.25426e-13 1.84198e-24 4.97118e+27 0.001 10 25000 1.543e+14 315 5 1 1 
8.98798e+15 2.38677e-13 0 4.97118e+27 0.001 10 25000 1.543e+14 316 5 1 1 
9.06513e+15 6.82932e-14 3.63266e-55 4.97118e+27 0.001 10 25000 1.543e+14 317 5 1 1 
9.14228e+15 3.0311e-44 3.63266e-55 4.97118e+27 0.001 10 25000 1.543e+14 318 5 1 1 
9.21943e+15 0 0 4.97118e+27 0.001 10 25000 1.543e+14 319 5 1 1 
9.29658e+15 0 0 4.97118e+27 0.001 10 25000 1.543e+14 320 5 1 1 
9.37373e+15 0 0 4.97118e+27 0.001 10 25000 1.543e+14 321 5 1 1 
9.45088e+15 0 0 4.97118e+27 0.001 10 25000 1.543e+14 322 5 1 1 
9.52803e+15 0 0 4.97118e+27 0.001 10 25000 1.543e+14 323 5 1 1 
9.60518e+15 0 0 4.97118e+27 0.001 10 25000 1.543e+14 324 5 1 1 
9.68233e+15 0 0 4.97118e+27 0.001 10 25000 1.543e+14 325 5 1 1 
9.75948e+15 0 0 4.97118e+27 0.001 10 25000 1.543e+14 326 5 1 1 
9.83663e+15 0 0 4.97118e+27 0.001 10 25000 1.543e+14 327 5 1 1 
9.91378e+15 0 0 4.97118e+27 0.001 10 25000 1.543e+14 328 5 1 1 
9.99093e+15 0 0 4.97118e+27 0.001 10 25000 1.543e+14 329 5 1 1 
1.00681e+16 0 0 4.97118e+27 0.001 10 25000 1.543e+14 330 5 1 1 
1.01452e+16 0 0 4.97118e+27 0.001 10 25000 1.543e+14 331 5 1 1 
1.02224e+16 0 0 4.97118e+27 0.001 10 25000 1.543e+14 332 5 1 1 
1.02995e+16 0 0 4.97118e+27 0.001 10 25000 1.543e+14 333 5 1 1 
1.03767e+16 0 0 4.97118e+27 0.001 10 25000 1.543e+14 334 5 1 1 
1.04538e+16 0 0 4.97118e+27 0.001 10 25000 1.543e+14 335 5 1 1 
1.0531e+16 0 0 4.97118e+27 0.001 10 25000 1.543e+14 336 5 1 1 
1.06081e+16 -2.02e-44 -7.26532e-55 4.97118e+27 0.001 10 25000 1.543e+14 337 5 1 1 
1.06853e+16 -6.83032e-14 -3.68395e-24 4.97118e+27 0.001 10 25000 1.543e+14 338 5 1 1 
1.07624e+16 -6.83739e-13 -8.84149e-23 4.97118e+27 0.001 10 25000 1.543e+14 339 5 1 1 
1.08396e+16 -2.93608e-11 -1.16781e-21 4.97118e+27 0.001 10 25000 1.543e+14 340 4 1 1 
1.09167e+16 -8.73111e-11 -1.37412e-21 4.97118e+27 0.001 10 25000 1.543e+14 341 3 1 1 
1.09939e+16 -1.08169e-10 5.38963e-21 4.97118e+27 0.001 10 25000 1.543e+14 342 5 1 1 
1.1071e+16 4.42006e-10 5.7175e-21 4.97118e+27 0.001 10 25000 1.543e+14 343 4 1 1 
1.11482e+16 -7.61872e-09 -5.71956e-19 4.97118e+27 0.001 10 25000 1.543e+14 344 4 1 1 
1.12253e+16 -1.10988e-07 -5.3316e-18 4.97118e+27 0.001 10 25000 1.543e+14 345 4 1 1 
1.13025e+16 -8.51099e-07 -3.34726e-17 4.97118e+27 0.001 10 25000 1.543e+14 346 4 1 1 
1.13796e+16 -4.94289e-06 -1.69624e-16 4.97118e+27 0.001 10 25000 1.543e+14 347 4 1 1 
1.14568e+16 -2.40555e-05 -7.4028e-16 4.97118e+27 0.001 10 25000 1.543e+14 348 4 1 1 
1.15339e+16 -0.000102604 -2.8718e-15 4.97118e+27 0.001 10 25000 1.543e+14 349 4 1 1 
1.16111e+16 -0.000393023 -1.00837e-14 4.97118e+27 0.001 10 25000 1.543e+14 350 4 1 1 
1.16882e+16 -0.00137229 -3.24143e-14 4.97118e+27 0.001 10 25000 1.543e+14 351 4 1 1 
1.17654e+16 -0.00441074 -9.61197e-14 4.97118e+27 0.001 10 25000 1.54299e+14 352 4 1 1 
1.18425e+16 -0.0131394 -2.64325e-13 4.97118e+27 0.00100001 10.0001 25000.1 1.54298e+14 353 4 1 1 
1.19197e+16 -0.0364566 -6.76594e-13 4.97118e+27 0.00100003 10.0004 25000.3 1.54296e+14 354 4 1 1 
1.19968e+16 -0.0945545 -1.6162e-12 4.97118e+27 0.00100007 10.001 25000.7 1.54289e+14 355 4 1 1 
1.2074e+16 -0.229851 -3.6085e-12 4.97118e+27 0.00100018 10.0024 25001.7 1.54273e+14 356 4 1 1 
1.21511e+16 -0.524648 -7.53478e-12 4.97118e+27 0.0010004 10.0055 25004 1.54238e+14 357 4 1 0.999999 
1.22282e+16 -1.12561 -1.47029e-11 4.97118e+27 0.00100086 10.0119 25008.5 1.54168e+14 358 4 1 0.999997 
1.23053e+16 -2.26993 -2.67408e-11 4.97118e+27 0.00100174 10.0241 25017.2 1.54033e+14 359 4 1 0.999992 
1.23822e+16 -4.29742 -4.50906e-11 4.97118e+27 0.00100329 10.0459 25032.7 1.53793e+14 360 4 1 0.999978 
1.24591e+16 -7.61751 -6.98876e-11 4.97118e+27 0.00100586 10.0819 25058.3 1.53401e+14 361 4 1 0.999951 
1.25356e+16 -12.593 -9.83988e-11 4.97118e+27 0.00100975 10.1365 25097.1 1.5281e+14 362 4 1 0.999911 
1.26119e+16 -19.3328 -1.24031e-10 4.97118e+27 0.0010151 10.2119 25150.5 1.52005e+14 363 4 1 0.999871 
1.26876e+16 -27.4713 -1.37782e-10 4.97118e+27 0.0010217 10.3053 25216.3 1.51022e+14 364 4 1 0.999855 
1.27629e+16 -36.0948 -1.31939e-10 4.97118e+27 0.00102891 10.4077 25287.9 1.49965e+14 365 4 1 0.999885 
1.28376e+16 -43.8659 -1.0153e-10 4.97118e+27 0.00103559 10.5031 25354.2 1.48997e+14 366 4 1 0.999993 
1.29119e+16 -48.6604 -2.31653e-11 4.97118e+27 0.00103892 10.5526 25388.4 1.48519e+14 367 3 1 1 
1.29861e+16 -39.9215 4.02789e-10 4.97118e+27 0.00102856 10.4086 25289.7 1.50015e+14 368 4 1 1.00003 
1.30619e+16 0.481845 7.6045e-10 4.97118e+27 0.000999199 9.99144 24996.3 1.54424e+14 369 4 1 0.998252 
1.31406e+16 42.1528 4.75828e-10 4.97118e+27 0.000967163 9.54114 24668.3 1.59539e+14 370 4 1 0.996901 
1.32215e+16 67.9499 3.27025e-10 4.97118e+27 0.000943593 9.2192 24427.3 1.63524e+14 371 4 1 0.998207 
1.33042e+16 95.1565 4.36481e-10 4.97118e+27 0.000920906 8.91214 24192.5 1.67552e+14 372 4 1 0.998503 
1.33891e+16 129.623 4.89952e-10 4.97118e+27 0.000894606 8.55733 23913.5 1.72478e+14 373 4 1 0.997842 
1.34767e+16 166.278 4.76425e-10 4.97118e+27 0.000866897 8.18817 23614.1 1.77991e+14 374 4 1 0.997382 
1.35671e+16 203.493 4.69919e-10 4.97118e+27 0.000839117 7.82328 23308.5 1.83884e+14 375 4 1 0.997212 
1.36606e+16 242.078 4.70613e-10 4.97118e+27 0.000811095 7.46007 22994.2 1.90237e+14 376 4 1 0.996996 
1.37574e+16 282.353 4.6994e-10 4.97118e+27 0.000782733 7.09746 22669.3 1.9713e+14 377 4 1 0.996721 
1.38578e+16 324.17 4.65435e-10 4.97118e+27 0.000754154 6.73735 22334.6 2.046e+14 378 4 1 0.996434 
1.39621e+16 367.289 4.56226e-10 4.97118e+27 0.000725607 6.38306 21992.7 2.1265e+14 379 4 1 0.996171 
1.40706e+16 411.343 4.42008e-10 4.97118e+27 0.000697432 6.03879 21647.1 2.2124e+14 380 4 1 0.995965 
1.41835e+16 455.327 4.14581e-10 4.97118e+27 0.00067024 5.71176 21305.6 2.30216e+14 381 4 1 0.99589 
1.43009e+16 497.621 3.68222e-10 4.97118e+27 0.000645044 5.4134 20981.7 2.39209e+14 382 4 1 0.996096 
1.44228e+16 535.61 3.02587e-10 4.97118e+27 0.000623023 5.15647 20692.3 2.47663e+14 383 4 1 0.996675 
1.45486e+16 566.796 2.28191e-10 4.97118e+27 0.000605011 4.94909 20451.2 2.55037e+14 384 4 1 0.997529 
1.46779e+16 591.94 1.9307e-10 4.97118e+27 0.000590151 4.78004 20249.3 2.61459e+14 385 4 1 0.998244 
1.48101e+16 617.802 2.30888e-10 4.97118e+27 0.000575442 4.61429 20046.5 2.68142e+14 386 4 1 0.998346 
1.4946e+16 649.598 2.53367e-10 4.97118e+27 0.000559452 4.43565 19821.9 2.75806e+14 387 4 1 0.997909 
1.5086e+16 677.249 1.41184e-10 4.97118e+27 0.000546409 4.29131 19635.6 2.82389e+14 388 4 1 0.998247 
1.52285e+16 684.224 -2.94548e-11 4.97118e+27 0.000541553 4.23832 19566.3 2.84921e+14 389 5 1 0.999692 
1.53709e+16 681.229 -7.31791e-12 4.97118e+27 0.00054194 4.24297 19573 2.84718e+14 390 4 1 0.999994 
1.55132e+16 679.816 -1.19206e-11 4.97118e+27 0.000542736 4.25183 19585.2 2.843e+14 391 4 1 0.999995 
1.56552e+16 678.41 -7.90524e-12 4.97118e+27 0.000543455 4.25991 19596.4 2.83924e+14 392 4 1 0.999997 
1.57971e+16 677.392 -6.42202e-12 4.97118e+27 0.000544014 4.26626 19605.5 2.83632e+14 393 4 1 0.999998 
1.59389e+16 676.562 -4.8424e-12 4.97118e+27 0.000544428 4.27109 19612.7 2.83417e+14 394 4 1 1 
1.60805e+16 675.941 -3.51741e-12 4.97118e+27 0.000544665 4.27425 19618.7 2.83293e+14 395 3 1 1 
1.62222e+16 675.489 -2.66035e-12 4.97118e+27 0.000544498 4.27447 19625.7 2.83381e+14 396 4 1 1 
1.63639e+16 675.144 -1.97357e-12 4.97118e+27 0.000543058 4.25902 19606.7 2.84132e+14 397 4 1 0.999992 
1.65063e+16 674.881 -1.4933e-12 4.97118e+27 0.000530077 4.10603 19365.3 2.9109e+14 398 4 1 0.999693 
1.66551e+16 674.652 -1.10751e-12 4.97118e+27 0.000506105 4.39316 21700.8 3.04877e+14 399 4 1 0.994742 
1.68114e+16 674.423 -6.73829e-13 4.97118e+27 0.000480642 4.14778 21574.2 3.21029e+14 400 4 1 0.993721 
1.69765e+16 674.144 -1.10638e-13 4.97118e+27 0.000458179 4.49161 24507.9 3.36768e+14 401 4 1 0.993696 
1.71483e+16 673.73 1.13922e-12 4.97118e+27 0.000449463 4.29583 23894.2 3.43299e+14 402 5 1 0.998646 
1.73198e+16 672.881 4.49258e-12 4.97118e+27 0.000450609 4.27321 23707.9 3.42425e+14 403 4 1 1.00001 
1.74907e+16 670.558 1.62565e-11 4.97118e+27 0.000450736 4.25307 23589.4 3.42329e+14 404 3 1 1 
1.76621e+16 664.07 4.39234e-11 4.97118e+27 0.000447565 4.19846 23451.2 3.44754e+14 405 4 1 0.999947 
1.78355e+16 646.449 1.25004e-10 4.97118e+27 0.000437727 4.06133 23194.7 3.52503e+14 406 4 1 0.999169 
1.80147e+16 607.306 2.4248e-10 4.97118e+27 0.000417076 3.78782 22702.7 3.69957e+14 407 4 1 0.995761 
1.82059e+16 523.826 5.97657e-10 4.97118e+27 0.000378713 3.29396 21742 4.07432e+14 408 4 1 0.986895 
1.84243e+16 343.818 1.06177e-09 4.97118e+27 0.000325413 2.63725 20261 4.74167e+14 409 4 1 0.967618 
1.86854e+16 134.334 8.41421e-10 4.97118e+27 0.000279405 2.10748 18860 5.52245e+14 410 4 1 0.957583 
1.89802e+16 23.5557 2.72414e-10 4.97118e+27 0.000256576 1.86212 18146 6.01381e+14 411 4 1 0.981388 
1.92874e+16 0.00646561 2.50151e-11 4.97118e+27 0.000250553 1.8005 17965.8 6.15839e+14 412 4 1 0.998064 
1.95961e+16 -0.3947 -4.97191e-12 4.97118e+27 0.000249939 1.79438 17948.2 6.17352e+14 413 5 1 0.999976 
1.99047e+16 0.0117122 -2.1128e-13 4.97118e+27 0.000249993 1.79493 17949.8 6.17218e+14 414 4 1 1 
2.02133e+16 0.00757418 4.80357e-14 4.97118e+27 0.000250001 1.79501 17950 6.17197e+14 415 3 1 1 
2.05219e+16 0.00155298 1.35844e-14 4.97118e+27 0.00025 1.795 17950 6.17199e+14 416 4 1 1 
2.08305e+16 0.000254973 2.49857e-15 4.97118e+27 0.00025 1.795 17950 6.172e+14 417 4 1 1 
2.11391e+16 3.66098e-05 3.93696e-16 4.97118e+27 0.00025 1.795 17950 6.172e+14 418 4 1 1 
2.14477e+16 4.64341e-06 5.47648e-17 4.97118e+27 0.00025 1.795 17950 6.172e+14 419 4 1 1 
2.17563e+16 5.17413e-07 6.71058e-18 4.97118e+27 0.00025 1.795 17950 6.172e+14 420 4 1 1 
2.20649e+16 4.994e-08 7.17195e-19 4.97118e+27 0.00025 1.795 17950 6.172e+14 421 4 1 1 
2.23735e+16 4.06237e-09 6.54989e-20 4.97118e+27 0.00025 1.795 17950 6.172e+14 422 4 1 1 
2.26821e+16 2.69292e-10 4.99821e-21 4.97118e+27 0.00025 1.795 17950 6.172e+14 423 4 1 1 
2.29907e+16 9.15462e-12 2.71231e-22 4.97118e+27 0.00025 1.795 17950 6.172e+14 424 4 1 1 
2.32993e+16 5.13016e-14 1.84198e-24 4.97118e+27 0.00025 1.795 17950 6.172e+14 425 5 1 1 
2.36079e+16 -1.06299e-29 -2.29424e-40 4.97118e+27 0.00025 1.795 17950 6.172e+14 426 5 1 1 
2.39165e+16 1.68315e-45 0 4.97118e+27 0.00025 1.795 17950 6.172e+14 427 5 1 1 
2.42251e+16 0 0 4.97118e+27 0.00025 1.795 17950 6.172e+14 428 5 1 1 
2.45337e+16 0 0 4.97118e+27 0.00025 1.795 17950 6.172e+14 429 5 1 1 
2.48423e+16 0 0 4.97118e+27 0.00025 1.795 17950 6.172e+14 430 5 1 1 
2.51509e+16 0 0 4.97118e+27 0.00025 1.795 17950 6.172e+14 431 5 1 1 
2.54595e+16 0 0 4.97118e+27 0.00025 1.795 17950 6.172e+14 432 5 1 1 
2.57681e+16 0 0 4.97118e+27 0.00025 1.795 17950 6.172e+14 433 5 1 1 
2.60767e+16 0 0 4.97118e+27 0.00025 1.795 17950 6.172e+14 434 5 1 1 
2.63853e+16 0 0 4.97118e+27 0.00025 1.795 17950 6.172e+14 435 5 1 1 
2.66939e+16 0 0 4.97118e+27 0.00025 1.795 17950 6.172e+14 436 5 1 1 
2.70025e+16 0 0 4.97118e+27 0.00025 1.795 17950 6.172e+14 437 5 1 1 
2.73111e+16 0 0 4.97118e+27 0.00025 1.795 17950 6.172e+14 438 5 1 1 
2.76197e+16 0 0 4.97118e+27 0.00025 1.795 17950 6.172e+14 439 5 1 1 
2.79283e+16 0 0 4.97118e+27 0.00025 1.795 17950 6.172e+14 440 5 1 1 
2.82369e+16 -1.43083e-44 -9.08165e-56 4.97118e+27 0.00025 1.795 17950 6.172e+14 441 5 1 1 
2.85455e+16 -7.47301e-44 -2.72449e-55 4.97118e+27 0.00025 1.795 17950 6.172e+14 442 5 1 1 
2.88541e+16 -2.13124e-13 -9.20989e-25 4.97118e+27 0.00025 1.795 17950 6.172e+14 443 5 1 1 
2.91627e+16 -8.03611e-13 -1.38148e-24 4.97118e+27 0.00025 1.795 17950 6.172e+14 444 5 1 1 
2.94713e+16 -2.18936e-12 -2.76297e-24 4.97118e+27 0.00025 1.795 17950 6.172e+14 445 5 1 1 
2.97799e+16 -5.17173e-12 -4.60494e-24 4.97118e+27 0.00025 1.795 17950 6.172e+14 446 5 1 1 
3.00885e+16 -1.12372e-11 -6.44692e-24 4.97118e+27 0.00025 1.795 17950 6.172e+14 447 5 1 1 
3.03971e+16 6.60109e-13 1.47358e-23 4.97118e+27 0.00025 1.795 17950 6.172e+14 448 5 1 1 
3.07057e+16 -1.02837e-11 1.47358e-23 4.97118e+27 0.00025 1.795 17950 6.172e+14 449 3 1 1 
3.10143e+16 1.02837e-11 -1.47358e-23 4.97118e+27 0.00025 1.795 17950 6.172e+14 450 3 1 1 
3.13229e+16 -6.60109e-13 -1.47358e-23 4.97118e+27 0.00025 1.795 17950 6.172e+14 451 5 1 1 
3.16315e+16 1.12372e-11 6.44692e-24 4.97118e+27 0.00025 1.795 17950 6.172e+14 452 5 1 1 
3.19401e+16 5.17173e-12 4.60494e-24 4.97118e+27 0.00025 1.795 17950 6.172e+14 453 5 1 1 
3.22487e+16 2.18936e-12 2.76297e-24 4.97118e+27 0.00025 1.795 17950 6.172e+14 454 5 1 1 
3.25573e+16 8.03611e-13 1.38148e-24 4.97118e+27 0.00025 1.795 17950 6.172e+14 455 5 1 1 
3.28659e+16 2.13124e-13 9.20989e-25 4.97118e+27 0.00025 1.795 17950 6.172e+14 456 5 1 1 
3.31745e+16 7.47301e-44 2.72449e-55 4.97118e+27 0.00025 1.795 17950 6.172e+14 457 5 1 1 
3.34831e+16 1.43083e-44 9.08165e-56 4.97118e+27 0.00025 1.795 17950 6.172e+14 458 5 1 1 
3.37917e+16 0 0 4.97118e+27 0.00025 1.795 17950 6.172e+14 459 5 1 1 
3.41003e+16 0 0 4.97118e+27 0.00025 1.795 17950 6.172e+14 460 5 1 1 
3.44089e+16 0 0 4.97118e+27 0.00025 1.795 17950 6.172e+14 461 5 1 1 
3.47175e+16 0 0 4.97118e+27 0.00025 1.795 17950 6.172e+14 462 5 1 1 
3.50261e+16 0 0 4.97118e+27 0.00025 1.795 17950 6.172e+14 463 5 1 1 
3.53347e+16 0 0 4.97118e+27 0.00025 1.795 17950 6.172e+14 464 5 1 1 
3.56433e+16 0 0 4.97118e+27 0.00025 1.795 17950 6.172e+14 465 5 1 1 
3.59519e+16 0 0 4.97118e+27 0.00025 1.795 17950 6.172e+14 466 5 1 1 
3.62605e+16 0 0 4.97118e+27 0.00025 1.795 17950 6.172e+14 467 5 1 1 
3.65691e+16 0 0 4.97118e+27 0.00025 1.795 17950 6.172e+14 468 5 1 1 
3.68777e+16 0 0 4.97118e+27 0.00025 1.795 17950 6.172e+14 469 5 1 1 
3.71863e+16 0 0 4.97118e+27 0.00025 1.795 17950 6.172e+14 470 5 1 1 
3.74949e+16 0 0 4.97118e+27 0.00025 1.795 17950 6.172e+14 471 5 1 1 
3.78035e+16 -4.20778e-45 -9.08165e-56 4.97118e+27 0.00025 1.795 17950 6.172e+14 472 5 1 1 
3.81121e+16 -4.27061e-15 -4.60494e-25 4.97118e+27 0.00025 1.795 17950 6.172e+14 473 5 1 1 
3.84207e+16 -3.66992e-13 -5.96273e-37 4.97118e+27 0.00025 1.795 17950 6.172e+14 474 5 1 1 
3.87293e+16 -6.00142e-12 -2.43141e-22 4.97118e+27 0.00025 1.795 17950 6.172e+14 475 4 1 1 
3.90379e+16 -2.69432e-10 -5.02537e-21 4.97118e+27 0.00025 1.795 17950 6.172e+14 476 4 1 1 
3.93465e+16 -4.06444e-09 -6.55127e-20 4.97118e+27 0.00025 1.795 17950 6.172e+14 477 4 1 1 
3.96551e+16 -4.99188e-08 -7.17169e-19 4.97118e+27 0.00025 1.795 17950 6.172e+14 478 4 1 1 
3.99637e+16 -5.17428e-07 -6.71058e-18 4.97118e+27 0.00025 1.795 17950 6.172e+14 479 4 1 1 
4.02723e+16 -4.64343e-06 -5.47649e-17 4.97118e+27 0.00025 1.795 17950 6.172e+14 480 4 1 1 
4.05809e+16 -3.66097e-05 -3.93696e-16 4.97118e+27 0.00025 1.795 17950 6.172e+14 481 4 1 1 
4.08895e+16 -0.000254973 -2.49857e-15 4.97118e+27 0.00025 1.795 17950 6.172e+14 482 4 1 1 
4.11981e+16 -0.00155298 -1.35844e-14 4.97118e+27 0.00025 1.795 17950 6.17199e+14 483 4 1 1 
4.15067e+16 -0.00757418 -4.80357e-14 4.97118e+27 0.000250001 1.79501 17950 6.17197e+14 484 3 1 1 
4.18153e+16 -0.0117122 2.1128e-13 4.97118e+27 0.000249993 1.79493 17949.8 6.17218e+14 485 4 1 1 
4.21239e+16 0.3947 4.97191e-12 4.97118e+27 0.000249939 1.79438 17948.2 6.17352e+14 486 5 1 0.999976 
4.24326e+16 -0.00646561 -2.50151e-11 4.97118e+27 0.000250553 1.8005 17965.8 6.15839e+14 487 4 1 0.998064 
4.27398e+16 -23.5557 -2.72414e-10 4.97118e+27 0.000256576 1.86212 18146 6.01381e+14 488 4 1 0.981388 
4.30346e+16 -134.334 -8.41421e-10 4.97118e+27 0.000279405 2.10748 18860 5.52245e+14 489 4 1 0.957583 
4.32957e+16 -343.818 -1.06177e-09 4.97118e+27 0.000325413 2.63725 20261 4.74167e+14 490 4 1 0.967618 
4.35141e+16 -523.826 -5.97657e-10 4.97118e+27 0.000378713 3.29396 21742 4.07432e+14 491 4 1 0.986895 
4.37053e+16 -607.306 -2.4248e-10 4.97118e+27 0.000417076 3.78782 22702.7 3.69957e+14 492 4 1 0.995761 
4.38845e+16 -646.449 -1.25004e-10 4.97118e+27 0.000437727 4.06133 23194.7 3.52503e+14 493 4 1 0.999169 
4.40579e+16 -664.07 -4.39234e-11 4.97118e+27 0.000447565 4.19846 23451.2 3.44754e+14 494 4 1 0.999947 
4.42293e+16 -670.558 -1.62565e-11 4.97118e+27 0.000450736 4.25307 23589.4 3.42329e+14 495 3 1 1 
4.44002e+16 -672.881 -4.49258e-12 4.97118e+27 0.000450609 4.27321 23707.9 3.42425e+14 496 4 1 1.00001 
4.45717e+16 -673.73 -1.13922e-12 4.97118e+27 0.000449463 4.29583 23894.2 3.43299e+14 497 5 1 0.998646 
4.47435e+16 -674.144 1.10638e-13 4.97118e+27 0.000458179 4.49161 24507.9 3.36768e+14 498 4 1 0.993696 
4.49086e+16 -674.423 6.73829e-13 4.97118e+27 0.000480642 4.14778 21574.2 3.21029e+14 499 4 1 0.993721 
