# Time [s]: 1.84802e+12
# Columns: pos [pc], vel [pc/s], acc [pc/s^2], mass [Msun], dens [g/cm^3], pres [barye], ene [erg/g], sml [pc], id, neighbor, alpha, gradh, ...additional?
4.51149e+16 -674.737 1.1874e-12 4.97118e+27 0.000506045 4.39242 21699.8 3.04914e+14 0 4 1 0.994746 
4.52638e+16 -674.998 1.68345e-12 4.97118e+27 0.000530006 4.10526 19364.2 2.91129e+14 1 4 1 0.999697 
4.54062e+16 -675.302 2.3143e-12 4.97118e+27 0.000542965 4.258 19605.3 2.8418e+14 2 4 1 0.999993 
4.55479e+16 -675.7 3.01819e-12 4.97118e+27 0.000544375 4.27313 19624 2.83444e+14 3 4 1 1 
4.56896e+16 -676.225 4.15968e-12 4.97118e+27 0.0005445 4.27244 19616.3 2.83379e+14 4 3 1 1 
4.58313e+16 -676.953 5.71301e-12 4.97118e+27 0.000544206 4.26865 19609.5 2.83532e+14 5 4 1 0.999999 
4.59731e+16 -677.89 6.98215e-12 4.97118e+27 0.000543735 4.26319 19601.4 2.83778e+14 6 4 1 0.999998 
4.61151e+16 -679.052 9.65312e-12 4.97118e+27 0.000543083 4.25582 19591 2.84119e+14 7 4 1 0.999996 
4.62573e+16 -680.694 1.07869e-11 4.97118e+27 0.00054232 4.24732 19579.2 2.84518e+14 8 4 1 0.999994 
-1.53204e+16 -682.392 2.94465e-11 4.97118e+27 0.000541318 4.236 19563.7 2.85045e+14 9 5 1 0.99995 
-1.51777e+16 -684.027 -5.02308e-11 4.97118e+27 0.00054309 4.25498 19588.3 2.84115e+14 10 4 1 0.998864 
-1.50363e+16 -663.275 -2.29747e-10 4.97118e+27 0.000552954 4.36361 19729.6 2.79047e+14 11 4 1 0.997768 
-1.48986e+16 -630.428 -2.5615e-10 4.97118e+27 0.000568821 4.54018 19954.2 2.71263e+14 12 4 1 0.998159 
-1.47649e+16 -601.831 -2.0147e-10 4.97118e+27 0.000584364 4.71471 20170.1 2.64048e+14 13 4 1 0.998317 
-1.46345e+16 -577.194 -2.10121e-10 4.97118e+27 0.000598974 4.88022 20369.7 2.57607e+14 14 4 1 0.997735 
-1.45073e+16 -547.96 -2.82269e-10 4.97118e+27 0.000615978 5.07506 20598.6 2.50496e+14 15 4 1 0.996772 
-1.43839e+16 -511.03 -3.60185e-10 4.97118e+27 0.000637268 5.32227 20880.3 2.42127e+14 16 4 1 0.996005 
-1.4265e+16 -468.508 -4.16409e-10 4.97118e+27 0.000662375 5.61816 21205.4 2.32949e+14 17 4 1 0.99566 
-1.41509e+16 -423.211 -4.51033e-10 4.97118e+27 0.000689997 5.94889 21554.7 2.23624e+14 18 4 1 0.995653 
-1.40413e+16 -377.46 -4.71269e-10 4.97118e+27 0.000718992 6.30178 21912.4 2.14606e+14 19 4 1 0.99585 
-1.39362e+16 -332.526 -4.81517e-10 4.97118e+27 0.000748563 6.66757 22268.4 2.06128e+14 20 4 1 0.996132 
-1.38351e+16 -288.835 -4.87294e-10 4.97118e+27 0.000778227 7.04036 22617.1 1.98271e+14 21 4 1 0.996447 
-1.37378e+16 -246.809 -4.88274e-10 4.97118e+27 0.000807699 7.41641 22955.8 1.91036e+14 22 4 1 0.996753 
-1.3644e+16 -206.578 -4.87756e-10 4.97118e+27 0.000836822 7.79335 23283.1 1.84388e+14 23 4 1 0.996981 
-1.35533e+16 -167.734 -4.97844e-10 4.97118e+27 0.000865741 8.17295 23601.6 1.78229e+14 24 4 1 0.997196 
-1.34657e+16 -129.625 -5.06938e-10 4.97118e+27 0.000894513 8.55626 23912.7 1.72496e+14 25 4 1 0.997776 
-1.33808e+16 -94.4874 -4.34472e-10 4.97118e+27 0.000921385 8.9186 24197.5 1.67465e+14 26 4 1 0.998405 
-1.32982e+16 -67.0904 -3.41744e-10 4.97118e+27 0.000944674 9.23347 24438.1 1.63337e+14 27 4 1 0.99784 
-1.32174e+16 -38.2577 -5.55664e-10 4.97118e+27 0.000970473 9.58715 24702.5 1.58995e+14 28 4 1 0.996629 
-1.31392e+16 7.33584 -7.80288e-10 4.97118e+27 0.00100461 10.0686 25051.4 1.53591e+14 29 4 1 0.998669 
-1.30638e+16 44.2407 -3.00537e-10 4.97118e+27 0.00103217 10.4599 25325.2 1.49491e+14 30 4 1 1.00007 
-1.29896e+16 48.8928 4.66653e-11 4.97118e+27 0.0010394 10.5588 25392.7 1.48451e+14 31 3 1 1.00001 
-1.29153e+16 43.053 1.1307e-10 4.97118e+27 0.00103482 10.492 25346.5 1.49108e+14 32 4 1 0.999964 
-1.28405e+16 34.7017 1.40037e-10 4.97118e+27 0.00102767 10.3901 25275.6 1.50145e+14 33 4 1 0.999866 
-1.27652e+16 25.7926 1.40739e-10 4.97118e+27 0.00102029 10.2853 25202.2 1.51231e+14 34 4 1 0.999845 
-1.26893e+16 17.6751 1.22305e-10 4.97118e+27 0.00101376 10.1929 25137.1 1.52206e+14 35 4 1 0.999872 
-1.2613e+16 11.1868 9.35769e-11 4.97118e+27 0.00100864 10.1208 25086 1.52979e+14 36 4 1 0.999917 
-1.25363e+16 6.56463 6.41317e-11 4.97118e+27 0.00100504 10.0703 25050.1 1.53526e+14 37 4 1 0.999958 
-1.24595e+16 3.58795 3.99361e-11 4.97118e+27 0.00100275 10.0382 25027.2 1.53878e+14 38 4 1 0.999982 
-1.23824e+16 1.83339 2.28596e-11 4.97118e+27 0.0010014 10.0194 25013.9 1.54084e+14 39 4 1 0.999994 
-1.23054e+16 0.877889 1.21234e-11 4.97118e+27 0.00100067 10.0093 25006.6 1.54197e+14 40 4 1 0.999998 
-1.22283e+16 0.39421 5.98406e-12 4.97118e+27 0.0010003 10.0042 25003 1.54254e+14 41 4 1 1 
-1.21511e+16 0.165918 2.75433e-12 4.97118e+27 0.00100013 10.0017 25001.2 1.5428e+14 42 4 1 1 
-1.2074e+16 0.0653515 1.18229e-12 4.97118e+27 0.00100005 10.0007 25000.5 1.54292e+14 43 4 1 1 
-1.19968e+16 0.0240293 4.7271e-13 4.97118e+27 0.00100002 10.0003 25000.2 1.54297e+14 44 4 1 1 
-1.19197e+16 0.00821936 1.75638e-13 4.97118e+27 0.00100001 10.0001 25000.1 1.54299e+14 45 4 1 1 
-1.18425e+16 0.002603 6.04321e-14 4.97118e+27 0.001 10 25000 1.543e+14 46 4 1 1 
-1.17654e+16 0.00075818 1.91574e-14 4.97118e+27 0.001 10 25000 1.543e+14 47 4 1 1 
-1.16882e+16 0.000201187 5.55438e-15 4.97118e+27 0.001 10 25000 1.543e+14 48 4 1 1 
-1.16111e+16 4.79417e-05 1.45678e-15 4.97118e+27 0.001 10 25000 1.543e+14 49 4 1 1 
-1.15339e+16 1.0022e-05 3.39677e-16 4.97118e+27 0.001 10 25000 1.543e+14 50 4 1 1 
-1.14568e+16 1.76133e-06 6.83212e-17 4.97118e+27 0.001 10 25000 1.543e+14 51 4 1 1 
-1.13796e+16 2.36923e-07 1.11536e-17 4.97118e+27 0.001 10 25000 1.543e+14 52 4 1 1 
-1.13025e+16 1.78137e-08 1.25175e-18 4.97118e+27 0.001 10 25000 1.543e+14 53 4 1 1 
-1.12253e+16 -7.98048e-10 9.54881e-21 4.97118e+27 0.001 10 25000 1.543e+14 54 4 1 1 
-1.11482e+16 1.50571e-10 -1.21442e-20 4.97118e+27 0.001 10 25000 1.543e+14 55 5 1 1 
-1.1071e+16 1.63951e-10 1.92487e-21 4.97118e+27 0.001 10 25000 1.543e+14 56 3 1 1 
-1.09939e+16 6.36606e-11 2.3301e-21 4.97118e+27 0.001 10 25000 1.543e+14 57 4 1 1 
-1.09167e+16 3.39668e-12 1.60252e-22 4.97118e+27 0.001 10 25000 1.543e+14 58 5 1 1 
-1.08396e+16 4.43763e-13 3.68395e-23 4.97118e+27 0.001 10 25000 1.543e+14 59 5 1 1 
-1.07624e+16 9.42527e-44 7.26532e-54 4.97118e+27 0.001 10 25000 1.543e+14 60 5 1 1 
-1.06853e+16 0 0 4.97118e+27 0.001 10 25000 1.543e+14 61 5 1 1 
-1.06081e+16 0 0 4.97118e+27 0.001 10 25000 1.543e+14 62 5 1 1 
-1.0531e+16 0 0 4.97118e+27 0.001 10 25000 1.543e+14 63 5 1 1 
-1.04538e+16 0 0 4.97118e+27 0.001 10 25000 1.543e+14 64 5 1 1 
-1.03767e+16 0 0 4.97118e+27 0.001 10 25000 1.543e+14 65 5 1 1 
-1.02995e+16 0 0 4.97118e+27 0.001 10 25000 1.543e+14 66 5 1 1 
-1.02224e+16 0 0 4.97118e+27 0.001 10 25000 1.543e+14 67 5 1 1 
-1.01452e+16 0 0 4.97118e+27 0.001 10 25000 1.543e+14 68 5 1 1 
-1.00681e+16 0 0 4.97118e+27 0.001 10 25000 1.543e+14 69 5 1 1 
-9.99092e+15 0 0 4.97118e+27 0.001 10 25000 1.543e+14 70 5 1 1 
-9.91377e+15 0 0 4.97118e+27 0.001 10 25000 1.543e+14 71 5 1 1 
-9.83662e+15 0 0 4.97118e+27 0.001 10 25000 1.543e+14 72 5 1 1 
-9.75947e+15 0 0 4.97118e+27 0.001 10 25000 1.543e+14 73 5 1 1 
-9.68232e+15 0 0 4.97118e+27 0.001 10 25000 1.543e+14 74 5 1 1 
-9.60517e+15 0 0 4.97118e+27 0.001 10 25000 1.543e+14 75 5 1 1 
-9.52802e+15 0 0 4.97118e+27 0.001 10 25000 1.543e+14 76 5 1 1 
-9.45087e+15 0 0 4.97118e+27 0.001 10 25000 1.543e+14 77 5 1 1 
-9.37372e+15 0 0 4.97118e+27 0.001 10 25000 1.543e+14 78 5 1 1 
-9.29657e+15 0 0 4.97118e+27 0.001 10 25000 1.543e+14 79 5 1 1 
-9.21942e+15 0 0 4.97118e+27 0.001 10 25000 1.543e+14 80 5 1 1 
-9.14227e+15 0 0 4.97118e+27 0.001 10 25000 1.543e+14 81 5 1 1 
-9.06512e+15 0 0 4.97118e+27 0.001 10 25000 1.543e+14 82 5 1 1 
-8.98797e+15 0 0 4.97118e+27 0.001 10 25000 1.543e+14 83 5 1 1 
-8.91082e+15 0 0 4.97118e+27 0.001 10 25000 1.543e+14 84 5 1 1 
-8.83367e+15 0 0 4.97118e+27 0.001 10 25000 1.543e+14 85 5 1 1 
-8.75652e+15 0 0 4.97118e+27 0.001 10 25000 1.543e+14 86 5 1 1 
-8.67937e+15 0 0 4.97118e+27 0.001 10 25000 1.543e+14 87 5 1 1 
-8.60222e+15 0 0 4.97118e+27 0.001 10 25000 1.543e+14 88 5 1 1 
-8.52507e+15 0 0 4.97118e+27 0.001 10 25000 1.543e+14 89 5 1 1 
-8.44792e+15 0 0 4.97118e+27 0.001 10 25000 1.543e+14 90 5 1 1 
-8.37077e+15 0 0 4.97118e+27 0.001 10 25000 1.543e+14 91 5 1 1 
-8.29362e+15 0 0 4.97118e+27 0.001 10 25000 1.543e+14 92 5 1 1 
-8.21647e+15 0 0 4.97118e+27 0.001 10 25000 1.543e+14 93 5 1 1 
-8.13932e+15 0 0 4.97118e+27 0.001 10 25000 1.543e+14 94 5 1 1 
-8.06217e+15 0 0 4.97118e+27 0.001 10 25000 1.543e+14 95 5 1 1 
-7.98502e+15 0 0 4.97118e+27 0.001 10 25000 1.543e+14 96 5 1 1 
-7.90787e+15 0 0 4.97118e+27 0.001 10 25000 1.543e+14 97 5 1 1 
-7.83072e+15 0 0 4.97118e+27 0.001 10 25000 1.543e+14 98 5 1 1 
-7.75357e+15 0 0 4.97118e+27 0.001 10 25000 1.543e+14 99 5 1 1 
-7.67642e+15 0 0 4.97118e+27 0.001 10 25000 1.543e+14 100 5 1 1 
-7.59927e+15 0 0 4.97118e+27 0.001 10 25000 1.543e+14 101 5 1 1 
-7.52212e+15 0 0 4.97118e+27 0.001 10 25000 1.543e+14 102 5 1 1 
-7.44497e+15 0 0 4.97118e+27 0.001 10 25000 1.543e+14 103 5 1 1 
-7.36782e+15 0 0 4.97118e+27 0.001 10 25000 1.543e+14 104 5 1 1 
-7.29067e+15 0 0 4.97118e+27 0.001 10 25000 1.543e+14 105 5 1 1 
-7.21352e+15 0 0 4.97118e+27 0.001 10 25000 1.543e+14 106 5 1 1 
-7.13637e+15 0 0 4.97118e+27 0.001 10 25000 1.543e+14 107 5 1 1 
-7.05922e+15 0 0 4.97118e+27 0.001 10 25000 1.543e+14 108 5 1 1 
-6.98207e+15 0 0 4.97118e+27 0.001 10 25000 1.543e+14 109 5 1 1 
-6.90492e+15 0 0 4.97118e+27 0.001 10 25000 1.543e+14 110 5 1 1 
-6.82777e+15 0 0 4.97118e+27 0.001 10 25000 1.543e+14 111 5 1 1 
-6.75062e+15 0 0 4.97118e+27 0.001 10 25000 1.543e+14 112 5 1 1 
-6.67347e+15 0 0 4.97118e+27 0.001 10 25000 1.543e+14 113 5 1 1 
-6.59632e+15 0 0 4.97118e+27 0.001 10 25000 1.543e+14 114 5 1 1 
-6.51917e+15 0 0 4.97118e+27 0.001 10 25000 1.543e+14 115 5 1 1 
-6.44202e+15 0 0 4.97118e+27 0.001 10 25000 1.543e+14 116 5 1 1 
-6.36487e+15 0 0 4.97118e+27 0.001 10 25000 1.543e+14 117 5 1 1 
-6.28772e+15 0 0 4.97118e+27 0.001 10 25000 1.543e+14 118 5 1 1 
-6.21057e+15 0 0 4.97118e+27 0.001 10 25000 1.543e+14 119 5 1 1 
-6.13342e+15 0 0 4.97118e+27 0.001 10 25000 1.543e+14 120 5 1 1 
-6.05627e+15 0 0 4.97118e+27 0.001 10 25000 1.543e+14 121 5 1 1 
-5.97912e+15 0 0 4.97118e+27 0.001 10 25000 1.543e+14 122 5 1 1 
-5.90197e+15 0 0 4.97118e+27 0.001 10 25000 1.543e+14 123 5 1 1 
-5.82482e+15 0 0 4.97118e+27 0.001 10 25000 1.543e+14 124 5 1 1 
-5.74767e+15 0 0 4.97118e+27 0.001 10 25000 1.543e+14 125 5 1 1 
-5.67052e+15 0 0 4.97118e+27 0.001 10 25000 1.543e+14 126 5 1 1 
-5.59337e+15 0 0 4.97118e+27 0.001 10 25000 1.543e+14 127 5 1 1 
-5.51622e+15 0 0 4.97118e+27 0.001 10 25000 1.543e+14 128 5 1 1 
-5.43907e+15 0 0 4.97118e+27 0.001 10 25000 1.543e+14 129 5 1 1 
-5.36192e+15 0 0 4.97118e+27 0.001 10 25000 1.543e+14 130 5 1 1 
-5.28477e+15 0 0 4.97118e+27 0.001 10 25000 1.543e+14 131 5 1 1 
-5.20762e+15 0 0 4.97118e+27 0.001 10 25000 1.543e+14 132 5 1 1 
-5.13047e+15 0 0 4.97118e+27 0.001 10 25000 1.543e+14 133 5 1 1 
-5.05332e+15 0 0 4.97118e+27 0.001 10 25000 1.543e+14 134 5 1 1 
-4.97617e+15 0 0 4.97118e+27 0.001 10 25000 1.543e+14 135 5 1 1 
-4.89902e+15 0 0 4.97118e+27 0.001 10 25000 1.543e+14 136 5 1 1 
-4.82187e+15 0 0 4.97118e+27 0.001 10 25000 1.543e+14 137 5 1 1 
-4.74472e+15 0 0 4.97118e+27 0.001 10 25000 1.543e+14 138 5 1 1 
-4.66757e+15 0 0 4.97118e+27 0.001 10 25000 1.543e+14 139 5 1 1 
-4.59042e+15 0 0 4.97118e+27 0.001 10 25000 1.543e+14 140 5 1 1 
-4.51327e+15 0 0 4.97118e+27 0.001 10 25000 1.543e+14 141 5 1 1 
-4.43612e+15 0 0 4.97118e+27 0.001 10 25000 1.543e+14 142 5 1 1 
-4.35897e+15 0 0 4.97118e+27 0.001 10 25000 1.543e+14 143 5 1 1 
-4.28182e+15 0 0 4.97118e+27 0.001 10 25000 1.543e+14 144 5 1 1 
-4.20467e+15 0 0 4.97118e+27 0.001 10 25000 1.543e+14 145 5 1 1 
-4.12752e+15 0 0 4.97118e+27 0.001 10 25000 1.543e+14 146 5 1 1 
-4.05037e+15 0 0 4.97118e+27 0.001 10 25000 1.543e+14 147 5 1 1 
-3.97322e+15 0 0 4.97118e+27 0.001 10 25000 1.543e+14 148 5 1 1 
-3.89607e+15 0 0 4.97118e+27 0.001 10 25000 1.543e+14 149 5 1 1 
-3.81892e+15 0 0 4.97118e+27 0.001 10 25000 1.543e+14 150 5 1 1 
-3.74177e+15 0 0 4.97118e+27 0.001 10 25000 1.543e+14 151 5 1 1 
-3.66462e+15 0 0 4.97118e+27 0.001 10 25000 1.543e+14 152 5 1 1 
-3.58747e+15 0 0 4.97118e+27 0.001 10 25000 1.543e+14 153 5 1 1 
-3.51032e+15 0 0 4.97118e+27 0.001 10 25000 1.543e+14 154 5 1 1 
-3.43317e+15 0 0 4.97118e+27 0.001 10 25000 1.543e+14 155 5 1 1 
-3.35602e+15 0 0 4.97118e+27 0.001 10 25000 1.543e+14 156 5 1 1 
-3.27887e+15 0 0 4.97118e+27 0.001 10 25000 1.543e+14 157 5 1 1 
-3.20172e+15 0 0 4.97118e+27 0.001 10 25000 1.543e+14 158 5 1 1 
-3.12457e+15 0 0 4.97118e+27 0.001 10 25000 1.543e+14 159 5 1 1 
-3.04742e+15 0 0 4.97118e+27 0.001 10 25000 1.543e+14 160 5 1 1 
-2.97027e+15 0 0 4.97118e+27 0.001 10 25000 1.543e+14 161 5 1 1 
-2.89312e+15 0 0 4.97118e+27 0.001 10 25000 1.543e+14 162 5 1 1 
-2.81597e+15 0 0 4.97118e+27 0.001 10 25000 1.543e+14 163 5 1 1 
-2.73882e+15 0 0 4.97118e+27 0.001 10 25000 1.543e+14 164 5 1 1 
-2.66167e+15 0 0 4.97118e+27 0.001 10 25000 1.543e+14 165 5 1 1 
-2.58452e+15 0 0 4.97118e+27 0.001 10 25000 1.543e+14 166 5 1 1 
-2.50737e+15 0 0 4.97118e+27 0.001 10 25000 1.543e+14 167 5 1 1 
-2.43022e+15 0 0 4.97118e+27 0.001 10 25000 1.543e+14 168 5 1 1 
-2.35307e+15 0 0 4.97118e+27 0.001 10 25000 1.543e+14 169 5 1 1 
-2.27592e+15 0 0 4.97118e+27 0.001 10 25000 1.543e+14 170 5 1 1 
-2.19877e+15 0 0 4.97118e+27 0.001 10 25000 1.543e+14 171 5 1 1 
-2.12162e+15 0 0 4.97118e+27 0.001 10 25000 1.543e+14 172 5 1 1 
-2.04447e+15 0 0 4.97118e+27 0.001 10 25000 1.543e+14 173 5 1 1 
-1.96732e+15 0 0 4.97118e+27 0.001 10 25000 1.543e+14 174 5 1 1 
-1.89017e+15 0 0 4.97118e+27 0.001 10 25000 1.543e+14 175 5 1 1 
-1.81302e+15 0 0 4.97118e+27 0.001 10 25000 1.543e+14 176 5 1 1 
-1.73587e+15 -1.04184e-43 -3.63266e-55 4.97118e+27 0.001 10 25000 1.543e+14 177 5 1 1 
-1.65872e+15 -1.02195e-13 -3.63266e-55 4.97118e+27 0.001 10 25000 1.543e+14 178 5 1 1 
-1.58157e+15 -2.88619e-13 -1.84198e-24 4.97118e+27 0.001 10 25000 1.543e+14 179 5 1 1 
-1.50442e+15 -4.5662e-13 1.84198e-24 4.97118e+27 0.001 10 25000 1.543e+14 180 5 1 1 
-1.42727e+15 -6.91914e-13 -1.84198e-24 4.97118e+27 0.001 10 25000 1.543e+14 181 5 1 1 
-1.35012e+15 -9.07301e-13 -7.26532e-55 4.97118e+27 0.001 10 25000 1.543e+14 182 5 1 1 
-1.27297e+15 -1.27247e-12 0 4.97118e+27 0.001 10 25000 1.543e+14 183 5 1 1 
-1.19582e+15 -1.73176e-12 1.27813e-39 4.97118e+27 0.001 10 25000 1.543e+14 184 5 1 1 
-1.11867e+15 -2.04513e-12 1.84198e-24 4.97118e+27 0.001 10 25000 1.543e+14 185 5 1 1 
-1.04152e+15 -3.61751e-12 -1.84198e-24 4.97118e+27 0.001 10 25000 1.543e+14 186 4 1 1 
-9.64375e+14 -1.52027e-13 -1.84198e-24 4.97118e+27 0.001 10 25000 1.543e+14 187 3 1 1 
-8.87225e+14 -3.71005e-13 3.68395e-24 4.97118e+27 0.001 10 25000 1.543e+14 188 3 1 1 
-8.10075e+14 -9.82945e-13 -2.04501e-38 4.97118e+27 0.001 10 25000 1.543e+14 189 3 1 1 
-7.32925e+14 1.42775e-12 1.0225e-38 4.97118e+27 0.001 10 25000 1.543e+14 190 4 1 1 
-6.55775e+14 4.02931e-13 1.91719e-38 4.97118e+27 0.001 10 25000 1.543e+14 191 5 1 1 
-5.78625e+14 5.66451e-13 -3.68395e-24 4.97118e+27 0.001 10 25000 1.543e+14 192 5 1 1 
-5.01475e+14 -1.22341e-12 -3.68395e-24 4.97118e+27 0.001 10 25000 1.543e+14 193 4 1 1 
-4.24325e+14 1.31216e-12 1.84198e-24 4.97118e+27 0.001 10 25000 1.543e+14 194 3 1 1 
-3.47175e+14 3.97524e-13 -1.84198e-24 4.97118e+27 0.001 10 25000 1.543e+14 195 3 1 1 
-2.70025e+14 1.31308e-13 -3.68395e-24 4.97118e+27 0.001 10 25000 1.543e+14 196 3 1 1 
-1.92875e+14 1.12979e-13 -4.15392e-39 4.97118e+27 0.001 10 25000 1.543e+14 197 4 1 1 
-1.15725e+14 2.54269e-13 -1.84198e-24 4.97118e+27 0.001 10 25000 1.543e+14 198 4 1 1 
-3.8575e+13 5.65122e-13 -5.52593e-24 4.97118e+27 0.001 10 25000 1.543e+14 199 4 1 1 
3.8575e+13 1.42896e-13 7.36791e-24 4.97118e+27 0.001 10 25000 1.543e+14 200 4 1 1 
1.15725e+14 -1.94904e-14 3.68395e-24 4.97118e+27 0.001 10 25000 1.543e+14 201 3 1 1 
1.92875e+14 -5.43863e-14 -1.84198e-24 4.97118e+27 0.001 10 25000 1.543e+14 202 3 1 1 
2.70025e+14 -2.60932e-13 -3.68395e-24 4.97118e+27 0.001 10 25000 1.543e+14 203 3 1 1 
3.47175e+14 -5.69715e-13 5.52593e-24 4.97118e+27 0.001 10 25000 1.543e+14 204 3 1 1 
4.24325e+14 -2.039e-13 7.36791e-24 4.97118e+27 0.001 10 25000 1.543e+14 205 4 1 1 
5.01475e+14 -9.75451e-13 1.84198e-24 4.97118e+27 0.001 10 25000 1.543e+14 206 4 1 1 
5.78625e+14 -1.77336e-12 -9.20989e-24 4.97118e+27 0.001 10 25000 1.543e+14 207 5 1 1 
6.55775e+14 -8.13417e-13 -1.91719e-38 4.97118e+27 0.001 10 25000 1.543e+14 208 5 1 1 
7.32925e+14 -2.41619e-12 -1.0225e-38 4.97118e+27 0.001 10 25000 1.543e+14 209 4 1 1 
8.10075e+14 1.4631e-12 8.9469e-39 4.97118e+27 0.001 10 25000 1.543e+14 210 3 1 1 
8.87225e+14 7.85416e-13 -8.9469e-39 4.97118e+27 0.001 10 25000 1.543e+14 211 3 1 1 
9.64375e+14 4.31101e-12 1.0225e-38 4.97118e+27 0.001 10 25000 1.543e+14 212 4 1 1 
1.04153e+15 2.60558e-12 3.68395e-24 4.97118e+27 0.001 10 25000 1.543e+14 213 5 1 1 
1.11868e+15 2.08839e-12 -1.84198e-24 4.97118e+27 0.001 10 25000 1.543e+14 214 5 1 1 
1.19583e+15 1.57741e-12 3.68395e-24 4.97118e+27 0.001 10 25000 1.543e+14 215 5 1 1 
1.27298e+15 1.04286e-12 1.45306e-54 4.97118e+27 0.001 10 25000 1.543e+14 216 5 1 1 
1.35013e+15 7.41935e-13 7.26532e-55 4.97118e+27 0.001 10 25000 1.543e+14 217 5 1 1 
1.42728e+15 5.07764e-13 0 4.97118e+27 0.001 10 25000 1.543e+14 218 5 1 1 
1.50443e+15 3.22446e-13 1.84198e-24 4.97118e+27 0.001 10 25000 1.543e+14 219 5 1 1 
1.58158e+15 1.70448e-13 3.63266e-55 4.97118e+27 0.001 10 25000 1.543e+14 220 5 1 1 
1.65873e+15 1.17603e-43 3.63266e-55 4.97118e+27 0.001 10 25000 1.543e+14 221 5 1 1 
1.73588e+15 0 0 4.97118e+27 0.001 10 25000 1.543e+14 222 5 1 1 
1.81303e+15 0 0 4.97118e+27 0.001 10 25000 1.543e+14 223 5 1 1 
1.89018e+15 0 0 4.97118e+27 0.001 10 25000 1.543e+14 224 5 1 1 
1.96733e+15 0 0 4.97118e+27 0.001 10 25000 1.543e+14 225 5 1 1 
2.04448e+15 0 0 4.97118e+27 0.001 10 25000 1.543e+14 226 5 1 1 
2.12163e+15 0 0 4.97118e+27 0.001 10 25000 1.543e+14 227 5 1 1 
2.19878e+15 0 0 4.97118e+27 0.001 10 25000 1.543e+14 228 5 1 1 
2.27593e+15 0 0 4.97118e+27 0.001 10 25000 1.543e+14 229 5 1 1 
2.35308e+15 0 0 4.97118e+27 0.001 10 25000 1.543e+14 230 5 1 1 
2.43023e+15 0 0 4.97118e+27 0.001 10 25000 1.543e+14 231 5 1 1 
2.50738e+15 0 0 4.97118e+27 0.001 10 25000 1.543e+14 232 5 1 1 
2.58453e+15 0 0 4.97118e+27 0.001 10 25000 1.543e+14 233 5 1 1 
2.66168e+15 0 0 4.97118e+27 0.001 10 25000 1.543e+14 234 5 1 1 
2.73883e+15 0 0 4.97118e+27 0.001 10 25000 1.543e+14 235 5 1 1 
2.81598e+15 0 0 4.97118e+27 0.001 10 25000 1.543e+14 236 5 1 1 
2.89313e+15 -2.64613e-43 -3.63266e-55 4.97118e+27 0.001 10 25000 1.543e+14 237 5 1 1 
2.97028e+15 -1.69188e-13 0 4.97118e+27 0.001 10 25000 1.543e+14 238 5 1 1 
3.04743e+15 -3.37357e-13 3.63266e-55 4.97118e+27 0.001 10 25000 1.543e+14 239 5 1 1 
3.12458e+15 -3.16823e-13 1.84198e-24 4.97118e+27 0.001 10 25000 1.543e+14 240 5 1 1 
3.20173e+15 -4.99119e-13 2.1796e-54 4.97118e+27 0.001 10 25000 1.543e+14 241 5 1 1 
3.27888e+15 2.0085e-12 5.52593e-24 4.97118e+27 0.001 10 25000 1.543e+14 242 5 1 1 
3.35603e+15 1.0876e-12 2.90613e-54 4.97118e+27 0.001 10 25000 1.543e+14 243 5 1 1 
3.43318e+15 8.7319e-13 7.36791e-24 4.97118e+27 0.001 10 25000 1.543e+14 244 5 1 1 
3.51033e+15 -2.00068e-12 3.68395e-24 4.97118e+27 0.001 10 25000 1.543e+14 245 5 1 1 
3.58748e+15 3.42602e-12 -1.47358e-23 4.97118e+27 0.001 10 25000 1.543e+14 246 5 1 1 
3.66463e+15 8.56594e-13 -1.10519e-23 4.97118e+27 0.001 10 25000 1.543e+14 247 5 1 1 
3.74178e+15 1.30172e-12 1.47358e-23 4.97118e+27 0.001 10 25000 1.543e+14 248 5 1 1 
3.81893e+15 -2.5185e-12 1.84198e-23 4.97118e+27 0.001 10 25000 1.543e+14 249 4 1 1 
3.89608e+15 2.5185e-12 -1.84198e-23 4.97118e+27 0.001 10 25000 1.543e+14 250 4 1 1 
3.97323e+15 -1.30172e-12 -1.47358e-23 4.97118e+27 0.001 10 25000 1.543e+14 251 5 1 1 
4.05038e+15 -8.56594e-13 1.10519e-23 4.97118e+27 0.001 10 25000 1.543e+14 252 5 1 1 
4.12753e+15 -3.42602e-12 1.47358e-23 4.97118e+27 0.001 10 25000 1.543e+14 253 5 1 1 
4.20468e+15 2.00068e-12 -3.68395e-24 4.97118e+27 0.001 10 25000 1.543e+14 254 5 1 1 
4.28183e+15 -8.7319e-13 -7.36791e-24 4.97118e+27 0.001 10 25000 1.543e+14 255 5 1 1 
4.35898e+15 -1.0876e-12 -2.90613e-54 4.97118e+27 0.001 10 25000 1.543e+14 256 5 1 1 
4.43613e+15 -2.0085e-12 -5.52593e-24 4.97118e+27 0.001 10 25000 1.543e+14 257 5 1 1 
4.51328e+15 4.99119e-13 -2.1796e-54 4.97118e+27 0.001 10 25000 1.543e+14 258 5 1 1 
4.59043e+15 3.16823e-13 -1.84198e-24 4.97118e+27 0.001 10 25000 1.543e+14 259 5 1 1 
4.66758e+15 3.37357e-13 -3.63266e-55 4.97118e+27 0.001 10 25000 1.543e+14 260 5 1 1 
4.74473e+15 1.69188e-13 0 4.97118e+27 0.001 10 25000 1.543e+14 261 5 1 1 
4.82188e+15 2.64613e-43 3.63266e-55 4.97118e+27 0.001 10 25000 1.543e+14 262 5 1 1 
4.89903e+15 0 0 4.97118e+27 0.001 10 25000 1.543e+14 263 5 1 1 
4.97618e+15 0 0 4.97118e+27 0.001 10 25000 1.543e+14 264 5 1 1 
5.05333e+15 0 0 4.97118e+27 0.001 10 25000 1.543e+14 265 5 1 1 
5.13048e+15 0 0 4.97118e+27 0.001 10 25000 1.543e+14 266 5 1 1 
5.20763e+15 0 0 4.97118e+27 0.001 10 25000 1.543e+14 267 5 1 1 
5.28478e+15 0 0 4.97118e+27 0.001 10 25000 1.543e+14 268 5 1 1 
5.36193e+15 0 0 4.97118e+27 0.001 10 25000 1.543e+14 269 5 1 1 
5.43908e+15 0 0 4.97118e+27 0.001 10 25000 1.543e+14 270 5 1 1 
5.51623e+15 0 0 4.97118e+27 0.001 10 25000 1.543e+14 271 5 1 1 
5.59338e+15 0 0 4.97118e+27 0.001 10 25000 1.543e+14 272 5 1 1 
5.67053e+15 0 0 4.97118e+27 0.001 10 25000 1.543e+14 273 5 1 1 
5.74768e+15 0 0 4.97118e+27 0.001 10 25000 1.543e+14 274 5 1 1 
5.82483e+15 0 0 4.97118e+27 0.001 10 25000 1.543e+14 275 5 1 1 
5.90198e+15 0 0 4.97118e+27 0.001 10 25000 1.543e+14 276 5 1 1 
5.97913e+15 0 0 4.97118e+27 0.001 10 25000 1.543e+14 277 5 1 1 
6.05628e+15 0 0 4.97118e+27 0.001 10 25000 1.543e+14 278 5 1 1 
6.13343e+15 0 0 4.97118e+27 0.001 10 25000 1.543e+14 279 5 1 1 
6.21058e+15 0 0 4.97118e+27 0.001 10 25000 1.543e+14 280 5 1 1 
6.28773e+15 -1.01017e-44 -3.63266e-55 4.97118e+27 0.001 10 25000 1.543e+14 281 5 1 1 
6.36488e+15 -3.41549e-14 -3.63266e-55 4.97118e+27 0.001 10 25000 1.543e+14 282 5 1 1 
6.44203e+15 -2.04517e-13 0 4.97118e+27 0.001 10 25000 1.543e+14 283 5 1 1 
6.51918e+15 -3.91251e-13 -1.84198e-24 4.97118e+27 0.001 10 25000 1.543e+14 284 5 1 1 
6.59633e+15 -6.45261e-13 -7.26532e-55 4.97118e+27 0.001 10 25000 1.543e+14 285 5 1 1 
6.67348e+15 -1.08524e-12 0 4.97118e+27 0.001 10 25000 1.543e+14 286 5 1 1 
6.75063e+15 -1.48852e-12 3.63266e-55 4.97118e+27 0.001 10 25000 1.543e+14 287 5 1 1 
6.82778e+15 -1.83739e-12 1.84198e-24 4.97118e+27 0.001 10 25000 1.543e+14 288 5 1 1 
6.90493e+15 -2.18166e-12 3.68395e-24 4.97118e+27 0.001 10 25000 1.543e+14 289 5 1 1 
6.98208e+15 1.87932e-12 1.65778e-23 4.97118e+27 0.001 10 25000 1.543e+14 290 5 1 1 
7.05923e+15 4.83024e-13 9.20989e-24 4.97118e+27 0.001 10 25000 1.543e+14 291 5 1 1 
7.13638e+15 -1.24698e-12 -1.10519e-23 4.97118e+27 0.001 10 25000 1.543e+14 292 5 1 1 
7.21353e+15 -3.50733e-12 -1.65778e-23 4.97118e+27 0.001 10 25000 1.543e+14 293 5 1 1 
7.29068e+15 -1.45631e-12 1.47358e-23 4.97118e+27 0.001 10 25000 1.543e+14 294 5 1 1 
7.36783e+15 -4.57693e-12 2.02618e-23 4.97118e+27 0.001 10 25000 1.543e+14 295 5 1 1 
7.44498e+15 4.08989e-12 -1.47358e-23 4.97118e+27 0.001 10 25000 1.543e+14 296 5 1 1 
7.52213e+15 -1.71792e-12 -1.84198e-23 4.97118e+27 0.001 10 25000 1.543e+14 297 5 1 1 
7.59928e+15 -4.18323e-14 1.47358e-23 4.97118e+27 0.001 10 25000 1.543e+14 298 5 1 1 
7.67643e+15 -7.16173e-12 1.10519e-23 4.97118e+27 0.001 10 25000 1.543e+14 299 3 1 1 
7.75358e+15 7.16173e-12 -1.10519e-23 4.97118e+27 0.001 10 25000 1.543e+14 300 3 1 1 
7.83073e+15 4.18323e-14 -1.47358e-23 4.97118e+27 0.001 10 25000 1.543e+14 301 5 1 1 
7.90788e+15 1.71792e-12 1.84198e-23 4.97118e+27 0.001 10 25000 1.543e+14 302 5 1 1 
7.98503e+15 -4.08989e-12 1.47358e-23 4.97118e+27 0.001 10 25000 1.543e+14 303 5 1 1 
8.06218e+15 4.57693e-12 -2.02618e-23 4.97118e+27 0.001 10 25000 1.543e+14 304 5 1 1 
8.13933e+15 1.45631e-12 -1.47358e-23 4.97118e+27 0.001 10 25000 1.543e+14 305 5 1 1 
8.21648e+15 3.50733e-12 1.65778e-23 4.97118e+27 0.001 10 25000 1.543e+14 306 5 1 1 
8.29363e+15 1.24698e-12 1.10519e-23 4.97118e+27 0.001 10 25000 1.543e+14 307 5 1 1 
8.37078e+15 -4.83024e-13 -9.20989e-24 4.97118e+27 0.001 10 25000 1.543e+14 308 5 1 1 
8.44793e+15 -1.87932e-12 -1.65778e-23 4.97118e+27 0.001 10 25000 1.543e+14 309 5 1 1 
8.52508e+15 2.18166e-12 -3.68395e-24 4.97118e+27 0.001 10 25000 1.543e+14 310 5 1 1 
8.60223e+15 1.83739e-12 -1.84198e-24 4.97118e+27 0.001 10 25000 1.543e+14 311 5 1 1 
8.67938e+15 1.48852e-12 -3.63266e-55 4.97118e+27 0.001 10 25000 1.543e+14 312 5 1 1 
8.75653e+15 1.08524e-12 0 4.97118e+27 0.001 10 25000 1.543e+14 313 5 1 1 
8.83368e+15 6.45261e-13 7.26532e-55 4.97118e+27 0.001 10 25000 1.543e+14 314 5 1 1 
8.91083e+15 3.91251e-13 1.84198e-24 4.97118e+27 0.001 10 25000 1.543e+14 315 5 1 1 
8.98798e+15 2.04517e-13 0 4.97118e+27 0.001 10 25000 1.543e+14 316 5 1 1 
9.06513e+15 3.41549e-14 3.63266e-55 4.97118e+27 0.001 10 25000 1.543e+14 317 5 1 1 
9.14228e+15 1.01017e-44 3.63266e-55 4.97118e+27 0.001 10 25000 1.543e+14 318 5 1 1 
9.21943e+15 0 0 4.97118e+27 0.001 10 25000 1.543e+14 319 5 1 1 
9.29658e+15 0 0 4.97118e+27 0.001 10 25000 1.543e+14 320 5 1 1 
9.37373e+15 0 0 4.97118e+27 0.001 10 25000 1.543e+14 321 5 1 1 
9.45088e+15 0 0 4.97118e+27 0.001 10 25000 1.543e+14 322 5 1 1 
9.52803e+15 0 0 4.97118e+27 0.001 10 25000 1.543e+14 323 5 1 1 
9.60518e+15 0 0 4.97118e+27 0.001 10 25000 1.543e+14 324 5 1 1 
9.68233e+15 0 0 4.97118e+27 0.001 10 25000 1.543e+14 325 5 1 1 
9.75948e+15 0 0 4.97118e+27 0.001 10 25000 1.543e+14 326 5 1 1 
9.83663e+15 0 0 4.97118e+27 0.001 10 25000 1.543e+14 327 5 1 1 
9.91378e+15 0 0 4.97118e+27 0.001 10 25000 1.543e+14 328 5 1 1 
9.99093e+15 0 0 4.97118e+27 0.001 10 25000 1.543e+14 329 5 1 1 
1.00681e+16 0 0 4.97118e+27 0.001 10 25000 1.543e+14 330 5 1 1 
1.01452e+16 0 0 4.97118e+27 0.001 10 25000 1.543e+14 331 5 1 1 
1.02224e+16 0 0 4.97118e+27 0.001 10 25000 1.543e+14 332 5 1 1 
1.02995e+16 0 0 4.97118e+27 0.001 10 25000 1.543e+14 333 5 1 1 
1.03767e+16 0 0 4.97118e+27 0.001 10 25000 1.543e+14 334 5 1 1 
1.04538e+16 0 0 4.97118e+27 0.001 10 25000 1.543e+14 335 5 1 1 
1.0531e+16 0 0 4.97118e+27 0.001 10 25000 1.543e+14 336 5 1 1 
1.06081e+16 0 0 4.97118e+27 0.001 10 25000 1.543e+14 337 5 1 1 
1.06853e+16 0 0 4.97118e+27 0.001 10 25000 1.543e+14 338 5 1 1 
1.07624e+16 -9.42527e-44 -7.26532e-54 4.97118e+27 0.001 10 25000 1.543e+14 339 5 1 1 
1.08396e+16 -4.43763e-13 -3.68395e-23 4.97118e+27 0.001 10 25000 1.543e+14 340 5 1 1 
1.09167e+16 -3.39668e-12 -1.60252e-22 4.97118e+27 0.001 10 25000 1.543e+14 341 5 1 1 
1.09939e+16 -6.36606e-11 -2.3301e-21 4.97118e+27 0.001 10 25000 1.543e+14 342 4 1 1 
1.1071e+16 -1.63951e-10 -1.92487e-21 4.97118e+27 0.001 10 25000 1.543e+14 343 3 1 1 
1.11482e+16 -1.50571e-10 1.21442e-20 4.97118e+27 0.001 10 25000 1.543e+14 344 5 1 1 
1.12253e+16 7.98048e-10 -9.54881e-21 4.97118e+27 0.001 10 25000 1.543e+14 345 4 1 1 
1.13025e+16 -1.78137e-08 -1.25175e-18 4.97118e+27 0.001 10 25000 1.543e+14 346 4 1 1 
1.13796e+16 -2.36923e-07 -1.11536e-17 4.97118e+27 0.001 10 25000 1.543e+14 347 4 1 1 
1.14568e+16 -1.76133e-06 -6.83212e-17 4.97118e+27 0.001 10 25000 1.543e+14 348 4 1 1 
1.15339e+16 -1.0022e-05 -3.39677e-16 4.97118e+27 0.001 10 25000 1.543e+14 349 4 1 1 
1.16111e+16 -4.79417e-05 -1.45678e-15 4.97118e+27 0.001 10 25000 1.543e+14 350 4 1 1 
1.16882e+16 -0.000201187 -5.55438e-15 4.97118e+27 0.001 10 25000 1.543e+14 351 4 1 1 
1.17654e+16 -0.00075818 -1.91574e-14 4.97118e+27 0.001 10 25000 1.543e+14 352 4 1 1 
1.18425e+16 -0.002603 -6.04321e-14 4.97118e+27 0.001 10 25000 1.543e+14 353 4 1 1 
1.19197e+16 -0.00821936 -1.75638e-13 4.97118e+27 0.00100001 10.0001 25000.1 1.54299e+14 354 4 1 1 
1.19968e+16 -0.0240293 -4.7271e-13 4.97118e+27 0.00100002 10.0003 25000.2 1.54297e+14 355 4 1 1 
1.2074e+16 -0.0653515 -1.18229e-12 4.97118e+27 0.00100005 10.0007 25000.5 1.54292e+14 356 4 1 1 
1.21511e+16 -0.165918 -2.75433e-12 4.97118e+27 0.00100013 10.0017 25001.2 1.5428e+14 357 4 1 1 
1.22283e+16 -0.39421 -5.98406e-12 4.97118e+27 0.0010003 10.0042 25003 1.54254e+14 358 4 1 1 
1.23054e+16 -0.877889 -1.21234e-11 4.97118e+27 0.00100067 10.0093 25006.6 1.54197e+14 359 4 1 0.999998 
1.23824e+16 -1.83339 -2.28596e-11 4.97118e+27 0.0010014 10.0194 25013.9 1.54084e+14 360 4 1 0.999994 
1.24595e+16 -3.58795 -3.99361e-11 4.97118e+27 0.00100275 10.0382 25027.2 1.53878e+14 361 4 1 0.999982 
1.25363e+16 -6.56463 -6.41317e-11 4.97118e+27 0.00100504 10.0703 25050.1 1.53526e+14 362 4 1 0.999958 
1.2613e+16 -11.1868 -9.35769e-11 4.97118e+27 0.00100864 10.1208 25086 1.52979e+14 363 4 1 0.999917 
1.26893e+16 -17.6751 -1.22305e-10 4.97118e+27 0.00101376 10.1929 25137.1 1.52206e+14 364 4 1 0.999872 
1.27652e+16 -25.7926 -1.40739e-10 4.97118e+27 0.00102029 10.2853 25202.2 1.51231e+14 365 4 1 0.999845 
1.28405e+16 -34.7017 -1.40037e-10 4.97118e+27 0.00102767 10.3901 25275.6 1.50145e+14 366 4 1 0.999866 
1.29153e+16 -43.053 -1.1307e-10 4.97118e+27 0.00103482 10.492 25346.5 1.49108e+14 367 4 1 0.999964 
1.29896e+16 -48.8928 -4.66653e-11 4.97118e+27 0.0010394 10.5588 25392.7 1.48451e+14 368 3 1 1.00001 
1.30638e+16 -44.2407 3.00537e-10 4.97118e+27 0.00103217 10.4599 25325.2 1.49491e+14 369 4 1 1.00007 
1.31392e+16 -7.33584 7.80288e-10 4.97118e+27 0.00100461 10.0686 25051.4 1.53591e+14 370 4 1 0.998669 
1.32174e+16 38.2577 5.55664e-10 4.97118e+27 0.000970473 9.58715 24702.5 1.58995e+14 371 4 1 0.996629 
1.32982e+16 67.0904 3.41744e-10 4.97118e+27 0.000944674 9.23347 24438.1 1.63337e+14 372 4 1 0.99784 
1.33808e+16 94.4874 4.34472e-10 4.97118e+27 0.000921385 8.9186 24197.5 1.67465e+14 373 4 1 0.998405 
1.34657e+16 129.625 5.06938e-10 4.97118e+27 0.000894513 8.55626 23912.7 1.72496e+14 374 4 1 0.997776 
1.35533e+16 167.734 4.97844e-10 4.97118e+27 0.000865741 8.17295 23601.6 1.78229e+14 375 4 1 0.997196 
1.3644e+16 206.578 4.87756e-10 4.97118e+27 0.000836822 7.79335 23283.1 1.84388e+14 376 4 1 0.996981 
1.37378e+16 246.809 4.88274e-10 4.97118e+27 0.000807699 7.41641 22955.8 1.91036e+14 377 4 1 0.996753 
1.38351e+16 288.835 4.87294e-10 4.97118e+27 0.000778227 7.04036 22617.1 1.98271e+14 378 4 1 0.996447 
1.39362e+16 332.526 4.81517e-10 4.97118e+27 0.000748563 6.66757 22268.4 2.06128e+14 379 4 1 0.996132 
1.40413e+16 377.46 4.71269e-10 4.97118e+27 0.000718992 6.30178 21912.4 2.14606e+14 380 4 1 0.99585 
1.41509e+16 423.211 4.51033e-10 4.97118e+27 0.000689997 5.94889 21554.7 2.23624e+14 381 4 1 0.995653 
1.4265e+16 468.508 4.16409e-10 4.97118e+27 0.000662375 5.61816 21205.4 2.32949e+14 382 4 1 0.99566 
1.43839e+16 511.03 3.60185e-10 4.97118e+27 0.000637268 5.32227 20880.3 2.42127e+14 383 4 1 0.996005 
1.45073e+16 547.96 2.82269e-10 4.97118e+27 0.000615978 5.07506 20598.6 2.50496e+14 384 4 1 0.996772 
1.46345e+16 577.194 2.10121e-10 4.97118e+27 0.000598974 4.88022 20369.7 2.57607e+14 385 4 1 0.997735 
1.47649e+16 601.831 2.0147e-10 4.97118e+27 0.000584364 4.71471 20170.1 2.64048e+14 386 4 1 0.998317 
1.48986e+16 630.428 2.5615e-10 4.97118e+27 0.000568821 4.54018 19954.2 2.71263e+14 387 4 1 0.998159 
1.50363e+16 663.275 2.29747e-10 4.97118e+27 0.000552954 4.36361 19729.6 2.79047e+14 388 4 1 0.997768 
1.51777e+16 684.027 5.02308e-11 4.97118e+27 0.00054309 4.25498 19588.3 2.84115e+14 389 4 1 0.998864 
1.53204e+16 682.392 -2.94465e-11 4.97118e+27 0.000541318 4.236 19563.7 2.85045e+14 390 5 1 0.99995 
1.54627e+16 680.694 -1.07869e-11 4.97118e+27 0.00054232 4.24732 19579.2 2.84518e+14 391 4 1 0.999994 
1.56049e+16 679.052 -9.65312e-12 4.97118e+27 0.000543083 4.25582 19591 2.84119e+14 392 4 1 0.999996 
1.57469e+16 677.89 -6.98215e-12 4.97118e+27 0.000543735 4.26319 19601.4 2.83778e+14 393 4 1 0.999998 
1.58887e+16 676.953 -5.71301e-12 4.97118e+27 0.000544206 4.26865 19609.5 2.83532e+14 394 4 1 0.999999 
1.60304e+16 676.225 -4.15968e-12 4.97118e+27 0.0005445 4.27244 19616.3 2.83379e+14 395 3 1 1 
1.61721e+16 675.7 -3.01819e-12 4.97118e+27 0.000544375 4.27313 19624 2.83444e+14 396 4 1 1 
1.63138e+16 675.302 -2.3143e-12 4.97118e+27 0.000542965 4.258 19605.3 2.8418e+14 397 4 1 0.999993 
1.64562e+16 674.998 -1.68345e-12 4.97118e+27 0.000530006 4.10526 19364.2 2.91129e+14 398 4 1 0.999697 
1.66051e+16 674.737 -1.1874e-12 4.97118e+27 0.000506045 4.39242 21699.8 3.04914e+14 399 4 1 0.994746 
1.67614e+16 674.469 -5.88228e-13 4.97118e+27 0.000480581 4.14705 21573.1 3.2107e+14 400 4 1 0.993721 
1.69265e+16 674.143 1.47452e-13 4.97118e+27 0.000458103 4.49056 24506.3 3.36824e+14 401 4 1 0.993688 
1.70984e+16 673.616 1.98532e-12 4.97118e+27 0.000449322 4.29395 23891.2 3.43406e+14 402 5 1 0.998634 
1.72699e+16 672.47 6.77299e-12 4.97118e+27 0.000450239 4.2683 23700.1 3.42707e+14 403 3 1 1 
1.74411e+16 669.113 2.28489e-11 4.97118e+27 0.000449719 4.23966 23568.1 3.43103e+14 404 4 1 1.00001 
1.7613e+16 660.151 6.32087e-11 4.97118e+27 0.000444858 4.16287 23393.7 3.46852e+14 405 4 1 0.999845 
1.77879e+16 635.842 1.60782e-10 4.97118e+27 0.00043193 3.98572 23068.1 3.57234e+14 406 4 1 0.998457 
1.79704e+16 586.684 3.20558e-10 4.97118e+27 0.000405889 3.64368 22440.1 3.80153e+14 407 4 1 0.99348 
1.81689e+16 472.097 7.99403e-10 4.97118e+27 0.000360554 3.0665 21260.6 4.27953e+14 408 4 1 0.981422 
1.84018e+16 263.547 1.08494e-09 4.97118e+27 0.000306647 2.41673 19704.4 5.03185e+14 409 4 1 0.960121 
1.86776e+16 79.7184 6.27391e-10 4.97118e+27 0.000268328 1.98659 18512.1 5.75042e+14 410 4 1 0.963464 
1.89791e+16 8.65747 1.37979e-10 4.97118e+27 0.000253096 1.82628 18040.8 6.0965e+14 411 4 1 0.990136 
1.92874e+16 -0.870168 1.86486e-12 4.97118e+27 0.000250084 1.79581 17952.3 6.16993e+14 412 4 1 0.999473 
1.95961e+16 -0.114037 -2.41778e-12 4.97118e+27 0.000249957 1.79457 17948.8 6.17306e+14 413 5 1 0.999999 
1.99047e+16 0.015427 4.77123e-14 4.97118e+27 0.00025 1.795 17950 6.172e+14 414 4 1 1 
2.02133e+16 0.00438252 3.53583e-14 4.97118e+27 0.000250001 1.79501 17950 6.17198e+14 415 3 1 1 
2.05219e+16 0.000792448 7.38268e-15 4.97118e+27 0.00025 1.795 17950 6.172e+14 416 4 1 1 
2.08305e+16 0.000120681 1.24816e-15 4.97118e+27 0.00025 1.795 17950 6.172e+14 417 4 1 1 
2.11391e+16 1.60772e-05 1.83167e-16 4.97118e+27 0.00025 1.795 17950 6.172e+14 418 4 1 1 
2.14477e+16 1.8786e-06 2.35669e-17 4.97118e+27 0.00025 1.795 17950 6.172e+14 419 4 1 1 
2.17563e+16 1.90556e-07 2.64573e-18 4.97118e+27 0.00025 1.795 17950 6.172e+14 420 4 1 1 
2.20649e+16 1.64101e-08 2.55138e-19 4.97118e+27 0.00025 1.795 17950 6.172e+14 421 4 1 1 
2.23735e+16 1.14737e-09 2.04367e-20 4.97118e+27 0.00025 1.795 17950 6.172e+14 422 4 1 1 
2.26821e+16 5.98884e-11 1.35109e-21 4.97118e+27 0.00025 1.795 17950 6.172e+14 423 4 1 1 
2.29907e+16 1.87772e-13 2.02618e-23 4.97118e+27 0.00025 1.795 17950 6.172e+14 424 5 1 1 
2.32993e+16 2.98755e-14 1.38148e-24 4.97118e+27 0.00025 1.795 17950 6.172e+14 425 5 1 1 
2.36079e+16 5.04998e-45 1.81633e-55 4.97118e+27 0.00025 1.795 17950 6.172e+14 426 5 1 1 
2.39165e+16 0 0 4.97118e+27 0.00025 1.795 17950 6.172e+14 427 5 1 1 
2.42251e+16 0 0 4.97118e+27 0.00025 1.795 17950 6.172e+14 428 5 1 1 
2.45337e+16 0 0 4.97118e+27 0.00025 1.795 17950 6.172e+14 429 5 1 1 
2.48423e+16 0 0 4.97118e+27 0.00025 1.795 17950 6.172e+14 430 5 1 1 
2.51509e+16 0 0 4.97118e+27 0.00025 1.795 17950 6.172e+14 431 5 1 1 
2.54595e+16 0 0 4.97118e+27 0.00025 1.795 17950 6.172e+14 432 5 1 1 
2.57681e+16 0 0 4.97118e+27 0.00025 1.795 17950 6.172e+14 433 5 1 1 
2.60767e+16 0 0 4.97118e+27 0.00025 1.795 17950 6.172e+14 434 5 1 1 
2.63853e+16 0 0 4.97118e+27 0.00025 1.795 17950 6.172e+14 435 5 1 1 
2.66939e+16 0 0 4.97118e+27 0.00025 1.795 17950 6.172e+14 436 5 1 1 
2.70025e+16 0 0 4.97118e+27 0.00025 1.795 17950 6.172e+14 437 5 1 1 
2.73111e+16 0 0 4.97118e+27 0.00025 1.795 17950 6.172e+14 438 5 1 1 
2.76197e+16 0 0 4.97118e+27 0.00025 1.795 17950 6.172e+14 439 5 1 1 
2.79283e+16 0 0 4.97118e+27 0.00025 1.795 17950 6.172e+14 440 5 1 1 
2.82369e+16 -7.57362e-45 -9.08165e-56 4.97118e+27 0.00025 1.795 17950 6.172e+14 441 5 1 1 
2.85455e+16 -5.8736e-44 -1.81633e-55 4.97118e+27 0.00025 1.795 17950 6.172e+14 442 5 1 1 
2.88541e+16 -1.49095e-13 -4.60494e-25 4.97118e+27 0.00025 1.795 17950 6.172e+14 443 5 1 1 
2.91627e+16 -6.96894e-13 -1.84198e-24 4.97118e+27 0.00025 1.795 17950 6.172e+14 444 5 1 1 
2.94713e+16 -1.98446e-12 -2.76297e-24 4.97118e+27 0.00025 1.795 17950 6.172e+14 445 5 1 1 
2.97799e+16 -4.83024e-12 -4.60494e-24 4.97118e+27 0.00025 1.795 17950 6.172e+14 446 5 1 1 
3.00885e+16 -1.07592e-11 -6.44692e-24 4.97118e+27 0.00025 1.795 17950 6.172e+14 447 5 1 1 
3.03971e+16 -3.81428e-13 1.28938e-23 4.97118e+27 0.00025 1.795 17950 6.172e+14 448 5 1 1 
3.07057e+16 -1.13765e-11 1.47358e-23 4.97118e+27 0.00025 1.795 17950 6.172e+14 449 3 1 1 
3.10143e+16 1.13765e-11 -1.47358e-23 4.97118e+27 0.00025 1.795 17950 6.172e+14 450 3 1 1 
3.13229e+16 3.81428e-13 -1.28938e-23 4.97118e+27 0.00025 1.795 17950 6.172e+14 451 5 1 1 
3.16315e+16 1.07592e-11 6.44692e-24 4.97118e+27 0.00025 1.795 17950 6.172e+14 452 5 1 1 
3.19401e+16 4.83024e-12 4.60494e-24 4.97118e+27 0.00025 1.795 17950 6.172e+14 453 5 1 1 
3.22487e+16 1.98446e-12 2.76297e-24 4.97118e+27 0.00025 1.795 17950 6.172e+14 454 5 1 1 
3.25573e+16 6.96894e-13 1.84198e-24 4.97118e+27 0.00025 1.795 17950 6.172e+14 455 5 1 1 
3.28659e+16 1.49095e-13 4.60494e-25 4.97118e+27 0.00025 1.795 17950 6.172e+14 456 5 1 1 
3.31745e+16 5.8736e-44 1.81633e-55 4.97118e+27 0.00025 1.795 17950 6.172e+14 457 5 1 1 
3.34831e+16 7.57362e-45 9.08165e-56 4.97118e+27 0.00025 1.795 17950 6.172e+14 458 5 1 1 
3.37917e+16 0 0 4.97118e+27 0.00025 1.795 17950 6.172e+14 459 5 1 1 
3.41003e+16 0 0 4.97118e+27 0.00025 1.795 17950 6.172e+14 460 5 1 1 
3.44089e+16 0 0 4.97118e+27 0.00025 1.795 17950 6.172e+14 461 5 1 1 
3.47175e+16 0 0 4.97118e+27 0.00025 1.795 17950 6.172e+14 462 5 1 1 
3.50261e+16 0 0 4.97118e+27 0.00025 1.795 17950 6.172e+14 463 5 1 1 
3.53347e+16 0 0 4.97118e+27 0.00025 1.795 17950 6.172e+14 464 5 1 1 
3.56433e+16 0 0 4.97118e+27 0.00025 1.795 17950 6.172e+14 465 5 1 1 
3.59519e+16 0 0 4.97118e+27 0.00025 1.795 17950 6.172e+14 466 5 1 1 
3.62605e+16 0 0 4.97118e+27 0.00025 1.795 17950 6.172e+14 467 5 1 1 
3.65691e+16 0 0 4.97118e+27 0.00025 1.795 17950 6.172e+14 468 5 1 1 
3.68777e+16 0 0 4.97118e+27 0.00025 1.795 17950 6.172e+14 469 5 1 1 
3.71863e+16 0 0 4.97118e+27 0.00025 1.795 17950 6.172e+14 470 5 1 1 
3.74949e+16 0 0 4.97118e+27 0.00025 1.795 17950 6.172e+14 471 5 1 1 
3.78035e+16 0 0 4.97118e+27 0.00025 1.795 17950 6.172e+14 472 5 1 1 
3.81121e+16 -1.2623e-44 -2.72449e-55 4.97118e+27 0.00025 1.795 17950 6.172e+14 473 5 1 1 
3.84207e+16 -3.84119e-14 -1.38148e-24 4.97118e+27 0.00025 1.795 17950 6.172e+14 474 5 1 1 
3.87293e+16 -5.974e-13 -1.38148e-23 4.97118e+27 0.00025 1.795 17950 6.172e+14 475 5 1 1 
3.90379e+16 -5.33507e-11 -1.34464e-21 4.97118e+27 0.00025 1.795 17950 6.172e+14 476 4 1 1 
3.93465e+16 -1.15602e-09 -2.04183e-20 4.97118e+27 0.00025 1.795 17950 6.172e+14 477 4 1 1 
3.96551e+16 -1.63891e-08 -2.55091e-19 4.97118e+27 0.00025 1.795 17950 6.172e+14 478 4 1 1 
3.99637e+16 -1.90563e-07 -2.64592e-18 4.97118e+27 0.00025 1.795 17950 6.172e+14 479 4 1 1 
4.02723e+16 -1.87861e-06 -2.35668e-17 4.97118e+27 0.00025 1.795 17950 6.172e+14 480 4 1 1 
4.05809e+16 -1.60772e-05 -1.83167e-16 4.97118e+27 0.00025 1.795 17950 6.172e+14 481 4 1 1 
4.08895e+16 -0.000120681 -1.24816e-15 4.97118e+27 0.00025 1.795 17950 6.172e+14 482 4 1 1 
4.11981e+16 -0.000792448 -7.38268e-15 4.97118e+27 0.00025 1.795 17950 6.172e+14 483 4 1 1 
4.15067e+16 -0.00438252 -3.53583e-14 4.97118e+27 0.000250001 1.79501 17950 6.17198e+14 484 3 1 1 
4.18153e+16 -0.015427 -4.77123e-14 4.97118e+27 0.00025 1.795 17950 6.172e+14 485 4 1 1 
4.21239e+16 0.114037 2.41778e-12 4.97118e+27 0.000249957 1.79457 17948.8 6.17306e+14 486 5 1 0.999999 
4.24326e+16 0.870168 -1.86486e-12 4.97118e+27 0.000250084 1.79581 17952.3 6.16993e+14 487 4 1 0.999473 
4.27409e+16 -8.65747 -1.37979e-10 4.97118e+27 0.000253096 1.82628 18040.8 6.0965e+14 488 4 1 0.990136 
4.30424e+16 -79.7184 -6.27391e-10 4.97118e+27 0.000268328 1.98659 18512.1 5.75042e+14 489 4 1 0.963464 
4.33182e+16 -263.547 -1.08494e-09 4.97118e+27 0.000306647 2.41673 19704.4 5.03185e+14 490 4 1 0.960121 
4.35511e+16 -472.097 -7.99403e-10 4.97118e+27 0.000360554 3.0665 21260.6 4.27953e+14 491 4 1 0.981422 
4.37496e+16 -586.684 -3.20558e-10 4.97118e+27 0.000405889 3.64368 22440.1 3.80153e+14 492 4 1 0.99348 
4.39321e+16 -635.842 -1.60782e-10 4.97118e+27 0.00043193 3.98572 23068.1 3.57234e+14 493 4 1 0.998457 
4.4107e+16 -660.151 -6.32087e-11 4.97118e+27 0.000444858 4.16287 23393.7 3.46852e+14 494 4 1 0.999845 
4.42789e+16 -669.113 -2.28489e-11 4.97118e+27 0.000449719 4.23966 23568.1 3.43103e+14 495 4 1 1.00001 
4.44501e+16 -672.47 -6.77299e-12 4.97118e+27 0.000450239 4.2683 23700.1 3.42707e+14 496 3 1 1 
4.46216e+16 -673.616 -1.98532e-12 4.97118e+27 0.000449322 4.29395 23891.2 3.43406e+14 497 5 1 0.998634 
4.47935e+16 -674.143 -1.47452e-13 4.97118e+27 0.000458103 4.49056 24506.3 3.36824e+14 498 4 1 0.993688 
4.49586e+16 -674.469 5.88228e-13 4.97118e+27 0.000480581 4.14705 21573.1 3.2107e+14 499 4 1 0.993721 
