# Time [s]: 1.99645e+12
# Columns: pos [pc], vel [pc/s], acc [pc/s^2], mass [Msun], dens [g/cm^3], pres [barye], ene [erg/g], sml [pc], id, neighbor, alpha, gradh, ...additional?
4.50148e+16 -674.573 1.03992e-12 4.97118e+27 0.000506158 4.3938 21701.7 3.04845e+14 0 4 1 0.994738 
4.51636e+16 -674.776 1.3357e-12 4.97118e+27 0.00053014 4.10671 19366.2 2.91055e+14 1 4 1 0.999689 
4.5306e+16 -675.007 1.71561e-12 4.97118e+27 0.000543138 4.2599 19607.8 2.8409e+14 2 4 1 0.999991 
4.54477e+16 -675.305 2.30565e-12 4.97118e+27 0.000544604 4.27563 19627.3 2.83325e+14 3 4 1 1 
4.55893e+16 -675.699 3.0206e-12 4.97118e+27 0.000544807 4.27581 19620.7 2.83219e+14 4 3 1 1 
4.57309e+16 -676.23 4.12757e-12 4.97118e+27 0.00054462 4.2732 19615.5 2.83317e+14 5 4 1 1 
4.58726e+16 -676.943 5.64831e-12 4.97118e+27 0.000544262 4.26898 19609 2.83503e+14 6 4 1 0.999999 
4.60144e+16 -677.855 7.06382e-12 4.97118e+27 0.000543774 4.26341 19601 2.83758e+14 7 4 1 0.999998 
4.61564e+16 -679.03 9.24326e-12 4.97118e+27 0.000543137 4.25623 19591 2.84091e+14 8 4 1 0.999996 
-1.54215e+16 -680.622 1.06467e-11 4.97118e+27 0.000542447 4.24854 19580.4 2.84452e+14 9 4 1 0.999995 
-1.52792e+16 -681.872 2.14051e-11 4.97118e+27 0.000541597 4.23896 19567.2 2.84898e+14 10 5 1 0.999972 
-1.51366e+16 -683.736 -3.12765e-11 4.97118e+27 0.000542875 4.25257 19584.7 2.84228e+14 11 4 1 0.999146 
-1.4995e+16 -666.76 -2.01504e-10 4.97118e+27 0.000551311 4.34534 19705.6 2.79878e+14 12 4 1 0.997961 
-1.48567e+16 -635.872 -2.51441e-10 4.97118e+27 0.000566157 4.5103 19916.4 2.72539e+14 13 4 1 0.998142 
-1.47224e+16 -606.688 -2.08054e-10 4.97118e+27 0.000581591 4.68336 20131.5 2.65307e+14 14 4 1 0.998434 
-1.45913e+16 -582.386 -1.95913e-10 4.97118e+27 0.000595787 4.84391 20326.1 2.58985e+14 15 4 1 0.998117 
-1.44633e+16 -556.003 -2.47677e-10 4.97118e+27 0.000611223 5.0203 20534.6 2.52445e+14 16 4 1 0.997363 
-1.43388e+16 -523.093 -3.17445e-10 4.97118e+27 0.000630141 5.2391 20786.3 2.44866e+14 17 4 1 0.996635 
-1.42184e+16 -484.63 -3.73709e-10 4.97118e+27 0.000652664 5.50313 21080.3 2.36416e+14 18 4 1 0.996231 
-1.41023e+16 -442.98 -4.09434e-10 4.97118e+27 0.000677776 5.80184 21401 2.27656e+14 19 4 1 0.996138 
-1.39906e+16 -400.25 -4.31156e-10 4.97118e+27 0.000704398 6.12338 21733.2 2.19052e+14 20 4 1 0.996251 
-1.38832e+16 -357.897 -4.42718e-10 4.97118e+27 0.000731746 6.45877 22066.8 2.10865e+14 21 4 1 0.996459 
-1.37797e+16 -316.517 -4.49912e-10 4.97118e+27 0.000759332 6.80217 22395.7 2.03205e+14 22 4 1 0.996704 
-1.36799e+16 -276.427 -4.53918e-10 4.97118e+27 0.00078689 7.15026 22717.2 1.96088e+14 23 4 1 0.996966 
-1.35835e+16 -237.787 -4.53866e-10 4.97118e+27 0.000814217 7.50027 23029.4 1.89507e+14 24 4 1 0.997218 
-1.34903e+16 -200.639 -4.52475e-10 4.97118e+27 0.000841191 7.85034 23331.5 1.8343e+14 25 4 1 0.997414 
-1.34e+16 -164.921 -4.58001e-10 4.97118e+27 0.000867923 8.2017 23625.1 1.77781e+14 26 4 1 0.997552 
-1.33125e+16 -129.76 -4.73092e-10 4.97118e+27 0.000894654 8.55782 23913.8 1.72469e+14 27 4 1 0.997913 
-1.32275e+16 -96.0042 -4.3576e-10 4.97118e+27 0.000920361 8.90474 24186.7 1.67652e+14 28 4 1 0.998566 
-1.31448e+16 -68.7059 -3.21413e-10 4.97118e+27 0.000942611 9.20625 24417.4 1.63694e+14 29 4 1 0.998498 
-1.30638e+16 -45.2248 -4.0623e-10 4.97118e+27 0.000964342 9.50217 24639.3 1.60006e+14 30 4 1 0.997252 
-1.29848e+16 -7.88506 -7.17845e-10 4.97118e+27 0.000993983 9.91716 24942.9 1.55234e+14 31 4 1 0.997884 
-1.29085e+16 34.6233 -4.9753e-10 4.97118e+27 0.00102449 10.3508 25249.5 1.50611e+14 32 4 1 0.999931 
-1.28341e+16 48.1085 -1.27232e-11 4.97118e+27 0.00103804 10.5407 25380.2 1.48646e+14 33 3 1 1 
-1.27599e+16 44.5061 9.12695e-11 4.97118e+27 0.00103621 10.5119 25360.2 1.48908e+14 34 4 1 1.00001 
-1.26852e+16 37.3503 1.22769e-10 4.97118e+27 0.00103004 10.4238 25299.1 1.498e+14 35 4 1 0.999905 
-1.26101e+16 29.0663 1.3392e-10 4.97118e+27 0.00102306 10.3246 25229.8 1.50822e+14 36 4 1 0.999865 
-1.25344e+16 20.9711 1.24726e-10 4.97118e+27 0.00101644 10.2309 25163.9 1.51804e+14 37 4 1 0.999872 
-1.24583e+16 14.0358 1.02432e-10 4.97118e+27 0.0010109 10.1527 25108.6 1.52636e+14 38 4 1 0.999906 
-1.23818e+16 8.73744 7.53056e-11 4.97118e+27 0.00100674 10.0942 25067.1 1.53267e+14 39 4 1 0.999945 
-1.2305e+16 5.07905 5.02695e-11 4.97118e+27 0.0010039 10.0544 25038.8 1.537e+14 40 4 1 0.999973 
-1.22281e+16 2.76785 3.08393e-11 4.97118e+27 0.00100212 10.0295 25021 1.53974e+14 41 4 1 0.999989 
-1.2151e+16 1.41823 1.75467e-11 4.97118e+27 0.00100108 10.015 25010.7 1.54133e+14 42 4 1 0.999996 
-1.20739e+16 0.684396 9.31514e-12 4.97118e+27 0.00100052 10.0072 25005.2 1.54219e+14 43 4 1 0.999999 
-1.19968e+16 0.311177 4.6294e-12 4.97118e+27 0.00100024 10.0033 25002.3 1.54263e+14 44 4 1 1 
-1.19197e+16 0.133232 2.15669e-12 4.97118e+27 0.0010001 10.0014 25001 1.54284e+14 45 4 1 1 
-1.18425e+16 0.053645 9.41841e-13 4.97118e+27 0.00100004 10.0006 25000.4 1.54294e+14 46 4 1 1 
-1.17654e+16 0.0202717 3.85176e-13 4.97118e+27 0.00100002 10.0002 25000.2 1.54298e+14 47 4 1 1 
-1.16882e+16 0.00716938 1.47242e-13 4.97118e+27 0.00100001 10.0001 25000.1 1.54299e+14 48 4 1 1 
-1.16111e+16 0.00236418 5.24684e-14 4.97118e+27 0.001 10 25000 1.543e+14 49 4 1 1 
-1.15339e+16 0.000723248 1.7361e-14 4.97118e+27 0.001 10 25000 1.543e+14 50 4 1 1 
-1.14568e+16 0.000203823 5.30493e-15 4.97118e+27 0.001 10 25000 1.543e+14 51 4 1 1 
-1.13796e+16 5.23814e-05 1.48523e-15 4.97118e+27 0.001 10 25000 1.543e+14 52 4 1 1 
-1.13025e+16 1.2088e-05 3.76517e-16 4.97118e+27 0.001 10 25000 1.543e+14 53 4 1 1 
-1.12253e+16 2.44194e-06 8.48149e-17 4.97118e+27 0.001 10 25000 1.543e+14 54 4 1 1 
-1.11482e+16 4.11827e-07 1.64218e-17 4.97118e+27 0.001 10 25000 1.543e+14 55 4 1 1 
-1.1071e+16 5.19476e-08 2.54948e-18 4.97118e+27 0.001 10 25000 1.543e+14 56 4 1 1 
-1.09939e+16 3.19933e-09 2.59778e-19 4.97118e+27 0.001 10 25000 1.543e+14 57 4 1 1 
-1.09167e+16 -2.16002e-10 -7.41764e-21 4.97118e+27 0.001 10 25000 1.543e+14 58 4 1 1 
-1.08396e+16 6.51107e-11 -2.55114e-21 4.97118e+27 0.001 10 25000 1.543e+14 59 4 1 1 
-1.07624e+16 5.79203e-11 1.51963e-21 4.97118e+27 0.001 10 25000 1.543e+14 60 3 1 1 
-1.06853e+16 5.38742e-12 2.22879e-22 4.97118e+27 0.001 10 25000 1.543e+14 61 5 1 1 
-1.06081e+16 6.15766e-13 4.78914e-23 4.97118e+27 0.001 10 25000 1.543e+14 62 5 1 1 
-1.0531e+16 3.41997e-14 9.44492e-54 4.97118e+27 0.001 10 25000 1.543e+14 63 5 1 1 
-1.04538e+16 1.01186e-44 3.63266e-55 4.97118e+27 0.001 10 25000 1.543e+14 64 5 1 1 
-1.03767e+16 0 0 4.97118e+27 0.001 10 25000 1.543e+14 65 5 1 1 
-1.02995e+16 0 0 4.97118e+27 0.001 10 25000 1.543e+14 66 5 1 1 
-1.02224e+16 0 0 4.97118e+27 0.001 10 25000 1.543e+14 67 5 1 1 
-1.01452e+16 0 0 4.97118e+27 0.001 10 25000 1.543e+14 68 5 1 1 
-1.00681e+16 0 0 4.97118e+27 0.001 10 25000 1.543e+14 69 5 1 1 
-9.99092e+15 0 0 4.97118e+27 0.001 10 25000 1.543e+14 70 5 1 1 
-9.91377e+15 0 0 4.97118e+27 0.001 10 25000 1.543e+14 71 5 1 1 
-9.83662e+15 0 0 4.97118e+27 0.001 10 25000 1.543e+14 72 5 1 1 
-9.75947e+15 0 0 4.97118e+27 0.001 10 25000 1.543e+14 73 5 1 1 
-9.68232e+15 0 0 4.97118e+27 0.001 10 25000 1.543e+14 74 5 1 1 
-9.60517e+15 0 0 4.97118e+27 0.001 10 25000 1.543e+14 75 5 1 1 
-9.52802e+15 0 0 4.97118e+27 0.001 10 25000 1.543e+14 76 5 1 1 
-9.45087e+15 0 0 4.97118e+27 0.001 10 25000 1.543e+14 77 5 1 1 
-9.37372e+15 0 0 4.97118e+27 0.001 10 25000 1.543e+14 78 5 1 1 
-9.29657e+15 0 0 4.97118e+27 0.001 10 25000 1.543e+14 79 5 1 1 
-9.21942e+15 0 0 4.97118e+27 0.001 10 25000 1.543e+14 80 5 1 1 
-9.14227e+15 0 0 4.97118e+27 0.001 10 25000 1.543e+14 81 5 1 1 
-9.06512e+15 0 0 4.97118e+27 0.001 10 25000 1.543e+14 82 5 1 1 
-8.98797e+15 0 0 4.97118e+27 0.001 10 25000 1.543e+14 83 5 1 1 
-8.91082e+15 0 0 4.97118e+27 0.001 10 25000 1.543e+14 84 5 1 1 
-8.83367e+15 0 0 4.97118e+27 0.001 10 25000 1.543e+14 85 5 1 1 
-8.75652e+15 0 0 4.97118e+27 0.001 10 25000 1.543e+14 86 5 1 1 
-8.67937e+15 0 0 4.97118e+27 0.001 10 25000 1.543e+14 87 5 1 1 
-8.60222e+15 0 0 4.97118e+27 0.001 10 25000 1.543e+14 88 5 1 1 
-8.52507e+15 0 0 4.97118e+27 0.001 10 25000 1.543e+14 89 5 1 1 
-8.44792e+15 0 0 4.97118e+27 0.001 10 25000 1.543e+14 90 5 1 1 
-8.37077e+15 0 0 4.97118e+27 0.001 10 25000 1.543e+14 91 5 1 1 
-8.29362e+15 0 0 4.97118e+27 0.001 10 25000 1.543e+14 92 5 1 1 
-8.21647e+15 0 0 4.97118e+27 0.001 10 25000 1.543e+14 93 5 1 1 
-8.13932e+15 0 0 4.97118e+27 0.001 10 25000 1.543e+14 94 5 1 1 
-8.06217e+15 0 0 4.97118e+27 0.001 10 25000 1.543e+14 95 5 1 1 
-7.98502e+15 0 0 4.97118e+27 0.001 10 25000 1.543e+14 96 5 1 1 
-7.90787e+15 0 0 4.97118e+27 0.001 10 25000 1.543e+14 97 5 1 1 
-7.83072e+15 0 0 4.97118e+27 0.001 10 25000 1.543e+14 98 5 1 1 
-7.75357e+15 0 0 4.97118e+27 0.001 10 25000 1.543e+14 99 5 1 1 
-7.67642e+15 0 0 4.97118e+27 0.001 10 25000 1.543e+14 100 5 1 1 
-7.59927e+15 0 0 4.97118e+27 0.001 10 25000 1.543e+14 101 5 1 1 
-7.52212e+15 0 0 4.97118e+27 0.001 10 25000 1.543e+14 102 5 1 1 
-7.44497e+15 0 0 4.97118e+27 0.001 10 25000 1.543e+14 103 5 1 1 
-7.36782e+15 0 0 4.97118e+27 0.001 10 25000 1.543e+14 104 5 1 1 
-7.29067e+15 0 0 4.97118e+27 0.001 10 25000 1.543e+14 105 5 1 1 
-7.21352e+15 0 0 4.97118e+27 0.001 10 25000 1.543e+14 106 5 1 1 
-7.13637e+15 0 0 4.97118e+27 0.001 10 25000 1.543e+14 107 5 1 1 
-7.05922e+15 0 0 4.97118e+27 0.001 10 25000 1.543e+14 108 5 1 1 
-6.98207e+15 0 0 4.97118e+27 0.001 10 25000 1.543e+14 109 5 1 1 
-6.90492e+15 0 0 4.97118e+27 0.001 10 25000 1.543e+14 110 5 1 1 
-6.82777e+15 0 0 4.97118e+27 0.001 10 25000 1.543e+14 111 5 1 1 
-6.75062e+15 0 0 4.97118e+27 0.001 10 25000 1.543e+14 112 5 1 1 
-6.67347e+15 0 0 4.97118e+27 0.001 10 25000 1.543e+14 113 5 1 1 
-6.59632e+15 0 0 4.97118e+27 0.001 10 25000 1.543e+14 114 5 1 1 
-6.51917e+15 0 0 4.97118e+27 0.001 10 25000 1.543e+14 115 5 1 1 
-6.44202e+15 0 0 4.97118e+27 0.001 10 25000 1.543e+14 116 5 1 1 
-6.36487e+15 0 0 4.97118e+27 0.001 10 25000 1.543e+14 117 5 1 1 
-6.28772e+15 0 0 4.97118e+27 0.001 10 25000 1.543e+14 118 5 1 1 
-6.21057e+15 0 0 4.97118e+27 0.001 10 25000 1.543e+14 119 5 1 1 
-6.13342e+15 0 0 4.97118e+27 0.001 10 25000 1.543e+14 120 5 1 1 
-6.05627e+15 0 0 4.97118e+27 0.001 10 25000 1.543e+14 121 5 1 1 
-5.97912e+15 0 0 4.97118e+27 0.001 10 25000 1.543e+14 122 5 1 1 
-5.90197e+15 0 0 4.97118e+27 0.001 10 25000 1.543e+14 123 5 1 1 
-5.82482e+15 0 0 4.97118e+27 0.001 10 25000 1.543e+14 124 5 1 1 
-5.74767e+15 0 0 4.97118e+27 0.001 10 25000 1.543e+14 125 5 1 1 
-5.67052e+15 0 0 4.97118e+27 0.001 10 25000 1.543e+14 126 5 1 1 
-5.59337e+15 0 0 4.97118e+27 0.001 10 25000 1.543e+14 127 5 1 1 
-5.51622e+15 0 0 4.97118e+27 0.001 10 25000 1.543e+14 128 5 1 1 
-5.43907e+15 0 0 4.97118e+27 0.001 10 25000 1.543e+14 129 5 1 1 
-5.36192e+15 0 0 4.97118e+27 0.001 10 25000 1.543e+14 130 5 1 1 
-5.28477e+15 0 0 4.97118e+27 0.001 10 25000 1.543e+14 131 5 1 1 
-5.20762e+15 0 0 4.97118e+27 0.001 10 25000 1.543e+14 132 5 1 1 
-5.13047e+15 0 0 4.97118e+27 0.001 10 25000 1.543e+14 133 5 1 1 
-5.05332e+15 0 0 4.97118e+27 0.001 10 25000 1.543e+14 134 5 1 1 
-4.97617e+15 0 0 4.97118e+27 0.001 10 25000 1.543e+14 135 5 1 1 
-4.89902e+15 0 0 4.97118e+27 0.001 10 25000 1.543e+14 136 5 1 1 
-4.82187e+15 0 0 4.97118e+27 0.001 10 25000 1.543e+14 137 5 1 1 
-4.74472e+15 0 0 4.97118e+27 0.001 10 25000 1.543e+14 138 5 1 1 
-4.66757e+15 0 0 4.97118e+27 0.001 10 25000 1.543e+14 139 5 1 1 
-4.59042e+15 0 0 4.97118e+27 0.001 10 25000 1.543e+14 140 5 1 1 
-4.51327e+15 0 0 4.97118e+27 0.001 10 25000 1.543e+14 141 5 1 1 
-4.43612e+15 0 0 4.97118e+27 0.001 10 25000 1.543e+14 142 5 1 1 
-4.35897e+15 0 0 4.97118e+27 0.001 10 25000 1.543e+14 143 5 1 1 
-4.28182e+15 0 0 4.97118e+27 0.001 10 25000 1.543e+14 144 5 1 1 
-4.20467e+15 0 0 4.97118e+27 0.001 10 25000 1.543e+14 145 5 1 1 
-4.12752e+15 0 0 4.97118e+27 0.001 10 25000 1.543e+14 146 5 1 1 
-4.05037e+15 0 0 4.97118e+27 0.001 10 25000 1.543e+14 147 5 1 1 
-3.97322e+15 0 0 4.97118e+27 0.001 10 25000 1.543e+14 148 5 1 1 
-3.89607e+15 0 0 4.97118e+27 0.001 10 25000 1.543e+14 149 5 1 1 
-3.81892e+15 0 0 4.97118e+27 0.001 10 25000 1.543e+14 150 5 1 1 
-3.74177e+15 0 0 4.97118e+27 0.001 10 25000 1.543e+14 151 5 1 1 
-3.66462e+15 0 0 4.97118e+27 0.001 10 25000 1.543e+14 152 5 1 1 
-3.58747e+15 0 0 4.97118e+27 0.001 10 25000 1.543e+14 153 5 1 1 
-3.51032e+15 0 0 4.97118e+27 0.001 10 25000 1.543e+14 154 5 1 1 
-3.43317e+15 0 0 4.97118e+27 0.001 10 25000 1.543e+14 155 5 1 1 
-3.35602e+15 0 0 4.97118e+27 0.001 10 25000 1.543e+14 156 5 1 1 
-3.27887e+15 0 0 4.97118e+27 0.001 10 25000 1.543e+14 157 5 1 1 
-3.20172e+15 0 0 4.97118e+27 0.001 10 25000 1.543e+14 158 5 1 1 
-3.12457e+15 0 0 4.97118e+27 0.001 10 25000 1.543e+14 159 5 1 1 
-3.04742e+15 0 0 4.97118e+27 0.001 10 25000 1.543e+14 160 5 1 1 
-2.97027e+15 0 0 4.97118e+27 0.001 10 25000 1.543e+14 161 5 1 1 
-2.89312e+15 0 0 4.97118e+27 0.001 10 25000 1.543e+14 162 5 1 1 
-2.81597e+15 0 0 4.97118e+27 0.001 10 25000 1.543e+14 163 5 1 1 
-2.73882e+15 0 0 4.97118e+27 0.001 10 25000 1.543e+14 164 5 1 1 
-2.66167e+15 0 0 4.97118e+27 0.001 10 25000 1.543e+14 165 5 1 1 
-2.58452e+15 0 0 4.97118e+27 0.001 10 25000 1.543e+14 166 5 1 1 
-2.50737e+15 0 0 4.97118e+27 0.001 10 25000 1.543e+14 167 5 1 1 
-2.43022e+15 0 0 4.97118e+27 0.001 10 25000 1.543e+14 168 5 1 1 
-2.35307e+15 0 0 4.97118e+27 0.001 10 25000 1.543e+14 169 5 1 1 
-2.27592e+15 0 0 4.97118e+27 0.001 10 25000 1.543e+14 170 5 1 1 
-2.19877e+15 0 0 4.97118e+27 0.001 10 25000 1.543e+14 171 5 1 1 
-2.12162e+15 0 0 4.97118e+27 0.001 10 25000 1.543e+14 172 5 1 1 
-2.04447e+15 0 0 4.97118e+27 0.001 10 25000 1.543e+14 173 5 1 1 
-1.96732e+15 0 0 4.97118e+27 0.001 10 25000 1.543e+14 174 5 1 1 
-1.89017e+15 0 0 4.97118e+27 0.001 10 25000 1.543e+14 175 5 1 1 
-1.81302e+15 0 0 4.97118e+27 0.001 10 25000 1.543e+14 176 5 1 1 
-1.73587e+15 -1.58103e-43 -3.63266e-55 4.97118e+27 0.001 10 25000 1.543e+14 177 5 1 1 
-1.65872e+15 -1.70561e-13 -3.63266e-55 4.97118e+27 0.001 10 25000 1.543e+14 178 5 1 1 
-1.58157e+15 -3.39874e-13 0 4.97118e+27 0.001 10 25000 1.543e+14 179 5 1 1 
-1.50442e+15 -4.90785e-13 -1.84198e-24 4.97118e+27 0.001 10 25000 1.543e+14 180 5 1 1 
-1.42727e+15 -7.43169e-13 0 4.97118e+27 0.001 10 25000 1.543e+14 181 5 1 1 
-1.35012e+15 -9.75668e-13 -7.26532e-55 4.97118e+27 0.001 10 25000 1.543e+14 182 5 1 1 
-1.27297e+15 -1.27247e-12 -1.0898e-54 4.97118e+27 0.001 10 25000 1.543e+14 183 5 1 1 
-1.19582e+15 -1.78308e-12 -1.84198e-24 4.97118e+27 0.001 10 25000 1.543e+14 184 5 1 1 
-1.11867e+15 -2.01096e-12 -1.84198e-24 4.97118e+27 0.001 10 25000 1.543e+14 185 5 1 1 
-1.04152e+15 -3.63451e-12 3.68395e-24 4.97118e+27 0.001 10 25000 1.543e+14 186 4 1 1 
-9.64375e+14 -1.52826e-14 1.84198e-24 4.97118e+27 0.001 10 25000 1.543e+14 187 3 1 1 
-8.87225e+14 -2.00204e-13 -2.90613e-54 4.97118e+27 0.001 10 25000 1.543e+14 188 3 1 1 
-8.10075e+14 -9.82945e-13 -2.04501e-38 4.97118e+27 0.001 10 25000 1.543e+14 189 3 1 1 
-7.32925e+14 1.42775e-12 1.0225e-38 4.97118e+27 0.001 10 25000 1.543e+14 190 4 1 1 
-6.55775e+14 2.83227e-13 -1.84198e-24 4.97118e+27 0.001 10 25000 1.543e+14 191 5 1 1 
-5.78625e+14 1.39342e-13 -1.84198e-24 4.97118e+27 0.001 10 25000 1.543e+14 192 5 1 1 
-5.01475e+14 -1.68472e-12 -1.84198e-24 4.97118e+27 0.001 10 25000 1.543e+14 193 4 1 1 
-4.24325e+14 1.39754e-12 2.04501e-38 4.97118e+27 0.001 10 25000 1.543e+14 194 3 1 1 
-3.47175e+14 2.2665e-13 -1.84198e-24 4.97118e+27 0.001 10 25000 1.543e+14 195 3 1 1 
-2.70025e+14 -1.76096e-13 0 4.97118e+27 0.001 10 25000 1.543e+14 196 3 1 1 
-1.92875e+14 4.20787e-13 3.68395e-24 4.97118e+27 0.001 10 25000 1.543e+14 197 3 1 1 
-1.15725e+14 -2.40683e-15 -7.36791e-24 4.97118e+27 0.001 10 25000 1.543e+14 198 4 1 1 
-3.8575e+13 2.06279e-13 3.68395e-24 4.97118e+27 0.001 10 25000 1.543e+14 199 3 1 1 
3.8575e+13 1.42886e-13 -3.68395e-24 4.97118e+27 0.001 10 25000 1.543e+14 200 3 1 1 
1.15725e+14 3.39379e-13 1.84198e-24 4.97118e+27 0.001 10 25000 1.543e+14 201 4 1 1 
1.92875e+14 -7.15372e-14 1.27813e-39 4.97118e+27 0.001 10 25000 1.543e+14 202 4 1 1 
2.70025e+14 -2.26681e-13 -2.87579e-39 4.97118e+27 0.001 10 25000 1.543e+14 203 3 1 1 
3.47175e+14 -3.30559e-13 1.84198e-24 4.97118e+27 0.001 10 25000 1.543e+14 204 3 1 1 
4.24325e+14 3.77019e-13 3.68395e-24 4.97118e+27 0.001 10 25000 1.543e+14 205 4 1 1 
5.01475e+14 -9.07194e-13 -1.84198e-24 4.97118e+27 0.001 10 25000 1.543e+14 206 4 1 1 
5.78625e+14 -2.42253e-12 -1.84198e-24 4.97118e+27 0.001 10 25000 1.543e+14 207 5 1 1 
6.55775e+14 -8.13417e-13 -1.91719e-38 4.97118e+27 0.001 10 25000 1.543e+14 208 5 1 1 
7.32925e+14 -2.41619e-12 -1.0225e-38 4.97118e+27 0.001 10 25000 1.543e+14 209 4 1 1 
8.10075e+14 1.56561e-12 8.9469e-39 4.97118e+27 0.001 10 25000 1.543e+14 210 3 1 1 
8.87225e+14 8.87972e-13 -8.9469e-39 4.97118e+27 0.001 10 25000 1.543e+14 211 3 1 1 
9.64375e+14 4.4478e-12 3.68395e-24 4.97118e+27 0.001 10 25000 1.543e+14 212 4 1 1 
1.04153e+15 2.70797e-12 -3.68395e-24 4.97118e+27 0.001 10 25000 1.543e+14 213 5 1 1 
1.11868e+15 2.22517e-12 5.52593e-24 4.97118e+27 0.001 10 25000 1.543e+14 214 5 1 1 
1.19583e+15 1.67984e-12 1.0898e-54 4.97118e+27 0.001 10 25000 1.543e+14 215 5 1 1 
1.27298e+15 1.17962e-12 7.26532e-55 4.97118e+27 0.001 10 25000 1.543e+14 216 5 1 1 
1.35013e+15 8.10265e-13 7.26532e-55 4.97118e+27 0.001 10 25000 1.543e+14 217 5 1 1 
1.42728e+15 5.76137e-13 7.26532e-55 4.97118e+27 0.001 10 25000 1.543e+14 218 5 1 1 
1.50443e+15 3.90821e-13 1.84198e-24 4.97118e+27 0.001 10 25000 1.543e+14 219 5 1 1 
1.58158e+15 2.04588e-13 0 4.97118e+27 0.001 10 25000 1.543e+14 220 5 1 1 
1.65873e+15 3.41884e-14 3.63266e-55 4.97118e+27 0.001 10 25000 1.543e+14 221 5 1 1 
1.73588e+15 2.36042e-44 3.63266e-55 4.97118e+27 0.001 10 25000 1.543e+14 222 5 1 1 
1.81303e+15 0 0 4.97118e+27 0.001 10 25000 1.543e+14 223 5 1 1 
1.89018e+15 0 0 4.97118e+27 0.001 10 25000 1.543e+14 224 5 1 1 
1.96733e+15 0 0 4.97118e+27 0.001 10 25000 1.543e+14 225 5 1 1 
2.04448e+15 0 0 4.97118e+27 0.001 10 25000 1.543e+14 226 5 1 1 
2.12163e+15 0 0 4.97118e+27 0.001 10 25000 1.543e+14 227 5 1 1 
2.19878e+15 0 0 4.97118e+27 0.001 10 25000 1.543e+14 228 5 1 1 
2.27593e+15 0 0 4.97118e+27 0.001 10 25000 1.543e+14 229 5 1 1 
2.35308e+15 0 0 4.97118e+27 0.001 10 25000 1.543e+14 230 5 1 1 
2.43023e+15 0 0 4.97118e+27 0.001 10 25000 1.543e+14 231 5 1 1 
2.50738e+15 0 0 4.97118e+27 0.001 10 25000 1.543e+14 232 5 1 1 
2.58453e+15 0 0 4.97118e+27 0.001 10 25000 1.543e+14 233 5 1 1 
2.66168e+15 0 0 4.97118e+27 0.001 10 25000 1.543e+14 234 5 1 1 
2.73883e+15 0 0 4.97118e+27 0.001 10 25000 1.543e+14 235 5 1 1 
2.81598e+15 0 0 4.97118e+27 0.001 10 25000 1.543e+14 236 5 1 1 
2.89313e+15 -3.18533e-43 -3.63266e-55 4.97118e+27 0.001 10 25000 1.543e+14 237 5 1 1 
2.97028e+15 -1.69188e-13 0 4.97118e+27 0.001 10 25000 1.543e+14 238 5 1 1 
3.04743e+15 -3.37357e-13 3.63266e-55 4.97118e+27 0.001 10 25000 1.543e+14 239 5 1 1 
3.12458e+15 -1.4592e-13 1.84198e-24 4.97118e+27 0.001 10 25000 1.543e+14 240 5 1 1 
3.20173e+15 -2.76911e-13 1.84198e-24 4.97118e+27 0.001 10 25000 1.543e+14 241 5 1 1 
3.27888e+15 2.53821e-12 -1.45306e-54 4.97118e+27 0.001 10 25000 1.543e+14 242 5 1 1 
3.35603e+15 1.66855e-12 7.36791e-24 4.97118e+27 0.001 10 25000 1.543e+14 243 5 1 1 
3.43318e+15 1.47119e-12 1.84198e-24 4.97118e+27 0.001 10 25000 1.543e+14 244 5 1 1 
3.51033e+15 -1.67609e-12 1.84198e-24 4.97118e+27 0.001 10 25000 1.543e+14 245 5 1 1 
3.58748e+15 1.64903e-12 -7.36791e-24 4.97118e+27 0.001 10 25000 1.543e+14 246 5 1 1 
3.66463e+15 -7.32495e-13 -1.28938e-23 4.97118e+27 0.001 10 25000 1.543e+14 247 5 1 1 
3.74178e+15 3.4719e-12 1.28938e-23 4.97118e+27 0.001 10 25000 1.543e+14 248 5 1 1 
3.81893e+15 2.74332e-14 1.65778e-23 4.97118e+27 0.001 10 25000 1.543e+14 249 4 1 1 
3.89608e+15 -2.74332e-14 -1.65778e-23 4.97118e+27 0.001 10 25000 1.543e+14 250 4 1 1 
3.97323e+15 -3.4719e-12 -1.28938e-23 4.97118e+27 0.001 10 25000 1.543e+14 251 5 1 1 
4.05038e+15 7.32495e-13 1.28938e-23 4.97118e+27 0.001 10 25000 1.543e+14 252 5 1 1 
4.12753e+15 -1.64903e-12 7.36791e-24 4.97118e+27 0.001 10 25000 1.543e+14 253 5 1 1 
4.20468e+15 1.67609e-12 -1.84198e-24 4.97118e+27 0.001 10 25000 1.543e+14 254 5 1 1 
4.28183e+15 -1.47119e-12 -1.84198e-24 4.97118e+27 0.001 10 25000 1.543e+14 255 5 1 1 
4.35898e+15 -1.66855e-12 -7.36791e-24 4.97118e+27 0.001 10 25000 1.543e+14 256 5 1 1 
4.43613e+15 -2.53821e-12 1.45306e-54 4.97118e+27 0.001 10 25000 1.543e+14 257 5 1 1 
4.51328e+15 2.76911e-13 -1.84198e-24 4.97118e+27 0.001 10 25000 1.543e+14 258 5 1 1 
4.59043e+15 1.4592e-13 -1.84198e-24 4.97118e+27 0.001 10 25000 1.543e+14 259 5 1 1 
4.66758e+15 3.37357e-13 -3.63266e-55 4.97118e+27 0.001 10 25000 1.543e+14 260 5 1 1 
4.74473e+15 1.69188e-13 0 4.97118e+27 0.001 10 25000 1.543e+14 261 5 1 1 
4.82188e+15 3.18533e-43 3.63266e-55 4.97118e+27 0.001 10 25000 1.543e+14 262 5 1 1 
4.89903e+15 0 0 4.97118e+27 0.001 10 25000 1.543e+14 263 5 1 1 
4.97618e+15 0 0 4.97118e+27 0.001 10 25000 1.543e+14 264 5 1 1 
5.05333e+15 0 0 4.97118e+27 0.001 10 25000 1.543e+14 265 5 1 1 
5.13048e+15 0 0 4.97118e+27 0.001 10 25000 1.543e+14 266 5 1 1 
5.20763e+15 0 0 4.97118e+27 0.001 10 25000 1.543e+14 267 5 1 1 
5.28478e+15 0 0 4.97118e+27 0.001 10 25000 1.543e+14 268 5 1 1 
5.36193e+15 0 0 4.97118e+27 0.001 10 25000 1.543e+14 269 5 1 1 
5.43908e+15 0 0 4.97118e+27 0.001 10 25000 1.543e+14 270 5 1 1 
5.51623e+15 0 0 4.97118e+27 0.001 10 25000 1.543e+14 271 5 1 1 
5.59338e+15 0 0 4.97118e+27 0.001 10 25000 1.543e+14 272 5 1 1 
5.67053e+15 0 0 4.97118e+27 0.001 10 25000 1.543e+14 273 5 1 1 
5.74768e+15 0 0 4.97118e+27 0.001 10 25000 1.543e+14 274 5 1 1 
5.82483e+15 0 0 4.97118e+27 0.001 10 25000 1.543e+14 275 5 1 1 
5.90198e+15 0 0 4.97118e+27 0.001 10 25000 1.543e+14 276 5 1 1 
5.97913e+15 0 0 4.97118e+27 0.001 10 25000 1.543e+14 277 5 1 1 
6.05628e+15 0 0 4.97118e+27 0.001 10 25000 1.543e+14 278 5 1 1 
6.13343e+15 0 0 4.97118e+27 0.001 10 25000 1.543e+14 279 5 1 1 
6.21058e+15 0 0 4.97118e+27 0.001 10 25000 1.543e+14 280 5 1 1 
6.28773e+15 -5.72921e-44 -3.63266e-55 4.97118e+27 0.001 10 25000 1.543e+14 281 5 1 1 
6.36488e+15 -1.02485e-13 -3.63266e-55 4.97118e+27 0.001 10 25000 1.543e+14 282 5 1 1 
6.44203e+15 -2.72891e-13 0 4.97118e+27 0.001 10 25000 1.543e+14 283 5 1 1 
6.51918e+15 -4.59631e-13 -1.84198e-24 4.97118e+27 0.001 10 25000 1.543e+14 284 5 1 1 
6.59633e+15 -7.13584e-13 -7.26532e-55 4.97118e+27 0.001 10 25000 1.543e+14 285 5 1 1 
6.67348e+15 -1.08524e-12 1.0898e-54 4.97118e+27 0.001 10 25000 1.543e+14 286 5 1 1 
6.75063e+15 -1.30051e-12 1.84198e-24 4.97118e+27 0.001 10 25000 1.543e+14 287 5 1 1 
6.82778e+15 -7.60516e-13 1.10519e-23 4.97118e+27 0.001 10 25000 1.543e+14 288 5 1 1 
6.90493e+15 -1.42972e-12 7.36791e-24 4.97118e+27 0.001 10 25000 1.543e+14 289 5 1 1 
6.98208e+15 2.0663e-12 -1.47358e-23 4.97118e+27 0.001 10 25000 1.543e+14 290 5 1 1 
7.05923e+15 3.63015e-13 -7.36791e-24 4.97118e+27 0.001 10 25000 1.543e+14 291 5 1 1 
7.13638e+15 -1.72503e-12 3.68395e-24 4.97118e+27 0.001 10 25000 1.543e+14 292 5 1 1 
7.21353e+15 -4.48075e-12 3.68395e-24 4.97118e+27 0.001 10 25000 1.543e+14 293 5 1 1 
7.29068e+15 1.55117e-12 1.84198e-23 4.97118e+27 0.001 10 25000 1.543e+14 294 5 1 1 
7.36783e+15 -1.68909e-12 1.84198e-23 4.97118e+27 0.001 10 25000 1.543e+14 295 5 1 1 
7.44498e+15 7.40651e-13 -2.21037e-23 4.97118e+27 0.001 10 25000 1.543e+14 296 5 1 1 
7.52213e+15 -4.93061e-12 -2.21037e-23 4.97118e+27 0.001 10 25000 1.543e+14 297 5 1 1 
7.59928e+15 3.37612e-12 2.57877e-23 4.97118e+27 0.001 10 25000 1.543e+14 298 5 1 1 
7.67643e+15 -3.59005e-12 2.76297e-23 4.97118e+27 0.001 10 25000 1.543e+14 299 3 1 1 
7.75358e+15 3.59005e-12 -2.76297e-23 4.97118e+27 0.001 10 25000 1.543e+14 300 3 1 1 
7.83073e+15 -3.37612e-12 -2.57877e-23 4.97118e+27 0.001 10 25000 1.543e+14 301 5 1 1 
7.90788e+15 4.93061e-12 2.21037e-23 4.97118e+27 0.001 10 25000 1.543e+14 302 5 1 1 
7.98503e+15 -7.40651e-13 2.21037e-23 4.97118e+27 0.001 10 25000 1.543e+14 303 5 1 1 
8.06218e+15 1.68909e-12 -1.84198e-23 4.97118e+27 0.001 10 25000 1.543e+14 304 5 1 1 
8.13933e+15 -1.55117e-12 -1.84198e-23 4.97118e+27 0.001 10 25000 1.543e+14 305 5 1 1 
8.21648e+15 4.48075e-12 -3.68395e-24 4.97118e+27 0.001 10 25000 1.543e+14 306 5 1 1 
8.29363e+15 1.72503e-12 -3.68395e-24 4.97118e+27 0.001 10 25000 1.543e+14 307 5 1 1 
8.37078e+15 -3.63015e-13 7.36791e-24 4.97118e+27 0.001 10 25000 1.543e+14 308 5 1 1 
8.44793e+15 -2.0663e-12 1.47358e-23 4.97118e+27 0.001 10 25000 1.543e+14 309 5 1 1 
8.52508e+15 1.42972e-12 -7.36791e-24 4.97118e+27 0.001 10 25000 1.543e+14 310 5 1 1 
8.60223e+15 7.60516e-13 -1.10519e-23 4.97118e+27 0.001 10 25000 1.543e+14 311 5 1 1 
8.67938e+15 1.30051e-12 -1.84198e-24 4.97118e+27 0.001 10 25000 1.543e+14 312 5 1 1 
8.75653e+15 1.08524e-12 -1.0898e-54 4.97118e+27 0.001 10 25000 1.543e+14 313 5 1 1 
8.83368e+15 7.13584e-13 7.26532e-55 4.97118e+27 0.001 10 25000 1.543e+14 314 5 1 1 
8.91083e+15 4.59631e-13 1.84198e-24 4.97118e+27 0.001 10 25000 1.543e+14 315 5 1 1 
8.98798e+15 2.72891e-13 0 4.97118e+27 0.001 10 25000 1.543e+14 316 5 1 1 
9.06513e+15 1.02485e-13 3.63266e-55 4.97118e+27 0.001 10 25000 1.543e+14 317 5 1 1 
9.14228e+15 5.72921e-44 3.63266e-55 4.97118e+27 0.001 10 25000 1.543e+14 318 5 1 1 
9.21943e+15 0 0 4.97118e+27 0.001 10 25000 1.543e+14 319 5 1 1 
9.29658e+15 0 0 4.97118e+27 0.001 10 25000 1.543e+14 320 5 1 1 
9.37373e+15 0 0 4.97118e+27 0.001 10 25000 1.543e+14 321 5 1 1 
9.45088e+15 0 0 4.97118e+27 0.001 10 25000 1.543e+14 322 5 1 1 
9.52803e+15 0 0 4.97118e+27 0.001 10 25000 1.543e+14 323 5 1 1 
9.60518e+15 0 0 4.97118e+27 0.001 10 25000 1.543e+14 324 5 1 1 
9.68233e+15 0 0 4.97118e+27 0.001 10 25000 1.543e+14 325 5 1 1 
9.75948e+15 0 0 4.97118e+27 0.001 10 25000 1.543e+14 326 5 1 1 
9.83663e+15 0 0 4.97118e+27 0.001 10 25000 1.543e+14 327 5 1 1 
9.91378e+15 0 0 4.97118e+27 0.001 10 25000 1.543e+14 328 5 1 1 
9.99093e+15 0 0 4.97118e+27 0.001 10 25000 1.543e+14 329 5 1 1 
1.00681e+16 0 0 4.97118e+27 0.001 10 25000 1.543e+14 330 5 1 1 
1.01452e+16 0 0 4.97118e+27 0.001 10 25000 1.543e+14 331 5 1 1 
1.02224e+16 0 0 4.97118e+27 0.001 10 25000 1.543e+14 332 5 1 1 
1.02995e+16 0 0 4.97118e+27 0.001 10 25000 1.543e+14 333 5 1 1 
1.03767e+16 0 0 4.97118e+27 0.001 10 25000 1.543e+14 334 5 1 1 
1.04538e+16 -1.01186e-44 -3.63266e-55 4.97118e+27 0.001 10 25000 1.543e+14 335 5 1 1 
1.0531e+16 -3.41997e-14 -9.44492e-54 4.97118e+27 0.001 10 25000 1.543e+14 336 5 1 1 
1.06081e+16 -6.15766e-13 -4.78914e-23 4.97118e+27 0.001 10 25000 1.543e+14 337 5 1 1 
1.06853e+16 -5.38742e-12 -2.22879e-22 4.97118e+27 0.001 10 25000 1.543e+14 338 5 1 1 
1.07624e+16 -5.79203e-11 -1.51963e-21 4.97118e+27 0.001 10 25000 1.543e+14 339 3 1 1 
1.08396e+16 -6.51107e-11 2.55114e-21 4.97118e+27 0.001 10 25000 1.543e+14 340 4 1 1 
1.09167e+16 2.16002e-10 7.41764e-21 4.97118e+27 0.001 10 25000 1.543e+14 341 4 1 1 
1.09939e+16 -3.19933e-09 -2.59778e-19 4.97118e+27 0.001 10 25000 1.543e+14 342 4 1 1 
1.1071e+16 -5.19476e-08 -2.54948e-18 4.97118e+27 0.001 10 25000 1.543e+14 343 4 1 1 
1.11482e+16 -4.11827e-07 -1.64218e-17 4.97118e+27 0.001 10 25000 1.543e+14 344 4 1 1 
1.12253e+16 -2.44194e-06 -8.48149e-17 4.97118e+27 0.001 10 25000 1.543e+14 345 4 1 1 
1.13025e+16 -1.2088e-05 -3.76517e-16 4.97118e+27 0.001 10 25000 1.543e+14 346 4 1 1 
1.13796e+16 -5.23814e-05 -1.48523e-15 4.97118e+27 0.001 10 25000 1.543e+14 347 4 1 1 
1.14568e+16 -0.000203823 -5.30493e-15 4.97118e+27 0.001 10 25000 1.543e+14 348 4 1 1 
1.15339e+16 -0.000723248 -1.7361e-14 4.97118e+27 0.001 10 25000 1.543e+14 349 4 1 1 
1.16111e+16 -0.00236418 -5.24684e-14 4.97118e+27 0.001 10 25000 1.543e+14 350 4 1 1 
1.16882e+16 -0.00716938 -1.47242e-13 4.97118e+27 0.00100001 10.0001 25000.1 1.54299e+14 351 4 1 1 
1.17654e+16 -0.0202717 -3.85176e-13 4.97118e+27 0.00100002 10.0002 25000.2 1.54298e+14 352 4 1 1 
1.18425e+16 -0.053645 -9.41841e-13 4.97118e+27 0.00100004 10.0006 25000.4 1.54294e+14 353 4 1 1 
1.19197e+16 -0.133232 -2.15669e-12 4.97118e+27 0.0010001 10.0014 25001 1.54284e+14 354 4 1 1 
1.19968e+16 -0.311177 -4.6294e-12 4.97118e+27 0.00100024 10.0033 25002.3 1.54263e+14 355 4 1 1 
1.20739e+16 -0.684396 -9.31514e-12 4.97118e+27 0.00100052 10.0072 25005.2 1.54219e+14 356 4 1 0.999999 
1.2151e+16 -1.41823 -1.75467e-11 4.97118e+27 0.00100108 10.015 25010.7 1.54133e+14 357 4 1 0.999996 
1.22281e+16 -2.76785 -3.08393e-11 4.97118e+27 0.00100212 10.0295 25021 1.53974e+14 358 4 1 0.999989 
1.2305e+16 -5.07905 -5.02695e-11 4.97118e+27 0.0010039 10.0544 25038.8 1.537e+14 359 4 1 0.999973 
1.23818e+16 -8.73744 -7.53056e-11 4.97118e+27 0.00100674 10.0942 25067.1 1.53267e+14 360 4 1 0.999945 
1.24583e+16 -14.0358 -1.02432e-10 4.97118e+27 0.0010109 10.1527 25108.6 1.52636e+14 361 4 1 0.999906 
1.25344e+16 -20.9711 -1.24726e-10 4.97118e+27 0.00101644 10.2309 25163.9 1.51804e+14 362 4 1 0.999872 
1.26101e+16 -29.0663 -1.3392e-10 4.97118e+27 0.00102306 10.3246 25229.8 1.50822e+14 363 4 1 0.999865 
1.26852e+16 -37.3503 -1.22769e-10 4.97118e+27 0.00103004 10.4238 25299.1 1.498e+14 364 4 1 0.999905 
1.27599e+16 -44.5061 -9.12695e-11 4.97118e+27 0.00103621 10.5119 25360.2 1.48908e+14 365 4 1 1.00001 
1.28341e+16 -48.1085 1.27232e-11 4.97118e+27 0.00103804 10.5407 25380.2 1.48646e+14 366 3 1 1 
1.29085e+16 -34.6233 4.9753e-10 4.97118e+27 0.00102449 10.3508 25249.5 1.50611e+14 367 4 1 0.999931 
1.29848e+16 7.88506 7.17845e-10 4.97118e+27 0.000993983 9.91716 24942.9 1.55234e+14 368 4 1 0.997884 
1.30638e+16 45.2248 4.0623e-10 4.97118e+27 0.000964342 9.50217 24639.3 1.60006e+14 369 4 1 0.997252 
1.31448e+16 68.7059 3.21413e-10 4.97118e+27 0.000942611 9.20625 24417.4 1.63694e+14 370 4 1 0.998498 
1.32275e+16 96.0042 4.3576e-10 4.97118e+27 0.000920361 8.90474 24186.7 1.67652e+14 371 4 1 0.998566 
1.33125e+16 129.76 4.73092e-10 4.97118e+27 0.000894654 8.55782 23913.8 1.72469e+14 372 4 1 0.997913 
1.34e+16 164.921 4.58001e-10 4.97118e+27 0.000867923 8.2017 23625.1 1.77781e+14 373 4 1 0.997552 
1.34903e+16 200.639 4.52475e-10 4.97118e+27 0.000841191 7.85034 23331.5 1.8343e+14 374 4 1 0.997414 
1.35835e+16 237.787 4.53866e-10 4.97118e+27 0.000814217 7.50027 23029.4 1.89507e+14 375 4 1 0.997218 
1.36799e+16 276.427 4.53918e-10 4.97118e+27 0.00078689 7.15026 22717.2 1.96088e+14 376 4 1 0.996966 
1.37797e+16 316.517 4.49912e-10 4.97118e+27 0.000759332 6.80217 22395.7 2.03205e+14 377 4 1 0.996704 
1.38832e+16 357.897 4.42718e-10 4.97118e+27 0.000731746 6.45877 22066.8 2.10865e+14 378 4 1 0.996459 
1.39906e+16 400.25 4.31156e-10 4.97118e+27 0.000704398 6.12338 21733.2 2.19052e+14 379 4 1 0.996251 
1.41023e+16 442.98 4.09434e-10 4.97118e+27 0.000677776 5.80184 21401 2.27656e+14 380 4 1 0.996138 
1.42184e+16 484.63 3.73709e-10 4.97118e+27 0.000652664 5.50313 21080.3 2.36416e+14 381 4 1 0.996231 
1.43388e+16 523.093 3.17445e-10 4.97118e+27 0.000630141 5.2391 20786.3 2.44866e+14 382 4 1 0.996635 
1.44633e+16 556.003 2.47677e-10 4.97118e+27 0.000611223 5.0203 20534.6 2.52445e+14 383 4 1 0.997363 
1.45913e+16 582.386 1.95913e-10 4.97118e+27 0.000595787 4.84391 20326.1 2.58985e+14 384 4 1 0.998117 
1.47224e+16 606.688 2.08054e-10 4.97118e+27 0.000581591 4.68336 20131.5 2.65307e+14 385 4 1 0.998434 
1.48567e+16 635.872 2.51441e-10 4.97118e+27 0.000566157 4.5103 19916.4 2.72539e+14 386 4 1 0.998142 
1.4995e+16 666.76 2.01504e-10 4.97118e+27 0.000551311 4.34534 19705.6 2.79878e+14 387 4 1 0.997961 
1.51366e+16 683.736 3.12765e-11 4.97118e+27 0.000542875 4.25257 19584.7 2.84228e+14 388 4 1 0.999146 
1.52792e+16 681.872 -2.14051e-11 4.97118e+27 0.000541597 4.23896 19567.2 2.84898e+14 389 5 1 0.999972 
1.54215e+16 680.622 -1.06467e-11 4.97118e+27 0.000542447 4.24854 19580.4 2.84452e+14 390 4 1 0.999995 
1.55636e+16 679.03 -9.24326e-12 4.97118e+27 0.000543137 4.25623 19591 2.84091e+14 391 4 1 0.999996 
1.57056e+16 677.855 -7.06382e-12 4.97118e+27 0.000543774 4.26341 19601 2.83758e+14 392 4 1 0.999998 
1.58474e+16 676.943 -5.64831e-12 4.97118e+27 0.000544262 4.26898 19609 2.83503e+14 393 4 1 0.999999 
1.59891e+16 676.23 -4.12757e-12 4.97118e+27 0.00054462 4.2732 19615.5 2.83317e+14 394 4 1 1 
1.61307e+16 675.699 -3.0206e-12 4.97118e+27 0.000544807 4.27581 19620.7 2.83219e+14 395 3 1 1 
1.62723e+16 675.305 -2.30565e-12 4.97118e+27 0.000544604 4.27563 19627.3 2.83325e+14 396 4 1 1 
1.6414e+16 675.007 -1.71561e-12 4.97118e+27 0.000543138 4.2599 19607.8 2.8409e+14 397 4 1 0.999991 
1.65564e+16 674.776 -1.3357e-12 4.97118e+27 0.00053014 4.10671 19366.2 2.91055e+14 398 4 1 0.999689 
1.67052e+16 674.573 -1.03992e-12 4.97118e+27 0.000506158 4.3938 21701.7 3.04845e+14 399 4 1 0.994738 
1.68615e+16 674.37 -7.41885e-13 4.97118e+27 0.000480694 4.14841 21575.1 3.20994e+14 400 4 1 0.993721 
1.70265e+16 674.129 -2.95438e-13 4.97118e+27 0.000458243 4.49248 24509.3 3.36721e+14 401 4 1 0.993702 
1.71984e+16 673.792 5.68773e-13 4.97118e+27 0.000449571 4.29728 23896.5 3.43216e+14 402 5 1 0.998653 
1.73698e+16 673.158 3.05225e-12 4.97118e+27 0.000450871 4.27668 23713.4 3.42226e+14 403 4 1 1 
1.75406e+16 671.555 1.08313e-11 4.97118e+27 0.000451468 4.26275 23604.8 3.41774e+14 404 3 1 1 
1.77115e+16 666.857 3.19507e-11 4.97118e+27 0.000449533 4.22436 23492.6 3.43245e+14 405 4 1 0.999991 
1.78838e+16 654.415 9.01844e-11 4.97118e+27 0.000442316 4.12137 23293.6 3.48846e+14 406 4 1 0.999579 
1.80604e+16 623.47 1.95711e-10 4.97118e+27 0.000426004 3.90336 22905.4 3.62203e+14 407 4 1 0.997395 
1.82463e+16 561.623 4.27571e-10 4.97118e+27 0.000394639 3.49615 22145.2 3.9099e+14 408 4 1 0.990855 
1.84527e+16 418.486 9.35544e-10 4.97118e+27 0.000345051 2.87393 20821.5 4.47181e+14 409 4 1 0.975731 
1.86978e+16 203.294 1.00343e-09 4.97118e+27 0.000293715 2.26776 19304.8 5.25339e+14 410 4 1 0.957305 
1.89829e+16 50.4178 4.57698e-10 4.97118e+27 0.00026231 1.92222 18322.9 5.88234e+14 411 4 1 0.971098 
1.92875e+16 3.50677 7.48597e-11 4.97118e+27 0.000251677 1.81184 17998.7 6.13087e+14 412 4 1 0.994637 
1.9596e+16 -0.720887 -3.00752e-12 4.97118e+27 0.000249981 1.79479 17949.4 6.17246e+14 413 4 1 0.999826 
1.99047e+16 -0.0327276 -1.12519e-12 4.97118e+27 0.000249975 1.79475 17949.3 6.17261e+14 414 5 1 1 
2.02133e+16 0.0115565 6.10072e-14 4.97118e+27 0.000250001 1.79501 17950 6.17197e+14 415 3 1 1 
2.05219e+16 0.00288475 2.32544e-14 4.97118e+27 0.000250001 1.79501 17950 6.17198e+14 416 4 1 1 
2.08305e+16 0.000517785 4.77653e-15 4.97118e+27 0.00025 1.795 17950 6.172e+14 417 4 1 1 
2.11391e+16 7.98394e-05 8.13683e-16 4.97118e+27 0.00025 1.795 17950 6.172e+14 418 4 1 1 
2.14477e+16 1.09054e-05 1.21522e-16 4.97118e+27 0.00025 1.795 17950 6.172e+14 419 4 1 1 
2.17563e+16 1.32065e-06 1.6098e-17 4.97118e+27 0.00025 1.795 17950 6.172e+14 420 4 1 1 
2.20649e+16 1.40483e-07 1.88175e-18 4.97118e+27 0.00025 1.795 17950 6.172e+14 421 4 1 1 
2.23735e+16 1.28966e-08 1.91603e-19 4.97118e+27 0.00025 1.795 17950 6.172e+14 422 4 1 1 
2.26821e+16 9.96068e-10 1.65336e-20 4.97118e+27 0.00025 1.795 17950 6.172e+14 423 4 1 1 
2.29907e+16 5.77444e-11 1.22676e-21 4.97118e+27 0.00025 1.795 17950 6.172e+14 424 4 1 1 
2.32993e+16 8.84996e-13 2.53272e-23 4.97118e+27 0.00025 1.795 17950 6.172e+14 425 5 1 1 
2.36079e+16 5.98593e-14 2.76297e-24 4.97118e+27 0.00025 1.795 17950 6.172e+14 426 5 1 1 
2.39165e+16 1.51741e-44 5.44899e-55 4.97118e+27 0.00025 1.795 17950 6.172e+14 427 5 1 1 
2.42251e+16 0 0 4.97118e+27 0.00025 1.795 17950 6.172e+14 428 5 1 1 
2.45337e+16 0 0 4.97118e+27 0.00025 1.795 17950 6.172e+14 429 5 1 1 
2.48423e+16 0 0 4.97118e+27 0.00025 1.795 17950 6.172e+14 430 5 1 1 
2.51509e+16 0 0 4.97118e+27 0.00025 1.795 17950 6.172e+14 431 5 1 1 
2.54595e+16 0 0 4.97118e+27 0.00025 1.795 17950 6.172e+14 432 5 1 1 
2.57681e+16 0 0 4.97118e+27 0.00025 1.795 17950 6.172e+14 433 5 1 1 
2.60767e+16 0 0 4.97118e+27 0.00025 1.795 17950 6.172e+14 434 5 1 1 
2.63853e+16 0 0 4.97118e+27 0.00025 1.795 17950 6.172e+14 435 5 1 1 
2.66939e+16 0 0 4.97118e+27 0.00025 1.795 17950 6.172e+14 436 5 1 1 
2.70025e+16 0 0 4.97118e+27 0.00025 1.795 17950 6.172e+14 437 5 1 1 
2.73111e+16 0 0 4.97118e+27 0.00025 1.795 17950 6.172e+14 438 5 1 1 
2.76197e+16 0 0 4.97118e+27 0.00025 1.795 17950 6.172e+14 439 5 1 1 
2.79283e+16 0 0 4.97118e+27 0.00025 1.795 17950 6.172e+14 440 5 1 1 
2.82369e+16 -2.10536e-44 -9.08165e-56 4.97118e+27 0.00025 1.795 17950 6.172e+14 441 5 1 1 
2.85455e+16 -9.49659e-44 -2.72449e-55 4.97118e+27 0.00025 1.795 17950 6.172e+14 442 5 1 1 
2.88541e+16 -2.81529e-13 -9.20989e-25 4.97118e+27 0.00025 1.795 17950 6.172e+14 443 5 1 1 
2.91627e+16 -9.06218e-13 -1.38148e-24 4.97118e+27 0.00025 1.795 17950 6.172e+14 444 5 1 1 
2.94713e+16 -2.39457e-12 -2.76297e-24 4.97118e+27 0.00025 1.795 17950 6.172e+14 445 5 1 1 
2.97799e+16 -5.51376e-12 -4.60494e-24 4.97118e+27 0.00025 1.795 17950 6.172e+14 446 5 1 1 
3.00885e+16 -1.17161e-11 -6.44692e-24 4.97118e+27 0.00025 1.795 17950 6.172e+14 447 5 1 1 
3.03971e+16 1.75459e-12 1.47358e-23 4.97118e+27 0.00025 1.795 17950 6.172e+14 448 5 1 1 
3.07057e+16 -9.18925e-12 1.47358e-23 4.97118e+27 0.00025 1.795 17950 6.172e+14 449 3 1 1 
3.10143e+16 9.18925e-12 -1.47358e-23 4.97118e+27 0.00025 1.795 17950 6.172e+14 450 3 1 1 
3.13229e+16 -1.75459e-12 -1.47358e-23 4.97118e+27 0.00025 1.795 17950 6.172e+14 451 5 1 1 
3.16315e+16 1.17161e-11 6.44692e-24 4.97118e+27 0.00025 1.795 17950 6.172e+14 452 5 1 1 
3.19401e+16 5.51376e-12 4.60494e-24 4.97118e+27 0.00025 1.795 17950 6.172e+14 453 5 1 1 
3.22487e+16 2.39457e-12 2.76297e-24 4.97118e+27 0.00025 1.795 17950 6.172e+14 454 5 1 1 
3.25573e+16 9.06218e-13 1.38148e-24 4.97118e+27 0.00025 1.795 17950 6.172e+14 455 5 1 1 
3.28659e+16 2.81529e-13 9.20989e-25 4.97118e+27 0.00025 1.795 17950 6.172e+14 456 5 1 1 
3.31745e+16 9.49659e-44 2.72449e-55 4.97118e+27 0.00025 1.795 17950 6.172e+14 457 5 1 1 
3.34831e+16 2.10536e-44 9.08165e-56 4.97118e+27 0.00025 1.795 17950 6.172e+14 458 5 1 1 
3.37917e+16 0 0 4.97118e+27 0.00025 1.795 17950 6.172e+14 459 5 1 1 
3.41003e+16 0 0 4.97118e+27 0.00025 1.795 17950 6.172e+14 460 5 1 1 
3.44089e+16 0 0 4.97118e+27 0.00025 1.795 17950 6.172e+14 461 5 1 1 
3.47175e+16 0 0 4.97118e+27 0.00025 1.795 17950 6.172e+14 462 5 1 1 
3.50261e+16 0 0 4.97118e+27 0.00025 1.795 17950 6.172e+14 463 5 1 1 
3.53347e+16 0 0 4.97118e+27 0.00025 1.795 17950 6.172e+14 464 5 1 1 
3.56433e+16 0 0 4.97118e+27 0.00025 1.795 17950 6.172e+14 465 5 1 1 
3.59519e+16 0 0 4.97118e+27 0.00025 1.795 17950 6.172e+14 466 5 1 1 
3.62605e+16 0 0 4.97118e+27 0.00025 1.795 17950 6.172e+14 467 5 1 1 
3.65691e+16 0 0 4.97118e+27 0.00025 1.795 17950 6.172e+14 468 5 1 1 
3.68777e+16 0 0 4.97118e+27 0.00025 1.795 17950 6.172e+14 469 5 1 1 
3.71863e+16 0 0 4.97118e+27 0.00025 1.795 17950 6.172e+14 470 5 1 1 
3.74949e+16 0 0 4.97118e+27 0.00025 1.795 17950 6.172e+14 471 5 1 1 
3.78035e+16 -2.19147e-44 -5.44899e-55 4.97118e+27 0.00025 1.795 17950 6.172e+14 472 5 1 1 
3.81121e+16 -8.12286e-14 -2.30247e-24 4.97118e+27 0.00025 1.795 17950 6.172e+14 473 5 1 1 
3.84207e+16 -9.48459e-13 -2.48667e-23 4.97118e+27 0.00025 1.795 17950 6.172e+14 474 5 1 1 
3.87293e+16 -5.30477e-11 -1.18992e-21 4.97118e+27 0.00025 1.795 17950 6.172e+14 475 4 1 1 
3.90379e+16 -1.00117e-09 -1.6657e-20 4.97118e+27 0.00025 1.795 17950 6.172e+14 476 4 1 1 
3.93465e+16 -1.28904e-08 -1.91373e-19 4.97118e+27 0.00025 1.795 17950 6.172e+14 477 4 1 1 
3.96551e+16 -1.40465e-07 -1.8819e-18 4.97118e+27 0.00025 1.795 17950 6.172e+14 478 4 1 1 
3.99637e+16 -1.32067e-06 -1.60981e-17 4.97118e+27 0.00025 1.795 17950 6.172e+14 479 4 1 1 
4.02723e+16 -1.09054e-05 -1.21522e-16 4.97118e+27 0.00025 1.795 17950 6.172e+14 480 4 1 1 
4.05809e+16 -7.98393e-05 -8.13683e-16 4.97118e+27 0.00025 1.795 17950 6.172e+14 481 4 1 1 
4.08895e+16 -0.000517785 -4.77653e-15 4.97118e+27 0.00025 1.795 17950 6.172e+14 482 4 1 1 
4.11981e+16 -0.00288475 -2.32544e-14 4.97118e+27 0.000250001 1.79501 17950 6.17198e+14 483 4 1 1 
4.15067e+16 -0.0115565 -6.10072e-14 4.97118e+27 0.000250001 1.79501 17950 6.17197e+14 484 3 1 1 
4.18153e+16 0.0327276 1.12519e-12 4.97118e+27 0.000249975 1.79475 17949.3 6.17261e+14 485 5 1 1 
4.2124e+16 0.720887 3.00752e-12 4.97118e+27 0.000249981 1.79479 17949.4 6.17246e+14 486 4 1 0.999826 
4.24325e+16 -3.50677 -7.48597e-11 4.97118e+27 0.000251677 1.81184 17998.7 6.13087e+14 487 4 1 0.994637 
4.27371e+16 -50.4178 -4.57698e-10 4.97118e+27 0.00026231 1.92222 18322.9 5.88234e+14 488 4 1 0.971098 
4.30222e+16 -203.294 -1.00343e-09 4.97118e+27 0.000293715 2.26776 19304.8 5.25339e+14 489 4 1 0.957305 
4.32673e+16 -418.486 -9.35544e-10 4.97118e+27 0.000345051 2.87393 20821.5 4.47181e+14 490 4 1 0.975731 
4.34737e+16 -561.623 -4.27571e-10 4.97118e+27 0.000394639 3.49615 22145.2 3.9099e+14 491 4 1 0.990855 
4.36596e+16 -623.47 -1.95711e-10 4.97118e+27 0.000426004 3.90336 22905.4 3.62203e+14 492 4 1 0.997395 
4.38362e+16 -654.415 -9.01844e-11 4.97118e+27 0.000442316 4.12137 23293.6 3.48846e+14 493 4 1 0.999579 
4.40085e+16 -666.857 -3.19507e-11 4.97118e+27 0.000449533 4.22436 23492.6 3.43245e+14 494 4 1 0.999991 
4.41794e+16 -671.555 -1.08313e-11 4.97118e+27 0.000451468 4.26275 23604.8 3.41774e+14 495 3 1 1 
4.43502e+16 -673.158 -3.05225e-12 4.97118e+27 0.000450871 4.27668 23713.4 3.42226e+14 496 4 1 1 
4.45216e+16 -673.792 -5.68773e-13 4.97118e+27 0.000449571 4.29728 23896.5 3.43216e+14 497 5 1 0.998653 
4.46935e+16 -674.129 2.95438e-13 4.97118e+27 0.000458243 4.49248 24509.3 3.36721e+14 498 4 1 0.993702 
4.48585e+16 -674.37 7.41885e-13 4.97118e+27 0.000480694 4.14841 21575.1 3.20994e+14 499 4 1 0.993721 
