# Time [s]: 0.0695128
# Columns: pos [m], vel [m/s], acc [m/s^2], mass [kg], dens [kg/m^3], pres [Pa], ene [J/kg], sml [m], id, neighbor, alpha, gradh, ...additional?
1.45543 -0.674425 0.0293455 0.0025 0.50625 0.439492 2.17033 0.00987655 0 4 1 0.994733 
1.46025 -0.674595 0.0344935 0.0025 0.530246 0.410787 1.93677 0.00942958 1 4 1 0.999684 
1.46486 -0.674781 0.0419112 0.0025 0.543271 0.426136 1.96097 0.00920351 2 4 1 0.99999 
1.46945 -0.675009 0.053067 0.0025 0.544777 0.427753 1.96298 0.00917808 3 4 1 1 
1.47404 -0.675308 0.07062 0.0025 0.545037 0.427833 1.9624 0.00917369 4 3 1 1 
1.47863 -0.675699 0.094644 0.0025 0.544925 0.427655 1.96199 0.00917557 5 4 1 1 
1.48321 -0.676222 0.1262 0.0025 0.544668 0.427344 1.96149 0.00917991 6 4 1 0.999999 
1.48781 -0.676931 0.166858 0.0025 0.544302 0.42692 1.96086 0.00918607 7 4 1 0.999999 
1.4924 -0.677848 0.219884 0.0025 0.543821 0.426374 1.96009 0.00919421 8 4 1 0.999998 
1.497 -0.678983 0.284733 0.0025 0.543199 0.425676 1.95912 0.00920473 9 4 1 0.999996 
-0.498395 -0.680458 0.309682 0.0025 0.542554 0.424957 1.95813 0.00921567 10 4 1 0.999996 
-0.493785 -0.681497 0.461804 0.0025 0.54185 0.424166 1.95704 0.00922765 11 5 1 0.999985 
-0.489167 -0.683367 -0.505237 0.0025 0.54274 0.425105 1.95824 0.00921252 12 4 1 0.999373 
-0.484572 -0.669617 -5.4012 0.0025 0.549882 0.432948 1.96848 0.00909287 13 4 1 0.99818 
-0.480073 -0.641096 -7.48205 0.0025 0.563639 0.448211 1.98805 0.00887093 14 4 1 0.998144 
-0.475699 -0.611738 -6.59105 0.0025 0.578845 0.465238 2.00932 0.0086379 15 4 1 0.998497 
-0.471434 -0.587248 -5.80942 0.0025 0.592815 0.481012 2.02853 0.00843434 16 4 1 0.998379 
-0.467264 -0.562884 -6.83391 0.0025 0.607129 0.497329 2.04794 0.00823548 17 4 1 0.997821 
-0.463197 -0.533413 -8.67632 0.0025 0.624109 0.516901 2.07063 0.00801142 18 4 1 0.997169 
-0.45925 -0.498528 -10.3552 0.0025 0.644367 0.54054 2.09725 0.00775955 19 4 1 0.996732 
-0.455435 -0.460188 -11.5032 0.0025 0.667232 0.567584 2.1267 0.00749365 20 4 1 0.996567 
-0.451754 -0.420328 -12.2277 0.0025 0.691745 0.596991 2.1576 0.00722809 21 4 1 0.996609 
-0.448204 -0.3804 -12.6205 0.0025 0.717122 0.627875 2.18891 0.00697231 22 4 1 0.996764 
-0.444779 -0.34113 -12.8435 0.0025 0.742833 0.659612 2.21996 0.00673099 23 4 1 0.996955 
-0.441471 -0.302903 -13.0175 0.0025 0.768619 0.691887 2.25046 0.00650518 24 4 1 0.997167 
-0.438272 -0.265903 -13.0779 0.0025 0.794307 0.724473 2.28024 0.00629479 25 4 1 0.99738 
-0.435174 -0.23012 -13.0977 0.0025 0.819763 0.757182 2.30918 0.00609933 26 4 1 0.997586 
-0.432171 -0.195659 -13.0461 0.0025 0.844906 0.789889 2.33724 0.00591782 27 4 1 0.997763 
-0.429255 -0.162523 -13.0739 0.0025 0.869757 0.822592 2.36448 0.00574873 28 4 1 0.997866 
-0.426421 -0.129992 -13.533 0.0025 0.894604 0.855689 2.39128 0.00558906 29 4 1 0.99806 
-0.423664 -0.0979712 -13.2767 0.0025 0.9191 0.888743 2.41732 0.00544011 30 4 1 0.998616 
-0.420979 -0.0703827 -10.1183 0.0025 0.940868 0.918317 2.43999 0.00531424 31 4 1 0.998886 
-0.41835 -0.0493566 -9.39067 0.0025 0.960055 0.944364 2.45955 0.00520804 32 4 1 0.998015 
-0.415771 -0.0205855 -18.1846 0.0025 0.984675 0.978524 2.48472 0.00507782 33 4 1 0.997486 
-0.41327 0.0217823 -19.4279 0.0025 1.01532 1.02201 2.5158 0.00492454 34 4 1 0.999529 
-0.410845 0.045552 -3.67643 0.0025 1.03481 1.04959 2.53495 0.00483182 35 4 1 1.00004 
-0.408438 0.0452795 1.79289 0.0025 1.03692 1.05225 2.53675 0.00482196 36 3 1 1.00001 
-0.406023 0.0394417 3.26835 0.0025 1.03198 1.04513 2.53182 0.00484508 37 4 1 0.999945 
-0.403593 0.0319473 3.80999 0.0025 1.02555 1.036 2.52545 0.00487542 38 4 1 0.999889 
-0.401148 0.0241173 3.80152 0.0025 1.01905 1.02678 2.51899 0.00490652 39 4 1 0.999879 
-0.398687 0.0169621 3.33204 0.0025 1.01326 1.0186 2.51322 0.00493455 40 4 1 0.999899 
-0.396213 0.0111312 2.61453 0.0025 1.00864 1.01208 2.5086 0.00495719 41 4 1 0.999933 
-0.39373 0.00683726 1.8613 0.0025 1.00527 1.00736 2.50525 0.00497377 42 4 1 0.999963 
-0.391239 0.00394565 1.21686 0.0025 1.00303 1.00422 2.50301 0.00498489 43 4 1 0.999983 
-0.388745 0.00214623 0.737866 0.0025 1.00164 1.00229 2.50163 0.0049918 44 4 1 0.999993 
-0.386247 0.0011029 0.417965 0.0025 1.00084 1.00117 2.50083 0.00499579 45 4 1 0.999998 
-0.383749 0.000536038 0.22218 0.0025 1.00041 1.00057 2.5004 0.00499795 46 4 1 0.999999 
-0.38125 0.000246458 0.111107 0.0025 1.00019 1.00026 2.50019 0.00499906 47 4 1 1 
-0.37875 0.000107136 0.0523192 0.0025 1.00008 1.00011 2.50008 0.00499959 48 4 1 1 
-0.37625 4.39826e-05 0.0231973 0.0025 1.00003 1.00005 2.50003 0.00499983 49 4 1 1 
-0.37375 1.70232e-05 0.00967628 0.0025 1.00001 1.00002 2.50001 0.00499993 50 4 1 1 
-0.37125 6.19771e-06 0.00379162 0.0025 1 1.00001 2.5 0.00499998 51 4 1 1 
-0.36875 2.11618e-06 0.00139263 0.0025 1 1 2.5 0.00499999 52 4 1 1 
-0.36625 6.74971e-07 0.000477987 0.0025 1 1 2.5 0.005 53 4 1 1 
-0.36375 2.00032e-07 0.000152666 0.0025 1 1 2.5 0.005 54 4 1 1 
-0.36125 5.4671e-08 4.51089e-05 0.0025 1 1 2.5 0.005 55 4 1 1 
-0.35875 1.3632e-08 1.22267e-05 0.0025 1 1 2.5 0.005 56 4 1 1 
-0.35625 3.04981e-09 3.0016e-06 0.0025 1 1 2.5 0.005 57 4 1 1 
-0.35375 5.95375e-10 6.539e-07 0.0025 1 1 2.5 0.005 58 4 1 1 
-0.35125 9.61327e-11 1.21818e-07 0.0025 1 1 2.5 0.005 59 4 1 1 
-0.34875 1.12815e-11 1.78866e-08 0.0025 1 1 2.5 0.005 60 4 1 1 
-0.34625 5.25467e-13 1.63283e-09 0.0025 1 1 2.5 0.005 61 4 1 1 
-0.34375 -2.65604e-14 -1.22782e-10 0.0025 1 1 2.5 0.005 62 5 1 1 
-0.34125 1.14226e-14 -4.03588e-12 0.0025 1 1 2.5 0.005 63 5 1 1 
-0.33875 4.65906e-15 2.95586e-12 0.0025 1 1 2.5 0.005 64 5 1 1 
-0.33625 9.59419e-16 9.09495e-13 0.0025 1 1 2.5 0.005 65 5 1 1 
-0.33375 1.02814e-16 2.27374e-13 0.0025 1 1 2.5 0.005 66 5 1 1 
-0.33125 2.02765e-47 4.48416e-44 0.0025 1 1 2.5 0.005 67 5 1 1 
-0.32875 0 0 0.0025 1 1 2.5 0.005 68 5 1 1 
-0.32625 0 0 0.0025 1 1 2.5 0.005 69 5 1 1 
-0.32375 0 0 0.0025 1 1 2.5 0.005 70 5 1 1 
-0.32125 0 0 0.0025 1 1 2.5 0.005 71 5 1 1 
-0.31875 0 0 0.0025 1 1 2.5 0.005 72 5 1 1 
-0.31625 0 0 0.0025 1 1 2.5 0.005 73 5 1 1 
-0.31375 0 0 0.0025 1 1 2.5 0.005 74 5 1 1 
-0.31125 0 0 0.0025 1 1 2.5 0.005 75 5 1 1 
-0.30875 0 0 0.0025 1 1 2.5 0.005 76 5 1 1 
-0.30625 0 0 0.0025 1 1 2.5 0.005 77 5 1 1 
-0.30375 0 0 0.0025 1 1 2.5 0.005 78 5 1 1 
-0.30125 0 0 0.0025 1 1 2.5 0.005 79 5 1 1 
-0.29875 0 0 0.0025 1 1 2.5 0.005 80 5 1 1 
-0.29625 0 0 0.0025 1 1 2.5 0.005 81 5 1 1 
-0.29375 0 0 0.0025 1 1 2.5 0.005 82 5 1 1 
-0.29125 0 0 0.0025 1 1 2.5 0.005 83 5 1 1 
-0.28875 0 0 0.0025 1 1 2.5 0.005 84 5 1 1 
-0.28625 0 0 0.0025 1 1 2.5 0.005 85 5 1 1 
-0.28375 0 0 0.0025 1 1 2.5 0.005 86 5 1 1 
-0.28125 0 0 0.0025 1 1 2.5 0.005 87 5 1 1 
-0.27875 0 0 0.0025 1 1 2.5 0.005 88 5 1 1 
-0.27625 0 0 0.0025 1 1 2.5 0.005 89 5 1 1 
-0.27375 0 0 0.0025 1 1 2.5 0.005 90 5 1 1 
-0.27125 0 0 0.0025 1 1 2.5 0.005 91 5 1 1 
-0.26875 0 0 0.0025 1 1 2.5 0.005 92 5 1 1 
-0.26625 0 0 0.0025 1 1 2.5 0.005 93 5 1 1 
-0.26375 0 0 0.0025 1 1 2.5 0.005 94 5 1 1 
-0.26125 0 0 0.0025 1 1 2.5 0.005 95 5 1 1 
-0.25875 0 0 0.0025 1 1 2.5 0.005 96 5 1 1 
-0.25625 0 0 0.0025 1 1 2.5 0.005 97 5 1 1 
-0.25375 0 0 0.0025 1 1 2.5 0.005 98 5 1 1 
-0.25125 0 0 0.0025 1 1 2.5 0.005 99 5 1 1 
-0.24875 0 0 0.0025 1 1 2.5 0.005 100 5 1 1 
-0.24625 0 0 0.0025 1 1 2.5 0.005 101 5 1 1 
-0.24375 0 0 0.0025 1 1 2.5 0.005 102 5 1 1 
-0.24125 0 0 0.0025 1 1 2.5 0.005 103 5 1 1 
-0.23875 0 0 0.0025 1 1 2.5 0.005 104 5 1 1 
-0.23625 0 0 0.0025 1 1 2.5 0.005 105 5 1 1 
-0.23375 0 0 0.0025 1 1 2.5 0.005 106 5 1 1 
-0.23125 0 0 0.0025 1 1 2.5 0.005 107 5 1 1 
-0.22875 0 0 0.0025 1 1 2.5 0.005 108 5 1 1 
-0.22625 0 0 0.0025 1 1 2.5 0.005 109 5 1 1 
-0.22375 0 0 0.0025 1 1 2.5 0.005 110 5 1 1 
-0.22125 0 0 0.0025 1 1 2.5 0.005 111 5 1 1 
-0.21875 0 0 0.0025 1 1 2.5 0.005 112 5 1 1 
-0.21625 0 0 0.0025 1 1 2.5 0.005 113 5 1 1 
-0.21375 0 0 0.0025 1 1 2.5 0.005 114 5 1 1 
-0.21125 0 0 0.0025 1 1 2.5 0.005 115 5 1 1 
-0.20875 0 0 0.0025 1 1 2.5 0.005 116 5 1 1 
-0.20625 0 0 0.0025 1 1 2.5 0.005 117 5 1 1 
-0.20375 0 0 0.0025 1 1 2.5 0.005 118 5 1 1 
-0.20125 0 0 0.0025 1 1 2.5 0.005 119 5 1 1 
-0.19875 0 0 0.0025 1 1 2.5 0.005 120 5 1 1 
-0.19625 0 0 0.0025 1 1 2.5 0.005 121 5 1 1 
-0.19375 0 0 0.0025 1 1 2.5 0.005 122 5 1 1 
-0.19125 0 0 0.0025 1 1 2.5 0.005 123 5 1 1 
-0.18875 0 0 0.0025 1 1 2.5 0.005 124 5 1 1 
-0.18625 0 0 0.0025 1 1 2.5 0.005 125 5 1 1 
-0.18375 0 0 0.0025 1 1 2.5 0.005 126 5 1 1 
-0.18125 0 0 0.0025 1 1 2.5 0.005 127 5 1 1 
-0.17875 0 0 0.0025 1 1 2.5 0.005 128 5 1 1 
-0.17625 0 0 0.0025 1 1 2.5 0.005 129 5 1 1 
-0.17375 0 0 0.0025 1 1 2.5 0.005 130 5 1 1 
-0.17125 0 0 0.0025 1 1 2.5 0.005 131 5 1 1 
-0.16875 0 0 0.0025 1 1 2.5 0.005 132 5 1 1 
-0.16625 0 0 0.0025 1 1 2.5 0.005 133 5 1 1 
-0.16375 0 0 0.0025 1 1 2.5 0.005 134 5 1 1 
-0.16125 0 0 0.0025 1 1 2.5 0.005 135 5 1 1 
-0.15875 0 0 0.0025 1 1 2.5 0.005 136 5 1 1 
-0.15625 0 0 0.0025 1 1 2.5 0.005 137 5 1 1 
-0.15375 0 0 0.0025 1 1 2.5 0.005 138 5 1 1 
-0.15125 0 0 0.0025 1 1 2.5 0.005 139 5 1 1 
-0.14875 0 0 0.0025 1 1 2.5 0.005 140 5 1 1 
-0.14625 0 0 0.0025 1 1 2.5 0.005 141 5 1 1 
-0.14375 0 0 0.0025 1 1 2.5 0.005 142 5 1 1 
-0.14125 0 0 0.0025 1 1 2.5 0.005 143 5 1 1 
-0.13875 0 0 0.0025 1 1 2.5 0.005 144 5 1 1 
-0.13625 0 0 0.0025 1 1 2.5 0.005 145 5 1 1 
-0.13375 0 0 0.0025 1 1 2.5 0.005 146 5 1 1 
-0.13125 0 0 0.0025 1 1 2.5 0.005 147 5 1 1 
-0.12875 0 0 0.0025 1 1 2.5 0.005 148 5 1 1 
-0.12625 0 0 0.0025 1 1 2.5 0.005 149 5 1 1 
-0.12375 0 0 0.0025 1 1 2.5 0.005 150 5 1 1 
-0.12125 0 0 0.0025 1 1 2.5 0.005 151 5 1 1 
-0.11875 0 0 0.0025 1 1 2.5 0.005 152 5 1 1 
-0.11625 0 0 0.0025 1 1 2.5 0.005 153 5 1 1 
-0.11375 0 0 0.0025 1 1 2.5 0.005 154 5 1 1 
-0.11125 0 0 0.0025 1 1 2.5 0.005 155 5 1 1 
-0.10875 0 0 0.0025 1 1 2.5 0.005 156 5 1 1 
-0.10625 0 0 0.0025 1 1 2.5 0.005 157 5 1 1 
-0.10375 0 0 0.0025 1 1 2.5 0.005 158 5 1 1 
-0.10125 0 0 0.0025 1 1 2.5 0.005 159 5 1 1 
-0.09875 0 0 0.0025 1 1 2.5 0.005 160 5 1 1 
-0.09625 0 0 0.0025 1 1 2.5 0.005 161 5 1 1 
-0.09375 0 0 0.0025 1 1 2.5 0.005 162 5 1 1 
-0.09125 0 0 0.0025 1 1 2.5 0.005 163 5 1 1 
-0.08875 0 0 0.0025 1 1 2.5 0.005 164 5 1 1 
-0.08625 0 0 0.0025 1 1 2.5 0.005 165 5 1 1 
-0.08375 0 0 0.0025 1 1 2.5 0.005 166 5 1 1 
-0.08125 0 0 0.0025 1 1 2.5 0.005 167 5 1 1 
-0.07875 0 0 0.0025 1 1 2.5 0.005 168 5 1 1 
-0.07625 0 0 0.0025 1 1 2.5 0.005 169 5 1 1 
-0.07375 0 0 0.0025 1 1 2.5 0.005 170 5 1 1 
-0.07125 0 0 0.0025 1 1 2.5 0.005 171 5 1 1 
-0.06875 0 0 0.0025 1 1 2.5 0.005 172 5 1 1 
-0.06625 0 0 0.0025 1 1 2.5 0.005 173 5 1 1 
-0.06375 0 0 0.0025 1 1 2.5 0.005 174 5 1 1 
-0.06125 0 0 0.0025 1 1 2.5 0.005 175 5 1 1 
-0.05875 -2.36485e-47 -1.12104e-44 0.0025 1 1 2.5 0.005 176 5 1 1 
-0.05625 -3.42536e-17 -1.12104e-44 0.0025 1 1 2.5 0.005 177 5 1 1 
-0.05375 -2.04788e-16 0 0.0025 1 1 2.5 0.005 178 5 1 1 
-0.05125 -3.91237e-16 -5.68434e-14 0.0025 1 1 2.5 0.005 179 5 1 1 
-0.04875 -5.59271e-16 5.68434e-14 0.0025 1 1 2.5 0.005 180 5 1 1 
-0.04625 -7.94516e-16 -5.68434e-14 0.0025 1 1 2.5 0.005 181 5 1 1 
-0.04375 -1.00991e-15 -2.24208e-44 0.0025 1 1 2.5 0.005 182 5 1 1 
-0.04125 -1.34087e-15 -1.12104e-44 0.0025 1 1 2.5 0.005 183 5 1 1 
-0.03875 -1.78317e-15 -5.68434e-14 0.0025 1 1 2.5 0.005 184 5 1 1 
-0.03625 -1.97677e-15 5.68434e-14 0.0025 1 1 2.5 0.005 185 5 1 1 
-0.03375 -3.60019e-15 -3.15544e-28 0.0025 1 1 2.5 0.005 186 4 1 1 
-0.03125 1.21609e-16 5.68434e-14 0.0025 1 1 2.5 0.005 187 3 1 1 
-0.02875 -8.03101e-17 -5.68434e-14 0.0025 1 1 2.5 0.005 188 3 1 1 
-0.02625 -9.65809e-16 5.68434e-14 0.0025 1 1 2.5 0.005 189 3 1 1 
-0.02375 1.29073e-15 3.15544e-28 0.0025 1 1 2.5 0.005 190 4 1 1 
-0.02125 7.7816e-17 -5.68434e-14 0.0025 1 1 2.5 0.005 191 5 1 1 
-0.01875 -6.60763e-17 -5.68434e-14 0.0025 1 1 2.5 0.005 192 5 1 1 
-0.01625 -1.95864e-15 -5.68434e-14 0.0025 1 1 2.5 0.005 193 4 1 1 
-0.01375 1.29483e-15 6.31089e-28 0.0025 1 1 2.5 0.005 194 3 1 1 
-0.01125 1.23939e-16 -5.68434e-14 0.0025 1 1 2.5 0.005 195 3 1 1 
-0.00875 -2.44599e-16 0 0.0025 1 1 2.5 0.005 196 3 1 1 
-0.00625 5.0621e-16 -5.68434e-14 0.0025 1 1 2.5 0.005 197 3 1 1 
-0.00375 -2.24693e-16 2.84217e-13 0.0025 1 1 2.5 0.005 198 3 1 1 
-0.00125 -1.61133e-17 -2.84217e-13 0.0025 1 1 2.5 0.005 199 3 1 1 
0.00125 -2.34138e-16 -1.13687e-13 0.0025 1 1 2.5 0.005 200 3 1 1 
0.00375 3.56466e-16 0 0.0025 1 1 2.5 0.005 201 3 1 1 
0.00625 1.85342e-16 5.68434e-14 0.0025 1 1 2.5 0.005 202 4 1 1 
0.00875 3.01642e-17 5.68434e-14 0.0025 1 1 2.5 0.005 203 3 1 1 
0.01125 -1.25091e-16 5.68434e-14 0.0025 1 1 2.5 0.005 204 3 1 1 
0.01375 4.79659e-16 -1.57772e-28 0.0025 1 1 2.5 0.005 205 4 1 1 
0.01625 -8.55806e-16 5.91646e-28 0.0025 1 1 2.5 0.005 206 4 1 1 
0.01875 -2.57656e-15 2.07076e-28 0.0025 1 1 2.5 0.005 207 5 1 1 
0.02125 -8.13417e-16 -5.91646e-28 0.0025 1 1 2.5 0.005 208 5 1 1 
0.02375 -2.41619e-15 -3.15544e-28 0.0025 1 1 2.5 0.005 209 4 1 1 
0.02625 1.6683e-15 2.76101e-28 0.0025 1 1 2.5 0.005 210 3 1 1 
0.02875 1.02495e-15 1.13687e-13 0.0025 1 1 2.5 0.005 211 3 1 1 
0.03125 4.5677e-15 -5.68434e-14 0.0025 1 1 2.5 0.005 212 4 1 1 
0.03375 2.79346e-15 5.68434e-14 0.0025 1 1 2.5 0.005 213 5 1 1 
0.03625 2.36219e-15 -5.68434e-14 0.0025 1 1 2.5 0.005 214 5 1 1 
0.03875 1.78257e-15 1.13687e-13 0.0025 1 1 2.5 0.005 215 5 1 1 
0.04125 1.31657e-15 2.24208e-44 0.0025 1 1 2.5 0.005 216 5 1 1 
0.04375 8.78719e-16 2.24208e-44 0.0025 1 1 2.5 0.005 217 5 1 1 
0.04625 6.44644e-16 2.24208e-44 0.0025 1 1 2.5 0.005 218 5 1 1 
0.04875 4.25057e-16 5.68434e-14 0.0025 1 1 2.5 0.005 219 5 1 1 
0.05125 2.55975e-16 -5.68434e-14 0.0025 1 1 2.5 0.005 220 5 1 1 
0.05375 8.55266e-17 5.68434e-14 0.0025 1 1 2.5 0.005 221 5 1 1 
0.05625 7.08722e-47 1.12104e-44 0.0025 1 1 2.5 0.005 222 5 1 1 
0.05875 0 0 0.0025 1 1 2.5 0.005 223 5 1 1 
0.06125 0 0 0.0025 1 1 2.5 0.005 224 5 1 1 
0.06375 0 0 0.0025 1 1 2.5 0.005 225 5 1 1 
0.06625 0 0 0.0025 1 1 2.5 0.005 226 5 1 1 
0.06875 0 0 0.0025 1 1 2.5 0.005 227 5 1 1 
0.07125 0 0 0.0025 1 1 2.5 0.005 228 5 1 1 
0.07375 0 0 0.0025 1 1 2.5 0.005 229 5 1 1 
0.07625 0 0 0.0025 1 1 2.5 0.005 230 5 1 1 
0.07875 0 0 0.0025 1 1 2.5 0.005 231 5 1 1 
0.08125 0 0 0.0025 1 1 2.5 0.005 232 5 1 1 
0.08375 0 0 0.0025 1 1 2.5 0.005 233 5 1 1 
0.08625 0 0 0.0025 1 1 2.5 0.005 234 5 1 1 
0.08875 0 0 0.0025 1 1 2.5 0.005 235 5 1 1 
0.09125 0 0 0.0025 1 1 2.5 0.005 236 5 1 1 
0.09375 -3.72555e-46 -1.12104e-44 0.0025 1 1 2.5 0.005 237 5 1 1 
0.09625 -1.69188e-16 0 0.0025 1 1 2.5 0.005 238 5 1 1 
0.09875 -3.37357e-16 1.12104e-44 0.0025 1 1 2.5 0.005 239 5 1 1 
0.10125 1.28002e-16 5.68434e-14 0.0025 1 1 2.5 0.005 240 5 1 1 
0.10375 -2.98977e-18 5.68434e-14 0.0025 1 1 2.5 0.005 241 5 1 1 
0.10625 2.98331e-15 1.13687e-13 0.0025 1 1 2.5 0.005 242 5 1 1 
0.10875 2.07945e-15 1.13687e-13 0.0025 1 1 2.5 0.005 243 5 1 1 
0.11125 1.89918e-15 -1.79366e-43 0.0025 1 1 2.5 0.005 244 5 1 1 
0.11375 -1.31656e-15 1.13687e-13 0.0025 1 1 2.5 0.005 245 5 1 1 
0.11625 3.47905e-16 -2.27374e-13 0.0025 1 1 2.5 0.005 246 5 1 1 
0.11875 -2.06781e-15 -2.84217e-13 0.0025 1 1 2.5 0.005 247 5 1 1 
0.12125 4.05346e-15 -1.7053e-13 0.0025 1 1 2.5 0.005 248 5 1 1 
0.12375 4.03696e-16 -1.7053e-13 0.0025 1 1 2.5 0.005 249 4 1 1 
0.12625 -4.03696e-16 1.7053e-13 0.0025 1 1 2.5 0.005 250 4 1 1 
0.12875 -4.05346e-15 1.7053e-13 0.0025 1 1 2.5 0.005 251 5 1 1 
0.13125 2.06781e-15 2.84217e-13 0.0025 1 1 2.5 0.005 252 5 1 1 
0.13375 -3.47905e-16 2.27374e-13 0.0025 1 1 2.5 0.005 253 5 1 1 
0.13625 1.31656e-15 -1.13687e-13 0.0025 1 1 2.5 0.005 254 5 1 1 
0.13875 -1.89918e-15 1.79366e-43 0.0025 1 1 2.5 0.005 255 5 1 1 
0.14125 -2.07945e-15 -1.13687e-13 0.0025 1 1 2.5 0.005 256 5 1 1 
0.14375 -2.98331e-15 -1.13687e-13 0.0025 1 1 2.5 0.005 257 5 1 1 
0.14625 2.98977e-18 -5.68434e-14 0.0025 1 1 2.5 0.005 258 5 1 1 
0.14875 -1.28002e-16 -5.68434e-14 0.0025 1 1 2.5 0.005 259 5 1 1 
0.15125 3.37357e-16 -1.12104e-44 0.0025 1 1 2.5 0.005 260 5 1 1 
0.15375 1.69188e-16 0 0.0025 1 1 2.5 0.005 261 5 1 1 
0.15625 3.72555e-46 1.12104e-44 0.0025 1 1 2.5 0.005 262 5 1 1 
0.15875 0 0 0.0025 1 1 2.5 0.005 263 5 1 1 
0.16125 0 0 0.0025 1 1 2.5 0.005 264 5 1 1 
0.16375 0 0 0.0025 1 1 2.5 0.005 265 5 1 1 
0.16625 0 0 0.0025 1 1 2.5 0.005 266 5 1 1 
0.16875 0 0 0.0025 1 1 2.5 0.005 267 5 1 1 
0.17125 0 0 0.0025 1 1 2.5 0.005 268 5 1 1 
0.17375 0 0 0.0025 1 1 2.5 0.005 269 5 1 1 
0.17625 0 0 0.0025 1 1 2.5 0.005 270 5 1 1 
0.17875 0 0 0.0025 1 1 2.5 0.005 271 5 1 1 
0.18125 0 0 0.0025 1 1 2.5 0.005 272 5 1 1 
0.18375 0 0 0.0025 1 1 2.5 0.005 273 5 1 1 
0.18625 0 0 0.0025 1 1 2.5 0.005 274 5 1 1 
0.18875 0 0 0.0025 1 1 2.5 0.005 275 5 1 1 
0.19125 0 0 0.0025 1 1 2.5 0.005 276 5 1 1 
0.19375 0 0 0.0025 1 1 2.5 0.005 277 5 1 1 
0.19625 0 0 0.0025 1 1 2.5 0.005 278 5 1 1 
0.19875 0 0 0.0025 1 1 2.5 0.005 279 5 1 1 
0.20125 -6.75876e-48 0 0.0025 1 1 2.5 0.005 280 5 1 1 
0.20375 -3.4271e-17 -1.12104e-44 0.0025 1 1 2.5 0.005 281 5 1 1 
0.20625 -1.53803e-16 -5.68434e-14 0.0025 1 1 2.5 0.005 282 5 1 1 
0.20875 -3.24262e-16 5.68434e-14 0.0025 1 1 2.5 0.005 283 5 1 1 
0.21125 -5.28077e-16 -5.68434e-14 0.0025 1 1 2.5 0.005 284 5 1 1 
0.21375 -7.64963e-16 5.68434e-14 0.0025 1 1 2.5 0.005 285 5 1 1 
0.21625 -9.65415e-16 -5.68434e-14 0.0025 1 1 2.5 0.005 286 5 1 1 
0.21875 -1.16355e-15 5.68434e-14 0.0025 1 1 2.5 0.005 287 5 1 1 
0.22125 7.97355e-16 2.84217e-13 0.0025 1 1 2.5 0.005 288 5 1 1 
0.22375 -2.4838e-16 2.84217e-13 0.0025 1 1 2.5 0.005 289 5 1 1 
0.22625 -5.64401e-17 -3.41061e-13 0.0025 1 1 2.5 0.005 290 5 1 1 
0.22875 -1.07503e-15 -2.27374e-13 0.0025 1 1 2.5 0.005 291 5 1 1 
0.23125 -1.0402e-15 2.27374e-13 0.0025 1 1 2.5 0.005 292 5 1 1 
0.23375 -3.16239e-15 2.84217e-13 0.0025 1 1 2.5 0.005 293 5 1 1 
0.23625 3.2797e-15 -5.68434e-14 0.0025 1 1 2.5 0.005 294 5 1 1 
0.23875 -2.51535e-16 -1.13687e-13 0.0025 1 1 2.5 0.005 295 5 1 1 
0.24125 -9.70625e-16 1.13687e-13 0.0025 1 1 2.5 0.005 296 5 1 1 
0.24375 -6.50493e-15 3.41061e-13 0.0025 1 1 2.5 0.005 297 5 1 1 
0.24625 6.2347e-15 1.7053e-13 0.0025 1 1 2.5 0.005 298 5 1 1 
0.24875 -4.57531e-16 1.13687e-13 0.0025 1 1 2.5 0.005 299 3 1 1 
0.25125 4.57531e-16 -1.13687e-13 0.0025 1 1 2.5 0.005 300 3 1 1 
0.25375 -6.2347e-15 -1.7053e-13 0.0025 1 1 2.5 0.005 301 5 1 1 
0.25625 6.50493e-15 -3.41061e-13 0.0025 1 1 2.5 0.005 302 5 1 1 
0.25875 9.70625e-16 -1.13687e-13 0.0025 1 1 2.5 0.005 303 5 1 1 
0.26125 2.51535e-16 1.13687e-13 0.0025 1 1 2.5 0.005 304 5 1 1 
0.26375 -3.2797e-15 5.68434e-14 0.0025 1 1 2.5 0.005 305 5 1 1 
0.26625 3.16239e-15 -2.84217e-13 0.0025 1 1 2.5 0.005 306 5 1 1 
0.26875 1.0402e-15 -2.27374e-13 0.0025 1 1 2.5 0.005 307 5 1 1 
0.27125 1.07503e-15 2.27374e-13 0.0025 1 1 2.5 0.005 308 5 1 1 
0.27375 5.64401e-17 3.41061e-13 0.0025 1 1 2.5 0.005 309 5 1 1 
0.27625 2.4838e-16 -2.84217e-13 0.0025 1 1 2.5 0.005 310 5 1 1 
0.27875 -7.97355e-16 -2.84217e-13 0.0025 1 1 2.5 0.005 311 5 1 1 
0.28125 1.16355e-15 -5.68434e-14 0.0025 1 1 2.5 0.005 312 5 1 1 
0.28375 9.65415e-16 5.68434e-14 0.0025 1 1 2.5 0.005 313 5 1 1 
0.28625 7.64963e-16 -5.68434e-14 0.0025 1 1 2.5 0.005 314 5 1 1 
0.28875 5.28077e-16 5.68434e-14 0.0025 1 1 2.5 0.005 315 5 1 1 
0.29125 3.24262e-16 -5.68434e-14 0.0025 1 1 2.5 0.005 316 5 1 1 
0.29375 1.53803e-16 5.68434e-14 0.0025 1 1 2.5 0.005 317 5 1 1 
0.29625 3.4271e-17 1.12104e-44 0.0025 1 1 2.5 0.005 318 5 1 1 
0.29875 6.75876e-48 0 0.0025 1 1 2.5 0.005 319 5 1 1 
0.30125 0 0 0.0025 1 1 2.5 0.005 320 5 1 1 
0.30375 0 0 0.0025 1 1 2.5 0.005 321 5 1 1 
0.30625 0 0 0.0025 1 1 2.5 0.005 322 5 1 1 
0.30875 0 0 0.0025 1 1 2.5 0.005 323 5 1 1 
0.31125 0 0 0.0025 1 1 2.5 0.005 324 5 1 1 
0.31375 0 0 0.0025 1 1 2.5 0.005 325 5 1 1 
0.31625 0 0 0.0025 1 1 2.5 0.005 326 5 1 1 
0.31875 0 0 0.0025 1 1 2.5 0.005 327 5 1 1 
0.32125 0 0 0.0025 1 1 2.5 0.005 328 5 1 1 
0.32375 0 0 0.0025 1 1 2.5 0.005 329 5 1 1 
0.32625 0 0 0.0025 1 1 2.5 0.005 330 5 1 1 
0.32875 0 0 0.0025 1 1 2.5 0.005 331 5 1 1 
0.33125 -2.02765e-47 -4.48416e-44 0.0025 1 1 2.5 0.005 332 5 1 1 
0.33375 -1.02814e-16 -2.27374e-13 0.0025 1 1 2.5 0.005 333 5 1 1 
0.33625 -9.59419e-16 -9.09495e-13 0.0025 1 1 2.5 0.005 334 5 1 1 
0.33875 -4.65906e-15 -2.95586e-12 0.0025 1 1 2.5 0.005 335 5 1 1 
0.34125 -1.14226e-14 4.03588e-12 0.0025 1 1 2.5 0.005 336 5 1 1 
0.34375 2.65604e-14 1.22782e-10 0.0025 1 1 2.5 0.005 337 5 1 1 
0.34625 -5.25467e-13 -1.63283e-09 0.0025 1 1 2.5 0.005 338 4 1 1 
0.34875 -1.12815e-11 -1.78866e-08 0.0025 1 1 2.5 0.005 339 4 1 1 
0.35125 -9.61327e-11 -1.21818e-07 0.0025 1 1 2.5 0.005 340 4 1 1 
0.35375 -5.95375e-10 -6.539e-07 0.0025 1 1 2.5 0.005 341 4 1 1 
0.35625 -3.04981e-09 -3.0016e-06 0.0025 1 1 2.5 0.005 342 4 1 1 
0.35875 -1.3632e-08 -1.22267e-05 0.0025 1 1 2.5 0.005 343 4 1 1 
0.36125 -5.4671e-08 -4.51089e-05 0.0025 1 1 2.5 0.005 344 4 1 1 
0.36375 -2.00032e-07 -0.000152666 0.0025 1 1 2.5 0.005 345 4 1 1 
0.36625 -6.74971e-07 -0.000477987 0.0025 1 1 2.5 0.005 346 4 1 1 
0.36875 -2.11618e-06 -0.00139263 0.0025 1 1 2.5 0.00499999 347 4 1 1 
0.37125 -6.19771e-06 -0.00379162 0.0025 1 1.00001 2.5 0.00499998 348 4 1 1 
0.37375 -1.70232e-05 -0.00967628 0.0025 1.00001 1.00002 2.50001 0.00499993 349 4 1 1 
0.37625 -4.39826e-05 -0.0231973 0.0025 1.00003 1.00005 2.50003 0.00499983 350 4 1 1 
0.37875 -0.000107136 -0.0523192 0.0025 1.00008 1.00011 2.50008 0.00499959 351 4 1 1 
0.38125 -0.000246458 -0.111107 0.0025 1.00019 1.00026 2.50019 0.00499906 352 4 1 1 
0.383749 -0.000536038 -0.22218 0.0025 1.00041 1.00057 2.5004 0.00499795 353 4 1 0.999999 
0.386247 -0.0011029 -0.417965 0.0025 1.00084 1.00117 2.50083 0.00499579 354 4 1 0.999998 
0.388745 -0.00214623 -0.737866 0.0025 1.00164 1.00229 2.50163 0.0049918 355 4 1 0.999993 
0.391239 -0.00394565 -1.21686 0.0025 1.00303 1.00422 2.50301 0.00498489 356 4 1 0.999983 
0.39373 -0.00683726 -1.8613 0.0025 1.00527 1.00736 2.50525 0.00497377 357 4 1 0.999963 
0.396213 -0.0111312 -2.61453 0.0025 1.00864 1.01208 2.5086 0.00495719 358 4 1 0.999933 
0.398687 -0.0169621 -3.33204 0.0025 1.01326 1.0186 2.51322 0.00493455 359 4 1 0.999899 
0.401148 -0.0241173 -3.80152 0.0025 1.01905 1.02678 2.51899 0.00490652 360 4 1 0.999879 
0.403593 -0.0319473 -3.80999 0.0025 1.02555 1.036 2.52545 0.00487542 361 4 1 0.999889 
0.406023 -0.0394417 -3.26835 0.0025 1.03198 1.04513 2.53182 0.00484508 362 4 1 0.999945 
0.408438 -0.0452795 -1.79289 0.0025 1.03692 1.05225 2.53675 0.00482196 363 3 1 1.00001 
0.410845 -0.045552 3.67643 0.0025 1.03481 1.04959 2.53495 0.00483182 364 4 1 1.00004 
0.41327 -0.0217823 19.4279 0.0025 1.01532 1.02201 2.5158 0.00492454 365 4 1 0.999529 
0.415771 0.0205855 18.1846 0.0025 0.984675 0.978524 2.48472 0.00507782 366 4 1 0.997486 
0.41835 0.0493566 9.39067 0.0025 0.960055 0.944364 2.45955 0.00520804 367 4 1 0.998015 
0.420979 0.0703827 10.1183 0.0025 0.940868 0.918317 2.43999 0.00531424 368 4 1 0.998886 
0.423664 0.0979712 13.2767 0.0025 0.9191 0.888743 2.41732 0.00544011 369 4 1 0.998616 
0.426421 0.129992 13.533 0.0025 0.894604 0.855689 2.39128 0.00558906 370 4 1 0.99806 
0.429255 0.162523 13.0739 0.0025 0.869757 0.822592 2.36448 0.00574873 371 4 1 0.997866 
0.432171 0.195659 13.0461 0.0025 0.844906 0.789889 2.33724 0.00591782 372 4 1 0.997763 
0.435174 0.23012 13.0977 0.0025 0.819763 0.757182 2.30918 0.00609933 373 4 1 0.997586 
0.438272 0.265903 13.0779 0.0025 0.794307 0.724473 2.28024 0.00629479 374 4 1 0.99738 
0.441471 0.302903 13.0175 0.0025 0.768619 0.691887 2.25046 0.00650518 375 4 1 0.997167 
0.444779 0.34113 12.8435 0.0025 0.742833 0.659612 2.21996 0.00673099 376 4 1 0.996955 
0.448204 0.3804 12.6205 0.0025 0.717122 0.627875 2.18891 0.00697231 377 4 1 0.996764 
0.451754 0.420328 12.2277 0.0025 0.691745 0.596991 2.1576 0.00722809 378 4 1 0.996609 
0.455435 0.460188 11.5032 0.0025 0.667232 0.567584 2.1267 0.00749365 379 4 1 0.996567 
0.45925 0.498528 10.3552 0.0025 0.644367 0.54054 2.09725 0.00775955 380 4 1 0.996732 
0.463197 0.533413 8.67632 0.0025 0.624109 0.516901 2.07063 0.00801142 381 4 1 0.997169 
0.467264 0.562884 6.83391 0.0025 0.607129 0.497329 2.04794 0.00823548 382 4 1 0.997821 
0.471434 0.587248 5.80942 0.0025 0.592815 0.481012 2.02853 0.00843434 383 4 1 0.998379 
0.475699 0.611738 6.59105 0.0025 0.578845 0.465238 2.00932 0.0086379 384 4 1 0.998497 
0.480073 0.641096 7.48205 0.0025 0.563639 0.448211 1.98805 0.00887093 385 4 1 0.998144 
0.484572 0.669617 5.4012 0.0025 0.549882 0.432948 1.96848 0.00909287 386 4 1 0.99818 
0.489167 0.683367 0.505237 0.0025 0.54274 0.425105 1.95824 0.00921252 387 4 1 0.999373 
0.493785 0.681497 -0.461804 0.0025 0.54185 0.424166 1.95704 0.00922765 388 5 1 0.999985 
0.498395 0.680458 -0.309682 0.0025 0.542554 0.424957 1.95813 0.00921567 389 4 1 0.999996 
0.503 0.678983 -0.284733 0.0025 0.543199 0.425676 1.95912 0.00920473 390 4 1 0.999996 
0.5076 0.677848 -0.219884 0.0025 0.543821 0.426374 1.96009 0.00919421 391 4 1 0.999998 
0.512195 0.676931 -0.166858 0.0025 0.544302 0.42692 1.96086 0.00918607 392 4 1 0.999999 
0.516786 0.676222 -0.1262 0.0025 0.544668 0.427344 1.96149 0.00917991 393 4 1 0.999999 
0.521375 0.675699 -0.094644 0.0025 0.544925 0.427655 1.96199 0.00917557 394 4 1 1 
0.525961 0.675308 -0.07062 0.0025 0.545037 0.427833 1.9624 0.00917369 395 3 1 1 
0.530548 0.675009 -0.053067 0.0025 0.544777 0.427753 1.96298 0.00917808 396 4 1 1 
0.53514 0.674781 -0.0419112 0.0025 0.543271 0.426136 1.96097 0.00920351 397 4 1 0.99999 
0.539752 0.674595 -0.0344935 0.0025 0.530246 0.410787 1.93677 0.00942958 398 4 1 0.999684 
0.544574 0.674425 -0.0293455 0.0025 0.50625 0.439492 2.17033 0.00987655 399 4 1 0.994733 
0.549635 0.674254 -0.0244075 0.0025 0.480783 0.414948 2.15767 0.0103997 400 4 1 0.993721 
0.554983 0.674065 -0.016035 0.0025 0.458342 0.449384 2.45114 0.0109089 401 4 1 0.993708 
0.56055 0.673829 4.68525e-05 0.0025 0.44972 0.429927 2.38997 0.011118 402 5 1 0.998661 
0.566101 0.67346 0.0363322 0.0025 0.451193 0.428096 2.37202 0.0110817 403 4 1 0.999988 
0.571632 0.672642 0.146216 0.0025 0.452358 0.42745 2.36234 0.0110532 404 3 1 1 
0.577154 0.670371 0.504666 0.0025 0.451955 0.425625 2.35433 0.011063 405 4 1 1.00001 
0.582695 0.663964 1.36406 0.0025 0.4485 0.420252 2.34249 0.0111483 406 4 1 0.999917 
0.588303 0.647013 3.74165 0.0025 0.438796 0.406978 2.31864 0.0113948 407 4 1 0.99917 
0.594092 0.608913 7.36572 0.0025 0.418757 0.380582 2.27191 0.0119401 408 4 1 0.995986 
0.600256 0.529936 17.2758 0.0025 0.3819 0.333199 2.18095 0.0130924 409 4 1 0.987625 
0.607247 0.359563 31.6448 0.0025 0.329662 0.268696 2.03766 0.015167 410 4 1 0.96962 
0.615586 0.14996 26.9279 0.0025 0.28265 0.214315 1.89588 0.0176897 411 4 1 0.957668 
0.625064 0.0298119 9.65416 0.0025 0.257918 0.187604 1.81867 0.019386 412 4 1 0.979125 
0.634996 0.00089925 1.11978 0.0025 0.250826 0.180325 1.79737 0.0199341 413 4 1 0.997391 
0.644999 -0.000481031 -0.128601 0.0025 0.24995 0.179449 1.79485 0.020004 414 5 1 0.999952 
0.655 1.15262e-06 -0.0131612 0.0025 0.249988 0.179488 1.79497 0.0200009 415 4 1 1 
0.665 8.26391e-06 0.00141796 0.0025 0.250001 0.179501 1.795 0.0199999 416 3 1 1 
0.675 1.90143e-06 0.000472929 0.0025 0.25 0.1795 1.795 0.02 417 4 1 1 
0.685 3.37867e-07 9.6004e-05 0.0025 0.25 0.1795 1.795 0.02 418 4 1 1 
0.695 5.27425e-08 1.63475e-05 0.0025 0.25 0.1795 1.795 0.02 419 4 1 1 
0.705 7.37345e-09 2.48434e-06 0.0025 0.25 0.1795 1.795 0.02 420 4 1 1 
0.715 9.21672e-10 3.37991e-07 0.0025 0.25 0.1795 1.795 0.02 421 4 1 1 
0.725 1.02201e-10 4.09303e-08 0.0025 0.25 0.1795 1.795 0.02 422 4 1 1 
0.735 9.92849e-12 4.36627e-09 0.0025 0.25 0.1795 1.795 0.02 423 4 1 1 
0.745 8.19177e-13 4.02011e-10 0.0025 0.25 0.1795 1.795 0.02 424 4 1 1 
0.755 5.32228e-14 3.2486e-11 0.0025 0.25 0.1795 1.795 0.02 425 4 1 1 
0.765 1.23741e-15 8.3844e-13 0.0025 0.25 0.1795 1.795 0.02 426 5 1 1 
0.775 8.5655e-17 8.52651e-14 0.0025 0.25 0.1795 1.795 0.02 427 5 1 1 
0.785 2.36435e-47 1.68156e-44 0.0025 0.25 0.1795 1.795 0.02 428 5 1 1 
0.795 0 0 0.0025 0.25 0.1795 1.795 0.02 429 5 1 1 
0.805 0 0 0.0025 0.25 0.1795 1.795 0.02 430 5 1 1 
0.815 0 0 0.0025 0.25 0.1795 1.795 0.02 431 5 1 1 
0.825 0 0 0.0025 0.25 0.1795 1.795 0.02 432 5 1 1 
0.835 0 0 0.0025 0.25 0.1795 1.795 0.02 433 5 1 1 
0.845 0 0 0.0025 0.25 0.1795 1.795 0.02 434 5 1 1 
0.855 0 0 0.0025 0.25 0.1795 1.795 0.02 435 5 1 1 
0.865 0 0 0.0025 0.25 0.1795 1.795 0.02 436 5 1 1 
0.875 0 0 0.0025 0.25 0.1795 1.795 0.02 437 5 1 1 
0.885 0 0 0.0025 0.25 0.1795 1.795 0.02 438 5 1 1 
0.895 0 0 0.0025 0.25 0.1795 1.795 0.02 439 5 1 1 
0.905 0 0 0.0025 0.25 0.1795 1.795 0.02 440 5 1 1 
0.915 -3.4559e-47 -2.8026e-45 0.0025 0.25 0.1795 1.795 0.02 441 5 1 1 
0.925 -3.85345e-17 -1.42109e-14 0.0025 0.25 0.1795 1.795 0.02 442 5 1 1 
0.935 -3.79955e-16 -1.42109e-14 0.0025 0.25 0.1795 1.795 0.02 443 5 1 1 
0.945 -1.12451e-15 -5.68434e-14 0.0025 0.25 0.1795 1.795 0.02 444 5 1 1 
0.955 -2.80117e-15 -9.9476e-14 0.0025 0.25 0.1795 1.795 0.02 445 5 1 1 
0.965 -6.26707e-15 -1.42109e-13 0.0025 0.25 0.1795 1.795 0.02 446 5 1 1 
0.975 -1.25977e-14 -1.7053e-13 0.0025 0.25 0.1795 1.795 0.02 447 5 1 1 
0.985 3.94596e-15 4.54747e-13 0.0025 0.25 0.1795 1.795 0.02 448 5 1 1 
0.995 -6.99788e-15 4.54747e-13 0.0025 0.25 0.1795 1.795 0.02 449 3 1 1 
1.005 6.99788e-15 -4.54747e-13 0.0025 0.25 0.1795 1.795 0.02 450 3 1 1 
1.015 -3.94596e-15 -4.54747e-13 0.0025 0.25 0.1795 1.795 0.02 451 5 1 1 
1.025 1.25977e-14 1.7053e-13 0.0025 0.25 0.1795 1.795 0.02 452 5 1 1 
1.035 6.26707e-15 1.42109e-13 0.0025 0.25 0.1795 1.795 0.02 453 5 1 1 
1.045 2.80117e-15 9.9476e-14 0.0025 0.25 0.1795 1.795 0.02 454 5 1 1 
1.055 1.12451e-15 5.68434e-14 0.0025 0.25 0.1795 1.795 0.02 455 5 1 1 
1.065 3.79955e-16 1.42109e-14 0.0025 0.25 0.1795 1.795 0.02 456 5 1 1 
1.075 3.85345e-17 1.42109e-14 0.0025 0.25 0.1795 1.795 0.02 457 5 1 1 
1.085 3.4559e-47 2.8026e-45 0.0025 0.25 0.1795 1.795 0.02 458 5 1 1 
1.095 0 0 0.0025 0.25 0.1795 1.795 0.02 459 5 1 1 
1.105 0 0 0.0025 0.25 0.1795 1.795 0.02 460 5 1 1 
1.115 0 0 0.0025 0.25 0.1795 1.795 0.02 461 5 1 1 
1.125 0 0 0.0025 0.25 0.1795 1.795 0.02 462 5 1 1 
1.135 0 0 0.0025 0.25 0.1795 1.795 0.02 463 5 1 1 
1.145 0 0 0.0025 0.25 0.1795 1.795 0.02 464 5 1 1 
1.155 0 0 0.0025 0.25 0.1795 1.795 0.02 465 5 1 1 
1.165 0 0 0.0025 0.25 0.1795 1.795 0.02 466 5 1 1 
1.175 0 0 0.0025 0.25 0.1795 1.795 0.02 467 5 1 1 
1.185 0 0 0.0025 0.25 0.1795 1.795 0.02 468 5 1 1 
1.195 0 0 0.0025 0.25 0.1795 1.795 0.02 469 5 1 1 
1.205 0 0 0.0025 0.25 0.1795 1.795 0.02 470 5 1 1 
1.215 -2.70203e-47 -1.68156e-44 0.0025 0.25 0.1795 1.795 0.02 471 5 1 1 
1.225 -1.02779e-16 -8.52651e-14 0.0025 0.25 0.1795 1.795 0.02 472 5 1 1 
1.235 -1.25436e-15 -7.53175e-13 0.0025 0.25 0.1795 1.795 0.02 473 5 1 1 
1.245 -4.87663e-14 -3.1676e-11 0.0025 0.25 0.1795 1.795 0.02 474 4 1 1 
1.255 -8.27573e-13 -4.04768e-10 0.0025 0.25 0.1795 1.795 0.02 475 4 1 1 
1.265 -9.91999e-12 -4.3629e-09 0.0025 0.25 0.1795 1.795 0.02 476 4 1 1 
1.275 -1.02184e-10 -4.09294e-08 0.0025 0.25 0.1795 1.795 0.02 477 4 1 1 
1.285 -9.2168e-10 -3.37996e-07 0.0025 0.25 0.1795 1.795 0.02 478 4 1 1 
1.295 -7.37346e-09 -2.48434e-06 0.0025 0.25 0.1795 1.795 0.02 479 4 1 1 
1.305 -5.27425e-08 -1.63475e-05 0.0025 0.25 0.1795 1.795 0.02 480 4 1 1 
1.315 -3.37867e-07 -9.6004e-05 0.0025 0.25 0.1795 1.795 0.02 481 4 1 1 
1.325 -1.90143e-06 -0.000472929 0.0025 0.25 0.1795 1.795 0.02 482 4 1 1 
1.335 -8.26391e-06 -0.00141796 0.0025 0.250001 0.179501 1.795 0.0199999 483 3 1 1 
1.345 -1.15262e-06 0.0131612 0.0025 0.249988 0.179488 1.79497 0.0200009 484 4 1 1 
1.355 0.000481031 0.128601 0.0025 0.24995 0.179449 1.79485 0.020004 485 5 1 0.999952 
1.365 -0.00089925 -1.11978 0.0025 0.250826 0.180325 1.79737 0.0199341 486 4 1 0.997391 
1.37494 -0.0298119 -9.65416 0.0025 0.257918 0.187604 1.81867 0.019386 487 4 1 0.979125 
1.38441 -0.14996 -26.9279 0.0025 0.28265 0.214315 1.89588 0.0176897 488 4 1 0.957668 
1.39275 -0.359563 -31.6448 0.0025 0.329662 0.268696 2.03766 0.015167 489 4 1 0.96962 
1.39974 -0.529936 -17.2758 0.0025 0.3819 0.333199 2.18095 0.0130924 490 4 1 0.987625 
1.40591 -0.608913 -7.36572 0.0025 0.418757 0.380582 2.27191 0.0119401 491 4 1 0.995986 
1.4117 -0.647013 -3.74165 0.0025 0.438796 0.406978 2.31864 0.0113948 492 4 1 0.99917 
1.41731 -0.663964 -1.36406 0.0025 0.4485 0.420252 2.34249 0.0111483 493 4 1 0.999917 
1.42285 -0.670371 -0.504666 0.0025 0.451955 0.425625 2.35433 0.011063 494 4 1 1.00001 
1.42837 -0.672642 -0.146216 0.0025 0.452358 0.42745 2.36234 0.0110532 495 3 1 1 
1.4339 -0.67346 -0.0363322 0.0025 0.451193 0.428096 2.37202 0.0110817 496 4 1 0.999988 
1.43945 -0.673829 -4.68524e-05 0.0025 0.44972 0.429927 2.38997 0.011118 497 5 1 0.998661 
1.44502 -0.674065 0.016035 0.0025 0.458342 0.449384 2.45114 0.0109089 498 4 1 0.993708 
1.45036 -0.674254 0.0244075 0.0025 0.480783 0.414948 2.15767 0.0103997 499 4 1 0.993721 
