# Time [s]: 0.0707183
# Columns: pos [m], vel [m/s], acc [m/s^2], mass [kg], dens [kg/m^3], pres [Pa], ene [J/kg], sml [m], id, neighbor, alpha, gradh, ...additional?
1.45461 -0.67439 0.0288338 0.0025 0.506271 0.439517 2.17037 0.00987614 0 4 1 0.994732 
1.45944 -0.674554 0.0333424 0.0025 0.53027 0.410812 1.93681 0.00942916 1 4 1 0.999683 
1.46405 -0.674731 0.0398051 0.0025 0.5433 0.426168 1.96102 0.00920303 2 4 1 0.99999 
1.46864 -0.674947 0.0497747 0.0025 0.544813 0.427794 1.96303 0.00917746 3 4 1 1 
1.47322 -0.675225 0.0659961 0.0025 0.545085 0.427886 1.96247 0.00917289 4 3 1 1 
1.47781 -0.675589 0.0877496 0.0025 0.544989 0.427725 1.96208 0.00917451 5 4 1 1 
1.4824 -0.676076 0.116138 0.0025 0.544753 0.427437 1.96161 0.00917848 6 4 1 1 
1.48699 -0.676736 0.156039 0.0025 0.544414 0.427044 1.96102 0.00918418 7 4 1 0.999999 
1.49158 -0.67759 0.207652 0.0025 0.543962 0.42653 1.96029 0.00919181 8 4 1 0.999998 
1.49618 -0.678657 0.258286 0.0025 0.54338 0.425875 1.95938 0.00920166 9 4 1 0.999997 
-0.499215 -0.680063 0.339606 0.0025 0.542728 0.425146 1.95837 0.00921272 10 4 1 0.999996 
-0.494606 -0.681101 0.221649 0.0025 0.54208 0.424423 1.95738 0.00922374 11 5 1 0.999996 
-0.489991 -0.683379 0.407906 0.0025 0.542127 0.424442 1.95737 0.00922292 12 4 1 0.999681 
-0.485383 -0.675374 -4.13088 0.0025 0.547104 0.429885 1.96449 0.00913903 13 4 1 0.998466 
-0.480852 -0.649958 -7.18224 0.0025 0.559306 0.443387 1.98191 0.00893965 14 4 1 0.998076 
-0.476442 -0.619907 -6.95481 0.0025 0.574459 0.460309 2.00321 0.00870384 15 4 1 0.998439 
-0.472146 -0.594263 -5.8535 0.0025 0.588705 0.476357 2.0229 0.00849322 16 4 1 0.998499 
-0.467947 -0.570786 -6.29324 0.0025 0.602511 0.492046 2.0417 0.00829861 17 4 1 0.998074 
-0.463846 -0.543443 -7.96764 0.0025 0.618299 0.510177 2.0629 0.0080867 18 4 1 0.997434 
-0.459859 -0.51063 -9.71924 0.0025 0.637272 0.532225 2.08798 0.00784594 19 4 1 0.996932 
-0.455998 -0.47375 -10.9928 0.0025 0.659053 0.557866 2.11623 0.00758664 20 4 1 0.996689 
-0.452269 -0.434831 -11.8301 0.0025 0.682735 0.586132 2.14632 0.00732349 21 4 1 0.996675 
-0.448672 -0.395417 -12.2915 0.0025 0.707481 0.616088 2.17709 0.00706733 22 4 1 0.996794 
-0.445199 -0.356444 -12.5643 0.0025 0.732698 0.647047 2.20779 0.00682409 23 4 1 0.996966 
-0.441845 -0.31844 -12.7569 0.0025 0.758074 0.678634 2.23806 0.00659566 24 4 1 0.997168 
-0.438602 -0.281519 -12.8299 0.0025 0.7834 0.710583 2.26766 0.00638244 25 4 1 0.997371 
-0.435461 -0.245781 -12.883 0.0025 0.80854 0.74271 2.29648 0.00618398 26 4 1 0.997568 
-0.432416 -0.211286 -12.8784 0.0025 0.833429 0.774911 2.32449 0.00599931 27 4 1 0.99776 
-0.42946 -0.178105 -12.7977 0.0025 0.857987 0.807056 2.35164 0.00582759 28 4 1 0.997895 
-0.426587 -0.145991 -13.0154 0.0025 0.882363 0.839328 2.37812 0.0056666 29 4 1 0.997988 
-0.423792 -0.11416 -13.4595 0.0025 0.906803 0.872093 2.40429 0.00551388 30 4 1 0.998322 
-0.421072 -0.0837816 -12.0539 0.0025 0.930083 0.903663 2.42883 0.00537586 31 4 1 0.998879 
-0.418416 -0.0599486 -8.64757 0.0025 0.949878 0.93055 2.44921 0.00526383 32 4 1 0.998724 
-0.415808 -0.0387214 -11.987 0.0025 0.969767 0.957709 2.46945 0.00515588 33 4 1 0.99757 
-0.413259 -0.00319314 -20.9254 0.0025 0.997672 0.996898 2.49798 0.00501167 34 4 1 0.998283 
-0.410794 0.0355252 -13.2791 0.0025 1.02553 1.03651 2.52593 0.00487551 35 4 1 0.99997 
-0.408383 0.0465214 -0.0460756 0.0025 1.0371 1.05267 2.53705 0.00482115 36 3 1 1 
-0.405973 0.0429672 2.60267 0.0025 1.03506 1.04954 2.53487 0.00483066 37 4 1 1.00001 
-0.403552 0.0363668 3.48406 0.0025 1.02934 1.04138 2.52921 0.00485748 38 4 1 0.999918 
-0.401116 0.0287216 3.81588 0.0025 1.02287 1.03219 2.52279 0.00488821 39 4 1 0.999884 
-0.398664 0.0211581 3.61157 0.0025 1.01665 1.02339 2.5166 0.00491809 40 4 1 0.999887 
-0.396198 0.0145423 3.03754 0.0025 1.01134 1.01589 2.5113 0.00494393 41 4 1 0.999914 
-0.39372 0.00934578 2.30178 0.0025 1.00724 1.01012 2.50721 0.00496407 42 4 1 0.999946 
-0.391234 0.00563519 1.59224 0.0025 1.00434 1.00606 2.50432 0.00497839 43 4 1 0.999972 
-0.388741 0.00319938 1.01665 0.0025 1.00246 1.00342 2.50244 0.00498775 44 4 1 0.999988 
-0.386246 0.00171532 0.604447 0.0025 1.00131 1.00183 2.5013 0.00499344 45 4 1 0.999996 
-0.383748 0.000870047 0.33668 0.0025 1.00066 1.00092 2.50066 0.00499668 46 4 1 0.999999 
-0.381249 0.00041784 0.176342 0.0025 1.00032 1.00044 2.50032 0.00499841 47 4 1 1 
-0.37875 0.000189989 0.0870135 0.0025 1.00015 1.0002 2.50014 0.00499927 48 4 1 1 
-0.37625 8.17324e-05 0.040474 0.0025 1.00006 1.00009 2.50006 0.00499969 49 4 1 1 
-0.37375 3.32256e-05 0.017742 0.0025 1.00003 1.00004 2.50002 0.00499987 50 4 1 1 
-0.37125 1.27411e-05 0.00732239 0.0025 1.00001 1.00001 2.50001 0.00499995 51 4 1 1 
-0.36875 4.59824e-06 0.0028408 0.0025 1 1 2.5 0.00499998 52 4 1 1 
-0.36625 1.55706e-06 0.00103368 0.0025 1 1 2.5 0.00499999 53 4 1 1 
-0.36375 4.92721e-07 0.000351669 0.0025 1 1 2.5 0.005 54 4 1 1 
-0.36125 1.44917e-07 0.000111386 0.0025 1 1 2.5 0.005 55 4 1 1 
-0.35875 3.93163e-08 3.26494e-05 0.0025 1 1 2.5 0.005 56 4 1 1 
-0.35625 9.73143e-09 8.78087e-06 0.0025 1 1 2.5 0.005 57 4 1 1 
-0.35375 2.16055e-09 2.13892e-06 0.0025 1 1 2.5 0.005 58 4 1 1 
-0.35125 4.18137e-10 4.62082e-07 0.0025 1 1 2.5 0.005 59 4 1 1 
-0.34875 6.67559e-11 8.52465e-08 0.0025 1 1 2.5 0.005 60 4 1 1 
-0.34625 7.67533e-12 1.23442e-08 0.0025 1 1 2.5 0.005 61 4 1 1 
-0.34375 3.58007e-13 1.07491e-09 0.0025 1 1 2.5 0.005 62 4 1 1 
-0.34125 -4.26003e-14 -8.99263e-11 0.0025 1 1 2.5 0.005 63 5 1 1 
-0.33875 7.26281e-15 2.27374e-13 0.0025 1 1 2.5 0.005 64 4 1 1 
-0.33625 2.3985e-15 1.36424e-12 0.0025 1 1 2.5 0.005 65 5 1 1 
-0.33375 4.96862e-16 5.11591e-13 0.0025 1 1 2.5 0.005 66 5 1 1 
-0.33125 5.13993e-17 5.68434e-14 0.0025 1 1 2.5 0.005 67 5 1 1 
-0.32875 1.01367e-47 1.12104e-44 0.0025 1 1 2.5 0.005 68 5 1 1 
-0.32625 0 0 0.0025 1 1 2.5 0.005 69 5 1 1 
-0.32375 0 0 0.0025 1 1 2.5 0.005 70 5 1 1 
-0.32125 0 0 0.0025 1 1 2.5 0.005 71 5 1 1 
-0.31875 0 0 0.0025 1 1 2.5 0.005 72 5 1 1 
-0.31625 0 0 0.0025 1 1 2.5 0.005 73 5 1 1 
-0.31375 0 0 0.0025 1 1 2.5 0.005 74 5 1 1 
-0.31125 0 0 0.0025 1 1 2.5 0.005 75 5 1 1 
-0.30875 0 0 0.0025 1 1 2.5 0.005 76 5 1 1 
-0.30625 0 0 0.0025 1 1 2.5 0.005 77 5 1 1 
-0.30375 0 0 0.0025 1 1 2.5 0.005 78 5 1 1 
-0.30125 0 0 0.0025 1 1 2.5 0.005 79 5 1 1 
-0.29875 0 0 0.0025 1 1 2.5 0.005 80 5 1 1 
-0.29625 0 0 0.0025 1 1 2.5 0.005 81 5 1 1 
-0.29375 0 0 0.0025 1 1 2.5 0.005 82 5 1 1 
-0.29125 0 0 0.0025 1 1 2.5 0.005 83 5 1 1 
-0.28875 0 0 0.0025 1 1 2.5 0.005 84 5 1 1 
-0.28625 0 0 0.0025 1 1 2.5 0.005 85 5 1 1 
-0.28375 0 0 0.0025 1 1 2.5 0.005 86 5 1 1 
-0.28125 0 0 0.0025 1 1 2.5 0.005 87 5 1 1 
-0.27875 0 0 0.0025 1 1 2.5 0.005 88 5 1 1 
-0.27625 0 0 0.0025 1 1 2.5 0.005 89 5 1 1 
-0.27375 0 0 0.0025 1 1 2.5 0.005 90 5 1 1 
-0.27125 0 0 0.0025 1 1 2.5 0.005 91 5 1 1 
-0.26875 0 0 0.0025 1 1 2.5 0.005 92 5 1 1 
-0.26625 0 0 0.0025 1 1 2.5 0.005 93 5 1 1 
-0.26375 0 0 0.0025 1 1 2.5 0.005 94 5 1 1 
-0.26125 0 0 0.0025 1 1 2.5 0.005 95 5 1 1 
-0.25875 0 0 0.0025 1 1 2.5 0.005 96 5 1 1 
-0.25625 0 0 0.0025 1 1 2.5 0.005 97 5 1 1 
-0.25375 0 0 0.0025 1 1 2.5 0.005 98 5 1 1 
-0.25125 0 0 0.0025 1 1 2.5 0.005 99 5 1 1 
-0.24875 0 0 0.0025 1 1 2.5 0.005 100 5 1 1 
-0.24625 0 0 0.0025 1 1 2.5 0.005 101 5 1 1 
-0.24375 0 0 0.0025 1 1 2.5 0.005 102 5 1 1 
-0.24125 0 0 0.0025 1 1 2.5 0.005 103 5 1 1 
-0.23875 0 0 0.0025 1 1 2.5 0.005 104 5 1 1 
-0.23625 0 0 0.0025 1 1 2.5 0.005 105 5 1 1 
-0.23375 0 0 0.0025 1 1 2.5 0.005 106 5 1 1 
-0.23125 0 0 0.0025 1 1 2.5 0.005 107 5 1 1 
-0.22875 0 0 0.0025 1 1 2.5 0.005 108 5 1 1 
-0.22625 0 0 0.0025 1 1 2.5 0.005 109 5 1 1 
-0.22375 0 0 0.0025 1 1 2.5 0.005 110 5 1 1 
-0.22125 0 0 0.0025 1 1 2.5 0.005 111 5 1 1 
-0.21875 0 0 0.0025 1 1 2.5 0.005 112 5 1 1 
-0.21625 0 0 0.0025 1 1 2.5 0.005 113 5 1 1 
-0.21375 0 0 0.0025 1 1 2.5 0.005 114 5 1 1 
-0.21125 0 0 0.0025 1 1 2.5 0.005 115 5 1 1 
-0.20875 0 0 0.0025 1 1 2.5 0.005 116 5 1 1 
-0.20625 0 0 0.0025 1 1 2.5 0.005 117 5 1 1 
-0.20375 0 0 0.0025 1 1 2.5 0.005 118 5 1 1 
-0.20125 0 0 0.0025 1 1 2.5 0.005 119 5 1 1 
-0.19875 0 0 0.0025 1 1 2.5 0.005 120 5 1 1 
-0.19625 0 0 0.0025 1 1 2.5 0.005 121 5 1 1 
-0.19375 0 0 0.0025 1 1 2.5 0.005 122 5 1 1 
-0.19125 0 0 0.0025 1 1 2.5 0.005 123 5 1 1 
-0.18875 0 0 0.0025 1 1 2.5 0.005 124 5 1 1 
-0.18625 0 0 0.0025 1 1 2.5 0.005 125 5 1 1 
-0.18375 0 0 0.0025 1 1 2.5 0.005 126 5 1 1 
-0.18125 0 0 0.0025 1 1 2.5 0.005 127 5 1 1 
-0.17875 0 0 0.0025 1 1 2.5 0.005 128 5 1 1 
-0.17625 0 0 0.0025 1 1 2.5 0.005 129 5 1 1 
-0.17375 0 0 0.0025 1 1 2.5 0.005 130 5 1 1 
-0.17125 0 0 0.0025 1 1 2.5 0.005 131 5 1 1 
-0.16875 0 0 0.0025 1 1 2.5 0.005 132 5 1 1 
-0.16625 0 0 0.0025 1 1 2.5 0.005 133 5 1 1 
-0.16375 0 0 0.0025 1 1 2.5 0.005 134 5 1 1 
-0.16125 0 0 0.0025 1 1 2.5 0.005 135 5 1 1 
-0.15875 0 0 0.0025 1 1 2.5 0.005 136 5 1 1 
-0.15625 0 0 0.0025 1 1 2.5 0.005 137 5 1 1 
-0.15375 0 0 0.0025 1 1 2.5 0.005 138 5 1 1 
-0.15125 0 0 0.0025 1 1 2.5 0.005 139 5 1 1 
-0.14875 0 0 0.0025 1 1 2.5 0.005 140 5 1 1 
-0.14625 0 0 0.0025 1 1 2.5 0.005 141 5 1 1 
-0.14375 0 0 0.0025 1 1 2.5 0.005 142 5 1 1 
-0.14125 0 0 0.0025 1 1 2.5 0.005 143 5 1 1 
-0.13875 0 0 0.0025 1 1 2.5 0.005 144 5 1 1 
-0.13625 0 0 0.0025 1 1 2.5 0.005 145 5 1 1 
-0.13375 0 0 0.0025 1 1 2.5 0.005 146 5 1 1 
-0.13125 0 0 0.0025 1 1 2.5 0.005 147 5 1 1 
-0.12875 0 0 0.0025 1 1 2.5 0.005 148 5 1 1 
-0.12625 0 0 0.0025 1 1 2.5 0.005 149 5 1 1 
-0.12375 0 0 0.0025 1 1 2.5 0.005 150 5 1 1 
-0.12125 0 0 0.0025 1 1 2.5 0.005 151 5 1 1 
-0.11875 0 0 0.0025 1 1 2.5 0.005 152 5 1 1 
-0.11625 0 0 0.0025 1 1 2.5 0.005 153 5 1 1 
-0.11375 0 0 0.0025 1 1 2.5 0.005 154 5 1 1 
-0.11125 0 0 0.0025 1 1 2.5 0.005 155 5 1 1 
-0.10875 0 0 0.0025 1 1 2.5 0.005 156 5 1 1 
-0.10625 0 0 0.0025 1 1 2.5 0.005 157 5 1 1 
-0.10375 0 0 0.0025 1 1 2.5 0.005 158 5 1 1 
-0.10125 0 0 0.0025 1 1 2.5 0.005 159 5 1 1 
-0.09875 0 0 0.0025 1 1 2.5 0.005 160 5 1 1 
-0.09625 0 0 0.0025 1 1 2.5 0.005 161 5 1 1 
-0.09375 0 0 0.0025 1 1 2.5 0.005 162 5 1 1 
-0.09125 0 0 0.0025 1 1 2.5 0.005 163 5 1 1 
-0.08875 0 0 0.0025 1 1 2.5 0.005 164 5 1 1 
-0.08625 0 0 0.0025 1 1 2.5 0.005 165 5 1 1 
-0.08375 0 0 0.0025 1 1 2.5 0.005 166 5 1 1 
-0.08125 0 0 0.0025 1 1 2.5 0.005 167 5 1 1 
-0.07875 0 0 0.0025 1 1 2.5 0.005 168 5 1 1 
-0.07625 0 0 0.0025 1 1 2.5 0.005 169 5 1 1 
-0.07375 0 0 0.0025 1 1 2.5 0.005 170 5 1 1 
-0.07125 0 0 0.0025 1 1 2.5 0.005 171 5 1 1 
-0.06875 0 0 0.0025 1 1 2.5 0.005 172 5 1 1 
-0.06625 0 0 0.0025 1 1 2.5 0.005 173 5 1 1 
-0.06375 0 0 0.0025 1 1 2.5 0.005 174 5 1 1 
-0.06125 0 0 0.0025 1 1 2.5 0.005 175 5 1 1 
-0.05875 -3.71628e-47 -1.12104e-44 0.0025 1 1 2.5 0.005 176 5 1 1 
-0.05625 -5.139e-17 -5.68434e-14 0.0025 1 1 2.5 0.005 177 5 1 1 
-0.05375 -2.21914e-16 5.68434e-14 0.0025 1 1 2.5 0.005 178 5 1 1 
-0.05125 -3.91237e-16 -5.68434e-14 0.0025 1 1 2.5 0.005 179 5 1 1 
-0.04875 -5.59271e-16 5.68434e-14 0.0025 1 1 2.5 0.005 180 5 1 1 
-0.04625 -7.94516e-16 -5.68434e-14 0.0025 1 1 2.5 0.005 181 5 1 1 
-0.04375 -1.04417e-15 -2.24208e-44 0.0025 1 1 2.5 0.005 182 5 1 1 
-0.04125 -1.34087e-15 0 0.0025 1 1 2.5 0.005 183 5 1 1 
-0.03875 -1.76603e-15 3.9443e-29 0.0025 1 1 2.5 0.005 184 5 1 1 
-0.03625 -1.97678e-15 -5.68434e-14 0.0025 1 1 2.5 0.005 185 5 1 1 
-0.03375 -3.61732e-15 5.68434e-14 0.0025 1 1 2.5 0.005 186 4 1 1 
-0.03125 1.55862e-16 -5.68434e-14 0.0025 1 1 2.5 0.005 187 3 1 1 
-0.02875 -6.3164e-17 1.13687e-13 0.0025 1 1 2.5 0.005 188 3 1 1 
-0.02625 -9.48683e-16 -6.31089e-28 0.0025 1 1 2.5 0.005 189 3 1 1 
-0.02375 1.29073e-15 3.15544e-28 0.0025 1 1 2.5 0.005 190 4 1 1 
-0.02125 9.29018e-18 -5.68434e-14 0.0025 1 1 2.5 0.005 191 5 1 1 
-0.01875 -1.34602e-16 -5.68434e-14 0.0025 1 1 2.5 0.005 192 5 1 1 
-0.01625 -2.02717e-15 -5.68434e-14 0.0025 1 1 2.5 0.005 193 4 1 1 
-0.01375 1.2777e-15 -5.68434e-14 0.0025 1 1 2.5 0.005 194 3 1 1 
-0.01125 7.25495e-17 6.31089e-28 0.0025 1 1 2.5 0.005 195 3 1 1 
-0.00875 -2.44599e-16 0 0.0025 1 1 2.5 0.005 196 3 1 1 
-0.00625 4.71948e-16 -5.68434e-14 0.0025 1 1 2.5 0.005 197 3 1 1 
-0.00375 -7.05345e-17 0 0.0025 1 1 2.5 0.005 198 3 1 1 
-0.00125 -2.90187e-16 5.68434e-14 0.0025 1 1 2.5 0.005 199 3 1 1 
0.00125 -1.3134e-16 -3.9443e-29 0.0025 1 1 2.5 0.005 200 3 1 1 
0.00375 2.19404e-16 -1.13687e-13 0.0025 1 1 2.5 0.005 201 3 1 1 
0.00625 2.36731e-16 3.9443e-29 0.0025 1 1 2.5 0.005 202 4 1 1 
0.00875 9.869e-17 5.68434e-14 0.0025 1 1 2.5 0.005 203 3 1 1 
0.01125 -5.65654e-17 5.68434e-14 0.0025 1 1 2.5 0.005 204 3 1 1 
0.01375 4.79659e-16 -1.57772e-28 0.0025 1 1 2.5 0.005 205 4 1 1 
0.01625 -8.55806e-16 5.91646e-28 0.0025 1 1 2.5 0.005 206 4 1 1 
0.01875 -2.57656e-15 2.07076e-28 0.0025 1 1 2.5 0.005 207 5 1 1 
0.02125 -8.13417e-16 -5.91646e-28 0.0025 1 1 2.5 0.005 208 5 1 1 
0.02375 -2.41619e-15 -3.15544e-28 0.0025 1 1 2.5 0.005 209 4 1 1 
0.02625 1.70256e-15 2.76101e-28 0.0025 1 1 2.5 0.005 210 3 1 1 
0.02875 1.02494e-15 -2.76101e-28 0.0025 1 1 2.5 0.005 211 3 1 1 
0.03125 4.58484e-15 1.13687e-13 0.0025 1 1 2.5 0.005 212 4 1 1 
0.03375 2.87912e-15 5.52203e-28 0.0025 1 1 2.5 0.005 213 5 1 1 
0.03625 2.36219e-15 -5.68434e-14 0.0025 1 1 2.5 0.005 214 5 1 1 
0.03875 1.8511e-15 1.13687e-13 0.0025 1 1 2.5 0.005 215 5 1 1 
0.04125 1.31657e-15 2.24208e-44 0.0025 1 1 2.5 0.005 216 5 1 1 
0.04375 8.95855e-16 5.68434e-14 0.0025 1 1 2.5 0.005 217 5 1 1 
0.04625 6.61771e-16 -5.68434e-14 0.0025 1 1 2.5 0.005 218 5 1 1 
0.04875 4.25057e-16 5.68434e-14 0.0025 1 1 2.5 0.005 219 5 1 1 
0.05125 2.73111e-16 0 0.0025 1 1 2.5 0.005 220 5 1 1 
0.05375 1.02653e-16 1.12104e-44 0.0025 1 1 2.5 0.005 221 5 1 1 
0.05625 8.43866e-47 1.12104e-44 0.0025 1 1 2.5 0.005 222 5 1 1 
0.05875 0 0 0.0025 1 1 2.5 0.005 223 5 1 1 
0.06125 0 0 0.0025 1 1 2.5 0.005 224 5 1 1 
0.06375 0 0 0.0025 1 1 2.5 0.005 225 5 1 1 
0.06625 0 0 0.0025 1 1 2.5 0.005 226 5 1 1 
0.06875 0 0 0.0025 1 1 2.5 0.005 227 5 1 1 
0.07125 0 0 0.0025 1 1 2.5 0.005 228 5 1 1 
0.07375 0 0 0.0025 1 1 2.5 0.005 229 5 1 1 
0.07625 0 0 0.0025 1 1 2.5 0.005 230 5 1 1 
0.07875 0 0 0.0025 1 1 2.5 0.005 231 5 1 1 
0.08125 0 0 0.0025 1 1 2.5 0.005 232 5 1 1 
0.08375 0 0 0.0025 1 1 2.5 0.005 233 5 1 1 
0.08625 0 0 0.0025 1 1 2.5 0.005 234 5 1 1 
0.08875 0 0 0.0025 1 1 2.5 0.005 235 5 1 1 
0.09125 0 0 0.0025 1 1 2.5 0.005 236 5 1 1 
0.09375 -3.86069e-46 -1.12104e-44 0.0025 1 1 2.5 0.005 237 5 1 1 
0.09625 -1.69188e-16 0 0.0025 1 1 2.5 0.005 238 5 1 1 
0.09875 -3.37357e-16 1.12104e-44 0.0025 1 1 2.5 0.005 239 5 1 1 
0.10125 1.96528e-16 5.68434e-14 0.0025 1 1 2.5 0.005 240 5 1 1 
0.10375 6.5536e-17 5.68434e-14 0.0025 1 1 2.5 0.005 241 5 1 1 
0.10625 3.08609e-15 -4.48416e-44 0.0025 1 1 2.5 0.005 242 5 1 1 
0.10875 2.21651e-15 2.27374e-13 0.0025 1 1 2.5 0.005 243 5 1 1 
0.11125 1.9677e-15 -2.01787e-43 0.0025 1 1 2.5 0.005 244 5 1 1 
0.11375 -1.21377e-15 1.13687e-13 0.0025 1 1 2.5 0.005 245 5 1 1 
0.11625 9.09386e-17 -1.7053e-13 0.0025 1 1 2.5 0.005 246 5 1 1 
0.11875 -2.35904e-15 -2.27374e-13 0.0025 1 1 2.5 0.005 247 5 1 1 
0.12125 3.71081e-15 -3.97904e-13 0.0025 1 1 2.5 0.005 248 5 1 1 
0.12375 1.29583e-16 -2.84217e-13 0.0025 1 1 2.5 0.005 249 4 1 1 
0.12625 -1.29583e-16 2.84217e-13 0.0025 1 1 2.5 0.005 250 4 1 1 
0.12875 -3.71081e-15 3.97904e-13 0.0025 1 1 2.5 0.005 251 5 1 1 
0.13125 2.35904e-15 2.27374e-13 0.0025 1 1 2.5 0.005 252 5 1 1 
0.13375 -9.09386e-17 1.7053e-13 0.0025 1 1 2.5 0.005 253 5 1 1 
0.13625 1.21377e-15 -1.13687e-13 0.0025 1 1 2.5 0.005 254 5 1 1 
0.13875 -1.9677e-15 2.01787e-43 0.0025 1 1 2.5 0.005 255 5 1 1 
0.14125 -2.21651e-15 -2.27374e-13 0.0025 1 1 2.5 0.005 256 5 1 1 
0.14375 -3.08609e-15 4.48416e-44 0.0025 1 1 2.5 0.005 257 5 1 1 
0.14625 -6.5536e-17 -5.68434e-14 0.0025 1 1 2.5 0.005 258 5 1 1 
0.14875 -1.96528e-16 -5.68434e-14 0.0025 1 1 2.5 0.005 259 5 1 1 
0.15125 3.37357e-16 -1.12104e-44 0.0025 1 1 2.5 0.005 260 5 1 1 
0.15375 1.69188e-16 0 0.0025 1 1 2.5 0.005 261 5 1 1 
0.15625 3.86069e-46 1.12104e-44 0.0025 1 1 2.5 0.005 262 5 1 1 
0.15875 0 0 0.0025 1 1 2.5 0.005 263 5 1 1 
0.16125 0 0 0.0025 1 1 2.5 0.005 264 5 1 1 
0.16375 0 0 0.0025 1 1 2.5 0.005 265 5 1 1 
0.16625 0 0 0.0025 1 1 2.5 0.005 266 5 1 1 
0.16875 0 0 0.0025 1 1 2.5 0.005 267 5 1 1 
0.17125 0 0 0.0025 1 1 2.5 0.005 268 5 1 1 
0.17375 0 0 0.0025 1 1 2.5 0.005 269 5 1 1 
0.17625 0 0 0.0025 1 1 2.5 0.005 270 5 1 1 
0.17875 0 0 0.0025 1 1 2.5 0.005 271 5 1 1 
0.18125 0 0 0.0025 1 1 2.5 0.005 272 5 1 1 
0.18375 0 0 0.0025 1 1 2.5 0.005 273 5 1 1 
0.18625 0 0 0.0025 1 1 2.5 0.005 274 5 1 1 
0.18875 0 0 0.0025 1 1 2.5 0.005 275 5 1 1 
0.19125 0 0 0.0025 1 1 2.5 0.005 276 5 1 1 
0.19375 0 0 0.0025 1 1 2.5 0.005 277 5 1 1 
0.19625 0 0 0.0025 1 1 2.5 0.005 278 5 1 1 
0.19875 0 0 0.0025 1 1 2.5 0.005 279 5 1 1 
0.20125 -1.35159e-47 0 0.0025 1 1 2.5 0.005 280 5 1 1 
0.20375 -3.4271e-17 -1.12104e-44 0.0025 1 1 2.5 0.005 281 5 1 1 
0.20625 -1.7093e-16 -1.12104e-44 0.0025 1 1 2.5 0.005 282 5 1 1 
0.20875 -3.41398e-16 0 0.0025 1 1 2.5 0.005 283 5 1 1 
0.21125 -5.28077e-16 -5.68434e-14 0.0025 1 1 2.5 0.005 284 5 1 1 
0.21375 -7.64963e-16 5.68434e-14 0.0025 1 1 2.5 0.005 285 5 1 1 
0.21625 -9.48279e-16 1.12104e-44 0.0025 1 1 2.5 0.005 286 5 1 1 
0.21875 -1.12929e-15 5.68434e-14 0.0025 1 1 2.5 0.005 287 5 1 1 
0.22125 1.12285e-15 2.27374e-13 0.0025 1 1 2.5 0.005 288 5 1 1 
0.22375 -8.54951e-18 1.7053e-13 0.0025 1 1 2.5 0.005 289 5 1 1 
0.22625 -3.64796e-16 -2.27374e-13 0.0025 1 1 2.5 0.005 290 5 1 1 
0.22875 -1.31486e-15 -1.13687e-13 0.0025 1 1 2.5 0.005 291 5 1 1 
0.23125 -6.97568e-16 2.27374e-13 0.0025 1 1 2.5 0.005 292 5 1 1 
0.23375 -2.83688e-15 3.41061e-13 0.0025 1 1 2.5 0.005 293 5 1 1 
0.23625 2.98843e-15 -4.54747e-13 0.0025 1 1 2.5 0.005 294 5 1 1 
0.23875 -4.2284e-16 1.56945e-43 0.0025 1 1 2.5 0.005 295 5 1 1 
0.24125 -5.93723e-16 2.27374e-13 0.0025 1 1 2.5 0.005 296 5 1 1 
0.24375 -6.0081e-15 6.25278e-13 0.0025 1 1 2.5 0.005 297 5 1 1 
0.24625 6.23467e-15 -1.7053e-13 0.0025 1 1 2.5 0.005 298 5 1 1 
0.24875 -4.5755e-16 -1.13687e-13 0.0025 1 1 2.5 0.005 299 3 1 1 
0.25125 4.5755e-16 1.13687e-13 0.0025 1 1 2.5 0.005 300 3 1 1 
0.25375 -6.23467e-15 1.7053e-13 0.0025 1 1 2.5 0.005 301 5 1 1 
0.25625 6.0081e-15 -6.25278e-13 0.0025 1 1 2.5 0.005 302 5 1 1 
0.25875 5.93723e-16 -2.27374e-13 0.0025 1 1 2.5 0.005 303 5 1 1 
0.26125 4.2284e-16 -1.56945e-43 0.0025 1 1 2.5 0.005 304 5 1 1 
0.26375 -2.98843e-15 4.54747e-13 0.0025 1 1 2.5 0.005 305 5 1 1 
0.26625 2.83688e-15 -3.41061e-13 0.0025 1 1 2.5 0.005 306 5 1 1 
0.26875 6.97568e-16 -2.27374e-13 0.0025 1 1 2.5 0.005 307 5 1 1 
0.27125 1.31486e-15 1.13687e-13 0.0025 1 1 2.5 0.005 308 5 1 1 
0.27375 3.64796e-16 2.27374e-13 0.0025 1 1 2.5 0.005 309 5 1 1 
0.27625 8.54951e-18 -1.7053e-13 0.0025 1 1 2.5 0.005 310 5 1 1 
0.27875 -1.12285e-15 -2.27374e-13 0.0025 1 1 2.5 0.005 311 5 1 1 
0.28125 1.12929e-15 -5.68434e-14 0.0025 1 1 2.5 0.005 312 5 1 1 
0.28375 9.48279e-16 -1.12104e-44 0.0025 1 1 2.5 0.005 313 5 1 1 
0.28625 7.64963e-16 -5.68434e-14 0.0025 1 1 2.5 0.005 314 5 1 1 
0.28875 5.28077e-16 5.68434e-14 0.0025 1 1 2.5 0.005 315 5 1 1 
0.29125 3.41398e-16 0 0.0025 1 1 2.5 0.005 316 5 1 1 
0.29375 1.7093e-16 1.12104e-44 0.0025 1 1 2.5 0.005 317 5 1 1 
0.29625 3.4271e-17 1.12104e-44 0.0025 1 1 2.5 0.005 318 5 1 1 
0.29875 1.35159e-47 0 0.0025 1 1 2.5 0.005 319 5 1 1 
0.30125 0 0 0.0025 1 1 2.5 0.005 320 5 1 1 
0.30375 0 0 0.0025 1 1 2.5 0.005 321 5 1 1 
0.30625 0 0 0.0025 1 1 2.5 0.005 322 5 1 1 
0.30875 0 0 0.0025 1 1 2.5 0.005 323 5 1 1 
0.31125 0 0 0.0025 1 1 2.5 0.005 324 5 1 1 
0.31375 0 0 0.0025 1 1 2.5 0.005 325 5 1 1 
0.31625 0 0 0.0025 1 1 2.5 0.005 326 5 1 1 
0.31875 0 0 0.0025 1 1 2.5 0.005 327 5 1 1 
0.32125 0 0 0.0025 1 1 2.5 0.005 328 5 1 1 
0.32375 0 0 0.0025 1 1 2.5 0.005 329 5 1 1 
0.32625 0 0 0.0025 1 1 2.5 0.005 330 5 1 1 
0.32875 -1.01367e-47 -1.12104e-44 0.0025 1 1 2.5 0.005 331 5 1 1 
0.33125 -5.13993e-17 -5.68434e-14 0.0025 1 1 2.5 0.005 332 5 1 1 
0.33375 -4.96862e-16 -5.11591e-13 0.0025 1 1 2.5 0.005 333 5 1 1 
0.33625 -2.3985e-15 -1.36424e-12 0.0025 1 1 2.5 0.005 334 5 1 1 
0.33875 -7.26281e-15 -2.27374e-13 0.0025 1 1 2.5 0.005 335 4 1 1 
0.34125 4.26003e-14 8.99263e-11 0.0025 1 1 2.5 0.005 336 5 1 1 
0.34375 -3.58007e-13 -1.07491e-09 0.0025 1 1 2.5 0.005 337 4 1 1 
0.34625 -7.67533e-12 -1.23442e-08 0.0025 1 1 2.5 0.005 338 4 1 1 
0.34875 -6.67559e-11 -8.52465e-08 0.0025 1 1 2.5 0.005 339 4 1 1 
0.35125 -4.18137e-10 -4.62082e-07 0.0025 1 1 2.5 0.005 340 4 1 1 
0.35375 -2.16055e-09 -2.13892e-06 0.0025 1 1 2.5 0.005 341 4 1 1 
0.35625 -9.73143e-09 -8.78087e-06 0.0025 1 1 2.5 0.005 342 4 1 1 
0.35875 -3.93163e-08 -3.26494e-05 0.0025 1 1 2.5 0.005 343 4 1 1 
0.36125 -1.44917e-07 -0.000111386 0.0025 1 1 2.5 0.005 344 4 1 1 
0.36375 -4.92721e-07 -0.000351669 0.0025 1 1 2.5 0.005 345 4 1 1 
0.36625 -1.55706e-06 -0.00103368 0.0025 1 1 2.5 0.00499999 346 4 1 1 
0.36875 -4.59824e-06 -0.0028408 0.0025 1 1 2.5 0.00499998 347 4 1 1 
0.37125 -1.27411e-05 -0.00732239 0.0025 1.00001 1.00001 2.50001 0.00499995 348 4 1 1 
0.37375 -3.32256e-05 -0.017742 0.0025 1.00003 1.00004 2.50002 0.00499987 349 4 1 1 
0.37625 -8.17324e-05 -0.040474 0.0025 1.00006 1.00009 2.50006 0.00499969 350 4 1 1 
0.37875 -0.000189989 -0.0870135 0.0025 1.00015 1.0002 2.50014 0.00499927 351 4 1 1 
0.381249 -0.00041784 -0.176342 0.0025 1.00032 1.00044 2.50032 0.00499841 352 4 1 1 
0.383748 -0.000870047 -0.33668 0.0025 1.00066 1.00092 2.50066 0.00499668 353 4 1 0.999999 
0.386246 -0.00171532 -0.604447 0.0025 1.00131 1.00183 2.5013 0.00499344 354 4 1 0.999996 
0.388741 -0.00319938 -1.01665 0.0025 1.00246 1.00342 2.50244 0.00498775 355 4 1 0.999988 
0.391234 -0.00563519 -1.59224 0.0025 1.00434 1.00606 2.50432 0.00497839 356 4 1 0.999972 
0.39372 -0.00934578 -2.30178 0.0025 1.00724 1.01012 2.50721 0.00496407 357 4 1 0.999946 
0.396198 -0.0145423 -3.03754 0.0025 1.01134 1.01589 2.5113 0.00494393 358 4 1 0.999914 
0.398664 -0.0211581 -3.61157 0.0025 1.01665 1.02339 2.5166 0.00491809 359 4 1 0.999887 
0.401116 -0.0287216 -3.81588 0.0025 1.02287 1.03219 2.52279 0.00488821 360 4 1 0.999884 
0.403552 -0.0363668 -3.48406 0.0025 1.02934 1.04138 2.52921 0.00485748 361 4 1 0.999918 
0.405973 -0.0429672 -2.60267 0.0025 1.03506 1.04954 2.53487 0.00483066 362 4 1 1.00001 
0.408383 -0.0465214 0.0460756 0.0025 1.0371 1.05267 2.53705 0.00482115 363 3 1 1 
0.410794 -0.0355252 13.2791 0.0025 1.02553 1.03651 2.52593 0.00487551 364 4 1 0.99997 
0.413259 0.00319314 20.9254 0.0025 0.997672 0.996898 2.49798 0.00501167 365 4 1 0.998283 
0.415808 0.0387214 11.987 0.0025 0.969767 0.957709 2.46945 0.00515588 366 4 1 0.99757 
0.418416 0.0599486 8.64757 0.0025 0.949878 0.93055 2.44921 0.00526383 367 4 1 0.998724 
0.421072 0.0837816 12.0539 0.0025 0.930083 0.903663 2.42883 0.00537586 368 4 1 0.998879 
0.423792 0.11416 13.4595 0.0025 0.906803 0.872093 2.40429 0.00551388 369 4 1 0.998322 
0.426587 0.145991 13.0154 0.0025 0.882363 0.839328 2.37812 0.0056666 370 4 1 0.997988 
0.42946 0.178105 12.7977 0.0025 0.857987 0.807056 2.35164 0.00582759 371 4 1 0.997895 
0.432416 0.211286 12.8784 0.0025 0.833429 0.774911 2.32449 0.00599931 372 4 1 0.99776 
0.435461 0.245781 12.883 0.0025 0.80854 0.74271 2.29648 0.00618398 373 4 1 0.997568 
0.438602 0.281519 12.8299 0.0025 0.7834 0.710583 2.26766 0.00638244 374 4 1 0.997371 
0.441845 0.31844 12.7569 0.0025 0.758074 0.678634 2.23806 0.00659566 375 4 1 0.997168 
0.445199 0.356444 12.5643 0.0025 0.732698 0.647047 2.20779 0.00682409 376 4 1 0.996966 
0.448672 0.395417 12.2915 0.0025 0.707481 0.616088 2.17709 0.00706733 377 4 1 0.996794 
0.452269 0.434831 11.8301 0.0025 0.682735 0.586132 2.14632 0.00732349 378 4 1 0.996675 
0.455998 0.47375 10.9928 0.0025 0.659053 0.557866 2.11623 0.00758664 379 4 1 0.996689 
0.459859 0.51063 9.71924 0.0025 0.637272 0.532225 2.08798 0.00784594 380 4 1 0.996932 
0.463846 0.543443 7.96764 0.0025 0.618299 0.510177 2.0629 0.0080867 381 4 1 0.997434 
0.467947 0.570786 6.29324 0.0025 0.602511 0.492046 2.0417 0.00829861 382 4 1 0.998074 
0.472146 0.594263 5.8535 0.0025 0.588705 0.476357 2.0229 0.00849322 383 4 1 0.998499 
0.476442 0.619907 6.95481 0.0025 0.574459 0.460309 2.00321 0.00870384 384 4 1 0.998439 
0.480852 0.649958 7.18224 0.0025 0.559306 0.443387 1.98191 0.00893965 385 4 1 0.998076 
0.485383 0.675374 4.13088 0.0025 0.547104 0.429885 1.96449 0.00913903 386 4 1 0.998466 
0.489991 0.683379 -0.407906 0.0025 0.542127 0.424442 1.95737 0.00922292 387 4 1 0.999681 
0.494606 0.681101 -0.221649 0.0025 0.54208 0.424423 1.95738 0.00922374 388 5 1 0.999996 
0.499215 0.680063 -0.339606 0.0025 0.542728 0.425146 1.95837 0.00921272 389 4 1 0.999996 
0.503819 0.678657 -0.258286 0.0025 0.54338 0.425875 1.95938 0.00920166 390 4 1 0.999997 
0.508417 0.67759 -0.207652 0.0025 0.543962 0.42653 1.96029 0.00919181 391 4 1 0.999998 
0.513011 0.676736 -0.156039 0.0025 0.544414 0.427044 1.96102 0.00918418 392 4 1 0.999999 
0.517601 0.676076 -0.116138 0.0025 0.544753 0.427437 1.96161 0.00917848 393 4 1 1 
0.522189 0.675589 -0.0877496 0.0025 0.544989 0.427725 1.96208 0.00917451 394 4 1 1 
0.526775 0.675225 -0.0659961 0.0025 0.545085 0.427886 1.96247 0.00917289 395 3 1 1 
0.531362 0.674947 -0.0497747 0.0025 0.544813 0.427794 1.96303 0.00917746 396 4 1 1 
0.535953 0.674731 -0.0398051 0.0025 0.5433 0.426168 1.96102 0.00920303 397 4 1 0.99999 
0.540565 0.674554 -0.0333424 0.0025 0.53027 0.410812 1.93681 0.00942916 398 4 1 0.999683 
0.545387 0.67439 -0.0288338 0.0025 0.506271 0.439517 2.17037 0.00987614 399 4 1 0.994732 
0.550448 0.674225 -0.0243257 0.0025 0.480802 0.414972 2.1577 0.0103993 400 4 1 0.99372 
0.555796 0.674046 -0.0168775 0.0025 0.458363 0.449413 2.45118 0.0109084 401 4 1 0.993709 
0.561362 0.673827 -0.00284442 0.0025 0.449748 0.429965 2.39003 0.0111173 402 5 1 0.998662 
0.566913 0.673498 0.0271917 0.0025 0.451248 0.428167 2.37213 0.0110804 403 4 1 0.999985 
0.572443 0.672803 0.12088 0.0025 0.452497 0.427634 2.36263 0.0110498 404 3 1 1 
0.577963 0.670924 0.414065 0.0025 0.452348 0.426142 2.35515 0.0110534 405 4 1 1 
0.583496 0.665483 1.16104 0.0025 0.449539 0.421617 2.34467 0.0111225 406 4 1 0.99995 
0.589086 0.65119 3.19283 0.0025 0.441171 0.410082 2.32375 0.0113335 407 4 1 0.999397 
0.594832 0.617321 6.60255 0.0025 0.423321 0.38648 2.28227 0.0118114 408 4 1 0.996834 
0.600907 0.549181 14.6941 0.0025 0.389896 0.343333 2.20119 0.0128239 409 4 1 0.989634 
0.607703 0.396655 29.8114 0.0025 0.339403 0.280413 2.06543 0.0147318 410 4 1 0.973576 
0.615787 0.183962 29.4121 0.0025 0.28972 0.222221 1.91781 0.017258 411 4 1 0.957446 
0.625108 0.0431142 12.456 0.0025 0.260761 0.190581 1.82742 0.0191746 412 4 1 0.974052 
0.634998 0.00268675 1.87955 0.0025 0.251394 0.180898 1.79903 0.0198891 413 4 1 0.995705 
0.644998 -0.000617726 -0.0931907 0.0025 0.249976 0.179474 1.79493 0.0200019 414 5 1 0.999877 
0.655 -2.27961e-05 -0.0273355 0.0025 0.24998 0.17948 1.79494 0.0200016 415 4 1 1 
0.665 1.01417e-05 0.00166096 0.0025 0.250001 0.179501 1.795 0.0199999 416 3 1 1 
0.675 2.55566e-06 0.000618917 0.0025 0.250001 0.179501 1.795 0.02 417 4 1 1 
0.685 4.73704e-07 0.000130601 0.0025 0.25 0.1795 1.795 0.02 418 4 1 1 
0.695 7.63618e-08 2.31006e-05 0.0025 0.25 0.1795 1.795 0.02 419 4 1 1 
0.705 1.10241e-08 3.62241e-06 0.0025 0.25 0.1795 1.795 0.02 420 4 1 1 
0.715 1.4276e-09 5.09559e-07 0.0025 0.25 0.1795 1.795 0.02 421 4 1 1 
0.725 1.64761e-10 6.40665e-08 0.0025 0.25 0.1795 1.795 0.02 422 4 1 1 
0.735 1.67664e-11 7.13661e-09 0.0025 0.25 0.1795 1.795 0.02 423 4 1 1 
0.745 1.46733e-12 6.90875e-10 0.0025 0.25 0.1795 1.795 0.02 424 4 1 1 
0.755 1.08037e-13 6.06519e-11 0.0025 0.25 0.1795 1.795 0.02 425 4 1 1 
0.765 2.80931e-15 1.81899e-12 0.0025 0.25 0.1795 1.795 0.02 426 5 1 1 
0.775 2.52698e-16 2.13163e-13 0.0025 0.25 0.1795 1.795 0.02 427 5 1 1 
0.785 6.08104e-47 4.48416e-44 0.0025 0.25 0.1795 1.795 0.02 428 5 1 1 
0.795 2.53418e-48 2.8026e-45 0.0025 0.25 0.1795 1.795 0.02 429 5 1 1 
0.805 0 0 0.0025 0.25 0.1795 1.795 0.02 430 5 1 1 
0.815 0 0 0.0025 0.25 0.1795 1.795 0.02 431 5 1 1 
0.825 0 0 0.0025 0.25 0.1795 1.795 0.02 432 5 1 1 
0.835 0 0 0.0025 0.25 0.1795 1.795 0.02 433 5 1 1 
0.845 0 0 0.0025 0.25 0.1795 1.795 0.02 434 5 1 1 
0.855 0 0 0.0025 0.25 0.1795 1.795 0.02 435 5 1 1 
0.865 0 0 0.0025 0.25 0.1795 1.795 0.02 436 5 1 1 
0.875 0 0 0.0025 0.25 0.1795 1.795 0.02 437 5 1 1 
0.885 0 0 0.0025 0.25 0.1795 1.795 0.02 438 5 1 1 
0.895 0 0 0.0025 0.25 0.1795 1.795 0.02 439 5 1 1 
0.905 0 0 0.0025 0.25 0.1795 1.795 0.02 440 5 1 1 
0.915 -3.79376e-47 -2.8026e-45 0.0025 0.25 0.1795 1.795 0.02 441 5 1 1 
0.925 -5.56659e-17 -1.42109e-14 0.0025 0.25 0.1795 1.795 0.02 442 5 1 1 
0.935 -4.01371e-16 -2.84217e-14 0.0025 0.25 0.1795 1.795 0.02 443 5 1 1 
0.945 -1.18875e-15 -4.26326e-14 0.0025 0.25 0.1795 1.795 0.02 444 5 1 1 
0.955 -2.92109e-15 -9.9476e-14 0.0025 0.25 0.1795 1.795 0.02 445 5 1 1 
0.965 -6.42981e-15 -1.13687e-13 0.0025 0.25 0.1795 1.795 0.02 446 5 1 1 
0.975 -1.28076e-14 -1.84741e-13 0.0025 0.25 0.1795 1.795 0.02 447 5 1 1 
0.985 4.48989e-15 4.40536e-13 0.0025 0.25 0.1795 1.795 0.02 448 5 1 1 
0.995 -6.44967e-15 4.54747e-13 0.0025 0.25 0.1795 1.795 0.02 449 3 1 1 
1.005 6.44967e-15 -4.54747e-13 0.0025 0.25 0.1795 1.795 0.02 450 3 1 1 
1.015 -4.48989e-15 -4.40536e-13 0.0025 0.25 0.1795 1.795 0.02 451 5 1 1 
1.025 1.28076e-14 1.84741e-13 0.0025 0.25 0.1795 1.795 0.02 452 5 1 1 
1.035 6.42981e-15 1.13687e-13 0.0025 0.25 0.1795 1.795 0.02 453 5 1 1 
1.045 2.92109e-15 9.9476e-14 0.0025 0.25 0.1795 1.795 0.02 454 5 1 1 
1.055 1.18875e-15 4.26326e-14 0.0025 0.25 0.1795 1.795 0.02 455 5 1 1 
1.065 4.01371e-16 2.84217e-14 0.0025 0.25 0.1795 1.795 0.02 456 5 1 1 
1.075 5.56659e-17 1.42109e-14 0.0025 0.25 0.1795 1.795 0.02 457 5 1 1 
1.085 3.79376e-47 2.8026e-45 0.0025 0.25 0.1795 1.795 0.02 458 5 1 1 
1.095 0 0 0.0025 0.25 0.1795 1.795 0.02 459 5 1 1 
1.105 0 0 0.0025 0.25 0.1795 1.795 0.02 460 5 1 1 
1.115 0 0 0.0025 0.25 0.1795 1.795 0.02 461 5 1 1 
1.125 0 0 0.0025 0.25 0.1795 1.795 0.02 462 5 1 1 
1.135 0 0 0.0025 0.25 0.1795 1.795 0.02 463 5 1 1 
1.145 0 0 0.0025 0.25 0.1795 1.795 0.02 464 5 1 1 
1.155 0 0 0.0025 0.25 0.1795 1.795 0.02 465 5 1 1 
1.165 0 0 0.0025 0.25 0.1795 1.795 0.02 466 5 1 1 
1.175 0 0 0.0025 0.25 0.1795 1.795 0.02 467 5 1 1 
1.185 0 0 0.0025 0.25 0.1795 1.795 0.02 468 5 1 1 
1.195 0 0 0.0025 0.25 0.1795 1.795 0.02 469 5 1 1 
1.205 -2.53418e-48 -2.8026e-45 0.0025 0.25 0.1795 1.795 0.02 470 5 1 1 
1.215 -6.24978e-47 -4.48416e-44 0.0025 0.25 0.1795 1.795 0.02 471 5 1 1 
1.225 -2.69822e-16 -2.13163e-13 0.0025 0.25 0.1795 1.795 0.02 472 5 1 1 
1.235 -2.65496e-15 -1.84741e-12 0.0025 0.25 0.1795 1.795 0.02 473 5 1 1 
1.245 -1.03649e-13 -5.9643e-11 0.0025 0.25 0.1795 1.795 0.02 474 4 1 1 
1.255 -1.47633e-12 -6.93788e-10 0.0025 0.25 0.1795 1.795 0.02 475 4 1 1 
1.265 -1.67564e-11 -7.13302e-09 0.0025 0.25 0.1795 1.795 0.02 476 4 1 1 
1.275 -1.64743e-10 -6.40663e-08 0.0025 0.25 0.1795 1.795 0.02 477 4 1 1 
1.285 -1.42761e-09 -5.09561e-07 0.0025 0.25 0.1795 1.795 0.02 478 4 1 1 
1.295 -1.10241e-08 -3.62241e-06 0.0025 0.25 0.1795 1.795 0.02 479 4 1 1 
1.305 -7.63618e-08 -2.31006e-05 0.0025 0.25 0.1795 1.795 0.02 480 4 1 1 
1.315 -4.73704e-07 -0.000130601 0.0025 0.25 0.1795 1.795 0.02 481 4 1 1 
1.325 -2.55566e-06 -0.000618917 0.0025 0.250001 0.179501 1.795 0.02 482 4 1 1 
1.335 -1.01417e-05 -0.00166096 0.0025 0.250001 0.179501 1.795 0.0199999 483 3 1 1 
1.345 2.27961e-05 0.0273355 0.0025 0.24998 0.17948 1.79494 0.0200016 484 4 1 1 
1.355 0.000617726 0.0931907 0.0025 0.249976 0.179474 1.79493 0.0200019 485 5 1 0.999877 
1.365 -0.00268675 -1.87955 0.0025 0.251394 0.180898 1.79903 0.0198891 486 4 1 0.995705 
1.37489 -0.0431142 -12.456 0.0025 0.260761 0.190581 1.82742 0.0191746 487 4 1 0.974052 
1.38421 -0.183962 -29.4121 0.0025 0.28972 0.222221 1.91781 0.017258 488 4 1 0.957446 
1.3923 -0.396655 -29.8114 0.0025 0.339403 0.280413 2.06543 0.0147318 489 4 1 0.973576 
1.39909 -0.549181 -14.6941 0.0025 0.389896 0.343333 2.20119 0.0128239 490 4 1 0.989634 
1.40517 -0.617321 -6.60255 0.0025 0.423321 0.38648 2.28227 0.0118114 491 4 1 0.996834 
1.41091 -0.65119 -3.19283 0.0025 0.441171 0.410082 2.32375 0.0113335 492 4 1 0.999397 
1.4165 -0.665483 -1.16104 0.0025 0.449539 0.421617 2.34467 0.0111225 493 4 1 0.99995 
1.42204 -0.670924 -0.414065 0.0025 0.452348 0.426142 2.35515 0.0110534 494 4 1 1 
1.42756 -0.672803 -0.12088 0.0025 0.452497 0.427634 2.36263 0.0110498 495 3 1 1 
1.43309 -0.673498 -0.0271917 0.0025 0.451248 0.428167 2.37213 0.0110804 496 4 1 0.999985 
1.43864 -0.673827 0.00284442 0.0025 0.449748 0.429965 2.39003 0.0111173 497 5 1 0.998662 
1.4442 -0.674046 0.0168775 0.0025 0.458363 0.449413 2.45118 0.0109084 498 4 1 0.993709 
1.44955 -0.674225 0.0243257 0.0025 0.480802 0.414972 2.1577 0.0103993 499 4 1 0.99372 
