# Time [s]: 0.0737341
# Columns: pos [m], vel [m/s], acc [m/s^2], mass [kg], dens [kg/m^3], pres [Pa], ene [J/kg], sml [m], id, neighbor, alpha, gradh, ...additional?
1.45258 -0.674305 0.0275554 0.0025 0.50632 0.439576 2.17045 0.00987519 0 4 1 0.99473 
1.4574 -0.674457 0.0310108 0.0025 0.530325 0.410873 1.93689 0.00942817 1 4 1 0.999681 
1.46201 -0.674618 0.0355999 0.0025 0.543366 0.42624 1.96111 0.00920191 2 4 1 0.99999 
1.4666 -0.674807 0.0433075 0.0025 0.544895 0.427884 1.96315 0.00917608 3 4 1 1 
1.47119 -0.675042 0.0556569 0.0025 0.54519 0.428002 1.96263 0.00917111 4 3 1 1 
1.47577 -0.675349 0.0723573 0.0025 0.545128 0.427878 1.96228 0.00917215 5 4 1 1 
1.48036 -0.675758 0.0958939 0.0025 0.54494 0.427643 1.96188 0.00917532 6 4 1 1 
1.48495 -0.676303 0.131607 0.0025 0.544661 0.427315 1.96138 0.00918002 7 4 1 0.999999 
1.48954 -0.677014 0.174166 0.0025 0.544279 0.426878 1.96075 0.00918646 8 4 1 0.999999 
1.49414 -0.677939 0.220593 0.0025 0.543785 0.42632 1.95996 0.00919481 9 4 1 0.999998 
1.49874 -0.679102 0.285552 0.0025 0.543176 0.425637 1.95902 0.00920512 10 4 1 0.999997 
-0.496659 -0.680469 0.280547 0.0025 0.542582 0.424977 1.95812 0.0092152 11 4 1 0.999996 
-0.492049 -0.681397 0.455527 0.0025 0.541977 0.424295 1.95718 0.00922548 12 5 1 0.999981 
-0.487434 -0.682706 -0.722652 0.0025 0.543054 0.425443 1.95866 0.00920719 13 4 1 0.999392 
-0.482842 -0.669002 -5.19189 0.0025 0.550113 0.433198 1.96878 0.00908904 14 4 1 0.998293 
-0.478344 -0.641591 -7.21689 0.0025 0.563409 0.447949 1.98769 0.00887454 15 4 1 0.998202 
-0.473966 -0.612858 -6.55879 0.0025 0.578285 0.464601 2.00851 0.00864626 16 4 1 0.998549 
-0.469696 -0.588576 -5.69516 0.0025 0.59202 0.480108 2.02742 0.00844566 17 4 1 0.998511 
-0.465519 -0.565057 -6.44554 0.0025 0.605757 0.495755 2.04607 0.00825413 18 4 1 0.998062 
-0.46144 -0.537458 -8.06966 0.0025 0.621699 0.514105 2.06741 0.00804248 19 4 1 0.997492 
-0.457475 -0.504868 -9.62143 0.0025 0.640599 0.536117 2.09232 0.00780519 20 4 1 0.99708 
-0.453633 -0.468876 -10.7227 0.0025 0.661961 0.561313 2.11994 0.00755332 21 4 1 0.9969 
-0.449919 -0.431205 -11.4323 0.0025 0.68494 0.588781 2.14907 0.00729991 22 4 1 0.996901 
-0.44633 -0.393288 -11.8618 0.0025 0.708831 0.617731 2.17874 0.00705387 23 4 1 0.997021 
-0.442863 -0.355885 -12.0754 0.0025 0.733112 0.647556 2.20828 0.00682024 24 4 1 0.997185 
-0.439508 -0.319311 -12.2366 0.0025 0.75749 0.677899 2.23736 0.00660075 25 4 1 0.997363 
-0.43626 -0.283793 -12.3254 0.0025 0.781821 0.708576 2.26582 0.00639533 26 4 1 0.997545 
-0.433111 -0.249384 -12.3713 0.0025 0.805994 0.739434 2.29358 0.00620352 27 4 1 0.997718 
-0.430055 -0.216087 -12.3982 0.0025 0.829953 0.770387 2.3206 0.00602444 28 4 1 0.997892 
-0.427085 -0.183996 -12.3203 0.0025 0.853616 0.801308 2.34683 0.00585744 29 4 1 0.998042 
-0.424196 -0.153017 -12.3248 0.0025 0.876986 0.832175 2.37231 0.00570135 30 4 1 0.998119 
-0.421383 -0.12259 -12.7981 0.0025 0.900387 0.863436 2.39743 0.00555317 31 4 1 0.998273 
-0.418642 -0.0924499 -12.6128 0.0025 0.923536 0.894746 2.42196 0.00541397 32 4 1 0.998769 
-0.415968 -0.066354 -9.60224 0.0025 0.944109 0.922753 2.44335 0.005296 33 4 1 0.999047 
-0.413345 -0.0468763 -8.50828 0.0025 0.961944 0.94698 2.46148 0.00519781 34 4 1 0.998294 
-0.410769 -0.0207115 -16.7538 0.0025 0.984672 0.978493 2.48468 0.00507783 35 4 1 0.997653 
-0.408266 0.019563 -19.0679 0.0025 1.01391 1.01998 2.51436 0.00493138 36 4 1 0.999471 
-0.405837 0.0440731 -4.20745 0.0025 1.03355 1.04779 2.5337 0.0048377 37 4 1 1.00004 
-0.403429 0.0445631 1.45151 0.0025 1.0364 1.05151 2.53623 0.00482438 38 3 1 1.00001 
-0.401013 0.0392799 3.00762 0.0025 1.03194 1.04508 2.53178 0.00484525 39 4 1 0.999957 
-0.398583 0.0322773 3.57765 0.0025 1.02591 1.0365 2.5258 0.00487373 40 4 1 0.999903 
-0.396139 0.0248183 3.64204 0.0025 1.01968 1.02767 2.51961 0.00490351 41 4 1 0.99989 
-0.39368 0.0178451 3.27211 0.0025 1.014 1.01965 2.51396 0.00493095 42 4 1 0.999904 
-0.391208 0.0120117 2.63932 0.0025 1.00935 1.01309 2.50932 0.00495368 43 4 1 0.999933 
-0.388726 0.00758905 1.93642 0.0025 1.00587 1.0082 2.50584 0.00497082 44 4 1 0.999961 
-0.386237 0.00451604 1.30722 0.0025 1.00348 1.00485 2.50346 0.00498267 45 4 1 0.999981 
-0.383743 0.00253922 0.819929 0.0025 1.00195 1.00271 2.50193 0.00499028 46 4 1 0.999992 
-0.381247 0.00135224 0.481341 0.0025 1.00104 1.00144 2.50103 0.00499483 47 4 1 0.999997 
-0.378748 0.000683006 0.265772 0.0025 1.00052 1.00072 2.50052 0.00499739 48 4 1 0.999999 
-0.376249 0.00032737 0.138421 0.0025 1.00025 1.00035 2.50025 0.00499875 49 4 1 1 
-0.37375 0.000148873 0.0680979 0.0025 1.00011 1.00016 2.50011 0.00499943 50 4 1 1 
-0.37125 6.41868e-05 0.0316571 0.0025 1.00005 1.00007 2.50005 0.00499975 51 4 1 1 
-0.36875 2.62067e-05 0.0139014 0.0025 1.00002 1.00003 2.50002 0.0049999 52 4 1 1 
-0.36625 1.01161e-05 0.00576101 0.0025 1.00001 1.00001 2.50001 0.00499996 53 4 1 1 
-0.36375 3.68409e-06 0.00224986 0.0025 1 1 2.5 0.00499999 54 4 1 1 
-0.36125 1.2623e-06 0.000826292 0.0025 1 1 2.5 0.005 55 4 1 1 
-0.35875 4.0545e-07 0.000284587 0.0025 1 1 2.5 0.005 56 4 1 1 
-0.35625 1.21496e-07 9.15668e-05 0.0025 1 1 2.5 0.005 57 4 1 1 
-0.35375 3.37406e-08 2.7379e-05 0.0025 1 1 2.5 0.005 58 4 1 1 
-0.35125 8.6022e-09 7.55133e-06 0.0025 1 1 2.5 0.005 59 4 1 1 
-0.34875 1.98503e-09 1.90016e-06 0.0025 1 1 2.5 0.005 60 4 1 1 
-0.34625 4.05186e-10 4.28824e-07 0.0025 1 1 2.5 0.005 61 4 1 1 
-0.34375 7.01693e-11 8.42307e-08 0.0025 1 1 2.5 0.005 62 4 1 1 
-0.34125 9.42037e-12 1.3591e-08 0.0025 1 1 2.5 0.005 63 4 1 1 
-0.33875 7.35958e-13 1.54074e-09 0.0025 1 1 2.5 0.005 64 4 1 1 
-0.33625 -4.24803e-14 9.20863e-12 0.0025 1 1 2.5 0.005 65 4 1 1 
-0.33375 1.31853e-15 -5.74119e-12 0.0025 1 1 2.5 0.005 66 5 1 1 
-0.33125 9.43048e-16 5.68434e-14 0.0025 1 1 2.5 0.005 67 5 1 1 
-0.32875 2.57264e-16 1.7053e-13 0.0025 1 1 2.5 0.005 68 5 1 1 
-0.32625 1.7153e-17 5.68434e-14 0.0025 1 1 2.5 0.005 69 5 1 1 
-0.32375 3.38284e-48 1.12104e-44 0.0025 1 1 2.5 0.005 70 5 1 1 
-0.32125 0 0 0.0025 1 1 2.5 0.005 71 5 1 1 
-0.31875 0 0 0.0025 1 1 2.5 0.005 72 5 1 1 
-0.31625 0 0 0.0025 1 1 2.5 0.005 73 5 1 1 
-0.31375 0 0 0.0025 1 1 2.5 0.005 74 5 1 1 
-0.31125 0 0 0.0025 1 1 2.5 0.005 75 5 1 1 
-0.30875 0 0 0.0025 1 1 2.5 0.005 76 5 1 1 
-0.30625 0 0 0.0025 1 1 2.5 0.005 77 5 1 1 
-0.30375 0 0 0.0025 1 1 2.5 0.005 78 5 1 1 
-0.30125 0 0 0.0025 1 1 2.5 0.005 79 5 1 1 
-0.29875 0 0 0.0025 1 1 2.5 0.005 80 5 1 1 
-0.29625 0 0 0.0025 1 1 2.5 0.005 81 5 1 1 
-0.29375 0 0 0.0025 1 1 2.5 0.005 82 5 1 1 
-0.29125 0 0 0.0025 1 1 2.5 0.005 83 5 1 1 
-0.28875 0 0 0.0025 1 1 2.5 0.005 84 5 1 1 
-0.28625 0 0 0.0025 1 1 2.5 0.005 85 5 1 1 
-0.28375 0 0 0.0025 1 1 2.5 0.005 86 5 1 1 
-0.28125 0 0 0.0025 1 1 2.5 0.005 87 5 1 1 
-0.27875 0 0 0.0025 1 1 2.5 0.005 88 5 1 1 
-0.27625 0 0 0.0025 1 1 2.5 0.005 89 5 1 1 
-0.27375 0 0 0.0025 1 1 2.5 0.005 90 5 1 1 
-0.27125 0 0 0.0025 1 1 2.5 0.005 91 5 1 1 
-0.26875 0 0 0.0025 1 1 2.5 0.005 92 5 1 1 
-0.26625 0 0 0.0025 1 1 2.5 0.005 93 5 1 1 
-0.26375 0 0 0.0025 1 1 2.5 0.005 94 5 1 1 
-0.26125 0 0 0.0025 1 1 2.5 0.005 95 5 1 1 
-0.25875 0 0 0.0025 1 1 2.5 0.005 96 5 1 1 
-0.25625 0 0 0.0025 1 1 2.5 0.005 97 5 1 1 
-0.25375 0 0 0.0025 1 1 2.5 0.005 98 5 1 1 
-0.25125 0 0 0.0025 1 1 2.5 0.005 99 5 1 1 
-0.24875 0 0 0.0025 1 1 2.5 0.005 100 5 1 1 
-0.24625 0 0 0.0025 1 1 2.5 0.005 101 5 1 1 
-0.24375 0 0 0.0025 1 1 2.5 0.005 102 5 1 1 
-0.24125 0 0 0.0025 1 1 2.5 0.005 103 5 1 1 
-0.23875 0 0 0.0025 1 1 2.5 0.005 104 5 1 1 
-0.23625 0 0 0.0025 1 1 2.5 0.005 105 5 1 1 
-0.23375 0 0 0.0025 1 1 2.5 0.005 106 5 1 1 
-0.23125 0 0 0.0025 1 1 2.5 0.005 107 5 1 1 
-0.22875 0 0 0.0025 1 1 2.5 0.005 108 5 1 1 
-0.22625 0 0 0.0025 1 1 2.5 0.005 109 5 1 1 
-0.22375 0 0 0.0025 1 1 2.5 0.005 110 5 1 1 
-0.22125 0 0 0.0025 1 1 2.5 0.005 111 5 1 1 
-0.21875 0 0 0.0025 1 1 2.5 0.005 112 5 1 1 
-0.21625 0 0 0.0025 1 1 2.5 0.005 113 5 1 1 
-0.21375 0 0 0.0025 1 1 2.5 0.005 114 5 1 1 
-0.21125 0 0 0.0025 1 1 2.5 0.005 115 5 1 1 
-0.20875 0 0 0.0025 1 1 2.5 0.005 116 5 1 1 
-0.20625 0 0 0.0025 1 1 2.5 0.005 117 5 1 1 
-0.20375 0 0 0.0025 1 1 2.5 0.005 118 5 1 1 
-0.20125 0 0 0.0025 1 1 2.5 0.005 119 5 1 1 
-0.19875 0 0 0.0025 1 1 2.5 0.005 120 5 1 1 
-0.19625 0 0 0.0025 1 1 2.5 0.005 121 5 1 1 
-0.19375 0 0 0.0025 1 1 2.5 0.005 122 5 1 1 
-0.19125 0 0 0.0025 1 1 2.5 0.005 123 5 1 1 
-0.18875 0 0 0.0025 1 1 2.5 0.005 124 5 1 1 
-0.18625 0 0 0.0025 1 1 2.5 0.005 125 5 1 1 
-0.18375 0 0 0.0025 1 1 2.5 0.005 126 5 1 1 
-0.18125 0 0 0.0025 1 1 2.5 0.005 127 5 1 1 
-0.17875 0 0 0.0025 1 1 2.5 0.005 128 5 1 1 
-0.17625 0 0 0.0025 1 1 2.5 0.005 129 5 1 1 
-0.17375 0 0 0.0025 1 1 2.5 0.005 130 5 1 1 
-0.17125 0 0 0.0025 1 1 2.5 0.005 131 5 1 1 
-0.16875 0 0 0.0025 1 1 2.5 0.005 132 5 1 1 
-0.16625 0 0 0.0025 1 1 2.5 0.005 133 5 1 1 
-0.16375 0 0 0.0025 1 1 2.5 0.005 134 5 1 1 
-0.16125 0 0 0.0025 1 1 2.5 0.005 135 5 1 1 
-0.15875 0 0 0.0025 1 1 2.5 0.005 136 5 1 1 
-0.15625 0 0 0.0025 1 1 2.5 0.005 137 5 1 1 
-0.15375 0 0 0.0025 1 1 2.5 0.005 138 5 1 1 
-0.15125 0 0 0.0025 1 1 2.5 0.005 139 5 1 1 
-0.14875 0 0 0.0025 1 1 2.5 0.005 140 5 1 1 
-0.14625 0 0 0.0025 1 1 2.5 0.005 141 5 1 1 
-0.14375 0 0 0.0025 1 1 2.5 0.005 142 5 1 1 
-0.14125 0 0 0.0025 1 1 2.5 0.005 143 5 1 1 
-0.13875 0 0 0.0025 1 1 2.5 0.005 144 5 1 1 
-0.13625 0 0 0.0025 1 1 2.5 0.005 145 5 1 1 
-0.13375 0 0 0.0025 1 1 2.5 0.005 146 5 1 1 
-0.13125 0 0 0.0025 1 1 2.5 0.005 147 5 1 1 
-0.12875 0 0 0.0025 1 1 2.5 0.005 148 5 1 1 
-0.12625 0 0 0.0025 1 1 2.5 0.005 149 5 1 1 
-0.12375 0 0 0.0025 1 1 2.5 0.005 150 5 1 1 
-0.12125 0 0 0.0025 1 1 2.5 0.005 151 5 1 1 
-0.11875 0 0 0.0025 1 1 2.5 0.005 152 5 1 1 
-0.11625 0 0 0.0025 1 1 2.5 0.005 153 5 1 1 
-0.11375 0 0 0.0025 1 1 2.5 0.005 154 5 1 1 
-0.11125 0 0 0.0025 1 1 2.5 0.005 155 5 1 1 
-0.10875 0 0 0.0025 1 1 2.5 0.005 156 5 1 1 
-0.10625 0 0 0.0025 1 1 2.5 0.005 157 5 1 1 
-0.10375 0 0 0.0025 1 1 2.5 0.005 158 5 1 1 
-0.10125 0 0 0.0025 1 1 2.5 0.005 159 5 1 1 
-0.09875 0 0 0.0025 1 1 2.5 0.005 160 5 1 1 
-0.09625 0 0 0.0025 1 1 2.5 0.005 161 5 1 1 
-0.09375 0 0 0.0025 1 1 2.5 0.005 162 5 1 1 
-0.09125 0 0 0.0025 1 1 2.5 0.005 163 5 1 1 
-0.08875 0 0 0.0025 1 1 2.5 0.005 164 5 1 1 
-0.08625 0 0 0.0025 1 1 2.5 0.005 165 5 1 1 
-0.08375 0 0 0.0025 1 1 2.5 0.005 166 5 1 1 
-0.08125 0 0 0.0025 1 1 2.5 0.005 167 5 1 1 
-0.07875 0 0 0.0025 1 1 2.5 0.005 168 5 1 1 
-0.07625 0 0 0.0025 1 1 2.5 0.005 169 5 1 1 
-0.07375 0 0 0.0025 1 1 2.5 0.005 170 5 1 1 
-0.07125 0 0 0.0025 1 1 2.5 0.005 171 5 1 1 
-0.06875 0 0 0.0025 1 1 2.5 0.005 172 5 1 1 
-0.06625 0 0 0.0025 1 1 2.5 0.005 173 5 1 1 
-0.06375 0 0 0.0025 1 1 2.5 0.005 174 5 1 1 
-0.06125 0 0 0.0025 1 1 2.5 0.005 175 5 1 1 
-0.05875 -6.42144e-47 -1.12104e-44 0.0025 1 1 2.5 0.005 176 5 1 1 
-0.05625 -6.85413e-17 -1.12104e-44 0.0025 1 1 2.5 0.005 177 5 1 1 
-0.05375 -2.56176e-16 -5.68434e-14 0.0025 1 1 2.5 0.005 178 5 1 1 
-0.05125 -4.25538e-16 5.68434e-14 0.0025 1 1 2.5 0.005 179 5 1 1 
-0.04875 -5.9352e-16 -5.68434e-14 0.0025 1 1 2.5 0.005 180 5 1 1 
-0.04625 -8.28829e-16 5.68434e-14 0.0025 1 1 2.5 0.005 181 5 1 1 
-0.04375 -1.06133e-15 -5.68434e-14 0.0025 1 1 2.5 0.005 182 5 1 1 
-0.04125 -1.34087e-15 -2.24208e-44 0.0025 1 1 2.5 0.005 183 5 1 1 
-0.03875 -1.78321e-15 5.68434e-14 0.0025 1 1 2.5 0.005 184 5 1 1 
-0.03625 -1.95966e-15 -5.52203e-28 0.0025 1 1 2.5 0.005 185 5 1 1 
-0.03375 -3.61727e-15 -5.68434e-14 0.0025 1 1 2.5 0.005 186 4 1 1 
-0.03125 2.24386e-16 5.68434e-14 0.0025 1 1 2.5 0.005 187 3 1 1 
-0.02875 -2.88336e-17 -8.96831e-44 0.0025 1 1 2.5 0.005 188 3 1 1 
-0.02625 -8.80109e-16 -6.31089e-28 0.0025 1 1 2.5 0.005 189 3 1 1 
-0.02375 1.15361e-15 3.15544e-28 0.0025 1 1 2.5 0.005 190 4 1 1 
-0.02125 -9.35136e-17 -5.68434e-14 0.0025 1 1 2.5 0.005 191 5 1 1 
-0.01875 -2.37532e-16 -5.68434e-14 0.0025 1 1 2.5 0.005 192 5 1 1 
-0.01625 -2.1986e-15 -5.68434e-14 0.0025 1 1 2.5 0.005 193 4 1 1 
-0.01375 1.2263e-15 6.31089e-28 0.0025 1 1 2.5 0.005 194 3 1 1 
-0.01125 2.10195e-17 -5.68434e-14 0.0025 1 1 2.5 0.005 195 3 1 1 
-0.00875 -3.13097e-16 0 0.0025 1 1 2.5 0.005 196 3 1 1 
-0.00625 2.31959e-16 -5.68434e-14 0.0025 1 1 2.5 0.005 197 3 1 1 
-0.00375 -2.58948e-16 5.68434e-14 0.0025 1 1 2.5 0.005 198 3 1 1 
-0.00125 1.80322e-17 -1.7053e-13 0.0025 1 1 2.5 0.005 199 3 1 1 
0.00125 2.45907e-16 2.27374e-13 0.0025 1 1 2.5 0.005 200 3 1 1 
0.00375 -3.80516e-16 -1.7053e-13 0.0025 1 1 2.5 0.005 201 3 1 1 
0.00625 2.36731e-16 3.9443e-29 0.0025 1 1 2.5 0.005 202 4 1 1 
0.00875 2.70118e-16 5.68434e-14 0.0025 1 1 2.5 0.005 203 3 1 1 
0.01125 1.14863e-16 5.68434e-14 0.0025 1 1 2.5 0.005 204 3 1 1 
0.01375 4.79659e-16 -1.57772e-28 0.0025 1 1 2.5 0.005 205 4 1 1 
0.01625 -8.55806e-16 5.91646e-28 0.0025 1 1 2.5 0.005 206 4 1 1 
0.01875 -2.57656e-15 2.07076e-28 0.0025 1 1 2.5 0.005 207 5 1 1 
0.02125 -8.13417e-16 -5.91646e-28 0.0025 1 1 2.5 0.005 208 5 1 1 
0.02375 -2.41619e-15 -3.15544e-28 0.0025 1 1 2.5 0.005 209 4 1 1 
0.02625 1.77111e-15 2.76101e-28 0.0025 1 1 2.5 0.005 210 3 1 1 
0.02875 1.12772e-15 1.13687e-13 0.0025 1 1 2.5 0.005 211 3 1 1 
0.03125 4.67061e-15 -5.68434e-14 0.0025 1 1 2.5 0.005 212 4 1 1 
0.03375 2.89625e-15 5.68434e-14 0.0025 1 1 2.5 0.005 213 5 1 1 
0.03625 2.46513e-15 -5.68434e-14 0.0025 1 1 2.5 0.005 214 5 1 1 
0.03875 1.91969e-15 1.13687e-13 0.0025 1 1 2.5 0.005 215 5 1 1 
0.04125 1.38509e-15 2.24208e-44 0.0025 1 1 2.5 0.005 216 5 1 1 
0.04375 9.4732e-16 2.24208e-44 0.0025 1 1 2.5 0.005 217 5 1 1 
0.04625 6.9602e-16 5.68434e-14 0.0025 1 1 2.5 0.005 218 5 1 1 
0.04875 4.59317e-16 -5.68434e-14 0.0025 1 1 2.5 0.005 219 5 1 1 
0.05125 2.90251e-16 5.68434e-14 0.0025 1 1 2.5 0.005 220 5 1 1 
0.05375 1.36967e-16 1.12104e-44 0.0025 1 1 2.5 0.005 221 5 1 1 
0.05625 1.18195e-46 1.12104e-44 0.0025 1 1 2.5 0.005 222 5 1 1 
0.05875 0 0 0.0025 1 1 2.5 0.005 223 5 1 1 
0.06125 0 0 0.0025 1 1 2.5 0.005 224 5 1 1 
0.06375 0 0 0.0025 1 1 2.5 0.005 225 5 1 1 
0.06625 0 0 0.0025 1 1 2.5 0.005 226 5 1 1 
0.06875 0 0 0.0025 1 1 2.5 0.005 227 5 1 1 
0.07125 0 0 0.0025 1 1 2.5 0.005 228 5 1 1 
0.07375 0 0 0.0025 1 1 2.5 0.005 229 5 1 1 
0.07625 0 0 0.0025 1 1 2.5 0.005 230 5 1 1 
0.07875 0 0 0.0025 1 1 2.5 0.005 231 5 1 1 
0.08125 0 0 0.0025 1 1 2.5 0.005 232 5 1 1 
0.08375 0 0 0.0025 1 1 2.5 0.005 233 5 1 1 
0.08625 0 0 0.0025 1 1 2.5 0.005 234 5 1 1 
0.08875 0 0 0.0025 1 1 2.5 0.005 235 5 1 1 
0.09125 0 0 0.0025 1 1 2.5 0.005 236 5 1 1 
0.09375 -4.19877e-46 -1.12104e-44 0.0025 1 1 2.5 0.005 237 5 1 1 
0.09625 -1.69188e-16 0 0.0025 1 1 2.5 0.005 238 5 1 1 
0.09875 -3.37357e-16 1.12104e-44 0.0025 1 1 2.5 0.005 239 5 1 1 
0.10125 3.67956e-16 5.68434e-14 0.0025 1 1 2.5 0.005 240 5 1 1 
0.10375 2.36964e-16 5.68434e-14 0.0025 1 1 2.5 0.005 241 5 1 1 
0.10625 3.32602e-15 1.13687e-13 0.0025 1 1 2.5 0.005 242 5 1 1 
0.10875 2.45661e-15 6.72623e-44 0.0025 1 1 2.5 0.005 243 5 1 1 
0.11125 2.22485e-15 1.7053e-13 0.0025 1 1 2.5 0.005 244 5 1 1 
0.11375 -9.56673e-16 -5.68434e-14 0.0025 1 1 2.5 0.005 245 5 1 1 
0.11625 -2.69069e-16 -1.13687e-13 0.0025 1 1 2.5 0.005 246 5 1 1 
0.11875 -3.01044e-15 -1.13687e-13 0.0025 1 1 2.5 0.005 247 5 1 1 
0.12125 2.25373e-15 -4.54747e-13 0.0025 1 1 2.5 0.005 248 5 1 1 
0.12375 -8.9904e-16 -3.97904e-13 0.0025 1 1 2.5 0.005 249 4 1 1 
0.12625 8.9904e-16 3.97904e-13 0.0025 1 1 2.5 0.005 250 4 1 1 
0.12875 -2.25373e-15 4.54747e-13 0.0025 1 1 2.5 0.005 251 5 1 1 
0.13125 3.01044e-15 1.13687e-13 0.0025 1 1 2.5 0.005 252 5 1 1 
0.13375 2.69069e-16 1.13687e-13 0.0025 1 1 2.5 0.005 253 5 1 1 
0.13625 9.56673e-16 5.68434e-14 0.0025 1 1 2.5 0.005 254 5 1 1 
0.13875 -2.22485e-15 -1.7053e-13 0.0025 1 1 2.5 0.005 255 5 1 1 
0.14125 -2.45661e-15 -6.72623e-44 0.0025 1 1 2.5 0.005 256 5 1 1 
0.14375 -3.32602e-15 -1.13687e-13 0.0025 1 1 2.5 0.005 257 5 1 1 
0.14625 -2.36964e-16 -5.68434e-14 0.0025 1 1 2.5 0.005 258 5 1 1 
0.14875 -3.67956e-16 -5.68434e-14 0.0025 1 1 2.5 0.005 259 5 1 1 
0.15125 3.37357e-16 -1.12104e-44 0.0025 1 1 2.5 0.005 260 5 1 1 
0.15375 1.69188e-16 0 0.0025 1 1 2.5 0.005 261 5 1 1 
0.15625 4.19877e-46 1.12104e-44 0.0025 1 1 2.5 0.005 262 5 1 1 
0.15875 0 0 0.0025 1 1 2.5 0.005 263 5 1 1 
0.16125 0 0 0.0025 1 1 2.5 0.005 264 5 1 1 
0.16375 0 0 0.0025 1 1 2.5 0.005 265 5 1 1 
0.16625 0 0 0.0025 1 1 2.5 0.005 266 5 1 1 
0.16875 0 0 0.0025 1 1 2.5 0.005 267 5 1 1 
0.17125 0 0 0.0025 1 1 2.5 0.005 268 5 1 1 
0.17375 0 0 0.0025 1 1 2.5 0.005 269 5 1 1 
0.17625 0 0 0.0025 1 1 2.5 0.005 270 5 1 1 
0.17875 0 0 0.0025 1 1 2.5 0.005 271 5 1 1 
0.18125 0 0 0.0025 1 1 2.5 0.005 272 5 1 1 
0.18375 0 0 0.0025 1 1 2.5 0.005 273 5 1 1 
0.18625 0 0 0.0025 1 1 2.5 0.005 274 5 1 1 
0.18875 0 0 0.0025 1 1 2.5 0.005 275 5 1 1 
0.19125 0 0 0.0025 1 1 2.5 0.005 276 5 1 1 
0.19375 0 0 0.0025 1 1 2.5 0.005 277 5 1 1 
0.19625 0 0 0.0025 1 1 2.5 0.005 278 5 1 1 
0.19875 0 0 0.0025 1 1 2.5 0.005 279 5 1 1 
0.20125 -2.36634e-47 -1.12104e-44 0.0025 1 1 2.5 0.005 280 5 1 1 
0.20375 -6.85718e-17 -1.12104e-44 0.0025 1 1 2.5 0.005 281 5 1 1 
0.20625 -2.05192e-16 0 0.0025 1 1 2.5 0.005 282 5 1 1 
0.20875 -3.5855e-16 -5.68434e-14 0.0025 1 1 2.5 0.005 283 5 1 1 
0.21125 -5.28077e-16 5.68434e-14 0.0025 1 1 2.5 0.005 284 5 1 1 
0.21375 -7.13509e-16 1.12104e-44 0.0025 1 1 2.5 0.005 285 5 1 1 
0.21625 -8.28304e-16 5.68434e-14 0.0025 1 1 2.5 0.005 286 5 1 1 
0.21875 -1.04357e-15 8.96831e-44 0.0025 1 1 2.5 0.005 287 5 1 1 
0.22125 1.61992e-15 1.7053e-13 0.0025 1 1 2.5 0.005 288 5 1 1 
0.22375 3.17205e-16 0 0.0025 1 1 2.5 0.005 289 5 1 1 
0.22625 -6.73381e-16 -1.13687e-13 0.0025 1 1 2.5 0.005 290 5 1 1 
0.22875 -1.65767e-15 2.69049e-43 0.0025 1 1 2.5 0.005 291 5 1 1 
0.23125 3.65247e-16 3.41061e-13 0.0025 1 1 2.5 0.005 292 5 1 1 
0.23375 -2.11687e-15 2.27374e-13 0.0025 1 1 2.5 0.005 293 5 1 1 
0.23625 1.82269e-15 -3.41061e-13 0.0025 1 1 2.5 0.005 294 5 1 1 
0.23875 -1.24579e-15 -4.54747e-13 0.0025 1 1 2.5 0.005 295 5 1 1 
0.24125 1.17212e-15 8.52651e-13 0.0025 1 1 2.5 0.005 296 5 1 1 
0.24375 -3.64218e-15 9.66338e-13 0.0025 1 1 2.5 0.005 297 5 1 1 
0.24625 4.77735e-15 -7.95808e-13 0.0025 1 1 2.5 0.005 298 5 1 1 
0.24875 -1.81209e-15 -7.38964e-13 0.0025 1 1 2.5 0.005 299 3 1 1 
0.25125 1.81209e-15 7.38964e-13 0.0025 1 1 2.5 0.005 300 3 1 1 
0.25375 -4.77735e-15 7.95808e-13 0.0025 1 1 2.5 0.005 301 5 1 1 
0.25625 3.64218e-15 -9.66338e-13 0.0025 1 1 2.5 0.005 302 5 1 1 
0.25875 -1.17212e-15 -8.52651e-13 0.0025 1 1 2.5 0.005 303 5 1 1 
0.26125 1.24579e-15 4.54747e-13 0.0025 1 1 2.5 0.005 304 5 1 1 
0.26375 -1.82269e-15 3.41061e-13 0.0025 1 1 2.5 0.005 305 5 1 1 
0.26625 2.11687e-15 -2.27374e-13 0.0025 1 1 2.5 0.005 306 5 1 1 
0.26875 -3.65247e-16 -3.41061e-13 0.0025 1 1 2.5 0.005 307 5 1 1 
0.27125 1.65767e-15 -2.69049e-43 0.0025 1 1 2.5 0.005 308 5 1 1 
0.27375 6.73381e-16 1.13687e-13 0.0025 1 1 2.5 0.005 309 5 1 1 
0.27625 -3.17205e-16 0 0.0025 1 1 2.5 0.005 310 5 1 1 
0.27875 -1.61992e-15 -1.7053e-13 0.0025 1 1 2.5 0.005 311 5 1 1 
0.28125 1.04357e-15 -8.96831e-44 0.0025 1 1 2.5 0.005 312 5 1 1 
0.28375 8.28304e-16 -5.68434e-14 0.0025 1 1 2.5 0.005 313 5 1 1 
0.28625 7.13509e-16 -1.12104e-44 0.0025 1 1 2.5 0.005 314 5 1 1 
0.28875 5.28077e-16 -5.68434e-14 0.0025 1 1 2.5 0.005 315 5 1 1 
0.29125 3.5855e-16 5.68434e-14 0.0025 1 1 2.5 0.005 316 5 1 1 
0.29375 2.05192e-16 0 0.0025 1 1 2.5 0.005 317 5 1 1 
0.29625 6.85718e-17 1.12104e-44 0.0025 1 1 2.5 0.005 318 5 1 1 
0.29875 2.36634e-47 1.12104e-44 0.0025 1 1 2.5 0.005 319 5 1 1 
0.30125 0 0 0.0025 1 1 2.5 0.005 320 5 1 1 
0.30375 0 0 0.0025 1 1 2.5 0.005 321 5 1 1 
0.30625 0 0 0.0025 1 1 2.5 0.005 322 5 1 1 
0.30875 0 0 0.0025 1 1 2.5 0.005 323 5 1 1 
0.31125 0 0 0.0025 1 1 2.5 0.005 324 5 1 1 
0.31375 0 0 0.0025 1 1 2.5 0.005 325 5 1 1 
0.31625 0 0 0.0025 1 1 2.5 0.005 326 5 1 1 
0.31875 0 0 0.0025 1 1 2.5 0.005 327 5 1 1 
0.32125 0 0 0.0025 1 1 2.5 0.005 328 5 1 1 
0.32375 -3.38284e-48 -1.12104e-44 0.0025 1 1 2.5 0.005 329 5 1 1 
0.32625 -1.7153e-17 -5.68434e-14 0.0025 1 1 2.5 0.005 330 5 1 1 
0.32875 -2.57264e-16 -1.7053e-13 0.0025 1 1 2.5 0.005 331 5 1 1 
0.33125 -9.43048e-16 -5.68434e-14 0.0025 1 1 2.5 0.005 332 5 1 1 
0.33375 -1.31853e-15 5.74119e-12 0.0025 1 1 2.5 0.005 333 5 1 1 
0.33625 4.24803e-14 -9.20863e-12 0.0025 1 1 2.5 0.005 334 4 1 1 
0.33875 -7.35958e-13 -1.54074e-09 0.0025 1 1 2.5 0.005 335 4 1 1 
0.34125 -9.42037e-12 -1.3591e-08 0.0025 1 1 2.5 0.005 336 4 1 1 
0.34375 -7.01693e-11 -8.42307e-08 0.0025 1 1 2.5 0.005 337 4 1 1 
0.34625 -4.05186e-10 -4.28824e-07 0.0025 1 1 2.5 0.005 338 4 1 1 
0.34875 -1.98503e-09 -1.90016e-06 0.0025 1 1 2.5 0.005 339 4 1 1 
0.35125 -8.6022e-09 -7.55133e-06 0.0025 1 1 2.5 0.005 340 4 1 1 
0.35375 -3.37406e-08 -2.7379e-05 0.0025 1 1 2.5 0.005 341 4 1 1 
0.35625 -1.21496e-07 -9.15668e-05 0.0025 1 1 2.5 0.005 342 4 1 1 
0.35875 -4.0545e-07 -0.000284587 0.0025 1 1 2.5 0.005 343 4 1 1 
0.36125 -1.2623e-06 -0.000826292 0.0025 1 1 2.5 0.005 344 4 1 1 
0.36375 -3.68409e-06 -0.00224986 0.0025 1 1 2.5 0.00499999 345 4 1 1 
0.36625 -1.01161e-05 -0.00576101 0.0025 1.00001 1.00001 2.50001 0.00499996 346 4 1 1 
0.36875 -2.62067e-05 -0.0139014 0.0025 1.00002 1.00003 2.50002 0.0049999 347 4 1 1 
0.37125 -6.41868e-05 -0.0316571 0.0025 1.00005 1.00007 2.50005 0.00499975 348 4 1 1 
0.37375 -0.000148873 -0.0680979 0.0025 1.00011 1.00016 2.50011 0.00499943 349 4 1 1 
0.376249 -0.00032737 -0.138421 0.0025 1.00025 1.00035 2.50025 0.00499875 350 4 1 1 
0.378748 -0.000683006 -0.265772 0.0025 1.00052 1.00072 2.50052 0.00499739 351 4 1 0.999999 
0.381247 -0.00135224 -0.481341 0.0025 1.00104 1.00144 2.50103 0.00499483 352 4 1 0.999997 
0.383743 -0.00253922 -0.819929 0.0025 1.00195 1.00271 2.50193 0.00499028 353 4 1 0.999992 
0.386237 -0.00451604 -1.30722 0.0025 1.00348 1.00485 2.50346 0.00498267 354 4 1 0.999981 
0.388726 -0.00758905 -1.93642 0.0025 1.00587 1.0082 2.50584 0.00497082 355 4 1 0.999961 
0.391208 -0.0120117 -2.63932 0.0025 1.00935 1.01309 2.50932 0.00495368 356 4 1 0.999933 
0.39368 -0.0178451 -3.27211 0.0025 1.014 1.01965 2.51396 0.00493095 357 4 1 0.999904 
0.396139 -0.0248183 -3.64204 0.0025 1.01968 1.02767 2.51961 0.00490351 358 4 1 0.99989 
0.398583 -0.0322773 -3.57765 0.0025 1.02591 1.0365 2.5258 0.00487373 359 4 1 0.999903 
0.401013 -0.0392799 -3.00762 0.0025 1.03194 1.04508 2.53178 0.00484525 360 4 1 0.999957 
0.403429 -0.0445631 -1.45151 0.0025 1.0364 1.05151 2.53623 0.00482438 361 3 1 1.00001 
0.405837 -0.0440731 4.20745 0.0025 1.03355 1.04779 2.5337 0.0048377 362 4 1 1.00004 
0.408266 -0.019563 19.0679 0.0025 1.01391 1.01998 2.51436 0.00493138 363 4 1 0.999471 
0.410769 0.0207115 16.7538 0.0025 0.984672 0.978493 2.48468 0.00507783 364 4 1 0.997653 
0.413345 0.0468763 8.50828 0.0025 0.961944 0.94698 2.46148 0.00519781 365 4 1 0.998294 
0.415968 0.066354 9.60224 0.0025 0.944109 0.922753 2.44335 0.005296 366 4 1 0.999047 
0.418642 0.0924499 12.6128 0.0025 0.923536 0.894746 2.42196 0.00541397 367 4 1 0.998769 
0.421383 0.12259 12.7981 0.0025 0.900387 0.863436 2.39743 0.00555317 368 4 1 0.998273 
0.424196 0.153017 12.3248 0.0025 0.876986 0.832175 2.37231 0.00570135 369 4 1 0.998119 
0.427085 0.183996 12.3203 0.0025 0.853616 0.801308 2.34683 0.00585744 370 4 1 0.998042 
0.430055 0.216087 12.3982 0.0025 0.829953 0.770387 2.3206 0.00602444 371 4 1 0.997892 
0.433111 0.249384 12.3713 0.0025 0.805994 0.739434 2.29358 0.00620352 372 4 1 0.997718 
0.43626 0.283793 12.3254 0.0025 0.781821 0.708576 2.26582 0.00639533 373 4 1 0.997545 
0.439508 0.319311 12.2366 0.0025 0.75749 0.677899 2.23736 0.00660075 374 4 1 0.997363 
0.442863 0.355885 12.0754 0.0025 0.733112 0.647556 2.20828 0.00682024 375 4 1 0.997185 
0.44633 0.393288 11.8618 0.0025 0.708831 0.617731 2.17874 0.00705387 376 4 1 0.997021 
0.449919 0.431205 11.4323 0.0025 0.68494 0.588781 2.14907 0.00729991 377 4 1 0.996901 
0.453633 0.468876 10.7227 0.0025 0.661961 0.561313 2.11994 0.00755332 378 4 1 0.9969 
0.457475 0.504868 9.62143 0.0025 0.640599 0.536117 2.09232 0.00780519 379 4 1 0.99708 
0.46144 0.537458 8.06966 0.0025 0.621699 0.514105 2.06741 0.00804248 380 4 1 0.997492 
0.465519 0.565057 6.44554 0.0025 0.605757 0.495755 2.04607 0.00825413 381 4 1 0.998062 
0.469696 0.588576 5.69516 0.0025 0.59202 0.480108 2.02742 0.00844566 382 4 1 0.998511 
0.473966 0.612858 6.55879 0.0025 0.578285 0.464601 2.00851 0.00864626 383 4 1 0.998549 
0.478344 0.641591 7.21689 0.0025 0.563409 0.447949 1.98769 0.00887454 384 4 1 0.998202 
0.482842 0.669002 5.19189 0.0025 0.550113 0.433198 1.96878 0.00908904 385 4 1 0.998293 
0.487434 0.682706 0.722652 0.0025 0.543054 0.425443 1.95866 0.00920719 386 4 1 0.999392 
0.492049 0.681397 -0.455527 0.0025 0.541977 0.424295 1.95718 0.00922548 387 5 1 0.999981 
0.496659 0.680469 -0.280547 0.0025 0.542582 0.424977 1.95812 0.0092152 388 4 1 0.999996 
0.501265 0.679102 -0.285552 0.0025 0.543176 0.425637 1.95902 0.00920512 389 4 1 0.999997 
0.505864 0.677939 -0.220593 0.0025 0.543785 0.42632 1.95996 0.00919481 390 4 1 0.999998 
0.510459 0.677014 -0.174166 0.0025 0.544279 0.426878 1.96075 0.00918646 391 4 1 0.999999 
0.515051 0.676303 -0.131607 0.0025 0.544661 0.427315 1.96138 0.00918002 392 4 1 0.999999 
0.519639 0.675758 -0.0958939 0.0025 0.54494 0.427643 1.96188 0.00917532 393 4 1 1 
0.524226 0.675349 -0.0723573 0.0025 0.545128 0.427878 1.96228 0.00917215 394 4 1 1 
0.528812 0.675042 -0.0556569 0.0025 0.54519 0.428002 1.96263 0.00917111 395 3 1 1 
0.533397 0.674807 -0.0433075 0.0025 0.544895 0.427884 1.96315 0.00917608 396 4 1 1 
0.537988 0.674618 -0.0355999 0.0025 0.543366 0.42624 1.96111 0.00920191 397 4 1 0.99999 
0.542599 0.674457 -0.0310108 0.0025 0.530325 0.410873 1.93689 0.00942817 398 4 1 0.999681 
0.547421 0.674305 -0.0275554 0.0025 0.50632 0.439576 2.17045 0.00987519 399 4 1 0.99473 
0.552481 0.674153 -0.023668 0.0025 0.480848 0.415027 2.15779 0.0103983 400 4 1 0.99372 
0.557828 0.673993 -0.0180703 0.0025 0.45841 0.449477 2.45128 0.0109073 401 4 1 0.99371 
0.563394 0.673809 -0.00850669 0.0025 0.449808 0.430045 2.39016 0.0111159 402 5 1 0.998664 
0.568944 0.673555 0.0127195 0.0025 0.451353 0.428308 2.37235 0.0110778 403 4 1 0.999978 
0.574472 0.673091 0.073044 0.0025 0.452754 0.427973 2.36316 0.0110435 404 4 1 1 
0.579988 0.6719 0.246799 0.0025 0.45308 0.427107 2.35667 0.0110356 405 3 1 1 
0.585508 0.668378 0.780264 0.0025 0.451497 0.42419 2.34877 0.0110743 406 4 1 0.999991 
0.591062 0.65901 2.05998 0.0025 0.445932 0.416317 2.3339 0.0112125 407 4 1 0.999744 
0.596721 0.634833 5.04976 0.0025 0.432729 0.39868 2.30318 0.0115546 408 4 1 0.99835 
0.602622 0.585662 9.89078 0.0025 0.407116 0.365327 2.24316 0.0122815 409 4 1 0.993549 
0.609026 0.477078 23.2143 0.0025 0.363367 0.309812 2.13135 0.0137602 410 4 1 0.982212 
0.616482 0.278573 32.5411 0.0025 0.310391 0.245891 1.98062 0.0161087 411 4 1 0.962313 
0.625306 0.0925002 20.4159 0.0025 0.270931 0.20144 1.85909 0.0184549 412 4 1 0.962835 
0.635019 0.0128163 5.19862 0.0025 0.254037 0.18359 1.80688 0.0196822 413 4 1 0.988344 
0.644996 -0.000456597 0.292191 0.0025 0.250239 0.179736 1.79568 0.0199809 414 4 1 0.999181 
0.655 -0.00019496 -0.0950606 0.0025 0.249955 0.179455 1.79487 0.0200036 415 5 1 0.999995 
0.665 1.26805e-05 -0.00126532 0.0025 0.249998 0.179498 1.79499 0.0200002 416 4 1 1 
0.675 5.15762e-06 0.00110537 0.0025 0.250001 0.179501 1.795 0.0199999 417 3 1 1 
0.685 1.06358e-06 0.000276674 0.0025 0.25 0.1795 1.795 0.02 418 4 1 1 
0.695 1.85362e-07 5.28222e-05 0.0025 0.25 0.1795 1.795 0.02 419 4 1 1 
0.705 2.88979e-08 8.93593e-06 0.0025 0.25 0.1795 1.795 0.02 420 4 1 1 
0.715 4.06196e-09 1.36054e-06 0.0025 0.25 0.1795 1.795 0.02 421 4 1 1 
0.725 5.13521e-10 1.86456e-07 0.0025 0.25 0.1795 1.795 0.02 422 4 1 1 
0.735 5.79785e-11 2.2884e-08 0.0025 0.25 0.1795 1.795 0.02 423 4 1 1 
0.745 5.76179e-12 2.49183e-09 0.0025 0.25 0.1795 1.795 0.02 424 4 1 1 
0.755 5.01044e-13 2.37748e-10 0.0025 0.25 0.1795 1.795 0.02 425 4 1 1 
0.765 2.98504e-14 1.90141e-11 0.0025 0.25 0.1795 1.795 0.02 426 4 1 1 
0.775 9.34345e-16 5.40012e-13 0.0025 0.25 0.1795 1.795 0.02 427 5 1 1 
0.785 7.28791e-17 7.10543e-14 0.0025 0.25 0.1795 1.795 0.02 428 5 1 1 
0.795 1.85981e-47 1.12104e-44 0.0025 0.25 0.1795 1.795 0.02 429 5 1 1 
0.805 0 0 0.0025 0.25 0.1795 1.795 0.02 430 5 1 1 
0.815 0 0 0.0025 0.25 0.1795 1.795 0.02 431 5 1 1 
0.825 0 0 0.0025 0.25 0.1795 1.795 0.02 432 5 1 1 
0.835 0 0 0.0025 0.25 0.1795 1.795 0.02 433 5 1 1 
0.845 0 0 0.0025 0.25 0.1795 1.795 0.02 434 5 1 1 
0.855 0 0 0.0025 0.25 0.1795 1.795 0.02 435 5 1 1 
0.865 0 0 0.0025 0.25 0.1795 1.795 0.02 436 5 1 1 
0.875 0 0 0.0025 0.25 0.1795 1.795 0.02 437 5 1 1 
0.885 0 0 0.0025 0.25 0.1795 1.795 0.02 438 5 1 1 
0.895 0 0 0.0025 0.25 0.1795 1.795 0.02 439 5 1 1 
0.905 0 0 0.0025 0.25 0.1795 1.795 0.02 440 5 1 1 
0.915 -4.63896e-47 -2.8026e-45 0.0025 0.25 0.1795 1.795 0.02 441 5 1 1 
0.925 -9.8523e-17 -1.42109e-14 0.0025 0.25 0.1795 1.795 0.02 442 5 1 1 
0.935 -4.87085e-16 -2.84217e-14 0.0025 0.25 0.1795 1.795 0.02 443 5 1 1 
0.945 -1.32161e-15 -5.68434e-14 0.0025 0.25 0.1795 1.795 0.02 444 5 1 1 
0.955 -3.2168e-15 -8.52651e-14 0.0025 0.25 0.1795 1.795 0.02 445 5 1 1 
0.965 -6.75981e-15 -9.9476e-14 0.0025 0.25 0.1795 1.795 0.02 446 5 1 1 
0.975 -1.33219e-14 -1.56319e-13 0.0025 0.25 0.1795 1.795 0.02 447 5 1 1 
0.985 5.76273e-15 3.97904e-13 0.0025 0.25 0.1795 1.795 0.02 448 5 1 1 
0.995 -5.07824e-15 4.54747e-13 0.0025 0.25 0.1795 1.795 0.02 449 3 1 1 
1.005 5.07824e-15 -4.54747e-13 0.0025 0.25 0.1795 1.795 0.02 450 3 1 1 
1.015 -5.76273e-15 -3.97904e-13 0.0025 0.25 0.1795 1.795 0.02 451 5 1 1 
1.025 1.33219e-14 1.56319e-13 0.0025 0.25 0.1795 1.795 0.02 452 5 1 1 
1.035 6.75981e-15 9.9476e-14 0.0025 0.25 0.1795 1.795 0.02 453 5 1 1 
1.045 3.2168e-15 8.52651e-14 0.0025 0.25 0.1795 1.795 0.02 454 5 1 1 
1.055 1.32161e-15 5.68434e-14 0.0025 0.25 0.1795 1.795 0.02 455 5 1 1 
1.065 4.87085e-16 2.84217e-14 0.0025 0.25 0.1795 1.795 0.02 456 5 1 1 
1.075 9.8523e-17 1.42109e-14 0.0025 0.25 0.1795 1.795 0.02 457 5 1 1 
1.085 4.63896e-47 2.8026e-45 0.0025 0.25 0.1795 1.795 0.02 458 5 1 1 
1.095 0 0 0.0025 0.25 0.1795 1.795 0.02 459 5 1 1 
1.105 0 0 0.0025 0.25 0.1795 1.795 0.02 460 5 1 1 
1.115 0 0 0.0025 0.25 0.1795 1.795 0.02 461 5 1 1 
1.125 0 0 0.0025 0.25 0.1795 1.795 0.02 462 5 1 1 
1.135 0 0 0.0025 0.25 0.1795 1.795 0.02 463 5 1 1 
1.145 0 0 0.0025 0.25 0.1795 1.795 0.02 464 5 1 1 
1.155 0 0 0.0025 0.25 0.1795 1.795 0.02 465 5 1 1 
1.165 0 0 0.0025 0.25 0.1795 1.795 0.02 466 5 1 1 
1.175 0 0 0.0025 0.25 0.1795 1.795 0.02 467 5 1 1 
1.185 0 0 0.0025 0.25 0.1795 1.795 0.02 468 5 1 1 
1.195 0 0 0.0025 0.25 0.1795 1.795 0.02 469 5 1 1 
1.205 -2.53608e-47 -1.12104e-44 0.0025 0.25 0.1795 1.795 0.02 470 5 1 1 
1.215 -9.43035e-17 -5.68434e-14 0.0025 0.25 0.1795 1.795 0.02 471 5 1 1 
1.225 -1.17828e-15 -4.9738e-13 0.0025 0.25 0.1795 1.795 0.02 472 5 1 1 
1.235 -2.54209e-14 -1.81046e-11 0.0025 0.25 0.1795 1.795 0.02 473 4 1 1 
1.245 -5.04957e-13 -2.40178e-10 0.0025 0.25 0.1795 1.795 0.02 474 4 1 1 
1.255 -5.76524e-12 -2.48936e-09 0.0025 0.25 0.1795 1.795 0.02 475 4 1 1 
1.265 -5.79648e-11 -2.28839e-08 0.0025 0.25 0.1795 1.795 0.02 476 4 1 1 
1.275 -5.13511e-10 -1.86458e-07 0.0025 0.25 0.1795 1.795 0.02 477 4 1 1 
1.285 -4.06196e-09 -1.36054e-06 0.0025 0.25 0.1795 1.795 0.02 478 4 1 1 
1.295 -2.88979e-08 -8.93593e-06 0.0025 0.25 0.1795 1.795 0.02 479 4 1 1 
1.305 -1.85362e-07 -5.28222e-05 0.0025 0.25 0.1795 1.795 0.02 480 4 1 1 
1.315 -1.06358e-06 -0.000276674 0.0025 0.25 0.1795 1.795 0.02 481 4 1 1 
1.325 -5.15762e-06 -0.00110537 0.0025 0.250001 0.179501 1.795 0.0199999 482 3 1 1 
1.335 -1.26805e-05 0.00126532 0.0025 0.249998 0.179498 1.79499 0.0200002 483 4 1 1 
1.345 0.00019496 0.0950606 0.0025 0.249955 0.179455 1.79487 0.0200036 484 5 1 0.999995 
1.355 0.000456597 -0.292191 0.0025 0.250239 0.179736 1.79568 0.0199809 485 4 1 0.999181 
1.36498 -0.0128163 -5.19862 0.0025 0.254037 0.18359 1.80688 0.0196822 486 4 1 0.988344 
1.37469 -0.0925002 -20.4159 0.0025 0.270931 0.20144 1.85909 0.0184549 487 4 1 0.962835 
1.38352 -0.278573 -32.5411 0.0025 0.310391 0.245891 1.98062 0.0161087 488 4 1 0.962313 
1.39097 -0.477078 -23.2143 0.0025 0.363367 0.309812 2.13135 0.0137602 489 4 1 0.982212 
1.39738 -0.585662 -9.89078 0.0025 0.407116 0.365327 2.24316 0.0122815 490 4 1 0.993549 
1.40328 -0.634833 -5.04976 0.0025 0.432729 0.39868 2.30318 0.0115546 491 4 1 0.99835 
1.40894 -0.65901 -2.05998 0.0025 0.445932 0.416317 2.3339 0.0112125 492 4 1 0.999744 
1.41449 -0.668378 -0.780264 0.0025 0.451497 0.42419 2.34877 0.0110743 493 4 1 0.999991 
1.42001 -0.6719 -0.246799 0.0025 0.45308 0.427107 2.35667 0.0110356 494 3 1 1 
1.42553 -0.673091 -0.073044 0.0025 0.452754 0.427973 2.36316 0.0110435 495 4 1 1 
1.43106 -0.673555 -0.0127195 0.0025 0.451353 0.428308 2.37235 0.0110778 496 4 1 0.999978 
1.43661 -0.673809 0.00850669 0.0025 0.449808 0.430045 2.39016 0.0111159 497 5 1 0.998664 
1.44217 -0.673993 0.0180703 0.0025 0.45841 0.449477 2.45128 0.0109073 498 4 1 0.99371 
1.44752 -0.674153 0.023668 0.0025 0.480848 0.415027 2.15779 0.0103983 499 4 1 0.99372 
