# Time [s]: 0.0731306
# Columns: pos [m], vel [m/s], acc [m/s^2], mass [kg], dens [kg/m^3], pres [Pa], ene [J/kg], sml [m], id, neighbor, alpha, gradh, ...additional?
1.45299 -0.674322 0.0278205 0.0025 0.50631 0.439565 2.17043 0.00987537 0 4 1 0.99473 
1.45781 -0.674476 0.0314305 0.0025 0.530315 0.410861 1.93687 0.00942836 1 4 1 0.999682 
1.46242 -0.67464 0.0363224 0.0025 0.543353 0.426226 1.96109 0.00920212 2 4 1 0.99999 
1.46701 -0.674833 0.044439 0.0025 0.54488 0.427867 1.96312 0.00917634 3 4 1 1 
1.4716 -0.675076 0.05759 0.0025 0.54517 0.42798 1.9626 0.00917144 4 3 1 1 
1.47618 -0.675393 0.0751933 0.0025 0.545102 0.42785 1.96224 0.00917259 5 4 1 1 
1.48077 -0.675817 0.0994297 0.0025 0.544905 0.427605 1.96183 0.0091759 6 4 1 1 
1.48536 -0.676384 0.136303 0.0025 0.544615 0.427264 1.96131 0.00918079 7 4 1 0.999999 
1.48995 -0.677121 0.180765 0.0025 0.54422 0.426812 1.96066 0.00918746 8 4 1 0.999999 
1.49454 -0.678074 0.227035 0.0025 0.54371 0.426237 1.95985 0.00919609 9 4 1 0.999998 
1.49915 -0.679279 0.299335 0.0025 0.543085 0.425538 1.95889 0.00920666 10 4 1 0.999996 
-0.496248 -0.680627 0.242594 0.0025 0.542499 0.424886 1.958 0.00921661 11 4 1 0.999996 
-0.491638 -0.681734 0.66126 0.0025 0.541909 0.424217 1.95708 0.00922664 12 5 1 0.999961 
-0.487022 -0.682063 -1.40666 0.0025 0.543561 0.425996 1.95939 0.0091986 13 4 1 0.999216 
-0.482439 -0.665712 -5.71129 0.0025 0.551702 0.434955 1.97106 0.00906286 14 4 1 0.998195 
-0.477958 -0.637217 -7.27646 0.0025 0.565585 0.450376 1.99076 0.0088404 15 4 1 0.998245 
-0.473597 -0.608951 -6.38824 0.0025 0.58041 0.466993 2.01146 0.0086146 16 4 1 0.998565 
-0.469342 -0.585131 -5.71832 0.0025 0.594048 0.482409 2.03019 0.00841682 17 4 1 0.998449 
-0.465179 -0.561089 -6.70683 0.0025 0.608068 0.498402 2.04918 0.00822277 18 4 1 0.997946 
-0.461117 -0.532488 -8.39861 0.0025 0.624573 0.517436 2.07123 0.00800546 19 4 1 0.997376 
-0.457172 -0.498975 -9.90729 0.0025 0.644062 0.540179 2.09684 0.00776323 20 4 1 0.996993 
-0.453352 -0.462334 -10.9562 0.0025 0.665914 0.566012 2.125 0.00750848 21 4 1 0.996847 
-0.449661 -0.424252 -11.6097 0.0025 0.689269 0.593998 2.1545 0.00725406 22 4 1 0.996874 
-0.446095 -0.386086 -12.0076 0.0025 0.71344 0.623363 2.18439 0.0070083 23 4 1 0.997007 
-0.44265 -0.348557 -12.2111 0.0025 0.737949 0.653546 2.2141 0.00677553 24 4 1 0.997179 
-0.439318 -0.31189 -12.3543 0.0025 0.76252 0.68421 2.24329 0.00655721 25 4 1 0.997363 
-0.436091 -0.276321 -12.4368 0.0025 0.787016 0.715176 2.27183 0.00635311 26 4 1 0.997547 
-0.432963 -0.241885 -12.4786 0.0025 0.811339 0.746308 2.29965 0.00616266 27 4 1 0.997726 
-0.429927 -0.208579 -12.4806 0.0025 0.835422 0.777503 2.3267 0.005985 28 4 1 0.9979 
-0.426976 -0.176535 -12.4046 0.0025 0.859196 0.808648 2.35295 0.0058194 29 4 1 0.998036 
-0.424106 -0.145524 -12.5075 0.0025 0.882737 0.839824 2.37852 0.0056642 30 4 1 0.998109 
-0.421311 -0.114799 -13.0222 0.0025 0.90636 0.871482 2.4038 0.00551657 31 4 1 0.998355 
-0.418588 -0.0849815 -12.1368 0.0025 0.929248 0.902521 2.42795 0.00538069 32 4 1 0.998899 
-0.41593 -0.0608372 -8.67976 0.0025 0.948892 0.929243 2.44823 0.0052693 33 4 1 0.998927 
-0.413319 -0.0412383 -10.1755 0.0025 0.967339 0.954366 2.46696 0.00516882 34 4 1 0.997894 
-0.41076 -0.00979602 -19.4191 0.0025 0.992931 0.990156 2.49313 0.0050356 35 4 1 0.998015 
-0.408282 0.0300554 -15.7026 0.0025 1.02147 1.03072 2.52189 0.00489493 36 4 1 0.999844 
-0.405864 0.0457387 -1.3119 0.0025 1.03596 1.05113 2.53598 0.00482643 37 3 1 1.00001 
-0.403455 0.0434451 2.25357 0.0025 1.0355 1.05018 2.53532 0.00482858 38 4 1 1.00002 
-0.401036 0.0373916 3.25008 0.0025 1.03028 1.04272 2.53014 0.00485304 39 4 1 0.999934 
-0.398602 0.0300875 3.67884 0.0025 1.02405 1.03387 2.52396 0.00488257 40 4 1 0.999894 
-0.396153 0.022635 3.59319 0.0025 1.01788 1.02513 2.51782 0.00491217 41 4 1 0.99989 
-0.39369 0.0159178 3.11482 0.0025 1.01245 1.01746 2.51241 0.0049385 42 4 1 0.999911 
-0.391215 0.0104811 2.43283 0.0025 1.00814 1.01139 2.50811 0.00495963 43 4 1 0.999941 
-0.38873 0.00648158 1.73363 0.0025 1.005 1.00699 2.50498 0.0049751 44 4 1 0.999968 
-0.386239 0.00377761 1.13987 0.0025 1.0029 1.00405 2.50289 0.00498552 45 4 1 0.999985 
-0.383745 0.00208123 0.69781 0.0025 1.0016 1.00222 2.50158 0.00499204 46 4 1 0.999994 
-0.381247 0.00108617 0.400377 0.0025 1.00083 1.00115 2.50082 0.00499585 47 4 1 0.999998 
-0.378749 0.000537562 0.216214 0.0025 1.00041 1.00057 2.50041 0.00499795 48 4 1 0.999999 
-0.376249 0.00025236 0.110154 0.0025 1.00019 1.00027 2.50019 0.00499904 49 4 1 1 
-0.37375 0.000112332 0.0529977 0.0025 1.00009 1.00012 2.50008 0.00499957 50 4 1 1 
-0.37125 4.7367e-05 0.0240819 0.0025 1.00004 1.00005 2.50004 0.00499982 51 4 1 1 
-0.36875 1.8895e-05 0.0103288 0.0025 1.00001 1.00002 2.50001 0.00499993 52 4 1 1 
-0.36625 7.11736e-06 0.00417666 0.0025 1.00001 1.00001 2.50001 0.00499997 53 4 1 1 
-0.36375 2.5255e-06 0.0015896 0.0025 1 1 2.5 0.00499999 54 4 1 1 
-0.36125 8.4154e-07 0.000568056 0.0025 1 1 2.5 0.005 55 4 1 1 
-0.35875 2.62242e-07 0.00018999 0.0025 1 1 2.5 0.005 56 4 1 1 
-0.35625 7.5998e-08 5.92078e-05 0.0025 1 1 2.5 0.005 57 4 1 1 
-0.35375 2.03227e-08 1.70865e-05 0.0025 1 1 2.5 0.005 58 4 1 1 
-0.35125 4.95785e-09 4.5257e-06 0.0025 1 1 2.5 0.005 59 4 1 1 
-0.34875 1.08408e-09 1.0855e-06 0.0025 1 1 2.5 0.005 60 4 1 1 
-0.34625 2.0618e-10 2.30664e-07 0.0025 1 1 2.5 0.005 61 4 1 1 
-0.34375 3.21737e-11 4.16829e-08 0.0025 1 1 2.5 0.005 62 4 1 1 
-0.34125 3.54739e-12 5.87147e-09 0.0025 1 1 2.5 0.005 63 4 1 1 
-0.33875 1.29169e-13 4.70095e-10 0.0025 1 1 2.5 0.005 64 4 1 1 
-0.33625 -2.90494e-14 -5.3717e-11 0.0025 1 1 2.5 0.005 65 5 1 1 
-0.33375 2.98238e-15 2.27374e-13 0.0025 1 1 2.5 0.005 66 4 1 1 
-0.33125 7.37212e-16 6.25278e-13 0.0025 1 1 2.5 0.005 67 5 1 1 
-0.32875 1.37193e-16 2.27374e-13 0.0025 1 1 2.5 0.005 68 5 1 1 
-0.32625 2.70565e-47 4.48416e-44 0.0025 1 1 2.5 0.005 69 5 1 1 
-0.32375 0 0 0.0025 1 1 2.5 0.005 70 5 1 1 
-0.32125 0 0 0.0025 1 1 2.5 0.005 71 5 1 1 
-0.31875 0 0 0.0025 1 1 2.5 0.005 72 5 1 1 
-0.31625 0 0 0.0025 1 1 2.5 0.005 73 5 1 1 
-0.31375 0 0 0.0025 1 1 2.5 0.005 74 5 1 1 
-0.31125 0 0 0.0025 1 1 2.5 0.005 75 5 1 1 
-0.30875 0 0 0.0025 1 1 2.5 0.005 76 5 1 1 
-0.30625 0 0 0.0025 1 1 2.5 0.005 77 5 1 1 
-0.30375 0 0 0.0025 1 1 2.5 0.005 78 5 1 1 
-0.30125 0 0 0.0025 1 1 2.5 0.005 79 5 1 1 
-0.29875 0 0 0.0025 1 1 2.5 0.005 80 5 1 1 
-0.29625 0 0 0.0025 1 1 2.5 0.005 81 5 1 1 
-0.29375 0 0 0.0025 1 1 2.5 0.005 82 5 1 1 
-0.29125 0 0 0.0025 1 1 2.5 0.005 83 5 1 1 
-0.28875 0 0 0.0025 1 1 2.5 0.005 84 5 1 1 
-0.28625 0 0 0.0025 1 1 2.5 0.005 85 5 1 1 
-0.28375 0 0 0.0025 1 1 2.5 0.005 86 5 1 1 
-0.28125 0 0 0.0025 1 1 2.5 0.005 87 5 1 1 
-0.27875 0 0 0.0025 1 1 2.5 0.005 88 5 1 1 
-0.27625 0 0 0.0025 1 1 2.5 0.005 89 5 1 1 
-0.27375 0 0 0.0025 1 1 2.5 0.005 90 5 1 1 
-0.27125 0 0 0.0025 1 1 2.5 0.005 91 5 1 1 
-0.26875 0 0 0.0025 1 1 2.5 0.005 92 5 1 1 
-0.26625 0 0 0.0025 1 1 2.5 0.005 93 5 1 1 
-0.26375 0 0 0.0025 1 1 2.5 0.005 94 5 1 1 
-0.26125 0 0 0.0025 1 1 2.5 0.005 95 5 1 1 
-0.25875 0 0 0.0025 1 1 2.5 0.005 96 5 1 1 
-0.25625 0 0 0.0025 1 1 2.5 0.005 97 5 1 1 
-0.25375 0 0 0.0025 1 1 2.5 0.005 98 5 1 1 
-0.25125 0 0 0.0025 1 1 2.5 0.005 99 5 1 1 
-0.24875 0 0 0.0025 1 1 2.5 0.005 100 5 1 1 
-0.24625 0 0 0.0025 1 1 2.5 0.005 101 5 1 1 
-0.24375 0 0 0.0025 1 1 2.5 0.005 102 5 1 1 
-0.24125 0 0 0.0025 1 1 2.5 0.005 103 5 1 1 
-0.23875 0 0 0.0025 1 1 2.5 0.005 104 5 1 1 
-0.23625 0 0 0.0025 1 1 2.5 0.005 105 5 1 1 
-0.23375 0 0 0.0025 1 1 2.5 0.005 106 5 1 1 
-0.23125 0 0 0.0025 1 1 2.5 0.005 107 5 1 1 
-0.22875 0 0 0.0025 1 1 2.5 0.005 108 5 1 1 
-0.22625 0 0 0.0025 1 1 2.5 0.005 109 5 1 1 
-0.22375 0 0 0.0025 1 1 2.5 0.005 110 5 1 1 
-0.22125 0 0 0.0025 1 1 2.5 0.005 111 5 1 1 
-0.21875 0 0 0.0025 1 1 2.5 0.005 112 5 1 1 
-0.21625 0 0 0.0025 1 1 2.5 0.005 113 5 1 1 
-0.21375 0 0 0.0025 1 1 2.5 0.005 114 5 1 1 
-0.21125 0 0 0.0025 1 1 2.5 0.005 115 5 1 1 
-0.20875 0 0 0.0025 1 1 2.5 0.005 116 5 1 1 
-0.20625 0 0 0.0025 1 1 2.5 0.005 117 5 1 1 
-0.20375 0 0 0.0025 1 1 2.5 0.005 118 5 1 1 
-0.20125 0 0 0.0025 1 1 2.5 0.005 119 5 1 1 
-0.19875 0 0 0.0025 1 1 2.5 0.005 120 5 1 1 
-0.19625 0 0 0.0025 1 1 2.5 0.005 121 5 1 1 
-0.19375 0 0 0.0025 1 1 2.5 0.005 122 5 1 1 
-0.19125 0 0 0.0025 1 1 2.5 0.005 123 5 1 1 
-0.18875 0 0 0.0025 1 1 2.5 0.005 124 5 1 1 
-0.18625 0 0 0.0025 1 1 2.5 0.005 125 5 1 1 
-0.18375 0 0 0.0025 1 1 2.5 0.005 126 5 1 1 
-0.18125 0 0 0.0025 1 1 2.5 0.005 127 5 1 1 
-0.17875 0 0 0.0025 1 1 2.5 0.005 128 5 1 1 
-0.17625 0 0 0.0025 1 1 2.5 0.005 129 5 1 1 
-0.17375 0 0 0.0025 1 1 2.5 0.005 130 5 1 1 
-0.17125 0 0 0.0025 1 1 2.5 0.005 131 5 1 1 
-0.16875 0 0 0.0025 1 1 2.5 0.005 132 5 1 1 
-0.16625 0 0 0.0025 1 1 2.5 0.005 133 5 1 1 
-0.16375 0 0 0.0025 1 1 2.5 0.005 134 5 1 1 
-0.16125 0 0 0.0025 1 1 2.5 0.005 135 5 1 1 
-0.15875 0 0 0.0025 1 1 2.5 0.005 136 5 1 1 
-0.15625 0 0 0.0025 1 1 2.5 0.005 137 5 1 1 
-0.15375 0 0 0.0025 1 1 2.5 0.005 138 5 1 1 
-0.15125 0 0 0.0025 1 1 2.5 0.005 139 5 1 1 
-0.14875 0 0 0.0025 1 1 2.5 0.005 140 5 1 1 
-0.14625 0 0 0.0025 1 1 2.5 0.005 141 5 1 1 
-0.14375 0 0 0.0025 1 1 2.5 0.005 142 5 1 1 
-0.14125 0 0 0.0025 1 1 2.5 0.005 143 5 1 1 
-0.13875 0 0 0.0025 1 1 2.5 0.005 144 5 1 1 
-0.13625 0 0 0.0025 1 1 2.5 0.005 145 5 1 1 
-0.13375 0 0 0.0025 1 1 2.5 0.005 146 5 1 1 
-0.13125 0 0 0.0025 1 1 2.5 0.005 147 5 1 1 
-0.12875 0 0 0.0025 1 1 2.5 0.005 148 5 1 1 
-0.12625 0 0 0.0025 1 1 2.5 0.005 149 5 1 1 
-0.12375 0 0 0.0025 1 1 2.5 0.005 150 5 1 1 
-0.12125 0 0 0.0025 1 1 2.5 0.005 151 5 1 1 
-0.11875 0 0 0.0025 1 1 2.5 0.005 152 5 1 1 
-0.11625 0 0 0.0025 1 1 2.5 0.005 153 5 1 1 
-0.11375 0 0 0.0025 1 1 2.5 0.005 154 5 1 1 
-0.11125 0 0 0.0025 1 1 2.5 0.005 155 5 1 1 
-0.10875 0 0 0.0025 1 1 2.5 0.005 156 5 1 1 
-0.10625 0 0 0.0025 1 1 2.5 0.005 157 5 1 1 
-0.10375 0 0 0.0025 1 1 2.5 0.005 158 5 1 1 
-0.10125 0 0 0.0025 1 1 2.5 0.005 159 5 1 1 
-0.09875 0 0 0.0025 1 1 2.5 0.005 160 5 1 1 
-0.09625 0 0 0.0025 1 1 2.5 0.005 161 5 1 1 
-0.09375 0 0 0.0025 1 1 2.5 0.005 162 5 1 1 
-0.09125 0 0 0.0025 1 1 2.5 0.005 163 5 1 1 
-0.08875 0 0 0.0025 1 1 2.5 0.005 164 5 1 1 
-0.08625 0 0 0.0025 1 1 2.5 0.005 165 5 1 1 
-0.08375 0 0 0.0025 1 1 2.5 0.005 166 5 1 1 
-0.08125 0 0 0.0025 1 1 2.5 0.005 167 5 1 1 
-0.07875 0 0 0.0025 1 1 2.5 0.005 168 5 1 1 
-0.07625 0 0 0.0025 1 1 2.5 0.005 169 5 1 1 
-0.07375 0 0 0.0025 1 1 2.5 0.005 170 5 1 1 
-0.07125 0 0 0.0025 1 1 2.5 0.005 171 5 1 1 
-0.06875 0 0 0.0025 1 1 2.5 0.005 172 5 1 1 
-0.06625 0 0 0.0025 1 1 2.5 0.005 173 5 1 1 
-0.06375 0 0 0.0025 1 1 2.5 0.005 174 5 1 1 
-0.06125 0 0 0.0025 1 1 2.5 0.005 175 5 1 1 
-0.05875 -5.74487e-47 -1.12104e-44 0.0025 1 1 2.5 0.005 176 5 1 1 
-0.05625 -6.85413e-17 -1.12104e-44 0.0025 1 1 2.5 0.005 177 5 1 1 
-0.05375 -2.39023e-16 0 0.0025 1 1 2.5 0.005 178 5 1 1 
-0.05125 -4.25538e-16 -5.68434e-14 0.0025 1 1 2.5 0.005 179 5 1 1 
-0.04875 -5.9352e-16 5.68434e-14 0.0025 1 1 2.5 0.005 180 5 1 1 
-0.04625 -8.28829e-16 -5.68434e-14 0.0025 1 1 2.5 0.005 181 5 1 1 
-0.04375 -1.04417e-15 -2.24208e-44 0.0025 1 1 2.5 0.005 182 5 1 1 
-0.04125 -1.34087e-15 -3.36312e-44 0.0025 1 1 2.5 0.005 183 5 1 1 
-0.03875 -1.78321e-15 -5.68434e-14 0.0025 1 1 2.5 0.005 184 5 1 1 
-0.03625 -1.97682e-15 5.68434e-14 0.0025 1 1 2.5 0.005 185 5 1 1 
-0.03375 -3.60011e-15 -3.15544e-28 0.0025 1 1 2.5 0.005 186 4 1 1 
-0.03125 1.9008e-16 5.68434e-14 0.0025 1 1 2.5 0.005 187 3 1 1 
-0.02875 -1.16805e-17 -5.68434e-14 0.0025 1 1 2.5 0.005 188 3 1 1 
-0.02625 -8.97262e-16 5.68434e-14 0.0025 1 1 2.5 0.005 189 3 1 1 
-0.02375 1.15361e-15 3.15544e-28 0.0025 1 1 2.5 0.005 190 4 1 1 
-0.02125 -5.92075e-17 -5.68434e-14 0.0025 1 1 2.5 0.005 191 5 1 1 
-0.01875 -2.03226e-16 -5.68434e-14 0.0025 1 1 2.5 0.005 192 5 1 1 
-0.01625 -2.16429e-15 -5.68434e-14 0.0025 1 1 2.5 0.005 193 4 1 1 
-0.01375 1.2263e-15 6.31089e-28 0.0025 1 1 2.5 0.005 194 3 1 1 
-0.01125 5.53255e-17 -5.68434e-14 0.0025 1 1 2.5 0.005 195 3 1 1 
-0.00875 -3.13097e-16 0 0.0025 1 1 2.5 0.005 196 3 1 1 
-0.00625 2.66265e-16 -5.68434e-14 0.0025 1 1 2.5 0.005 197 3 1 1 
-0.00375 -2.93254e-16 5.68434e-14 0.0025 1 1 2.5 0.005 198 3 1 1 
-0.00125 1.38104e-16 -2.27374e-13 0.0025 1 1 2.5 0.005 199 3 1 1 
0.00125 9.15295e-17 2.84217e-13 0.0025 1 1 2.5 0.005 200 3 1 1 
0.00375 -2.77597e-16 -1.7053e-13 0.0025 1 1 2.5 0.005 201 3 1 1 
0.00625 2.36731e-16 3.9443e-29 0.0025 1 1 2.5 0.005 202 4 1 1 
0.00875 2.35812e-16 5.68434e-14 0.0025 1 1 2.5 0.005 203 3 1 1 
0.01125 8.05566e-17 5.68434e-14 0.0025 1 1 2.5 0.005 204 3 1 1 
0.01375 4.79659e-16 -1.57772e-28 0.0025 1 1 2.5 0.005 205 4 1 1 
0.01625 -8.55806e-16 5.91646e-28 0.0025 1 1 2.5 0.005 206 4 1 1 
0.01875 -2.57656e-15 2.07076e-28 0.0025 1 1 2.5 0.005 207 5 1 1 
0.02125 -8.13417e-16 -5.91646e-28 0.0025 1 1 2.5 0.005 208 5 1 1 
0.02375 -2.41619e-15 -3.15544e-28 0.0025 1 1 2.5 0.005 209 4 1 1 
0.02625 1.77111e-15 2.76101e-28 0.0025 1 1 2.5 0.005 210 3 1 1 
0.02875 1.09341e-15 -2.76101e-28 0.0025 1 1 2.5 0.005 211 3 1 1 
0.03125 4.65346e-15 1.13687e-13 0.0025 1 1 2.5 0.005 212 4 1 1 
0.03375 2.91341e-15 -1.13687e-13 0.0025 1 1 2.5 0.005 213 5 1 1 
0.03625 2.43083e-15 1.7053e-13 0.0025 1 1 2.5 0.005 214 5 1 1 
0.03875 1.88538e-15 1.12104e-44 0.0025 1 1 2.5 0.005 215 5 1 1 
0.04125 1.38509e-15 2.24208e-44 0.0025 1 1 2.5 0.005 216 5 1 1 
0.04375 9.30167e-16 5.68434e-14 0.0025 1 1 2.5 0.005 217 5 1 1 
0.04625 6.9602e-16 -5.68434e-14 0.0025 1 1 2.5 0.005 218 5 1 1 
0.04875 4.59317e-16 5.68434e-14 0.0025 1 1 2.5 0.005 219 5 1 1 
0.05125 2.90251e-16 -5.68434e-14 0.0025 1 1 2.5 0.005 220 5 1 1 
0.05375 1.19814e-16 5.68434e-14 0.0025 1 1 2.5 0.005 221 5 1 1 
0.05625 1.11429e-46 1.12104e-44 0.0025 1 1 2.5 0.005 222 5 1 1 
0.05875 0 0 0.0025 1 1 2.5 0.005 223 5 1 1 
0.06125 0 0 0.0025 1 1 2.5 0.005 224 5 1 1 
0.06375 0 0 0.0025 1 1 2.5 0.005 225 5 1 1 
0.06625 0 0 0.0025 1 1 2.5 0.005 226 5 1 1 
0.06875 0 0 0.0025 1 1 2.5 0.005 227 5 1 1 
0.07125 0 0 0.0025 1 1 2.5 0.005 228 5 1 1 
0.07375 0 0 0.0025 1 1 2.5 0.005 229 5 1 1 
0.07625 0 0 0.0025 1 1 2.5 0.005 230 5 1 1 
0.07875 0 0 0.0025 1 1 2.5 0.005 231 5 1 1 
0.08125 0 0 0.0025 1 1 2.5 0.005 232 5 1 1 
0.08375 0 0 0.0025 1 1 2.5 0.005 233 5 1 1 
0.08625 0 0 0.0025 1 1 2.5 0.005 234 5 1 1 
0.08875 0 0 0.0025 1 1 2.5 0.005 235 5 1 1 
0.09125 0 0 0.0025 1 1 2.5 0.005 236 5 1 1 
0.09375 -4.13112e-46 -1.12104e-44 0.0025 1 1 2.5 0.005 237 5 1 1 
0.09625 -1.69188e-16 0 0.0025 1 1 2.5 0.005 238 5 1 1 
0.09875 -3.37357e-16 1.12104e-44 0.0025 1 1 2.5 0.005 239 5 1 1 
0.10125 3.3365e-16 5.68434e-14 0.0025 1 1 2.5 0.005 240 5 1 1 
0.10375 2.02658e-16 5.68434e-14 0.0025 1 1 2.5 0.005 241 5 1 1 
0.10625 3.29171e-15 -4.48416e-44 0.0025 1 1 2.5 0.005 242 5 1 1 
0.10875 2.40515e-15 1.7053e-13 0.0025 1 1 2.5 0.005 243 5 1 1 
0.11125 2.15623e-15 5.68434e-14 0.0025 1 1 2.5 0.005 244 5 1 1 
0.11375 -9.73826e-16 1.13687e-13 0.0025 1 1 2.5 0.005 245 5 1 1 
0.11625 -2.00457e-16 -1.13687e-13 0.0025 1 1 2.5 0.005 246 5 1 1 
0.11875 -2.90752e-15 -2.27374e-13 0.0025 1 1 2.5 0.005 247 5 1 1 
0.12125 2.52818e-15 -4.54747e-13 0.0025 1 1 2.5 0.005 248 5 1 1 
0.12375 -6.58898e-16 -3.97904e-13 0.0025 1 1 2.5 0.005 249 4 1 1 
0.12625 6.58898e-16 3.97904e-13 0.0025 1 1 2.5 0.005 250 4 1 1 
0.12875 -2.52818e-15 4.54747e-13 0.0025 1 1 2.5 0.005 251 5 1 1 
0.13125 2.90752e-15 2.27374e-13 0.0025 1 1 2.5 0.005 252 5 1 1 
0.13375 2.00457e-16 1.13687e-13 0.0025 1 1 2.5 0.005 253 5 1 1 
0.13625 9.73826e-16 -1.13687e-13 0.0025 1 1 2.5 0.005 254 5 1 1 
0.13875 -2.15623e-15 -5.68434e-14 0.0025 1 1 2.5 0.005 255 5 1 1 
0.14125 -2.40515e-15 -1.7053e-13 0.0025 1 1 2.5 0.005 256 5 1 1 
0.14375 -3.29171e-15 4.48416e-44 0.0025 1 1 2.5 0.005 257 5 1 1 
0.14625 -2.02658e-16 -5.68434e-14 0.0025 1 1 2.5 0.005 258 5 1 1 
0.14875 -3.3365e-16 -5.68434e-14 0.0025 1 1 2.5 0.005 259 5 1 1 
0.15125 3.37357e-16 -1.12104e-44 0.0025 1 1 2.5 0.005 260 5 1 1 
0.15375 1.69188e-16 0 0.0025 1 1 2.5 0.005 261 5 1 1 
0.15625 4.13112e-46 1.12104e-44 0.0025 1 1 2.5 0.005 262 5 1 1 
0.15875 0 0 0.0025 1 1 2.5 0.005 263 5 1 1 
0.16125 0 0 0.0025 1 1 2.5 0.005 264 5 1 1 
0.16375 0 0 0.0025 1 1 2.5 0.005 265 5 1 1 
0.16625 0 0 0.0025 1 1 2.5 0.005 266 5 1 1 
0.16875 0 0 0.0025 1 1 2.5 0.005 267 5 1 1 
0.17125 0 0 0.0025 1 1 2.5 0.005 268 5 1 1 
0.17375 0 0 0.0025 1 1 2.5 0.005 269 5 1 1 
0.17625 0 0 0.0025 1 1 2.5 0.005 270 5 1 1 
0.17875 0 0 0.0025 1 1 2.5 0.005 271 5 1 1 
0.18125 0 0 0.0025 1 1 2.5 0.005 272 5 1 1 
0.18375 0 0 0.0025 1 1 2.5 0.005 273 5 1 1 
0.18625 0 0 0.0025 1 1 2.5 0.005 274 5 1 1 
0.18875 0 0 0.0025 1 1 2.5 0.005 275 5 1 1 
0.19125 0 0 0.0025 1 1 2.5 0.005 276 5 1 1 
0.19375 0 0 0.0025 1 1 2.5 0.005 277 5 1 1 
0.19625 0 0 0.0025 1 1 2.5 0.005 278 5 1 1 
0.19875 0 0 0.0025 1 1 2.5 0.005 279 5 1 1 
0.20125 -2.02806e-47 0 0.0025 1 1 2.5 0.005 280 5 1 1 
0.20375 -6.85718e-17 -1.12104e-44 0.0025 1 1 2.5 0.005 281 5 1 1 
0.20625 -1.88039e-16 -5.68434e-14 0.0025 1 1 2.5 0.005 282 5 1 1 
0.20875 -3.5855e-16 5.68434e-14 0.0025 1 1 2.5 0.005 283 5 1 1 
0.21125 -5.28077e-16 -5.68434e-14 0.0025 1 1 2.5 0.005 284 5 1 1 
0.21375 -7.30662e-16 5.68434e-14 0.0025 1 1 2.5 0.005 285 5 1 1 
0.21625 -8.45457e-16 1.12104e-44 0.0025 1 1 2.5 0.005 286 5 1 1 
0.21875 -1.06072e-15 5.68434e-14 0.0025 1 1 2.5 0.005 287 5 1 1 
0.22125 1.5513e-15 5.68434e-14 0.0025 1 1 2.5 0.005 288 5 1 1 
0.22375 2.65746e-16 1.7053e-13 0.0025 1 1 2.5 0.005 289 5 1 1 
0.22625 -6.21922e-16 -5.68434e-14 0.0025 1 1 2.5 0.005 290 5 1 1 
0.22875 -1.62336e-15 -1.13687e-13 0.0025 1 1 2.5 0.005 291 5 1 1 
0.23125 1.59411e-16 3.41061e-13 0.0025 1 1 2.5 0.005 292 5 1 1 
0.23375 -2.25409e-15 2.27374e-13 0.0025 1 1 2.5 0.005 293 5 1 1 
0.23625 2.04568e-15 -3.97904e-13 0.0025 1 1 2.5 0.005 294 5 1 1 
0.23875 -1.00565e-15 -3.41061e-13 0.0025 1 1 2.5 0.005 295 5 1 1 
0.24125 7.08991e-16 6.82121e-13 0.0025 1 1 2.5 0.005 296 5 1 1 
0.24375 -4.22538e-15 9.66338e-13 0.0025 1 1 2.5 0.005 297 5 1 1 
0.24625 5.22333e-15 -6.82121e-13 0.0025 1 1 2.5 0.005 298 5 1 1 
0.24875 -1.40041e-15 -6.25278e-13 0.0025 1 1 2.5 0.005 299 3 1 1 
0.25125 1.40041e-15 6.25278e-13 0.0025 1 1 2.5 0.005 300 3 1 1 
0.25375 -5.22333e-15 6.82121e-13 0.0025 1 1 2.5 0.005 301 5 1 1 
0.25625 4.22538e-15 -9.66338e-13 0.0025 1 1 2.5 0.005 302 5 1 1 
0.25875 -7.08991e-16 -6.82121e-13 0.0025 1 1 2.5 0.005 303 5 1 1 
0.26125 1.00565e-15 3.41061e-13 0.0025 1 1 2.5 0.005 304 5 1 1 
0.26375 -2.04568e-15 3.97904e-13 0.0025 1 1 2.5 0.005 305 5 1 1 
0.26625 2.25409e-15 -2.27374e-13 0.0025 1 1 2.5 0.005 306 5 1 1 
0.26875 -1.59411e-16 -3.41061e-13 0.0025 1 1 2.5 0.005 307 5 1 1 
0.27125 1.62336e-15 1.13687e-13 0.0025 1 1 2.5 0.005 308 5 1 1 
0.27375 6.21922e-16 5.68434e-14 0.0025 1 1 2.5 0.005 309 5 1 1 
0.27625 -2.65746e-16 -1.7053e-13 0.0025 1 1 2.5 0.005 310 5 1 1 
0.27875 -1.5513e-15 -5.68434e-14 0.0025 1 1 2.5 0.005 311 5 1 1 
0.28125 1.06072e-15 -5.68434e-14 0.0025 1 1 2.5 0.005 312 5 1 1 
0.28375 8.45457e-16 -1.12104e-44 0.0025 1 1 2.5 0.005 313 5 1 1 
0.28625 7.30662e-16 -5.68434e-14 0.0025 1 1 2.5 0.005 314 5 1 1 
0.28875 5.28077e-16 5.68434e-14 0.0025 1 1 2.5 0.005 315 5 1 1 
0.29125 3.5855e-16 -5.68434e-14 0.0025 1 1 2.5 0.005 316 5 1 1 
0.29375 1.88039e-16 5.68434e-14 0.0025 1 1 2.5 0.005 317 5 1 1 
0.29625 6.85718e-17 1.12104e-44 0.0025 1 1 2.5 0.005 318 5 1 1 
0.29875 2.02806e-47 0 0.0025 1 1 2.5 0.005 319 5 1 1 
0.30125 0 0 0.0025 1 1 2.5 0.005 320 5 1 1 
0.30375 0 0 0.0025 1 1 2.5 0.005 321 5 1 1 
0.30625 0 0 0.0025 1 1 2.5 0.005 322 5 1 1 
0.30875 0 0 0.0025 1 1 2.5 0.005 323 5 1 1 
0.31125 0 0 0.0025 1 1 2.5 0.005 324 5 1 1 
0.31375 0 0 0.0025 1 1 2.5 0.005 325 5 1 1 
0.31625 0 0 0.0025 1 1 2.5 0.005 326 5 1 1 
0.31875 0 0 0.0025 1 1 2.5 0.005 327 5 1 1 
0.32125 0 0 0.0025 1 1 2.5 0.005 328 5 1 1 
0.32375 0 0 0.0025 1 1 2.5 0.005 329 5 1 1 
0.32625 -2.70565e-47 -4.48416e-44 0.0025 1 1 2.5 0.005 330 5 1 1 
0.32875 -1.37193e-16 -2.27374e-13 0.0025 1 1 2.5 0.005 331 5 1 1 
0.33125 -7.37212e-16 -6.25278e-13 0.0025 1 1 2.5 0.005 332 5 1 1 
0.33375 -2.98238e-15 -2.27374e-13 0.0025 1 1 2.5 0.005 333 4 1 1 
0.33625 2.90494e-14 5.3717e-11 0.0025 1 1 2.5 0.005 334 5 1 1 
0.33875 -1.29169e-13 -4.70095e-10 0.0025 1 1 2.5 0.005 335 4 1 1 
0.34125 -3.54739e-12 -5.87147e-09 0.0025 1 1 2.5 0.005 336 4 1 1 
0.34375 -3.21737e-11 -4.16829e-08 0.0025 1 1 2.5 0.005 337 4 1 1 
0.34625 -2.0618e-10 -2.30664e-07 0.0025 1 1 2.5 0.005 338 4 1 1 
0.34875 -1.08408e-09 -1.0855e-06 0.0025 1 1 2.5 0.005 339 4 1 1 
0.35125 -4.95785e-09 -4.5257e-06 0.0025 1 1 2.5 0.005 340 4 1 1 
0.35375 -2.03227e-08 -1.70865e-05 0.0025 1 1 2.5 0.005 341 4 1 1 
0.35625 -7.5998e-08 -5.92078e-05 0.0025 1 1 2.5 0.005 342 4 1 1 
0.35875 -2.62242e-07 -0.00018999 0.0025 1 1 2.5 0.005 343 4 1 1 
0.36125 -8.4154e-07 -0.000568056 0.0025 1 1 2.5 0.005 344 4 1 1 
0.36375 -2.5255e-06 -0.0015896 0.0025 1 1 2.5 0.00499999 345 4 1 1 
0.36625 -7.11736e-06 -0.00417666 0.0025 1.00001 1.00001 2.50001 0.00499997 346 4 1 1 
0.36875 -1.8895e-05 -0.0103288 0.0025 1.00001 1.00002 2.50001 0.00499993 347 4 1 1 
0.37125 -4.7367e-05 -0.0240819 0.0025 1.00004 1.00005 2.50004 0.00499982 348 4 1 1 
0.37375 -0.000112332 -0.0529977 0.0025 1.00009 1.00012 2.50008 0.00499957 349 4 1 1 
0.376249 -0.00025236 -0.110154 0.0025 1.00019 1.00027 2.50019 0.00499904 350 4 1 1 
0.378749 -0.000537562 -0.216214 0.0025 1.00041 1.00057 2.50041 0.00499795 351 4 1 0.999999 
0.381247 -0.00108617 -0.400377 0.0025 1.00083 1.00115 2.50082 0.00499585 352 4 1 0.999998 
0.383745 -0.00208123 -0.69781 0.0025 1.0016 1.00222 2.50158 0.00499204 353 4 1 0.999994 
0.386239 -0.00377761 -1.13987 0.0025 1.0029 1.00405 2.50289 0.00498552 354 4 1 0.999985 
0.38873 -0.00648158 -1.73363 0.0025 1.005 1.00699 2.50498 0.0049751 355 4 1 0.999968 
0.391215 -0.0104811 -2.43283 0.0025 1.00814 1.01139 2.50811 0.00495963 356 4 1 0.999941 
0.39369 -0.0159178 -3.11482 0.0025 1.01245 1.01746 2.51241 0.0049385 357 4 1 0.999911 
0.396153 -0.022635 -3.59319 0.0025 1.01788 1.02513 2.51782 0.00491217 358 4 1 0.99989 
0.398602 -0.0300875 -3.67884 0.0025 1.02405 1.03387 2.52396 0.00488257 359 4 1 0.999894 
0.401036 -0.0373916 -3.25008 0.0025 1.03028 1.04272 2.53014 0.00485304 360 4 1 0.999934 
0.403455 -0.0434451 -2.25357 0.0025 1.0355 1.05018 2.53532 0.00482858 361 4 1 1.00002 
0.405864 -0.0457387 1.3119 0.0025 1.03596 1.05113 2.53598 0.00482643 362 3 1 1.00001 
0.408282 -0.0300554 15.7026 0.0025 1.02147 1.03072 2.52189 0.00489493 363 4 1 0.999844 
0.41076 0.00979602 19.4191 0.0025 0.992931 0.990156 2.49313 0.0050356 364 4 1 0.998015 
0.413319 0.0412383 10.1755 0.0025 0.967339 0.954366 2.46696 0.00516882 365 4 1 0.997894 
0.41593 0.0608372 8.67976 0.0025 0.948892 0.929243 2.44823 0.0052693 366 4 1 0.998927 
0.418588 0.0849815 12.1368 0.0025 0.929248 0.902521 2.42795 0.00538069 367 4 1 0.998899 
0.421311 0.114799 13.0222 0.0025 0.90636 0.871482 2.4038 0.00551657 368 4 1 0.998355 
0.424106 0.145524 12.5075 0.0025 0.882737 0.839824 2.37852 0.0056642 369 4 1 0.998109 
0.426976 0.176535 12.4046 0.0025 0.859196 0.808648 2.35295 0.0058194 370 4 1 0.998036 
0.429927 0.208579 12.4806 0.0025 0.835422 0.777503 2.3267 0.005985 371 4 1 0.9979 
0.432963 0.241885 12.4786 0.0025 0.811339 0.746308 2.29965 0.00616266 372 4 1 0.997726 
0.436091 0.276321 12.4368 0.0025 0.787016 0.715176 2.27183 0.00635311 373 4 1 0.997547 
0.439318 0.31189 12.3543 0.0025 0.76252 0.68421 2.24329 0.00655721 374 4 1 0.997363 
0.44265 0.348557 12.2111 0.0025 0.737949 0.653546 2.2141 0.00677553 375 4 1 0.997179 
0.446095 0.386086 12.0076 0.0025 0.71344 0.623363 2.18439 0.0070083 376 4 1 0.997007 
0.449661 0.424252 11.6097 0.0025 0.689269 0.593998 2.1545 0.00725406 377 4 1 0.996874 
0.453352 0.462334 10.9562 0.0025 0.665914 0.566012 2.125 0.00750848 378 4 1 0.996847 
0.457172 0.498975 9.90729 0.0025 0.644062 0.540179 2.09684 0.00776323 379 4 1 0.996993 
0.461117 0.532488 8.39861 0.0025 0.624573 0.517436 2.07123 0.00800546 380 4 1 0.997376 
0.465179 0.561089 6.70683 0.0025 0.608068 0.498402 2.04918 0.00822277 381 4 1 0.997946 
0.469342 0.585131 5.71832 0.0025 0.594048 0.482409 2.03019 0.00841682 382 4 1 0.998449 
0.473597 0.608951 6.38824 0.0025 0.58041 0.466993 2.01146 0.0086146 383 4 1 0.998565 
0.477958 0.637217 7.27646 0.0025 0.565585 0.450376 1.99076 0.0088404 384 4 1 0.998245 
0.482439 0.665712 5.71129 0.0025 0.551702 0.434955 1.97106 0.00906286 385 4 1 0.998195 
0.487022 0.682063 1.40666 0.0025 0.543561 0.425996 1.95939 0.0091986 386 4 1 0.999216 
0.491638 0.681734 -0.66126 0.0025 0.541909 0.424217 1.95708 0.00922664 387 5 1 0.999961 
0.496248 0.680627 -0.242594 0.0025 0.542499 0.424886 1.958 0.00921661 388 4 1 0.999996 
0.500855 0.679279 -0.299335 0.0025 0.543085 0.425538 1.95889 0.00920666 389 4 1 0.999996 
0.505455 0.678074 -0.227035 0.0025 0.54371 0.426237 1.95985 0.00919609 390 4 1 0.999998 
0.510051 0.677121 -0.180765 0.0025 0.54422 0.426812 1.96066 0.00918746 391 4 1 0.999999 
0.514643 0.676384 -0.136303 0.0025 0.544615 0.427264 1.96131 0.00918079 392 4 1 0.999999 
0.519232 0.675817 -0.0994297 0.0025 0.544905 0.427605 1.96183 0.0091759 393 4 1 1 
0.523818 0.675393 -0.0751933 0.0025 0.545102 0.42785 1.96224 0.00917259 394 4 1 1 
0.528404 0.675076 -0.05759 0.0025 0.54517 0.42798 1.9626 0.00917144 395 3 1 1 
0.53299 0.674833 -0.044439 0.0025 0.54488 0.427867 1.96312 0.00917634 396 4 1 1 
0.53758 0.67464 -0.0363224 0.0025 0.543353 0.426226 1.96109 0.00920212 397 4 1 0.99999 
0.542192 0.674476 -0.0314305 0.0025 0.530315 0.410861 1.93687 0.00942836 398 4 1 0.999682 
0.547014 0.674322 -0.0278205 0.0025 0.50631 0.439565 2.17043 0.00987537 399 4 1 0.99473 
0.552074 0.674167 -0.023834 0.0025 0.480839 0.415016 2.15777 0.0103985 400 4 1 0.99372 
0.557422 0.674004 -0.017907 0.0025 0.458401 0.449465 2.45126 0.0109075 401 4 1 0.99371 
0.562988 0.673814 -0.00759016 0.0025 0.449797 0.43003 2.39013 0.0111161 402 5 1 0.998663 
0.568538 0.673547 0.0148411 0.0025 0.451335 0.428284 2.37231 0.0110782 403 4 1 0.999979 
0.574066 0.673045 0.0813374 0.0025 0.452711 0.427916 2.36307 0.0110446 404 4 1 1 
0.579582 0.671743 0.273672 0.0025 0.452958 0.426946 2.35642 0.0110386 405 3 1 1 
0.585104 0.667887 0.846834 0.0025 0.451167 0.423757 2.34808 0.0110824 406 4 1 0.999986 
0.590665 0.657709 2.25229 0.0025 0.445105 0.415232 2.33215 0.0112333 407 4 1 0.999694 
0.596339 0.631696 5.34607 0.0025 0.431051 0.396499 2.29949 0.0115996 408 4 1 0.998108 
0.602271 0.579461 10.658 0.0025 0.403992 0.361322 2.23571 0.0123765 409 4 1 0.992873 
0.608742 0.462631 24.6631 0.0025 0.358692 0.304017 2.11876 0.0139395 410 4 1 0.980682 
0.616319 0.259001 32.3203 0.0025 0.305962 0.240754 1.96735 0.0163419 411 4 1 0.960834 
0.625254 0.080672 18.7818 0.0025 0.268518 0.198838 1.85155 0.0186207 412 4 1 0.964718 
0.635012 0.00993515 4.3491 0.0025 0.253334 0.18287 1.80477 0.0197368 413 4 1 0.990198 
0.644997 -0.000594286 0.164097 0.0025 0.250152 0.17965 1.79543 0.0199878 414 4 1 0.999415 
0.655 -0.000142952 -0.0772913 0.0025 0.249959 0.179459 1.79488 0.0200032 415 5 1 0.999998 
0.665 1.30421e-05 6.68894e-05 0.0025 0.249999 0.179499 1.795 0.0200001 416 4 1 1 
0.675 4.51715e-06 0.00101705 0.0025 0.250001 0.179501 1.795 0.0199999 417 3 1 1 
0.685 9.07946e-07 0.000239087 0.0025 0.25 0.1795 1.795 0.02 418 4 1 1 
0.695 1.55868e-07 4.49154e-05 0.0025 0.25 0.1795 1.795 0.02 419 4 1 1 
0.705 2.39408e-08 7.49154e-06 0.0025 0.25 0.1795 1.795 0.02 420 4 1 1 
0.715 3.31244e-09 1.12328e-06 0.0025 0.25 0.1795 1.795 0.02 421 4 1 1 
0.725 4.11565e-10 1.51416e-07 0.0025 0.25 0.1795 1.795 0.02 422 4 1 1 
0.735 4.55672e-11 1.82457e-08 0.0025 0.25 0.1795 1.795 0.02 423 4 1 1 
0.745 4.42321e-12 1.9441e-09 0.0025 0.25 0.1795 1.795 0.02 424 4 1 1 
0.755 3.74664e-13 1.8106e-10 0.0025 0.25 0.1795 1.795 0.02 425 4 1 1 
0.765 1.98759e-14 1.40403e-11 0.0025 0.25 0.1795 1.795 0.02 426 4 1 1 
0.775 6.85626e-16 2.84217e-13 0.0025 0.25 0.1795 1.795 0.02 427 5 1 1 
0.785 3.8573e-17 4.26326e-14 0.0025 0.25 0.1795 1.795 0.02 428 5 1 1 
0.795 1.26782e-47 8.40779e-45 0.0025 0.25 0.1795 1.795 0.02 429 5 1 1 
0.805 0 0 0.0025 0.25 0.1795 1.795 0.02 430 5 1 1 
0.815 0 0 0.0025 0.25 0.1795 1.795 0.02 431 5 1 1 
0.825 0 0 0.0025 0.25 0.1795 1.795 0.02 432 5 1 1 
0.835 0 0 0.0025 0.25 0.1795 1.795 0.02 433 5 1 1 
0.845 0 0 0.0025 0.25 0.1795 1.795 0.02 434 5 1 1 
0.855 0 0 0.0025 0.25 0.1795 1.795 0.02 435 5 1 1 
0.865 0 0 0.0025 0.25 0.1795 1.795 0.02 436 5 1 1 
0.875 0 0 0.0025 0.25 0.1795 1.795 0.02 437 5 1 1 
0.885 0 0 0.0025 0.25 0.1795 1.795 0.02 438 5 1 1 
0.895 0 0 0.0025 0.25 0.1795 1.795 0.02 439 5 1 1 
0.905 0 0 0.0025 0.25 0.1795 1.795 0.02 440 5 1 1 
0.915 -4.46982e-47 -2.8026e-45 0.0025 0.25 0.1795 1.795 0.02 441 5 1 1 
0.925 -8.99464e-17 -1.42109e-14 0.0025 0.25 0.1795 1.795 0.02 442 5 1 1 
0.935 -4.69932e-16 -2.84217e-14 0.0025 0.25 0.1795 1.795 0.02 443 5 1 1 
0.945 -1.29159e-15 -4.26326e-14 0.0025 0.25 0.1795 1.795 0.02 444 5 1 1 
0.955 -3.16105e-15 -9.9476e-14 0.0025 0.25 0.1795 1.795 0.02 445 5 1 1 
0.965 -6.69548e-15 -1.13687e-13 0.0025 0.25 0.1795 1.795 0.02 446 5 1 1 
0.975 -1.32275e-14 -1.56319e-13 0.0025 0.25 0.1795 1.795 0.02 447 5 1 1 
0.985 5.5183e-15 4.12115e-13 0.0025 0.25 0.1795 1.795 0.02 448 5 1 1 
0.995 -5.35269e-15 4.54747e-13 0.0025 0.25 0.1795 1.795 0.02 449 3 1 1 
1.005 5.35269e-15 -4.54747e-13 0.0025 0.25 0.1795 1.795 0.02 450 3 1 1 
1.015 -5.5183e-15 -4.12115e-13 0.0025 0.25 0.1795 1.795 0.02 451 5 1 1 
1.025 1.32275e-14 1.56319e-13 0.0025 0.25 0.1795 1.795 0.02 452 5 1 1 
1.035 6.69548e-15 1.13687e-13 0.0025 0.25 0.1795 1.795 0.02 453 5 1 1 
1.045 3.16105e-15 9.9476e-14 0.0025 0.25 0.1795 1.795 0.02 454 5 1 1 
1.055 1.29159e-15 4.26326e-14 0.0025 0.25 0.1795 1.795 0.02 455 5 1 1 
1.065 4.69932e-16 2.84217e-14 0.0025 0.25 0.1795 1.795 0.02 456 5 1 1 
1.075 8.99464e-17 1.42109e-14 0.0025 0.25 0.1795 1.795 0.02 457 5 1 1 
1.085 4.46982e-47 2.8026e-45 0.0025 0.25 0.1795 1.795 0.02 458 5 1 1 
1.095 0 0 0.0025 0.25 0.1795 1.795 0.02 459 5 1 1 
1.105 0 0 0.0025 0.25 0.1795 1.795 0.02 460 5 1 1 
1.115 0 0 0.0025 0.25 0.1795 1.795 0.02 461 5 1 1 
1.125 0 0 0.0025 0.25 0.1795 1.795 0.02 462 5 1 1 
1.135 0 0 0.0025 0.25 0.1795 1.795 0.02 463 5 1 1 
1.145 0 0 0.0025 0.25 0.1795 1.795 0.02 464 5 1 1 
1.155 0 0 0.0025 0.25 0.1795 1.795 0.02 465 5 1 1 
1.165 0 0 0.0025 0.25 0.1795 1.795 0.02 466 5 1 1 
1.175 0 0 0.0025 0.25 0.1795 1.795 0.02 467 5 1 1 
1.185 0 0 0.0025 0.25 0.1795 1.795 0.02 468 5 1 1 
1.195 0 0 0.0025 0.25 0.1795 1.795 0.02 469 5 1 1 
1.205 -1.85952e-47 -1.12104e-44 0.0025 0.25 0.1795 1.795 0.02 470 5 1 1 
1.215 -6.42856e-17 -4.26326e-14 0.0025 0.25 0.1795 1.795 0.02 471 5 1 1 
1.225 -9.55293e-16 -2.41585e-13 0.0025 0.25 0.1795 1.795 0.02 472 5 1 1 
1.235 -1.59567e-14 -1.32587e-11 0.0025 0.25 0.1795 1.795 0.02 473 4 1 1 
1.245 -3.77592e-13 -1.81899e-10 0.0025 0.25 0.1795 1.795 0.02 474 4 1 1 
1.255 -4.42726e-12 -1.94458e-09 0.0025 0.25 0.1795 1.795 0.02 475 4 1 1 
1.265 -4.55541e-11 -1.82439e-08 0.0025 0.25 0.1795 1.795 0.02 476 4 1 1 
1.275 -4.11554e-10 -1.51417e-07 0.0025 0.25 0.1795 1.795 0.02 477 4 1 1 
1.285 -3.31245e-09 -1.12328e-06 0.0025 0.25 0.1795 1.795 0.02 478 4 1 1 
1.295 -2.39408e-08 -7.49154e-06 0.0025 0.25 0.1795 1.795 0.02 479 4 1 1 
1.305 -1.55868e-07 -4.49154e-05 0.0025 0.25 0.1795 1.795 0.02 480 4 1 1 
1.315 -9.07946e-07 -0.000239087 0.0025 0.25 0.1795 1.795 0.02 481 4 1 1 
1.325 -4.51715e-06 -0.00101705 0.0025 0.250001 0.179501 1.795 0.0199999 482 3 1 1 
1.335 -1.30421e-05 -6.68894e-05 0.0025 0.249999 0.179499 1.795 0.0200001 483 4 1 1 
1.345 0.000142952 0.0772913 0.0025 0.249959 0.179459 1.79488 0.0200032 484 5 1 0.999998 
1.355 0.000594286 -0.164097 0.0025 0.250152 0.17965 1.79543 0.0199878 485 4 1 0.999415 
1.36499 -0.00993515 -4.3491 0.0025 0.253334 0.18287 1.80477 0.0197368 486 4 1 0.990198 
1.37475 -0.080672 -18.7818 0.0025 0.268518 0.198838 1.85155 0.0186207 487 4 1 0.964718 
1.38368 -0.259001 -32.3203 0.0025 0.305962 0.240754 1.96735 0.0163419 488 4 1 0.960834 
1.39126 -0.462631 -24.6631 0.0025 0.358692 0.304017 2.11876 0.0139395 489 4 1 0.980682 
1.39773 -0.579461 -10.658 0.0025 0.403992 0.361322 2.23571 0.0123765 490 4 1 0.992873 
1.40366 -0.631696 -5.34607 0.0025 0.431051 0.396499 2.29949 0.0115996 491 4 1 0.998108 
1.40934 -0.657709 -2.25229 0.0025 0.445105 0.415232 2.33215 0.0112333 492 4 1 0.999694 
1.4149 -0.667887 -0.846834 0.0025 0.451167 0.423757 2.34808 0.0110824 493 4 1 0.999986 
1.42042 -0.671743 -0.273672 0.0025 0.452958 0.426946 2.35642 0.0110386 494 3 1 1 
1.42593 -0.673045 -0.0813374 0.0025 0.452711 0.427916 2.36307 0.0110446 495 4 1 1 
1.43146 -0.673547 -0.0148411 0.0025 0.451335 0.428284 2.37231 0.0110782 496 4 1 0.999979 
1.43701 -0.673814 0.00759016 0.0025 0.449797 0.43003 2.39013 0.0111161 497 5 1 0.998663 
1.44258 -0.674004 0.017907 0.0025 0.458401 0.449465 2.45126 0.0109075 498 4 1 0.99371 
1.44793 -0.674167 0.023834 0.0025 0.480839 0.415016 2.15777 0.0103985 499 4 1 0.99372 
