# Time [s]: 0.0755453
# Columns: pos [m], vel [m/s], acc [m/s^2], mass [kg], dens [kg/m^3], pres [Pa], ene [J/kg], sml [m], id, neighbor, alpha, gradh, ...additional?
1.45136 -0.674256 0.0267213 0.0025 0.506347 0.43961 2.1705 0.00987465 0 4 1 0.994729 
1.45618 -0.674402 0.0298468 0.0025 0.530357 0.410906 1.93693 0.00942762 1 4 1 0.99968 
1.46079 -0.674555 0.0337405 0.0025 0.543402 0.42628 1.96116 0.0092013 2 4 1 0.999989 
1.46538 -0.674731 0.0402559 0.0025 0.544939 0.427932 1.96321 0.00917534 3 4 1 1 
1.46997 -0.674946 0.0502971 0.0025 0.545246 0.428063 1.96271 0.00917018 4 3 1 1 
1.47455 -0.675225 0.0646989 0.0025 0.545202 0.427959 1.96239 0.00917092 5 4 1 1 
1.47914 -0.675593 0.0864435 0.0025 0.545037 0.42775 1.96202 0.00917368 6 4 1 1 
1.48372 -0.676077 0.117999 0.0025 0.544789 0.427455 1.96156 0.00917787 7 4 1 0.999999 
1.48831 -0.676716 0.155537 0.0025 0.544446 0.427061 1.96099 0.00918364 8 4 1 0.999999 
1.49291 -0.677557 0.201578 0.0025 0.543999 0.426554 1.96027 0.0091912 9 4 1 0.999998 
1.49751 -0.678615 0.254427 0.0025 0.543438 0.425926 1.9594 0.00920068 10 4 1 0.999997 
-0.497891 -0.679914 0.319376 0.0025 0.542821 0.425237 1.95846 0.00921114 11 4 1 0.999996 
-0.493283 -0.680898 0.158471 0.0025 0.542271 0.424624 1.95762 0.00922048 12 4 1 0.999997 
-0.488671 -0.682765 0.477158 0.0025 0.542212 0.424531 1.95746 0.00922149 13 5 1 0.999785 
-0.484061 -0.676818 -3.40056 0.0025 0.546276 0.428968 1.96327 0.00915289 14 4 1 0.998725 
-0.479517 -0.654219 -6.63847 0.0025 0.55722 0.441062 1.97891 0.00897312 15 4 1 0.998155 
-0.475087 -0.625145 -6.97528 0.0025 0.571799 0.457319 1.99947 0.00874433 16 4 1 0.998441 
-0.470771 -0.599018 -5.88847 0.0025 0.585967 0.473256 2.01911 0.00853291 17 4 1 0.998618 
-0.466553 -0.576154 -5.8553 0.0025 0.599267 0.488342 2.03728 0.00834352 18 4 1 0.998362 
-0.462427 -0.55121 -7.13042 0.0025 0.613745 0.504924 2.0568 0.0081467 19 4 1 0.997842 
-0.458404 -0.521495 -8.7329 0.0025 0.630897 0.524783 2.07958 0.00792522 20 4 1 0.997363 
-0.454499 -0.487642 -9.99315 0.0025 0.65072 0.548013 2.10547 0.00768379 21 4 1 0.997081 
-0.450718 -0.451411 -10.8734 0.0025 0.672504 0.573868 2.13338 0.0074349 22 4 1 0.997003 
-0.447062 -0.414358 -11.3976 0.0025 0.695489 0.601514 2.16224 0.00718919 23 4 1 0.997072 
-0.443527 -0.377396 -11.6799 0.0025 0.719056 0.630241 2.19125 0.00695356 24 4 1 0.997206 
-0.440106 -0.341151 -11.8779 0.0025 0.742848 0.659625 2.21995 0.00673086 25 4 1 0.997369 
-0.436794 -0.305814 -11.9916 0.0025 0.76667 0.689427 2.24815 0.00652171 26 4 1 0.99754 
-0.433583 -0.271506 -12.059 0.0025 0.790393 0.719474 2.27571 0.00632596 27 4 1 0.997706 
-0.430466 -0.238288 -12.1092 0.0025 0.813951 0.749671 2.3026 0.00614288 28 4 1 0.997872 
-0.427438 -0.206097 -12.083 0.0025 0.837269 0.779909 2.32875 0.00597179 29 4 1 0.998029 
-0.424493 -0.175034 -12.0278 0.0025 0.860286 0.810083 2.35414 0.00581202 30 4 1 0.998157 
-0.421625 -0.14509 -12.0847 0.0025 0.883074 0.84027 2.37887 0.00566204 31 4 1 0.998222 
-0.41883 -0.115479 -12.5673 0.0025 0.905934 0.870897 2.40333 0.00551916 32 4 1 0.998401 
-0.416105 -0.0862686 -12.1138 0.0025 0.928363 0.901307 2.42701 0.00538582 33 4 1 0.998901 
-0.413444 -0.0617608 -8.88228 0.0025 0.94793 0.927962 2.44727 0.00527465 34 4 1 0.999076 
-0.41083 -0.0431638 -8.74671 0.0025 0.965307 0.951591 2.4649 0.0051797 35 4 1 0.998226 
-0.408263 -0.0157023 -17.5118 0.0025 0.988543 0.983935 2.48862 0.00505795 36 4 1 0.997849 
-0.405771 0.0239007 -17.5888 0.0025 1.0171 1.0245 2.51753 0.00491595 37 4 1 0.999659 
-0.403346 0.0444726 -2.86633 0.0025 1.03438 1.04893 2.53447 0.00483382 38 4 1 1.00003 
-0.400937 0.0437409 1.77223 0.0025 1.03577 1.05059 2.5356 0.0048273 39 3 1 1.00001 
-0.398519 0.0382922 3.01562 0.0025 1.03112 1.04392 2.53097 0.00484909 40 4 1 0.99995 
-0.396088 0.0313631 3.51983 0.0025 1.02516 1.03545 2.52506 0.00487727 41 4 1 0.999905 
-0.393642 0.024067 3.55144 0.0025 1.01908 1.02682 2.51902 0.00490638 42 4 1 0.999895 
-0.391181 0.0172959 3.16977 0.0025 1.01358 1.01904 2.51353 0.00493303 43 4 1 0.999909 
-0.388709 0.0116547 2.54919 0.0025 1.00907 1.0127 2.50904 0.00495503 44 4 1 0.999937 
-0.386226 0.00738319 1.86969 0.0025 1.00571 1.00798 2.50569 0.00497159 45 4 1 0.999964 
-0.383737 0.0044118 1.26469 0.0025 1.0034 1.00474 2.50338 0.00498306 46 4 1 0.999982 
-0.381243 0.0024943 0.796318 0.0025 1.00191 1.00267 2.5019 0.00499044 47 4 1 0.999993 
-0.378747 0.00133732 0.47003 0.0025 1.00102 1.00142 2.50102 0.00499489 48 4 1 0.999997 
-0.376248 0.000680877 0.261306 0.0025 1.00052 1.00072 2.50052 0.0049974 49 4 1 0.999999 
-0.373749 0.000329363 0.137207 0.0025 1.00025 1.00035 2.50025 0.00499874 50 4 1 1 
-0.37125 0.000151355 0.0681415 0.0025 1.00012 1.00016 2.50011 0.00499942 51 4 1 1 
-0.36875 6.60318e-05 0.0320211 0.0025 1.00005 1.00007 2.50005 0.00499975 52 4 1 1 
-0.36625 2.73203e-05 0.0142343 0.0025 1.00002 1.00003 2.50002 0.0049999 53 4 1 1 
-0.36375 1.07042e-05 0.00598082 0.0025 1.00001 1.00001 2.50001 0.00499996 54 4 1 1 
-0.36125 3.96397e-06 0.00237219 0.0025 1 1 2.5 0.00499998 55 4 1 1 
-0.35875 1.384e-06 0.000886555 0.0025 1 1 2.5 0.00499999 56 4 1 1 
-0.35625 4.54123e-07 0.000311421 0.0025 1 1 2.5 0.005 57 4 1 1 
-0.35375 1.39442e-07 0.000102474 0.0025 1 1 2.5 0.005 58 4 1 1 
-0.35125 3.98378e-08 3.14417e-05 0.0025 1 1 2.5 0.005 59 4 1 1 
-0.34875 1.05046e-08 8.93829e-06 0.0025 1 1 2.5 0.005 60 4 1 1 
-0.34625 2.52655e-09 2.33269e-06 0.0025 1 1 2.5 0.005 61 4 1 1 
-0.34375 5.44133e-10 5.51087e-07 0.0025 1 1 2.5 0.005 62 4 1 1 
-0.34125 1.01698e-10 1.15186e-07 0.0025 1 1 2.5 0.005 63 4 1 1 
-0.33875 1.54917e-11 2.0379e-08 0.0025 1 1 2.5 0.005 64 4 1 1 
-0.33625 1.62008e-12 2.80954e-09 0.0025 1 1 2.5 0.005 65 4 1 1 
-0.33375 3.79191e-14 1.80876e-10 0.0025 1 1 2.5 0.005 66 4 1 1 
-0.33125 -9.37389e-15 -2.01226e-11 0.0025 1 1 2.5 0.005 67 5 1 1 
-0.32875 1.88462e-16 -5.11591e-13 0.0025 1 1 2.5 0.005 68 5 1 1 
-0.32625 1.20109e-16 5.68434e-14 0.0025 1 1 2.5 0.005 69 5 1 1 
-0.32375 2.36874e-47 1.12104e-44 0.0025 1 1 2.5 0.005 70 5 1 1 
-0.32125 0 0 0.0025 1 1 2.5 0.005 71 5 1 1 
-0.31875 0 0 0.0025 1 1 2.5 0.005 72 5 1 1 
-0.31625 0 0 0.0025 1 1 2.5 0.005 73 5 1 1 
-0.31375 0 0 0.0025 1 1 2.5 0.005 74 5 1 1 
-0.31125 0 0 0.0025 1 1 2.5 0.005 75 5 1 1 
-0.30875 0 0 0.0025 1 1 2.5 0.005 76 5 1 1 
-0.30625 0 0 0.0025 1 1 2.5 0.005 77 5 1 1 
-0.30375 0 0 0.0025 1 1 2.5 0.005 78 5 1 1 
-0.30125 0 0 0.0025 1 1 2.5 0.005 79 5 1 1 
-0.29875 0 0 0.0025 1 1 2.5 0.005 80 5 1 1 
-0.29625 0 0 0.0025 1 1 2.5 0.005 81 5 1 1 
-0.29375 0 0 0.0025 1 1 2.5 0.005 82 5 1 1 
-0.29125 0 0 0.0025 1 1 2.5 0.005 83 5 1 1 
-0.28875 0 0 0.0025 1 1 2.5 0.005 84 5 1 1 
-0.28625 0 0 0.0025 1 1 2.5 0.005 85 5 1 1 
-0.28375 0 0 0.0025 1 1 2.5 0.005 86 5 1 1 
-0.28125 0 0 0.0025 1 1 2.5 0.005 87 5 1 1 
-0.27875 0 0 0.0025 1 1 2.5 0.005 88 5 1 1 
-0.27625 0 0 0.0025 1 1 2.5 0.005 89 5 1 1 
-0.27375 0 0 0.0025 1 1 2.5 0.005 90 5 1 1 
-0.27125 0 0 0.0025 1 1 2.5 0.005 91 5 1 1 
-0.26875 0 0 0.0025 1 1 2.5 0.005 92 5 1 1 
-0.26625 0 0 0.0025 1 1 2.5 0.005 93 5 1 1 
-0.26375 0 0 0.0025 1 1 2.5 0.005 94 5 1 1 
-0.26125 0 0 0.0025 1 1 2.5 0.005 95 5 1 1 
-0.25875 0 0 0.0025 1 1 2.5 0.005 96 5 1 1 
-0.25625 0 0 0.0025 1 1 2.5 0.005 97 5 1 1 
-0.25375 0 0 0.0025 1 1 2.5 0.005 98 5 1 1 
-0.25125 0 0 0.0025 1 1 2.5 0.005 99 5 1 1 
-0.24875 0 0 0.0025 1 1 2.5 0.005 100 5 1 1 
-0.24625 0 0 0.0025 1 1 2.5 0.005 101 5 1 1 
-0.24375 0 0 0.0025 1 1 2.5 0.005 102 5 1 1 
-0.24125 0 0 0.0025 1 1 2.5 0.005 103 5 1 1 
-0.23875 0 0 0.0025 1 1 2.5 0.005 104 5 1 1 
-0.23625 0 0 0.0025 1 1 2.5 0.005 105 5 1 1 
-0.23375 0 0 0.0025 1 1 2.5 0.005 106 5 1 1 
-0.23125 0 0 0.0025 1 1 2.5 0.005 107 5 1 1 
-0.22875 0 0 0.0025 1 1 2.5 0.005 108 5 1 1 
-0.22625 0 0 0.0025 1 1 2.5 0.005 109 5 1 1 
-0.22375 0 0 0.0025 1 1 2.5 0.005 110 5 1 1 
-0.22125 0 0 0.0025 1 1 2.5 0.005 111 5 1 1 
-0.21875 0 0 0.0025 1 1 2.5 0.005 112 5 1 1 
-0.21625 0 0 0.0025 1 1 2.5 0.005 113 5 1 1 
-0.21375 0 0 0.0025 1 1 2.5 0.005 114 5 1 1 
-0.21125 0 0 0.0025 1 1 2.5 0.005 115 5 1 1 
-0.20875 0 0 0.0025 1 1 2.5 0.005 116 5 1 1 
-0.20625 0 0 0.0025 1 1 2.5 0.005 117 5 1 1 
-0.20375 0 0 0.0025 1 1 2.5 0.005 118 5 1 1 
-0.20125 0 0 0.0025 1 1 2.5 0.005 119 5 1 1 
-0.19875 0 0 0.0025 1 1 2.5 0.005 120 5 1 1 
-0.19625 0 0 0.0025 1 1 2.5 0.005 121 5 1 1 
-0.19375 0 0 0.0025 1 1 2.5 0.005 122 5 1 1 
-0.19125 0 0 0.0025 1 1 2.5 0.005 123 5 1 1 
-0.18875 0 0 0.0025 1 1 2.5 0.005 124 5 1 1 
-0.18625 0 0 0.0025 1 1 2.5 0.005 125 5 1 1 
-0.18375 0 0 0.0025 1 1 2.5 0.005 126 5 1 1 
-0.18125 0 0 0.0025 1 1 2.5 0.005 127 5 1 1 
-0.17875 0 0 0.0025 1 1 2.5 0.005 128 5 1 1 
-0.17625 0 0 0.0025 1 1 2.5 0.005 129 5 1 1 
-0.17375 0 0 0.0025 1 1 2.5 0.005 130 5 1 1 
-0.17125 0 0 0.0025 1 1 2.5 0.005 131 5 1 1 
-0.16875 0 0 0.0025 1 1 2.5 0.005 132 5 1 1 
-0.16625 0 0 0.0025 1 1 2.5 0.005 133 5 1 1 
-0.16375 0 0 0.0025 1 1 2.5 0.005 134 5 1 1 
-0.16125 0 0 0.0025 1 1 2.5 0.005 135 5 1 1 
-0.15875 0 0 0.0025 1 1 2.5 0.005 136 5 1 1 
-0.15625 0 0 0.0025 1 1 2.5 0.005 137 5 1 1 
-0.15375 0 0 0.0025 1 1 2.5 0.005 138 5 1 1 
-0.15125 0 0 0.0025 1 1 2.5 0.005 139 5 1 1 
-0.14875 0 0 0.0025 1 1 2.5 0.005 140 5 1 1 
-0.14625 0 0 0.0025 1 1 2.5 0.005 141 5 1 1 
-0.14375 0 0 0.0025 1 1 2.5 0.005 142 5 1 1 
-0.14125 0 0 0.0025 1 1 2.5 0.005 143 5 1 1 
-0.13875 0 0 0.0025 1 1 2.5 0.005 144 5 1 1 
-0.13625 0 0 0.0025 1 1 2.5 0.005 145 5 1 1 
-0.13375 0 0 0.0025 1 1 2.5 0.005 146 5 1 1 
-0.13125 0 0 0.0025 1 1 2.5 0.005 147 5 1 1 
-0.12875 0 0 0.0025 1 1 2.5 0.005 148 5 1 1 
-0.12625 0 0 0.0025 1 1 2.5 0.005 149 5 1 1 
-0.12375 0 0 0.0025 1 1 2.5 0.005 150 5 1 1 
-0.12125 0 0 0.0025 1 1 2.5 0.005 151 5 1 1 
-0.11875 0 0 0.0025 1 1 2.5 0.005 152 5 1 1 
-0.11625 0 0 0.0025 1 1 2.5 0.005 153 5 1 1 
-0.11375 0 0 0.0025 1 1 2.5 0.005 154 5 1 1 
-0.11125 0 0 0.0025 1 1 2.5 0.005 155 5 1 1 
-0.10875 0 0 0.0025 1 1 2.5 0.005 156 5 1 1 
-0.10625 0 0 0.0025 1 1 2.5 0.005 157 5 1 1 
-0.10375 0 0 0.0025 1 1 2.5 0.005 158 5 1 1 
-0.10125 0 0 0.0025 1 1 2.5 0.005 159 5 1 1 
-0.09875 0 0 0.0025 1 1 2.5 0.005 160 5 1 1 
-0.09625 0 0 0.0025 1 1 2.5 0.005 161 5 1 1 
-0.09375 0 0 0.0025 1 1 2.5 0.005 162 5 1 1 
-0.09125 0 0 0.0025 1 1 2.5 0.005 163 5 1 1 
-0.08875 0 0 0.0025 1 1 2.5 0.005 164 5 1 1 
-0.08625 0 0 0.0025 1 1 2.5 0.005 165 5 1 1 
-0.08375 0 0 0.0025 1 1 2.5 0.005 166 5 1 1 
-0.08125 0 0 0.0025 1 1 2.5 0.005 167 5 1 1 
-0.07875 0 0 0.0025 1 1 2.5 0.005 168 5 1 1 
-0.07625 0 0 0.0025 1 1 2.5 0.005 169 5 1 1 
-0.07375 0 0 0.0025 1 1 2.5 0.005 170 5 1 1 
-0.07125 0 0 0.0025 1 1 2.5 0.005 171 5 1 1 
-0.06875 0 0 0.0025 1 1 2.5 0.005 172 5 1 1 
-0.06625 0 0 0.0025 1 1 2.5 0.005 173 5 1 1 
-0.06375 0 0 0.0025 1 1 2.5 0.005 174 5 1 1 
-0.06125 0 0 0.0025 1 1 2.5 0.005 175 5 1 1 
-0.05875 -8.45189e-47 -1.12104e-44 0.0025 1 1 2.5 0.005 176 5 1 1 
-0.05625 -1.02851e-16 -1.12104e-44 0.0025 1 1 2.5 0.005 177 5 1 1 
-0.05375 -2.73344e-16 0 0.0025 1 1 2.5 0.005 178 5 1 1 
-0.05125 -4.25538e-16 -5.68434e-14 0.0025 1 1 2.5 0.005 179 5 1 1 
-0.04875 -6.10688e-16 0 0.0025 1 1 2.5 0.005 180 5 1 1 
-0.04625 -8.45991e-16 0 0.0025 1 1 2.5 0.005 181 5 1 1 
-0.04375 -1.07848e-15 -2.24208e-44 0.0025 1 1 2.5 0.005 182 5 1 1 
-0.04125 -1.34087e-15 -2.24208e-44 0.0025 1 1 2.5 0.005 183 5 1 1 
-0.03875 -1.78322e-15 5.68434e-14 0.0025 1 1 2.5 0.005 184 5 1 1 
-0.03625 -1.95964e-15 -5.52203e-28 0.0025 1 1 2.5 0.005 185 5 1 1 
-0.03375 -3.61727e-15 -5.68434e-14 0.0025 1 1 2.5 0.005 186 4 1 1 
-0.03125 2.58722e-16 5.68434e-14 0.0025 1 1 2.5 0.005 187 3 1 1 
-0.02875 5.45575e-18 -8.96831e-44 0.0025 1 1 2.5 0.005 188 3 1 1 
-0.02625 -8.45778e-16 -6.31089e-28 0.0025 1 1 2.5 0.005 189 3 1 1 
-0.02375 1.08495e-15 3.15544e-28 0.0025 1 1 2.5 0.005 190 4 1 1 
-0.02125 -1.62145e-16 -1.7053e-13 0.0025 1 1 2.5 0.005 191 5 1 1 
-0.01875 -3.06152e-16 5.68434e-14 0.0025 1 1 2.5 0.005 192 5 1 1 
-0.01625 -2.30155e-15 -5.68434e-14 0.0025 1 1 2.5 0.005 193 4 1 1 
-0.01375 1.17482e-15 -5.68434e-14 0.0025 1 1 2.5 0.005 194 3 1 1 
-0.01125 3.87773e-18 1.13687e-13 0.0025 1 1 2.5 0.005 195 3 1 1 
-0.00875 -3.47433e-16 -1.13687e-13 0.0025 1 1 2.5 0.005 196 3 1 1 
-0.00625 2.14811e-16 0 0.0025 1 1 2.5 0.005 197 3 1 1 
-0.00375 -2.418e-16 0 0.0025 1 1 2.5 0.005 198 3 1 1 
-0.00125 -3.34105e-17 -1.2819e-28 0.0025 1 1 2.5 0.005 199 4 1 1 
0.00125 -9.73371e-17 -2.27374e-13 0.0025 1 1 2.5 0.005 200 3 1 1 
0.00375 1.00015e-16 2.84217e-13 0.0025 1 1 2.5 0.005 201 4 1 1 
0.00625 1.16592e-16 -5.68434e-14 0.0025 1 1 2.5 0.005 202 4 1 1 
0.00875 2.52956e-16 -8.87469e-29 0.0025 1 1 2.5 0.005 203 3 1 1 
0.01125 1.6632e-16 -6.31089e-28 0.0025 1 1 2.5 0.005 204 3 1 1 
0.01375 4.79659e-16 -1.57772e-28 0.0025 1 1 2.5 0.005 205 4 1 1 
0.01625 -8.55806e-16 5.91646e-28 0.0025 1 1 2.5 0.005 206 4 1 1 
0.01875 -2.57656e-15 2.07076e-28 0.0025 1 1 2.5 0.005 207 5 1 1 
0.02125 -8.13417e-16 -5.91646e-28 0.0025 1 1 2.5 0.005 208 5 1 1 
0.02375 -2.41619e-15 -3.15544e-28 0.0025 1 1 2.5 0.005 209 4 1 1 
0.02625 1.80542e-15 2.76101e-28 0.0025 1 1 2.5 0.005 210 3 1 1 
0.02875 1.16204e-15 1.13687e-13 0.0025 1 1 2.5 0.005 211 3 1 1 
0.03125 4.70495e-15 -5.68434e-14 0.0025 1 1 2.5 0.005 212 4 1 1 
0.03375 2.99919e-15 5.68434e-14 0.0025 1 1 2.5 0.005 213 5 1 1 
0.03625 2.46513e-15 5.68434e-14 0.0025 1 1 2.5 0.005 214 5 1 1 
0.03875 1.95402e-15 1.12104e-44 0.0025 1 1 2.5 0.005 215 5 1 1 
0.04125 1.45371e-15 2.24208e-44 0.0025 1 1 2.5 0.005 216 5 1 1 
0.04375 9.4732e-16 4.48416e-44 0.0025 1 1 2.5 0.005 217 5 1 1 
0.04625 7.30335e-16 5.68434e-14 0.0025 1 1 2.5 0.005 218 5 1 1 
0.04875 4.93642e-16 -5.68434e-14 0.0025 1 1 2.5 0.005 219 5 1 1 
0.05125 3.24567e-16 5.68434e-14 0.0025 1 1 2.5 0.005 220 5 1 1 
0.05375 1.36967e-16 1.12104e-44 0.0025 1 1 2.5 0.005 221 5 1 1 
0.05625 1.38499e-46 1.12104e-44 0.0025 1 1 2.5 0.005 222 5 1 1 
0.05875 0 0 0.0025 1 1 2.5 0.005 223 5 1 1 
0.06125 0 0 0.0025 1 1 2.5 0.005 224 5 1 1 
0.06375 0 0 0.0025 1 1 2.5 0.005 225 5 1 1 
0.06625 0 0 0.0025 1 1 2.5 0.005 226 5 1 1 
0.06875 0 0 0.0025 1 1 2.5 0.005 227 5 1 1 
0.07125 0 0 0.0025 1 1 2.5 0.005 228 5 1 1 
0.07375 0 0 0.0025 1 1 2.5 0.005 229 5 1 1 
0.07625 0 0 0.0025 1 1 2.5 0.005 230 5 1 1 
0.07875 0 0 0.0025 1 1 2.5 0.005 231 5 1 1 
0.08125 0 0 0.0025 1 1 2.5 0.005 232 5 1 1 
0.08375 0 0 0.0025 1 1 2.5 0.005 233 5 1 1 
0.08625 0 0 0.0025 1 1 2.5 0.005 234 5 1 1 
0.08875 0 0 0.0025 1 1 2.5 0.005 235 5 1 1 
0.09125 0 0 0.0025 1 1 2.5 0.005 236 5 1 1 
0.09375 -4.40182e-46 -1.12104e-44 0.0025 1 1 2.5 0.005 237 5 1 1 
0.09625 -1.69188e-16 0 0.0025 1 1 2.5 0.005 238 5 1 1 
0.09875 -3.37357e-16 1.12104e-44 0.0025 1 1 2.5 0.005 239 5 1 1 
0.10125 4.70912e-16 5.68434e-14 0.0025 1 1 2.5 0.005 240 5 1 1 
0.10375 3.3992e-16 5.68434e-14 0.0025 1 1 2.5 0.005 241 5 1 1 
0.10625 3.49759e-15 -4.48416e-44 0.0025 1 1 2.5 0.005 242 5 1 1 
0.10875 2.5939e-15 2.27374e-13 0.0025 1 1 2.5 0.005 243 5 1 1 
0.11125 2.34495e-15 -2.46629e-43 0.0025 1 1 2.5 0.005 244 5 1 1 
0.11375 -9.73821e-16 2.9147e-43 0.0025 1 1 2.5 0.005 245 5 1 1 
0.11625 -4.74981e-16 -1.13687e-13 0.0025 1 1 2.5 0.005 246 5 1 1 
0.11875 -3.25069e-15 -2.27374e-13 0.0025 1 1 2.5 0.005 247 5 1 1 
0.12125 1.46441e-15 -3.41061e-13 0.0025 1 1 2.5 0.005 248 5 1 1 
0.12375 -1.53393e-15 -3.41061e-13 0.0025 1 1 2.5 0.005 249 4 1 1 
0.12625 1.53393e-15 3.41061e-13 0.0025 1 1 2.5 0.005 250 4 1 1 
0.12875 -1.46441e-15 3.41061e-13 0.0025 1 1 2.5 0.005 251 5 1 1 
0.13125 3.25069e-15 2.27374e-13 0.0025 1 1 2.5 0.005 252 5 1 1 
0.13375 4.74981e-16 1.13687e-13 0.0025 1 1 2.5 0.005 253 5 1 1 
0.13625 9.73821e-16 -2.9147e-43 0.0025 1 1 2.5 0.005 254 5 1 1 
0.13875 -2.34495e-15 2.46629e-43 0.0025 1 1 2.5 0.005 255 5 1 1 
0.14125 -2.5939e-15 -2.27374e-13 0.0025 1 1 2.5 0.005 256 5 1 1 
0.14375 -3.49759e-15 4.48416e-44 0.0025 1 1 2.5 0.005 257 5 1 1 
0.14625 -3.3992e-16 -5.68434e-14 0.0025 1 1 2.5 0.005 258 5 1 1 
0.14875 -4.70912e-16 -5.68434e-14 0.0025 1 1 2.5 0.005 259 5 1 1 
0.15125 3.37357e-16 -1.12104e-44 0.0025 1 1 2.5 0.005 260 5 1 1 
0.15375 1.69188e-16 0 0.0025 1 1 2.5 0.005 261 5 1 1 
0.15625 4.40182e-46 1.12104e-44 0.0025 1 1 2.5 0.005 262 5 1 1 
0.15875 0 0 0.0025 1 1 2.5 0.005 263 5 1 1 
0.16125 0 0 0.0025 1 1 2.5 0.005 264 5 1 1 
0.16375 0 0 0.0025 1 1 2.5 0.005 265 5 1 1 
0.16625 0 0 0.0025 1 1 2.5 0.005 266 5 1 1 
0.16875 0 0 0.0025 1 1 2.5 0.005 267 5 1 1 
0.17125 0 0 0.0025 1 1 2.5 0.005 268 5 1 1 
0.17375 0 0 0.0025 1 1 2.5 0.005 269 5 1 1 
0.17625 0 0 0.0025 1 1 2.5 0.005 270 5 1 1 
0.17875 0 0 0.0025 1 1 2.5 0.005 271 5 1 1 
0.18125 0 0 0.0025 1 1 2.5 0.005 272 5 1 1 
0.18375 0 0 0.0025 1 1 2.5 0.005 273 5 1 1 
0.18625 0 0 0.0025 1 1 2.5 0.005 274 5 1 1 
0.18875 0 0 0.0025 1 1 2.5 0.005 275 5 1 1 
0.19125 0 0 0.0025 1 1 2.5 0.005 276 5 1 1 
0.19375 0 0 0.0025 1 1 2.5 0.005 277 5 1 1 
0.19625 0 0 0.0025 1 1 2.5 0.005 278 5 1 1 
0.19875 0 0 0.0025 1 1 2.5 0.005 279 5 1 1 
0.20125 -4.3968e-47 -1.12104e-44 0.0025 1 1 2.5 0.005 280 5 1 1 
0.20375 -6.85718e-17 -1.12104e-44 0.0025 1 1 2.5 0.005 281 5 1 1 
0.20625 -2.05192e-16 0 0.0025 1 1 2.5 0.005 282 5 1 1 
0.20875 -3.75697e-16 0 0.0025 1 1 2.5 0.005 283 5 1 1 
0.21125 -5.45239e-16 0 0.0025 1 1 2.5 0.005 284 5 1 1 
0.21375 -6.79199e-16 1.12104e-44 0.0025 1 1 2.5 0.005 285 5 1 1 
0.21625 -7.76826e-16 1.12104e-44 0.0025 1 1 2.5 0.005 286 5 1 1 
0.21875 -9.92093e-16 5.68434e-14 0.0025 1 1 2.5 0.005 287 5 1 1 
0.22125 1.82583e-15 5.68434e-14 0.0025 1 1 2.5 0.005 288 5 1 1 
0.22375 4.20162e-16 1.13687e-13 0.0025 1 1 2.5 0.005 289 5 1 1 
0.22625 -7.76338e-16 5.60519e-44 0.0025 1 1 2.5 0.005 290 5 1 1 
0.22875 -1.76063e-15 -1.13687e-13 0.0025 1 1 2.5 0.005 291 5 1 1 
0.23125 8.80029e-16 2.27374e-13 0.0025 1 1 2.5 0.005 292 5 1 1 
0.23375 -1.60209e-15 3.41061e-13 0.0025 1 1 2.5 0.005 293 5 1 1 
0.23625 1.13632e-15 -3.41061e-13 0.0025 1 1 2.5 0.005 294 5 1 1 
0.23875 -1.9493e-15 -3.97904e-13 0.0025 1 1 2.5 0.005 295 5 1 1 
0.24125 2.81944e-15 8.52651e-13 0.0025 1 1 2.5 0.005 296 5 1 1 
0.24375 -2.01208e-15 9.09495e-13 0.0025 1 1 2.5 0.005 297 5 1 1 
0.24625 3.30163e-15 -7.95808e-13 0.0025 1 1 2.5 0.005 298 5 1 1 
0.24875 -3.21914e-15 -7.38964e-13 0.0025 1 1 2.5 0.005 299 3 1 1 
0.25125 3.21914e-15 7.38964e-13 0.0025 1 1 2.5 0.005 300 3 1 1 
0.25375 -3.30163e-15 7.95808e-13 0.0025 1 1 2.5 0.005 301 5 1 1 
0.25625 2.01208e-15 -9.09495e-13 0.0025 1 1 2.5 0.005 302 5 1 1 
0.25875 -2.81944e-15 -8.52651e-13 0.0025 1 1 2.5 0.005 303 5 1 1 
0.26125 1.9493e-15 3.97904e-13 0.0025 1 1 2.5 0.005 304 5 1 1 
0.26375 -1.13632e-15 3.41061e-13 0.0025 1 1 2.5 0.005 305 5 1 1 
0.26625 1.60209e-15 -3.41061e-13 0.0025 1 1 2.5 0.005 306 5 1 1 
0.26875 -8.80029e-16 -2.27374e-13 0.0025 1 1 2.5 0.005 307 5 1 1 
0.27125 1.76063e-15 1.13687e-13 0.0025 1 1 2.5 0.005 308 5 1 1 
0.27375 7.76338e-16 -5.60519e-44 0.0025 1 1 2.5 0.005 309 5 1 1 
0.27625 -4.20162e-16 -1.13687e-13 0.0025 1 1 2.5 0.005 310 5 1 1 
0.27875 -1.82583e-15 -5.68434e-14 0.0025 1 1 2.5 0.005 311 5 1 1 
0.28125 9.92093e-16 -5.68434e-14 0.0025 1 1 2.5 0.005 312 5 1 1 
0.28375 7.76826e-16 -1.12104e-44 0.0025 1 1 2.5 0.005 313 5 1 1 
0.28625 6.79199e-16 -1.12104e-44 0.0025 1 1 2.5 0.005 314 5 1 1 
0.28875 5.45239e-16 0 0.0025 1 1 2.5 0.005 315 5 1 1 
0.29125 3.75697e-16 0 0.0025 1 1 2.5 0.005 316 5 1 1 
0.29375 2.05192e-16 0 0.0025 1 1 2.5 0.005 317 5 1 1 
0.29625 6.85718e-17 1.12104e-44 0.0025 1 1 2.5 0.005 318 5 1 1 
0.29875 4.3968e-47 1.12104e-44 0.0025 1 1 2.5 0.005 319 5 1 1 
0.30125 0 0 0.0025 1 1 2.5 0.005 320 5 1 1 
0.30375 0 0 0.0025 1 1 2.5 0.005 321 5 1 1 
0.30625 0 0 0.0025 1 1 2.5 0.005 322 5 1 1 
0.30875 0 0 0.0025 1 1 2.5 0.005 323 5 1 1 
0.31125 0 0 0.0025 1 1 2.5 0.005 324 5 1 1 
0.31375 0 0 0.0025 1 1 2.5 0.005 325 5 1 1 
0.31625 0 0 0.0025 1 1 2.5 0.005 326 5 1 1 
0.31875 0 0 0.0025 1 1 2.5 0.005 327 5 1 1 
0.32125 0 0 0.0025 1 1 2.5 0.005 328 5 1 1 
0.32375 -2.36874e-47 -1.12104e-44 0.0025 1 1 2.5 0.005 329 5 1 1 
0.32625 -1.20109e-16 -5.68434e-14 0.0025 1 1 2.5 0.005 330 5 1 1 
0.32875 -1.88462e-16 5.11591e-13 0.0025 1 1 2.5 0.005 331 5 1 1 
0.33125 9.37389e-15 2.01226e-11 0.0025 1 1 2.5 0.005 332 5 1 1 
0.33375 -3.79191e-14 -1.80876e-10 0.0025 1 1 2.5 0.005 333 4 1 1 
0.33625 -1.62008e-12 -2.80954e-09 0.0025 1 1 2.5 0.005 334 4 1 1 
0.33875 -1.54917e-11 -2.0379e-08 0.0025 1 1 2.5 0.005 335 4 1 1 
0.34125 -1.01698e-10 -1.15186e-07 0.0025 1 1 2.5 0.005 336 4 1 1 
0.34375 -5.44133e-10 -5.51087e-07 0.0025 1 1 2.5 0.005 337 4 1 1 
0.34625 -2.52655e-09 -2.33269e-06 0.0025 1 1 2.5 0.005 338 4 1 1 
0.34875 -1.05046e-08 -8.93829e-06 0.0025 1 1 2.5 0.005 339 4 1 1 
0.35125 -3.98378e-08 -3.14417e-05 0.0025 1 1 2.5 0.005 340 4 1 1 
0.35375 -1.39442e-07 -0.000102474 0.0025 1 1 2.5 0.005 341 4 1 1 
0.35625 -4.54123e-07 -0.000311421 0.0025 1 1 2.5 0.005 342 4 1 1 
0.35875 -1.384e-06 -0.000886555 0.0025 1 1 2.5 0.00499999 343 4 1 1 
0.36125 -3.96397e-06 -0.00237219 0.0025 1 1 2.5 0.00499998 344 4 1 1 
0.36375 -1.07042e-05 -0.00598082 0.0025 1.00001 1.00001 2.50001 0.00499996 345 4 1 1 
0.36625 -2.73203e-05 -0.0142343 0.0025 1.00002 1.00003 2.50002 0.0049999 346 4 1 1 
0.36875 -6.60318e-05 -0.0320211 0.0025 1.00005 1.00007 2.50005 0.00499975 347 4 1 1 
0.37125 -0.000151355 -0.0681415 0.0025 1.00012 1.00016 2.50011 0.00499942 348 4 1 1 
0.373749 -0.000329363 -0.137207 0.0025 1.00025 1.00035 2.50025 0.00499874 349 4 1 1 
0.376248 -0.000680877 -0.261306 0.0025 1.00052 1.00072 2.50052 0.0049974 350 4 1 0.999999 
0.378747 -0.00133732 -0.47003 0.0025 1.00102 1.00142 2.50102 0.00499489 351 4 1 0.999997 
0.381243 -0.0024943 -0.796318 0.0025 1.00191 1.00267 2.5019 0.00499044 352 4 1 0.999993 
0.383737 -0.0044118 -1.26469 0.0025 1.0034 1.00474 2.50338 0.00498306 353 4 1 0.999982 
0.386226 -0.00738319 -1.86969 0.0025 1.00571 1.00798 2.50569 0.00497159 354 4 1 0.999964 
0.388709 -0.0116547 -2.54919 0.0025 1.00907 1.0127 2.50904 0.00495503 355 4 1 0.999937 
0.391181 -0.0172959 -3.16977 0.0025 1.01358 1.01904 2.51353 0.00493303 356 4 1 0.999909 
0.393642 -0.024067 -3.55144 0.0025 1.01908 1.02682 2.51902 0.00490638 357 4 1 0.999895 
0.396088 -0.0313631 -3.51983 0.0025 1.02516 1.03545 2.52506 0.00487727 358 4 1 0.999905 
0.398519 -0.0382922 -3.01562 0.0025 1.03112 1.04392 2.53097 0.00484909 359 4 1 0.99995 
0.400937 -0.0437409 -1.77223 0.0025 1.03577 1.05059 2.5356 0.0048273 360 3 1 1.00001 
0.403346 -0.0444726 2.86633 0.0025 1.03438 1.04893 2.53447 0.00483382 361 4 1 1.00003 
0.405771 -0.0239007 17.5888 0.0025 1.0171 1.0245 2.51753 0.00491595 362 4 1 0.999659 
0.408263 0.0157023 17.5118 0.0025 0.988543 0.983935 2.48862 0.00505795 363 4 1 0.997849 
0.41083 0.0431638 8.74671 0.0025 0.965307 0.951591 2.4649 0.0051797 364 4 1 0.998226 
0.413444 0.0617608 8.88228 0.0025 0.94793 0.927962 2.44727 0.00527465 365 4 1 0.999076 
0.416105 0.0862686 12.1138 0.0025 0.928363 0.901307 2.42701 0.00538582 366 4 1 0.998901 
0.41883 0.115479 12.5673 0.0025 0.905934 0.870897 2.40333 0.00551916 367 4 1 0.998401 
0.421625 0.14509 12.0847 0.0025 0.883074 0.84027 2.37887 0.00566204 368 4 1 0.998222 
0.424493 0.175034 12.0278 0.0025 0.860286 0.810083 2.35414 0.00581202 369 4 1 0.998157 
0.427438 0.206097 12.083 0.0025 0.837269 0.779909 2.32875 0.00597179 370 4 1 0.998029 
0.430466 0.238288 12.1092 0.0025 0.813951 0.749671 2.3026 0.00614288 371 4 1 0.997872 
0.433583 0.271506 12.059 0.0025 0.790393 0.719474 2.27571 0.00632596 372 4 1 0.997706 
0.436794 0.305814 11.9916 0.0025 0.76667 0.689427 2.24815 0.00652171 373 4 1 0.99754 
0.440106 0.341151 11.8779 0.0025 0.742848 0.659625 2.21995 0.00673086 374 4 1 0.997369 
0.443527 0.377396 11.6799 0.0025 0.719056 0.630241 2.19125 0.00695356 375 4 1 0.997206 
0.447062 0.414358 11.3976 0.0025 0.695489 0.601514 2.16224 0.00718919 376 4 1 0.997072 
0.450718 0.451411 10.8734 0.0025 0.672504 0.573868 2.13338 0.0074349 377 4 1 0.997003 
0.454499 0.487642 9.99315 0.0025 0.65072 0.548013 2.10547 0.00768379 378 4 1 0.997081 
0.458404 0.521495 8.7329 0.0025 0.630897 0.524783 2.07958 0.00792522 379 4 1 0.997363 
0.462427 0.55121 7.13042 0.0025 0.613745 0.504924 2.0568 0.0081467 380 4 1 0.997842 
0.466553 0.576154 5.8553 0.0025 0.599267 0.488342 2.03728 0.00834352 381 4 1 0.998362 
0.470771 0.599018 5.88847 0.0025 0.585967 0.473256 2.01911 0.00853291 382 4 1 0.998618 
0.475087 0.625145 6.97528 0.0025 0.571799 0.457319 1.99947 0.00874433 383 4 1 0.998441 
0.479517 0.654219 6.63847 0.0025 0.55722 0.441062 1.97891 0.00897312 384 4 1 0.998155 
0.484061 0.676818 3.40056 0.0025 0.546276 0.428968 1.96327 0.00915289 385 4 1 0.998725 
0.488671 0.682765 -0.477158 0.0025 0.542212 0.424531 1.95746 0.00922149 386 5 1 0.999785 
0.493283 0.680898 -0.158471 0.0025 0.542271 0.424624 1.95762 0.00922048 387 4 1 0.999997 
0.497891 0.679914 -0.319376 0.0025 0.542821 0.425237 1.95846 0.00921114 388 4 1 0.999996 
0.502494 0.678615 -0.254427 0.0025 0.543438 0.425926 1.9594 0.00920068 389 4 1 0.999997 
0.507092 0.677557 -0.201578 0.0025 0.543999 0.426554 1.96027 0.0091912 390 4 1 0.999998 
0.511685 0.676716 -0.155537 0.0025 0.544446 0.427061 1.96099 0.00918364 391 4 1 0.999999 
0.516275 0.676077 -0.117999 0.0025 0.544789 0.427455 1.96156 0.00917787 392 4 1 0.999999 
0.520863 0.675593 -0.0864435 0.0025 0.545037 0.42775 1.96202 0.00917368 393 4 1 1 
0.525449 0.675225 -0.0646989 0.0025 0.545202 0.427959 1.96239 0.00917092 394 4 1 1 
0.530034 0.674946 -0.0502971 0.0025 0.545246 0.428063 1.96271 0.00917018 395 3 1 1 
0.534619 0.674731 -0.0402559 0.0025 0.544939 0.427932 1.96321 0.00917534 396 4 1 1 
0.539209 0.674555 -0.0337405 0.0025 0.543402 0.42628 1.96116 0.0092013 397 4 1 0.999989 
0.543821 0.674402 -0.0298468 0.0025 0.530357 0.410906 1.93693 0.00942762 398 4 1 0.99968 
0.548642 0.674256 -0.0267213 0.0025 0.506347 0.43961 2.1705 0.00987465 399 4 1 0.994729 
0.553702 0.67411 -0.0231227 0.0025 0.480873 0.415058 2.15783 0.0103977 400 4 1 0.993719 
0.559049 0.67396 -0.0183826 0.0025 0.458435 0.449511 2.45134 0.0109067 401 4 1 0.99371 
0.564615 0.673792 -0.0105222 0.0025 0.449838 0.430085 2.39022 0.0111151 402 5 1 0.998664 
0.570164 0.673574 0.00759292 0.0025 0.451401 0.428372 2.37245 0.0110766 403 4 1 0.999975 
0.575691 0.673203 0.0516427 0.0025 0.452862 0.428116 2.36339 0.0110409 404 4 1 1 
0.581205 0.672286 0.18252 0.0025 0.453386 0.427511 2.35731 0.0110281 405 3 1 1 
0.586719 0.669625 0.600714 0.0025 0.452335 0.425293 2.35052 0.0110537 406 4 1 1 
0.592259 0.662293 1.58671 0.0025 0.448078 0.41913 2.33844 0.0111588 407 4 1 0.999855 
0.597879 0.643178 4.16715 0.0025 0.437231 0.40454 2.31299 0.0114356 408 4 1 0.998926 
0.603698 0.601848 8.08172 0.0025 0.415565 0.37619 2.26293 0.0120318 409 4 1 0.995298 
0.609926 0.515171 18.8751 0.0025 0.376782 0.326582 2.16668 0.0132703 410 4 1 0.986184 
0.61704 0.337215 31.9354 0.0025 0.324304 0.262238 2.02158 0.0154177 411 4 1 0.96763 
0.625509 0.133789 25.102 0.0025 0.279361 0.210652 1.88543 0.017898 412 4 1 0.958896 
0.635052 0.0249638 8.34786 0.0025 0.256827 0.186467 1.81531 0.0194684 413 4 1 0.981801 
0.644996 0.000563357 0.880025 0.0025 0.250667 0.180165 1.79691 0.0199468 414 4 1 0.997981 
0.654999 -0.000399622 -0.11625 0.0025 0.249954 0.179453 1.79487 0.0200037 415 5 1 0.999968 
0.665 3.78656e-06 -0.00976938 0.0025 0.249991 0.179491 1.79497 0.0200007 416 4 1 1 
0.675 7.26354e-06 0.00120152 0.0025 0.250001 0.179501 1.795 0.0199999 417 3 1 1 
0.685 1.68378e-06 0.000412266 0.0025 0.25 0.1795 1.795 0.02 418 4 1 1 
0.695 3.08296e-07 8.49894e-05 0.0025 0.25 0.1795 1.795 0.02 419 4 1 1 
0.705 5.01772e-08 1.49952e-05 0.0025 0.25 0.1795 1.795 0.02 420 4 1 1 
0.715 7.3821e-09 2.38492e-06 0.0025 0.25 0.1795 1.795 0.02 421 4 1 1 
0.725 9.80927e-10 3.42799e-07 0.0025 0.25 0.1795 1.795 0.02 422 4 1 1 
0.735 1.17086e-10 4.43449e-08 0.0025 0.25 0.1795 1.795 0.02 423 4 1 1 
0.745 1.24261e-11 5.12711e-09 0.0025 0.25 0.1795 1.795 0.02 424 4 1 1 
0.755 1.16131e-12 5.23272e-10 0.0025 0.25 0.1795 1.795 0.02 425 4 1 1 
0.765 8.73583e-14 4.75779e-11 0.0025 0.25 0.1795 1.795 0.02 426 4 1 1 
0.775 2.83502e-15 1.74794e-12 0.0025 0.25 0.1795 1.795 0.02 427 5 1 1 
0.785 2.83116e-16 1.98952e-13 0.0025 0.25 0.1795 1.795 0.02 428 5 1 1 
0.795 6.34443e-47 4.2039e-44 0.0025 0.25 0.1795 1.795 0.02 429 5 1 1 
0.805 4.2307e-48 2.8026e-45 0.0025 0.25 0.1795 1.795 0.02 430 5 1 1 
0.815 0 0 0.0025 0.25 0.1795 1.795 0.02 431 5 1 1 
0.825 0 0 0.0025 0.25 0.1795 1.795 0.02 432 5 1 1 
0.835 0 0 0.0025 0.25 0.1795 1.795 0.02 433 5 1 1 
0.845 0 0 0.0025 0.25 0.1795 1.795 0.02 434 5 1 1 
0.855 0 0 0.0025 0.25 0.1795 1.795 0.02 435 5 1 1 
0.865 0 0 0.0025 0.25 0.1795 1.795 0.02 436 5 1 1 
0.875 0 0 0.0025 0.25 0.1795 1.795 0.02 437 5 1 1 
0.885 0 0 0.0025 0.25 0.1795 1.795 0.02 438 5 1 1 
0.895 0 0 0.0025 0.25 0.1795 1.795 0.02 439 5 1 1 
0.905 -2.53909e-48 -2.8026e-45 0.0025 0.25 0.1795 1.795 0.02 440 5 1 1 
0.915 -5.14658e-47 -2.8026e-45 0.0025 0.25 0.1795 1.795 0.02 441 5 1 1 
0.925 -1.24262e-16 -1.42109e-14 0.0025 0.25 0.1795 1.795 0.02 442 5 1 1 
0.935 -5.38563e-16 -2.84217e-14 0.0025 0.25 0.1795 1.795 0.02 443 5 1 1 
0.945 -1.42457e-15 -5.68434e-14 0.0025 0.25 0.1795 1.795 0.02 444 5 1 1 
0.955 -3.37124e-15 -8.52651e-14 0.0025 0.25 0.1795 1.795 0.02 445 5 1 1 
0.965 -6.91424e-15 -7.10543e-14 0.0025 0.25 0.1795 1.795 0.02 446 5 1 1 
0.975 -1.3605e-14 -1.56319e-13 0.0025 0.25 0.1795 1.795 0.02 447 5 1 1 
0.985 6.45767e-15 3.69482e-13 0.0025 0.25 0.1795 1.795 0.02 448 5 1 1 
0.995 -4.25459e-15 4.54747e-13 0.0025 0.25 0.1795 1.795 0.02 449 3 1 1 
1.005 4.25459e-15 -4.54747e-13 0.0025 0.25 0.1795 1.795 0.02 450 3 1 1 
1.015 -6.45767e-15 -3.69482e-13 0.0025 0.25 0.1795 1.795 0.02 451 5 1 1 
1.025 1.3605e-14 1.56319e-13 0.0025 0.25 0.1795 1.795 0.02 452 5 1 1 
1.035 6.91424e-15 7.10543e-14 0.0025 0.25 0.1795 1.795 0.02 453 5 1 1 
1.045 3.37124e-15 8.52651e-14 0.0025 0.25 0.1795 1.795 0.02 454 5 1 1 
1.055 1.42457e-15 5.68434e-14 0.0025 0.25 0.1795 1.795 0.02 455 5 1 1 
1.065 5.38563e-16 2.84217e-14 0.0025 0.25 0.1795 1.795 0.02 456 5 1 1 
1.075 1.24262e-16 1.42109e-14 0.0025 0.25 0.1795 1.795 0.02 457 5 1 1 
1.085 5.14658e-47 2.8026e-45 0.0025 0.25 0.1795 1.795 0.02 458 5 1 1 
1.095 2.53909e-48 2.8026e-45 0.0025 0.25 0.1795 1.795 0.02 459 5 1 1 
1.105 0 0 0.0025 0.25 0.1795 1.795 0.02 460 5 1 1 
1.115 0 0 0.0025 0.25 0.1795 1.795 0.02 461 5 1 1 
1.125 0 0 0.0025 0.25 0.1795 1.795 0.02 462 5 1 1 
1.135 0 0 0.0025 0.25 0.1795 1.795 0.02 463 5 1 1 
1.145 0 0 0.0025 0.25 0.1795 1.795 0.02 464 5 1 1 
1.155 0 0 0.0025 0.25 0.1795 1.795 0.02 465 5 1 1 
1.165 0 0 0.0025 0.25 0.1795 1.795 0.02 466 5 1 1 
1.175 0 0 0.0025 0.25 0.1795 1.795 0.02 467 5 1 1 
1.185 0 0 0.0025 0.25 0.1795 1.795 0.02 468 5 1 1 
1.195 -4.2307e-48 -2.8026e-45 0.0025 0.25 0.1795 1.795 0.02 469 5 1 1 
1.205 -6.59763e-47 -3.92364e-44 0.0025 0.25 0.1795 1.795 0.02 470 5 1 1 
1.215 -2.95951e-16 -1.84741e-13 0.0025 0.25 0.1795 1.795 0.02 471 5 1 1 
1.225 -2.62848e-15 -1.35003e-12 0.0025 0.25 0.1795 1.795 0.02 472 5 1 1 
1.235 -8.39288e-14 -4.95248e-11 0.0025 0.25 0.1795 1.795 0.02 473 4 1 1 
1.245 -1.16719e-12 -5.22903e-10 0.0025 0.25 0.1795 1.795 0.02 474 4 1 1 
1.255 -1.24204e-11 -5.12074e-09 0.0025 0.25 0.1795 1.795 0.02 475 4 1 1 
1.265 -1.17079e-10 -4.43505e-08 0.0025 0.25 0.1795 1.795 0.02 476 4 1 1 
1.275 -9.80919e-10 -3.428e-07 0.0025 0.25 0.1795 1.795 0.02 477 4 1 1 
1.285 -7.3821e-09 -2.38492e-06 0.0025 0.25 0.1795 1.795 0.02 478 4 1 1 
1.295 -5.01772e-08 -1.49952e-05 0.0025 0.25 0.1795 1.795 0.02 479 4 1 1 
1.305 -3.08296e-07 -8.49894e-05 0.0025 0.25 0.1795 1.795 0.02 480 4 1 1 
1.315 -1.68378e-06 -0.000412266 0.0025 0.25 0.1795 1.795 0.02 481 4 1 1 
1.325 -7.26354e-06 -0.00120152 0.0025 0.250001 0.179501 1.795 0.0199999 482 3 1 1 
1.335 -3.78656e-06 0.00976938 0.0025 0.249991 0.179491 1.79497 0.0200007 483 4 1 1 
1.345 0.000399622 0.11625 0.0025 0.249954 0.179453 1.79487 0.0200037 484 5 1 0.999968 
1.355 -0.000563357 -0.880025 0.0025 0.250667 0.180165 1.79691 0.0199468 485 4 1 0.997981 
1.36495 -0.0249638 -8.34786 0.0025 0.256827 0.186467 1.81531 0.0194684 486 4 1 0.981801 
1.37449 -0.133789 -25.102 0.0025 0.279361 0.210652 1.88543 0.017898 487 4 1 0.958896 
1.38296 -0.337215 -31.9354 0.0025 0.324304 0.262238 2.02158 0.0154177 488 4 1 0.96763 
1.39007 -0.515171 -18.8751 0.0025 0.376782 0.326582 2.16668 0.0132703 489 4 1 0.986184 
1.3963 -0.601848 -8.08172 0.0025 0.415565 0.37619 2.26293 0.0120318 490 4 1 0.995298 
1.40212 -0.643178 -4.16715 0.0025 0.437231 0.40454 2.31299 0.0114356 491 4 1 0.998926 
1.40774 -0.662293 -1.58671 0.0025 0.448078 0.41913 2.33844 0.0111588 492 4 1 0.999855 
1.41328 -0.669625 -0.600714 0.0025 0.452335 0.425293 2.35052 0.0110537 493 4 1 1 
1.41879 -0.672286 -0.18252 0.0025 0.453386 0.427511 2.35731 0.0110281 494 3 1 1 
1.42431 -0.673203 -0.0516427 0.0025 0.452862 0.428116 2.36339 0.0110409 495 4 1 1 
1.42984 -0.673574 -0.00759292 0.0025 0.451401 0.428372 2.37245 0.0110766 496 4 1 0.999975 
1.43539 -0.673792 0.0105222 0.0025 0.449838 0.430085 2.39022 0.0111151 497 5 1 0.998664 
1.44095 -0.67396 0.0183826 0.0025 0.458435 0.449511 2.45134 0.0109067 498 4 1 0.99371 
1.4463 -0.67411 0.0231227 0.0025 0.480873 0.415058 2.15783 0.0103977 499 4 1 0.993719 
