# Time [s]: 2.31269e+12
# Columns: pos [pc], vel [pc/s], acc [pc/s^2], mass [Msun], dens [g/cm^3], pres [barye], ene [erg/g], sml [pc], id, neighbor, alpha, gradh, ...additional?
4.48015e+16 -674.272 8.75097e-13 4.97118e+27 0.000506338 4.39599 21704.8 3.04737e+14 0 4 1 0.994729 
4.49503e+16 -674.42 9.79299e-13 4.97118e+27 0.000530346 4.10895 19369.2 2.90942e+14 1 4 1 0.999681 
4.50926e+16 -674.576 1.11192e-12 4.97118e+27 0.00054339 4.26267 19611.5 2.83958e+14 2 4 1 0.999989 
4.52342e+16 -674.756 1.33582e-12 4.97118e+27 0.000544925 4.27916 19631.9 2.83158e+14 3 4 1 1 
4.53757e+16 -674.977 1.68527e-12 4.97118e+27 0.000545228 4.28043 19626.8 2.83001e+14 4 3 1 1 
4.55172e+16 -675.264 2.17456e-12 4.97118e+27 0.000545178 4.27933 19623.5 2.83027e+14 5 4 1 1 
4.56588e+16 -675.646 2.89787e-12 4.97118e+27 0.000545006 4.27716 19619.8 2.83116e+14 6 4 1 1 
4.58003e+16 -676.15 3.96796e-12 4.97118e+27 0.000544748 4.2741 19615 2.8325e+14 7 4 1 0.999999 
4.5942e+16 -676.811 5.23409e-12 4.97118e+27 0.000544392 4.27002 19609.1 2.83435e+14 8 4 1 0.999999 
4.60838e+16 -677.681 6.73766e-12 4.97118e+27 0.00054393 4.26479 19601.7 2.83676e+14 9 4 1 0.999998 
4.62257e+16 -678.771 8.52945e-12 4.97118e+27 0.000543353 4.25832 19592.8 2.83977e+14 10 4 1 0.999997 
-1.53522e+16 -680.106 1.02597e-11 4.97118e+27 0.000542741 4.25149 19583.4 2.84298e+14 11 4 1 0.999996 
-1.521e+16 -681.009 6.816e-12 4.97118e+27 0.000542168 4.2451 19574.7 2.84598e+14 12 5 1 0.999996 
-1.50676e+16 -682.972 6.84255e-12 4.97118e+27 0.000542396 4.24729 19577.2 2.84479e+14 13 4 1 0.99968 
-1.49255e+16 -674.575 -1.30402e-10 4.97118e+27 0.000547395 4.302 19648.8 2.81881e+14 14 4 1 0.998562 
-1.47857e+16 -650.131 -2.23527e-10 4.97118e+27 0.000559212 4.43275 19817.4 2.75924e+14 15 4 1 0.998153 
-1.46496e+16 -620.965 -2.22403e-10 4.97118e+27 0.000573975 4.5976 20025.1 2.68827e+14 16 4 1 0.998484 
-1.45169e+16 -595.492 -1.87471e-10 4.97118e+27 0.000587989 4.75543 20219 2.6242e+14 17 4 1 0.998595 
-1.43871e+16 -572.569 -1.94947e-10 4.97118e+27 0.000601368 4.90738 20401.3 2.56582e+14 18 4 1 0.998271 
-1.42602e+16 -546.812 -2.40844e-10 4.97118e+27 0.00061629 5.07856 20602 2.50369e+14 19 4 1 0.997726 
-1.41367e+16 -516.129 -2.92727e-10 4.97118e+27 0.000634018 5.28422 20836.9 2.43368e+14 20 4 1 0.997265 
-1.40168e+16 -481.53 -3.31847e-10 4.97118e+27 0.000654365 5.52315 21101.8 2.35801e+14 21 4 1 0.997016 
-1.39008e+16 -444.785 -3.58553e-10 4.97118e+27 0.000676559 5.78718 21385.1 2.28066e+14 22 4 1 0.996966 
-1.37887e+16 -407.425 -3.74497e-10 4.97118e+27 0.000699856 6.06809 21676.6 2.20474e+14 23 4 1 0.997054 
-1.36803e+16 -370.302 -3.82697e-10 4.97118e+27 0.000723667 6.35907 21968.6 2.1322e+14 24 4 1 0.997198 
-1.35754e+16 -333.939 -3.88808e-10 4.97118e+27 0.000747656 6.6561 22256.9 2.06378e+14 25 4 1 0.997366 
-1.34738e+16 -298.537 -3.92184e-10 4.97118e+27 0.000771651 6.95705 22539.8 1.99961e+14 26 4 1 0.997541 
-1.33754e+16 -264.191 -3.94074e-10 4.97118e+27 0.000795524 7.26021 22816.1 1.9396e+14 27 4 1 0.997709 
-1.32798e+16 -230.943 -3.95704e-10 4.97118e+27 0.000819219 7.56473 23085.5 1.8835e+14 28 4 1 0.997878 
-1.3187e+16 -198.774 -3.94154e-10 4.97118e+27 0.000842657 7.86944 23347.3 1.83111e+14 29 4 1 0.998037 
-1.30967e+16 -167.747 -3.92056e-10 4.97118e+27 0.000865774 8.17324 23601.3 1.78222e+14 30 4 1 0.998148 
-1.30087e+16 -137.728 -3.98233e-10 4.97118e+27 0.000888737 8.47823 23849.6 1.73617e+14 31 4 1 0.998216 
-1.2923e+16 -107.831 -4.13343e-10 4.97118e+27 0.000911803 8.78825 24095.6 1.69225e+14 32 4 1 0.998497 
-1.28395e+16 -79.1356 -3.72753e-10 4.97118e+27 0.000933859 9.08798 24327.5 1.65228e+14 33 4 1 0.999013 
-1.27578e+16 -56.634 -2.62232e-10 4.97118e+27 0.000952513 9.34178 24519.3 1.61993e+14 34 4 1 0.99892 
-1.26775e+16 -37.2601 -3.49978e-10 4.97118e+27 0.000970849 9.59208 24705.4 1.58933e+14 35 4 1 0.997854 
-1.25988e+16 -4.4575 -6.38997e-10 4.97118e+27 0.000996877 9.95736 24971.4 1.54783e+14 36 4 1 0.998301 
-1.25226e+16 33.343 -4.43113e-10 4.97118e+27 0.00102404 10.3437 25244.2 1.50678e+14 37 4 1 0.999937 
-1.24481e+16 45.4659 -1.36859e-11 4.97118e+27 0.00103618 10.5138 25361.5 1.48912e+14 38 3 1 1 
-1.23737e+16 42.4917 7.66011e-11 4.97118e+27 0.00103475 10.4909 25345.6 1.49119e+14 39 4 1 1.00001 
-1.2299e+16 36.4073 1.04513e-10 4.97118e+27 0.00102947 10.4156 25293.3 1.49883e+14 40 4 1 0.999931 
-1.22238e+16 29.209 1.17053e-10 4.97118e+27 0.00102334 10.3286 25232.5 1.50781e+14 41 4 1 0.999897 
-1.21482e+16 21.9392 1.1321e-10 4.97118e+27 0.00101733 10.2435 25172.8 1.51671e+14 42 4 1 0.999895 
-1.20722e+16 15.4285 9.7641e-11 4.97118e+27 0.00101207 10.1693 25120.3 1.52459e+14 43 4 1 0.999916 
-1.19958e+16 10.1755 7.60981e-11 4.97118e+27 0.0010079 10.1106 25078.7 1.5309e+14 44 4 1 0.999945 
-1.19191e+16 6.3128 5.42554e-11 4.97118e+27 0.00100488 10.0681 25048.5 1.53551e+14 45 4 1 0.99997 
-1.18422e+16 3.69644 3.57686e-11 4.97118e+27 0.00100284 10.0396 25028.3 1.53863e+14 46 4 1 0.999986 
-1.17652e+16 2.04878 2.19953e-11 4.97118e+27 0.00100157 10.0219 25015.6 1.54058e+14 47 4 1 0.999994 
-1.16881e+16 1.07703 1.2696e-11 4.97118e+27 0.00100082 10.0114 25008.2 1.54173e+14 48 4 1 0.999998 
-1.1611e+16 0.537579 6.90694e-12 4.97118e+27 0.00100041 10.0057 25004.1 1.54237e+14 49 4 1 0.999999 
-1.15339e+16 0.254839 3.5496e-12 4.97118e+27 0.00100019 10.0027 25001.9 1.5427e+14 50 4 1 1 
-1.14568e+16 0.114696 1.72502e-12 4.97118e+27 0.00100009 10.0012 25000.9 1.54286e+14 51 4 1 1 
-1.13796e+16 0.0489707 7.92857e-13 4.97118e+27 0.00100004 10.0005 25000.4 1.54294e+14 52 4 1 1 
-1.13025e+16 0.0198104 3.44483e-13 4.97118e+27 0.00100002 10.0002 25000.1 1.54298e+14 53 4 1 1 
-1.12253e+16 0.00758045 1.41344e-13 4.97118e+27 0.00100001 10.0001 25000.1 1.54299e+14 54 4 1 1 
-1.11482e+16 0.00273783 5.46839e-14 4.97118e+27 0.001 10 25000 1.543e+14 55 4 1 1 
-1.1071e+16 0.000930697 1.99066e-14 4.97118e+27 0.001 10 25000 1.543e+14 56 4 1 1 
-1.09939e+16 0.000296695 6.79898e-15 4.97118e+27 0.001 10 25000 1.543e+14 57 4 1 1 
-1.09167e+16 8.82643e-05 2.17026e-15 4.97118e+27 0.001 10 25000 1.543e+14 58 4 1 1 
-1.08396e+16 2.43393e-05 6.43983e-16 4.97118e+27 0.001 10 25000 1.543e+14 59 4 1 1 
-1.07624e+16 6.16186e-06 1.76297e-16 4.97118e+27 0.001 10 25000 1.543e+14 60 4 1 1 
-1.06853e+16 1.4116e-06 4.40331e-17 4.97118e+27 0.001 10 25000 1.543e+14 61 4 1 1 
-1.06081e+16 2.85802e-07 9.85879e-18 4.97118e+27 0.001 10 25000 1.543e+14 62 4 1 1 
-1.0531e+16 4.90152e-08 1.91986e-18 4.97118e+27 0.001 10 25000 1.543e+14 63 4 1 1 
-1.04538e+16 6.48768e-09 3.05671e-19 4.97118e+27 0.001 10 25000 1.543e+14 64 4 1 1 
-1.03767e+16 4.55424e-10 3.39145e-20 4.97118e+27 0.001 10 25000 1.543e+14 65 4 1 1 
-1.02995e+16 -1.70536e-11 3.68395e-23 4.97118e+27 0.001 10 25000 1.543e+14 66 4 1 1 
-1.02224e+16 -1.54519e-12 -1.87882e-22 4.97118e+27 0.001 10 25000 1.543e+14 67 5 1 1 
-1.01452e+16 3.77312e-13 -3.68395e-24 4.97118e+27 0.001 10 25000 1.543e+14 68 5 1 1 
-1.00681e+16 8.57729e-14 1.84198e-24 4.97118e+27 0.001 10 25000 1.543e+14 69 5 1 1 
-9.99092e+15 1.69157e-44 3.63266e-55 4.97118e+27 0.001 10 25000 1.543e+14 70 5 1 1 
-9.91377e+15 0 0 4.97118e+27 0.001 10 25000 1.543e+14 71 5 1 1 
-9.83662e+15 0 0 4.97118e+27 0.001 10 25000 1.543e+14 72 5 1 1 
-9.75947e+15 0 0 4.97118e+27 0.001 10 25000 1.543e+14 73 5 1 1 
-9.68232e+15 0 0 4.97118e+27 0.001 10 25000 1.543e+14 74 5 1 1 
-9.60517e+15 0 0 4.97118e+27 0.001 10 25000 1.543e+14 75 5 1 1 
-9.52802e+15 0 0 4.97118e+27 0.001 10 25000 1.543e+14 76 5 1 1 
-9.45087e+15 0 0 4.97118e+27 0.001 10 25000 1.543e+14 77 5 1 1 
-9.37372e+15 0 0 4.97118e+27 0.001 10 25000 1.543e+14 78 5 1 1 
-9.29657e+15 0 0 4.97118e+27 0.001 10 25000 1.543e+14 79 5 1 1 
-9.21942e+15 0 0 4.97118e+27 0.001 10 25000 1.543e+14 80 5 1 1 
-9.14227e+15 0 0 4.97118e+27 0.001 10 25000 1.543e+14 81 5 1 1 
-9.06512e+15 0 0 4.97118e+27 0.001 10 25000 1.543e+14 82 5 1 1 
-8.98797e+15 0 0 4.97118e+27 0.001 10 25000 1.543e+14 83 5 1 1 
-8.91082e+15 0 0 4.97118e+27 0.001 10 25000 1.543e+14 84 5 1 1 
-8.83367e+15 0 0 4.97118e+27 0.001 10 25000 1.543e+14 85 5 1 1 
-8.75652e+15 0 0 4.97118e+27 0.001 10 25000 1.543e+14 86 5 1 1 
-8.67937e+15 0 0 4.97118e+27 0.001 10 25000 1.543e+14 87 5 1 1 
-8.60222e+15 0 0 4.97118e+27 0.001 10 25000 1.543e+14 88 5 1 1 
-8.52507e+15 0 0 4.97118e+27 0.001 10 25000 1.543e+14 89 5 1 1 
-8.44792e+15 0 0 4.97118e+27 0.001 10 25000 1.543e+14 90 5 1 1 
-8.37077e+15 0 0 4.97118e+27 0.001 10 25000 1.543e+14 91 5 1 1 
-8.29362e+15 0 0 4.97118e+27 0.001 10 25000 1.543e+14 92 5 1 1 
-8.21647e+15 0 0 4.97118e+27 0.001 10 25000 1.543e+14 93 5 1 1 
-8.13932e+15 0 0 4.97118e+27 0.001 10 25000 1.543e+14 94 5 1 1 
-8.06217e+15 0 0 4.97118e+27 0.001 10 25000 1.543e+14 95 5 1 1 
-7.98502e+15 0 0 4.97118e+27 0.001 10 25000 1.543e+14 96 5 1 1 
-7.90787e+15 0 0 4.97118e+27 0.001 10 25000 1.543e+14 97 5 1 1 
-7.83072e+15 0 0 4.97118e+27 0.001 10 25000 1.543e+14 98 5 1 1 
-7.75357e+15 0 0 4.97118e+27 0.001 10 25000 1.543e+14 99 5 1 1 
-7.67642e+15 0 0 4.97118e+27 0.001 10 25000 1.543e+14 100 5 1 1 
-7.59927e+15 0 0 4.97118e+27 0.001 10 25000 1.543e+14 101 5 1 1 
-7.52212e+15 0 0 4.97118e+27 0.001 10 25000 1.543e+14 102 5 1 1 
-7.44497e+15 0 0 4.97118e+27 0.001 10 25000 1.543e+14 103 5 1 1 
-7.36782e+15 0 0 4.97118e+27 0.001 10 25000 1.543e+14 104 5 1 1 
-7.29067e+15 0 0 4.97118e+27 0.001 10 25000 1.543e+14 105 5 1 1 
-7.21352e+15 0 0 4.97118e+27 0.001 10 25000 1.543e+14 106 5 1 1 
-7.13637e+15 0 0 4.97118e+27 0.001 10 25000 1.543e+14 107 5 1 1 
-7.05922e+15 0 0 4.97118e+27 0.001 10 25000 1.543e+14 108 5 1 1 
-6.98207e+15 0 0 4.97118e+27 0.001 10 25000 1.543e+14 109 5 1 1 
-6.90492e+15 0 0 4.97118e+27 0.001 10 25000 1.543e+14 110 5 1 1 
-6.82777e+15 0 0 4.97118e+27 0.001 10 25000 1.543e+14 111 5 1 1 
-6.75062e+15 0 0 4.97118e+27 0.001 10 25000 1.543e+14 112 5 1 1 
-6.67347e+15 0 0 4.97118e+27 0.001 10 25000 1.543e+14 113 5 1 1 
-6.59632e+15 0 0 4.97118e+27 0.001 10 25000 1.543e+14 114 5 1 1 
-6.51917e+15 0 0 4.97118e+27 0.001 10 25000 1.543e+14 115 5 1 1 
-6.44202e+15 0 0 4.97118e+27 0.001 10 25000 1.543e+14 116 5 1 1 
-6.36487e+15 0 0 4.97118e+27 0.001 10 25000 1.543e+14 117 5 1 1 
-6.28772e+15 0 0 4.97118e+27 0.001 10 25000 1.543e+14 118 5 1 1 
-6.21057e+15 0 0 4.97118e+27 0.001 10 25000 1.543e+14 119 5 1 1 
-6.13342e+15 0 0 4.97118e+27 0.001 10 25000 1.543e+14 120 5 1 1 
-6.05627e+15 0 0 4.97118e+27 0.001 10 25000 1.543e+14 121 5 1 1 
-5.97912e+15 0 0 4.97118e+27 0.001 10 25000 1.543e+14 122 5 1 1 
-5.90197e+15 0 0 4.97118e+27 0.001 10 25000 1.543e+14 123 5 1 1 
-5.82482e+15 0 0 4.97118e+27 0.001 10 25000 1.543e+14 124 5 1 1 
-5.74767e+15 0 0 4.97118e+27 0.001 10 25000 1.543e+14 125 5 1 1 
-5.67052e+15 0 0 4.97118e+27 0.001 10 25000 1.543e+14 126 5 1 1 
-5.59337e+15 0 0 4.97118e+27 0.001 10 25000 1.543e+14 127 5 1 1 
-5.51622e+15 0 0 4.97118e+27 0.001 10 25000 1.543e+14 128 5 1 1 
-5.43907e+15 0 0 4.97118e+27 0.001 10 25000 1.543e+14 129 5 1 1 
-5.36192e+15 0 0 4.97118e+27 0.001 10 25000 1.543e+14 130 5 1 1 
-5.28477e+15 0 0 4.97118e+27 0.001 10 25000 1.543e+14 131 5 1 1 
-5.20762e+15 0 0 4.97118e+27 0.001 10 25000 1.543e+14 132 5 1 1 
-5.13047e+15 0 0 4.97118e+27 0.001 10 25000 1.543e+14 133 5 1 1 
-5.05332e+15 0 0 4.97118e+27 0.001 10 25000 1.543e+14 134 5 1 1 
-4.97617e+15 0 0 4.97118e+27 0.001 10 25000 1.543e+14 135 5 1 1 
-4.89902e+15 0 0 4.97118e+27 0.001 10 25000 1.543e+14 136 5 1 1 
-4.82187e+15 0 0 4.97118e+27 0.001 10 25000 1.543e+14 137 5 1 1 
-4.74472e+15 0 0 4.97118e+27 0.001 10 25000 1.543e+14 138 5 1 1 
-4.66757e+15 0 0 4.97118e+27 0.001 10 25000 1.543e+14 139 5 1 1 
-4.59042e+15 0 0 4.97118e+27 0.001 10 25000 1.543e+14 140 5 1 1 
-4.51327e+15 0 0 4.97118e+27 0.001 10 25000 1.543e+14 141 5 1 1 
-4.43612e+15 0 0 4.97118e+27 0.001 10 25000 1.543e+14 142 5 1 1 
-4.35897e+15 0 0 4.97118e+27 0.001 10 25000 1.543e+14 143 5 1 1 
-4.28182e+15 0 0 4.97118e+27 0.001 10 25000 1.543e+14 144 5 1 1 
-4.20467e+15 0 0 4.97118e+27 0.001 10 25000 1.543e+14 145 5 1 1 
-4.12752e+15 0 0 4.97118e+27 0.001 10 25000 1.543e+14 146 5 1 1 
-4.05037e+15 0 0 4.97118e+27 0.001 10 25000 1.543e+14 147 5 1 1 
-3.97322e+15 0 0 4.97118e+27 0.001 10 25000 1.543e+14 148 5 1 1 
-3.89607e+15 0 0 4.97118e+27 0.001 10 25000 1.543e+14 149 5 1 1 
-3.81892e+15 0 0 4.97118e+27 0.001 10 25000 1.543e+14 150 5 1 1 
-3.74177e+15 0 0 4.97118e+27 0.001 10 25000 1.543e+14 151 5 1 1 
-3.66462e+15 0 0 4.97118e+27 0.001 10 25000 1.543e+14 152 5 1 1 
-3.58747e+15 0 0 4.97118e+27 0.001 10 25000 1.543e+14 153 5 1 1 
-3.51032e+15 0 0 4.97118e+27 0.001 10 25000 1.543e+14 154 5 1 1 
-3.43317e+15 0 0 4.97118e+27 0.001 10 25000 1.543e+14 155 5 1 1 
-3.35602e+15 0 0 4.97118e+27 0.001 10 25000 1.543e+14 156 5 1 1 
-3.27887e+15 0 0 4.97118e+27 0.001 10 25000 1.543e+14 157 5 1 1 
-3.20172e+15 0 0 4.97118e+27 0.001 10 25000 1.543e+14 158 5 1 1 
-3.12457e+15 0 0 4.97118e+27 0.001 10 25000 1.543e+14 159 5 1 1 
-3.04742e+15 0 0 4.97118e+27 0.001 10 25000 1.543e+14 160 5 1 1 
-2.97027e+15 0 0 4.97118e+27 0.001 10 25000 1.543e+14 161 5 1 1 
-2.89312e+15 0 0 4.97118e+27 0.001 10 25000 1.543e+14 162 5 1 1 
-2.81597e+15 0 0 4.97118e+27 0.001 10 25000 1.543e+14 163 5 1 1 
-2.73882e+15 0 0 4.97118e+27 0.001 10 25000 1.543e+14 164 5 1 1 
-2.66167e+15 0 0 4.97118e+27 0.001 10 25000 1.543e+14 165 5 1 1 
-2.58452e+15 0 0 4.97118e+27 0.001 10 25000 1.543e+14 166 5 1 1 
-2.50737e+15 0 0 4.97118e+27 0.001 10 25000 1.543e+14 167 5 1 1 
-2.43022e+15 0 0 4.97118e+27 0.001 10 25000 1.543e+14 168 5 1 1 
-2.35307e+15 0 0 4.97118e+27 0.001 10 25000 1.543e+14 169 5 1 1 
-2.27592e+15 0 0 4.97118e+27 0.001 10 25000 1.543e+14 170 5 1 1 
-2.19877e+15 0 0 4.97118e+27 0.001 10 25000 1.543e+14 171 5 1 1 
-2.12162e+15 0 0 4.97118e+27 0.001 10 25000 1.543e+14 172 5 1 1 
-2.04447e+15 0 0 4.97118e+27 0.001 10 25000 1.543e+14 173 5 1 1 
-1.96732e+15 0 0 4.97118e+27 0.001 10 25000 1.543e+14 174 5 1 1 
-1.89017e+15 0 0 4.97118e+27 0.001 10 25000 1.543e+14 175 5 1 1 
-1.81302e+15 -7.77473e-44 -3.63266e-55 4.97118e+27 0.001 10 25000 1.543e+14 176 5 1 1 
-1.73587e+15 -1.02851e-13 -3.63266e-55 4.97118e+27 0.001 10 25000 1.543e+14 177 5 1 1 
-1.65872e+15 -2.56176e-13 -1.84198e-24 4.97118e+27 0.001 10 25000 1.543e+14 178 5 1 1 
-1.58157e+15 -4.25538e-13 1.84198e-24 4.97118e+27 0.001 10 25000 1.543e+14 179 5 1 1 
-1.50442e+15 -5.9352e-13 -1.84198e-24 4.97118e+27 0.001 10 25000 1.543e+14 180 5 1 1 
-1.42727e+15 -8.45991e-13 0 4.97118e+27 0.001 10 25000 1.543e+14 181 5 1 1 
-1.35012e+15 -1.07848e-12 -7.26532e-55 4.97118e+27 0.001 10 25000 1.543e+14 182 5 1 1 
-1.27297e+15 -1.34087e-12 -1.0898e-54 4.97118e+27 0.001 10 25000 1.543e+14 183 5 1 1 
-1.19582e+15 -1.78322e-12 -1.84198e-24 4.97118e+27 0.001 10 25000 1.543e+14 184 5 1 1 
-1.11867e+15 -1.97681e-12 1.84198e-24 4.97118e+27 0.001 10 25000 1.543e+14 185 5 1 1 
-1.04152e+15 -3.6001e-12 -1.0225e-38 4.97118e+27 0.001 10 25000 1.543e+14 186 4 1 1 
-9.64375e+14 2.24386e-13 1.84198e-24 4.97118e+27 0.001 10 25000 1.543e+14 187 3 1 1 
-8.87225e+14 2.2624e-14 -1.84198e-24 4.97118e+27 0.001 10 25000 1.543e+14 188 3 1 1 
-8.10075e+14 -8.62946e-13 1.84198e-24 4.97118e+27 0.001 10 25000 1.543e+14 189 3 1 1 
-7.32925e+14 1.11929e-12 -3.68395e-24 4.97118e+27 0.001 10 25000 1.543e+14 190 4 1 1 
-6.55775e+14 -1.27809e-13 1.84198e-24 4.97118e+27 0.001 10 25000 1.543e+14 191 5 1 1 
-5.78625e+14 -3.06152e-13 -1.84198e-24 4.97118e+27 0.001 10 25000 1.543e+14 192 5 1 1 
-5.01475e+14 -2.26722e-12 -1.84198e-24 4.97118e+27 0.001 10 25000 1.543e+14 193 4 1 1 
-4.24325e+14 1.19199e-12 2.04501e-38 4.97118e+27 0.001 10 25000 1.543e+14 194 3 1 1 
-3.47175e+14 -1.32905e-14 -1.84198e-24 4.97118e+27 0.001 10 25000 1.543e+14 195 3 1 1 
-2.70025e+14 -3.13097e-13 0 4.97118e+27 0.001 10 25000 1.543e+14 196 3 1 1 
-1.92875e+14 2.14811e-13 0 4.97118e+27 0.001 10 25000 1.543e+14 197 3 1 1 
-1.15725e+14 -2.418e-13 0 4.97118e+27 0.001 10 25000 1.543e+14 198 3 1 1 
-3.8575e+13 -3.34105e-14 -2.55626e-39 4.97118e+27 0.001 10 25000 1.543e+14 199 4 1 1 
3.8575e+13 2.28404e-14 -5.52593e-24 4.97118e+27 0.001 10 25000 1.543e+14 200 3 1 1 
1.15725e+14 -7.16668e-14 9.20989e-24 4.97118e+27 0.001 10 25000 1.543e+14 201 4 1 1 
1.92875e+14 1.68096e-13 -3.68395e-24 4.97118e+27 0.001 10 25000 1.543e+14 202 4 1 1 
2.70025e+14 2.52956e-13 -2.87579e-39 4.97118e+27 0.001 10 25000 1.543e+14 203 3 1 1 
3.47175e+14 1.6632e-13 -2.04501e-38 4.97118e+27 0.001 10 25000 1.543e+14 204 3 1 1 
4.24325e+14 4.79659e-13 -5.11251e-39 4.97118e+27 0.001 10 25000 1.543e+14 205 4 1 1 
5.01475e+14 -8.55806e-13 1.91719e-38 4.97118e+27 0.001 10 25000 1.543e+14 206 4 1 1 
5.78625e+14 -2.57656e-12 6.71017e-39 4.97118e+27 0.001 10 25000 1.543e+14 207 5 1 1 
6.55775e+14 -8.13417e-13 -1.91719e-38 4.97118e+27 0.001 10 25000 1.543e+14 208 5 1 1 
7.32925e+14 -2.41619e-12 -1.0225e-38 4.97118e+27 0.001 10 25000 1.543e+14 209 4 1 1 
8.10075e+14 1.80542e-12 8.9469e-39 4.97118e+27 0.001 10 25000 1.543e+14 210 3 1 1 
8.87225e+14 1.1277e-12 -8.9469e-39 4.97118e+27 0.001 10 25000 1.543e+14 211 3 1 1 
9.64375e+14 4.68779e-12 3.68395e-24 4.97118e+27 0.001 10 25000 1.543e+14 212 4 1 1 
1.04153e+15 2.98202e-12 1.78938e-38 4.97118e+27 0.001 10 25000 1.543e+14 213 5 1 1 
1.11868e+15 2.46513e-12 -1.84198e-24 4.97118e+27 0.001 10 25000 1.543e+14 214 5 1 1 
1.19583e+15 1.91969e-12 3.68395e-24 4.97118e+27 0.001 10 25000 1.543e+14 215 5 1 1 
1.27298e+15 1.45371e-12 7.26532e-55 4.97118e+27 0.001 10 25000 1.543e+14 216 5 1 1 
1.35013e+15 9.4732e-13 7.26532e-55 4.97118e+27 0.001 10 25000 1.543e+14 217 5 1 1 
1.42728e+15 7.13167e-13 7.26532e-55 4.97118e+27 0.001 10 25000 1.543e+14 218 5 1 1 
1.50443e+15 4.93642e-13 1.84198e-24 4.97118e+27 0.001 10 25000 1.543e+14 219 5 1 1 
1.58158e+15 3.07399e-13 0 4.97118e+27 0.001 10 25000 1.543e+14 220 5 1 1 
1.65873e+15 1.36967e-13 3.63266e-55 4.97118e+27 0.001 10 25000 1.543e+14 221 5 1 1 
1.73588e+15 1.31728e-43 3.63266e-55 4.97118e+27 0.001 10 25000 1.543e+14 222 5 1 1 
1.81303e+15 0 0 4.97118e+27 0.001 10 25000 1.543e+14 223 5 1 1 
1.89018e+15 0 0 4.97118e+27 0.001 10 25000 1.543e+14 224 5 1 1 
1.96733e+15 0 0 4.97118e+27 0.001 10 25000 1.543e+14 225 5 1 1 
2.04448e+15 0 0 4.97118e+27 0.001 10 25000 1.543e+14 226 5 1 1 
2.12163e+15 0 0 4.97118e+27 0.001 10 25000 1.543e+14 227 5 1 1 
2.19878e+15 0 0 4.97118e+27 0.001 10 25000 1.543e+14 228 5 1 1 
2.27593e+15 0 0 4.97118e+27 0.001 10 25000 1.543e+14 229 5 1 1 
2.35308e+15 0 0 4.97118e+27 0.001 10 25000 1.543e+14 230 5 1 1 
2.43023e+15 0 0 4.97118e+27 0.001 10 25000 1.543e+14 231 5 1 1 
2.50738e+15 0 0 4.97118e+27 0.001 10 25000 1.543e+14 232 5 1 1 
2.58453e+15 0 0 4.97118e+27 0.001 10 25000 1.543e+14 233 5 1 1 
2.66168e+15 0 0 4.97118e+27 0.001 10 25000 1.543e+14 234 5 1 1 
2.73883e+15 0 0 4.97118e+27 0.001 10 25000 1.543e+14 235 5 1 1 
2.81598e+15 0 0 4.97118e+27 0.001 10 25000 1.543e+14 236 5 1 1 
2.89313e+15 -4.3341e-43 -3.63266e-55 4.97118e+27 0.001 10 25000 1.543e+14 237 5 1 1 
2.97028e+15 -1.69188e-13 0 4.97118e+27 0.001 10 25000 1.543e+14 238 5 1 1 
3.04743e+15 -3.37357e-13 3.63266e-55 4.97118e+27 0.001 10 25000 1.543e+14 239 5 1 1 
3.12458e+15 4.36576e-13 1.84198e-24 4.97118e+27 0.001 10 25000 1.543e+14 240 5 1 1 
3.20173e+15 3.05584e-13 1.84198e-24 4.97118e+27 0.001 10 25000 1.543e+14 241 5 1 1 
3.27888e+15 3.46326e-12 3.68395e-24 4.97118e+27 0.001 10 25000 1.543e+14 242 5 1 1 
3.35603e+15 2.52523e-12 2.1796e-54 4.97118e+27 0.001 10 25000 1.543e+14 243 5 1 1 
3.43318e+15 2.31061e-12 3.68395e-24 4.97118e+27 0.001 10 25000 1.543e+14 244 5 1 1 
3.51033e+15 -9.73821e-13 9.44492e-54 4.97118e+27 0.001 10 25000 1.543e+14 245 5 1 1 
3.58748e+15 -4.06309e-13 -3.68395e-24 4.97118e+27 0.001 10 25000 1.543e+14 246 5 1 1 
3.66463e+15 -3.14768e-12 -3.68395e-24 4.97118e+27 0.001 10 25000 1.543e+14 247 5 1 1 
3.74178e+15 1.70477e-12 -1.47358e-23 4.97118e+27 0.001 10 25000 1.543e+14 248 5 1 1 
3.81893e+15 -1.32791e-12 -1.10519e-23 4.97118e+27 0.001 10 25000 1.543e+14 249 4 1 1 
3.89608e+15 1.32791e-12 1.10519e-23 4.97118e+27 0.001 10 25000 1.543e+14 250 4 1 1 
3.97323e+15 -1.70477e-12 1.47358e-23 4.97118e+27 0.001 10 25000 1.543e+14 251 5 1 1 
4.05038e+15 3.14768e-12 3.68395e-24 4.97118e+27 0.001 10 25000 1.543e+14 252 5 1 1 
4.12753e+15 4.06309e-13 3.68395e-24 4.97118e+27 0.001 10 25000 1.543e+14 253 5 1 1 
4.20468e+15 9.73821e-13 -9.44492e-54 4.97118e+27 0.001 10 25000 1.543e+14 254 5 1 1 
4.28183e+15 -2.31061e-12 -3.68395e-24 4.97118e+27 0.001 10 25000 1.543e+14 255 5 1 1 
4.35898e+15 -2.52523e-12 -2.1796e-54 4.97118e+27 0.001 10 25000 1.543e+14 256 5 1 1 
4.43613e+15 -3.46326e-12 -3.68395e-24 4.97118e+27 0.001 10 25000 1.543e+14 257 5 1 1 
4.51328e+15 -3.05584e-13 -1.84198e-24 4.97118e+27 0.001 10 25000 1.543e+14 258 5 1 1 
4.59043e+15 -4.36576e-13 -1.84198e-24 4.97118e+27 0.001 10 25000 1.543e+14 259 5 1 1 
4.66758e+15 3.37357e-13 -3.63266e-55 4.97118e+27 0.001 10 25000 1.543e+14 260 5 1 1 
4.74473e+15 1.69188e-13 0 4.97118e+27 0.001 10 25000 1.543e+14 261 5 1 1 
4.82188e+15 4.3341e-43 3.63266e-55 4.97118e+27 0.001 10 25000 1.543e+14 262 5 1 1 
4.89903e+15 0 0 4.97118e+27 0.001 10 25000 1.543e+14 263 5 1 1 
4.97618e+15 0 0 4.97118e+27 0.001 10 25000 1.543e+14 264 5 1 1 
5.05333e+15 0 0 4.97118e+27 0.001 10 25000 1.543e+14 265 5 1 1 
5.13048e+15 0 0 4.97118e+27 0.001 10 25000 1.543e+14 266 5 1 1 
5.20763e+15 0 0 4.97118e+27 0.001 10 25000 1.543e+14 267 5 1 1 
5.28478e+15 0 0 4.97118e+27 0.001 10 25000 1.543e+14 268 5 1 1 
5.36193e+15 0 0 4.97118e+27 0.001 10 25000 1.543e+14 269 5 1 1 
5.43908e+15 0 0 4.97118e+27 0.001 10 25000 1.543e+14 270 5 1 1 
5.51623e+15 0 0 4.97118e+27 0.001 10 25000 1.543e+14 271 5 1 1 
5.59338e+15 0 0 4.97118e+27 0.001 10 25000 1.543e+14 272 5 1 1 
5.67053e+15 0 0 4.97118e+27 0.001 10 25000 1.543e+14 273 5 1 1 
5.74768e+15 0 0 4.97118e+27 0.001 10 25000 1.543e+14 274 5 1 1 
5.82483e+15 0 0 4.97118e+27 0.001 10 25000 1.543e+14 275 5 1 1 
5.90198e+15 0 0 4.97118e+27 0.001 10 25000 1.543e+14 276 5 1 1 
5.97913e+15 0 0 4.97118e+27 0.001 10 25000 1.543e+14 277 5 1 1 
6.05628e+15 0 0 4.97118e+27 0.001 10 25000 1.543e+14 278 5 1 1 
6.13343e+15 0 0 4.97118e+27 0.001 10 25000 1.543e+14 279 5 1 1 
6.21058e+15 -3.71963e-44 -3.63266e-55 4.97118e+27 0.001 10 25000 1.543e+14 280 5 1 1 
6.28773e+15 -6.85718e-14 -3.63266e-55 4.97118e+27 0.001 10 25000 1.543e+14 281 5 1 1 
6.36488e+15 -2.05192e-13 0 4.97118e+27 0.001 10 25000 1.543e+14 282 5 1 1 
6.44203e+15 -3.75697e-13 0 4.97118e+27 0.001 10 25000 1.543e+14 283 5 1 1 
6.51918e+15 -5.45239e-13 0 4.97118e+27 0.001 10 25000 1.543e+14 284 5 1 1 
6.59633e+15 -6.79199e-13 3.63266e-55 4.97118e+27 0.001 10 25000 1.543e+14 285 5 1 1 
6.67348e+15 -7.93994e-13 1.84198e-24 4.97118e+27 0.001 10 25000 1.543e+14 286 5 1 1 
6.75063e+15 -1.00926e-12 2.90613e-54 4.97118e+27 0.001 10 25000 1.543e+14 287 5 1 1 
6.82778e+15 1.75716e-12 5.52593e-24 4.97118e+27 0.001 10 25000 1.543e+14 288 5 1 1 
6.90493e+15 3.85825e-13 -3.63266e-55 4.97118e+27 0.001 10 25000 1.543e+14 289 5 1 1 
6.98208e+15 -7.42001e-13 -3.68395e-24 4.97118e+27 0.001 10 25000 1.543e+14 290 5 1 1 
7.05923e+15 -1.72629e-12 9.08165e-54 4.97118e+27 0.001 10 25000 1.543e+14 291 5 1 1 
7.13638e+15 7.08347e-13 1.10519e-23 4.97118e+27 0.001 10 25000 1.543e+14 292 5 1 1 
7.21353e+15 -1.77377e-12 7.36791e-24 4.97118e+27 0.001 10 25000 1.543e+14 293 5 1 1 
7.29068e+15 1.3595e-12 -1.28938e-23 4.97118e+27 0.001 10 25000 1.543e+14 294 5 1 1 
7.36783e+15 -1.72611e-12 -1.10519e-23 4.97118e+27 0.001 10 25000 1.543e+14 295 5 1 1 
7.44498e+15 2.27006e-12 3.13136e-23 4.97118e+27 0.001 10 25000 1.543e+14 296 5 1 1 
7.52213e+15 -2.52712e-12 2.57877e-23 4.97118e+27 0.001 10 25000 1.543e+14 297 5 1 1 
7.59928e+15 3.79951e-12 -2.76297e-23 4.97118e+27 0.001 10 25000 1.543e+14 298 5 1 1 
7.67643e+15 -2.77276e-12 -2.39457e-23 4.97118e+27 0.001 10 25000 1.543e+14 299 3 1 1 
7.75358e+15 2.77276e-12 2.39457e-23 4.97118e+27 0.001 10 25000 1.543e+14 300 3 1 1 
7.83073e+15 -3.79951e-12 2.76297e-23 4.97118e+27 0.001 10 25000 1.543e+14 301 5 1 1 
7.90788e+15 2.52712e-12 -2.57877e-23 4.97118e+27 0.001 10 25000 1.543e+14 302 5 1 1 
7.98503e+15 -2.27006e-12 -3.13136e-23 4.97118e+27 0.001 10 25000 1.543e+14 303 5 1 1 
8.06218e+15 1.72611e-12 1.10519e-23 4.97118e+27 0.001 10 25000 1.543e+14 304 5 1 1 
8.13933e+15 -1.3595e-12 1.28938e-23 4.97118e+27 0.001 10 25000 1.543e+14 305 5 1 1 
8.21648e+15 1.77377e-12 -7.36791e-24 4.97118e+27 0.001 10 25000 1.543e+14 306 5 1 1 
8.29363e+15 -7.08347e-13 -1.10519e-23 4.97118e+27 0.001 10 25000 1.543e+14 307 5 1 1 
8.37078e+15 1.72629e-12 -9.08165e-54 4.97118e+27 0.001 10 25000 1.543e+14 308 5 1 1 
8.44793e+15 7.42001e-13 3.68395e-24 4.97118e+27 0.001 10 25000 1.543e+14 309 5 1 1 
8.52508e+15 -3.85825e-13 3.63266e-55 4.97118e+27 0.001 10 25000 1.543e+14 310 5 1 1 
8.60223e+15 -1.75716e-12 -5.52593e-24 4.97118e+27 0.001 10 25000 1.543e+14 311 5 1 1 
8.67938e+15 1.00926e-12 -2.90613e-54 4.97118e+27 0.001 10 25000 1.543e+14 312 5 1 1 
8.75653e+15 7.93994e-13 -1.84198e-24 4.97118e+27 0.001 10 25000 1.543e+14 313 5 1 1 
8.83368e+15 6.79199e-13 -3.63266e-55 4.97118e+27 0.001 10 25000 1.543e+14 314 5 1 1 
8.91083e+15 5.45239e-13 0 4.97118e+27 0.001 10 25000 1.543e+14 315 5 1 1 
8.98798e+15 3.75697e-13 0 4.97118e+27 0.001 10 25000 1.543e+14 316 5 1 1 
9.06513e+15 2.05192e-13 0 4.97118e+27 0.001 10 25000 1.543e+14 317 5 1 1 
9.14228e+15 6.85718e-14 3.63266e-55 4.97118e+27 0.001 10 25000 1.543e+14 318 5 1 1 
9.21943e+15 3.71963e-44 3.63266e-55 4.97118e+27 0.001 10 25000 1.543e+14 319 5 1 1 
9.29658e+15 0 0 4.97118e+27 0.001 10 25000 1.543e+14 320 5 1 1 
9.37373e+15 0 0 4.97118e+27 0.001 10 25000 1.543e+14 321 5 1 1 
9.45088e+15 0 0 4.97118e+27 0.001 10 25000 1.543e+14 322 5 1 1 
9.52803e+15 0 0 4.97118e+27 0.001 10 25000 1.543e+14 323 5 1 1 
9.60518e+15 0 0 4.97118e+27 0.001 10 25000 1.543e+14 324 5 1 1 
9.68233e+15 0 0 4.97118e+27 0.001 10 25000 1.543e+14 325 5 1 1 
9.75948e+15 0 0 4.97118e+27 0.001 10 25000 1.543e+14 326 5 1 1 
9.83663e+15 0 0 4.97118e+27 0.001 10 25000 1.543e+14 327 5 1 1 
9.91378e+15 0 0 4.97118e+27 0.001 10 25000 1.543e+14 328 5 1 1 
9.99093e+15 -1.69157e-44 -3.63266e-55 4.97118e+27 0.001 10 25000 1.543e+14 329 5 1 1 
1.00681e+16 -8.57729e-14 -1.84198e-24 4.97118e+27 0.001 10 25000 1.543e+14 330 5 1 1 
1.01452e+16 -3.77312e-13 3.68395e-24 4.97118e+27 0.001 10 25000 1.543e+14 331 5 1 1 
1.02224e+16 1.54519e-12 1.87882e-22 4.97118e+27 0.001 10 25000 1.543e+14 332 5 1 1 
1.02995e+16 1.70536e-11 -3.68395e-23 4.97118e+27 0.001 10 25000 1.543e+14 333 4 1 1 
1.03767e+16 -4.55424e-10 -3.39145e-20 4.97118e+27 0.001 10 25000 1.543e+14 334 4 1 1 
1.04538e+16 -6.48768e-09 -3.05671e-19 4.97118e+27 0.001 10 25000 1.543e+14 335 4 1 1 
1.0531e+16 -4.90152e-08 -1.91986e-18 4.97118e+27 0.001 10 25000 1.543e+14 336 4 1 1 
1.06081e+16 -2.85802e-07 -9.85879e-18 4.97118e+27 0.001 10 25000 1.543e+14 337 4 1 1 
1.06853e+16 -1.4116e-06 -4.40331e-17 4.97118e+27 0.001 10 25000 1.543e+14 338 4 1 1 
1.07624e+16 -6.16186e-06 -1.76297e-16 4.97118e+27 0.001 10 25000 1.543e+14 339 4 1 1 
1.08396e+16 -2.43393e-05 -6.43983e-16 4.97118e+27 0.001 10 25000 1.543e+14 340 4 1 1 
1.09167e+16 -8.82643e-05 -2.17026e-15 4.97118e+27 0.001 10 25000 1.543e+14 341 4 1 1 
1.09939e+16 -0.000296695 -6.79898e-15 4.97118e+27 0.001 10 25000 1.543e+14 342 4 1 1 
1.1071e+16 -0.000930697 -1.99066e-14 4.97118e+27 0.001 10 25000 1.543e+14 343 4 1 1 
1.11482e+16 -0.00273783 -5.46839e-14 4.97118e+27 0.001 10 25000 1.543e+14 344 4 1 1 
1.12253e+16 -0.00758045 -1.41344e-13 4.97118e+27 0.00100001 10.0001 25000.1 1.54299e+14 345 4 1 1 
1.13025e+16 -0.0198104 -3.44483e-13 4.97118e+27 0.00100002 10.0002 25000.1 1.54298e+14 346 4 1 1 
1.13796e+16 -0.0489707 -7.92857e-13 4.97118e+27 0.00100004 10.0005 25000.4 1.54294e+14 347 4 1 1 
1.14568e+16 -0.114696 -1.72502e-12 4.97118e+27 0.00100009 10.0012 25000.9 1.54286e+14 348 4 1 1 
1.15339e+16 -0.254839 -3.5496e-12 4.97118e+27 0.00100019 10.0027 25001.9 1.5427e+14 349 4 1 1 
1.1611e+16 -0.537579 -6.90694e-12 4.97118e+27 0.00100041 10.0057 25004.1 1.54237e+14 350 4 1 0.999999 
1.16881e+16 -1.07703 -1.2696e-11 4.97118e+27 0.00100082 10.0114 25008.2 1.54173e+14 351 4 1 0.999998 
1.17652e+16 -2.04878 -2.19953e-11 4.97118e+27 0.00100157 10.0219 25015.6 1.54058e+14 352 4 1 0.999994 
1.18422e+16 -3.69644 -3.57686e-11 4.97118e+27 0.00100284 10.0396 25028.3 1.53863e+14 353 4 1 0.999986 
1.19191e+16 -6.3128 -5.42554e-11 4.97118e+27 0.00100488 10.0681 25048.5 1.53551e+14 354 4 1 0.99997 
1.19958e+16 -10.1755 -7.60981e-11 4.97118e+27 0.0010079 10.1106 25078.7 1.5309e+14 355 4 1 0.999945 
1.20722e+16 -15.4285 -9.7641e-11 4.97118e+27 0.00101207 10.1693 25120.3 1.52459e+14 356 4 1 0.999916 
1.21482e+16 -21.9392 -1.1321e-10 4.97118e+27 0.00101733 10.2435 25172.8 1.51671e+14 357 4 1 0.999895 
1.22238e+16 -29.209 -1.17053e-10 4.97118e+27 0.00102334 10.3286 25232.5 1.50781e+14 358 4 1 0.999897 
1.2299e+16 -36.4073 -1.04513e-10 4.97118e+27 0.00102947 10.4156 25293.3 1.49883e+14 359 4 1 0.999931 
1.23737e+16 -42.4917 -7.66011e-11 4.97118e+27 0.00103475 10.4909 25345.6 1.49119e+14 360 4 1 1.00001 
1.24481e+16 -45.4659 1.36859e-11 4.97118e+27 0.00103618 10.5138 25361.5 1.48912e+14 361 3 1 1 
1.25226e+16 -33.343 4.43113e-10 4.97118e+27 0.00102404 10.3437 25244.2 1.50678e+14 362 4 1 0.999937 
1.25988e+16 4.4575 6.38997e-10 4.97118e+27 0.000996877 9.95736 24971.4 1.54783e+14 363 4 1 0.998301 
1.26775e+16 37.2601 3.49978e-10 4.97118e+27 0.000970849 9.59208 24705.4 1.58933e+14 364 4 1 0.997854 
1.27578e+16 56.634 2.62232e-10 4.97118e+27 0.000952513 9.34178 24519.3 1.61993e+14 365 4 1 0.99892 
1.28395e+16 79.1356 3.72753e-10 4.97118e+27 0.000933859 9.08798 24327.5 1.65228e+14 366 4 1 0.999013 
1.2923e+16 107.831 4.13343e-10 4.97118e+27 0.000911803 8.78825 24095.6 1.69225e+14 367 4 1 0.998497 
1.30087e+16 137.728 3.98233e-10 4.97118e+27 0.000888737 8.47823 23849.6 1.73617e+14 368 4 1 0.998216 
1.30967e+16 167.747 3.92056e-10 4.97118e+27 0.000865774 8.17324 23601.3 1.78222e+14 369 4 1 0.998148 
1.3187e+16 198.774 3.94154e-10 4.97118e+27 0.000842657 7.86944 23347.3 1.83111e+14 370 4 1 0.998037 
1.32798e+16 230.943 3.95704e-10 4.97118e+27 0.000819219 7.56473 23085.5 1.8835e+14 371 4 1 0.997878 
1.33754e+16 264.191 3.94074e-10 4.97118e+27 0.000795524 7.26021 22816.1 1.9396e+14 372 4 1 0.997709 
1.34738e+16 298.537 3.92184e-10 4.97118e+27 0.000771651 6.95705 22539.8 1.99961e+14 373 4 1 0.997541 
1.35754e+16 333.939 3.88808e-10 4.97118e+27 0.000747656 6.6561 22256.9 2.06378e+14 374 4 1 0.997366 
1.36803e+16 370.302 3.82697e-10 4.97118e+27 0.000723667 6.35907 21968.6 2.1322e+14 375 4 1 0.997198 
1.37887e+16 407.425 3.74497e-10 4.97118e+27 0.000699856 6.06809 21676.6 2.20474e+14 376 4 1 0.997054 
1.39008e+16 444.785 3.58553e-10 4.97118e+27 0.000676559 5.78718 21385.1 2.28066e+14 377 4 1 0.996966 
1.40168e+16 481.53 3.31847e-10 4.97118e+27 0.000654365 5.52315 21101.8 2.35801e+14 378 4 1 0.997016 
1.41367e+16 516.129 2.92727e-10 4.97118e+27 0.000634018 5.28422 20836.9 2.43368e+14 379 4 1 0.997265 
1.42602e+16 546.812 2.40844e-10 4.97118e+27 0.00061629 5.07856 20602 2.50369e+14 380 4 1 0.997726 
1.43871e+16 572.569 1.94947e-10 4.97118e+27 0.000601368 4.90738 20401.3 2.56582e+14 381 4 1 0.998271 
1.45169e+16 595.492 1.87471e-10 4.97118e+27 0.000587989 4.75543 20219 2.6242e+14 382 4 1 0.998595 
1.46496e+16 620.965 2.22403e-10 4.97118e+27 0.000573975 4.5976 20025.1 2.68827e+14 383 4 1 0.998484 
1.47857e+16 650.131 2.23527e-10 4.97118e+27 0.000559212 4.43275 19817.4 2.75924e+14 384 4 1 0.998153 
1.49255e+16 674.575 1.30402e-10 4.97118e+27 0.000547395 4.302 19648.8 2.81881e+14 385 4 1 0.998562 
1.50676e+16 682.972 -6.84255e-12 4.97118e+27 0.000542396 4.24729 19577.2 2.84479e+14 386 4 1 0.99968 
1.521e+16 681.009 -6.816e-12 4.97118e+27 0.000542168 4.2451 19574.7 2.84598e+14 387 5 1 0.999996 
1.53522e+16 680.106 -1.02597e-11 4.97118e+27 0.000542741 4.25149 19583.4 2.84298e+14 388 4 1 0.999996 
1.54943e+16 678.771 -8.52945e-12 4.97118e+27 0.000543353 4.25832 19592.8 2.83977e+14 389 4 1 0.999997 
1.56362e+16 677.681 -6.73766e-12 4.97118e+27 0.00054393 4.26479 19601.7 2.83676e+14 390 4 1 0.999998 
1.5778e+16 676.811 -5.23409e-12 4.97118e+27 0.000544392 4.27002 19609.1 2.83435e+14 391 4 1 0.999999 
1.59197e+16 676.15 -3.96796e-12 4.97118e+27 0.000544748 4.2741 19615 2.8325e+14 392 4 1 0.999999 
1.60612e+16 675.646 -2.89787e-12 4.97118e+27 0.000545006 4.27716 19619.8 2.83116e+14 393 4 1 1 
1.62028e+16 675.264 -2.17456e-12 4.97118e+27 0.000545178 4.27933 19623.5 2.83027e+14 394 4 1 1 
1.63443e+16 674.977 -1.68527e-12 4.97118e+27 0.000545228 4.28043 19626.8 2.83001e+14 395 3 1 1 
1.64858e+16 674.756 -1.33582e-12 4.97118e+27 0.000544925 4.27916 19631.9 2.83158e+14 396 4 1 1 
1.66274e+16 674.576 -1.11192e-12 4.97118e+27 0.00054339 4.26267 19611.5 2.83958e+14 397 4 1 0.999989 
1.67697e+16 674.42 -9.79299e-13 4.97118e+27 0.000530346 4.10895 19369.2 2.90942e+14 398 4 1 0.999681 
1.69185e+16 674.272 -8.75097e-13 4.97118e+27 0.000506338 4.39599 21704.8 3.04737e+14 399 4 1 0.994729 
1.70747e+16 674.124 -7.55347e-13 4.97118e+27 0.000480865 4.15048 21578.2 3.2088e+14 400 4 1 0.993719 
1.72397e+16 673.971 -5.93252e-13 4.97118e+27 0.000458427 4.495 24513.2 3.36586e+14 401 4 1 0.99371 
1.74114e+16 673.798 -3.23082e-13 4.97118e+27 0.000449828 4.30072 23902 3.4302e+14 402 5 1 0.998664 
1.75827e+16 673.569 2.96494e-13 4.97118e+27 0.000451386 4.28352 23724.2 3.41836e+14 403 4 1 0.999976 
1.77533e+16 673.17 1.88575e-12 4.97118e+27 0.000452829 4.28072 23633.2 3.40747e+14 404 4 1 1 
1.79235e+16 672.17 6.53033e-12 4.97118e+27 0.000453293 4.27388 23571.2 3.40398e+14 405 3 1 1 
1.80937e+16 669.245 2.13014e-11 4.97118e+27 0.000452078 4.24955 23499.8 3.41312e+14 406 4 1 0.999997 
1.82648e+16 661.292 5.60024e-11 4.97118e+27 0.000447416 4.18262 23370.4 3.44869e+14 407 4 1 0.999824 
1.84386e+16 640.572 1.44524e-10 4.97118e+27 0.000435814 4.02694 23099.1 3.5405e+14 408 4 1 0.998757 
1.8619e+16 596.806 2.79059e-10 4.97118e+27 0.000412896 3.72754 22567.4 3.73701e+14 409 4 1 0.994759 
1.88128e+16 503.339 6.57763e-10 4.97118e+27 0.000372424 3.21112 21553.3 4.14312e+14 410 4 1 0.984958 
1.90357e+16 317.801 1.0481e-09 4.97118e+27 0.000319579 2.56651 20077.9 4.82823e+14 411 4 1 0.965753 
1.93009e+16 119.08 7.64706e-10 4.97118e+27 0.00027635 2.07342 18760.3 5.5835e+14 412 4 1 0.959897 
1.95973e+16 20.2685 2.33256e-10 4.97118e+27 0.000255773 1.85377 18121.1 6.03268e+14 413 4 1 0.984124 
1.99046e+16 0.102394 2.094e-11 4.97118e+27 0.000250491 1.79989 17964 6.15989e+14 414 4 1 0.99848 
2.02133e+16 -0.328776 -3.83412e-12 4.97118e+27 0.000249952 1.79451 17948.6 6.1732e+14 415 5 1 0.999982 
2.05219e+16 0.00854531 -1.93996e-13 4.97118e+27 0.000249994 1.79494 17949.8 6.17216e+14 416 4 1 1 
2.08305e+16 0.00654703 3.79395e-14 4.97118e+27 0.000250001 1.79501 17950 6.17197e+14 417 3 1 1 
2.11391e+16 0.00144927 1.18008e-14 4.97118e+27 0.00025 1.795 17950 6.17199e+14 418 4 1 1 
2.14477e+16 0.000260674 2.3553e-15 4.97118e+27 0.00025 1.795 17950 6.172e+14 419 4 1 1 
2.17563e+16 4.18305e-05 4.09606e-16 4.97118e+27 0.00025 1.795 17950 6.172e+14 420 4 1 1 
2.20649e+16 6.06313e-06 6.42309e-17 4.97118e+27 0.00025 1.795 17950 6.172e+14 421 4 1 1 
2.23735e+16 7.92671e-07 9.0898e-18 4.97118e+27 0.00025 1.795 17950 6.172e+14 422 4 1 1 
2.26821e+16 9.29196e-08 1.15584e-18 4.97118e+27 0.00025 1.795 17950 6.172e+14 423 4 1 1 
2.29907e+16 9.65561e-09 1.31102e-19 4.97118e+27 0.00025 1.795 17950 6.172e+14 424 4 1 1 
2.32993e+16 8.81451e-10 1.30697e-20 4.97118e+27 0.00025 1.795 17950 6.172e+14 425 4 1 1 
2.36079e+16 6.2224e-11 1.15492e-21 4.97118e+27 0.00025 1.795 17950 6.172e+14 426 4 1 1 
2.39165e+16 1.95086e-12 3.8221e-23 4.97118e+27 0.00025 1.795 17950 6.172e+14 427 5 1 1 
2.42251e+16 1.80107e-13 4.60494e-24 4.97118e+27 0.00025 1.795 17950 6.172e+14 428 5 1 1 
2.45337e+16 4.22829e-44 9.08165e-55 4.97118e+27 0.00025 1.795 17950 6.172e+14 429 5 1 1 
2.48423e+16 2.53778e-45 9.08165e-56 4.97118e+27 0.00025 1.795 17950 6.172e+14 430 5 1 1 
2.51509e+16 0 0 4.97118e+27 0.00025 1.795 17950 6.172e+14 431 5 1 1 
2.54595e+16 0 0 4.97118e+27 0.00025 1.795 17950 6.172e+14 432 5 1 1 
2.57681e+16 0 0 4.97118e+27 0.00025 1.795 17950 6.172e+14 433 5 1 1 
2.60767e+16 0 0 4.97118e+27 0.00025 1.795 17950 6.172e+14 434 5 1 1 
2.63853e+16 0 0 4.97118e+27 0.00025 1.795 17950 6.172e+14 435 5 1 1 
2.66939e+16 0 0 4.97118e+27 0.00025 1.795 17950 6.172e+14 436 5 1 1 
2.70025e+16 0 0 4.97118e+27 0.00025 1.795 17950 6.172e+14 437 5 1 1 
2.73111e+16 0 0 4.97118e+27 0.00025 1.795 17950 6.172e+14 438 5 1 1 
2.76197e+16 0 0 4.97118e+27 0.00025 1.795 17950 6.172e+14 439 5 1 1 
2.79283e+16 -8.4617e-46 -9.08165e-56 4.97118e+27 0.00025 1.795 17950 6.172e+14 440 5 1 1 
2.82369e+16 -4.97728e-44 -9.08165e-56 4.97118e+27 0.00025 1.795 17950 6.172e+14 441 5 1 1 
2.85455e+16 -1.15678e-13 -4.60494e-25 4.97118e+27 0.00025 1.795 17950 6.172e+14 442 5 1 1 
2.88541e+16 -5.21395e-13 -9.20989e-25 4.97118e+27 0.00025 1.795 17950 6.172e+14 443 5 1 1 
2.91627e+16 -1.39023e-12 -1.84198e-24 4.97118e+27 0.00025 1.795 17950 6.172e+14 444 5 1 1 
2.94713e+16 -3.31973e-12 -2.76297e-24 4.97118e+27 0.00025 1.795 17950 6.172e+14 445 5 1 1 
2.97799e+16 -6.86702e-12 -2.76297e-24 4.97118e+27 0.00025 1.795 17950 6.172e+14 446 5 1 1 
3.00885e+16 -1.35149e-11 -4.60494e-24 4.97118e+27 0.00025 1.795 17950 6.172e+14 447 5 1 1 
3.03971e+16 6.23449e-12 1.19729e-23 4.97118e+27 0.00025 1.795 17950 6.172e+14 448 5 1 1 
3.07057e+16 -4.52929e-12 1.47358e-23 4.97118e+27 0.00025 1.795 17950 6.172e+14 449 3 1 1 
3.10143e+16 4.52929e-12 -1.47358e-23 4.97118e+27 0.00025 1.795 17950 6.172e+14 450 3 1 1 
3.13229e+16 -6.23449e-12 -1.19729e-23 4.97118e+27 0.00025 1.795 17950 6.172e+14 451 5 1 1 
3.16315e+16 1.35149e-11 4.60494e-24 4.97118e+27 0.00025 1.795 17950 6.172e+14 452 5 1 1 
3.19401e+16 6.86702e-12 2.76297e-24 4.97118e+27 0.00025 1.795 17950 6.172e+14 453 5 1 1 
3.22487e+16 3.31973e-12 2.76297e-24 4.97118e+27 0.00025 1.795 17950 6.172e+14 454 5 1 1 
3.25573e+16 1.39023e-12 1.84198e-24 4.97118e+27 0.00025 1.795 17950 6.172e+14 455 5 1 1 
3.28659e+16 5.21395e-13 9.20989e-25 4.97118e+27 0.00025 1.795 17950 6.172e+14 456 5 1 1 
3.31745e+16 1.15678e-13 4.60494e-25 4.97118e+27 0.00025 1.795 17950 6.172e+14 457 5 1 1 
3.34831e+16 4.97728e-44 9.08165e-56 4.97118e+27 0.00025 1.795 17950 6.172e+14 458 5 1 1 
3.37917e+16 8.4617e-46 9.08165e-56 4.97118e+27 0.00025 1.795 17950 6.172e+14 459 5 1 1 
3.41003e+16 0 0 4.97118e+27 0.00025 1.795 17950 6.172e+14 460 5 1 1 
3.44089e+16 0 0 4.97118e+27 0.00025 1.795 17950 6.172e+14 461 5 1 1 
3.47175e+16 0 0 4.97118e+27 0.00025 1.795 17950 6.172e+14 462 5 1 1 
3.50261e+16 0 0 4.97118e+27 0.00025 1.795 17950 6.172e+14 463 5 1 1 
3.53347e+16 0 0 4.97118e+27 0.00025 1.795 17950 6.172e+14 464 5 1 1 
3.56433e+16 0 0 4.97118e+27 0.00025 1.795 17950 6.172e+14 465 5 1 1 
3.59519e+16 0 0 4.97118e+27 0.00025 1.795 17950 6.172e+14 466 5 1 1 
3.62605e+16 0 0 4.97118e+27 0.00025 1.795 17950 6.172e+14 467 5 1 1 
3.65691e+16 0 0 4.97118e+27 0.00025 1.795 17950 6.172e+14 468 5 1 1 
3.68777e+16 -2.53778e-45 -9.08165e-56 4.97118e+27 0.00025 1.795 17950 6.172e+14 469 5 1 1 
3.71863e+16 -4.65078e-44 -8.17348e-55 4.97118e+27 0.00025 1.795 17950 6.172e+14 470 5 1 1 
3.74949e+16 -2.05818e-13 -3.68395e-24 4.97118e+27 0.00025 1.795 17950 6.172e+14 471 5 1 1 
3.78035e+16 -1.92887e-12 -3.13136e-23 4.97118e+27 0.00025 1.795 17950 6.172e+14 472 5 1 1 
3.81121e+16 -5.80477e-11 -1.17196e-21 4.97118e+27 0.00025 1.795 17950 6.172e+14 473 4 1 1 
3.84207e+16 -8.8711e-10 -1.31057e-20 4.97118e+27 0.00025 1.795 17950 6.172e+14 474 4 1 1 
3.87293e+16 -9.65359e-09 -1.30916e-19 4.97118e+27 0.00025 1.795 17950 6.172e+14 475 4 1 1 
3.90379e+16 -9.29096e-08 -1.15599e-18 4.97118e+27 0.00025 1.795 17950 6.172e+14 476 4 1 1 
3.93465e+16 -7.92662e-07 -9.08985e-18 4.97118e+27 0.00025 1.795 17950 6.172e+14 477 4 1 1 
3.96551e+16 -6.06312e-06 -6.42309e-17 4.97118e+27 0.00025 1.795 17950 6.172e+14 478 4 1 1 
3.99637e+16 -4.18305e-05 -4.09606e-16 4.97118e+27 0.00025 1.795 17950 6.172e+14 479 4 1 1 
4.02723e+16 -0.000260674 -2.3553e-15 4.97118e+27 0.00025 1.795 17950 6.172e+14 480 4 1 1 
4.05809e+16 -0.00144927 -1.18008e-14 4.97118e+27 0.00025 1.795 17950 6.17199e+14 481 4 1 1 
4.08895e+16 -0.00654703 -3.79395e-14 4.97118e+27 0.000250001 1.79501 17950 6.17197e+14 482 3 1 1 
4.11981e+16 -0.00854531 1.93996e-13 4.97118e+27 0.000249994 1.79494 17949.8 6.17216e+14 483 4 1 1 
4.15067e+16 0.328776 3.83412e-12 4.97118e+27 0.000249952 1.79451 17948.6 6.1732e+14 484 5 1 0.999982 
4.18154e+16 -0.102394 -2.094e-11 4.97118e+27 0.000250491 1.79989 17964 6.15989e+14 485 4 1 0.99848 
4.21227e+16 -20.2685 -2.33256e-10 4.97118e+27 0.000255773 1.85377 18121.1 6.03268e+14 486 4 1 0.984124 
4.24191e+16 -119.08 -7.64706e-10 4.97118e+27 0.00027635 2.07342 18760.3 5.5835e+14 487 4 1 0.959897 
4.26843e+16 -317.801 -1.0481e-09 4.97118e+27 0.000319579 2.56651 20077.9 4.82823e+14 488 4 1 0.965753 
4.29072e+16 -503.339 -6.57763e-10 4.97118e+27 0.000372424 3.21112 21553.3 4.14312e+14 489 4 1 0.984958 
4.3101e+16 -596.806 -2.79059e-10 4.97118e+27 0.000412896 3.72754 22567.4 3.73701e+14 490 4 1 0.994759 
4.32814e+16 -640.572 -1.44524e-10 4.97118e+27 0.000435814 4.02694 23099.1 3.5405e+14 491 4 1 0.998757 
4.34552e+16 -661.292 -5.60024e-11 4.97118e+27 0.000447416 4.18262 23370.4 3.44869e+14 492 4 1 0.999824 
4.36263e+16 -669.245 -2.13014e-11 4.97118e+27 0.000452078 4.24955 23499.8 3.41312e+14 493 4 1 0.999997 
4.37965e+16 -672.17 -6.53033e-12 4.97118e+27 0.000453293 4.27388 23571.2 3.40398e+14 494 3 1 1 
4.39667e+16 -673.17 -1.88575e-12 4.97118e+27 0.000452829 4.28072 23633.2 3.40747e+14 495 4 1 1 
4.41373e+16 -673.569 -2.96494e-13 4.97118e+27 0.000451386 4.28352 23724.2 3.41836e+14 496 4 1 0.999976 
4.43086e+16 -673.798 3.23082e-13 4.97118e+27 0.000449828 4.30072 23902 3.4302e+14 497 5 1 0.998664 
4.44803e+16 -673.971 5.93252e-13 4.97118e+27 0.000458427 4.495 24513.2 3.36586e+14 498 4 1 0.99371 
4.46453e+16 -674.124 7.55347e-13 4.97118e+27 0.000480865 4.15048 21578.2 3.2088e+14 499 4 1 0.993719 
