# Time [s]: 0.0713217
# Columns: pos [m], vel [m/s], acc [m/s^2], mass [kg], dens [kg/m^3], pres [Pa], ene [J/kg], sml [m], id, neighbor, alpha, gradh, ...additional?
1.45421 -0.674373 0.0285835 0.0025 0.506281 0.439529 2.17038 0.00987595 0 4 1 0.994732 
1.45903 -0.674534 0.0328217 0.0025 0.530281 0.410825 1.93682 0.00942895 1 4 1 0.999683 
1.46364 -0.674708 0.0388422 0.0025 0.543313 0.426183 1.96104 0.00920279 2 4 1 0.99999 
1.46823 -0.674917 0.0482977 0.0025 0.54483 0.427813 1.96305 0.00917717 3 4 1 1 
1.47282 -0.675186 0.0637913 0.0025 0.545107 0.427911 1.96251 0.00917251 4 3 1 1 
1.4774 -0.675537 0.0844434 0.0025 0.545018 0.427758 1.96212 0.009174 5 4 1 1 
1.48199 -0.676007 0.111536 0.0025 0.544793 0.427481 1.96167 0.0091778 6 4 1 1 
1.48658 -0.676644 0.150915 0.0025 0.544467 0.427102 1.9611 0.00918329 7 4 1 0.999999 
1.49117 -0.677466 0.201041 0.0025 0.54403 0.426604 1.96039 0.00919067 8 4 1 0.999998 
1.49577 -0.678504 0.248657 0.0025 0.543467 0.425971 1.9595 0.00920019 9 4 1 0.999997 
-0.499625 -0.679859 0.337972 0.0025 0.542815 0.425241 1.9585 0.00921123 10 4 1 0.999996 
-0.495017 -0.680981 0.178308 0.0025 0.542197 0.424553 1.95756 0.00922175 11 4 1 0.999996 
-0.490404 -0.683061 0.64738 0.0025 0.54197 0.424274 1.95715 0.0092256 12 5 1 0.99979 
-0.485791 -0.677662 -3.45125 0.0025 0.54597 0.428637 1.96286 0.00915801 13 4 1 0.998643 
-0.481245 -0.654212 -6.91786 0.0025 0.557246 0.441097 1.97898 0.0089727 14 4 1 0.998068 
-0.476817 -0.624148 -7.10325 0.0025 0.572238 0.457818 2.00011 0.00873762 15 4 1 0.998395 
-0.472506 -0.597822 -5.94376 0.0025 0.586651 0.474034 2.02008 0.00852295 16 4 1 0.998537 
-0.468293 -0.574519 -6.08017 0.0025 0.600315 0.48954 2.03872 0.00832896 17 4 1 0.998185 
-0.464176 -0.548148 -7.62747 0.0025 0.615574 0.507033 2.05926 0.00812249 18 4 1 0.997566 
-0.460169 -0.516397 -9.3925 0.0025 0.63391 0.528297 2.08356 0.00788756 19 4 1 0.997038 
-0.456286 -0.480304 -10.7296 0.0025 0.655131 0.553223 2.11118 0.00763207 20 4 1 0.996758 
-0.452534 -0.441907 -11.6212 0.0025 0.678375 0.580898 2.14082 0.00737055 21 4 1 0.996712 
-0.448912 -0.402784 -12.1242 0.0025 0.70279 0.610376 2.1713 0.0071145 22 4 1 0.99681 
-0.445417 -0.363985 -12.4266 0.0025 0.727754 0.640942 2.20182 0.00687046 23 4 1 0.996973 
-0.44204 -0.326097 -12.622 0.0025 0.752919 0.672183 2.23196 0.00664082 24 4 1 0.997169 
-0.438774 -0.289224 -12.7087 0.0025 0.778059 0.70381 2.26146 0.00642625 25 4 1 0.997368 
-0.435612 -0.253522 -12.772 0.0025 0.80304 0.735645 2.29022 0.00622634 26 4 1 0.997561 
-0.432546 -0.21903 -12.787 0.0025 0.827794 0.767586 2.31819 0.00604015 27 4 1 0.997752 
-0.42957 -0.1858 -12.7065 0.0025 0.85223 0.799488 2.34531 0.00586696 28 4 1 0.997904 
-0.426677 -0.15378 -12.8006 0.0025 0.876413 0.831416 2.37169 0.00570507 29 4 1 0.997992 
-0.423864 -0.122225 -13.2717 0.0025 0.900645 0.863793 2.39773 0.00555158 30 4 1 0.998214 
-0.421125 -0.0912521 -12.7051 0.0025 0.924324 0.895828 2.4228 0.00540936 31 4 1 0.998766 
-0.418453 -0.0653861 -9.37378 0.0025 0.945002 0.923943 2.44424 0.005291 32 4 1 0.998915 
-0.415833 -0.0452675 -9.70811 0.0025 0.963746 0.949425 2.46331 0.00518809 33 4 1 0.997952 
-0.413265 -0.0152028 -18.8773 0.0025 0.988851 0.984399 2.48898 0.00505637 34 4 1 0.997738 
-0.410775 0.0261891 -17.6627 0.0025 1.01856 1.02659 2.51901 0.00490891 35 4 1 0.99971 
-0.408355 0.0457874 -2.38661 0.0025 1.03552 1.05055 2.5356 0.0048285 36 4 1 1.00003 
-0.405947 0.0443774 2.07097 0.0025 1.03623 1.05123 2.53605 0.00482519 37 3 1 1.00002 
-0.40353 0.038403 3.26453 0.0025 1.03112 1.04391 2.53097 0.00484911 38 4 1 0.999938 
-0.401098 0.0310024 3.74319 0.0025 1.02479 1.03492 2.52469 0.00487905 39 4 1 0.999892 
-0.39865 0.0233631 3.69619 0.0025 1.01846 1.02594 2.5184 0.00490939 40 4 1 0.999885 
-0.396188 0.0164308 3.2212 0.0025 1.01285 1.01802 2.51281 0.00493656 41 4 1 0.999905 
-0.393714 0.0108012 2.5217 0.0025 1.00838 1.01173 2.50835 0.00495843 42 4 1 0.999937 
-0.39123 0.00665756 1.79612 0.0025 1.00514 1.00717 2.50511 0.00497444 43 4 1 0.999966 
-0.388739 0.00386148 1.17771 0.0025 1.00297 1.00414 2.50295 0.00498521 44 4 1 0.999984 
-0.386245 0.00211423 0.717637 0.0025 1.00162 1.00225 2.50161 0.00499191 45 4 1 0.999994 
-0.383747 0.0010951 0.40919 0.0025 1.00084 1.00116 2.50083 0.00499582 46 4 1 0.999998 
-0.381249 0.000537211 0.219282 0.0025 1.00041 1.00057 2.50041 0.00499795 47 4 1 0.999999 
-0.37875 0.000249647 0.110709 0.0025 1.00019 1.00026 2.50019 0.00499905 48 4 1 1 
-0.37625 0.000109849 0.0527097 0.0025 1.00008 1.00012 2.50008 0.00499958 49 4 1 1 
-0.37375 4.57198e-05 0.0236665 0.0025 1.00003 1.00005 2.50003 0.00499983 50 4 1 1 
-0.37125 1.7972e-05 0.0100141 0.0025 1.00001 1.00002 2.50001 0.00499993 51 4 1 1 
-0.36875 6.65867e-06 0.00398793 0.0025 1.00001 1.00001 2.50001 0.00499997 52 4 1 1 
-0.36625 2.31907e-06 0.00149179 0.0025 1 1 2.5 0.00499999 53 4 1 1 
-0.36375 7.56569e-07 0.000522781 0.0025 1 1 2.5 0.005 54 4 1 1 
-0.36125 2.3012e-07 0.000170997 0.0025 1 1 2.5 0.005 55 4 1 1 
-0.35875 6.48394e-08 5.19399e-05 0.0025 1 1 2.5 0.005 56 4 1 1 
-0.35625 1.67698e-08 1.45458e-05 0.0025 1 1 2.5 0.005 57 4 1 1 
-0.35375 3.92721e-09 3.7162e-06 0.0025 1 1 2.5 0.005 58 4 1 1 
-0.35125 8.14636e-10 8.52005e-07 0.0025 1 1 2.5 0.005 59 4 1 1 
-0.34875 1.43905e-10 1.70442e-07 0.0025 1 1 2.5 0.005 60 4 1 1 
-0.34625 1.98906e-11 2.81398e-08 0.0025 1 1 2.5 0.005 61 4 1 1 
-0.34375 1.68245e-12 3.3146e-09 0.0025 1 1 2.5 0.005 62 4 1 1 
-0.34125 -4.03878e-14 9.72591e-11 0.0025 1 1 2.5 0.005 63 4 1 1 
-0.33875 -2.06753e-15 -3.11502e-11 0.0025 1 1 2.5 0.005 64 5 1 1 
-0.33625 3.53049e-15 2.38742e-12 0.0025 1 1 2.5 0.005 65 4 1 1 
-0.33375 8.22738e-16 5.68434e-13 0.0025 1 1 2.5 0.005 66 5 1 1 
-0.33125 1.37156e-16 2.27374e-13 0.0025 1 1 2.5 0.005 67 5 1 1 
-0.32875 2.70493e-47 4.48416e-44 0.0025 1 1 2.5 0.005 68 5 1 1 
-0.32625 0 0 0.0025 1 1 2.5 0.005 69 5 1 1 
-0.32375 0 0 0.0025 1 1 2.5 0.005 70 5 1 1 
-0.32125 0 0 0.0025 1 1 2.5 0.005 71 5 1 1 
-0.31875 0 0 0.0025 1 1 2.5 0.005 72 5 1 1 
-0.31625 0 0 0.0025 1 1 2.5 0.005 73 5 1 1 
-0.31375 0 0 0.0025 1 1 2.5 0.005 74 5 1 1 
-0.31125 0 0 0.0025 1 1 2.5 0.005 75 5 1 1 
-0.30875 0 0 0.0025 1 1 2.5 0.005 76 5 1 1 
-0.30625 0 0 0.0025 1 1 2.5 0.005 77 5 1 1 
-0.30375 0 0 0.0025 1 1 2.5 0.005 78 5 1 1 
-0.30125 0 0 0.0025 1 1 2.5 0.005 79 5 1 1 
-0.29875 0 0 0.0025 1 1 2.5 0.005 80 5 1 1 
-0.29625 0 0 0.0025 1 1 2.5 0.005 81 5 1 1 
-0.29375 0 0 0.0025 1 1 2.5 0.005 82 5 1 1 
-0.29125 0 0 0.0025 1 1 2.5 0.005 83 5 1 1 
-0.28875 0 0 0.0025 1 1 2.5 0.005 84 5 1 1 
-0.28625 0 0 0.0025 1 1 2.5 0.005 85 5 1 1 
-0.28375 0 0 0.0025 1 1 2.5 0.005 86 5 1 1 
-0.28125 0 0 0.0025 1 1 2.5 0.005 87 5 1 1 
-0.27875 0 0 0.0025 1 1 2.5 0.005 88 5 1 1 
-0.27625 0 0 0.0025 1 1 2.5 0.005 89 5 1 1 
-0.27375 0 0 0.0025 1 1 2.5 0.005 90 5 1 1 
-0.27125 0 0 0.0025 1 1 2.5 0.005 91 5 1 1 
-0.26875 0 0 0.0025 1 1 2.5 0.005 92 5 1 1 
-0.26625 0 0 0.0025 1 1 2.5 0.005 93 5 1 1 
-0.26375 0 0 0.0025 1 1 2.5 0.005 94 5 1 1 
-0.26125 0 0 0.0025 1 1 2.5 0.005 95 5 1 1 
-0.25875 0 0 0.0025 1 1 2.5 0.005 96 5 1 1 
-0.25625 0 0 0.0025 1 1 2.5 0.005 97 5 1 1 
-0.25375 0 0 0.0025 1 1 2.5 0.005 98 5 1 1 
-0.25125 0 0 0.0025 1 1 2.5 0.005 99 5 1 1 
-0.24875 0 0 0.0025 1 1 2.5 0.005 100 5 1 1 
-0.24625 0 0 0.0025 1 1 2.5 0.005 101 5 1 1 
-0.24375 0 0 0.0025 1 1 2.5 0.005 102 5 1 1 
-0.24125 0 0 0.0025 1 1 2.5 0.005 103 5 1 1 
-0.23875 0 0 0.0025 1 1 2.5 0.005 104 5 1 1 
-0.23625 0 0 0.0025 1 1 2.5 0.005 105 5 1 1 
-0.23375 0 0 0.0025 1 1 2.5 0.005 106 5 1 1 
-0.23125 0 0 0.0025 1 1 2.5 0.005 107 5 1 1 
-0.22875 0 0 0.0025 1 1 2.5 0.005 108 5 1 1 
-0.22625 0 0 0.0025 1 1 2.5 0.005 109 5 1 1 
-0.22375 0 0 0.0025 1 1 2.5 0.005 110 5 1 1 
-0.22125 0 0 0.0025 1 1 2.5 0.005 111 5 1 1 
-0.21875 0 0 0.0025 1 1 2.5 0.005 112 5 1 1 
-0.21625 0 0 0.0025 1 1 2.5 0.005 113 5 1 1 
-0.21375 0 0 0.0025 1 1 2.5 0.005 114 5 1 1 
-0.21125 0 0 0.0025 1 1 2.5 0.005 115 5 1 1 
-0.20875 0 0 0.0025 1 1 2.5 0.005 116 5 1 1 
-0.20625 0 0 0.0025 1 1 2.5 0.005 117 5 1 1 
-0.20375 0 0 0.0025 1 1 2.5 0.005 118 5 1 1 
-0.20125 0 0 0.0025 1 1 2.5 0.005 119 5 1 1 
-0.19875 0 0 0.0025 1 1 2.5 0.005 120 5 1 1 
-0.19625 0 0 0.0025 1 1 2.5 0.005 121 5 1 1 
-0.19375 0 0 0.0025 1 1 2.5 0.005 122 5 1 1 
-0.19125 0 0 0.0025 1 1 2.5 0.005 123 5 1 1 
-0.18875 0 0 0.0025 1 1 2.5 0.005 124 5 1 1 
-0.18625 0 0 0.0025 1 1 2.5 0.005 125 5 1 1 
-0.18375 0 0 0.0025 1 1 2.5 0.005 126 5 1 1 
-0.18125 0 0 0.0025 1 1 2.5 0.005 127 5 1 1 
-0.17875 0 0 0.0025 1 1 2.5 0.005 128 5 1 1 
-0.17625 0 0 0.0025 1 1 2.5 0.005 129 5 1 1 
-0.17375 0 0 0.0025 1 1 2.5 0.005 130 5 1 1 
-0.17125 0 0 0.0025 1 1 2.5 0.005 131 5 1 1 
-0.16875 0 0 0.0025 1 1 2.5 0.005 132 5 1 1 
-0.16625 0 0 0.0025 1 1 2.5 0.005 133 5 1 1 
-0.16375 0 0 0.0025 1 1 2.5 0.005 134 5 1 1 
-0.16125 0 0 0.0025 1 1 2.5 0.005 135 5 1 1 
-0.15875 0 0 0.0025 1 1 2.5 0.005 136 5 1 1 
-0.15625 0 0 0.0025 1 1 2.5 0.005 137 5 1 1 
-0.15375 0 0 0.0025 1 1 2.5 0.005 138 5 1 1 
-0.15125 0 0 0.0025 1 1 2.5 0.005 139 5 1 1 
-0.14875 0 0 0.0025 1 1 2.5 0.005 140 5 1 1 
-0.14625 0 0 0.0025 1 1 2.5 0.005 141 5 1 1 
-0.14375 0 0 0.0025 1 1 2.5 0.005 142 5 1 1 
-0.14125 0 0 0.0025 1 1 2.5 0.005 143 5 1 1 
-0.13875 0 0 0.0025 1 1 2.5 0.005 144 5 1 1 
-0.13625 0 0 0.0025 1 1 2.5 0.005 145 5 1 1 
-0.13375 0 0 0.0025 1 1 2.5 0.005 146 5 1 1 
-0.13125 0 0 0.0025 1 1 2.5 0.005 147 5 1 1 
-0.12875 0 0 0.0025 1 1 2.5 0.005 148 5 1 1 
-0.12625 0 0 0.0025 1 1 2.5 0.005 149 5 1 1 
-0.12375 0 0 0.0025 1 1 2.5 0.005 150 5 1 1 
-0.12125 0 0 0.0025 1 1 2.5 0.005 151 5 1 1 
-0.11875 0 0 0.0025 1 1 2.5 0.005 152 5 1 1 
-0.11625 0 0 0.0025 1 1 2.5 0.005 153 5 1 1 
-0.11375 0 0 0.0025 1 1 2.5 0.005 154 5 1 1 
-0.11125 0 0 0.0025 1 1 2.5 0.005 155 5 1 1 
-0.10875 0 0 0.0025 1 1 2.5 0.005 156 5 1 1 
-0.10625 0 0 0.0025 1 1 2.5 0.005 157 5 1 1 
-0.10375 0 0 0.0025 1 1 2.5 0.005 158 5 1 1 
-0.10125 0 0 0.0025 1 1 2.5 0.005 159 5 1 1 
-0.09875 0 0 0.0025 1 1 2.5 0.005 160 5 1 1 
-0.09625 0 0 0.0025 1 1 2.5 0.005 161 5 1 1 
-0.09375 0 0 0.0025 1 1 2.5 0.005 162 5 1 1 
-0.09125 0 0 0.0025 1 1 2.5 0.005 163 5 1 1 
-0.08875 0 0 0.0025 1 1 2.5 0.005 164 5 1 1 
-0.08625 0 0 0.0025 1 1 2.5 0.005 165 5 1 1 
-0.08375 0 0 0.0025 1 1 2.5 0.005 166 5 1 1 
-0.08125 0 0 0.0025 1 1 2.5 0.005 167 5 1 1 
-0.07875 0 0 0.0025 1 1 2.5 0.005 168 5 1 1 
-0.07625 0 0 0.0025 1 1 2.5 0.005 169 5 1 1 
-0.07375 0 0 0.0025 1 1 2.5 0.005 170 5 1 1 
-0.07125 0 0 0.0025 1 1 2.5 0.005 171 5 1 1 
-0.06875 0 0 0.0025 1 1 2.5 0.005 172 5 1 1 
-0.06625 0 0 0.0025 1 1 2.5 0.005 173 5 1 1 
-0.06375 0 0 0.0025 1 1 2.5 0.005 174 5 1 1 
-0.06125 0 0 0.0025 1 1 2.5 0.005 175 5 1 1 
-0.05875 -4.05453e-47 0 0.0025 1 1 2.5 0.005 176 5 1 1 
-0.05625 -6.85413e-17 -1.12104e-44 0.0025 1 1 2.5 0.005 177 5 1 1 
-0.05375 -2.21914e-16 -5.68434e-14 0.0025 1 1 2.5 0.005 178 5 1 1 
-0.05125 -3.91237e-16 5.68434e-14 0.0025 1 1 2.5 0.005 179 5 1 1 
-0.04875 -5.59271e-16 -5.68434e-14 0.0025 1 1 2.5 0.005 180 5 1 1 
-0.04625 -8.11668e-16 0 0.0025 1 1 2.5 0.005 181 5 1 1 
-0.04375 -1.04417e-15 -2.24208e-44 0.0025 1 1 2.5 0.005 182 5 1 1 
-0.04125 -1.34087e-15 -3.36312e-44 0.0025 1 1 2.5 0.005 183 5 1 1 
-0.03875 -1.78319e-15 -5.68434e-14 0.0025 1 1 2.5 0.005 184 5 1 1 
-0.03625 -1.97678e-15 5.68434e-14 0.0025 1 1 2.5 0.005 185 5 1 1 
-0.03375 -3.60017e-15 -3.15544e-28 0.0025 1 1 2.5 0.005 186 4 1 1 
-0.03125 1.55862e-16 5.68434e-14 0.0025 1 1 2.5 0.005 187 3 1 1 
-0.02875 -4.60126e-17 -5.68434e-14 0.0025 1 1 2.5 0.005 188 3 1 1 
-0.02625 -9.31531e-16 5.68434e-14 0.0025 1 1 2.5 0.005 189 3 1 1 
-0.02375 1.25643e-15 -1.13687e-13 0.0025 1 1 2.5 0.005 190 4 1 1 
-0.02125 9.29018e-18 5.68434e-14 0.0025 1 1 2.5 0.005 191 5 1 1 
-0.01875 -1.68905e-16 -5.68434e-14 0.0025 1 1 2.5 0.005 192 5 1 1 
-0.01625 -2.06147e-15 -5.68434e-14 0.0025 1 1 2.5 0.005 193 4 1 1 
-0.01375 1.26054e-15 6.31089e-28 0.0025 1 1 2.5 0.005 194 3 1 1 
-0.01125 5.53982e-17 -5.68434e-14 0.0025 1 1 2.5 0.005 195 3 1 1 
-0.00875 -2.44599e-16 0 0.0025 1 1 2.5 0.005 196 3 1 1 
-0.00625 4.20493e-16 -1.13687e-13 0.0025 1 1 2.5 0.005 197 4 1 1 
-0.00375 -1.21989e-16 -1.7053e-13 0.0025 1 1 2.5 0.005 198 3 1 1 
-0.00125 -1.35825e-16 4.54747e-13 0.0025 1 1 2.5 0.005 199 3 1 1 
0.00125 -1.82794e-16 -1.7053e-13 0.0025 1 1 2.5 0.005 200 3 1 1 
0.00375 1.50799e-16 -1.13687e-13 0.0025 1 1 2.5 0.005 201 3 1 1 
0.00625 2.36731e-16 3.9443e-29 0.0025 1 1 2.5 0.005 202 4 1 1 
0.00875 1.32993e-16 5.68434e-14 0.0025 1 1 2.5 0.005 203 3 1 1 
0.01125 -2.22627e-17 5.68434e-14 0.0025 1 1 2.5 0.005 204 3 1 1 
0.01375 4.79659e-16 -1.57772e-28 0.0025 1 1 2.5 0.005 205 4 1 1 
0.01625 -8.55806e-16 5.91646e-28 0.0025 1 1 2.5 0.005 206 4 1 1 
0.01875 -2.57656e-15 2.07076e-28 0.0025 1 1 2.5 0.005 207 5 1 1 
0.02125 -8.13417e-16 -5.91646e-28 0.0025 1 1 2.5 0.005 208 5 1 1 
0.02375 -2.41619e-15 -3.15544e-28 0.0025 1 1 2.5 0.005 209 4 1 1 
0.02625 1.70256e-15 2.76101e-28 0.0025 1 1 2.5 0.005 210 3 1 1 
0.02875 1.05925e-15 1.13687e-13 0.0025 1 1 2.5 0.005 211 3 1 1 
0.03125 4.60199e-15 -5.68434e-14 0.0025 1 1 2.5 0.005 212 4 1 1 
0.03375 2.89627e-15 5.68434e-14 0.0025 1 1 2.5 0.005 213 5 1 1 
0.03625 2.36219e-15 5.68434e-14 0.0025 1 1 2.5 0.005 214 5 1 1 
0.03875 1.8511e-15 -1.13687e-13 0.0025 1 1 2.5 0.005 215 5 1 1 
0.04125 1.35087e-15 1.13687e-13 0.0025 1 1 2.5 0.005 216 5 1 1 
0.04375 9.13007e-16 4.48416e-44 0.0025 1 1 2.5 0.005 217 5 1 1 
0.04625 6.61771e-16 5.68434e-14 0.0025 1 1 2.5 0.005 218 5 1 1 
0.04875 4.42208e-16 0 0.0025 1 1 2.5 0.005 219 5 1 1 
0.05125 2.73111e-16 0 0.0025 1 1 2.5 0.005 220 5 1 1 
0.05375 1.02653e-16 1.12104e-44 0.0025 1 1 2.5 0.005 221 5 1 1 
0.05625 9.11516e-47 1.12104e-44 0.0025 1 1 2.5 0.005 222 5 1 1 
0.05875 0 0 0.0025 1 1 2.5 0.005 223 5 1 1 
0.06125 0 0 0.0025 1 1 2.5 0.005 224 5 1 1 
0.06375 0 0 0.0025 1 1 2.5 0.005 225 5 1 1 
0.06625 0 0 0.0025 1 1 2.5 0.005 226 5 1 1 
0.06875 0 0 0.0025 1 1 2.5 0.005 227 5 1 1 
0.07125 0 0 0.0025 1 1 2.5 0.005 228 5 1 1 
0.07375 0 0 0.0025 1 1 2.5 0.005 229 5 1 1 
0.07625 0 0 0.0025 1 1 2.5 0.005 230 5 1 1 
0.07875 0 0 0.0025 1 1 2.5 0.005 231 5 1 1 
0.08125 0 0 0.0025 1 1 2.5 0.005 232 5 1 1 
0.08375 0 0 0.0025 1 1 2.5 0.005 233 5 1 1 
0.08625 0 0 0.0025 1 1 2.5 0.005 234 5 1 1 
0.08875 0 0 0.0025 1 1 2.5 0.005 235 5 1 1 
0.09125 0 0 0.0025 1 1 2.5 0.005 236 5 1 1 
0.09375 -3.92834e-46 -1.12104e-44 0.0025 1 1 2.5 0.005 237 5 1 1 
0.09625 -1.69188e-16 0 0.0025 1 1 2.5 0.005 238 5 1 1 
0.09875 -3.37357e-16 1.12104e-44 0.0025 1 1 2.5 0.005 239 5 1 1 
0.10125 2.3083e-16 5.68434e-14 0.0025 1 1 2.5 0.005 240 5 1 1 
0.10375 9.98388e-17 5.68434e-14 0.0025 1 1 2.5 0.005 241 5 1 1 
0.10625 3.12039e-15 1.13687e-13 0.0025 1 1 2.5 0.005 242 5 1 1 
0.10875 2.28512e-15 6.72623e-44 0.0025 1 1 2.5 0.005 243 5 1 1 
0.11125 2.00201e-15 1.13687e-13 0.0025 1 1 2.5 0.005 244 5 1 1 
0.11375 -1.14516e-15 1.13687e-13 0.0025 1 1 2.5 0.005 245 5 1 1 
0.11625 5.18179e-18 -1.13687e-13 0.0025 1 1 2.5 0.005 246 5 1 1 
0.11875 -2.49625e-15 -2.27374e-13 0.0025 1 1 2.5 0.005 247 5 1 1 
0.12125 3.43639e-15 -5.11591e-13 0.0025 1 1 2.5 0.005 248 5 1 1 
0.12375 -4.19304e-17 -2.84217e-13 0.0025 1 1 2.5 0.005 249 4 1 1 
0.12625 4.19304e-17 2.84217e-13 0.0025 1 1 2.5 0.005 250 4 1 1 
0.12875 -3.43639e-15 5.11591e-13 0.0025 1 1 2.5 0.005 251 5 1 1 
0.13125 2.49625e-15 2.27374e-13 0.0025 1 1 2.5 0.005 252 5 1 1 
0.13375 -5.18179e-18 1.13687e-13 0.0025 1 1 2.5 0.005 253 5 1 1 
0.13625 1.14516e-15 -1.13687e-13 0.0025 1 1 2.5 0.005 254 5 1 1 
0.13875 -2.00201e-15 -1.13687e-13 0.0025 1 1 2.5 0.005 255 5 1 1 
0.14125 -2.28512e-15 -6.72623e-44 0.0025 1 1 2.5 0.005 256 5 1 1 
0.14375 -3.12039e-15 -1.13687e-13 0.0025 1 1 2.5 0.005 257 5 1 1 
0.14625 -9.98388e-17 -5.68434e-14 0.0025 1 1 2.5 0.005 258 5 1 1 
0.14875 -2.3083e-16 -5.68434e-14 0.0025 1 1 2.5 0.005 259 5 1 1 
0.15125 3.37357e-16 -1.12104e-44 0.0025 1 1 2.5 0.005 260 5 1 1 
0.15375 1.69188e-16 0 0.0025 1 1 2.5 0.005 261 5 1 1 
0.15625 3.92834e-46 1.12104e-44 0.0025 1 1 2.5 0.005 262 5 1 1 
0.15875 0 0 0.0025 1 1 2.5 0.005 263 5 1 1 
0.16125 0 0 0.0025 1 1 2.5 0.005 264 5 1 1 
0.16375 0 0 0.0025 1 1 2.5 0.005 265 5 1 1 
0.16625 0 0 0.0025 1 1 2.5 0.005 266 5 1 1 
0.16875 0 0 0.0025 1 1 2.5 0.005 267 5 1 1 
0.17125 0 0 0.0025 1 1 2.5 0.005 268 5 1 1 
0.17375 0 0 0.0025 1 1 2.5 0.005 269 5 1 1 
0.17625 0 0 0.0025 1 1 2.5 0.005 270 5 1 1 
0.17875 0 0 0.0025 1 1 2.5 0.005 271 5 1 1 
0.18125 0 0 0.0025 1 1 2.5 0.005 272 5 1 1 
0.18375 0 0 0.0025 1 1 2.5 0.005 273 5 1 1 
0.18625 0 0 0.0025 1 1 2.5 0.005 274 5 1 1 
0.18875 0 0 0.0025 1 1 2.5 0.005 275 5 1 1 
0.19125 0 0 0.0025 1 1 2.5 0.005 276 5 1 1 
0.19375 0 0 0.0025 1 1 2.5 0.005 277 5 1 1 
0.19625 0 0 0.0025 1 1 2.5 0.005 278 5 1 1 
0.19875 0 0 0.0025 1 1 2.5 0.005 279 5 1 1 
0.20125 -1.35159e-47 0 0.0025 1 1 2.5 0.005 280 5 1 1 
0.20375 -3.4271e-17 -1.12104e-44 0.0025 1 1 2.5 0.005 281 5 1 1 
0.20625 -1.7093e-16 -1.12104e-44 0.0025 1 1 2.5 0.005 282 5 1 1 
0.20875 -3.5855e-16 -5.68434e-14 0.0025 1 1 2.5 0.005 283 5 1 1 
0.21125 -5.28077e-16 5.68434e-14 0.0025 1 1 2.5 0.005 284 5 1 1 
0.21375 -7.64963e-16 -5.68434e-14 0.0025 1 1 2.5 0.005 285 5 1 1 
0.21625 -9.13976e-16 1.13687e-13 0.0025 1 1 2.5 0.005 286 5 1 1 
0.21875 -1.11213e-15 1.12104e-43 0.0025 1 1 2.5 0.005 287 5 1 1 
0.22125 1.26006e-15 2.27374e-13 0.0025 1 1 2.5 0.005 288 5 1 1 
0.22375 6.00559e-17 5.68434e-14 0.0025 1 1 2.5 0.005 289 5 1 1 
0.22625 -4.50553e-16 -5.68434e-14 0.0025 1 1 2.5 0.005 290 5 1 1 
0.22875 -1.40062e-15 -1.7053e-13 0.0025 1 1 2.5 0.005 291 5 1 1 
0.23125 -5.26054e-16 3.41061e-13 0.0025 1 1 2.5 0.005 292 5 1 1 
0.23375 -2.66537e-15 2.27374e-13 0.0025 1 1 2.5 0.005 293 5 1 1 
0.23625 2.74831e-15 -3.41061e-13 0.0025 1 1 2.5 0.005 294 5 1 1 
0.23875 -4.91445e-16 -2.27374e-13 0.0025 1 1 2.5 0.005 295 5 1 1 
0.24125 -3.87907e-16 4.54747e-13 0.0025 1 1 2.5 0.005 296 5 1 1 
0.24375 -5.61362e-15 6.82121e-13 0.0025 1 1 2.5 0.005 297 5 1 1 
0.24625 6.0803e-15 -3.41061e-13 0.0025 1 1 2.5 0.005 298 5 1 1 
0.24875 -5.60459e-16 -2.27374e-13 0.0025 1 1 2.5 0.005 299 3 1 1 
0.25125 5.60459e-16 2.27374e-13 0.0025 1 1 2.5 0.005 300 3 1 1 
0.25375 -6.0803e-15 3.41061e-13 0.0025 1 1 2.5 0.005 301 5 1 1 
0.25625 5.61362e-15 -6.82121e-13 0.0025 1 1 2.5 0.005 302 5 1 1 
0.25875 3.87907e-16 -4.54747e-13 0.0025 1 1 2.5 0.005 303 5 1 1 
0.26125 4.91445e-16 2.27374e-13 0.0025 1 1 2.5 0.005 304 5 1 1 
0.26375 -2.74831e-15 3.41061e-13 0.0025 1 1 2.5 0.005 305 5 1 1 
0.26625 2.66537e-15 -2.27374e-13 0.0025 1 1 2.5 0.005 306 5 1 1 
0.26875 5.26054e-16 -3.41061e-13 0.0025 1 1 2.5 0.005 307 5 1 1 
0.27125 1.40062e-15 1.7053e-13 0.0025 1 1 2.5 0.005 308 5 1 1 
0.27375 4.50553e-16 5.68434e-14 0.0025 1 1 2.5 0.005 309 5 1 1 
0.27625 -6.00559e-17 -5.68434e-14 0.0025 1 1 2.5 0.005 310 5 1 1 
0.27875 -1.26006e-15 -2.27374e-13 0.0025 1 1 2.5 0.005 311 5 1 1 
0.28125 1.11213e-15 -1.12104e-43 0.0025 1 1 2.5 0.005 312 5 1 1 
0.28375 9.13976e-16 -1.13687e-13 0.0025 1 1 2.5 0.005 313 5 1 1 
0.28625 7.64963e-16 5.68434e-14 0.0025 1 1 2.5 0.005 314 5 1 1 
0.28875 5.28077e-16 -5.68434e-14 0.0025 1 1 2.5 0.005 315 5 1 1 
0.29125 3.5855e-16 5.68434e-14 0.0025 1 1 2.5 0.005 316 5 1 1 
0.29375 1.7093e-16 1.12104e-44 0.0025 1 1 2.5 0.005 317 5 1 1 
0.29625 3.4271e-17 1.12104e-44 0.0025 1 1 2.5 0.005 318 5 1 1 
0.29875 1.35159e-47 0 0.0025 1 1 2.5 0.005 319 5 1 1 
0.30125 0 0 0.0025 1 1 2.5 0.005 320 5 1 1 
0.30375 0 0 0.0025 1 1 2.5 0.005 321 5 1 1 
0.30625 0 0 0.0025 1 1 2.5 0.005 322 5 1 1 
0.30875 0 0 0.0025 1 1 2.5 0.005 323 5 1 1 
0.31125 0 0 0.0025 1 1 2.5 0.005 324 5 1 1 
0.31375 0 0 0.0025 1 1 2.5 0.005 325 5 1 1 
0.31625 0 0 0.0025 1 1 2.5 0.005 326 5 1 1 
0.31875 0 0 0.0025 1 1 2.5 0.005 327 5 1 1 
0.32125 0 0 0.0025 1 1 2.5 0.005 328 5 1 1 
0.32375 0 0 0.0025 1 1 2.5 0.005 329 5 1 1 
0.32625 0 0 0.0025 1 1 2.5 0.005 330 5 1 1 
0.32875 -2.70493e-47 -4.48416e-44 0.0025 1 1 2.5 0.005 331 5 1 1 
0.33125 -1.37156e-16 -2.27374e-13 0.0025 1 1 2.5 0.005 332 5 1 1 
0.33375 -8.22738e-16 -5.68434e-13 0.0025 1 1 2.5 0.005 333 5 1 1 
0.33625 -3.53049e-15 -2.38742e-12 0.0025 1 1 2.5 0.005 334 4 1 1 
0.33875 2.06753e-15 3.11502e-11 0.0025 1 1 2.5 0.005 335 5 1 1 
0.34125 4.03878e-14 -9.72591e-11 0.0025 1 1 2.5 0.005 336 4 1 1 
0.34375 -1.68245e-12 -3.3146e-09 0.0025 1 1 2.5 0.005 337 4 1 1 
0.34625 -1.98906e-11 -2.81398e-08 0.0025 1 1 2.5 0.005 338 4 1 1 
0.34875 -1.43905e-10 -1.70442e-07 0.0025 1 1 2.5 0.005 339 4 1 1 
0.35125 -8.14636e-10 -8.52005e-07 0.0025 1 1 2.5 0.005 340 4 1 1 
0.35375 -3.92721e-09 -3.7162e-06 0.0025 1 1 2.5 0.005 341 4 1 1 
0.35625 -1.67698e-08 -1.45458e-05 0.0025 1 1 2.5 0.005 342 4 1 1 
0.35875 -6.48394e-08 -5.19399e-05 0.0025 1 1 2.5 0.005 343 4 1 1 
0.36125 -2.3012e-07 -0.000170997 0.0025 1 1 2.5 0.005 344 4 1 1 
0.36375 -7.56569e-07 -0.000522781 0.0025 1 1 2.5 0.005 345 4 1 1 
0.36625 -2.31907e-06 -0.00149179 0.0025 1 1 2.5 0.00499999 346 4 1 1 
0.36875 -6.65867e-06 -0.00398793 0.0025 1.00001 1.00001 2.50001 0.00499997 347 4 1 1 
0.37125 -1.7972e-05 -0.0100141 0.0025 1.00001 1.00002 2.50001 0.00499993 348 4 1 1 
0.37375 -4.57198e-05 -0.0236665 0.0025 1.00003 1.00005 2.50003 0.00499983 349 4 1 1 
0.37625 -0.000109849 -0.0527097 0.0025 1.00008 1.00012 2.50008 0.00499958 350 4 1 1 
0.37875 -0.000249647 -0.110709 0.0025 1.00019 1.00026 2.50019 0.00499905 351 4 1 1 
0.381249 -0.000537211 -0.219282 0.0025 1.00041 1.00057 2.50041 0.00499795 352 4 1 0.999999 
0.383747 -0.0010951 -0.40919 0.0025 1.00084 1.00116 2.50083 0.00499582 353 4 1 0.999998 
0.386245 -0.00211423 -0.717637 0.0025 1.00162 1.00225 2.50161 0.00499191 354 4 1 0.999994 
0.388739 -0.00386148 -1.17771 0.0025 1.00297 1.00414 2.50295 0.00498521 355 4 1 0.999984 
0.39123 -0.00665756 -1.79612 0.0025 1.00514 1.00717 2.50511 0.00497444 356 4 1 0.999966 
0.393714 -0.0108012 -2.5217 0.0025 1.00838 1.01173 2.50835 0.00495843 357 4 1 0.999937 
0.396188 -0.0164308 -3.2212 0.0025 1.01285 1.01802 2.51281 0.00493656 358 4 1 0.999905 
0.39865 -0.0233631 -3.69619 0.0025 1.01846 1.02594 2.5184 0.00490939 359 4 1 0.999885 
0.401098 -0.0310024 -3.74319 0.0025 1.02479 1.03492 2.52469 0.00487905 360 4 1 0.999892 
0.40353 -0.038403 -3.26453 0.0025 1.03112 1.04391 2.53097 0.00484911 361 4 1 0.999938 
0.405947 -0.0443774 -2.07097 0.0025 1.03623 1.05123 2.53605 0.00482519 362 3 1 1.00002 
0.408355 -0.0457874 2.38661 0.0025 1.03552 1.05055 2.5356 0.0048285 363 4 1 1.00003 
0.410775 -0.0261891 17.6627 0.0025 1.01856 1.02659 2.51901 0.00490891 364 4 1 0.99971 
0.413265 0.0152028 18.8773 0.0025 0.988851 0.984399 2.48898 0.00505637 365 4 1 0.997738 
0.415833 0.0452675 9.70811 0.0025 0.963746 0.949425 2.46331 0.00518809 366 4 1 0.997952 
0.418453 0.0653861 9.37378 0.0025 0.945002 0.923943 2.44424 0.005291 367 4 1 0.998915 
0.421125 0.0912521 12.7051 0.0025 0.924324 0.895828 2.4228 0.00540936 368 4 1 0.998766 
0.423864 0.122225 13.2717 0.0025 0.900645 0.863793 2.39773 0.00555158 369 4 1 0.998214 
0.426677 0.15378 12.8006 0.0025 0.876413 0.831416 2.37169 0.00570507 370 4 1 0.997992 
0.42957 0.1858 12.7065 0.0025 0.85223 0.799488 2.34531 0.00586696 371 4 1 0.997904 
0.432546 0.21903 12.787 0.0025 0.827794 0.767586 2.31819 0.00604015 372 4 1 0.997752 
0.435612 0.253522 12.772 0.0025 0.80304 0.735645 2.29022 0.00622634 373 4 1 0.997561 
0.438774 0.289224 12.7087 0.0025 0.778059 0.70381 2.26146 0.00642625 374 4 1 0.997368 
0.44204 0.326097 12.622 0.0025 0.752919 0.672183 2.23196 0.00664082 375 4 1 0.997169 
0.445417 0.363985 12.4266 0.0025 0.727754 0.640942 2.20182 0.00687046 376 4 1 0.996973 
0.448912 0.402784 12.1242 0.0025 0.70279 0.610376 2.1713 0.0071145 377 4 1 0.99681 
0.452534 0.441907 11.6212 0.0025 0.678375 0.580898 2.14082 0.00737055 378 4 1 0.996712 
0.456286 0.480304 10.7296 0.0025 0.655131 0.553223 2.11118 0.00763207 379 4 1 0.996758 
0.460169 0.516397 9.3925 0.0025 0.63391 0.528297 2.08356 0.00788756 380 4 1 0.997038 
0.464176 0.548148 7.62747 0.0025 0.615574 0.507033 2.05926 0.00812249 381 4 1 0.997566 
0.468293 0.574519 6.08017 0.0025 0.600315 0.48954 2.03872 0.00832896 382 4 1 0.998185 
0.472506 0.597822 5.94376 0.0025 0.586651 0.474034 2.02008 0.00852295 383 4 1 0.998537 
0.476817 0.624148 7.10325 0.0025 0.572238 0.457818 2.00011 0.00873762 384 4 1 0.998395 
0.481245 0.654212 6.91786 0.0025 0.557246 0.441097 1.97898 0.0089727 385 4 1 0.998068 
0.485791 0.677662 3.45125 0.0025 0.54597 0.428637 1.96286 0.00915801 386 4 1 0.998643 
0.490404 0.683061 -0.64738 0.0025 0.54197 0.424274 1.95715 0.0092256 387 5 1 0.99979 
0.495017 0.680981 -0.178308 0.0025 0.542197 0.424553 1.95756 0.00922175 388 4 1 0.999996 
0.499625 0.679859 -0.337972 0.0025 0.542815 0.425241 1.9585 0.00921123 389 4 1 0.999996 
0.504228 0.678504 -0.248657 0.0025 0.543467 0.425971 1.9595 0.00920019 390 4 1 0.999997 
0.508826 0.677466 -0.201041 0.0025 0.54403 0.426604 1.96039 0.00919067 391 4 1 0.999998 
0.513419 0.676644 -0.150915 0.0025 0.544467 0.427102 1.9611 0.00918329 392 4 1 0.999999 
0.518009 0.676007 -0.111536 0.0025 0.544793 0.427481 1.96167 0.0091778 393 4 1 1 
0.522597 0.675537 -0.0844434 0.0025 0.545018 0.427758 1.96212 0.009174 394 4 1 1 
0.527183 0.675186 -0.0637913 0.0025 0.545107 0.427911 1.96251 0.00917251 395 3 1 1 
0.531769 0.674917 -0.0482977 0.0025 0.54483 0.427813 1.96305 0.00917717 396 4 1 1 
0.53636 0.674708 -0.0388422 0.0025 0.543313 0.426183 1.96104 0.00920279 397 4 1 0.99999 
0.540972 0.674534 -0.0328217 0.0025 0.530281 0.410825 1.93682 0.00942895 398 4 1 0.999683 
0.545794 0.674373 -0.0285835 0.0025 0.506281 0.439529 2.17038 0.00987595 399 4 1 0.994732 
0.550855 0.67421 -0.024237 0.0025 0.480812 0.414983 2.15772 0.0103991 400 4 1 0.99372 
0.556202 0.674035 -0.017204 0.0025 0.458373 0.449426 2.4512 0.0109081 401 4 1 0.993709 
0.561769 0.673825 -0.00417168 0.0025 0.449761 0.429982 2.39006 0.011117 402 5 1 0.998662 
0.56732 0.673513 0.0234006 0.0025 0.451272 0.4282 2.37218 0.0110798 403 4 1 0.999983 
0.572849 0.672873 0.109862 0.0025 0.452558 0.427715 2.36275 0.0110483 404 3 1 1 
0.578368 0.671161 0.373782 0.0025 0.452521 0.42637 2.35551 0.0110492 405 4 1 1 
0.583898 0.666157 1.07318 0.0025 0.449998 0.422221 2.34564 0.0111112 406 4 1 0.999962 
0.589479 0.653039 2.93426 0.0025 0.442254 0.411499 2.32607 0.0113057 407 4 1 0.999488 
0.595205 0.621204 6.26681 0.0025 0.425421 0.389197 2.28699 0.0117531 408 4 1 0.997202 
0.601241 0.557699 13.5365 0.0025 0.393665 0.348128 2.21057 0.0127012 409 4 1 0.990533 
0.607948 0.414301 28.6717 0.0025 0.344283 0.286336 2.07913 0.014523 410 4 1 0.975485 
0.615903 0.202016 30.4226 0.0025 0.293537 0.226531 1.92957 0.0170336 411 4 1 0.957848 
0.625136 0.0510879 13.9705 0.0025 0.262431 0.192343 1.83259 0.0190526 412 4 1 0.97154 
0.635 0.00396858 2.3687 0.0025 0.251767 0.181275 1.80013 0.0198597 413 4 1 0.99461 
0.644998 -0.000663219 -0.0575852 0.0025 0.250001 0.179499 1.795 0.0199999 414 4 1 0.999812 
0.655 -4.2177e-05 -0.0368972 0.0025 0.249975 0.179475 1.79493 0.020002 415 5 1 1 
0.665 1.11333e-05 0.00162543 0.0025 0.250001 0.179501 1.795 0.0199999 416 3 1 1 
0.675 2.95659e-06 0.000709855 0.0025 0.250001 0.179501 1.795 0.0199999 417 4 1 1 
0.685 5.59019e-07 0.000152149 0.0025 0.25 0.1795 1.795 0.02 418 4 1 1 
0.695 9.15873e-08 2.73601e-05 0.0025 0.25 0.1795 1.795 0.02 419 4 1 1 
0.705 1.34325e-08 4.35959e-06 0.0025 0.25 0.1795 1.795 0.02 420 4 1 1 
0.715 1.76942e-09 6.23324e-07 0.0025 0.25 0.1795 1.795 0.02 421 4 1 1 
0.725 2.08168e-10 7.9794e-08 0.0025 0.25 0.1795 1.795 0.02 422 4 1 1 
0.735 2.16571e-11 9.07238e-09 0.0025 0.25 0.1795 1.795 0.02 423 4 1 1 
0.745 1.94807e-12 9.02389e-10 0.0025 0.25 0.1795 1.795 0.02 424 4 1 1 
0.755 1.50092e-13 7.87281e-11 0.0025 0.25 0.1795 1.795 0.02 425 4 1 1 
0.765 4.64879e-15 4.27747e-12 0.0025 0.25 0.1795 1.795 0.02 426 4 1 1 
0.775 3.4703e-16 9.9476e-14 0.0025 0.25 0.1795 1.795 0.02 427 5 1 1 
0.785 4.28784e-18 1.42109e-14 0.0025 0.25 0.1795 1.795 0.02 428 5 1 1 
0.795 4.22543e-48 2.8026e-45 0.0025 0.25 0.1795 1.795 0.02 429 5 1 1 
0.805 0 0 0.0025 0.25 0.1795 1.795 0.02 430 5 1 1 
0.815 0 0 0.0025 0.25 0.1795 1.795 0.02 431 5 1 1 
0.825 0 0 0.0025 0.25 0.1795 1.795 0.02 432 5 1 1 
0.835 0 0 0.0025 0.25 0.1795 1.795 0.02 433 5 1 1 
0.845 0 0 0.0025 0.25 0.1795 1.795 0.02 434 5 1 1 
0.855 0 0 0.0025 0.25 0.1795 1.795 0.02 435 5 1 1 
0.865 0 0 0.0025 0.25 0.1795 1.795 0.02 436 5 1 1 
0.875 0 0 0.0025 0.25 0.1795 1.795 0.02 437 5 1 1 
0.885 0 0 0.0025 0.25 0.1795 1.795 0.02 438 5 1 1 
0.895 0 0 0.0025 0.25 0.1795 1.795 0.02 439 5 1 1 
0.905 0 0 0.0025 0.25 0.1795 1.795 0.02 440 5 1 1 
0.915 -3.96288e-47 -2.8026e-45 0.0025 0.25 0.1795 1.795 0.02 441 5 1 1 
0.925 -6.42416e-17 -1.42109e-14 0.0025 0.25 0.1795 1.795 0.02 442 5 1 1 
0.935 -4.18522e-16 -2.84217e-14 0.0025 0.25 0.1795 1.795 0.02 443 5 1 1 
0.945 -1.21448e-15 -4.26326e-14 0.0025 0.25 0.1795 1.795 0.02 444 5 1 1 
0.955 -2.98112e-15 -9.9476e-14 0.0025 0.25 0.1795 1.795 0.02 445 5 1 1 
0.965 -6.49842e-15 -1.13687e-13 0.0025 0.25 0.1795 1.795 0.02 446 5 1 1 
0.975 -1.29148e-14 -1.7053e-13 0.0025 0.25 0.1795 1.795 0.02 447 5 1 1 
0.985 4.75144e-15 4.26326e-13 0.0025 0.25 0.1795 1.795 0.02 448 5 1 1 
0.995 -6.17525e-15 4.54747e-13 0.0025 0.25 0.1795 1.795 0.02 449 3 1 1 
1.005 6.17525e-15 -4.54747e-13 0.0025 0.25 0.1795 1.795 0.02 450 3 1 1 
1.015 -4.75144e-15 -4.26326e-13 0.0025 0.25 0.1795 1.795 0.02 451 5 1 1 
1.025 1.29148e-14 1.7053e-13 0.0025 0.25 0.1795 1.795 0.02 452 5 1 1 
1.035 6.49842e-15 1.13687e-13 0.0025 0.25 0.1795 1.795 0.02 453 5 1 1 
1.045 2.98112e-15 9.9476e-14 0.0025 0.25 0.1795 1.795 0.02 454 5 1 1 
1.055 1.21448e-15 4.26326e-14 0.0025 0.25 0.1795 1.795 0.02 455 5 1 1 
1.065 4.18522e-16 2.84217e-14 0.0025 0.25 0.1795 1.795 0.02 456 5 1 1 
1.075 6.42416e-17 1.42109e-14 0.0025 0.25 0.1795 1.795 0.02 457 5 1 1 
1.085 3.96288e-47 2.8026e-45 0.0025 0.25 0.1795 1.795 0.02 458 5 1 1 
1.095 0 0 0.0025 0.25 0.1795 1.795 0.02 459 5 1 1 
1.105 0 0 0.0025 0.25 0.1795 1.795 0.02 460 5 1 1 
1.115 0 0 0.0025 0.25 0.1795 1.795 0.02 461 5 1 1 
1.125 0 0 0.0025 0.25 0.1795 1.795 0.02 462 5 1 1 
1.135 0 0 0.0025 0.25 0.1795 1.795 0.02 463 5 1 1 
1.145 0 0 0.0025 0.25 0.1795 1.795 0.02 464 5 1 1 
1.155 0 0 0.0025 0.25 0.1795 1.795 0.02 465 5 1 1 
1.165 0 0 0.0025 0.25 0.1795 1.795 0.02 466 5 1 1 
1.175 0 0 0.0025 0.25 0.1795 1.795 0.02 467 5 1 1 
1.185 0 0 0.0025 0.25 0.1795 1.795 0.02 468 5 1 1 
1.195 0 0 0.0025 0.25 0.1795 1.795 0.02 469 5 1 1 
1.205 -4.22543e-48 -2.8026e-45 0.0025 0.25 0.1795 1.795 0.02 470 5 1 1 
1.215 -4.28784e-18 -1.42109e-14 0.0025 0.25 0.1795 1.795 0.02 471 5 1 1 
1.225 -4.19896e-16 -2.84217e-13 0.0025 0.25 0.1795 1.795 0.02 472 5 1 1 
1.235 -3.95846e-15 -2.47269e-12 0.0025 0.25 0.1795 1.795 0.02 473 5 1 1 
1.245 -1.46553e-13 -8.25509e-11 0.0025 0.25 0.1795 1.795 0.02 474 4 1 1 
1.255 -1.95693e-12 -8.99021e-10 0.0025 0.25 0.1795 1.795 0.02 475 4 1 1 
1.265 -2.16459e-11 -9.07211e-09 0.0025 0.25 0.1795 1.795 0.02 476 4 1 1 
1.275 -2.0815e-10 -7.97962e-08 0.0025 0.25 0.1795 1.795 0.02 477 4 1 1 
1.285 -1.76943e-09 -6.2332e-07 0.0025 0.25 0.1795 1.795 0.02 478 4 1 1 
1.295 -1.34326e-08 -4.3596e-06 0.0025 0.25 0.1795 1.795 0.02 479 4 1 1 
1.305 -9.15873e-08 -2.736e-05 0.0025 0.25 0.1795 1.795 0.02 480 4 1 1 
1.315 -5.59019e-07 -0.000152149 0.0025 0.25 0.1795 1.795 0.02 481 4 1 1 
1.325 -2.95659e-06 -0.000709855 0.0025 0.250001 0.179501 1.795 0.0199999 482 4 1 1 
1.335 -1.11333e-05 -0.00162543 0.0025 0.250001 0.179501 1.795 0.0199999 483 3 1 1 
1.345 4.2177e-05 0.0368972 0.0025 0.249975 0.179475 1.79493 0.020002 484 5 1 1 
1.355 0.000663219 0.0575852 0.0025 0.250001 0.179499 1.795 0.0199999 485 4 1 0.999812 
1.365 -0.00396858 -2.3687 0.0025 0.251767 0.181275 1.80013 0.0198597 486 4 1 0.99461 
1.37486 -0.0510879 -13.9705 0.0025 0.262431 0.192343 1.83259 0.0190526 487 4 1 0.97154 
1.3841 -0.202016 -30.4226 0.0025 0.293537 0.226531 1.92957 0.0170336 488 4 1 0.957848 
1.39205 -0.414301 -28.6717 0.0025 0.344283 0.286336 2.07913 0.014523 489 4 1 0.975485 
1.39876 -0.557699 -13.5365 0.0025 0.393665 0.348128 2.21057 0.0127012 490 4 1 0.990533 
1.40479 -0.621204 -6.26681 0.0025 0.425421 0.389197 2.28699 0.0117531 491 4 1 0.997202 
1.41052 -0.653039 -2.93426 0.0025 0.442254 0.411499 2.32607 0.0113057 492 4 1 0.999488 
1.4161 -0.666157 -1.07318 0.0025 0.449998 0.422221 2.34564 0.0111112 493 4 1 0.999962 
1.42163 -0.671161 -0.373782 0.0025 0.452521 0.42637 2.35551 0.0110492 494 4 1 1 
1.42715 -0.672873 -0.109862 0.0025 0.452558 0.427715 2.36275 0.0110483 495 3 1 1 
1.43268 -0.673513 -0.0234006 0.0025 0.451272 0.4282 2.37218 0.0110798 496 4 1 0.999983 
1.43823 -0.673825 0.00417168 0.0025 0.449761 0.429982 2.39006 0.011117 497 5 1 0.998662 
1.4438 -0.674035 0.017204 0.0025 0.458373 0.449426 2.4512 0.0109081 498 4 1 0.993709 
1.44915 -0.67421 0.024237 0.0025 0.480812 0.414983 2.15772 0.0103991 499 4 1 0.99372 
