# Time [s]: 0.0809823
# Columns: pos [m], vel [m/s], acc [m/s^2], mass [kg], dens [kg/m^3], pres [Pa], ene [J/kg], sml [m], id, neighbor, alpha, gradh, ...additional?
1.44769 -0.674118 0.0241182 0.0025 0.506424 0.439703 2.17063 0.00987315 0 4 1 0.994727 
1.45251 -0.674248 0.0268473 0.0025 0.530443 0.411 1.93706 0.00942608 1 4 1 0.999678 
1.45712 -0.674383 0.0296936 0.0025 0.5435 0.426387 1.9613 0.00919964 2 4 1 0.999989 
1.46171 -0.674533 0.0332106 0.0025 0.545053 0.428057 1.96337 0.00917342 3 4 1 1 
1.4663 -0.674707 0.0388344 0.0025 0.545387 0.428218 1.96291 0.0091678 4 3 1 1 
1.47088 -0.67492 0.0488381 0.0025 0.545382 0.428157 1.96265 0.00916789 5 4 1 1 
1.47546 -0.675187 0.0639503 0.0025 0.545271 0.428007 1.96236 0.00916974 6 4 1 1 
1.48005 -0.675534 0.0837878 0.0025 0.545098 0.427794 1.96201 0.00917267 7 4 1 1 
1.48464 -0.675997 0.111638 0.0025 0.544856 0.427511 1.96158 0.00917674 8 4 1 0.999999 
1.48923 -0.676609 0.148684 0.0025 0.544528 0.427136 1.96104 0.00918226 9 4 1 0.999999 
1.49382 -0.677405 0.19148 0.0025 0.544102 0.426654 1.96036 0.00918946 10 4 1 0.999998 
1.49842 -0.678414 0.238003 0.0025 0.543578 0.426068 1.95955 0.00919832 11 4 1 0.999997 
-0.496982 -0.679599 0.29519 0.0025 0.542996 0.425418 1.95867 0.00920818 12 4 1 0.999997 
-0.492375 -0.680618 0.136705 0.0025 0.54252 0.424891 1.95795 0.00921625 13 4 1 0.999997 
-0.487766 -0.681868 0.573239 0.0025 0.542235 0.424556 1.95748 0.0092211 14 5 1 0.999912 
-0.483154 -0.679451 -2.20647 0.0025 0.544807 0.427352 1.96113 0.00917756 15 4 1 0.999123 
-0.478588 -0.661559 -5.68311 0.0025 0.553611 0.437057 1.97374 0.00903161 16 4 1 0.998322 
-0.474121 -0.634366 -6.89078 0.0025 0.567107 0.452063 1.99286 0.00881668 17 4 1 0.998395 
-0.46977 -0.607492 -6.12153 0.0025 0.581263 0.467943 2.0126 0.00860196 18 4 1 0.998678 
-0.465518 -0.584518 -5.52989 0.0025 0.594335 0.482727 2.03055 0.00841277 19 4 1 0.99863 
-0.461356 -0.561792 -6.21589 0.0025 0.60754 0.497792 2.04844 0.00822991 20 4 1 0.998263 
-0.457287 -0.535592 -7.60699 0.0025 0.622667 0.515222 2.06867 0.00802998 21 4 1 0.99782 
-0.453324 -0.505301 -8.87062 0.0025 0.640273 0.535731 2.09186 0.00780917 22 4 1 0.997498 
-0.449476 -0.472123 -9.80916 0.0025 0.659929 0.558898 2.11731 0.00757657 23 4 1 0.99735 
-0.445745 -0.437603 -10.4206 0.0025 0.68097 0.584004 2.14406 0.00734247 24 4 1 0.997348 
-0.442131 -0.402751 -10.7816 0.0025 0.702795 0.610375 2.17128 0.00711445 25 4 1 0.997434 
-0.438629 -0.36831 -10.9973 0.0025 0.724981 0.637518 2.19843 0.00689674 26 4 1 0.997562 
-0.435233 -0.334562 -11.1227 0.0025 0.747274 0.665129 2.22521 0.00669099 27 4 1 0.997702 
-0.431936 -0.301625 -11.2232 0.0025 0.769545 0.693043 2.2515 0.00649735 28 4 1 0.997843 
-0.428734 -0.269671 -11.2838 0.0025 0.791723 0.721165 2.27723 0.00631534 29 4 1 0.997983 
-0.42562 -0.238611 -11.306 0.0025 0.813742 0.749397 2.30234 0.00614445 30 4 1 0.998115 
-0.422588 -0.208468 -11.3287 0.0025 0.835568 0.777686 2.32684 0.00598395 31 4 1 0.998243 
-0.419635 -0.179259 -11.2926 0.0025 0.857161 0.805966 2.3507 0.00583321 32 4 1 0.998369 
-0.416754 -0.151064 -11.2013 0.0025 0.878463 0.834137 2.37388 0.00569176 33 4 1 0.998445 
-0.413942 -0.123632 -11.446 0.0025 0.899667 0.86245 2.39663 0.00555761 34 4 1 0.99849 
-0.411195 -0.096148 -11.8902 0.0025 0.921025 0.891294 2.41927 0.00542873 35 4 1 0.998761 
-0.408512 -0.0699603 -10.4014 0.0025 0.94123 0.918849 2.44039 0.0053122 36 4 1 0.999209 
-0.405883 -0.0500671 -7.14014 0.0025 0.958015 0.941718 2.45755 0.00521913 37 4 1 0.999059 
-0.403293 -0.0322876 -10.4339 0.0025 0.975008 0.964967 2.47476 0.00512816 38 4 1 0.998068 
-0.400754 -0.000790012 -18.7667 0.0025 0.99974 0.999765 2.5 0.0050013 39 4 1 0.99859 
-0.39829 0.0340033 -12.0057 0.0025 1.0248 1.03542 2.52514 0.00487899 40 4 1 0.999967 
-0.395874 0.0441134 -0.136938 0.0025 1.03535 1.05015 2.53529 0.00482929 41 3 1 1 
-0.393461 0.0411526 2.20894 0.0025 1.03373 1.04763 2.53354 0.00483688 42 4 1 1.00001 
-0.391038 0.0354856 2.99494 0.0025 1.02879 1.0406 2.52866 0.00486008 43 4 1 0.999939 
-0.388601 0.0287909 3.35893 0.0025 1.02307 1.03248 2.52299 0.00488723 44 4 1 0.99991 
-0.38615 0.0219715 3.28662 0.0025 1.01741 1.02447 2.51736 0.00491442 45 4 1 0.999908 
-0.383686 0.0157692 2.88553 0.0025 1.01238 1.01736 2.51234 0.00493884 46 4 1 0.999924 
-0.381211 0.0106587 2.30135 0.0025 1.00831 1.01163 2.50828 0.00495881 47 4 1 0.999948 
-0.378728 0.0068026 1.68651 0.0025 1.00527 1.00736 2.50525 0.00497378 48 4 1 0.99997 
-0.376238 0.00411181 1.14696 0.0025 1.00317 1.00442 2.50315 0.00498419 49 4 1 0.999985 
-0.373743 0.00236027 0.729862 0.0025 1.00181 1.00253 2.5018 0.00499094 50 4 1 0.999994 
-0.371247 0.00128927 0.437279 0.0025 1.00099 1.00137 2.50098 0.00499506 51 4 1 0.999998 
-0.368748 0.000670993 0.247701 0.0025 1.00051 1.00071 2.50051 0.00499743 52 4 1 0.999999 
-0.366249 0.000332897 0.133003 0.0025 1.00025 1.00035 2.50025 0.00499873 53 4 1 1 
-0.36375 0.000157438 0.0677881 0.0025 1.00012 1.00017 2.50012 0.0049994 54 4 1 1 
-0.36125 7.09456e-05 0.0328113 0.0025 1.00005 1.00007 2.50005 0.00499973 55 4 1 1 
-0.35875 3.04378e-05 0.0150815 0.0025 1.00002 1.00003 2.50002 0.00499988 56 4 1 1 
-0.35625 1.24192e-05 0.00657941 0.0025 1.00001 1.00001 2.50001 0.00499995 57 4 1 1 
-0.35375 4.8122e-06 0.00272183 0.0025 1 1.00001 2.5 0.00499998 58 4 1 1 
-0.35125 1.76754e-06 0.00106634 0.0025 1 1 2.5 0.00499999 59 4 1 1 
-0.34875 6.13982e-07 0.000394928 0.0025 1 1 2.5 0.005 60 4 1 1 
-0.34625 2.01093e-07 0.000137944 0.0025 1 1 2.5 0.005 61 4 1 1 
-0.34375 6.18569e-08 4.52982e-05 0.0025 1 1 2.5 0.005 62 4 1 1 
-0.34125 1.77763e-08 1.39257e-05 0.0025 1 1 2.5 0.005 63 4 1 1 
-0.33875 4.73811e-09 3.98459e-06 0.0025 1 1 2.5 0.005 64 4 1 1 
-0.33625 1.15914e-09 1.05247e-06 0.0025 1 1 2.5 0.005 65 4 1 1 
-0.33375 2.56154e-10 2.53504e-07 0.0025 1 1 2.5 0.005 66 4 1 1 
-0.33125 4.97833e-11 5.45766e-08 0.0025 1 1 2.5 0.005 67 4 1 1 
-0.32875 8.1062e-12 1.01599e-08 0.0025 1 1 2.5 0.005 68 4 1 1 
-0.32625 9.71035e-13 1.50249e-09 0.0025 1 1 2.5 0.005 69 4 1 1 
-0.32375 5.59567e-14 1.54614e-10 0.0025 1 1 2.5 0.005 70 4 1 1 
-0.32125 -5.94559e-15 -9.32232e-12 0.0025 1 1 2.5 0.005 71 5 1 1 
-0.31875 -1.71845e-16 -3.41061e-13 0.0025 1 1 2.5 0.005 72 5 1 1 
-0.31625 -3.38904e-47 -6.72623e-44 0.0025 1 1 2.5 0.005 73 5 1 1 
-0.31375 0 0 0.0025 1 1 2.5 0.005 74 5 1 1 
-0.31125 0 0 0.0025 1 1 2.5 0.005 75 5 1 1 
-0.30875 0 0 0.0025 1 1 2.5 0.005 76 5 1 1 
-0.30625 0 0 0.0025 1 1 2.5 0.005 77 5 1 1 
-0.30375 0 0 0.0025 1 1 2.5 0.005 78 5 1 1 
-0.30125 0 0 0.0025 1 1 2.5 0.005 79 5 1 1 
-0.29875 0 0 0.0025 1 1 2.5 0.005 80 5 1 1 
-0.29625 0 0 0.0025 1 1 2.5 0.005 81 5 1 1 
-0.29375 0 0 0.0025 1 1 2.5 0.005 82 5 1 1 
-0.29125 0 0 0.0025 1 1 2.5 0.005 83 5 1 1 
-0.28875 0 0 0.0025 1 1 2.5 0.005 84 5 1 1 
-0.28625 0 0 0.0025 1 1 2.5 0.005 85 5 1 1 
-0.28375 0 0 0.0025 1 1 2.5 0.005 86 5 1 1 
-0.28125 0 0 0.0025 1 1 2.5 0.005 87 5 1 1 
-0.27875 0 0 0.0025 1 1 2.5 0.005 88 5 1 1 
-0.27625 0 0 0.0025 1 1 2.5 0.005 89 5 1 1 
-0.27375 0 0 0.0025 1 1 2.5 0.005 90 5 1 1 
-0.27125 0 0 0.0025 1 1 2.5 0.005 91 5 1 1 
-0.26875 0 0 0.0025 1 1 2.5 0.005 92 5 1 1 
-0.26625 0 0 0.0025 1 1 2.5 0.005 93 5 1 1 
-0.26375 0 0 0.0025 1 1 2.5 0.005 94 5 1 1 
-0.26125 0 0 0.0025 1 1 2.5 0.005 95 5 1 1 
-0.25875 0 0 0.0025 1 1 2.5 0.005 96 5 1 1 
-0.25625 0 0 0.0025 1 1 2.5 0.005 97 5 1 1 
-0.25375 0 0 0.0025 1 1 2.5 0.005 98 5 1 1 
-0.25125 0 0 0.0025 1 1 2.5 0.005 99 5 1 1 
-0.24875 0 0 0.0025 1 1 2.5 0.005 100 5 1 1 
-0.24625 0 0 0.0025 1 1 2.5 0.005 101 5 1 1 
-0.24375 0 0 0.0025 1 1 2.5 0.005 102 5 1 1 
-0.24125 0 0 0.0025 1 1 2.5 0.005 103 5 1 1 
-0.23875 0 0 0.0025 1 1 2.5 0.005 104 5 1 1 
-0.23625 0 0 0.0025 1 1 2.5 0.005 105 5 1 1 
-0.23375 0 0 0.0025 1 1 2.5 0.005 106 5 1 1 
-0.23125 0 0 0.0025 1 1 2.5 0.005 107 5 1 1 
-0.22875 0 0 0.0025 1 1 2.5 0.005 108 5 1 1 
-0.22625 0 0 0.0025 1 1 2.5 0.005 109 5 1 1 
-0.22375 0 0 0.0025 1 1 2.5 0.005 110 5 1 1 
-0.22125 0 0 0.0025 1 1 2.5 0.005 111 5 1 1 
-0.21875 0 0 0.0025 1 1 2.5 0.005 112 5 1 1 
-0.21625 0 0 0.0025 1 1 2.5 0.005 113 5 1 1 
-0.21375 0 0 0.0025 1 1 2.5 0.005 114 5 1 1 
-0.21125 0 0 0.0025 1 1 2.5 0.005 115 5 1 1 
-0.20875 0 0 0.0025 1 1 2.5 0.005 116 5 1 1 
-0.20625 0 0 0.0025 1 1 2.5 0.005 117 5 1 1 
-0.20375 0 0 0.0025 1 1 2.5 0.005 118 5 1 1 
-0.20125 0 0 0.0025 1 1 2.5 0.005 119 5 1 1 
-0.19875 0 0 0.0025 1 1 2.5 0.005 120 5 1 1 
-0.19625 0 0 0.0025 1 1 2.5 0.005 121 5 1 1 
-0.19375 0 0 0.0025 1 1 2.5 0.005 122 5 1 1 
-0.19125 0 0 0.0025 1 1 2.5 0.005 123 5 1 1 
-0.18875 0 0 0.0025 1 1 2.5 0.005 124 5 1 1 
-0.18625 0 0 0.0025 1 1 2.5 0.005 125 5 1 1 
-0.18375 0 0 0.0025 1 1 2.5 0.005 126 5 1 1 
-0.18125 0 0 0.0025 1 1 2.5 0.005 127 5 1 1 
-0.17875 0 0 0.0025 1 1 2.5 0.005 128 5 1 1 
-0.17625 0 0 0.0025 1 1 2.5 0.005 129 5 1 1 
-0.17375 0 0 0.0025 1 1 2.5 0.005 130 5 1 1 
-0.17125 0 0 0.0025 1 1 2.5 0.005 131 5 1 1 
-0.16875 0 0 0.0025 1 1 2.5 0.005 132 5 1 1 
-0.16625 0 0 0.0025 1 1 2.5 0.005 133 5 1 1 
-0.16375 0 0 0.0025 1 1 2.5 0.005 134 5 1 1 
-0.16125 0 0 0.0025 1 1 2.5 0.005 135 5 1 1 
-0.15875 0 0 0.0025 1 1 2.5 0.005 136 5 1 1 
-0.15625 0 0 0.0025 1 1 2.5 0.005 137 5 1 1 
-0.15375 0 0 0.0025 1 1 2.5 0.005 138 5 1 1 
-0.15125 0 0 0.0025 1 1 2.5 0.005 139 5 1 1 
-0.14875 0 0 0.0025 1 1 2.5 0.005 140 5 1 1 
-0.14625 0 0 0.0025 1 1 2.5 0.005 141 5 1 1 
-0.14375 0 0 0.0025 1 1 2.5 0.005 142 5 1 1 
-0.14125 0 0 0.0025 1 1 2.5 0.005 143 5 1 1 
-0.13875 0 0 0.0025 1 1 2.5 0.005 144 5 1 1 
-0.13625 0 0 0.0025 1 1 2.5 0.005 145 5 1 1 
-0.13375 0 0 0.0025 1 1 2.5 0.005 146 5 1 1 
-0.13125 0 0 0.0025 1 1 2.5 0.005 147 5 1 1 
-0.12875 0 0 0.0025 1 1 2.5 0.005 148 5 1 1 
-0.12625 0 0 0.0025 1 1 2.5 0.005 149 5 1 1 
-0.12375 0 0 0.0025 1 1 2.5 0.005 150 5 1 1 
-0.12125 0 0 0.0025 1 1 2.5 0.005 151 5 1 1 
-0.11875 0 0 0.0025 1 1 2.5 0.005 152 5 1 1 
-0.11625 0 0 0.0025 1 1 2.5 0.005 153 5 1 1 
-0.11375 0 0 0.0025 1 1 2.5 0.005 154 5 1 1 
-0.11125 0 0 0.0025 1 1 2.5 0.005 155 5 1 1 
-0.10875 0 0 0.0025 1 1 2.5 0.005 156 5 1 1 
-0.10625 0 0 0.0025 1 1 2.5 0.005 157 5 1 1 
-0.10375 0 0 0.0025 1 1 2.5 0.005 158 5 1 1 
-0.10125 0 0 0.0025 1 1 2.5 0.005 159 5 1 1 
-0.09875 0 0 0.0025 1 1 2.5 0.005 160 5 1 1 
-0.09625 0 0 0.0025 1 1 2.5 0.005 161 5 1 1 
-0.09375 0 0 0.0025 1 1 2.5 0.005 162 5 1 1 
-0.09125 0 0 0.0025 1 1 2.5 0.005 163 5 1 1 
-0.08875 0 0 0.0025 1 1 2.5 0.005 164 5 1 1 
-0.08625 0 0 0.0025 1 1 2.5 0.005 165 5 1 1 
-0.08375 0 0 0.0025 1 1 2.5 0.005 166 5 1 1 
-0.08125 0 0 0.0025 1 1 2.5 0.005 167 5 1 1 
-0.07875 0 0 0.0025 1 1 2.5 0.005 168 5 1 1 
-0.07625 0 0 0.0025 1 1 2.5 0.005 169 5 1 1 
-0.07375 0 0 0.0025 1 1 2.5 0.005 170 5 1 1 
-0.07125 0 0 0.0025 1 1 2.5 0.005 171 5 1 1 
-0.06875 0 0 0.0025 1 1 2.5 0.005 172 5 1 1 
-0.06625 0 0 0.0025 1 1 2.5 0.005 173 5 1 1 
-0.06375 0 0 0.0025 1 1 2.5 0.005 174 5 1 1 
-0.06125 -1.01658e-47 -1.12104e-44 0.0025 1 1 2.5 0.005 175 5 1 1 
-0.05875 -3.43601e-17 -1.12104e-44 0.0025 1 1 2.5 0.005 176 5 1 1 
-0.05625 -1.71518e-16 0 0.0025 1 1 2.5 0.005 177 5 1 1 
-0.05375 -2.90526e-16 -5.68434e-14 0.0025 1 1 2.5 0.005 178 5 1 1 
-0.05125 -4.59856e-16 5.68434e-14 0.0025 1 1 2.5 0.005 179 5 1 1 
-0.04875 -6.62212e-16 -5.68434e-14 0.0025 1 1 2.5 0.005 180 5 1 1 
-0.04625 -8.97499e-16 5.68434e-14 0.0025 1 1 2.5 0.005 181 5 1 1 
-0.04375 -1.12997e-15 -5.68434e-14 0.0025 1 1 2.5 0.005 182 5 1 1 
-0.04125 -1.34087e-15 -2.24208e-44 0.0025 1 1 2.5 0.005 183 5 1 1 
-0.03875 -1.71456e-15 5.68434e-14 0.0025 1 1 2.5 0.005 184 5 1 1 
-0.03625 -1.92529e-15 -5.52203e-28 0.0025 1 1 2.5 0.005 185 5 1 1 
-0.03375 -3.49705e-15 -3.15544e-28 0.0025 1 1 2.5 0.005 186 4 1 1 
-0.03125 3.102e-16 6.31089e-28 0.0025 1 1 2.5 0.005 187 3 1 1 
-0.02875 5.45112e-18 -8.96831e-44 0.0025 1 1 2.5 0.005 188 3 1 1 
-0.02625 -8.11433e-16 -6.31089e-28 0.0025 1 1 2.5 0.005 189 3 1 1 
-0.02375 8.44514e-16 -1.13687e-13 0.0025 1 1 2.5 0.005 190 4 1 1 
-0.02125 -4.02536e-16 5.68434e-14 0.0025 1 1 2.5 0.005 191 5 1 1 
-0.01875 -5.12154e-16 -5.68434e-14 0.0025 1 1 2.5 0.005 192 5 1 1 
-0.01625 -2.54189e-15 -5.68434e-14 0.0025 1 1 2.5 0.005 193 4 1 1 
-0.01375 1.089e-15 6.31089e-28 0.0025 1 1 2.5 0.005 194 3 1 1 
-0.01125 -1.16311e-16 -5.68434e-14 0.0025 1 1 2.5 0.005 195 3 1 1 
-0.00875 -5.53579e-16 -1.13687e-13 0.0025 1 1 2.5 0.005 196 3 1 1 
-0.00625 -7.71647e-17 -5.68434e-14 0.0025 1 1 2.5 0.005 197 4 1 1 
-0.00375 -2.9314e-16 -5.68434e-14 0.0025 1 1 2.5 0.005 198 3 1 1 
-0.00125 -2.39532e-16 1.13687e-13 0.0025 1 1 2.5 0.005 199 3 1 1 
0.00125 5.91762e-18 -1.13687e-13 0.0025 1 1 2.5 0.005 200 4 1 1 
0.00375 -2.60615e-16 6.82121e-13 0.0025 1 1 2.5 0.005 201 5 1 1 
0.00625 5.11285e-16 -7.95808e-13 0.0025 1 1 2.5 0.005 202 4 1 1 
0.00875 5.96433e-16 3.41061e-13 0.0025 1 1 2.5 0.005 203 3 1 1 
0.01125 3.38061e-16 -5.52203e-28 0.0025 1 1 2.5 0.005 204 4 1 1 
0.01375 4.79659e-16 -1.57772e-28 0.0025 1 1 2.5 0.005 205 4 1 1 
0.01625 -8.55806e-16 5.91646e-28 0.0025 1 1 2.5 0.005 206 4 1 1 
0.01875 -2.57656e-15 2.07076e-28 0.0025 1 1 2.5 0.005 207 5 1 1 
0.02125 -8.13417e-16 -5.91646e-28 0.0025 1 1 2.5 0.005 208 5 1 1 
0.02375 -2.41619e-15 -3.15544e-28 0.0025 1 1 2.5 0.005 209 4 1 1 
0.02625 2.09745e-15 5.68434e-14 0.0025 1 1 2.5 0.005 210 3 1 1 
0.02875 1.21337e-15 5.68434e-14 0.0025 1 1 2.5 0.005 211 3 1 1 
0.03125 4.80799e-15 -5.68434e-14 0.0025 1 1 2.5 0.005 212 4 1 1 
0.03375 3.10229e-15 5.68434e-14 0.0025 1 1 2.5 0.005 213 5 1 1 
0.03625 2.56806e-15 5.68434e-14 0.0025 1 1 2.5 0.005 214 5 1 1 
0.03875 2.05707e-15 -1.13687e-13 0.0025 1 1 2.5 0.005 215 5 1 1 
0.04125 1.55682e-15 1.13687e-13 0.0025 1 1 2.5 0.005 216 5 1 1 
0.04375 1.05023e-15 4.48416e-44 0.0025 1 1 2.5 0.005 217 5 1 1 
0.04625 7.81886e-16 2.24208e-44 0.0025 1 1 2.5 0.005 218 5 1 1 
0.04875 5.623e-16 5.68434e-14 0.0025 1 1 2.5 0.005 219 5 1 1 
0.05125 3.58921e-16 -5.68434e-14 0.0025 1 1 2.5 0.005 220 5 1 1 
0.05375 1.88432e-16 5.68434e-14 0.0025 1 1 2.5 0.005 221 5 1 1 
0.05625 6.87086e-17 1.12104e-44 0.0025 1 1 2.5 0.005 222 5 1 1 
0.05875 2.03139e-47 0 0.0025 1 1 2.5 0.005 223 5 1 1 
0.06125 0 0 0.0025 1 1 2.5 0.005 224 5 1 1 
0.06375 0 0 0.0025 1 1 2.5 0.005 225 5 1 1 
0.06625 0 0 0.0025 1 1 2.5 0.005 226 5 1 1 
0.06875 0 0 0.0025 1 1 2.5 0.005 227 5 1 1 
0.07125 0 0 0.0025 1 1 2.5 0.005 228 5 1 1 
0.07375 0 0 0.0025 1 1 2.5 0.005 229 5 1 1 
0.07625 0 0 0.0025 1 1 2.5 0.005 230 5 1 1 
0.07875 0 0 0.0025 1 1 2.5 0.005 231 5 1 1 
0.08125 0 0 0.0025 1 1 2.5 0.005 232 5 1 1 
0.08375 0 0 0.0025 1 1 2.5 0.005 233 5 1 1 
0.08625 0 0 0.0025 1 1 2.5 0.005 234 5 1 1 
0.08875 0 0 0.0025 1 1 2.5 0.005 235 5 1 1 
0.09125 0 0 0.0025 1 1 2.5 0.005 236 5 1 1 
0.09375 -5.01132e-46 -1.12104e-44 0.0025 1 1 2.5 0.005 237 5 1 1 
0.09625 -1.69188e-16 0 0.0025 1 1 2.5 0.005 238 5 1 1 
0.09875 -3.37357e-16 1.12104e-44 0.0025 1 1 2.5 0.005 239 5 1 1 
0.10125 7.79967e-16 5.68434e-14 0.0025 1 1 2.5 0.005 240 5 1 1 
0.10375 6.48975e-16 5.68434e-14 0.0025 1 1 2.5 0.005 241 5 1 1 
0.10625 3.84097e-15 -8.96831e-44 0.0025 1 1 2.5 0.005 242 5 1 1 
0.10875 2.90294e-15 1.13687e-13 0.0025 1 1 2.5 0.005 243 5 1 1 
0.11125 2.48229e-15 -2.46629e-43 0.0025 1 1 2.5 0.005 244 5 1 1 
0.11375 -7.33546e-16 2.46629e-43 0.0025 1 1 2.5 0.005 245 5 1 1 
0.11625 -1.26467e-15 -1.13687e-13 0.0025 1 1 2.5 0.005 246 5 1 1 
0.11875 -4.10915e-15 -1.13687e-13 0.0025 1 1 2.5 0.005 247 5 1 1 
0.12125 -2.86822e-16 -3.41061e-13 0.0025 1 1 2.5 0.005 248 5 1 1 
0.12375 -3.37107e-15 -2.84217e-13 0.0025 1 1 2.5 0.005 249 4 1 1 
0.12625 3.37107e-15 2.84217e-13 0.0025 1 1 2.5 0.005 250 4 1 1 
0.12875 2.86822e-16 3.41061e-13 0.0025 1 1 2.5 0.005 251 5 1 1 
0.13125 4.10915e-15 1.13687e-13 0.0025 1 1 2.5 0.005 252 5 1 1 
0.13375 1.26467e-15 1.13687e-13 0.0025 1 1 2.5 0.005 253 5 1 1 
0.13625 7.33546e-16 -2.46629e-43 0.0025 1 1 2.5 0.005 254 5 1 1 
0.13875 -2.48229e-15 2.46629e-43 0.0025 1 1 2.5 0.005 255 5 1 1 
0.14125 -2.90294e-15 -1.13687e-13 0.0025 1 1 2.5 0.005 256 5 1 1 
0.14375 -3.84097e-15 8.96831e-44 0.0025 1 1 2.5 0.005 257 5 1 1 
0.14625 -6.48975e-16 -5.68434e-14 0.0025 1 1 2.5 0.005 258 5 1 1 
0.14875 -7.79967e-16 -5.68434e-14 0.0025 1 1 2.5 0.005 259 5 1 1 
0.15125 3.37357e-16 -1.12104e-44 0.0025 1 1 2.5 0.005 260 5 1 1 
0.15375 1.69188e-16 0 0.0025 1 1 2.5 0.005 261 5 1 1 
0.15625 5.01132e-46 1.12104e-44 0.0025 1 1 2.5 0.005 262 5 1 1 
0.15875 0 0 0.0025 1 1 2.5 0.005 263 5 1 1 
0.16125 0 0 0.0025 1 1 2.5 0.005 264 5 1 1 
0.16375 0 0 0.0025 1 1 2.5 0.005 265 5 1 1 
0.16625 0 0 0.0025 1 1 2.5 0.005 266 5 1 1 
0.16875 0 0 0.0025 1 1 2.5 0.005 267 5 1 1 
0.17125 0 0 0.0025 1 1 2.5 0.005 268 5 1 1 
0.17375 0 0 0.0025 1 1 2.5 0.005 269 5 1 1 
0.17625 0 0 0.0025 1 1 2.5 0.005 270 5 1 1 
0.17875 0 0 0.0025 1 1 2.5 0.005 271 5 1 1 
0.18125 0 0 0.0025 1 1 2.5 0.005 272 5 1 1 
0.18375 0 0 0.0025 1 1 2.5 0.005 273 5 1 1 
0.18625 0 0 0.0025 1 1 2.5 0.005 274 5 1 1 
0.18875 0 0 0.0025 1 1 2.5 0.005 275 5 1 1 
0.19125 0 0 0.0025 1 1 2.5 0.005 276 5 1 1 
0.19375 0 0 0.0025 1 1 2.5 0.005 277 5 1 1 
0.19625 0 0 0.0025 1 1 2.5 0.005 278 5 1 1 
0.19875 0 0 0.0025 1 1 2.5 0.005 279 5 1 1 
0.20125 -1.04918e-46 -1.12104e-44 0.0025 1 1 2.5 0.005 280 5 1 1 
0.20375 -6.85718e-17 -1.12104e-44 0.0025 1 1 2.5 0.005 281 5 1 1 
0.20625 -2.05192e-16 0 0.0025 1 1 2.5 0.005 282 5 1 1 
0.20875 -3.75697e-16 0 0.0025 1 1 2.5 0.005 283 5 1 1 
0.21125 -5.45239e-16 1.12104e-44 0.0025 1 1 2.5 0.005 284 5 1 1 
0.21375 -6.79199e-16 1.12104e-44 0.0025 1 1 2.5 0.005 285 5 1 1 
0.21625 -6.22299e-16 5.68434e-14 0.0025 1 1 2.5 0.005 286 5 1 1 
0.21875 -8.37566e-16 8.96831e-44 0.0025 1 1 2.5 0.005 287 5 1 1 
0.22125 2.13488e-15 5.68434e-14 0.0025 1 1 2.5 0.005 288 5 1 1 
0.22375 5.91796e-16 -2.24208e-44 0.0025 1 1 2.5 0.005 289 5 1 1 
0.22625 -7.07644e-16 5.60519e-44 0.0025 1 1 2.5 0.005 290 5 1 1 
0.22875 -2.00096e-15 2.9147e-43 0.0025 1 1 2.5 0.005 291 5 1 1 
0.23125 2.32221e-15 2.27374e-13 0.0025 1 1 2.5 0.005 292 5 1 1 
0.23375 -1.94263e-16 2.27374e-13 0.0025 1 1 2.5 0.005 293 5 1 1 
0.23625 3.66965e-18 1.13687e-13 0.0025 1 1 2.5 0.005 294 5 1 1 
0.23875 -3.39128e-15 -5.68434e-14 0.0025 1 1 2.5 0.005 295 5 1 1 
0.24125 6.26975e-15 1.13687e-13 0.0025 1 1 2.5 0.005 296 5 1 1 
0.24375 1.2492e-15 -1.13687e-13 0.0025 1 1 2.5 0.005 297 5 1 1 
0.24625 3.3214e-16 1.7053e-13 0.0025 1 1 2.5 0.005 298 5 1 1 
0.24875 -6.12006e-15 -2.66241e-26 0.0025 1 1 2.5 0.005 299 3 1 1 
0.25125 6.12006e-15 2.66241e-26 0.0025 1 1 2.5 0.005 300 3 1 1 
0.25375 -3.3214e-16 -1.7053e-13 0.0025 1 1 2.5 0.005 301 5 1 1 
0.25625 -1.2492e-15 1.13687e-13 0.0025 1 1 2.5 0.005 302 5 1 1 
0.25875 -6.26975e-15 -1.13687e-13 0.0025 1 1 2.5 0.005 303 5 1 1 
0.26125 3.39128e-15 5.68434e-14 0.0025 1 1 2.5 0.005 304 5 1 1 
0.26375 -3.66965e-18 -1.13687e-13 0.0025 1 1 2.5 0.005 305 5 1 1 
0.26625 1.94263e-16 -2.27374e-13 0.0025 1 1 2.5 0.005 306 5 1 1 
0.26875 -2.32221e-15 -2.27374e-13 0.0025 1 1 2.5 0.005 307 5 1 1 
0.27125 2.00096e-15 -2.9147e-43 0.0025 1 1 2.5 0.005 308 5 1 1 
0.27375 7.07644e-16 -5.60519e-44 0.0025 1 1 2.5 0.005 309 5 1 1 
0.27625 -5.91796e-16 2.24208e-44 0.0025 1 1 2.5 0.005 310 5 1 1 
0.27875 -2.13488e-15 -5.68434e-14 0.0025 1 1 2.5 0.005 311 5 1 1 
0.28125 8.37566e-16 -8.96831e-44 0.0025 1 1 2.5 0.005 312 5 1 1 
0.28375 6.22299e-16 -5.68434e-14 0.0025 1 1 2.5 0.005 313 5 1 1 
0.28625 6.79199e-16 -1.12104e-44 0.0025 1 1 2.5 0.005 314 5 1 1 
0.28875 5.45239e-16 -1.12104e-44 0.0025 1 1 2.5 0.005 315 5 1 1 
0.29125 3.75697e-16 0 0.0025 1 1 2.5 0.005 316 5 1 1 
0.29375 2.05192e-16 0 0.0025 1 1 2.5 0.005 317 5 1 1 
0.29625 6.85718e-17 1.12104e-44 0.0025 1 1 2.5 0.005 318 5 1 1 
0.29875 1.04918e-46 1.12104e-44 0.0025 1 1 2.5 0.005 319 5 1 1 
0.30125 0 0 0.0025 1 1 2.5 0.005 320 5 1 1 
0.30375 0 0 0.0025 1 1 2.5 0.005 321 5 1 1 
0.30625 0 0 0.0025 1 1 2.5 0.005 322 5 1 1 
0.30875 0 0 0.0025 1 1 2.5 0.005 323 5 1 1 
0.31125 0 0 0.0025 1 1 2.5 0.005 324 5 1 1 
0.31375 0 0 0.0025 1 1 2.5 0.005 325 5 1 1 
0.31625 3.38904e-47 6.72623e-44 0.0025 1 1 2.5 0.005 326 5 1 1 
0.31875 1.71845e-16 3.41061e-13 0.0025 1 1 2.5 0.005 327 5 1 1 
0.32125 5.94559e-15 9.32232e-12 0.0025 1 1 2.5 0.005 328 5 1 1 
0.32375 -5.59567e-14 -1.54614e-10 0.0025 1 1 2.5 0.005 329 4 1 1 
0.32625 -9.71035e-13 -1.50249e-09 0.0025 1 1 2.5 0.005 330 4 1 1 
0.32875 -8.1062e-12 -1.01599e-08 0.0025 1 1 2.5 0.005 331 4 1 1 
0.33125 -4.97833e-11 -5.45766e-08 0.0025 1 1 2.5 0.005 332 4 1 1 
0.33375 -2.56154e-10 -2.53504e-07 0.0025 1 1 2.5 0.005 333 4 1 1 
0.33625 -1.15914e-09 -1.05247e-06 0.0025 1 1 2.5 0.005 334 4 1 1 
0.33875 -4.73811e-09 -3.98459e-06 0.0025 1 1 2.5 0.005 335 4 1 1 
0.34125 -1.77763e-08 -1.39257e-05 0.0025 1 1 2.5 0.005 336 4 1 1 
0.34375 -6.18569e-08 -4.52982e-05 0.0025 1 1 2.5 0.005 337 4 1 1 
0.34625 -2.01093e-07 -0.000137944 0.0025 1 1 2.5 0.005 338 4 1 1 
0.34875 -6.13982e-07 -0.000394928 0.0025 1 1 2.5 0.005 339 4 1 1 
0.35125 -1.76754e-06 -0.00106634 0.0025 1 1 2.5 0.00499999 340 4 1 1 
0.35375 -4.8122e-06 -0.00272183 0.0025 1 1.00001 2.5 0.00499998 341 4 1 1 
0.35625 -1.24192e-05 -0.00657941 0.0025 1.00001 1.00001 2.50001 0.00499995 342 4 1 1 
0.35875 -3.04378e-05 -0.0150815 0.0025 1.00002 1.00003 2.50002 0.00499988 343 4 1 1 
0.36125 -7.09456e-05 -0.0328113 0.0025 1.00005 1.00007 2.50005 0.00499973 344 4 1 1 
0.36375 -0.000157438 -0.0677881 0.0025 1.00012 1.00017 2.50012 0.0049994 345 4 1 1 
0.366249 -0.000332897 -0.133003 0.0025 1.00025 1.00035 2.50025 0.00499873 346 4 1 1 
0.368748 -0.000670993 -0.247701 0.0025 1.00051 1.00071 2.50051 0.00499743 347 4 1 0.999999 
0.371247 -0.00128927 -0.437279 0.0025 1.00099 1.00137 2.50098 0.00499506 348 4 1 0.999998 
0.373743 -0.00236027 -0.729862 0.0025 1.00181 1.00253 2.5018 0.00499094 349 4 1 0.999994 
0.376238 -0.00411181 -1.14696 0.0025 1.00317 1.00442 2.50315 0.00498419 350 4 1 0.999985 
0.378728 -0.0068026 -1.68651 0.0025 1.00527 1.00736 2.50525 0.00497378 351 4 1 0.99997 
0.381211 -0.0106587 -2.30135 0.0025 1.00831 1.01163 2.50828 0.00495881 352 4 1 0.999948 
0.383686 -0.0157692 -2.88553 0.0025 1.01238 1.01736 2.51234 0.00493884 353 4 1 0.999924 
0.38615 -0.0219715 -3.28662 0.0025 1.01741 1.02447 2.51736 0.00491442 354 4 1 0.999908 
0.388601 -0.0287909 -3.35893 0.0025 1.02307 1.03248 2.52299 0.00488723 355 4 1 0.99991 
0.391038 -0.0354856 -2.99494 0.0025 1.02879 1.0406 2.52866 0.00486008 356 4 1 0.999939 
0.393461 -0.0411526 -2.20894 0.0025 1.03373 1.04763 2.53354 0.00483688 357 4 1 1.00001 
0.395874 -0.0441134 0.136938 0.0025 1.03535 1.05015 2.53529 0.00482929 358 3 1 1 
0.39829 -0.0340033 12.0057 0.0025 1.0248 1.03542 2.52514 0.00487899 359 4 1 0.999967 
0.400754 0.000790012 18.7667 0.0025 0.99974 0.999765 2.5 0.0050013 360 4 1 0.99859 
0.403293 0.0322876 10.4339 0.0025 0.975008 0.964967 2.47476 0.00512816 361 4 1 0.998068 
0.405883 0.0500671 7.14014 0.0025 0.958015 0.941718 2.45755 0.00521913 362 4 1 0.999059 
0.408512 0.0699603 10.4014 0.0025 0.94123 0.918849 2.44039 0.0053122 363 4 1 0.999209 
0.411195 0.096148 11.8902 0.0025 0.921025 0.891294 2.41927 0.00542873 364 4 1 0.998761 
0.413942 0.123632 11.446 0.0025 0.899667 0.86245 2.39663 0.00555761 365 4 1 0.99849 
0.416754 0.151064 11.2013 0.0025 0.878463 0.834137 2.37388 0.00569176 366 4 1 0.998445 
0.419635 0.179259 11.2926 0.0025 0.857161 0.805966 2.3507 0.00583321 367 4 1 0.998369 
0.422588 0.208468 11.3287 0.0025 0.835568 0.777686 2.32684 0.00598395 368 4 1 0.998243 
0.42562 0.238611 11.306 0.0025 0.813742 0.749397 2.30234 0.00614445 369 4 1 0.998115 
0.428734 0.269671 11.2838 0.0025 0.791723 0.721165 2.27723 0.00631534 370 4 1 0.997983 
0.431936 0.301625 11.2232 0.0025 0.769545 0.693043 2.2515 0.00649735 371 4 1 0.997843 
0.435233 0.334562 11.1227 0.0025 0.747274 0.665129 2.22521 0.00669099 372 4 1 0.997702 
0.438629 0.36831 10.9973 0.0025 0.724981 0.637518 2.19843 0.00689674 373 4 1 0.997562 
0.442131 0.402751 10.7816 0.0025 0.702795 0.610375 2.17128 0.00711445 374 4 1 0.997434 
0.445745 0.437603 10.4206 0.0025 0.68097 0.584004 2.14406 0.00734247 375 4 1 0.997348 
0.449476 0.472123 9.80916 0.0025 0.659929 0.558898 2.11731 0.00757657 376 4 1 0.99735 
0.453324 0.505301 8.87062 0.0025 0.640273 0.535731 2.09186 0.00780917 377 4 1 0.997498 
0.457287 0.535592 7.60699 0.0025 0.622667 0.515222 2.06867 0.00802998 378 4 1 0.99782 
0.461356 0.561792 6.21589 0.0025 0.60754 0.497792 2.04844 0.00822991 379 4 1 0.998263 
0.465518 0.584518 5.52989 0.0025 0.594335 0.482727 2.03055 0.00841277 380 4 1 0.99863 
0.46977 0.607492 6.12153 0.0025 0.581263 0.467943 2.0126 0.00860196 381 4 1 0.998678 
0.474121 0.634366 6.89078 0.0025 0.567107 0.452063 1.99286 0.00881668 382 4 1 0.998395 
0.478588 0.661559 5.68311 0.0025 0.553611 0.437057 1.97374 0.00903161 383 4 1 0.998322 
0.483154 0.679451 2.20647 0.0025 0.544807 0.427352 1.96113 0.00917756 384 4 1 0.999123 
0.487766 0.681868 -0.573239 0.0025 0.542235 0.424556 1.95748 0.0092211 385 5 1 0.999912 
0.492375 0.680618 -0.136705 0.0025 0.54252 0.424891 1.95795 0.00921625 386 4 1 0.999997 
0.496982 0.679599 -0.29519 0.0025 0.542996 0.425418 1.95867 0.00920818 387 4 1 0.999997 
0.501584 0.678414 -0.238003 0.0025 0.543578 0.426068 1.95955 0.00919832 388 4 1 0.999997 
0.50618 0.677405 -0.19148 0.0025 0.544102 0.426654 1.96036 0.00918946 389 4 1 0.999998 
0.510773 0.676609 -0.148684 0.0025 0.544528 0.427136 1.96104 0.00918226 390 4 1 0.999999 
0.515363 0.675997 -0.111638 0.0025 0.544856 0.427511 1.96158 0.00917674 391 4 1 0.999999 
0.51995 0.675534 -0.0837878 0.0025 0.545098 0.427794 1.96201 0.00917267 392 4 1 1 
0.524535 0.675187 -0.0639503 0.0025 0.545271 0.428007 1.96236 0.00916974 393 4 1 1 
0.529119 0.67492 -0.0488381 0.0025 0.545382 0.428157 1.96265 0.00916789 394 4 1 1 
0.533703 0.674707 -0.0388344 0.0025 0.545387 0.428218 1.96291 0.0091678 395 3 1 1 
0.538287 0.674533 -0.0332106 0.0025 0.545053 0.428057 1.96337 0.00917342 396 4 1 1 
0.542877 0.674383 -0.0296936 0.0025 0.5435 0.426387 1.9613 0.00919964 397 4 1 0.999989 
0.547487 0.674248 -0.0268473 0.0025 0.530443 0.411 1.93706 0.00942608 398 4 1 0.999678 
0.552307 0.674118 -0.0241182 0.0025 0.506424 0.439703 2.17063 0.00987315 399 4 1 0.994727 
0.557367 0.673989 -0.021249 0.0025 0.480943 0.415141 2.15796 0.0103962 400 4 1 0.993717 
0.562713 0.673861 -0.0176585 0.0025 0.4585 0.449601 2.45148 0.0109051 401 4 1 0.99371 
0.568278 0.673729 -0.0121133 0.0025 0.44991 0.430181 2.39037 0.0111133 402 5 1 0.998665 
0.573827 0.673583 -0.00305252 0.0025 0.451503 0.428506 2.37267 0.0110741 403 4 1 0.99997 
0.579352 0.673371 0.0162628 0.0025 0.453067 0.428387 2.36382 0.0110359 404 4 1 0.999993 
0.584862 0.672947 0.0746603 0.0025 0.453929 0.428227 2.35844 0.0110149 405 3 1 1 
0.590367 0.6718 0.245951 0.0025 0.453881 0.427328 2.35373 0.0110161 406 4 1 1 
0.595879 0.668416 0.763731 0.0025 0.452149 0.424476 2.34696 0.0110583 407 4 1 0.999982 
0.601425 0.659395 1.98426 0.0025 0.446717 0.416939 2.33329 0.0111928 408 4 1 0.999748 
0.607072 0.63637 4.88358 0.0025 0.433978 0.400012 2.30423 0.0115213 409 4 1 0.998465 
0.612952 0.58903 9.45991 0.0025 0.409385 0.368038 2.24729 0.0122134 410 4 1 0.993986 
0.619307 0.487156 21.8489 0.0025 0.367173 0.314432 2.1407 0.0136176 411 4 1 0.983366 
0.626659 0.295853 32.191 0.0025 0.314527 0.250667 1.99252 0.0158969 412 4 1 0.964075 
0.635371 0.105156 21.7406 0.0025 0.27352 0.204239 1.86707 0.0182802 413 4 1 0.961719 
0.64503 0.0166805 6.13703 0.0025 0.254924 0.1845 1.80953 0.0196137 414 4 1 0.986436 
0.654997 -6.49903e-05 0.491293 0.0025 0.250385 0.179882 1.7961 0.0199693 415 4 1 0.998854 
0.665 -0.000263993 -0.105332 0.0025 0.249956 0.179456 1.79487 0.0200035 416 5 1 0.999988 
0.675 9.14504e-06 -0.00411798 0.0025 0.249995 0.179495 1.79499 0.0200004 417 4 1 1 
0.685 5.73369e-06 0.00105991 0.0025 0.250001 0.179501 1.795 0.0199999 418 3 1 1 
0.695 1.27788e-06 0.000315553 0.0025 0.25 0.1795 1.795 0.02 419 4 1 1 
0.705 2.36374e-07 6.41029e-05 0.0025 0.25 0.1795 1.795 0.02 420 4 1 1 
0.715 3.93852e-08 1.15149e-05 0.0025 0.25 0.1795 1.795 0.02 421 4 1 1 
0.725 5.97596e-09 1.88075e-06 0.0025 0.25 0.1795 1.795 0.02 422 4 1 1 
0.735 8.24964e-10 2.79538e-07 0.0025 0.25 0.1795 1.795 0.02 423 4 1 1 
0.745 1.03148e-10 3.76901e-08 0.0025 0.25 0.1795 1.795 0.02 424 4 1 1 
0.755 1.15955e-11 4.57788e-09 0.0025 0.25 0.1795 1.795 0.02 425 4 1 1 
0.765 1.15544e-12 5.0062e-10 0.0025 0.25 0.1795 1.795 0.02 426 4 1 1 
0.775 9.72782e-14 4.87148e-11 0.0025 0.25 0.1795 1.795 0.02 427 4 1 1 
0.785 3.55988e-15 2.03215e-12 0.0025 0.25 0.1795 1.795 0.02 428 5 1 1 
0.795 3.90826e-16 2.41585e-13 0.0025 0.25 0.1795 1.795 0.02 429 5 1 1 
0.805 4.29661e-18 1.42109e-14 0.0025 0.25 0.1795 1.795 0.02 430 5 1 1 
0.815 4.23567e-48 2.8026e-45 0.0025 0.25 0.1795 1.795 0.02 431 5 1 1 
0.825 0 0 0.0025 0.25 0.1795 1.795 0.02 432 5 1 1 
0.835 0 0 0.0025 0.25 0.1795 1.795 0.02 433 5 1 1 
0.845 0 0 0.0025 0.25 0.1795 1.795 0.02 434 5 1 1 
0.855 0 0 0.0025 0.25 0.1795 1.795 0.02 435 5 1 1 
0.865 0 0 0.0025 0.25 0.1795 1.795 0.02 436 5 1 1 
0.875 0 0 0.0025 0.25 0.1795 1.795 0.02 437 5 1 1 
0.885 0 0 0.0025 0.25 0.1795 1.795 0.02 438 5 1 1 
0.895 0 0 0.0025 0.25 0.1795 1.795 0.02 439 5 1 1 
0.905 -1.77766e-47 -2.8026e-45 0.0025 0.25 0.1795 1.795 0.02 440 5 1 1 
0.915 -8.10951e-47 -5.60519e-45 0.0025 0.25 0.1795 1.795 0.02 441 5 1 1 
0.925 -2.01526e-16 -1.42109e-14 0.0025 0.25 0.1795 1.795 0.02 442 5 1 1 
0.935 -6.9309e-16 -2.84217e-14 0.0025 0.25 0.1795 1.795 0.02 443 5 1 1 
0.945 -1.7551e-15 -7.10543e-14 0.0025 0.25 0.1795 1.795 0.02 444 5 1 1 
0.955 -3.9164e-15 -1.27898e-13 0.0025 0.25 0.1795 1.795 0.02 445 5 1 1 
0.965 -7.18464e-15 -2.84217e-14 0.0025 0.25 0.1795 1.795 0.02 446 5 1 1 
0.975 -1.42015e-14 -2.84217e-14 0.0025 0.25 0.1795 1.795 0.02 447 5 1 1 
0.985 8.33769e-15 3.12639e-13 0.0025 0.25 0.1795 1.795 0.02 448 5 1 1 
0.995 -1.93247e-15 3.83693e-13 0.0025 0.25 0.1795 1.795 0.02 449 3 1 1 
1.005 1.93247e-15 -3.83693e-13 0.0025 0.25 0.1795 1.795 0.02 450 3 1 1 
1.015 -8.33769e-15 -3.12639e-13 0.0025 0.25 0.1795 1.795 0.02 451 5 1 1 
1.025 1.42015e-14 2.84217e-14 0.0025 0.25 0.1795 1.795 0.02 452 5 1 1 
1.035 7.18464e-15 2.84217e-14 0.0025 0.25 0.1795 1.795 0.02 453 5 1 1 
1.045 3.9164e-15 1.27898e-13 0.0025 0.25 0.1795 1.795 0.02 454 5 1 1 
1.055 1.7551e-15 7.10543e-14 0.0025 0.25 0.1795 1.795 0.02 455 5 1 1 
1.065 6.9309e-16 2.84217e-14 0.0025 0.25 0.1795 1.795 0.02 456 5 1 1 
1.075 2.01526e-16 1.42109e-14 0.0025 0.25 0.1795 1.795 0.02 457 5 1 1 
1.085 8.10951e-47 5.60519e-45 0.0025 0.25 0.1795 1.795 0.02 458 5 1 1 
1.095 1.77766e-47 2.8026e-45 0.0025 0.25 0.1795 1.795 0.02 459 5 1 1 
1.105 0 0 0.0025 0.25 0.1795 1.795 0.02 460 5 1 1 
1.115 0 0 0.0025 0.25 0.1795 1.795 0.02 461 5 1 1 
1.125 0 0 0.0025 0.25 0.1795 1.795 0.02 462 5 1 1 
1.135 0 0 0.0025 0.25 0.1795 1.795 0.02 463 5 1 1 
1.145 0 0 0.0025 0.25 0.1795 1.795 0.02 464 5 1 1 
1.155 0 0 0.0025 0.25 0.1795 1.795 0.02 465 5 1 1 
1.165 0 0 0.0025 0.25 0.1795 1.795 0.02 466 5 1 1 
1.175 0 0 0.0025 0.25 0.1795 1.795 0.02 467 5 1 1 
1.185 -5.93019e-48 -2.8026e-45 0.0025 0.25 0.1795 1.795 0.02 468 5 1 1 
1.195 -4.29661e-18 -1.42109e-14 0.0025 0.25 0.1795 1.795 0.02 469 5 1 1 
1.205 -3.65009e-16 -2.13163e-13 0.0025 0.25 0.1795 1.795 0.02 470 5 1 1 
1.215 -3.03597e-15 -1.69109e-12 0.0025 0.25 0.1795 1.795 0.02 471 5 1 1 
1.225 -9.75735e-14 -5.20686e-11 0.0025 0.25 0.1795 1.795 0.02 472 4 1 1 
1.235 -1.16161e-12 -4.9539e-10 0.0025 0.25 0.1795 1.795 0.02 473 4 1 1 
1.245 -1.15958e-11 -4.58033e-09 0.0025 0.25 0.1795 1.795 0.02 474 4 1 1 
1.255 -1.03114e-10 -3.76888e-08 0.0025 0.25 0.1795 1.795 0.02 475 4 1 1 
1.265 -8.24987e-10 -2.79539e-07 0.0025 0.25 0.1795 1.795 0.02 476 4 1 1 
1.275 -5.97595e-09 -1.88075e-06 0.0025 0.25 0.1795 1.795 0.02 477 4 1 1 
1.285 -3.93852e-08 -1.15149e-05 0.0025 0.25 0.1795 1.795 0.02 478 4 1 1 
1.295 -2.36374e-07 -6.41029e-05 0.0025 0.25 0.1795 1.795 0.02 479 4 1 1 
1.305 -1.27788e-06 -0.000315553 0.0025 0.25 0.1795 1.795 0.02 480 4 1 1 
1.315 -5.73369e-06 -0.00105991 0.0025 0.250001 0.179501 1.795 0.0199999 481 3 1 1 
1.325 -9.14504e-06 0.00411798 0.0025 0.249995 0.179495 1.79499 0.0200004 482 4 1 1 
1.335 0.000263993 0.105332 0.0025 0.249956 0.179456 1.79487 0.0200035 483 5 1 0.999988 
1.345 6.49903e-05 -0.491293 0.0025 0.250385 0.179882 1.7961 0.0199693 484 4 1 0.998854 
1.35497 -0.0166805 -6.13703 0.0025 0.254924 0.1845 1.80953 0.0196137 485 4 1 0.986436 
1.36463 -0.105156 -21.7406 0.0025 0.27352 0.204239 1.86707 0.0182802 486 4 1 0.961719 
1.37334 -0.295853 -32.191 0.0025 0.314527 0.250667 1.99252 0.0158969 487 4 1 0.964075 
1.38069 -0.487156 -21.8489 0.0025 0.367173 0.314432 2.1407 0.0136176 488 4 1 0.983366 
1.38705 -0.58903 -9.45991 0.0025 0.409385 0.368038 2.24729 0.0122134 489 4 1 0.993986 
1.39293 -0.63637 -4.88358 0.0025 0.433978 0.400012 2.30423 0.0115213 490 4 1 0.998465 
1.39857 -0.659395 -1.98426 0.0025 0.446717 0.416939 2.33329 0.0111928 491 4 1 0.999748 
1.40412 -0.668416 -0.763731 0.0025 0.452149 0.424476 2.34696 0.0110583 492 4 1 0.999982 
1.40963 -0.6718 -0.245951 0.0025 0.453881 0.427328 2.35373 0.0110161 493 4 1 1 
1.41514 -0.672947 -0.0746603 0.0025 0.453929 0.428227 2.35844 0.0110149 494 3 1 1 
1.42065 -0.673371 -0.0162628 0.0025 0.453067 0.428387 2.36382 0.0110359 495 4 1 0.999993 
1.42617 -0.673583 0.00305252 0.0025 0.451503 0.428506 2.37267 0.0110741 496 4 1 0.99997 
1.43172 -0.673729 0.0121133 0.0025 0.44991 0.430181 2.39037 0.0111133 497 5 1 0.998665 
1.43729 -0.673861 0.0176585 0.0025 0.4585 0.449601 2.45148 0.0109051 498 4 1 0.99371 
1.44263 -0.673989 0.021249 0.0025 0.480943 0.415141 2.15796 0.0103962 499 4 1 0.993717 
