# Time [s]: 2.38725e+12
# Columns: pos [pc], vel [pc/s], acc [pc/s^2], mass [Msun], dens [g/cm^3], pres [barye], ene [erg/g], sml [pc], id, neighbor, alpha, gradh, ...additional?
4.47512e+16 -674.208 8.37569e-13 4.97118e+27 0.000506374 4.39642 21705.4 3.04716e+14 0 4 1 0.994728 
4.49e+16 -674.349 9.32855e-13 4.97118e+27 0.000530387 4.10939 19369.8 2.9092e+14 1 4 1 0.99968 
4.50423e+16 -674.496 1.0445e-12 4.97118e+27 0.000543436 4.26317 19612.1 2.83934e+14 2 4 1 0.999989 
4.51839e+16 -674.661 1.21823e-12 4.97118e+27 0.000544979 4.27976 19632.7 2.8313e+14 3 4 1 1 
4.53254e+16 -674.86 1.48006e-12 4.97118e+27 0.000545297 4.28119 19627.8 2.82965e+14 4 3 1 1 
4.54669e+16 -675.113 1.89051e-12 4.97118e+27 0.000545268 4.28031 19624.8 2.8298e+14 5 4 1 1 
4.56084e+16 -675.444 2.53456e-12 4.97118e+27 0.000545124 4.27845 19621.5 2.83055e+14 6 4 1 1 
4.57499e+16 -675.875 3.41223e-12 4.97118e+27 0.000544903 4.27581 19617.3 2.8317e+14 7 4 1 1 
4.58916e+16 -676.449 4.50352e-12 4.97118e+27 0.000544597 4.27227 19612 2.83329e+14 8 4 1 0.999999 
4.60333e+16 -677.209 5.92939e-12 4.97118e+27 0.000544193 4.26768 19605.5 2.83539e+14 9 4 1 0.999999 
4.61751e+16 -678.174 7.54917e-12 4.97118e+27 0.000543679 4.2619 19597.5 2.83807e+14 10 4 1 0.999998 
-1.54029e+16 -679.357 9.40409e-12 4.97118e+27 0.000543074 4.25514 19588.2 2.84123e+14 11 4 1 0.999996 
-1.52608e+16 -680.602 6.49448e-12 4.97118e+27 0.000542548 4.2493 19580.2 2.84399e+14 12 4 1 0.999997 
-1.51185e+16 -681.634 2.12719e-11 4.97118e+27 0.000542066 4.24381 19572.7 2.84652e+14 13 5 1 0.999955 
-1.49761e+16 -681.294 -5.08313e-11 4.97118e+27 0.000543855 4.26314 19597.9 2.83715e+14 14 4 1 0.999248 
-1.48348e+16 -665.283 -1.7816e-10 4.97118e+27 0.000551858 4.35121 19712.5 2.79601e+14 15 4 1 0.9983 
-1.46965e+16 -637.907 -2.28241e-10 4.97118e+27 0.000565302 4.50053 19903.4 2.72951e+14 16 4 1 0.998304 
-1.45618e+16 -610.072 -2.05133e-10 4.97118e+27 0.000579804 4.66305 20106 2.66124e+14 17 4 1 0.998614 
-1.44303e+16 -586.5 -1.82101e-10 4.97118e+27 0.000593205 4.81448 20290.2 2.60112e+14 18 4 1 0.99857 
-1.43017e+16 -563.383 -2.05242e-10 4.97118e+27 0.000606682 4.96811 20473 2.54334e+14 19 4 1 0.998168 
-1.41759e+16 -536.495 -2.53528e-10 4.97118e+27 0.000622203 5.14687 20680.7 2.4799e+14 20 4 1 0.997667 
-1.40536e+16 -505.059 -2.98979e-10 4.97118e+27 0.000640423 5.35909 20920.7 2.40934e+14 21 4 1 0.997298 
-1.3935e+16 -470.567 -3.32515e-10 4.97118e+27 0.000660906 5.60058 21185.8 2.33468e+14 22 4 1 0.997138 
-1.38201e+16 -434.561 -3.53088e-10 4.97118e+27 0.00068288 5.86301 21464.7 2.25955e+14 23 4 1 0.99714 
-1.37089e+16 -398.208 -3.65824e-10 4.97118e+27 0.00070568 6.13889 21748.5 2.18654e+14 24 4 1 0.997239 
-1.36014e+16 -362.342 -3.73044e-10 4.97118e+27 0.000728862 6.42305 22031.4 2.117e+14 25 4 1 0.997382 
-1.34972e+16 -327.242 -3.77818e-10 4.97118e+27 0.000752157 6.71225 22310.3 2.05143e+14 26 4 1 0.997539 
-1.33962e+16 -293.083 -3.80982e-10 4.97118e+27 0.000775424 7.0047 22583.7 1.98988e+14 27 4 1 0.997702 
-1.32981e+16 -259.942 -3.82104e-10 4.97118e+27 0.000798556 7.29896 22850.8 1.93224e+14 28 4 1 0.997857 
-1.32029e+16 -227.763 -3.8331e-10 4.97118e+27 0.000821498 7.59418 23111 1.87828e+14 29 4 1 0.998004 
-1.31103e+16 -196.655 -3.83368e-10 4.97118e+27 0.000844222 7.88989 23364.6 1.82772e+14 30 4 1 0.998152 
-1.30201e+16 -166.628 -3.80317e-10 4.97118e+27 0.000866652 8.18485 23610.8 1.78042e+14 31 4 1 0.998265 
-1.29322e+16 -137.571 -3.83628e-10 4.97118e+27 0.000888867 8.47995 23850.9 1.73592e+14 32 4 1 0.998318 
-1.28465e+16 -108.7 -4.00215e-10 4.97118e+27 0.000911201 8.77998 24089.1 1.69337e+14 33 4 1 0.998523 
-1.27628e+16 -80.4741 -3.75341e-10 4.97118e+27 0.000932909 9.07497 24317.6 1.65397e+14 34 4 1 0.99902 
-1.2681e+16 -57.5283 -2.65946e-10 4.97118e+27 0.000951498 9.32826 24509.2 1.62165e+14 35 4 1 0.999085 
-1.26006e+16 -39.5353 -2.97781e-10 4.97118e+27 0.000968596 9.56111 24682.4 1.59303e+14 36 4 1 0.998161 
-1.25217e+16 -10.7384 -5.86995e-10 4.97118e+27 0.000992372 9.89336 24925.2 1.55486e+14 37 4 1 0.998082 
-1.24451e+16 27.7933 -5.13316e-10 4.97118e+27 0.00101996 10.2856 25203.7 1.5128e+14 38 4 1 0.999798 
-1.23704e+16 44.5668 -5.75036e-11 4.97118e+27 0.00103492 10.4965 25349.6 1.49094e+14 39 4 1 1.00002 
-1.2296e+16 42.8988 6.44535e-11 4.97118e+27 0.00103512 10.4964 25349.3 1.49065e+14 40 3 1 1.00001 
-1.22213e+16 37.3357 9.76723e-11 4.97118e+27 0.00103033 10.4278 25301.8 1.49758e+14 41 4 1 0.999945 
-1.21463e+16 30.4782 1.12384e-10 4.97118e+27 0.00102444 10.3443 25243.5 1.50618e+14 42 4 1 0.999906 
-1.20707e+16 23.3434 1.12146e-10 4.97118e+27 0.00101851 10.2601 25184.4 1.51497e+14 43 4 1 0.999899 
-1.19948e+16 16.7683 9.95282e-11 4.97118e+27 0.00101316 10.1846 25131.2 1.52295e+14 44 4 1 0.999914 
-1.19184e+16 11.3111 7.98143e-11 4.97118e+27 0.00100881 10.1233 25087.8 1.52952e+14 45 4 1 0.999941 
-1.18418e+16 7.18402 5.85216e-11 4.97118e+27 0.00100556 10.0777 25055.4 1.53447e+14 46 4 1 0.999966 
-1.1765e+16 4.30994 3.96602e-11 4.97118e+27 0.00100332 10.0463 25033 1.53789e+14 47 4 1 0.999983 
-1.1688e+16 2.44961 2.50646e-11 4.97118e+27 0.00100188 10.0262 25018.7 1.5401e+14 48 4 1 0.999993 
-1.1611e+16 1.3219 1.48717e-11 4.97118e+27 0.00100101 10.0141 25010 1.54144e+14 49 4 1 0.999997 
-1.15339e+16 0.678188 8.3219e-12 4.97118e+27 0.00100052 10.0072 25005.1 1.5422e+14 50 4 1 0.999999 
-1.14568e+16 0.330962 4.40384e-12 4.97118e+27 0.00100025 10.0035 25002.5 1.54261e+14 51 4 1 1 
-1.13796e+16 0.153619 2.20693e-12 4.97118e+27 0.00100012 10.0016 25001.2 1.54282e+14 52 4 1 1 
-1.13025e+16 0.0677801 1.04783e-12 4.97118e+27 0.00100005 10.0007 25000.5 1.54292e+14 53 4 1 1 
-1.12253e+16 0.0284009 4.71256e-13 4.97118e+27 0.00100002 10.0003 25000.2 1.54297e+14 54 4 1 1 
-1.11482e+16 0.0112865 2.00624e-13 4.97118e+27 0.00100001 10.0001 25000.1 1.54299e+14 55 4 1 1 
-1.1071e+16 0.00424647 8.07554e-14 4.97118e+27 0.001 10 25000 1.54299e+14 56 4 1 1 
-1.09939e+16 0.00150928 3.0684e-14 4.97118e+27 0.001 10 25000 1.543e+14 57 4 1 1 
-1.09167e+16 0.00050528 1.09809e-14 4.97118e+27 0.001 10 25000 1.543e+14 58 4 1 1 
-1.08396e+16 0.000158737 3.69027e-15 4.97118e+27 0.001 10 25000 1.543e+14 59 4 1 1 
-1.07624e+16 4.65607e-05 1.15991e-15 4.97118e+27 0.001 10 25000 1.543e+14 60 4 1 1 
-1.06853e+16 1.26633e-05 3.391e-16 4.97118e+27 0.001 10 25000 1.543e+14 61 4 1 1 
-1.06081e+16 3.16182e-06 9.14916e-17 4.97118e+27 0.001 10 25000 1.543e+14 62 4 1 1 
-1.0531e+16 7.13954e-07 2.25173e-17 4.97118e+27 0.001 10 25000 1.543e+14 63 4 1 1 
-1.04538e+16 1.42255e-07 4.96427e-18 4.97118e+27 0.001 10 25000 1.543e+14 64 4 1 1 
-1.03767e+16 2.38997e-08 9.49005e-19 4.97118e+27 0.001 10 25000 1.543e+14 65 4 1 1 
-1.02995e+16 3.04976e-09 1.4797e-19 4.97118e+27 0.001 10 25000 1.543e+14 66 4 1 1 
-1.02224e+16 1.95686e-10 1.49311e-20 4.97118e+27 0.001 10 25000 1.543e+14 67 4 1 1 
-1.01452e+16 -1.02683e-11 -1.10519e-23 4.97118e+27 0.001 10 25000 1.543e+14 68 4 1 1 
-1.00681e+16 -1.11679e-12 -9.76248e-23 4.97118e+27 0.001 10 25000 1.543e+14 69 5 1 1 
-9.99092e+15 -1.71821e-14 -1.84198e-24 4.97118e+27 0.001 10 25000 1.543e+14 70 5 1 1 
-9.91377e+15 0 0 4.97118e+27 0.001 10 25000 1.543e+14 71 5 1 1 
-9.83662e+15 0 0 4.97118e+27 0.001 10 25000 1.543e+14 72 5 1 1 
-9.75947e+15 0 0 4.97118e+27 0.001 10 25000 1.543e+14 73 5 1 1 
-9.68232e+15 0 0 4.97118e+27 0.001 10 25000 1.543e+14 74 5 1 1 
-9.60517e+15 0 0 4.97118e+27 0.001 10 25000 1.543e+14 75 5 1 1 
-9.52802e+15 0 0 4.97118e+27 0.001 10 25000 1.543e+14 76 5 1 1 
-9.45087e+15 0 0 4.97118e+27 0.001 10 25000 1.543e+14 77 5 1 1 
-9.37372e+15 0 0 4.97118e+27 0.001 10 25000 1.543e+14 78 5 1 1 
-9.29657e+15 0 0 4.97118e+27 0.001 10 25000 1.543e+14 79 5 1 1 
-9.21942e+15 0 0 4.97118e+27 0.001 10 25000 1.543e+14 80 5 1 1 
-9.14227e+15 0 0 4.97118e+27 0.001 10 25000 1.543e+14 81 5 1 1 
-9.06512e+15 0 0 4.97118e+27 0.001 10 25000 1.543e+14 82 5 1 1 
-8.98797e+15 0 0 4.97118e+27 0.001 10 25000 1.543e+14 83 5 1 1 
-8.91082e+15 0 0 4.97118e+27 0.001 10 25000 1.543e+14 84 5 1 1 
-8.83367e+15 0 0 4.97118e+27 0.001 10 25000 1.543e+14 85 5 1 1 
-8.75652e+15 0 0 4.97118e+27 0.001 10 25000 1.543e+14 86 5 1 1 
-8.67937e+15 0 0 4.97118e+27 0.001 10 25000 1.543e+14 87 5 1 1 
-8.60222e+15 0 0 4.97118e+27 0.001 10 25000 1.543e+14 88 5 1 1 
-8.52507e+15 0 0 4.97118e+27 0.001 10 25000 1.543e+14 89 5 1 1 
-8.44792e+15 0 0 4.97118e+27 0.001 10 25000 1.543e+14 90 5 1 1 
-8.37077e+15 0 0 4.97118e+27 0.001 10 25000 1.543e+14 91 5 1 1 
-8.29362e+15 0 0 4.97118e+27 0.001 10 25000 1.543e+14 92 5 1 1 
-8.21647e+15 0 0 4.97118e+27 0.001 10 25000 1.543e+14 93 5 1 1 
-8.13932e+15 0 0 4.97118e+27 0.001 10 25000 1.543e+14 94 5 1 1 
-8.06217e+15 0 0 4.97118e+27 0.001 10 25000 1.543e+14 95 5 1 1 
-7.98502e+15 0 0 4.97118e+27 0.001 10 25000 1.543e+14 96 5 1 1 
-7.90787e+15 0 0 4.97118e+27 0.001 10 25000 1.543e+14 97 5 1 1 
-7.83072e+15 0 0 4.97118e+27 0.001 10 25000 1.543e+14 98 5 1 1 
-7.75357e+15 0 0 4.97118e+27 0.001 10 25000 1.543e+14 99 5 1 1 
-7.67642e+15 0 0 4.97118e+27 0.001 10 25000 1.543e+14 100 5 1 1 
-7.59927e+15 0 0 4.97118e+27 0.001 10 25000 1.543e+14 101 5 1 1 
-7.52212e+15 0 0 4.97118e+27 0.001 10 25000 1.543e+14 102 5 1 1 
-7.44497e+15 0 0 4.97118e+27 0.001 10 25000 1.543e+14 103 5 1 1 
-7.36782e+15 0 0 4.97118e+27 0.001 10 25000 1.543e+14 104 5 1 1 
-7.29067e+15 0 0 4.97118e+27 0.001 10 25000 1.543e+14 105 5 1 1 
-7.21352e+15 0 0 4.97118e+27 0.001 10 25000 1.543e+14 106 5 1 1 
-7.13637e+15 0 0 4.97118e+27 0.001 10 25000 1.543e+14 107 5 1 1 
-7.05922e+15 0 0 4.97118e+27 0.001 10 25000 1.543e+14 108 5 1 1 
-6.98207e+15 0 0 4.97118e+27 0.001 10 25000 1.543e+14 109 5 1 1 
-6.90492e+15 0 0 4.97118e+27 0.001 10 25000 1.543e+14 110 5 1 1 
-6.82777e+15 0 0 4.97118e+27 0.001 10 25000 1.543e+14 111 5 1 1 
-6.75062e+15 0 0 4.97118e+27 0.001 10 25000 1.543e+14 112 5 1 1 
-6.67347e+15 0 0 4.97118e+27 0.001 10 25000 1.543e+14 113 5 1 1 
-6.59632e+15 0 0 4.97118e+27 0.001 10 25000 1.543e+14 114 5 1 1 
-6.51917e+15 0 0 4.97118e+27 0.001 10 25000 1.543e+14 115 5 1 1 
-6.44202e+15 0 0 4.97118e+27 0.001 10 25000 1.543e+14 116 5 1 1 
-6.36487e+15 0 0 4.97118e+27 0.001 10 25000 1.543e+14 117 5 1 1 
-6.28772e+15 0 0 4.97118e+27 0.001 10 25000 1.543e+14 118 5 1 1 
-6.21057e+15 0 0 4.97118e+27 0.001 10 25000 1.543e+14 119 5 1 1 
-6.13342e+15 0 0 4.97118e+27 0.001 10 25000 1.543e+14 120 5 1 1 
-6.05627e+15 0 0 4.97118e+27 0.001 10 25000 1.543e+14 121 5 1 1 
-5.97912e+15 0 0 4.97118e+27 0.001 10 25000 1.543e+14 122 5 1 1 
-5.90197e+15 0 0 4.97118e+27 0.001 10 25000 1.543e+14 123 5 1 1 
-5.82482e+15 0 0 4.97118e+27 0.001 10 25000 1.543e+14 124 5 1 1 
-5.74767e+15 0 0 4.97118e+27 0.001 10 25000 1.543e+14 125 5 1 1 
-5.67052e+15 0 0 4.97118e+27 0.001 10 25000 1.543e+14 126 5 1 1 
-5.59337e+15 0 0 4.97118e+27 0.001 10 25000 1.543e+14 127 5 1 1 
-5.51622e+15 0 0 4.97118e+27 0.001 10 25000 1.543e+14 128 5 1 1 
-5.43907e+15 0 0 4.97118e+27 0.001 10 25000 1.543e+14 129 5 1 1 
-5.36192e+15 0 0 4.97118e+27 0.001 10 25000 1.543e+14 130 5 1 1 
-5.28477e+15 0 0 4.97118e+27 0.001 10 25000 1.543e+14 131 5 1 1 
-5.20762e+15 0 0 4.97118e+27 0.001 10 25000 1.543e+14 132 5 1 1 
-5.13047e+15 0 0 4.97118e+27 0.001 10 25000 1.543e+14 133 5 1 1 
-5.05332e+15 0 0 4.97118e+27 0.001 10 25000 1.543e+14 134 5 1 1 
-4.97617e+15 0 0 4.97118e+27 0.001 10 25000 1.543e+14 135 5 1 1 
-4.89902e+15 0 0 4.97118e+27 0.001 10 25000 1.543e+14 136 5 1 1 
-4.82187e+15 0 0 4.97118e+27 0.001 10 25000 1.543e+14 137 5 1 1 
-4.74472e+15 0 0 4.97118e+27 0.001 10 25000 1.543e+14 138 5 1 1 
-4.66757e+15 0 0 4.97118e+27 0.001 10 25000 1.543e+14 139 5 1 1 
-4.59042e+15 0 0 4.97118e+27 0.001 10 25000 1.543e+14 140 5 1 1 
-4.51327e+15 0 0 4.97118e+27 0.001 10 25000 1.543e+14 141 5 1 1 
-4.43612e+15 0 0 4.97118e+27 0.001 10 25000 1.543e+14 142 5 1 1 
-4.35897e+15 0 0 4.97118e+27 0.001 10 25000 1.543e+14 143 5 1 1 
-4.28182e+15 0 0 4.97118e+27 0.001 10 25000 1.543e+14 144 5 1 1 
-4.20467e+15 0 0 4.97118e+27 0.001 10 25000 1.543e+14 145 5 1 1 
-4.12752e+15 0 0 4.97118e+27 0.001 10 25000 1.543e+14 146 5 1 1 
-4.05037e+15 0 0 4.97118e+27 0.001 10 25000 1.543e+14 147 5 1 1 
-3.97322e+15 0 0 4.97118e+27 0.001 10 25000 1.543e+14 148 5 1 1 
-3.89607e+15 0 0 4.97118e+27 0.001 10 25000 1.543e+14 149 5 1 1 
-3.81892e+15 0 0 4.97118e+27 0.001 10 25000 1.543e+14 150 5 1 1 
-3.74177e+15 0 0 4.97118e+27 0.001 10 25000 1.543e+14 151 5 1 1 
-3.66462e+15 0 0 4.97118e+27 0.001 10 25000 1.543e+14 152 5 1 1 
-3.58747e+15 0 0 4.97118e+27 0.001 10 25000 1.543e+14 153 5 1 1 
-3.51032e+15 0 0 4.97118e+27 0.001 10 25000 1.543e+14 154 5 1 1 
-3.43317e+15 0 0 4.97118e+27 0.001 10 25000 1.543e+14 155 5 1 1 
-3.35602e+15 0 0 4.97118e+27 0.001 10 25000 1.543e+14 156 5 1 1 
-3.27887e+15 0 0 4.97118e+27 0.001 10 25000 1.543e+14 157 5 1 1 
-3.20172e+15 0 0 4.97118e+27 0.001 10 25000 1.543e+14 158 5 1 1 
-3.12457e+15 0 0 4.97118e+27 0.001 10 25000 1.543e+14 159 5 1 1 
-3.04742e+15 0 0 4.97118e+27 0.001 10 25000 1.543e+14 160 5 1 1 
-2.97027e+15 0 0 4.97118e+27 0.001 10 25000 1.543e+14 161 5 1 1 
-2.89312e+15 0 0 4.97118e+27 0.001 10 25000 1.543e+14 162 5 1 1 
-2.81597e+15 0 0 4.97118e+27 0.001 10 25000 1.543e+14 163 5 1 1 
-2.73882e+15 0 0 4.97118e+27 0.001 10 25000 1.543e+14 164 5 1 1 
-2.66167e+15 0 0 4.97118e+27 0.001 10 25000 1.543e+14 165 5 1 1 
-2.58452e+15 0 0 4.97118e+27 0.001 10 25000 1.543e+14 166 5 1 1 
-2.50737e+15 0 0 4.97118e+27 0.001 10 25000 1.543e+14 167 5 1 1 
-2.43022e+15 0 0 4.97118e+27 0.001 10 25000 1.543e+14 168 5 1 1 
-2.35307e+15 0 0 4.97118e+27 0.001 10 25000 1.543e+14 169 5 1 1 
-2.27592e+15 0 0 4.97118e+27 0.001 10 25000 1.543e+14 170 5 1 1 
-2.19877e+15 0 0 4.97118e+27 0.001 10 25000 1.543e+14 171 5 1 1 
-2.12162e+15 0 0 4.97118e+27 0.001 10 25000 1.543e+14 172 5 1 1 
-2.04447e+15 0 0 4.97118e+27 0.001 10 25000 1.543e+14 173 5 1 1 
-1.96732e+15 0 0 4.97118e+27 0.001 10 25000 1.543e+14 174 5 1 1 
-1.89017e+15 0 0 4.97118e+27 0.001 10 25000 1.543e+14 175 5 1 1 
-1.81302e+15 -1.04832e-43 -3.63266e-55 4.97118e+27 0.001 10 25000 1.543e+14 176 5 1 1 
-1.73587e+15 -1.02851e-13 -3.63266e-55 4.97118e+27 0.001 10 25000 1.543e+14 177 5 1 1 
-1.65872e+15 -2.90526e-13 -1.84198e-24 4.97118e+27 0.001 10 25000 1.543e+14 178 5 1 1 
-1.58157e+15 -4.59856e-13 1.84198e-24 4.97118e+27 0.001 10 25000 1.543e+14 179 5 1 1 
-1.50442e+15 -6.27843e-13 -1.84198e-24 4.97118e+27 0.001 10 25000 1.543e+14 180 5 1 1 
-1.42727e+15 -8.63154e-13 1.84198e-24 4.97118e+27 0.001 10 25000 1.543e+14 181 5 1 1 
-1.35012e+15 -1.09566e-12 -1.84198e-24 4.97118e+27 0.001 10 25000 1.543e+14 182 5 1 1 
-1.27297e+15 -1.34087e-12 -7.26532e-55 4.97118e+27 0.001 10 25000 1.543e+14 183 5 1 1 
-1.19582e+15 -1.78323e-12 1.84198e-24 4.97118e+27 0.001 10 25000 1.543e+14 184 5 1 1 
-1.11867e+15 -1.95961e-12 -1.78938e-38 4.97118e+27 0.001 10 25000 1.543e+14 185 5 1 1 
-1.04152e+15 -3.60011e-12 -1.0225e-38 4.97118e+27 0.001 10 25000 1.543e+14 186 4 1 1 
-9.64375e+14 2.75904e-13 2.04501e-38 4.97118e+27 0.001 10 25000 1.543e+14 187 3 1 1 
-8.87225e+14 3.97462e-14 -2.90613e-54 4.97118e+27 0.001 10 25000 1.543e+14 188 3 1 1 
-8.10075e+14 -8.11433e-13 -2.04501e-38 4.97118e+27 0.001 10 25000 1.543e+14 189 3 1 1 
-7.32925e+14 1.01631e-12 1.0225e-38 4.97118e+27 0.001 10 25000 1.543e+14 190 4 1 1 
-6.55775e+14 -2.30819e-13 -1.84198e-24 4.97118e+27 0.001 10 25000 1.543e+14 191 5 1 1 
-5.78625e+14 -3.74843e-13 -1.84198e-24 4.97118e+27 0.001 10 25000 1.543e+14 192 5 1 1 
-5.01475e+14 -2.40455e-12 -1.84198e-24 4.97118e+27 0.001 10 25000 1.543e+14 193 4 1 1 
-4.24325e+14 1.15766e-12 2.04501e-38 4.97118e+27 0.001 10 25000 1.543e+14 194 3 1 1 
-3.47175e+14 -4.76589e-14 -1.84198e-24 4.97118e+27 0.001 10 25000 1.543e+14 195 3 1 1 
-2.70025e+14 -3.81742e-13 0 4.97118e+27 0.001 10 25000 1.543e+14 196 3 1 1 
-1.92875e+14 1.80447e-13 -3.68395e-24 4.97118e+27 0.001 10 25000 1.543e+14 197 4 1 1 
-1.15725e+14 -2.418e-13 -1.27813e-39 4.97118e+27 0.001 10 25000 1.543e+14 198 3 1 1 
-3.8575e+13 -2.05111e-13 0 4.97118e+27 0.001 10 25000 1.543e+14 199 3 1 1 
3.8575e+13 -2.00199e-13 3.68395e-24 4.97118e+27 0.001 10 25000 1.543e+14 200 4 1 1 
1.15725e+14 3.23004e-13 -1.10519e-23 4.97118e+27 0.001 10 25000 1.543e+14 201 4 1 1 
1.92875e+14 1.68166e-13 7.36791e-24 4.97118e+27 0.001 10 25000 1.543e+14 202 3 1 1 
2.70025e+14 2.8732e-13 3.68395e-24 4.97118e+27 0.001 10 25000 1.543e+14 203 3 1 1 
3.47175e+14 1.6632e-13 -2.04501e-38 4.97118e+27 0.001 10 25000 1.543e+14 204 3 1 1 
4.24325e+14 4.79659e-13 -5.11251e-39 4.97118e+27 0.001 10 25000 1.543e+14 205 4 1 1 
5.01475e+14 -8.55806e-13 1.91719e-38 4.97118e+27 0.001 10 25000 1.543e+14 206 4 1 1 
5.78625e+14 -2.57656e-12 6.71017e-39 4.97118e+27 0.001 10 25000 1.543e+14 207 5 1 1 
6.55775e+14 -8.13417e-13 -1.91719e-38 4.97118e+27 0.001 10 25000 1.543e+14 208 5 1 1 
7.32925e+14 -2.41619e-12 -1.0225e-38 4.97118e+27 0.001 10 25000 1.543e+14 209 4 1 1 
8.10075e+14 1.87409e-12 8.9469e-39 4.97118e+27 0.001 10 25000 1.543e+14 210 3 1 1 
8.87225e+14 1.19632e-12 -8.9469e-39 4.97118e+27 0.001 10 25000 1.543e+14 211 3 1 1 
9.64375e+14 4.75648e-12 3.68395e-24 4.97118e+27 0.001 10 25000 1.543e+14 212 4 1 1 
1.04153e+15 3.01635e-12 -3.68395e-24 4.97118e+27 0.001 10 25000 1.543e+14 213 5 1 1 
1.11868e+15 2.53381e-12 5.52593e-24 4.97118e+27 0.001 10 25000 1.543e+14 214 5 1 1 
1.19583e+15 1.98835e-12 -3.68395e-24 4.97118e+27 0.001 10 25000 1.543e+14 215 5 1 1 
1.27298e+15 1.48807e-12 3.68395e-24 4.97118e+27 0.001 10 25000 1.543e+14 216 5 1 1 
1.35013e+15 9.81639e-13 1.45306e-54 4.97118e+27 0.001 10 25000 1.543e+14 217 5 1 1 
1.42728e+15 7.47517e-13 7.26532e-55 4.97118e+27 0.001 10 25000 1.543e+14 218 5 1 1 
1.50443e+15 4.93642e-13 1.84198e-24 4.97118e+27 0.001 10 25000 1.543e+14 219 5 1 1 
1.58158e+15 3.24567e-13 -1.84198e-24 4.97118e+27 0.001 10 25000 1.543e+14 220 5 1 1 
1.65873e+15 1.54122e-13 1.84198e-24 4.97118e+27 0.001 10 25000 1.543e+14 221 5 1 1 
1.73588e+15 3.43456e-14 3.63266e-55 4.97118e+27 0.001 10 25000 1.543e+14 222 5 1 1 
1.81303e+15 6.77348e-45 0 4.97118e+27 0.001 10 25000 1.543e+14 223 5 1 1 
1.89018e+15 0 0 4.97118e+27 0.001 10 25000 1.543e+14 224 5 1 1 
1.96733e+15 0 0 4.97118e+27 0.001 10 25000 1.543e+14 225 5 1 1 
2.04448e+15 0 0 4.97118e+27 0.001 10 25000 1.543e+14 226 5 1 1 
2.12163e+15 0 0 4.97118e+27 0.001 10 25000 1.543e+14 227 5 1 1 
2.19878e+15 0 0 4.97118e+27 0.001 10 25000 1.543e+14 228 5 1 1 
2.27593e+15 0 0 4.97118e+27 0.001 10 25000 1.543e+14 229 5 1 1 
2.35308e+15 0 0 4.97118e+27 0.001 10 25000 1.543e+14 230 5 1 1 
2.43023e+15 0 0 4.97118e+27 0.001 10 25000 1.543e+14 231 5 1 1 
2.50738e+15 0 0 4.97118e+27 0.001 10 25000 1.543e+14 232 5 1 1 
2.58453e+15 0 0 4.97118e+27 0.001 10 25000 1.543e+14 233 5 1 1 
2.66168e+15 0 0 4.97118e+27 0.001 10 25000 1.543e+14 234 5 1 1 
2.73883e+15 0 0 4.97118e+27 0.001 10 25000 1.543e+14 235 5 1 1 
2.81598e+15 0 0 4.97118e+27 0.001 10 25000 1.543e+14 236 5 1 1 
2.89313e+15 -4.60495e-43 -3.63266e-55 4.97118e+27 0.001 10 25000 1.543e+14 237 5 1 1 
2.97028e+15 -1.69188e-13 0 4.97118e+27 0.001 10 25000 1.543e+14 238 5 1 1 
3.04743e+15 -3.37357e-13 3.63266e-55 4.97118e+27 0.001 10 25000 1.543e+14 239 5 1 1 
3.12458e+15 5.73912e-13 1.84198e-24 4.97118e+27 0.001 10 25000 1.543e+14 240 5 1 1 
3.20173e+15 4.42921e-13 1.84198e-24 4.97118e+27 0.001 10 25000 1.543e+14 241 5 1 1 
3.27888e+15 3.63492e-12 -1.81633e-54 4.97118e+27 0.001 10 25000 1.543e+14 242 5 1 1 
3.35603e+15 2.69688e-12 3.68395e-24 4.97118e+27 0.001 10 25000 1.543e+14 243 5 1 1 
3.43318e+15 2.41359e-12 -8.35512e-54 4.97118e+27 0.001 10 25000 1.543e+14 244 5 1 1 
3.51033e+15 -8.70765e-13 3.68395e-24 4.97118e+27 0.001 10 25000 1.543e+14 245 5 1 1 
3.58748e+15 -8.01146e-13 -5.52593e-24 4.97118e+27 0.001 10 25000 1.543e+14 246 5 1 1 
3.66463e+15 -3.54253e-12 -5.52593e-24 4.97118e+27 0.001 10 25000 1.543e+14 247 5 1 1 
3.74178e+15 8.46411e-13 -1.10519e-23 4.97118e+27 0.001 10 25000 1.543e+14 248 5 1 1 
3.81893e+15 -2.15193e-12 -1.10519e-23 4.97118e+27 0.001 10 25000 1.543e+14 249 4 1 1 
3.89608e+15 2.15193e-12 1.10519e-23 4.97118e+27 0.001 10 25000 1.543e+14 250 4 1 1 
3.97323e+15 -8.46411e-13 1.10519e-23 4.97118e+27 0.001 10 25000 1.543e+14 251 5 1 1 
4.05038e+15 3.54253e-12 5.52593e-24 4.97118e+27 0.001 10 25000 1.543e+14 252 5 1 1 
4.12753e+15 8.01146e-13 5.52593e-24 4.97118e+27 0.001 10 25000 1.543e+14 253 5 1 1 
4.20468e+15 8.70765e-13 -3.68395e-24 4.97118e+27 0.001 10 25000 1.543e+14 254 5 1 1 
4.28183e+15 -2.41359e-12 8.35512e-54 4.97118e+27 0.001 10 25000 1.543e+14 255 5 1 1 
4.35898e+15 -2.69688e-12 -3.68395e-24 4.97118e+27 0.001 10 25000 1.543e+14 256 5 1 1 
4.43613e+15 -3.63492e-12 1.81633e-54 4.97118e+27 0.001 10 25000 1.543e+14 257 5 1 1 
4.51328e+15 -4.42921e-13 -1.84198e-24 4.97118e+27 0.001 10 25000 1.543e+14 258 5 1 1 
4.59043e+15 -5.73912e-13 -1.84198e-24 4.97118e+27 0.001 10 25000 1.543e+14 259 5 1 1 
4.66758e+15 3.37357e-13 -3.63266e-55 4.97118e+27 0.001 10 25000 1.543e+14 260 5 1 1 
4.74473e+15 1.69188e-13 0 4.97118e+27 0.001 10 25000 1.543e+14 261 5 1 1 
4.82188e+15 4.60495e-43 3.63266e-55 4.97118e+27 0.001 10 25000 1.543e+14 262 5 1 1 
4.89903e+15 0 0 4.97118e+27 0.001 10 25000 1.543e+14 263 5 1 1 
4.97618e+15 0 0 4.97118e+27 0.001 10 25000 1.543e+14 264 5 1 1 
5.05333e+15 0 0 4.97118e+27 0.001 10 25000 1.543e+14 265 5 1 1 
5.13048e+15 0 0 4.97118e+27 0.001 10 25000 1.543e+14 266 5 1 1 
5.20763e+15 0 0 4.97118e+27 0.001 10 25000 1.543e+14 267 5 1 1 
5.28478e+15 0 0 4.97118e+27 0.001 10 25000 1.543e+14 268 5 1 1 
5.36193e+15 0 0 4.97118e+27 0.001 10 25000 1.543e+14 269 5 1 1 
5.43908e+15 0 0 4.97118e+27 0.001 10 25000 1.543e+14 270 5 1 1 
5.51623e+15 0 0 4.97118e+27 0.001 10 25000 1.543e+14 271 5 1 1 
5.59338e+15 0 0 4.97118e+27 0.001 10 25000 1.543e+14 272 5 1 1 
5.67053e+15 0 0 4.97118e+27 0.001 10 25000 1.543e+14 273 5 1 1 
5.74768e+15 0 0 4.97118e+27 0.001 10 25000 1.543e+14 274 5 1 1 
5.82483e+15 0 0 4.97118e+27 0.001 10 25000 1.543e+14 275 5 1 1 
5.90198e+15 0 0 4.97118e+27 0.001 10 25000 1.543e+14 276 5 1 1 
5.97913e+15 0 0 4.97118e+27 0.001 10 25000 1.543e+14 277 5 1 1 
6.05628e+15 0 0 4.97118e+27 0.001 10 25000 1.543e+14 278 5 1 1 
6.13343e+15 0 0 4.97118e+27 0.001 10 25000 1.543e+14 279 5 1 1 
6.21058e+15 -6.42812e-44 -3.63266e-55 4.97118e+27 0.001 10 25000 1.543e+14 280 5 1 1 
6.28773e+15 -6.85718e-14 -3.63266e-55 4.97118e+27 0.001 10 25000 1.543e+14 281 5 1 1 
6.36488e+15 -2.05192e-13 0 4.97118e+27 0.001 10 25000 1.543e+14 282 5 1 1 
6.44203e+15 -3.75697e-13 0 4.97118e+27 0.001 10 25000 1.543e+14 283 5 1 1 
6.51918e+15 -5.45239e-13 0 4.97118e+27 0.001 10 25000 1.543e+14 284 5 1 1 
6.59633e+15 -6.79199e-13 3.63266e-55 4.97118e+27 0.001 10 25000 1.543e+14 285 5 1 1 
6.67348e+15 -7.25326e-13 1.84198e-24 4.97118e+27 0.001 10 25000 1.543e+14 286 5 1 1 
6.75063e+15 -9.40593e-13 2.90613e-54 4.97118e+27 0.001 10 25000 1.543e+14 287 5 1 1 
6.82778e+15 1.92883e-12 1.84198e-24 4.97118e+27 0.001 10 25000 1.543e+14 288 5 1 1 
6.90493e+15 4.88835e-13 3.68395e-24 4.97118e+27 0.001 10 25000 1.543e+14 289 5 1 1 
6.98208e+15 -7.42011e-13 -3.68395e-24 4.97118e+27 0.001 10 25000 1.543e+14 290 5 1 1 
7.05923e+15 -1.86363e-12 9.44492e-54 4.97118e+27 0.001 10 25000 1.543e+14 291 5 1 1 
7.13638e+15 1.39503e-12 1.10519e-23 4.97118e+27 0.001 10 25000 1.543e+14 292 5 1 1 
7.21353e+15 -1.08709e-12 7.36791e-24 4.97118e+27 0.001 10 25000 1.543e+14 293 5 1 1 
7.29068e+15 4.83996e-13 -1.10519e-23 4.97118e+27 0.001 10 25000 1.543e+14 294 5 1 1 
7.36783e+15 -2.58446e-12 -1.10519e-23 4.97118e+27 0.001 10 25000 1.543e+14 295 5 1 1 
7.44498e+15 4.36444e-12 2.76297e-23 4.97118e+27 0.001 10 25000 1.543e+14 296 5 1 1 
7.52213e+15 -4.15601e-13 2.76297e-23 4.97118e+27 0.001 10 25000 1.543e+14 297 5 1 1 
7.59928e+15 1.85962e-12 -2.57877e-23 4.97118e+27 0.001 10 25000 1.543e+14 298 5 1 1 
7.67643e+15 -4.55814e-12 -2.39457e-23 4.97118e+27 0.001 10 25000 1.543e+14 299 3 1 1 
7.75358e+15 4.55814e-12 2.39457e-23 4.97118e+27 0.001 10 25000 1.543e+14 300 3 1 1 
7.83073e+15 -1.85962e-12 2.57877e-23 4.97118e+27 0.001 10 25000 1.543e+14 301 5 1 1 
7.90788e+15 4.15601e-13 -2.76297e-23 4.97118e+27 0.001 10 25000 1.543e+14 302 5 1 1 
7.98503e+15 -4.36444e-12 -2.76297e-23 4.97118e+27 0.001 10 25000 1.543e+14 303 5 1 1 
8.06218e+15 2.58446e-12 1.10519e-23 4.97118e+27 0.001 10 25000 1.543e+14 304 5 1 1 
8.13933e+15 -4.83996e-13 1.10519e-23 4.97118e+27 0.001 10 25000 1.543e+14 305 5 1 1 
8.21648e+15 1.08709e-12 -7.36791e-24 4.97118e+27 0.001 10 25000 1.543e+14 306 5 1 1 
8.29363e+15 -1.39503e-12 -1.10519e-23 4.97118e+27 0.001 10 25000 1.543e+14 307 5 1 1 
8.37078e+15 1.86363e-12 -9.44492e-54 4.97118e+27 0.001 10 25000 1.543e+14 308 5 1 1 
8.44793e+15 7.42011e-13 3.68395e-24 4.97118e+27 0.001 10 25000 1.543e+14 309 5 1 1 
8.52508e+15 -4.88835e-13 -3.68395e-24 4.97118e+27 0.001 10 25000 1.543e+14 310 5 1 1 
8.60223e+15 -1.92883e-12 -1.84198e-24 4.97118e+27 0.001 10 25000 1.543e+14 311 5 1 1 
8.67938e+15 9.40593e-13 -2.90613e-54 4.97118e+27 0.001 10 25000 1.543e+14 312 5 1 1 
8.75653e+15 7.25326e-13 -1.84198e-24 4.97118e+27 0.001 10 25000 1.543e+14 313 5 1 1 
8.83368e+15 6.79199e-13 -3.63266e-55 4.97118e+27 0.001 10 25000 1.543e+14 314 5 1 1 
8.91083e+15 5.45239e-13 0 4.97118e+27 0.001 10 25000 1.543e+14 315 5 1 1 
8.98798e+15 3.75697e-13 0 4.97118e+27 0.001 10 25000 1.543e+14 316 5 1 1 
9.06513e+15 2.05192e-13 0 4.97118e+27 0.001 10 25000 1.543e+14 317 5 1 1 
9.14228e+15 6.85718e-14 3.63266e-55 4.97118e+27 0.001 10 25000 1.543e+14 318 5 1 1 
9.21943e+15 6.42812e-44 3.63266e-55 4.97118e+27 0.001 10 25000 1.543e+14 319 5 1 1 
9.29658e+15 0 0 4.97118e+27 0.001 10 25000 1.543e+14 320 5 1 1 
9.37373e+15 0 0 4.97118e+27 0.001 10 25000 1.543e+14 321 5 1 1 
9.45088e+15 0 0 4.97118e+27 0.001 10 25000 1.543e+14 322 5 1 1 
9.52803e+15 0 0 4.97118e+27 0.001 10 25000 1.543e+14 323 5 1 1 
9.60518e+15 0 0 4.97118e+27 0.001 10 25000 1.543e+14 324 5 1 1 
9.68233e+15 0 0 4.97118e+27 0.001 10 25000 1.543e+14 325 5 1 1 
9.75948e+15 0 0 4.97118e+27 0.001 10 25000 1.543e+14 326 5 1 1 
9.83663e+15 0 0 4.97118e+27 0.001 10 25000 1.543e+14 327 5 1 1 
9.91378e+15 0 0 4.97118e+27 0.001 10 25000 1.543e+14 328 5 1 1 
9.99093e+15 1.71821e-14 1.84198e-24 4.97118e+27 0.001 10 25000 1.543e+14 329 5 1 1 
1.00681e+16 1.11679e-12 9.76248e-23 4.97118e+27 0.001 10 25000 1.543e+14 330 5 1 1 
1.01452e+16 1.02683e-11 1.10519e-23 4.97118e+27 0.001 10 25000 1.543e+14 331 4 1 1 
1.02224e+16 -1.95686e-10 -1.49311e-20 4.97118e+27 0.001 10 25000 1.543e+14 332 4 1 1 
1.02995e+16 -3.04976e-09 -1.4797e-19 4.97118e+27 0.001 10 25000 1.543e+14 333 4 1 1 
1.03767e+16 -2.38997e-08 -9.49005e-19 4.97118e+27 0.001 10 25000 1.543e+14 334 4 1 1 
1.04538e+16 -1.42255e-07 -4.96427e-18 4.97118e+27 0.001 10 25000 1.543e+14 335 4 1 1 
1.0531e+16 -7.13954e-07 -2.25173e-17 4.97118e+27 0.001 10 25000 1.543e+14 336 4 1 1 
1.06081e+16 -3.16182e-06 -9.14916e-17 4.97118e+27 0.001 10 25000 1.543e+14 337 4 1 1 
1.06853e+16 -1.26633e-05 -3.391e-16 4.97118e+27 0.001 10 25000 1.543e+14 338 4 1 1 
1.07624e+16 -4.65607e-05 -1.15991e-15 4.97118e+27 0.001 10 25000 1.543e+14 339 4 1 1 
1.08396e+16 -0.000158737 -3.69027e-15 4.97118e+27 0.001 10 25000 1.543e+14 340 4 1 1 
1.09167e+16 -0.00050528 -1.09809e-14 4.97118e+27 0.001 10 25000 1.543e+14 341 4 1 1 
1.09939e+16 -0.00150928 -3.0684e-14 4.97118e+27 0.001 10 25000 1.543e+14 342 4 1 1 
1.1071e+16 -0.00424647 -8.07554e-14 4.97118e+27 0.001 10 25000 1.54299e+14 343 4 1 1 
1.11482e+16 -0.0112865 -2.00624e-13 4.97118e+27 0.00100001 10.0001 25000.1 1.54299e+14 344 4 1 1 
1.12253e+16 -0.0284009 -4.71256e-13 4.97118e+27 0.00100002 10.0003 25000.2 1.54297e+14 345 4 1 1 
1.13025e+16 -0.0677801 -1.04783e-12 4.97118e+27 0.00100005 10.0007 25000.5 1.54292e+14 346 4 1 1 
1.13796e+16 -0.153619 -2.20693e-12 4.97118e+27 0.00100012 10.0016 25001.2 1.54282e+14 347 4 1 1 
1.14568e+16 -0.330962 -4.40384e-12 4.97118e+27 0.00100025 10.0035 25002.5 1.54261e+14 348 4 1 1 
1.15339e+16 -0.678188 -8.3219e-12 4.97118e+27 0.00100052 10.0072 25005.1 1.5422e+14 349 4 1 0.999999 
1.1611e+16 -1.3219 -1.48717e-11 4.97118e+27 0.00100101 10.0141 25010 1.54144e+14 350 4 1 0.999997 
1.1688e+16 -2.44961 -2.50646e-11 4.97118e+27 0.00100188 10.0262 25018.7 1.5401e+14 351 4 1 0.999993 
1.1765e+16 -4.30994 -3.96602e-11 4.97118e+27 0.00100332 10.0463 25033 1.53789e+14 352 4 1 0.999983 
1.18418e+16 -7.18402 -5.85216e-11 4.97118e+27 0.00100556 10.0777 25055.4 1.53447e+14 353 4 1 0.999966 
1.19184e+16 -11.3111 -7.98143e-11 4.97118e+27 0.00100881 10.1233 25087.8 1.52952e+14 354 4 1 0.999941 
1.19948e+16 -16.7683 -9.95282e-11 4.97118e+27 0.00101316 10.1846 25131.2 1.52295e+14 355 4 1 0.999914 
1.20707e+16 -23.3434 -1.12146e-10 4.97118e+27 0.00101851 10.2601 25184.4 1.51497e+14 356 4 1 0.999899 
1.21463e+16 -30.4782 -1.12384e-10 4.97118e+27 0.00102444 10.3443 25243.5 1.50618e+14 357 4 1 0.999906 
1.22213e+16 -37.3357 -9.76723e-11 4.97118e+27 0.00103033 10.4278 25301.8 1.49758e+14 358 4 1 0.999945 
1.2296e+16 -42.8988 -6.44535e-11 4.97118e+27 0.00103512 10.4964 25349.3 1.49065e+14 359 3 1 1.00001 
1.23704e+16 -44.5668 5.75036e-11 4.97118e+27 0.00103492 10.4965 25349.6 1.49094e+14 360 4 1 1.00002 
1.24451e+16 -27.7933 5.13316e-10 4.97118e+27 0.00101996 10.2856 25203.7 1.5128e+14 361 4 1 0.999798 
1.25217e+16 10.7384 5.86995e-10 4.97118e+27 0.000992372 9.89336 24925.2 1.55486e+14 362 4 1 0.998082 
1.26006e+16 39.5353 2.97781e-10 4.97118e+27 0.000968596 9.56111 24682.4 1.59303e+14 363 4 1 0.998161 
1.2681e+16 57.5283 2.65946e-10 4.97118e+27 0.000951498 9.32826 24509.2 1.62165e+14 364 4 1 0.999085 
1.27628e+16 80.4741 3.75341e-10 4.97118e+27 0.000932909 9.07497 24317.6 1.65397e+14 365 4 1 0.99902 
1.28465e+16 108.7 4.00215e-10 4.97118e+27 0.000911201 8.77998 24089.1 1.69337e+14 366 4 1 0.998523 
1.29322e+16 137.571 3.83628e-10 4.97118e+27 0.000888867 8.47995 23850.9 1.73592e+14 367 4 1 0.998318 
1.30201e+16 166.628 3.80317e-10 4.97118e+27 0.000866652 8.18485 23610.8 1.78042e+14 368 4 1 0.998265 
1.31103e+16 196.655 3.83368e-10 4.97118e+27 0.000844222 7.88989 23364.6 1.82772e+14 369 4 1 0.998152 
1.32029e+16 227.763 3.8331e-10 4.97118e+27 0.000821498 7.59418 23111 1.87828e+14 370 4 1 0.998004 
1.32981e+16 259.942 3.82104e-10 4.97118e+27 0.000798556 7.29896 22850.8 1.93224e+14 371 4 1 0.997857 
1.33962e+16 293.083 3.80982e-10 4.97118e+27 0.000775424 7.0047 22583.7 1.98988e+14 372 4 1 0.997702 
1.34972e+16 327.242 3.77818e-10 4.97118e+27 0.000752157 6.71225 22310.3 2.05143e+14 373 4 1 0.997539 
1.36014e+16 362.342 3.73044e-10 4.97118e+27 0.000728862 6.42305 22031.4 2.117e+14 374 4 1 0.997382 
1.37089e+16 398.208 3.65824e-10 4.97118e+27 0.00070568 6.13889 21748.5 2.18654e+14 375 4 1 0.997239 
1.38201e+16 434.561 3.53088e-10 4.97118e+27 0.00068288 5.86301 21464.7 2.25955e+14 376 4 1 0.99714 
1.3935e+16 470.567 3.32515e-10 4.97118e+27 0.000660906 5.60058 21185.8 2.33468e+14 377 4 1 0.997138 
1.40536e+16 505.059 2.98979e-10 4.97118e+27 0.000640423 5.35909 20920.7 2.40934e+14 378 4 1 0.997298 
1.41759e+16 536.495 2.53528e-10 4.97118e+27 0.000622203 5.14687 20680.7 2.4799e+14 379 4 1 0.997667 
1.43017e+16 563.383 2.05242e-10 4.97118e+27 0.000606682 4.96811 20473 2.54334e+14 380 4 1 0.998168 
1.44303e+16 586.5 1.82101e-10 4.97118e+27 0.000593205 4.81448 20290.2 2.60112e+14 381 4 1 0.99857 
1.45618e+16 610.072 2.05133e-10 4.97118e+27 0.000579804 4.66305 20106 2.66124e+14 382 4 1 0.998614 
1.46965e+16 637.907 2.28241e-10 4.97118e+27 0.000565302 4.50053 19903.4 2.72951e+14 383 4 1 0.998304 
1.48348e+16 665.283 1.7816e-10 4.97118e+27 0.000551858 4.35121 19712.5 2.79601e+14 384 4 1 0.9983 
1.49761e+16 681.294 5.08313e-11 4.97118e+27 0.000543855 4.26314 19597.9 2.83715e+14 385 4 1 0.999248 
1.51185e+16 681.634 -2.12719e-11 4.97118e+27 0.000542066 4.24381 19572.7 2.84652e+14 386 5 1 0.999955 
1.52608e+16 680.602 -6.49448e-12 4.97118e+27 0.000542548 4.2493 19580.2 2.84399e+14 387 4 1 0.999997 
1.54029e+16 679.357 -9.40409e-12 4.97118e+27 0.000543074 4.25514 19588.2 2.84123e+14 388 4 1 0.999996 
1.55449e+16 678.174 -7.54917e-12 4.97118e+27 0.000543679 4.2619 19597.5 2.83807e+14 389 4 1 0.999998 
1.56867e+16 677.209 -5.92939e-12 4.97118e+27 0.000544193 4.26768 19605.5 2.83539e+14 390 4 1 0.999999 
1.58284e+16 676.449 -4.50352e-12 4.97118e+27 0.000544597 4.27227 19612 2.83329e+14 391 4 1 0.999999 
1.59701e+16 675.875 -3.41223e-12 4.97118e+27 0.000544903 4.27581 19617.3 2.8317e+14 392 4 1 1 
1.61116e+16 675.444 -2.53456e-12 4.97118e+27 0.000545124 4.27845 19621.5 2.83055e+14 393 4 1 1 
1.62531e+16 675.113 -1.89051e-12 4.97118e+27 0.000545268 4.28031 19624.8 2.8298e+14 394 4 1 1 
1.63946e+16 674.86 -1.48006e-12 4.97118e+27 0.000545297 4.28119 19627.8 2.82965e+14 395 3 1 1 
1.65361e+16 674.661 -1.21823e-12 4.97118e+27 0.000544979 4.27976 19632.7 2.8313e+14 396 4 1 1 
1.66777e+16 674.496 -1.0445e-12 4.97118e+27 0.000543436 4.26317 19612.1 2.83934e+14 397 4 1 0.999989 
1.682e+16 674.349 -9.32855e-13 4.97118e+27 0.000530387 4.10939 19369.8 2.9092e+14 398 4 1 0.99968 
1.69688e+16 674.208 -8.37569e-13 4.97118e+27 0.000506374 4.39642 21705.4 3.04716e+14 399 4 1 0.994728 
1.71249e+16 674.069 -7.30444e-13 4.97118e+27 0.000480897 4.15087 21578.8 3.20858e+14 400 4 1 0.993719 
1.72899e+16 673.926 -5.96906e-13 4.97118e+27 0.000458458 4.49543 24513.9 3.36563e+14 401 4 1 0.99371 
1.74617e+16 673.772 -3.74759e-13 4.97118e+27 0.000449865 4.30121 23902.8 3.42992e+14 402 5 1 0.998665 
1.76329e+16 673.584 1.11608e-13 4.97118e+27 0.000451441 4.28424 23725.4 3.41794e+14 403 4 1 0.999973 
1.78035e+16 673.282 1.14966e-12 4.97118e+27 0.000452947 4.28229 23635.7 3.40658e+14 404 4 1 0.999998 
1.79736e+16 672.573 4.42287e-12 4.97118e+27 0.000453619 4.27817 23577.9 3.40154e+14 405 3 1 1 
1.81436e+16 670.573 1.46113e-11 4.97118e+27 0.000452988 4.26152 23518.8 3.40627e+14 406 4 1 1 
1.83142e+16 664.841 4.02145e-11 4.97118e+27 0.000449777 4.21361 23420.1 3.43059e+14 407 4 1 0.999922 
1.84867e+16 649.953 1.07624e-10 4.97118e+27 0.000441013 4.09476 23211.4 3.49876e+14 408 4 1 0.999319 
1.86642e+16 615.284 2.20594e-10 4.97118e+27 0.000422746 3.85455 22793.1 3.64995e+14 409 4 1 0.996668 
1.8852e+16 545.739 4.84735e-10 4.97118e+27 0.000389034 3.42058 21978.8 3.96624e+14 410 4 1 0.989359 
1.90623e+16 393.179 9.59415e-10 4.97118e+27 0.000338754 2.79541 20629.5 4.55492e+14 411 4 1 0.973411 
1.9312e+16 182.933 9.38888e-10 4.97118e+27 0.000289565 2.22017 19170.8 5.32868e+14 412 4 1 0.957929 
1.95996e+16 43.6051 3.99891e-10 4.97118e+27 0.000260847 1.90667 18276.4 5.91535e+14 413 4 1 0.974398 
1.99047e+16 3.02663 6.22954e-11 4.97118e+27 0.00025146 1.80964 17992.2 6.13618e+14 414 4 1 0.995689 
2.02133e+16 -0.576399 -2.17116e-12 4.97118e+27 0.00024999 1.79489 17949.7 6.17224e+14 415 4 1 0.999868 
2.05219e+16 -0.0296393 -9.37301e-13 4.97118e+27 0.000249979 1.79479 17949.4 6.17251e+14 416 5 1 1 
2.08305e+16 0.00977825 4.80031e-14 4.97118e+27 0.000250001 1.79501 17950 6.17198e+14 417 3 1 1 
2.11391e+16 0.0025954 1.97485e-14 4.97118e+27 0.000250001 1.79501 17950 6.17199e+14 418 4 1 1 
2.14477e+16 0.00050345 4.32173e-15 4.97118e+27 0.00025 1.795 17950 6.172e+14 419 4 1 1 
2.17563e+16 8.55737e-05 8.0142e-16 4.97118e+27 0.00025 1.795 17950 6.172e+14 420 4 1 1 
2.20649e+16 1.31437e-05 1.32967e-16 4.97118e+27 0.00025 1.795 17950 6.172e+14 421 4 1 1 
2.23735e+16 1.83005e-06 1.99817e-17 4.97118e+27 0.00025 1.795 17950 6.172e+14 422 4 1 1 
2.26821e+16 2.30036e-07 2.71514e-18 4.97118e+27 0.00025 1.795 17950 6.172e+14 423 4 1 1 
2.29907e+16 2.59017e-08 3.31654e-19 4.97118e+27 0.00025 1.795 17950 6.172e+14 424 4 1 1 
2.32993e+16 2.59077e-09 3.61285e-20 4.97118e+27 0.00025 1.795 17950 6.172e+14 425 4 1 1 
2.36079e+16 2.18247e-10 3.39292e-21 4.97118e+27 0.00025 1.795 17950 6.172e+14 426 4 1 1 
2.39165e+16 1.21545e-11 2.7906e-22 4.97118e+27 0.00025 1.795 17950 6.172e+14 427 4 1 1 
2.42251e+16 4.63367e-13 5.52593e-24 4.97118e+27 0.00025 1.795 17950 6.172e+14 428 5 1 1 
2.45337e+16 2.14614e-14 4.60494e-25 4.97118e+27 0.00025 1.795 17950 6.172e+14 429 5 1 1 
2.48423e+16 1.01561e-44 1.81633e-55 4.97118e+27 0.00025 1.795 17950 6.172e+14 430 5 1 1 
2.51509e+16 0 0 4.97118e+27 0.00025 1.795 17950 6.172e+14 431 5 1 1 
2.54595e+16 0 0 4.97118e+27 0.00025 1.795 17950 6.172e+14 432 5 1 1 
2.57681e+16 0 0 4.97118e+27 0.00025 1.795 17950 6.172e+14 433 5 1 1 
2.60767e+16 0 0 4.97118e+27 0.00025 1.795 17950 6.172e+14 434 5 1 1 
2.63853e+16 0 0 4.97118e+27 0.00025 1.795 17950 6.172e+14 435 5 1 1 
2.66939e+16 0 0 4.97118e+27 0.00025 1.795 17950 6.172e+14 436 5 1 1 
2.70025e+16 0 0 4.97118e+27 0.00025 1.795 17950 6.172e+14 437 5 1 1 
2.73111e+16 0 0 4.97118e+27 0.00025 1.795 17950 6.172e+14 438 5 1 1 
2.76197e+16 0 0 4.97118e+27 0.00025 1.795 17950 6.172e+14 439 5 1 1 
2.79283e+16 -7.61739e-45 -9.08165e-56 4.97118e+27 0.00025 1.795 17950 6.172e+14 440 5 1 1 
2.82369e+16 -6.07766e-44 -1.81633e-55 4.97118e+27 0.00025 1.795 17950 6.172e+14 441 5 1 1 
2.85455e+16 -1.50012e-13 -4.60494e-25 4.97118e+27 0.00025 1.795 17950 6.172e+14 442 5 1 1 
2.88541e+16 -5.90063e-13 -9.20989e-25 4.97118e+27 0.00025 1.795 17950 6.172e+14 443 5 1 1 
2.91627e+16 -1.52757e-12 -1.84198e-24 4.97118e+27 0.00025 1.795 17950 6.172e+14 444 5 1 1 
2.94713e+16 -3.52574e-12 -2.76297e-24 4.97118e+27 0.00025 1.795 17950 6.172e+14 445 5 1 1 
2.97799e+16 -7.02153e-12 -1.84198e-24 4.97118e+27 0.00025 1.795 17950 6.172e+14 446 5 1 1 
3.00885e+16 -1.38925e-11 -4.60494e-24 4.97118e+27 0.00025 1.795 17950 6.172e+14 447 5 1 1 
3.03971e+16 7.11e-12 1.10519e-23 4.97118e+27 0.00025 1.795 17950 6.172e+14 448 5 1 1 
3.07057e+16 -3.43059e-12 1.47358e-23 4.97118e+27 0.00025 1.795 17950 6.172e+14 449 3 1 1 
3.10143e+16 3.43059e-12 -1.47358e-23 4.97118e+27 0.00025 1.795 17950 6.172e+14 450 3 1 1 
3.13229e+16 -7.11e-12 -1.10519e-23 4.97118e+27 0.00025 1.795 17950 6.172e+14 451 5 1 1 
3.16315e+16 1.38925e-11 4.60494e-24 4.97118e+27 0.00025 1.795 17950 6.172e+14 452 5 1 1 
3.19401e+16 7.02153e-12 1.84198e-24 4.97118e+27 0.00025 1.795 17950 6.172e+14 453 5 1 1 
3.22487e+16 3.52574e-12 2.76297e-24 4.97118e+27 0.00025 1.795 17950 6.172e+14 454 5 1 1 
3.25573e+16 1.52757e-12 1.84198e-24 4.97118e+27 0.00025 1.795 17950 6.172e+14 455 5 1 1 
3.28659e+16 5.90063e-13 9.20989e-25 4.97118e+27 0.00025 1.795 17950 6.172e+14 456 5 1 1 
3.31745e+16 1.50012e-13 4.60494e-25 4.97118e+27 0.00025 1.795 17950 6.172e+14 457 5 1 1 
3.34831e+16 6.07766e-44 1.81633e-55 4.97118e+27 0.00025 1.795 17950 6.172e+14 458 5 1 1 
3.37917e+16 7.61739e-45 9.08165e-56 4.97118e+27 0.00025 1.795 17950 6.172e+14 459 5 1 1 
3.41003e+16 0 0 4.97118e+27 0.00025 1.795 17950 6.172e+14 460 5 1 1 
3.44089e+16 0 0 4.97118e+27 0.00025 1.795 17950 6.172e+14 461 5 1 1 
3.47175e+16 0 0 4.97118e+27 0.00025 1.795 17950 6.172e+14 462 5 1 1 
3.50261e+16 0 0 4.97118e+27 0.00025 1.795 17950 6.172e+14 463 5 1 1 
3.53347e+16 0 0 4.97118e+27 0.00025 1.795 17950 6.172e+14 464 5 1 1 
3.56433e+16 0 0 4.97118e+27 0.00025 1.795 17950 6.172e+14 465 5 1 1 
3.59519e+16 0 0 4.97118e+27 0.00025 1.795 17950 6.172e+14 466 5 1 1 
3.62605e+16 0 0 4.97118e+27 0.00025 1.795 17950 6.172e+14 467 5 1 1 
3.65691e+16 0 0 4.97118e+27 0.00025 1.795 17950 6.172e+14 468 5 1 1 
3.68777e+16 -1.26967e-44 -2.72449e-55 4.97118e+27 0.00025 1.795 17950 6.172e+14 469 5 1 1 
3.71863e+16 -3.86389e-14 -1.38148e-24 4.97118e+27 0.00025 1.795 17950 6.172e+14 470 5 1 1 
3.74949e+16 -7.46568e-13 -2.76297e-24 4.97118e+27 0.00025 1.795 17950 6.172e+14 471 5 1 1 
3.78035e+16 -8.12363e-12 -2.39918e-22 4.97118e+27 0.00025 1.795 17950 6.172e+14 472 4 1 1 
3.81121e+16 -2.26471e-10 -3.57344e-21 4.97118e+27 0.00025 1.795 17950 6.172e+14 473 4 1 1 
3.84207e+16 -2.58784e-09 -3.59798e-20 4.97118e+27 0.00025 1.795 17950 6.172e+14 474 4 1 1 
3.87293e+16 -2.58887e-08 -3.31482e-19 4.97118e+27 0.00025 1.795 17950 6.172e+14 475 4 1 1 
3.90379e+16 -2.30039e-07 -2.71538e-18 4.97118e+27 0.00025 1.795 17950 6.172e+14 476 4 1 1 
3.93465e+16 -1.83004e-06 -1.99816e-17 4.97118e+27 0.00025 1.795 17950 6.172e+14 477 4 1 1 
3.96551e+16 -1.31437e-05 -1.32967e-16 4.97118e+27 0.00025 1.795 17950 6.172e+14 478 4 1 1 
3.99637e+16 -8.55737e-05 -8.0142e-16 4.97118e+27 0.00025 1.795 17950 6.172e+14 479 4 1 1 
4.02723e+16 -0.00050345 -4.32173e-15 4.97118e+27 0.00025 1.795 17950 6.172e+14 480 4 1 1 
4.05809e+16 -0.0025954 -1.97485e-14 4.97118e+27 0.000250001 1.79501 17950 6.17199e+14 481 4 1 1 
4.08895e+16 -0.00977825 -4.80031e-14 4.97118e+27 0.000250001 1.79501 17950 6.17198e+14 482 3 1 1 
4.11981e+16 0.0296393 9.37301e-13 4.97118e+27 0.000249979 1.79479 17949.4 6.17251e+14 483 5 1 1 
4.15067e+16 0.576399 2.17116e-12 4.97118e+27 0.00024999 1.79489 17949.7 6.17224e+14 484 4 1 0.999868 
4.18153e+16 -3.02663 -6.22954e-11 4.97118e+27 0.00025146 1.80964 17992.2 6.13618e+14 485 4 1 0.995689 
4.21204e+16 -43.6051 -3.99891e-10 4.97118e+27 0.000260847 1.90667 18276.4 5.91535e+14 486 4 1 0.974398 
4.2408e+16 -182.933 -9.38888e-10 4.97118e+27 0.000289565 2.22017 19170.8 5.32868e+14 487 4 1 0.957929 
4.26577e+16 -393.179 -9.59415e-10 4.97118e+27 0.000338754 2.79541 20629.5 4.55492e+14 488 4 1 0.973411 
4.2868e+16 -545.739 -4.84735e-10 4.97118e+27 0.000389034 3.42058 21978.8 3.96624e+14 489 4 1 0.989359 
4.30558e+16 -615.284 -2.20594e-10 4.97118e+27 0.000422746 3.85455 22793.1 3.64995e+14 490 4 1 0.996668 
4.32333e+16 -649.953 -1.07624e-10 4.97118e+27 0.000441013 4.09476 23211.4 3.49876e+14 491 4 1 0.999319 
4.34058e+16 -664.841 -4.02145e-11 4.97118e+27 0.000449777 4.21361 23420.1 3.43059e+14 492 4 1 0.999922 
4.35764e+16 -670.573 -1.46113e-11 4.97118e+27 0.000452988 4.26152 23518.8 3.40627e+14 493 4 1 1 
4.37464e+16 -672.573 -4.42287e-12 4.97118e+27 0.000453619 4.27817 23577.9 3.40154e+14 494 3 1 1 
4.39165e+16 -673.282 -1.14966e-12 4.97118e+27 0.000452947 4.28229 23635.7 3.40658e+14 495 4 1 0.999998 
4.40871e+16 -673.584 -1.11608e-13 4.97118e+27 0.000451441 4.28424 23725.4 3.41794e+14 496 4 1 0.999973 
4.42583e+16 -673.772 3.74759e-13 4.97118e+27 0.000449865 4.30121 23902.8 3.42992e+14 497 5 1 0.998665 
4.44301e+16 -673.926 5.96906e-13 4.97118e+27 0.000458458 4.49543 24513.9 3.36563e+14 498 4 1 0.99371 
4.45951e+16 -674.069 7.30444e-13 4.97118e+27 0.000480897 4.15087 21578.8 3.20858e+14 499 4 1 0.993719 
