# Time [s]: 2.53643e+12
# Columns: pos [pc], vel [pc/s], acc [pc/s^2], mass [Msun], dens [g/cm^3], pres [barye], ene [erg/g], sml [pc], id, neighbor, alpha, gradh, ...additional?
4.46506e+16 -674.089 7.63473e-13 4.97118e+27 0.00050644 4.39723 21706.6 3.04676e+14 0 4 1 0.994726 
4.47994e+16 -674.216 8.49627e-13 4.97118e+27 0.000530461 4.1102 19370.9 2.90879e+14 1 4 1 0.999678 
4.49417e+16 -674.348 9.36081e-13 4.97118e+27 0.00054352 4.26409 19613.3 2.8389e+14 2 4 1 0.999989 
4.50833e+16 -674.493 1.03787e-12 4.97118e+27 0.000545076 4.28083 19634.1 2.8308e+14 3 4 1 1 
4.52247e+16 -674.661 1.20543e-12 4.97118e+27 0.000545414 4.28248 19629.5 2.82904e+14 4 4 1 1 
4.53662e+16 -674.863 1.50141e-12 4.97118e+27 0.000545415 4.28194 19626.9 2.82904e+14 5 3 1 1 
4.55077e+16 -675.112 1.93704e-12 4.97118e+27 0.000545314 4.28054 19624.2 2.82956e+14 6 4 1 1 
4.56491e+16 -675.436 2.52365e-12 4.97118e+27 0.000545154 4.27856 19620.9 2.83039e+14 7 4 1 1 
4.57907e+16 -675.867 3.36583e-12 4.97118e+27 0.00054493 4.27592 19616.8 2.83156e+14 8 4 1 1 
4.59323e+16 -676.435 4.47526e-12 4.97118e+27 0.000544626 4.27243 19611.8 2.83314e+14 9 4 1 0.999999 
4.6074e+16 -677.181 5.79102e-12 4.97118e+27 0.000544227 4.26792 19605.4 2.83521e+14 10 4 1 0.999999 
4.62158e+16 -678.133 7.35506e-12 4.97118e+27 0.00054373 4.26235 19597.7 2.83781e+14 11 4 1 0.999998 
-1.53622e+16 -679.254 8.89282e-12 4.97118e+27 0.000543156 4.25595 19589 2.8408e+14 12 4 1 0.999997 
-1.52201e+16 -680.415 6.60537e-12 4.97118e+27 0.000542669 4.25055 19581.6 2.84335e+14 13 4 1 0.999997 
-1.50779e+16 -681.2 1.558e-11 4.97118e+27 0.000542241 4.24568 19574.9 2.8456e+14 14 5 1 0.999973 
-1.49355e+16 -681.447 -3.52838e-11 4.97118e+27 0.000543605 4.26037 19594 2.83846e+14 15 4 1 0.99943 
-1.4794e+16 -667.928 -1.56604e-10 4.97118e+27 0.000550491 4.33606 19692.7 2.80295e+14 16 4 1 0.998488 
-1.46552e+16 -642.623 -2.18408e-10 4.97118e+27 0.000562964 4.4744 19870.1 2.74085e+14 17 4 1 0.99833 
-1.45199e+16 -615.065 -2.07438e-10 4.97118e+27 0.000577161 4.63326 20069.1 2.67343e+14 18 4 1 0.998633 
-1.43878e+16 -591.206 -1.79872e-10 4.97118e+27 0.000590453 4.78324 20252.4 2.61325e+14 19 4 1 0.998706 
-1.42585e+16 -569.071 -1.89171e-10 4.97118e+27 0.0006033 4.92939 20427.1 2.5576e+14 20 4 1 0.998432 
-1.4132e+16 -544.463 -2.2904e-10 4.97118e+27 0.000617549 5.09304 20618.5 2.49859e+14 21 4 1 0.998005 
-1.40086e+16 -515.726 -2.71339e-10 4.97118e+27 0.000634162 5.28586 20838.5 2.43313e+14 22 4 1 0.997642 
-1.38887e+16 -483.746 -3.05048e-10 4.97118e+27 0.000652967 5.5066 21083.5 2.36306e+14 23 4 1 0.997445 
-1.37723e+16 -450.008 -3.27169e-10 4.97118e+27 0.000673341 5.74865 21344.1 2.29156e+14 24 4 1 0.997401 
-1.36594e+16 -415.635 -3.41189e-10 4.97118e+27 0.000694656 6.00501 21611.8 2.22124e+14 25 4 1 0.997461 
-1.35501e+16 -381.47 -3.49026e-10 4.97118e+27 0.000716443 6.27032 21880.3 2.1537e+14 26 4 1 0.997576 
-1.3444e+16 -347.884 -3.53659e-10 4.97118e+27 0.000738396 6.54093 22146 2.08966e+14 27 4 1 0.997704 
-1.33411e+16 -315.087 -3.57853e-10 4.97118e+27 0.000760379 6.81514 22407.3 2.02925e+14 28 4 1 0.997843 
-1.3241e+16 -283.199 -3.59493e-10 4.97118e+27 0.000782295 7.0917 22663.4 1.9724e+14 29 4 1 0.997979 
-1.31438e+16 -252.176 -3.60762e-10 4.97118e+27 0.000804066 7.36951 22913.5 1.919e+14 30 4 1 0.998108 
-1.30491e+16 -222.065 -3.61706e-10 4.97118e+27 0.000825669 7.64817 23157.7 1.86879e+14 31 4 1 0.998232 
-1.29569e+16 -192.836 -3.61696e-10 4.97118e+27 0.000847073 7.92717 23396 1.82157e+14 32 4 1 0.998355 
-1.28669e+16 -164.535 -3.59302e-10 4.97118e+27 0.000868216 8.20551 23627.7 1.77721e+14 33 4 1 0.99846 
-1.27791e+16 -137.241 -3.59326e-10 4.97118e+27 0.000889119 8.48329 23853.5 1.73543e+14 34 4 1 0.998509 
-1.26933e+16 -110.314 -3.72617e-10 4.97118e+27 0.000910075 8.76459 24076.9 1.69546e+14 35 4 1 0.998603 
-1.26095e+16 -83.2886 -3.72621e-10 4.97118e+27 0.000930934 9.0478 24296.7 1.65747e+14 36 4 1 0.998996 
-1.25276e+16 -59.6147 -2.85208e-10 4.97118e+27 0.000949559 9.30225 24489.7 1.62497e+14 37 4 1 0.999287 
-1.2447e+16 -42.571 -2.28316e-10 4.97118e+27 0.00096517 9.5146 24647.8 1.59868e+14 38 4 1 0.998742 
-1.23677e+16 -20.9481 -4.57982e-10 4.97118e+27 0.000984557 9.78288 24845 1.5672e+14 39 4 1 0.997965 
-1.22903e+16 15.2244 -5.9256e-10 4.97118e+27 0.00101115 10.16 25115.3 1.52598e+14 40 4 1 0.99936 
-1.22151e+16 41.0349 -1.80563e-10 4.97118e+27 0.00103104 10.4422 25312.2 1.49654e+14 41 4 1 1.00004 
-1.21406e+16 43.2058 3.63656e-11 4.97118e+27 0.00103532 10.4997 25351.6 1.49037e+14 42 3 1 1 
-1.2066e+16 38.8495 8.22128e-11 4.97118e+27 0.00103175 10.4482 25315.9 1.49551e+14 43 4 1 0.999976 
-1.19911e+16 32.737 1.02236e-10 4.97118e+27 0.00102644 10.3726 25263.3 1.50325e+14 44 4 1 0.999926 
-1.19157e+16 25.9836 1.07921e-10 4.97118e+27 0.00102074 10.2918 25206.7 1.51165e+14 45 4 1 0.999909 
-1.18399e+16 19.4104 1.01269e-10 4.97118e+27 0.00101533 10.2153 25152.9 1.5197e+14 46 4 1 0.999914 
-1.17637e+16 13.6528 8.57346e-11 4.97118e+27 0.00101069 10.1499 25106.6 1.52667e+14 47 4 1 0.999934 
-1.16872e+16 9.0591 6.63236e-11 4.97118e+27 0.00100705 10.0986 25070.2 1.5322e+14 48 4 1 0.999958 
-1.16105e+16 5.6864 4.73734e-11 4.97118e+27 0.0010044 10.0614 25043.8 1.53624e+14 49 4 1 0.999977 
-1.15336e+16 3.38647 3.15329e-11 4.97118e+27 0.00100261 10.0364 25026 1.53898e+14 50 4 1 0.999989 
-1.14566e+16 1.91815 1.97042e-11 4.97118e+27 0.00100147 10.0205 25014.6 1.54073e+14 51 4 1 0.999996 
-1.13795e+16 1.03512 1.16211e-11 4.97118e+27 0.00100079 10.011 25007.9 1.54178e+14 52 4 1 0.999998 
-1.13024e+16 0.532706 6.49173e-12 4.97118e+27 0.00100041 10.0057 25004 1.54237e+14 53 4 1 0.999999 
-1.12253e+16 0.261531 3.44195e-12 4.97118e+27 0.0010002 10.0028 25002 1.54269e+14 54 4 1 1 
-1.11482e+16 0.12247 1.73393e-12 4.97118e+27 0.00100009 10.0013 25000.9 1.54286e+14 55 4 1 1 
-1.1071e+16 0.0546732 8.30197e-13 4.97118e+27 0.00100004 10.0006 25000.4 1.54294e+14 56 4 1 1 
-1.09939e+16 0.0232486 3.77719e-13 4.97118e+27 0.00100002 10.0002 25000.2 1.54297e+14 57 4 1 1 
-1.09167e+16 0.00940593 1.63206e-13 4.97118e+27 0.00100001 10.0001 25000.1 1.54299e+14 58 4 1 1 
-1.08396e+16 0.00361536 6.69059e-14 4.97118e+27 0.001 10 25000 1.543e+14 59 4 1 1 
-1.07624e+16 0.00131777 2.59877e-14 4.97118e+27 0.001 10 25000 1.543e+14 60 4 1 1 
-1.06853e+16 0.000454399 9.54669e-15 4.97118e+27 0.001 10 25000 1.543e+14 61 4 1 1 
-1.06081e+16 0.000147782 3.30882e-15 4.97118e+27 0.001 10 25000 1.543e+14 62 4 1 1 
-1.0531e+16 4.51502e-05 1.07855e-15 4.97118e+27 0.001 10 25000 1.543e+14 63 4 1 1 
-1.04538e+16 1.28895e-05 3.29215e-16 4.97118e+27 0.001 10 25000 1.543e+14 64 4 1 1 
-1.03767e+16 3.41306e-06 9.35486e-17 4.97118e+27 0.001 10 25000 1.543e+14 65 4 1 1 
-1.02995e+16 8.29409e-07 2.45393e-17 4.97118e+27 0.001 10 25000 1.543e+14 66 4 1 1 
-1.02224e+16 1.81954e-07 5.86837e-18 4.97118e+27 0.001 10 25000 1.543e+14 67 4 1 1 
-1.01452e+16 3.50871e-08 1.25364e-18 4.97118e+27 0.001 10 25000 1.543e+14 68 4 1 1 
-1.00681e+16 5.6258e-09 2.31153e-19 4.97118e+27 0.001 10 25000 1.543e+14 69 4 1 1 
-9.99092e+15 6.80551e-10 3.39255e-20 4.97118e+27 0.001 10 25000 1.543e+14 70 4 1 1 
-9.91377e+15 3.09339e-11 3.30451e-21 4.97118e+27 0.001 10 25000 1.543e+14 71 4 1 1 
-9.83662e+15 -3.89862e-12 -2.41299e-22 4.97118e+27 0.001 10 25000 1.543e+14 72 5 1 1 
-9.75947e+15 -1.54569e-13 -9.20989e-24 4.97118e+27 0.001 10 25000 1.543e+14 73 5 1 1 
-9.68232e+15 -3.04834e-44 -1.81633e-54 4.97118e+27 0.001 10 25000 1.543e+14 74 5 1 1 
-9.60517e+15 0 0 4.97118e+27 0.001 10 25000 1.543e+14 75 5 1 1 
-9.52802e+15 0 0 4.97118e+27 0.001 10 25000 1.543e+14 76 5 1 1 
-9.45087e+15 0 0 4.97118e+27 0.001 10 25000 1.543e+14 77 5 1 1 
-9.37372e+15 0 0 4.97118e+27 0.001 10 25000 1.543e+14 78 5 1 1 
-9.29657e+15 0 0 4.97118e+27 0.001 10 25000 1.543e+14 79 5 1 1 
-9.21942e+15 0 0 4.97118e+27 0.001 10 25000 1.543e+14 80 5 1 1 
-9.14227e+15 0 0 4.97118e+27 0.001 10 25000 1.543e+14 81 5 1 1 
-9.06512e+15 0 0 4.97118e+27 0.001 10 25000 1.543e+14 82 5 1 1 
-8.98797e+15 0 0 4.97118e+27 0.001 10 25000 1.543e+14 83 5 1 1 
-8.91082e+15 0 0 4.97118e+27 0.001 10 25000 1.543e+14 84 5 1 1 
-8.83367e+15 0 0 4.97118e+27 0.001 10 25000 1.543e+14 85 5 1 1 
-8.75652e+15 0 0 4.97118e+27 0.001 10 25000 1.543e+14 86 5 1 1 
-8.67937e+15 0 0 4.97118e+27 0.001 10 25000 1.543e+14 87 5 1 1 
-8.60222e+15 0 0 4.97118e+27 0.001 10 25000 1.543e+14 88 5 1 1 
-8.52507e+15 0 0 4.97118e+27 0.001 10 25000 1.543e+14 89 5 1 1 
-8.44792e+15 0 0 4.97118e+27 0.001 10 25000 1.543e+14 90 5 1 1 
-8.37077e+15 0 0 4.97118e+27 0.001 10 25000 1.543e+14 91 5 1 1 
-8.29362e+15 0 0 4.97118e+27 0.001 10 25000 1.543e+14 92 5 1 1 
-8.21647e+15 0 0 4.97118e+27 0.001 10 25000 1.543e+14 93 5 1 1 
-8.13932e+15 0 0 4.97118e+27 0.001 10 25000 1.543e+14 94 5 1 1 
-8.06217e+15 0 0 4.97118e+27 0.001 10 25000 1.543e+14 95 5 1 1 
-7.98502e+15 0 0 4.97118e+27 0.001 10 25000 1.543e+14 96 5 1 1 
-7.90787e+15 0 0 4.97118e+27 0.001 10 25000 1.543e+14 97 5 1 1 
-7.83072e+15 0 0 4.97118e+27 0.001 10 25000 1.543e+14 98 5 1 1 
-7.75357e+15 0 0 4.97118e+27 0.001 10 25000 1.543e+14 99 5 1 1 
-7.67642e+15 0 0 4.97118e+27 0.001 10 25000 1.543e+14 100 5 1 1 
-7.59927e+15 0 0 4.97118e+27 0.001 10 25000 1.543e+14 101 5 1 1 
-7.52212e+15 0 0 4.97118e+27 0.001 10 25000 1.543e+14 102 5 1 1 
-7.44497e+15 0 0 4.97118e+27 0.001 10 25000 1.543e+14 103 5 1 1 
-7.36782e+15 0 0 4.97118e+27 0.001 10 25000 1.543e+14 104 5 1 1 
-7.29067e+15 0 0 4.97118e+27 0.001 10 25000 1.543e+14 105 5 1 1 
-7.21352e+15 0 0 4.97118e+27 0.001 10 25000 1.543e+14 106 5 1 1 
-7.13637e+15 0 0 4.97118e+27 0.001 10 25000 1.543e+14 107 5 1 1 
-7.05922e+15 0 0 4.97118e+27 0.001 10 25000 1.543e+14 108 5 1 1 
-6.98207e+15 0 0 4.97118e+27 0.001 10 25000 1.543e+14 109 5 1 1 
-6.90492e+15 0 0 4.97118e+27 0.001 10 25000 1.543e+14 110 5 1 1 
-6.82777e+15 0 0 4.97118e+27 0.001 10 25000 1.543e+14 111 5 1 1 
-6.75062e+15 0 0 4.97118e+27 0.001 10 25000 1.543e+14 112 5 1 1 
-6.67347e+15 0 0 4.97118e+27 0.001 10 25000 1.543e+14 113 5 1 1 
-6.59632e+15 0 0 4.97118e+27 0.001 10 25000 1.543e+14 114 5 1 1 
-6.51917e+15 0 0 4.97118e+27 0.001 10 25000 1.543e+14 115 5 1 1 
-6.44202e+15 0 0 4.97118e+27 0.001 10 25000 1.543e+14 116 5 1 1 
-6.36487e+15 0 0 4.97118e+27 0.001 10 25000 1.543e+14 117 5 1 1 
-6.28772e+15 0 0 4.97118e+27 0.001 10 25000 1.543e+14 118 5 1 1 
-6.21057e+15 0 0 4.97118e+27 0.001 10 25000 1.543e+14 119 5 1 1 
-6.13342e+15 0 0 4.97118e+27 0.001 10 25000 1.543e+14 120 5 1 1 
-6.05627e+15 0 0 4.97118e+27 0.001 10 25000 1.543e+14 121 5 1 1 
-5.97912e+15 0 0 4.97118e+27 0.001 10 25000 1.543e+14 122 5 1 1 
-5.90197e+15 0 0 4.97118e+27 0.001 10 25000 1.543e+14 123 5 1 1 
-5.82482e+15 0 0 4.97118e+27 0.001 10 25000 1.543e+14 124 5 1 1 
-5.74767e+15 0 0 4.97118e+27 0.001 10 25000 1.543e+14 125 5 1 1 
-5.67052e+15 0 0 4.97118e+27 0.001 10 25000 1.543e+14 126 5 1 1 
-5.59337e+15 0 0 4.97118e+27 0.001 10 25000 1.543e+14 127 5 1 1 
-5.51622e+15 0 0 4.97118e+27 0.001 10 25000 1.543e+14 128 5 1 1 
-5.43907e+15 0 0 4.97118e+27 0.001 10 25000 1.543e+14 129 5 1 1 
-5.36192e+15 0 0 4.97118e+27 0.001 10 25000 1.543e+14 130 5 1 1 
-5.28477e+15 0 0 4.97118e+27 0.001 10 25000 1.543e+14 131 5 1 1 
-5.20762e+15 0 0 4.97118e+27 0.001 10 25000 1.543e+14 132 5 1 1 
-5.13047e+15 0 0 4.97118e+27 0.001 10 25000 1.543e+14 133 5 1 1 
-5.05332e+15 0 0 4.97118e+27 0.001 10 25000 1.543e+14 134 5 1 1 
-4.97617e+15 0 0 4.97118e+27 0.001 10 25000 1.543e+14 135 5 1 1 
-4.89902e+15 0 0 4.97118e+27 0.001 10 25000 1.543e+14 136 5 1 1 
-4.82187e+15 0 0 4.97118e+27 0.001 10 25000 1.543e+14 137 5 1 1 
-4.74472e+15 0 0 4.97118e+27 0.001 10 25000 1.543e+14 138 5 1 1 
-4.66757e+15 0 0 4.97118e+27 0.001 10 25000 1.543e+14 139 5 1 1 
-4.59042e+15 0 0 4.97118e+27 0.001 10 25000 1.543e+14 140 5 1 1 
-4.51327e+15 0 0 4.97118e+27 0.001 10 25000 1.543e+14 141 5 1 1 
-4.43612e+15 0 0 4.97118e+27 0.001 10 25000 1.543e+14 142 5 1 1 
-4.35897e+15 0 0 4.97118e+27 0.001 10 25000 1.543e+14 143 5 1 1 
-4.28182e+15 0 0 4.97118e+27 0.001 10 25000 1.543e+14 144 5 1 1 
-4.20467e+15 0 0 4.97118e+27 0.001 10 25000 1.543e+14 145 5 1 1 
-4.12752e+15 0 0 4.97118e+27 0.001 10 25000 1.543e+14 146 5 1 1 
-4.05037e+15 0 0 4.97118e+27 0.001 10 25000 1.543e+14 147 5 1 1 
-3.97322e+15 0 0 4.97118e+27 0.001 10 25000 1.543e+14 148 5 1 1 
-3.89607e+15 0 0 4.97118e+27 0.001 10 25000 1.543e+14 149 5 1 1 
-3.81892e+15 0 0 4.97118e+27 0.001 10 25000 1.543e+14 150 5 1 1 
-3.74177e+15 0 0 4.97118e+27 0.001 10 25000 1.543e+14 151 5 1 1 
-3.66462e+15 0 0 4.97118e+27 0.001 10 25000 1.543e+14 152 5 1 1 
-3.58747e+15 0 0 4.97118e+27 0.001 10 25000 1.543e+14 153 5 1 1 
-3.51032e+15 0 0 4.97118e+27 0.001 10 25000 1.543e+14 154 5 1 1 
-3.43317e+15 0 0 4.97118e+27 0.001 10 25000 1.543e+14 155 5 1 1 
-3.35602e+15 0 0 4.97118e+27 0.001 10 25000 1.543e+14 156 5 1 1 
-3.27887e+15 0 0 4.97118e+27 0.001 10 25000 1.543e+14 157 5 1 1 
-3.20172e+15 0 0 4.97118e+27 0.001 10 25000 1.543e+14 158 5 1 1 
-3.12457e+15 0 0 4.97118e+27 0.001 10 25000 1.543e+14 159 5 1 1 
-3.04742e+15 0 0 4.97118e+27 0.001 10 25000 1.543e+14 160 5 1 1 
-2.97027e+15 0 0 4.97118e+27 0.001 10 25000 1.543e+14 161 5 1 1 
-2.89312e+15 0 0 4.97118e+27 0.001 10 25000 1.543e+14 162 5 1 1 
-2.81597e+15 0 0 4.97118e+27 0.001 10 25000 1.543e+14 163 5 1 1 
-2.73882e+15 0 0 4.97118e+27 0.001 10 25000 1.543e+14 164 5 1 1 
-2.66167e+15 0 0 4.97118e+27 0.001 10 25000 1.543e+14 165 5 1 1 
-2.58452e+15 0 0 4.97118e+27 0.001 10 25000 1.543e+14 166 5 1 1 
-2.50737e+15 0 0 4.97118e+27 0.001 10 25000 1.543e+14 167 5 1 1 
-2.43022e+15 0 0 4.97118e+27 0.001 10 25000 1.543e+14 168 5 1 1 
-2.35307e+15 0 0 4.97118e+27 0.001 10 25000 1.543e+14 169 5 1 1 
-2.27592e+15 0 0 4.97118e+27 0.001 10 25000 1.543e+14 170 5 1 1 
-2.19877e+15 0 0 4.97118e+27 0.001 10 25000 1.543e+14 171 5 1 1 
-2.12162e+15 0 0 4.97118e+27 0.001 10 25000 1.543e+14 172 5 1 1 
-2.04447e+15 0 0 4.97118e+27 0.001 10 25000 1.543e+14 173 5 1 1 
-1.96732e+15 0 0 4.97118e+27 0.001 10 25000 1.543e+14 174 5 1 1 
-1.89017e+15 -1.35573e-44 0 4.97118e+27 0.001 10 25000 1.543e+14 175 5 1 1 
-1.81302e+15 -3.43601e-14 -3.63266e-55 4.97118e+27 0.001 10 25000 1.543e+14 176 5 1 1 
-1.73587e+15 -1.71518e-13 -3.63266e-55 4.97118e+27 0.001 10 25000 1.543e+14 177 5 1 1 
-1.65872e+15 -3.07723e-13 0 4.97118e+27 0.001 10 25000 1.543e+14 178 5 1 1 
-1.58157e+15 -4.77024e-13 0 4.97118e+27 0.001 10 25000 1.543e+14 179 5 1 1 
-1.50442e+15 -6.62212e-13 -1.84198e-24 4.97118e+27 0.001 10 25000 1.543e+14 180 5 1 1 
-1.42727e+15 -8.97499e-13 1.84198e-24 4.97118e+27 0.001 10 25000 1.543e+14 181 5 1 1 
-1.35012e+15 -1.12997e-12 -1.84198e-24 4.97118e+27 0.001 10 25000 1.543e+14 182 5 1 1 
-1.27297e+15 -1.37524e-12 0 4.97118e+27 0.001 10 25000 1.543e+14 183 5 1 1 
-1.19582e+15 -1.6802e-12 1.84198e-24 4.97118e+27 0.001 10 25000 1.543e+14 184 5 1 1 
-1.11867e+15 -1.89092e-12 -1.78938e-38 4.97118e+27 0.001 10 25000 1.543e+14 185 5 1 1 
-1.04152e+15 -3.49705e-12 -1.0225e-38 4.97118e+27 0.001 10 25000 1.543e+14 186 4 1 1 
-9.64375e+14 3.102e-13 2.04501e-38 4.97118e+27 0.001 10 25000 1.543e+14 187 3 1 1 
-8.87225e+14 5.45112e-15 -2.90613e-54 4.97118e+27 0.001 10 25000 1.543e+14 188 3 1 1 
-8.10075e+14 -8.11433e-13 -2.04501e-38 4.97118e+27 0.001 10 25000 1.543e+14 189 3 1 1 
-7.32925e+14 8.1012e-13 1.0225e-38 4.97118e+27 0.001 10 25000 1.543e+14 190 4 1 1 
-6.55775e+14 -4.36872e-13 -1.84198e-24 4.97118e+27 0.001 10 25000 1.543e+14 191 5 1 1 
-5.78625e+14 -5.80884e-13 -1.84198e-24 4.97118e+27 0.001 10 25000 1.543e+14 192 5 1 1 
-5.01475e+14 -2.61062e-12 -1.84198e-24 4.97118e+27 0.001 10 25000 1.543e+14 193 4 1 1 
-4.24325e+14 1.05463e-12 2.04501e-38 4.97118e+27 0.001 10 25000 1.543e+14 194 3 1 1 
-3.47175e+14 -1.50676e-13 -1.84198e-24 4.97118e+27 0.001 10 25000 1.543e+14 195 3 1 1 
-2.70025e+14 -6.91039e-13 -3.68395e-24 4.97118e+27 0.001 10 25000 1.543e+14 196 3 1 1 
-1.92875e+14 -1.45894e-13 -1.84198e-24 4.97118e+27 0.001 10 25000 1.543e+14 197 4 1 1 
-1.15725e+14 -3.44702e-13 -1.27813e-39 4.97118e+27 0.001 10 25000 1.543e+14 198 3 1 1 
-3.8575e+13 1.81901e-14 5.52593e-24 4.97118e+27 0.001 10 25000 1.543e+14 199 4 1 1 
3.8575e+13 -6.28411e-14 1.27813e-39 4.97118e+27 0.001 10 25000 1.543e+14 200 4 1 1 
1.15725e+14 2.37777e-13 9.20989e-24 4.97118e+27 0.001 10 25000 1.543e+14 201 5 1 1 
1.92875e+14 -2.27632e-13 -1.65778e-23 4.97118e+27 0.001 10 25000 1.543e+14 202 4 1 1 
2.70025e+14 8.37045e-13 3.68395e-24 4.97118e+27 0.001 10 25000 1.543e+14 203 3 1 1 
3.47175e+14 4.06762e-13 3.68395e-24 4.97118e+27 0.001 10 25000 1.543e+14 204 4 1 1 
4.24325e+14 4.79659e-13 -5.11251e-39 4.97118e+27 0.001 10 25000 1.543e+14 205 4 1 1 
5.01475e+14 -8.55806e-13 1.91719e-38 4.97118e+27 0.001 10 25000 1.543e+14 206 4 1 1 
5.78625e+14 -2.57656e-12 6.71017e-39 4.97118e+27 0.001 10 25000 1.543e+14 207 5 1 1 
6.55775e+14 -8.13417e-13 -1.91719e-38 4.97118e+27 0.001 10 25000 1.543e+14 208 5 1 1 
7.32925e+14 -2.41619e-12 -1.0225e-38 4.97118e+27 0.001 10 25000 1.543e+14 209 4 1 1 
8.10075e+14 2.16618e-12 1.84198e-24 4.97118e+27 0.001 10 25000 1.543e+14 210 3 1 1 
8.87225e+14 1.28209e-12 1.84198e-24 4.97118e+27 0.001 10 25000 1.543e+14 211 3 1 1 
9.64375e+14 4.80799e-12 -1.84198e-24 4.97118e+27 0.001 10 25000 1.543e+14 212 4 1 1 
1.04153e+15 3.10229e-12 1.84198e-24 4.97118e+27 0.001 10 25000 1.543e+14 213 5 1 1 
1.11868e+15 2.56806e-12 1.84198e-24 4.97118e+27 0.001 10 25000 1.543e+14 214 5 1 1 
1.19583e+15 2.05707e-12 -3.68395e-24 4.97118e+27 0.001 10 25000 1.543e+14 215 5 1 1 
1.27298e+15 1.55682e-12 3.68395e-24 4.97118e+27 0.001 10 25000 1.543e+14 216 5 1 1 
1.35013e+15 1.11896e-12 7.26532e-55 4.97118e+27 0.001 10 25000 1.543e+14 217 5 1 1 
1.42728e+15 8.16251e-13 7.26532e-55 4.97118e+27 0.001 10 25000 1.543e+14 218 5 1 1 
1.50443e+15 5.623e-13 1.84198e-24 4.97118e+27 0.001 10 25000 1.543e+14 219 5 1 1 
1.58158e+15 3.76089e-13 0 4.97118e+27 0.001 10 25000 1.543e+14 220 5 1 1 
1.65873e+15 2.05629e-13 0 4.97118e+27 0.001 10 25000 1.543e+14 221 5 1 1 
1.73588e+15 6.87086e-14 3.63266e-55 4.97118e+27 0.001 10 25000 1.543e+14 222 5 1 1 
1.81303e+15 3.04769e-44 3.63266e-55 4.97118e+27 0.001 10 25000 1.543e+14 223 5 1 1 
1.89018e+15 0 0 4.97118e+27 0.001 10 25000 1.543e+14 224 5 1 1 
1.96733e+15 0 0 4.97118e+27 0.001 10 25000 1.543e+14 225 5 1 1 
2.04448e+15 0 0 4.97118e+27 0.001 10 25000 1.543e+14 226 5 1 1 
2.12163e+15 0 0 4.97118e+27 0.001 10 25000 1.543e+14 227 5 1 1 
2.19878e+15 0 0 4.97118e+27 0.001 10 25000 1.543e+14 228 5 1 1 
2.27593e+15 0 0 4.97118e+27 0.001 10 25000 1.543e+14 229 5 1 1 
2.35308e+15 0 0 4.97118e+27 0.001 10 25000 1.543e+14 230 5 1 1 
2.43023e+15 0 0 4.97118e+27 0.001 10 25000 1.543e+14 231 5 1 1 
2.50738e+15 0 0 4.97118e+27 0.001 10 25000 1.543e+14 232 5 1 1 
2.58453e+15 0 0 4.97118e+27 0.001 10 25000 1.543e+14 233 5 1 1 
2.66168e+15 0 0 4.97118e+27 0.001 10 25000 1.543e+14 234 5 1 1 
2.73883e+15 0 0 4.97118e+27 0.001 10 25000 1.543e+14 235 5 1 1 
2.81598e+15 0 0 4.97118e+27 0.001 10 25000 1.543e+14 236 5 1 1 
2.89313e+15 -5.14687e-43 -3.63266e-55 4.97118e+27 0.001 10 25000 1.543e+14 237 5 1 1 
2.97028e+15 -1.69188e-13 0 4.97118e+27 0.001 10 25000 1.543e+14 238 5 1 1 
3.04743e+15 -3.37357e-13 3.63266e-55 4.97118e+27 0.001 10 25000 1.543e+14 239 5 1 1 
3.12458e+15 8.48696e-13 1.84198e-24 4.97118e+27 0.001 10 25000 1.543e+14 240 5 1 1 
3.20173e+15 7.17705e-13 1.84198e-24 4.97118e+27 0.001 10 25000 1.543e+14 241 5 1 1 
3.27888e+15 3.9097e-12 -2.90613e-54 4.97118e+27 0.001 10 25000 1.543e+14 242 5 1 1 
3.35603e+15 2.93733e-12 3.63266e-55 4.97118e+27 0.001 10 25000 1.543e+14 243 5 1 1 
3.43318e+15 2.41356e-12 -8.71838e-54 4.97118e+27 0.001 10 25000 1.543e+14 244 5 1 1 
3.51033e+15 -7.50714e-13 -1.84198e-24 4.97118e+27 0.001 10 25000 1.543e+14 245 5 1 1 
3.58748e+15 -1.2819e-12 1.84198e-24 4.97118e+27 0.001 10 25000 1.543e+14 246 5 1 1 
3.66463e+15 -4.2466e-12 -3.68395e-24 4.97118e+27 0.001 10 25000 1.543e+14 247 5 1 1 
3.74178e+15 -6.47668e-13 -9.20989e-24 4.97118e+27 0.001 10 25000 1.543e+14 248 5 1 1 
3.81893e+15 -3.73191e-12 -7.36791e-24 4.97118e+27 0.001 10 25000 1.543e+14 249 4 1 1 
3.89608e+15 3.73191e-12 7.36791e-24 4.97118e+27 0.001 10 25000 1.543e+14 250 4 1 1 
3.97323e+15 6.47668e-13 9.20989e-24 4.97118e+27 0.001 10 25000 1.543e+14 251 5 1 1 
4.05038e+15 4.2466e-12 3.68395e-24 4.97118e+27 0.001 10 25000 1.543e+14 252 5 1 1 
4.12753e+15 1.2819e-12 -1.84198e-24 4.97118e+27 0.001 10 25000 1.543e+14 253 5 1 1 
4.20468e+15 7.50714e-13 1.84198e-24 4.97118e+27 0.001 10 25000 1.543e+14 254 5 1 1 
4.28183e+15 -2.41356e-12 8.71838e-54 4.97118e+27 0.001 10 25000 1.543e+14 255 5 1 1 
4.35898e+15 -2.93733e-12 -3.63266e-55 4.97118e+27 0.001 10 25000 1.543e+14 256 5 1 1 
4.43613e+15 -3.9097e-12 2.90613e-54 4.97118e+27 0.001 10 25000 1.543e+14 257 5 1 1 
4.51328e+15 -7.17705e-13 -1.84198e-24 4.97118e+27 0.001 10 25000 1.543e+14 258 5 1 1 
4.59043e+15 -8.48696e-13 -1.84198e-24 4.97118e+27 0.001 10 25000 1.543e+14 259 5 1 1 
4.66758e+15 3.37357e-13 -3.63266e-55 4.97118e+27 0.001 10 25000 1.543e+14 260 5 1 1 
4.74473e+15 1.69188e-13 0 4.97118e+27 0.001 10 25000 1.543e+14 261 5 1 1 
4.82188e+15 5.14687e-43 3.63266e-55 4.97118e+27 0.001 10 25000 1.543e+14 262 5 1 1 
4.89903e+15 0 0 4.97118e+27 0.001 10 25000 1.543e+14 263 5 1 1 
4.97618e+15 0 0 4.97118e+27 0.001 10 25000 1.543e+14 264 5 1 1 
5.05333e+15 0 0 4.97118e+27 0.001 10 25000 1.543e+14 265 5 1 1 
5.13048e+15 0 0 4.97118e+27 0.001 10 25000 1.543e+14 266 5 1 1 
5.20763e+15 0 0 4.97118e+27 0.001 10 25000 1.543e+14 267 5 1 1 
5.28478e+15 0 0 4.97118e+27 0.001 10 25000 1.543e+14 268 5 1 1 
5.36193e+15 0 0 4.97118e+27 0.001 10 25000 1.543e+14 269 5 1 1 
5.43908e+15 0 0 4.97118e+27 0.001 10 25000 1.543e+14 270 5 1 1 
5.51623e+15 0 0 4.97118e+27 0.001 10 25000 1.543e+14 271 5 1 1 
5.59338e+15 0 0 4.97118e+27 0.001 10 25000 1.543e+14 272 5 1 1 
5.67053e+15 0 0 4.97118e+27 0.001 10 25000 1.543e+14 273 5 1 1 
5.74768e+15 0 0 4.97118e+27 0.001 10 25000 1.543e+14 274 5 1 1 
5.82483e+15 0 0 4.97118e+27 0.001 10 25000 1.543e+14 275 5 1 1 
5.90198e+15 0 0 4.97118e+27 0.001 10 25000 1.543e+14 276 5 1 1 
5.97913e+15 0 0 4.97118e+27 0.001 10 25000 1.543e+14 277 5 1 1 
6.05628e+15 0 0 4.97118e+27 0.001 10 25000 1.543e+14 278 5 1 1 
6.13343e+15 0 0 4.97118e+27 0.001 10 25000 1.543e+14 279 5 1 1 
6.21058e+15 -1.18473e-43 -3.63266e-55 4.97118e+27 0.001 10 25000 1.543e+14 280 5 1 1 
6.28773e+15 -6.85718e-14 -3.63266e-55 4.97118e+27 0.001 10 25000 1.543e+14 281 5 1 1 
6.36488e+15 -2.05192e-13 0 4.97118e+27 0.001 10 25000 1.543e+14 282 5 1 1 
6.44203e+15 -3.75697e-13 0 4.97118e+27 0.001 10 25000 1.543e+14 283 5 1 1 
6.51918e+15 -5.45239e-13 3.63266e-55 4.97118e+27 0.001 10 25000 1.543e+14 284 5 1 1 
6.59633e+15 -6.79199e-13 3.63266e-55 4.97118e+27 0.001 10 25000 1.543e+14 285 5 1 1 
6.67348e+15 -5.87934e-13 1.84198e-24 4.97118e+27 0.001 10 25000 1.543e+14 286 5 1 1 
6.75063e+15 -8.03201e-13 2.90613e-54 4.97118e+27 0.001 10 25000 1.543e+14 287 5 1 1 
6.82778e+15 2.20361e-12 1.84198e-24 4.97118e+27 0.001 10 25000 1.543e+14 288 5 1 1 
6.90493e+15 5.91796e-13 -7.26532e-55 4.97118e+27 0.001 10 25000 1.543e+14 289 5 1 1 
6.98208e+15 -7.07644e-13 1.81633e-54 4.97118e+27 0.001 10 25000 1.543e+14 290 5 1 1 
7.05923e+15 -2.00096e-12 9.44492e-54 4.97118e+27 0.001 10 25000 1.543e+14 291 5 1 1 
7.13638e+15 2.59713e-12 7.36791e-24 4.97118e+27 0.001 10 25000 1.543e+14 292 5 1 1 
7.21353e+15 8.06555e-14 7.36791e-24 4.97118e+27 0.001 10 25000 1.543e+14 293 5 1 1 
7.29068e+15 1.75465e-13 7.36791e-24 4.97118e+27 0.001 10 25000 1.543e+14 294 5 1 1 
7.36783e+15 -3.30541e-12 3.68395e-24 4.97118e+27 0.001 10 25000 1.543e+14 295 5 1 1 
7.44498e+15 6.14958e-12 -9.20989e-24 4.97118e+27 0.001 10 25000 1.543e+14 296 5 1 1 
7.52213e+15 1.12891e-12 -1.84198e-24 4.97118e+27 0.001 10 25000 1.543e+14 297 5 1 1 
7.59928e+15 5.55526e-13 3.68395e-24 4.97118e+27 0.001 10 25000 1.543e+14 298 5 1 1 
7.67643e+15 -5.93115e-12 1.28938e-23 4.97118e+27 0.001 10 25000 1.543e+14 299 3 1 1 
7.75358e+15 5.93115e-12 -1.28938e-23 4.97118e+27 0.001 10 25000 1.543e+14 300 3 1 1 
7.83073e+15 -5.55526e-13 -3.68395e-24 4.97118e+27 0.001 10 25000 1.543e+14 301 5 1 1 
7.90788e+15 -1.12891e-12 1.84198e-24 4.97118e+27 0.001 10 25000 1.543e+14 302 5 1 1 
7.98503e+15 -6.14958e-12 9.20989e-24 4.97118e+27 0.001 10 25000 1.543e+14 303 5 1 1 
8.06218e+15 3.30541e-12 -3.68395e-24 4.97118e+27 0.001 10 25000 1.543e+14 304 5 1 1 
8.13933e+15 -1.75465e-13 -7.36791e-24 4.97118e+27 0.001 10 25000 1.543e+14 305 5 1 1 
8.21648e+15 -8.06555e-14 -7.36791e-24 4.97118e+27 0.001 10 25000 1.543e+14 306 5 1 1 
8.29363e+15 -2.59713e-12 -7.36791e-24 4.97118e+27 0.001 10 25000 1.543e+14 307 5 1 1 
8.37078e+15 2.00096e-12 -9.44492e-54 4.97118e+27 0.001 10 25000 1.543e+14 308 5 1 1 
8.44793e+15 7.07644e-13 -1.81633e-54 4.97118e+27 0.001 10 25000 1.543e+14 309 5 1 1 
8.52508e+15 -5.91796e-13 7.26532e-55 4.97118e+27 0.001 10 25000 1.543e+14 310 5 1 1 
8.60223e+15 -2.20361e-12 -1.84198e-24 4.97118e+27 0.001 10 25000 1.543e+14 311 5 1 1 
8.67938e+15 8.03201e-13 -2.90613e-54 4.97118e+27 0.001 10 25000 1.543e+14 312 5 1 1 
8.75653e+15 5.87934e-13 -1.84198e-24 4.97118e+27 0.001 10 25000 1.543e+14 313 5 1 1 
8.83368e+15 6.79199e-13 -3.63266e-55 4.97118e+27 0.001 10 25000 1.543e+14 314 5 1 1 
8.91083e+15 5.45239e-13 -3.63266e-55 4.97118e+27 0.001 10 25000 1.543e+14 315 5 1 1 
8.98798e+15 3.75697e-13 0 4.97118e+27 0.001 10 25000 1.543e+14 316 5 1 1 
9.06513e+15 2.05192e-13 0 4.97118e+27 0.001 10 25000 1.543e+14 317 5 1 1 
9.14228e+15 6.85718e-14 3.63266e-55 4.97118e+27 0.001 10 25000 1.543e+14 318 5 1 1 
9.21943e+15 1.18473e-43 3.63266e-55 4.97118e+27 0.001 10 25000 1.543e+14 319 5 1 1 
9.29658e+15 0 0 4.97118e+27 0.001 10 25000 1.543e+14 320 5 1 1 
9.37373e+15 0 0 4.97118e+27 0.001 10 25000 1.543e+14 321 5 1 1 
9.45088e+15 0 0 4.97118e+27 0.001 10 25000 1.543e+14 322 5 1 1 
9.52803e+15 0 0 4.97118e+27 0.001 10 25000 1.543e+14 323 5 1 1 
9.60518e+15 0 0 4.97118e+27 0.001 10 25000 1.543e+14 324 5 1 1 
9.68233e+15 3.04834e-44 1.81633e-54 4.97118e+27 0.001 10 25000 1.543e+14 325 5 1 1 
9.75948e+15 1.54569e-13 9.20989e-24 4.97118e+27 0.001 10 25000 1.543e+14 326 5 1 1 
9.83663e+15 3.89862e-12 2.41299e-22 4.97118e+27 0.001 10 25000 1.543e+14 327 5 1 1 
9.91378e+15 -3.09339e-11 -3.30451e-21 4.97118e+27 0.001 10 25000 1.543e+14 328 4 1 1 
9.99093e+15 -6.80551e-10 -3.39255e-20 4.97118e+27 0.001 10 25000 1.543e+14 329 4 1 1 
1.00681e+16 -5.6258e-09 -2.31153e-19 4.97118e+27 0.001 10 25000 1.543e+14 330 4 1 1 
1.01452e+16 -3.50871e-08 -1.25364e-18 4.97118e+27 0.001 10 25000 1.543e+14 331 4 1 1 
1.02224e+16 -1.81954e-07 -5.86837e-18 4.97118e+27 0.001 10 25000 1.543e+14 332 4 1 1 
1.02995e+16 -8.29409e-07 -2.45393e-17 4.97118e+27 0.001 10 25000 1.543e+14 333 4 1 1 
1.03767e+16 -3.41306e-06 -9.35486e-17 4.97118e+27 0.001 10 25000 1.543e+14 334 4 1 1 
1.04538e+16 -1.28895e-05 -3.29215e-16 4.97118e+27 0.001 10 25000 1.543e+14 335 4 1 1 
1.0531e+16 -4.51502e-05 -1.07855e-15 4.97118e+27 0.001 10 25000 1.543e+14 336 4 1 1 
1.06081e+16 -0.000147782 -3.30882e-15 4.97118e+27 0.001 10 25000 1.543e+14 337 4 1 1 
1.06853e+16 -0.000454399 -9.54669e-15 4.97118e+27 0.001 10 25000 1.543e+14 338 4 1 1 
1.07624e+16 -0.00131777 -2.59877e-14 4.97118e+27 0.001 10 25000 1.543e+14 339 4 1 1 
1.08396e+16 -0.00361536 -6.69059e-14 4.97118e+27 0.001 10 25000 1.543e+14 340 4 1 1 
1.09167e+16 -0.00940593 -1.63206e-13 4.97118e+27 0.00100001 10.0001 25000.1 1.54299e+14 341 4 1 1 
1.09939e+16 -0.0232486 -3.77719e-13 4.97118e+27 0.00100002 10.0002 25000.2 1.54297e+14 342 4 1 1 
1.1071e+16 -0.0546732 -8.30197e-13 4.97118e+27 0.00100004 10.0006 25000.4 1.54294e+14 343 4 1 1 
1.11482e+16 -0.12247 -1.73393e-12 4.97118e+27 0.00100009 10.0013 25000.9 1.54286e+14 344 4 1 1 
1.12253e+16 -0.261531 -3.44195e-12 4.97118e+27 0.0010002 10.0028 25002 1.54269e+14 345 4 1 1 
1.13024e+16 -0.532706 -6.49173e-12 4.97118e+27 0.00100041 10.0057 25004 1.54237e+14 346 4 1 0.999999 
1.13795e+16 -1.03512 -1.16211e-11 4.97118e+27 0.00100079 10.011 25007.9 1.54178e+14 347 4 1 0.999998 
1.14566e+16 -1.91815 -1.97042e-11 4.97118e+27 0.00100147 10.0205 25014.6 1.54073e+14 348 4 1 0.999996 
1.15336e+16 -3.38647 -3.15329e-11 4.97118e+27 0.00100261 10.0364 25026 1.53898e+14 349 4 1 0.999989 
1.16105e+16 -5.6864 -4.73734e-11 4.97118e+27 0.0010044 10.0614 25043.8 1.53624e+14 350 4 1 0.999977 
1.16872e+16 -9.0591 -6.63236e-11 4.97118e+27 0.00100705 10.0986 25070.2 1.5322e+14 351 4 1 0.999958 
1.17637e+16 -13.6528 -8.57346e-11 4.97118e+27 0.00101069 10.1499 25106.6 1.52667e+14 352 4 1 0.999934 
1.18399e+16 -19.4104 -1.01269e-10 4.97118e+27 0.00101533 10.2153 25152.9 1.5197e+14 353 4 1 0.999914 
1.19157e+16 -25.9836 -1.07921e-10 4.97118e+27 0.00102074 10.2918 25206.7 1.51165e+14 354 4 1 0.999909 
1.19911e+16 -32.737 -1.02236e-10 4.97118e+27 0.00102644 10.3726 25263.3 1.50325e+14 355 4 1 0.999926 
1.2066e+16 -38.8495 -8.22128e-11 4.97118e+27 0.00103175 10.4482 25315.9 1.49551e+14 356 4 1 0.999976 
1.21406e+16 -43.2058 -3.63656e-11 4.97118e+27 0.00103532 10.4997 25351.6 1.49037e+14 357 3 1 1 
1.22151e+16 -41.0349 1.80563e-10 4.97118e+27 0.00103104 10.4422 25312.2 1.49654e+14 358 4 1 1.00004 
1.22903e+16 -15.2244 5.9256e-10 4.97118e+27 0.00101115 10.16 25115.3 1.52598e+14 359 4 1 0.99936 
1.23677e+16 20.9481 4.57982e-10 4.97118e+27 0.000984557 9.78288 24845 1.5672e+14 360 4 1 0.997965 
1.2447e+16 42.571 2.28316e-10 4.97118e+27 0.00096517 9.5146 24647.8 1.59868e+14 361 4 1 0.998742 
1.25276e+16 59.6147 2.85208e-10 4.97118e+27 0.000949559 9.30225 24489.7 1.62497e+14 362 4 1 0.999287 
1.26095e+16 83.2886 3.72621e-10 4.97118e+27 0.000930934 9.0478 24296.7 1.65747e+14 363 4 1 0.998996 
1.26933e+16 110.314 3.72617e-10 4.97118e+27 0.000910075 8.76459 24076.9 1.69546e+14 364 4 1 0.998603 
1.27791e+16 137.241 3.59326e-10 4.97118e+27 0.000889119 8.48329 23853.5 1.73543e+14 365 4 1 0.998509 
1.28669e+16 164.535 3.59302e-10 4.97118e+27 0.000868216 8.20551 23627.7 1.77721e+14 366 4 1 0.99846 
1.29569e+16 192.836 3.61696e-10 4.97118e+27 0.000847073 7.92717 23396 1.82157e+14 367 4 1 0.998355 
1.30491e+16 222.065 3.61706e-10 4.97118e+27 0.000825669 7.64817 23157.7 1.86879e+14 368 4 1 0.998232 
1.31438e+16 252.176 3.60762e-10 4.97118e+27 0.000804066 7.36951 22913.5 1.919e+14 369 4 1 0.998108 
1.3241e+16 283.199 3.59493e-10 4.97118e+27 0.000782295 7.0917 22663.4 1.9724e+14 370 4 1 0.997979 
1.33411e+16 315.087 3.57853e-10 4.97118e+27 0.000760379 6.81514 22407.3 2.02925e+14 371 4 1 0.997843 
1.3444e+16 347.884 3.53659e-10 4.97118e+27 0.000738396 6.54093 22146 2.08966e+14 372 4 1 0.997704 
1.35501e+16 381.47 3.49026e-10 4.97118e+27 0.000716443 6.27032 21880.3 2.1537e+14 373 4 1 0.997576 
1.36594e+16 415.635 3.41189e-10 4.97118e+27 0.000694656 6.00501 21611.8 2.22124e+14 374 4 1 0.997461 
1.37723e+16 450.008 3.27169e-10 4.97118e+27 0.000673341 5.74865 21344.1 2.29156e+14 375 4 1 0.997401 
1.38887e+16 483.746 3.05048e-10 4.97118e+27 0.000652967 5.5066 21083.5 2.36306e+14 376 4 1 0.997445 
1.40086e+16 515.726 2.71339e-10 4.97118e+27 0.000634162 5.28586 20838.5 2.43313e+14 377 4 1 0.997642 
1.4132e+16 544.463 2.2904e-10 4.97118e+27 0.000617549 5.09304 20618.5 2.49859e+14 378 4 1 0.998005 
1.42585e+16 569.071 1.89171e-10 4.97118e+27 0.0006033 4.92939 20427.1 2.5576e+14 379 4 1 0.998432 
1.43878e+16 591.206 1.79872e-10 4.97118e+27 0.000590453 4.78324 20252.4 2.61325e+14 380 4 1 0.998706 
1.45199e+16 615.065 2.07438e-10 4.97118e+27 0.000577161 4.63326 20069.1 2.67343e+14 381 4 1 0.998633 
1.46552e+16 642.623 2.18408e-10 4.97118e+27 0.000562964 4.4744 19870.1 2.74085e+14 382 4 1 0.99833 
1.4794e+16 667.928 1.56604e-10 4.97118e+27 0.000550491 4.33606 19692.7 2.80295e+14 383 4 1 0.998488 
1.49355e+16 681.447 3.52838e-11 4.97118e+27 0.000543605 4.26037 19594 2.83846e+14 384 4 1 0.99943 
1.50779e+16 681.2 -1.558e-11 4.97118e+27 0.000542241 4.24568 19574.9 2.8456e+14 385 5 1 0.999973 
1.52201e+16 680.415 -6.60537e-12 4.97118e+27 0.000542669 4.25055 19581.6 2.84335e+14 386 4 1 0.999997 
1.53622e+16 679.254 -8.89282e-12 4.97118e+27 0.000543156 4.25595 19589 2.8408e+14 387 4 1 0.999997 
1.55042e+16 678.133 -7.35506e-12 4.97118e+27 0.00054373 4.26235 19597.7 2.83781e+14 388 4 1 0.999998 
1.5646e+16 677.181 -5.79102e-12 4.97118e+27 0.000544227 4.26792 19605.4 2.83521e+14 389 4 1 0.999999 
1.57877e+16 676.435 -4.47526e-12 4.97118e+27 0.000544626 4.27243 19611.8 2.83314e+14 390 4 1 0.999999 
1.59293e+16 675.867 -3.36583e-12 4.97118e+27 0.00054493 4.27592 19616.8 2.83156e+14 391 4 1 1 
1.60709e+16 675.436 -2.52365e-12 4.97118e+27 0.000545154 4.27856 19620.9 2.83039e+14 392 4 1 1 
1.62123e+16 675.112 -1.93704e-12 4.97118e+27 0.000545314 4.28054 19624.2 2.82956e+14 393 4 1 1 
1.63538e+16 674.863 -1.50141e-12 4.97118e+27 0.000545415 4.28194 19626.9 2.82904e+14 394 3 1 1 
1.64953e+16 674.661 -1.20543e-12 4.97118e+27 0.000545414 4.28248 19629.5 2.82904e+14 395 4 1 1 
1.66367e+16 674.493 -1.03787e-12 4.97118e+27 0.000545076 4.28083 19634.1 2.8308e+14 396 4 1 1 
1.67783e+16 674.348 -9.36081e-13 4.97118e+27 0.00054352 4.26409 19613.3 2.8389e+14 397 4 1 0.999989 
1.69206e+16 674.216 -8.49627e-13 4.97118e+27 0.000530461 4.1102 19370.9 2.90879e+14 398 4 1 0.999678 
1.70694e+16 674.089 -7.63473e-13 4.97118e+27 0.00050644 4.39723 21706.6 3.04676e+14 399 4 1 0.994726 
1.72255e+16 673.964 -6.72468e-13 4.97118e+27 0.000480957 4.15159 21579.8 3.20819e+14 400 4 1 0.993717 
1.73905e+16 673.839 -5.58088e-13 4.97118e+27 0.000458513 4.49619 24515 3.36522e+14 401 4 1 0.99371 
1.75622e+16 673.714 -3.93793e-13 4.97118e+27 0.000449923 4.30199 23904 3.42948e+14 402 5 1 0.998665 
1.77334e+16 673.579 -1.4731e-13 4.97118e+27 0.00045152 4.28529 23727 3.41735e+14 403 4 1 0.999969 
1.79039e+16 673.389 4.0135e-13 4.97118e+27 0.000453097 4.28426 23638.8 3.40545e+14 404 4 1 0.999992 
1.8074e+16 673.028 1.94218e-12 4.97118e+27 0.000454001 4.28321 23585.9 3.39867e+14 405 4 1 1 
1.82438e+16 672.07 6.54226e-12 4.97118e+27 0.000454087 4.27599 23541.6 3.39803e+14 406 3 1 1 
1.84138e+16 669.264 2.07505e-11 4.97118e+27 0.000452712 4.25215 23481.3 3.40835e+14 407 4 1 0.999991 
1.85846e+16 661.601 5.42017e-11 4.97118e+27 0.000448141 4.18805 23362.9 3.44311e+14 408 4 1 0.999824 
1.87581e+16 641.912 1.38874e-10 4.97118e+27 0.00043696 4.03893 23107.2 3.53122e+14 409 4 1 0.998842 
1.89379e+16 599.746 2.68934e-10 4.97118e+27 0.000414938 3.75174 22602.3 3.71862e+14 410 4 1 0.99513 
1.91305e+16 511.867 6.16962e-10 4.97118e+27 0.000376 3.25472 21638.2 4.10373e+14 411 4 1 0.985926 
1.93505e+16 334.509 1.02563e-09 4.97118e+27 0.000323814 2.616 20197.2 4.76509e+14 412 4 1 0.967617 
1.9612e+16 133.293 8.02648e-10 4.97118e+27 0.000279284 2.10551 18850.4 5.52484e+14 413 4 1 0.95938 
1.99064e+16 25.3797 2.68978e-10 4.97118e+27 0.000256898 1.86539 18155.1 6.00628e+14 414 4 1 0.982 
2.02132e+16 0.771045 2.96205e-11 4.97118e+27 0.000250708 1.80206 17970.3 6.15458e+14 415 4 1 0.997963 
2.05219e+16 -0.390156 -3.28143e-12 4.97118e+27 0.000249961 1.7946 17948.8 6.17297e+14 416 5 1 0.999965 
2.08305e+16 0.000365659 -3.55273e-13 4.97118e+27 0.00024999 1.7949 17949.7 6.17224e+14 417 4 1 1 
2.11391e+16 0.00702531 3.76735e-14 4.97118e+27 0.000250001 1.79501 17950 6.17197e+14 418 3 1 1 
2.14477e+16 0.00171098 1.30038e-14 4.97118e+27 0.00025 1.795 17950 6.17199e+14 419 4 1 1 
2.17563e+16 0.000327184 2.81532e-15 4.97118e+27 0.00025 1.795 17950 6.172e+14 420 4 1 1 
2.20649e+16 5.59274e-05 5.19224e-16 4.97118e+27 0.00025 1.795 17950 6.172e+14 421 4 1 1 
2.23735e+16 8.71551e-06 8.69858e-17 4.97118e+27 0.00025 1.795 17950 6.172e+14 422 4 1 1 
2.26821e+16 1.23839e-06 1.32927e-17 4.97118e+27 0.00025 1.795 17950 6.172e+14 423 4 1 1 
2.29907e+16 1.5983e-07 1.84728e-18 4.97118e+27 0.00025 1.795 17950 6.172e+14 424 4 1 1 
2.32993e+16 1.86106e-08 2.32121e-19 4.97118e+27 0.00025 1.795 17950 6.172e+14 425 4 1 1 
2.36079e+16 1.93889e-09 2.63209e-20 4.97118e+27 0.00025 1.795 17950 6.172e+14 426 4 1 1 
2.39165e+16 1.73612e-10 2.5935e-21 4.97118e+27 0.00025 1.795 17950 6.172e+14 427 4 1 1 
2.42251e+16 8.76071e-12 2.11827e-22 4.97118e+27 0.00025 1.795 17950 6.172e+14 428 4 1 1 
2.45337e+16 5.75563e-13 4.60494e-24 4.97118e+27 0.00025 1.795 17950 6.172e+14 429 5 1 1 
2.48423e+16 2.1479e-14 4.60494e-25 4.97118e+27 0.00025 1.795 17950 6.172e+14 430 5 1 1 
2.51509e+16 8.47075e-45 1.81633e-55 4.97118e+27 0.00025 1.795 17950 6.172e+14 431 5 1 1 
2.54595e+16 0 0 4.97118e+27 0.00025 1.795 17950 6.172e+14 432 5 1 1 
2.57681e+16 0 0 4.97118e+27 0.00025 1.795 17950 6.172e+14 433 5 1 1 
2.60767e+16 0 0 4.97118e+27 0.00025 1.795 17950 6.172e+14 434 5 1 1 
2.63853e+16 0 0 4.97118e+27 0.00025 1.795 17950 6.172e+14 435 5 1 1 
2.66939e+16 0 0 4.97118e+27 0.00025 1.795 17950 6.172e+14 436 5 1 1 
2.70025e+16 0 0 4.97118e+27 0.00025 1.795 17950 6.172e+14 437 5 1 1 
2.73111e+16 0 0 4.97118e+27 0.00025 1.795 17950 6.172e+14 438 5 1 1 
2.76197e+16 0 0 4.97118e+27 0.00025 1.795 17950 6.172e+14 439 5 1 1 
2.79283e+16 -2.11653e-44 -9.08165e-56 4.97118e+27 0.00025 1.795 17950 6.172e+14 440 5 1 1 
2.82369e+16 -8.78724e-44 -1.81633e-55 4.97118e+27 0.00025 1.795 17950 6.172e+14 441 5 1 1 
2.85455e+16 -2.18708e-13 -4.60494e-25 4.97118e+27 0.00025 1.795 17950 6.172e+14 442 5 1 1 
2.88541e+16 -7.27455e-13 -9.20989e-25 4.97118e+27 0.00025 1.795 17950 6.172e+14 443 5 1 1 
2.91627e+16 -1.84101e-12 -2.30247e-24 4.97118e+27 0.00025 1.795 17950 6.172e+14 444 5 1 1 
2.94713e+16 -4.07104e-12 -4.14445e-24 4.97118e+27 0.00025 1.795 17950 6.172e+14 445 5 1 1 
2.97799e+16 -7.20612e-12 -4.60494e-25 4.97118e+27 0.00025 1.795 17950 6.172e+14 446 5 1 1 
3.00885e+16 -1.42144e-11 4.60494e-25 4.97118e+27 0.00025 1.795 17950 6.172e+14 447 5 1 1 
3.03971e+16 8.70712e-12 9.20989e-24 4.97118e+27 0.00025 1.795 17950 6.172e+14 448 5 1 1 
3.07057e+16 -1.49431e-12 1.15124e-23 4.97118e+27 0.00025 1.795 17950 6.172e+14 449 3 1 1 
3.10143e+16 1.49431e-12 -1.15124e-23 4.97118e+27 0.00025 1.795 17950 6.172e+14 450 3 1 1 
3.13229e+16 -8.70712e-12 -9.20989e-24 4.97118e+27 0.00025 1.795 17950 6.172e+14 451 5 1 1 
3.16315e+16 1.42144e-11 -4.60494e-25 4.97118e+27 0.00025 1.795 17950 6.172e+14 452 5 1 1 
3.19401e+16 7.20612e-12 4.60494e-25 4.97118e+27 0.00025 1.795 17950 6.172e+14 453 5 1 1 
3.22487e+16 4.07104e-12 4.14445e-24 4.97118e+27 0.00025 1.795 17950 6.172e+14 454 5 1 1 
3.25573e+16 1.84101e-12 2.30247e-24 4.97118e+27 0.00025 1.795 17950 6.172e+14 455 5 1 1 
3.28659e+16 7.27455e-13 9.20989e-25 4.97118e+27 0.00025 1.795 17950 6.172e+14 456 5 1 1 
3.31745e+16 2.18708e-13 4.60494e-25 4.97118e+27 0.00025 1.795 17950 6.172e+14 457 5 1 1 
3.34831e+16 8.78724e-44 1.81633e-55 4.97118e+27 0.00025 1.795 17950 6.172e+14 458 5 1 1 
3.37917e+16 2.11653e-44 9.08165e-56 4.97118e+27 0.00025 1.795 17950 6.172e+14 459 5 1 1 
3.41003e+16 0 0 4.97118e+27 0.00025 1.795 17950 6.172e+14 460 5 1 1 
3.44089e+16 0 0 4.97118e+27 0.00025 1.795 17950 6.172e+14 461 5 1 1 
3.47175e+16 0 0 4.97118e+27 0.00025 1.795 17950 6.172e+14 462 5 1 1 
3.50261e+16 0 0 4.97118e+27 0.00025 1.795 17950 6.172e+14 463 5 1 1 
3.53347e+16 0 0 4.97118e+27 0.00025 1.795 17950 6.172e+14 464 5 1 1 
3.56433e+16 0 0 4.97118e+27 0.00025 1.795 17950 6.172e+14 465 5 1 1 
3.59519e+16 0 0 4.97118e+27 0.00025 1.795 17950 6.172e+14 466 5 1 1 
3.62605e+16 0 0 4.97118e+27 0.00025 1.795 17950 6.172e+14 467 5 1 1 
3.65691e+16 -1.01653e-44 -1.81633e-55 4.97118e+27 0.00025 1.795 17950 6.172e+14 468 5 1 1 
3.68777e+16 -2.5771e-14 -9.20989e-25 4.97118e+27 0.00025 1.795 17950 6.172e+14 469 5 1 1 
3.71863e+16 -7.47264e-13 -1.38148e-23 4.97118e+27 0.00025 1.795 17950 6.172e+14 470 5 1 1 
3.74949e+16 -5.91363e-12 -1.04532e-22 4.97118e+27 0.00025 1.795 17950 6.172e+14 471 5 1 1 
3.78035e+16 -1.82621e-10 -2.93473e-21 4.97118e+27 0.00025 1.795 17950 6.172e+14 472 4 1 1 
3.81121e+16 -1.93346e-09 -2.59327e-20 4.97118e+27 0.00025 1.795 17950 6.172e+14 473 4 1 1 
3.84207e+16 -1.86168e-08 -2.32265e-19 4.97118e+27 0.00025 1.795 17950 6.172e+14 474 4 1 1 
3.87293e+16 -1.59795e-07 -1.84728e-18 4.97118e+27 0.00025 1.795 17950 6.172e+14 475 4 1 1 
3.90379e+16 -1.23842e-06 -1.32927e-17 4.97118e+27 0.00025 1.795 17950 6.172e+14 476 4 1 1 
3.93465e+16 -8.7155e-06 -8.69858e-17 4.97118e+27 0.00025 1.795 17950 6.172e+14 477 4 1 1 
3.96551e+16 -5.59274e-05 -5.19224e-16 4.97118e+27 0.00025 1.795 17950 6.172e+14 478 4 1 1 
3.99637e+16 -0.000327184 -2.81532e-15 4.97118e+27 0.00025 1.795 17950 6.172e+14 479 4 1 1 
4.02723e+16 -0.00171098 -1.30038e-14 4.97118e+27 0.00025 1.795 17950 6.17199e+14 480 4 1 1 
4.05809e+16 -0.00702531 -3.76735e-14 4.97118e+27 0.000250001 1.79501 17950 6.17197e+14 481 3 1 1 
4.08895e+16 -0.000365659 3.55273e-13 4.97118e+27 0.00024999 1.7949 17949.7 6.17224e+14 482 4 1 1 
4.11981e+16 0.390156 3.28143e-12 4.97118e+27 0.000249961 1.7946 17948.8 6.17297e+14 483 5 1 0.999965 
4.15068e+16 -0.771045 -2.96205e-11 4.97118e+27 0.000250708 1.80206 17970.3 6.15458e+14 484 4 1 0.997963 
4.18136e+16 -25.3797 -2.68978e-10 4.97118e+27 0.000256898 1.86539 18155.1 6.00628e+14 485 4 1 0.982 
4.2108e+16 -133.293 -8.02648e-10 4.97118e+27 0.000279284 2.10551 18850.4 5.52484e+14 486 4 1 0.95938 
4.23695e+16 -334.509 -1.02563e-09 4.97118e+27 0.000323814 2.616 20197.2 4.76509e+14 487 4 1 0.967617 
4.25895e+16 -511.867 -6.16962e-10 4.97118e+27 0.000376 3.25472 21638.2 4.10373e+14 488 4 1 0.985926 
4.27821e+16 -599.746 -2.68934e-10 4.97118e+27 0.000414938 3.75174 22602.3 3.71862e+14 489 4 1 0.99513 
4.29619e+16 -641.912 -1.38874e-10 4.97118e+27 0.00043696 4.03893 23107.2 3.53122e+14 490 4 1 0.998842 
4.31354e+16 -661.601 -5.42017e-11 4.97118e+27 0.000448141 4.18805 23362.9 3.44311e+14 491 4 1 0.999824 
4.33062e+16 -669.264 -2.07505e-11 4.97118e+27 0.000452712 4.25215 23481.3 3.40835e+14 492 4 1 0.999991 
4.34762e+16 -672.07 -6.54226e-12 4.97118e+27 0.000454087 4.27599 23541.6 3.39803e+14 493 3 1 1 
4.3646e+16 -673.028 -1.94218e-12 4.97118e+27 0.000454001 4.28321 23585.9 3.39867e+14 494 4 1 1 
4.38161e+16 -673.389 -4.0135e-13 4.97118e+27 0.000453097 4.28426 23638.8 3.40545e+14 495 4 1 0.999992 
4.39866e+16 -673.579 1.4731e-13 4.97118e+27 0.00045152 4.28529 23727 3.41735e+14 496 4 1 0.999969 
4.41578e+16 -673.714 3.93793e-13 4.97118e+27 0.000449923 4.30199 23904 3.42948e+14 497 5 1 0.998665 
4.43295e+16 -673.839 5.58088e-13 4.97118e+27 0.000458513 4.49619 24515 3.36522e+14 498 4 1 0.99371 
4.44945e+16 -673.964 6.72468e-13 4.97118e+27 0.000480957 4.15159 21579.8 3.20819e+14 499 4 1 0.993717 
