# Time [s]: 0.0779599
# Columns: pos [m], vel [m/s], acc [m/s^2], mass [kg], dens [kg/m^3], pres [Pa], ene [J/kg], sml [m], id, neighbor, alpha, gradh, ...additional?
1.44973 -0.674193 0.0255545 0.0025 0.506382 0.439653 2.17056 0.00987396 0 4 1 0.994728 
1.45455 -0.674332 0.0284527 0.0025 0.530396 0.410949 1.93699 0.00942691 1 4 1 0.999679 
1.45916 -0.674476 0.0317831 0.0025 0.543447 0.426329 1.96123 0.00920053 2 4 1 0.999989 
1.46375 -0.674638 0.0367809 0.0025 0.544992 0.42799 1.96329 0.00917444 3 4 1 1 
1.46834 -0.674832 0.0443153 0.0025 0.545313 0.428136 1.9628 0.00916905 4 3 1 1 
1.47292 -0.675079 0.0564957 0.0025 0.545288 0.428054 1.96251 0.00916946 5 4 1 1 
1.47751 -0.675397 0.0756661 0.0025 0.545151 0.427875 1.96218 0.00917177 6 4 1 1 
1.48209 -0.675813 0.101338 0.0025 0.544939 0.427619 1.96178 0.00917535 7 4 1 1 
1.48668 -0.676367 0.133933 0.0025 0.544644 0.427279 1.96127 0.0091803 8 4 1 0.999999 
1.49127 -0.6771 0.177018 0.0025 0.544254 0.426834 1.96064 0.0091869 9 4 1 0.999999 
1.49587 -0.678036 0.226132 0.0025 0.543755 0.426273 1.95986 0.00919532 10 4 1 0.999998 
-0.499532 -0.679186 0.277528 0.0025 0.543161 0.42561 1.95895 0.00920538 11 4 1 0.999997 
-0.494927 -0.680468 0.244672 0.0025 0.542625 0.425015 1.95813 0.00921446 12 4 1 0.999997 
-0.490318 -0.681295 0.469446 0.0025 0.54211 0.424431 1.95734 0.00922323 13 5 1 0.999978 
-0.485703 -0.682043 -0.916341 0.0025 0.543335 0.425745 1.95904 0.00920243 14 4 1 0.999409 
-0.481115 -0.668451 -5.01803 0.0025 0.55032 0.433422 1.96905 0.00908563 15 4 1 0.998396 
-0.476617 -0.642125 -6.95858 0.0025 0.563192 0.4477 1.98736 0.00887797 16 4 1 0.998268 
-0.472235 -0.613933 -6.48725 0.0025 0.577716 0.463955 2.0077 0.00865478 17 4 1 0.998591 
-0.467961 -0.589888 -5.62477 0.0025 0.591232 0.47921 2.02632 0.00845692 18 4 1 0.998617 
-0.463777 -0.567134 -6.11713 0.0025 0.604496 0.494309 2.04435 0.00827135 19 4 1 0.998265 
-0.459688 -0.54112 -7.52687 0.0025 0.619527 0.511591 2.06451 0.00807068 20 4 1 0.997769 
-0.455705 -0.51054 -8.96398 0.0025 0.637211 0.532149 2.08787 0.0078467 21 4 1 0.997377 
-0.451839 -0.476686 -10.0446 0.0025 0.657237 0.55571 2.11387 0.00760761 22 4 1 0.99719 
-0.448095 -0.441075 -10.7232 0.0025 0.678852 0.581465 2.1414 0.00736537 23 4 1 0.997168 
-0.444472 -0.40497 -11.1555 0.0025 0.701383 0.608661 2.16954 0.00712877 24 4 1 0.997253 
-0.440964 -0.369243 -11.3905 0.0025 0.724354 0.63675 2.19768 0.0069027 25 4 1 0.997388 
-0.437567 -0.334235 -11.5497 0.0025 0.74747 0.665376 2.22546 0.00668923 26 4 1 0.99754 
-0.434273 -0.300137 -11.6549 0.0025 0.770582 0.694354 2.25272 0.00648861 27 4 1 0.997702 
-0.431077 -0.267017 -11.689 0.0025 0.79357 0.723524 2.27936 0.00630064 28 4 1 0.997854 
-0.427971 -0.234865 -11.742 0.0025 0.816385 0.752809 2.30534 0.00612456 29 4 1 0.997998 
-0.424951 -0.20376 -11.7523 0.0025 0.839003 0.782168 2.33067 0.00595946 30 4 1 0.998145 
-0.42201 -0.17368 -11.6715 0.0025 0.861338 0.81147 2.35528 0.00580492 31 4 1 0.99827 
-0.419145 -0.144654 -11.6702 0.0025 0.883403 0.840707 2.37922 0.00565993 32 4 1 0.99833 
-0.416349 -0.116073 -12.1224 0.0025 0.905516 0.870324 2.40287 0.00552171 33 4 1 0.998453 
-0.413622 -0.0875846 -12.0168 0.0025 0.927455 0.900058 2.42605 0.0053911 34 4 1 0.998893 
-0.410958 -0.0627639 -9.16982 0.0025 0.946985 0.926693 2.44632 0.00527992 35 4 1 0.999177 
-0.408342 -0.0446376 -7.74492 0.0025 0.963646 0.949343 2.46322 0.00518863 36 4 1 0.998535 
-0.405769 -0.0208334 -15.3906 0.0025 0.984636 0.97842 2.48461 0.00507802 37 4 1 0.997812 
-0.403263 0.0173861 -18.7006 0.0025 1.01253 1.01798 2.51294 0.00493813 38 4 1 0.999415 
-0.400829 0.0425651 -4.86897 0.0025 1.0323 1.04601 2.53247 0.00484355 39 4 1 1.00004 
-0.398419 0.0438805 1.26914 0.0025 1.03586 1.05075 2.5357 0.00482689 40 3 1 1.00001 
-0.396002 0.0390768 2.76462 0.0025 1.03186 1.04497 2.5317 0.00484562 41 4 1 0.999967 
-0.393573 0.0325352 3.3589 0.0025 1.0262 1.03692 2.52609 0.00487234 42 4 1 0.999915 
-0.39113 0.025436 3.48438 0.0025 1.02024 1.02846 2.52017 0.00490082 43 4 1 0.9999 
-0.388673 0.0186585 3.20225 0.0025 1.01469 1.02062 2.51465 0.0049276 44 4 1 0.999909 
-0.386202 0.0128513 2.64885 0.0025 1.01003 1.01406 2.51 0.00495032 45 4 1 0.999933 
-0.383722 0.00833007 1.99773 0.0025 1.00646 1.00903 2.50644 0.0049679 46 4 1 0.999959 
-0.381234 0.00509715 1.38881 0.0025 1.00393 1.00549 2.50391 0.00498041 47 4 1 0.999979 
-0.378742 0.00295337 0.898469 0.0025 1.00227 1.00316 2.50226 0.00498867 48 4 1 0.999991 
-0.376246 0.00162436 0.544901 0.0025 1.00125 1.00173 2.50124 0.00499378 49 4 1 0.999996 
-0.373748 0.000849392 0.31141 0.0025 1.00065 1.0009 2.50064 0.00499675 50 4 1 0.999999 
-0.371249 0.000422602 0.16825 0.0025 1.00032 1.00045 2.50032 0.00499839 51 4 1 1 
-0.36875 0.000200077 0.0860895 0.0025 1.00015 1.00021 2.50015 0.00499924 52 4 1 1 
-0.36625 9.01014e-05 0.0417484 0.0025 1.00007 1.0001 2.50007 0.00499966 53 4 1 1 
-0.36375 3.8564e-05 0.0191881 0.0025 1.00003 1.00004 2.50003 0.00499985 54 4 1 1 
-0.36125 1.5669e-05 0.00835422 0.0025 1.00001 1.00002 2.50001 0.00499994 55 4 1 1 
-0.35875 6.03448e-06 0.00344228 0.0025 1 1.00001 2.5 0.00499998 56 4 1 1 
-0.35625 2.19844e-06 0.00134041 0.0025 1 1 2.5 0.00499999 57 4 1 1 
-0.35375 7.55713e-07 0.000492316 0.0025 1 1 2.5 0.005 58 4 1 1 
-0.35125 2.44303e-07 0.000170111 0.0025 1 1 2.5 0.005 59 4 1 1 
-0.34875 7.39485e-08 5.5105e-05 0.0025 1 1 2.5 0.005 60 4 1 1 
-0.34625 2.08344e-08 1.66554e-05 0.0025 1 1 2.5 0.005 61 4 1 1 
-0.34375 5.4184e-09 4.66615e-06 0.0025 1 1 2.5 0.005 62 4 1 1 
-0.34125 1.28493e-09 1.20019e-06 0.0025 1 1 2.5 0.005 63 4 1 1 
-0.33875 2.72571e-10 2.79321e-07 0.0025 1 1 2.5 0.005 64 4 1 1 
-0.33625 5.00247e-11 5.74224e-08 0.0025 1 1 2.5 0.005 65 4 1 1 
-0.33375 7.42832e-12 9.96607e-09 0.0025 1 1 2.5 0.005 66 4 1 1 
-0.33125 7.26546e-13 1.30115e-09 0.0025 1 1 2.5 0.005 67 4 1 1 
-0.32875 1.43771e-14 8.21387e-11 0.0025 1 1 2.5 0.005 68 4 1 1 
-0.32625 -5.14156e-15 -1.03455e-11 0.0025 1 1 2.5 0.005 69 5 1 1 
-0.32375 -1.02816e-16 -2.27374e-13 0.0025 1 1 2.5 0.005 70 5 1 1 
-0.32125 -1.35106e-47 -4.48416e-44 0.0025 1 1 2.5 0.005 71 5 1 1 
-0.31875 0 0 0.0025 1 1 2.5 0.005 72 5 1 1 
-0.31625 0 0 0.0025 1 1 2.5 0.005 73 5 1 1 
-0.31375 0 0 0.0025 1 1 2.5 0.005 74 5 1 1 
-0.31125 0 0 0.0025 1 1 2.5 0.005 75 5 1 1 
-0.30875 0 0 0.0025 1 1 2.5 0.005 76 5 1 1 
-0.30625 0 0 0.0025 1 1 2.5 0.005 77 5 1 1 
-0.30375 0 0 0.0025 1 1 2.5 0.005 78 5 1 1 
-0.30125 0 0 0.0025 1 1 2.5 0.005 79 5 1 1 
-0.29875 0 0 0.0025 1 1 2.5 0.005 80 5 1 1 
-0.29625 0 0 0.0025 1 1 2.5 0.005 81 5 1 1 
-0.29375 0 0 0.0025 1 1 2.5 0.005 82 5 1 1 
-0.29125 0 0 0.0025 1 1 2.5 0.005 83 5 1 1 
-0.28875 0 0 0.0025 1 1 2.5 0.005 84 5 1 1 
-0.28625 0 0 0.0025 1 1 2.5 0.005 85 5 1 1 
-0.28375 0 0 0.0025 1 1 2.5 0.005 86 5 1 1 
-0.28125 0 0 0.0025 1 1 2.5 0.005 87 5 1 1 
-0.27875 0 0 0.0025 1 1 2.5 0.005 88 5 1 1 
-0.27625 0 0 0.0025 1 1 2.5 0.005 89 5 1 1 
-0.27375 0 0 0.0025 1 1 2.5 0.005 90 5 1 1 
-0.27125 0 0 0.0025 1 1 2.5 0.005 91 5 1 1 
-0.26875 0 0 0.0025 1 1 2.5 0.005 92 5 1 1 
-0.26625 0 0 0.0025 1 1 2.5 0.005 93 5 1 1 
-0.26375 0 0 0.0025 1 1 2.5 0.005 94 5 1 1 
-0.26125 0 0 0.0025 1 1 2.5 0.005 95 5 1 1 
-0.25875 0 0 0.0025 1 1 2.5 0.005 96 5 1 1 
-0.25625 0 0 0.0025 1 1 2.5 0.005 97 5 1 1 
-0.25375 0 0 0.0025 1 1 2.5 0.005 98 5 1 1 
-0.25125 0 0 0.0025 1 1 2.5 0.005 99 5 1 1 
-0.24875 0 0 0.0025 1 1 2.5 0.005 100 5 1 1 
-0.24625 0 0 0.0025 1 1 2.5 0.005 101 5 1 1 
-0.24375 0 0 0.0025 1 1 2.5 0.005 102 5 1 1 
-0.24125 0 0 0.0025 1 1 2.5 0.005 103 5 1 1 
-0.23875 0 0 0.0025 1 1 2.5 0.005 104 5 1 1 
-0.23625 0 0 0.0025 1 1 2.5 0.005 105 5 1 1 
-0.23375 0 0 0.0025 1 1 2.5 0.005 106 5 1 1 
-0.23125 0 0 0.0025 1 1 2.5 0.005 107 5 1 1 
-0.22875 0 0 0.0025 1 1 2.5 0.005 108 5 1 1 
-0.22625 0 0 0.0025 1 1 2.5 0.005 109 5 1 1 
-0.22375 0 0 0.0025 1 1 2.5 0.005 110 5 1 1 
-0.22125 0 0 0.0025 1 1 2.5 0.005 111 5 1 1 
-0.21875 0 0 0.0025 1 1 2.5 0.005 112 5 1 1 
-0.21625 0 0 0.0025 1 1 2.5 0.005 113 5 1 1 
-0.21375 0 0 0.0025 1 1 2.5 0.005 114 5 1 1 
-0.21125 0 0 0.0025 1 1 2.5 0.005 115 5 1 1 
-0.20875 0 0 0.0025 1 1 2.5 0.005 116 5 1 1 
-0.20625 0 0 0.0025 1 1 2.5 0.005 117 5 1 1 
-0.20375 0 0 0.0025 1 1 2.5 0.005 118 5 1 1 
-0.20125 0 0 0.0025 1 1 2.5 0.005 119 5 1 1 
-0.19875 0 0 0.0025 1 1 2.5 0.005 120 5 1 1 
-0.19625 0 0 0.0025 1 1 2.5 0.005 121 5 1 1 
-0.19375 0 0 0.0025 1 1 2.5 0.005 122 5 1 1 
-0.19125 0 0 0.0025 1 1 2.5 0.005 123 5 1 1 
-0.18875 0 0 0.0025 1 1 2.5 0.005 124 5 1 1 
-0.18625 0 0 0.0025 1 1 2.5 0.005 125 5 1 1 
-0.18375 0 0 0.0025 1 1 2.5 0.005 126 5 1 1 
-0.18125 0 0 0.0025 1 1 2.5 0.005 127 5 1 1 
-0.17875 0 0 0.0025 1 1 2.5 0.005 128 5 1 1 
-0.17625 0 0 0.0025 1 1 2.5 0.005 129 5 1 1 
-0.17375 0 0 0.0025 1 1 2.5 0.005 130 5 1 1 
-0.17125 0 0 0.0025 1 1 2.5 0.005 131 5 1 1 
-0.16875 0 0 0.0025 1 1 2.5 0.005 132 5 1 1 
-0.16625 0 0 0.0025 1 1 2.5 0.005 133 5 1 1 
-0.16375 0 0 0.0025 1 1 2.5 0.005 134 5 1 1 
-0.16125 0 0 0.0025 1 1 2.5 0.005 135 5 1 1 
-0.15875 0 0 0.0025 1 1 2.5 0.005 136 5 1 1 
-0.15625 0 0 0.0025 1 1 2.5 0.005 137 5 1 1 
-0.15375 0 0 0.0025 1 1 2.5 0.005 138 5 1 1 
-0.15125 0 0 0.0025 1 1 2.5 0.005 139 5 1 1 
-0.14875 0 0 0.0025 1 1 2.5 0.005 140 5 1 1 
-0.14625 0 0 0.0025 1 1 2.5 0.005 141 5 1 1 
-0.14375 0 0 0.0025 1 1 2.5 0.005 142 5 1 1 
-0.14125 0 0 0.0025 1 1 2.5 0.005 143 5 1 1 
-0.13875 0 0 0.0025 1 1 2.5 0.005 144 5 1 1 
-0.13625 0 0 0.0025 1 1 2.5 0.005 145 5 1 1 
-0.13375 0 0 0.0025 1 1 2.5 0.005 146 5 1 1 
-0.13125 0 0 0.0025 1 1 2.5 0.005 147 5 1 1 
-0.12875 0 0 0.0025 1 1 2.5 0.005 148 5 1 1 
-0.12625 0 0 0.0025 1 1 2.5 0.005 149 5 1 1 
-0.12375 0 0 0.0025 1 1 2.5 0.005 150 5 1 1 
-0.12125 0 0 0.0025 1 1 2.5 0.005 151 5 1 1 
-0.11875 0 0 0.0025 1 1 2.5 0.005 152 5 1 1 
-0.11625 0 0 0.0025 1 1 2.5 0.005 153 5 1 1 
-0.11375 0 0 0.0025 1 1 2.5 0.005 154 5 1 1 
-0.11125 0 0 0.0025 1 1 2.5 0.005 155 5 1 1 
-0.10875 0 0 0.0025 1 1 2.5 0.005 156 5 1 1 
-0.10625 0 0 0.0025 1 1 2.5 0.005 157 5 1 1 
-0.10375 0 0 0.0025 1 1 2.5 0.005 158 5 1 1 
-0.10125 0 0 0.0025 1 1 2.5 0.005 159 5 1 1 
-0.09875 0 0 0.0025 1 1 2.5 0.005 160 5 1 1 
-0.09625 0 0 0.0025 1 1 2.5 0.005 161 5 1 1 
-0.09375 0 0 0.0025 1 1 2.5 0.005 162 5 1 1 
-0.09125 0 0 0.0025 1 1 2.5 0.005 163 5 1 1 
-0.08875 0 0 0.0025 1 1 2.5 0.005 164 5 1 1 
-0.08625 0 0 0.0025 1 1 2.5 0.005 165 5 1 1 
-0.08375 0 0 0.0025 1 1 2.5 0.005 166 5 1 1 
-0.08125 0 0 0.0025 1 1 2.5 0.005 167 5 1 1 
-0.07875 0 0 0.0025 1 1 2.5 0.005 168 5 1 1 
-0.07625 0 0 0.0025 1 1 2.5 0.005 169 5 1 1 
-0.07375 0 0 0.0025 1 1 2.5 0.005 170 5 1 1 
-0.07125 0 0 0.0025 1 1 2.5 0.005 171 5 1 1 
-0.06875 0 0 0.0025 1 1 2.5 0.005 172 5 1 1 
-0.06625 0 0 0.0025 1 1 2.5 0.005 173 5 1 1 
-0.06375 0 0 0.0025 1 1 2.5 0.005 174 5 1 1 
-0.06125 0 0 0.0025 1 1 2.5 0.005 175 5 1 1 
-0.05875 -1.11587e-46 -1.12104e-44 0.0025 1 1 2.5 0.005 176 5 1 1 
-0.05625 -1.19978e-16 -5.68434e-14 0.0025 1 1 2.5 0.005 177 5 1 1 
-0.05375 -2.90526e-16 5.68434e-14 0.0025 1 1 2.5 0.005 178 5 1 1 
-0.05125 -4.59856e-16 -5.68434e-14 0.0025 1 1 2.5 0.005 179 5 1 1 
-0.04875 -6.27843e-16 5.68434e-14 0.0025 1 1 2.5 0.005 180 5 1 1 
-0.04625 -8.63154e-16 -5.68434e-14 0.0025 1 1 2.5 0.005 181 5 1 1 
-0.04375 -1.11278e-15 -2.24208e-44 0.0025 1 1 2.5 0.005 182 5 1 1 
-0.04125 -1.34087e-15 -2.24208e-44 0.0025 1 1 2.5 0.005 183 5 1 1 
-0.03875 -1.7661e-15 3.9443e-29 0.0025 1 1 2.5 0.005 184 5 1 1 
-0.03625 -1.94249e-15 5.68434e-14 0.0025 1 1 2.5 0.005 185 5 1 1 
-0.03375 -3.60011e-15 -3.15544e-28 0.0025 1 1 2.5 0.005 186 4 1 1 
-0.03125 2.93031e-16 5.68434e-14 0.0025 1 1 2.5 0.005 187 3 1 1 
-0.02875 2.26195e-17 -5.68434e-14 0.0025 1 1 2.5 0.005 188 3 1 1 
-0.02625 -8.11433e-16 -6.31089e-28 0.0025 1 1 2.5 0.005 189 3 1 1 
-0.02375 1.01631e-15 3.15544e-28 0.0025 1 1 2.5 0.005 190 4 1 1 
-0.02125 -2.65072e-16 -5.68434e-14 0.0025 1 1 2.5 0.005 191 5 1 1 
-0.01875 -4.09097e-16 -5.68434e-14 0.0025 1 1 2.5 0.005 192 5 1 1 
-0.01625 -2.43881e-15 -5.68434e-14 0.0025 1 1 2.5 0.005 193 4 1 1 
-0.01375 1.14054e-15 -5.68434e-14 0.0025 1 1 2.5 0.005 194 3 1 1 
-0.01125 -6.47856e-17 6.31089e-28 0.0025 1 1 2.5 0.005 195 3 1 1 
-0.00875 -3.81742e-16 0 0.0025 1 1 2.5 0.005 196 3 1 1 
-0.00625 1.46193e-16 -3.9443e-29 0.0025 1 1 2.5 0.005 197 4 1 1 
-0.00375 -2.9318e-16 -1.7053e-13 0.0025 1 1 2.5 0.005 198 4 1 1 
-0.00125 -1.87984e-16 5.68434e-14 0.0025 1 1 2.5 0.005 199 3 1 1 
0.00125 -1.83073e-16 -5.68434e-14 0.0025 1 1 2.5 0.005 200 4 1 1 
0.00375 1.85991e-16 -1.13687e-13 0.0025 1 1 2.5 0.005 201 3 1 1 
0.00625 2.88053e-16 1.7053e-13 0.0025 1 1 2.5 0.005 202 3 1 1 
0.00875 3.387e-16 5.68434e-14 0.0025 1 1 2.5 0.005 203 3 1 1 
0.01125 1.83447e-16 5.68434e-14 0.0025 1 1 2.5 0.005 204 3 1 1 
0.01375 4.79659e-16 -1.57772e-28 0.0025 1 1 2.5 0.005 205 4 1 1 
0.01625 -8.55806e-16 5.91646e-28 0.0025 1 1 2.5 0.005 206 4 1 1 
0.01875 -2.57656e-15 2.07076e-28 0.0025 1 1 2.5 0.005 207 5 1 1 
0.02125 -8.13417e-16 -5.91646e-28 0.0025 1 1 2.5 0.005 208 5 1 1 
0.02375 -2.41619e-15 -3.15544e-28 0.0025 1 1 2.5 0.005 209 4 1 1 
0.02625 1.87409e-15 2.76101e-28 0.0025 1 1 2.5 0.005 210 3 1 1 
0.02875 1.23057e-15 1.13687e-13 0.0025 1 1 2.5 0.005 211 3 1 1 
0.03125 4.77361e-15 -5.68434e-14 0.0025 1 1 2.5 0.005 212 4 1 1 
0.03375 2.99923e-15 5.68434e-14 0.0025 1 1 2.5 0.005 213 5 1 1 
0.03625 2.56806e-15 -5.68434e-14 0.0025 1 1 2.5 0.005 214 5 1 1 
0.03875 1.98835e-15 1.13687e-13 0.0025 1 1 2.5 0.005 215 5 1 1 
0.04125 1.48807e-15 -1.13687e-13 0.0025 1 1 2.5 0.005 216 5 1 1 
0.04375 1.01589e-15 1.13687e-13 0.0025 1 1 2.5 0.005 217 5 1 1 
0.04625 7.47517e-16 2.24208e-44 0.0025 1 1 2.5 0.005 218 5 1 1 
0.04875 5.10769e-16 0 0.0025 1 1 2.5 0.005 219 5 1 1 
0.05125 3.24567e-16 5.68434e-14 0.0025 1 1 2.5 0.005 220 5 1 1 
0.05375 1.71248e-16 0 0.0025 1 1 2.5 0.005 221 5 1 1 
0.05625 3.43456e-17 1.12104e-44 0.0025 1 1 2.5 0.005 222 5 1 1 
0.05875 1.01511e-47 1.12104e-44 0.0025 1 1 2.5 0.005 223 5 1 1 
0.06125 0 0 0.0025 1 1 2.5 0.005 224 5 1 1 
0.06375 0 0 0.0025 1 1 2.5 0.005 225 5 1 1 
0.06625 0 0 0.0025 1 1 2.5 0.005 226 5 1 1 
0.06875 0 0 0.0025 1 1 2.5 0.005 227 5 1 1 
0.07125 0 0 0.0025 1 1 2.5 0.005 228 5 1 1 
0.07375 0 0 0.0025 1 1 2.5 0.005 229 5 1 1 
0.07625 0 0 0.0025 1 1 2.5 0.005 230 5 1 1 
0.07875 0 0 0.0025 1 1 2.5 0.005 231 5 1 1 
0.08125 0 0 0.0025 1 1 2.5 0.005 232 5 1 1 
0.08375 0 0 0.0025 1 1 2.5 0.005 233 5 1 1 
0.08625 0 0 0.0025 1 1 2.5 0.005 234 5 1 1 
0.08875 0 0 0.0025 1 1 2.5 0.005 235 5 1 1 
0.09125 0 0 0.0025 1 1 2.5 0.005 236 5 1 1 
0.09375 -4.6725e-46 -1.12104e-44 0.0025 1 1 2.5 0.005 237 5 1 1 
0.09625 -1.69188e-16 0 0.0025 1 1 2.5 0.005 238 5 1 1 
0.09875 -3.37357e-16 1.12104e-44 0.0025 1 1 2.5 0.005 239 5 1 1 
0.10125 6.08166e-16 5.68434e-14 0.0025 1 1 2.5 0.005 240 5 1 1 
0.10375 4.77174e-16 5.68434e-14 0.0025 1 1 2.5 0.005 241 5 1 1 
0.10625 3.66917e-15 1.13687e-13 0.0025 1 1 2.5 0.005 242 5 1 1 
0.10875 2.73114e-15 5.60519e-44 0.0025 1 1 2.5 0.005 243 5 1 1 
0.11125 2.41359e-15 -2.57839e-43 0.0025 1 1 2.5 0.005 244 5 1 1 
0.11375 -8.02258e-16 1.13687e-13 0.0025 1 1 2.5 0.005 245 5 1 1 
0.11625 -9.03906e-16 -1.7053e-13 0.0025 1 1 2.5 0.005 246 5 1 1 
0.11875 -3.64529e-15 -1.7053e-13 0.0025 1 1 2.5 0.005 247 5 1 1 
0.12125 6.4089e-16 -3.41061e-13 0.0025 1 1 2.5 0.005 248 5 1 1 
0.12375 -2.35745e-15 -3.41061e-13 0.0025 1 1 2.5 0.005 249 4 1 1 
0.12625 2.35745e-15 3.41061e-13 0.0025 1 1 2.5 0.005 250 4 1 1 
0.12875 -6.4089e-16 3.41061e-13 0.0025 1 1 2.5 0.005 251 5 1 1 
0.13125 3.64529e-15 1.7053e-13 0.0025 1 1 2.5 0.005 252 5 1 1 
0.13375 9.03906e-16 1.7053e-13 0.0025 1 1 2.5 0.005 253 5 1 1 
0.13625 8.02258e-16 -1.13687e-13 0.0025 1 1 2.5 0.005 254 5 1 1 
0.13875 -2.41359e-15 2.57839e-43 0.0025 1 1 2.5 0.005 255 5 1 1 
0.14125 -2.73114e-15 -5.60519e-44 0.0025 1 1 2.5 0.005 256 5 1 1 
0.14375 -3.66917e-15 -1.13687e-13 0.0025 1 1 2.5 0.005 257 5 1 1 
0.14625 -4.77174e-16 -5.68434e-14 0.0025 1 1 2.5 0.005 258 5 1 1 
0.14875 -6.08166e-16 -5.68434e-14 0.0025 1 1 2.5 0.005 259 5 1 1 
0.15125 3.37357e-16 -1.12104e-44 0.0025 1 1 2.5 0.005 260 5 1 1 
0.15375 1.69188e-16 0 0.0025 1 1 2.5 0.005 261 5 1 1 
0.15625 4.6725e-46 1.12104e-44 0.0025 1 1 2.5 0.005 262 5 1 1 
0.15875 0 0 0.0025 1 1 2.5 0.005 263 5 1 1 
0.16125 0 0 0.0025 1 1 2.5 0.005 264 5 1 1 
0.16375 0 0 0.0025 1 1 2.5 0.005 265 5 1 1 
0.16625 0 0 0.0025 1 1 2.5 0.005 266 5 1 1 
0.16875 0 0 0.0025 1 1 2.5 0.005 267 5 1 1 
0.17125 0 0 0.0025 1 1 2.5 0.005 268 5 1 1 
0.17375 0 0 0.0025 1 1 2.5 0.005 269 5 1 1 
0.17625 0 0 0.0025 1 1 2.5 0.005 270 5 1 1 
0.17875 0 0 0.0025 1 1 2.5 0.005 271 5 1 1 
0.18125 0 0 0.0025 1 1 2.5 0.005 272 5 1 1 
0.18375 0 0 0.0025 1 1 2.5 0.005 273 5 1 1 
0.18625 0 0 0.0025 1 1 2.5 0.005 274 5 1 1 
0.18875 0 0 0.0025 1 1 2.5 0.005 275 5 1 1 
0.19125 0 0 0.0025 1 1 2.5 0.005 276 5 1 1 
0.19375 0 0 0.0025 1 1 2.5 0.005 277 5 1 1 
0.19625 0 0 0.0025 1 1 2.5 0.005 278 5 1 1 
0.19875 0 0 0.0025 1 1 2.5 0.005 279 5 1 1 
0.20125 -7.10365e-47 -1.12104e-44 0.0025 1 1 2.5 0.005 280 5 1 1 
0.20375 -6.85718e-17 -1.12104e-44 0.0025 1 1 2.5 0.005 281 5 1 1 
0.20625 -2.05192e-16 0 0.0025 1 1 2.5 0.005 282 5 1 1 
0.20875 -3.75697e-16 0 0.0025 1 1 2.5 0.005 283 5 1 1 
0.21125 -5.45239e-16 1.12104e-44 0.0025 1 1 2.5 0.005 284 5 1 1 
0.21375 -6.79199e-16 1.12104e-44 0.0025 1 1 2.5 0.005 285 5 1 1 
0.21625 -7.08199e-16 0 0.0025 1 1 2.5 0.005 286 5 1 1 
0.21875 -9.23466e-16 5.68434e-14 0.0025 1 1 2.5 0.005 287 5 1 1 
0.22125 1.96308e-15 5.68434e-14 0.0025 1 1 2.5 0.005 288 5 1 1 
0.22375 5.23089e-16 -2.24208e-44 0.0025 1 1 2.5 0.005 289 5 1 1 
0.22625 -7.42011e-16 1.13687e-13 0.0025 1 1 2.5 0.005 290 5 1 1 
0.22875 -1.89788e-15 -1.13687e-13 0.0025 1 1 2.5 0.005 291 5 1 1 
0.23125 1.5663e-15 2.27374e-13 0.0025 1 1 2.5 0.005 292 5 1 1 
0.23375 -9.15818e-16 3.41061e-13 0.0025 1 1 2.5 0.005 293 5 1 1 
0.23625 2.78475e-16 -3.41061e-13 0.0025 1 1 2.5 0.005 294 5 1 1 
0.23875 -2.77285e-15 -2.84217e-13 0.0025 1 1 2.5 0.005 295 5 1 1 
0.24125 4.86112e-15 7.95808e-13 0.0025 1 1 2.5 0.005 296 5 1 1 
0.24375 6.39465e-17 7.38964e-13 0.0025 1 1 2.5 0.005 297 5 1 1 
0.24625 1.41433e-15 -6.82121e-13 0.0025 1 1 2.5 0.005 298 5 1 1 
0.24875 -4.98631e-15 -6.82121e-13 0.0025 1 1 2.5 0.005 299 3 1 1 
0.25125 4.98631e-15 6.82121e-13 0.0025 1 1 2.5 0.005 300 3 1 1 
0.25375 -1.41433e-15 6.82121e-13 0.0025 1 1 2.5 0.005 301 5 1 1 
0.25625 -6.39465e-17 -7.38964e-13 0.0025 1 1 2.5 0.005 302 5 1 1 
0.25875 -4.86112e-15 -7.95808e-13 0.0025 1 1 2.5 0.005 303 5 1 1 
0.26125 2.77285e-15 2.84217e-13 0.0025 1 1 2.5 0.005 304 5 1 1 
0.26375 -2.78475e-16 3.41061e-13 0.0025 1 1 2.5 0.005 305 5 1 1 
0.26625 9.15818e-16 -3.41061e-13 0.0025 1 1 2.5 0.005 306 5 1 1 
0.26875 -1.5663e-15 -2.27374e-13 0.0025 1 1 2.5 0.005 307 5 1 1 
0.27125 1.89788e-15 1.13687e-13 0.0025 1 1 2.5 0.005 308 5 1 1 
0.27375 7.42011e-16 -1.13687e-13 0.0025 1 1 2.5 0.005 309 5 1 1 
0.27625 -5.23089e-16 2.24208e-44 0.0025 1 1 2.5 0.005 310 5 1 1 
0.27875 -1.96308e-15 -5.68434e-14 0.0025 1 1 2.5 0.005 311 5 1 1 
0.28125 9.23466e-16 -5.68434e-14 0.0025 1 1 2.5 0.005 312 5 1 1 
0.28375 7.08199e-16 0 0.0025 1 1 2.5 0.005 313 5 1 1 
0.28625 6.79199e-16 -1.12104e-44 0.0025 1 1 2.5 0.005 314 5 1 1 
0.28875 5.45239e-16 -1.12104e-44 0.0025 1 1 2.5 0.005 315 5 1 1 
0.29125 3.75697e-16 0 0.0025 1 1 2.5 0.005 316 5 1 1 
0.29375 2.05192e-16 0 0.0025 1 1 2.5 0.005 317 5 1 1 
0.29625 6.85718e-17 1.12104e-44 0.0025 1 1 2.5 0.005 318 5 1 1 
0.29875 7.10365e-47 1.12104e-44 0.0025 1 1 2.5 0.005 319 5 1 1 
0.30125 0 0 0.0025 1 1 2.5 0.005 320 5 1 1 
0.30375 0 0 0.0025 1 1 2.5 0.005 321 5 1 1 
0.30625 0 0 0.0025 1 1 2.5 0.005 322 5 1 1 
0.30875 0 0 0.0025 1 1 2.5 0.005 323 5 1 1 
0.31125 0 0 0.0025 1 1 2.5 0.005 324 5 1 1 
0.31375 0 0 0.0025 1 1 2.5 0.005 325 5 1 1 
0.31625 0 0 0.0025 1 1 2.5 0.005 326 5 1 1 
0.31875 0 0 0.0025 1 1 2.5 0.005 327 5 1 1 
0.32125 1.35106e-47 4.48416e-44 0.0025 1 1 2.5 0.005 328 5 1 1 
0.32375 1.02816e-16 2.27374e-13 0.0025 1 1 2.5 0.005 329 5 1 1 
0.32625 5.14156e-15 1.03455e-11 0.0025 1 1 2.5 0.005 330 5 1 1 
0.32875 -1.43771e-14 -8.21387e-11 0.0025 1 1 2.5 0.005 331 4 1 1 
0.33125 -7.26546e-13 -1.30115e-09 0.0025 1 1 2.5 0.005 332 4 1 1 
0.33375 -7.42832e-12 -9.96607e-09 0.0025 1 1 2.5 0.005 333 4 1 1 
0.33625 -5.00247e-11 -5.74224e-08 0.0025 1 1 2.5 0.005 334 4 1 1 
0.33875 -2.72571e-10 -2.79321e-07 0.0025 1 1 2.5 0.005 335 4 1 1 
0.34125 -1.28493e-09 -1.20019e-06 0.0025 1 1 2.5 0.005 336 4 1 1 
0.34375 -5.4184e-09 -4.66615e-06 0.0025 1 1 2.5 0.005 337 4 1 1 
0.34625 -2.08344e-08 -1.66554e-05 0.0025 1 1 2.5 0.005 338 4 1 1 
0.34875 -7.39485e-08 -5.5105e-05 0.0025 1 1 2.5 0.005 339 4 1 1 
0.35125 -2.44303e-07 -0.000170111 0.0025 1 1 2.5 0.005 340 4 1 1 
0.35375 -7.55713e-07 -0.000492316 0.0025 1 1 2.5 0.005 341 4 1 1 
0.35625 -2.19844e-06 -0.00134041 0.0025 1 1 2.5 0.00499999 342 4 1 1 
0.35875 -6.03448e-06 -0.00344228 0.0025 1 1.00001 2.5 0.00499998 343 4 1 1 
0.36125 -1.5669e-05 -0.00835422 0.0025 1.00001 1.00002 2.50001 0.00499994 344 4 1 1 
0.36375 -3.8564e-05 -0.0191881 0.0025 1.00003 1.00004 2.50003 0.00499985 345 4 1 1 
0.36625 -9.01014e-05 -0.0417484 0.0025 1.00007 1.0001 2.50007 0.00499966 346 4 1 1 
0.36875 -0.000200077 -0.0860895 0.0025 1.00015 1.00021 2.50015 0.00499924 347 4 1 1 
0.371249 -0.000422602 -0.16825 0.0025 1.00032 1.00045 2.50032 0.00499839 348 4 1 1 
0.373748 -0.000849392 -0.31141 0.0025 1.00065 1.0009 2.50064 0.00499675 349 4 1 0.999999 
0.376246 -0.00162436 -0.544901 0.0025 1.00125 1.00173 2.50124 0.00499378 350 4 1 0.999996 
0.378742 -0.00295337 -0.898469 0.0025 1.00227 1.00316 2.50226 0.00498867 351 4 1 0.999991 
0.381234 -0.00509715 -1.38881 0.0025 1.00393 1.00549 2.50391 0.00498041 352 4 1 0.999979 
0.383722 -0.00833007 -1.99773 0.0025 1.00646 1.00903 2.50644 0.0049679 353 4 1 0.999959 
0.386202 -0.0128513 -2.64885 0.0025 1.01003 1.01406 2.51 0.00495032 354 4 1 0.999933 
0.388673 -0.0186585 -3.20225 0.0025 1.01469 1.02062 2.51465 0.0049276 355 4 1 0.999909 
0.39113 -0.025436 -3.48438 0.0025 1.02024 1.02846 2.52017 0.00490082 356 4 1 0.9999 
0.393573 -0.0325352 -3.3589 0.0025 1.0262 1.03692 2.52609 0.00487234 357 4 1 0.999915 
0.396002 -0.0390768 -2.76462 0.0025 1.03186 1.04497 2.5317 0.00484562 358 4 1 0.999967 
0.398419 -0.0438805 -1.26914 0.0025 1.03586 1.05075 2.5357 0.00482689 359 3 1 1.00001 
0.400829 -0.0425651 4.86897 0.0025 1.0323 1.04601 2.53247 0.00484355 360 4 1 1.00004 
0.403263 -0.0173861 18.7006 0.0025 1.01253 1.01798 2.51294 0.00493813 361 4 1 0.999415 
0.405769 0.0208334 15.3906 0.0025 0.984636 0.97842 2.48461 0.00507802 362 4 1 0.997812 
0.408342 0.0446376 7.74492 0.0025 0.963646 0.949343 2.46322 0.00518863 363 4 1 0.998535 
0.410958 0.0627639 9.16982 0.0025 0.946985 0.926693 2.44632 0.00527992 364 4 1 0.999177 
0.413622 0.0875846 12.0168 0.0025 0.927455 0.900058 2.42605 0.0053911 365 4 1 0.998893 
0.416349 0.116073 12.1224 0.0025 0.905516 0.870324 2.40287 0.00552171 366 4 1 0.998453 
0.419145 0.144654 11.6702 0.0025 0.883403 0.840707 2.37922 0.00565993 367 4 1 0.99833 
0.42201 0.17368 11.6715 0.0025 0.861338 0.81147 2.35528 0.00580492 368 4 1 0.99827 
0.424951 0.20376 11.7523 0.0025 0.839003 0.782168 2.33067 0.00595946 369 4 1 0.998145 
0.427971 0.234865 11.742 0.0025 0.816385 0.752809 2.30534 0.00612456 370 4 1 0.997998 
0.431077 0.267017 11.689 0.0025 0.79357 0.723524 2.27936 0.00630064 371 4 1 0.997854 
0.434273 0.300137 11.6549 0.0025 0.770582 0.694354 2.25272 0.00648861 372 4 1 0.997702 
0.437567 0.334235 11.5497 0.0025 0.74747 0.665376 2.22546 0.00668923 373 4 1 0.99754 
0.440964 0.369243 11.3905 0.0025 0.724354 0.63675 2.19768 0.0069027 374 4 1 0.997388 
0.444472 0.40497 11.1555 0.0025 0.701383 0.608661 2.16954 0.00712877 375 4 1 0.997253 
0.448095 0.441075 10.7232 0.0025 0.678852 0.581465 2.1414 0.00736537 376 4 1 0.997168 
0.451839 0.476686 10.0446 0.0025 0.657237 0.55571 2.11387 0.00760761 377 4 1 0.99719 
0.455705 0.51054 8.96398 0.0025 0.637211 0.532149 2.08787 0.0078467 378 4 1 0.997377 
0.459688 0.54112 7.52687 0.0025 0.619527 0.511591 2.06451 0.00807068 379 4 1 0.997769 
0.463777 0.567134 6.11713 0.0025 0.604496 0.494309 2.04435 0.00827135 380 4 1 0.998265 
0.467961 0.589888 5.62477 0.0025 0.591232 0.47921 2.02632 0.00845692 381 4 1 0.998617 
0.472235 0.613933 6.48725 0.0025 0.577716 0.463955 2.0077 0.00865478 382 4 1 0.998591 
0.476617 0.642125 6.95858 0.0025 0.563192 0.4477 1.98736 0.00887797 383 4 1 0.998268 
0.481115 0.668451 5.01803 0.0025 0.55032 0.433422 1.96905 0.00908563 384 4 1 0.998396 
0.485703 0.682043 0.916341 0.0025 0.543335 0.425745 1.95904 0.00920243 385 4 1 0.999409 
0.490318 0.681295 -0.469446 0.0025 0.54211 0.424431 1.95734 0.00922323 386 5 1 0.999978 
0.494927 0.680468 -0.244672 0.0025 0.542625 0.425015 1.95813 0.00921446 387 4 1 0.999997 
0.499532 0.679186 -0.277528 0.0025 0.543161 0.42561 1.95895 0.00920538 388 4 1 0.999997 
0.504132 0.678036 -0.226132 0.0025 0.543755 0.426273 1.95986 0.00919532 389 4 1 0.999998 
0.508727 0.6771 -0.177018 0.0025 0.544254 0.426834 1.96064 0.0091869 390 4 1 0.999999 
0.513319 0.676367 -0.133933 0.0025 0.544644 0.427279 1.96127 0.0091803 391 4 1 0.999999 
0.517908 0.675813 -0.101338 0.0025 0.544939 0.427619 1.96178 0.00917535 392 4 1 1 
0.522494 0.675397 -0.0756661 0.0025 0.545151 0.427875 1.96218 0.00917177 393 4 1 1 
0.527079 0.675079 -0.0564957 0.0025 0.545288 0.428054 1.96251 0.00916946 394 4 1 1 
0.531664 0.674832 -0.0443153 0.0025 0.545313 0.428136 1.9628 0.00916905 395 3 1 1 
0.536248 0.674638 -0.0367809 0.0025 0.544992 0.42799 1.96329 0.00917444 396 4 1 1 
0.540838 0.674476 -0.0317831 0.0025 0.543447 0.426329 1.96123 0.00920053 397 4 1 0.999989 
0.545449 0.674332 -0.0284527 0.0025 0.530396 0.410949 1.93699 0.00942691 398 4 1 0.999679 
0.55027 0.674193 -0.0255545 0.0025 0.506382 0.439653 2.17056 0.00987396 399 4 1 0.994728 
0.55533 0.674055 -0.0223417 0.0025 0.480905 0.415096 2.15789 0.0103971 400 4 1 0.993719 
0.560676 0.673915 -0.0183683 0.0025 0.458466 0.449553 2.4514 0.0109059 401 4 1 0.99371 
0.566242 0.673765 -0.0117533 0.0025 0.449873 0.430132 2.3903 0.0111142 402 5 1 0.998665 
0.571791 0.673585 0.002191 0.0025 0.451453 0.42844 2.37256 0.0110754 403 4 1 0.999972 
0.577317 0.673302 0.0312065 0.0025 0.452971 0.42826 2.36362 0.0110382 404 4 1 0.999997 
0.582829 0.672651 0.123959 0.0025 0.453683 0.427902 2.35793 0.0110209 405 3 1 1 
0.588338 0.670832 0.408135 0.0025 0.453171 0.426393 2.35226 0.0110334 406 4 1 1 
0.593862 0.66556 1.14642 0.0025 0.450257 0.421991 2.34301 0.0111048 407 4 1 0.999937 
0.599443 0.651876 3.05966 0.0025 0.442125 0.410929 2.32352 0.011309 408 4 1 0.999418 
0.605173 0.61928 6.45468 0.0025 0.424882 0.388216 2.28411 0.011768 409 4 1 0.997048 
0.61122 0.554409 13.8151 0.0025 0.39281 0.346856 2.20728 0.0127288 410 4 1 0.99027 
0.617944 0.410694 28.5277 0.0025 0.343586 0.285397 2.07652 0.0145524 411 4 1 0.975276 
0.62591 0.200695 29.9781 0.0025 0.293329 0.226264 1.92865 0.0170457 412 4 1 0.958276 
0.635141 0.0514874 13.8208 0.0025 0.262501 0.192411 1.83275 0.0190476 413 4 1 0.971936 
0.645001 0.00433079 2.40608 0.0025 0.251835 0.181344 1.80032 0.0198543 414 4 1 0.994609 
0.654998 -0.000605152 -0.0284308 0.0025 0.250018 0.179516 1.79505 0.0199986 415 4 1 0.999801 
0.665 -4.98737e-05 -0.0382325 0.0025 0.249975 0.179475 1.79493 0.020002 416 5 1 1 
0.675 1.06346e-05 0.00136074 0.0025 0.250001 0.179501 1.795 0.02 417 4 1 1 
0.685 2.98849e-06 0.00069523 0.0025 0.250001 0.179501 1.795 0.0199999 418 3 1 1 
0.695 5.90228e-07 0.000154647 0.0025 0.25 0.1795 1.795 0.02 419 4 1 1 
0.705 1.01789e-07 2.90873e-05 0.0025 0.25 0.1795 1.795 0.02 420 4 1 1 
0.715 1.58548e-08 4.89509e-06 0.0025 0.25 0.1795 1.795 0.02 421 4 1 1 
0.725 2.24069e-09 7.46283e-07 0.0025 0.25 0.1795 1.795 0.02 422 4 1 1 
0.735 2.86316e-10 1.03001e-07 0.0025 0.25 0.1795 1.795 0.02 423 4 1 1 
0.745 3.28434e-11 1.28046e-08 0.0025 0.25 0.1795 1.795 0.02 424 4 1 1 
0.755 3.35462e-12 1.42029e-09 0.0025 0.25 0.1795 1.795 0.02 425 4 1 1 
0.765 2.9155e-13 1.38584e-10 0.0025 0.25 0.1795 1.795 0.02 426 4 1 1 
0.775 1.81231e-14 1.11982e-11 0.0025 0.25 0.1795 1.795 0.02 427 4 1 1 
0.785 6.21789e-16 3.55271e-13 0.0025 0.25 0.1795 1.795 0.02 428 5 1 1 
0.795 3.43065e-17 2.84217e-14 0.0025 0.25 0.1795 1.795 0.02 429 5 1 1 
0.805 1.43782e-47 8.40779e-45 0.0025 0.25 0.1795 1.795 0.02 430 5 1 1 
0.815 0 0 0.0025 0.25 0.1795 1.795 0.02 431 5 1 1 
0.825 0 0 0.0025 0.25 0.1795 1.795 0.02 432 5 1 1 
0.835 0 0 0.0025 0.25 0.1795 1.795 0.02 433 5 1 1 
0.845 0 0 0.0025 0.25 0.1795 1.795 0.02 434 5 1 1 
0.855 0 0 0.0025 0.25 0.1795 1.795 0.02 435 5 1 1 
0.865 0 0 0.0025 0.25 0.1795 1.795 0.02 436 5 1 1 
0.875 0 0 0.0025 0.25 0.1795 1.795 0.02 437 5 1 1 
0.885 0 0 0.0025 0.25 0.1795 1.795 0.02 438 5 1 1 
0.895 0 0 0.0025 0.25 0.1795 1.795 0.02 439 5 1 1 
0.905 -9.30622e-48 -2.8026e-45 0.0025 0.25 0.1795 1.795 0.02 440 5 1 1 
0.915 -6.41542e-47 -5.60519e-45 0.0025 0.25 0.1795 1.795 0.02 441 5 1 1 
0.925 -1.58575e-16 -1.42109e-14 0.0025 0.25 0.1795 1.795 0.02 442 5 1 1 
0.935 -6.0719e-16 -2.84217e-14 0.0025 0.25 0.1795 1.795 0.02 443 5 1 1 
0.945 -1.56182e-15 -5.68434e-14 0.0025 0.25 0.1795 1.795 0.02 444 5 1 1 
0.955 -3.58568e-15 -1.13687e-13 0.0025 0.25 0.1795 1.795 0.02 445 5 1 1 
0.965 -7.0515e-15 -4.26326e-14 0.0025 0.25 0.1795 1.795 0.02 446 5 1 1 
0.975 -1.39739e-14 -1.27898e-13 0.0025 0.25 0.1795 1.795 0.02 447 5 1 1 
0.985 7.32408e-15 3.69482e-13 0.0025 0.25 0.1795 1.795 0.02 448 5 1 1 
0.995 -3.16513e-15 4.26326e-13 0.0025 0.25 0.1795 1.795 0.02 449 3 1 1 
1.005 3.16513e-15 -4.26326e-13 0.0025 0.25 0.1795 1.795 0.02 450 3 1 1 
1.015 -7.32408e-15 -3.69482e-13 0.0025 0.25 0.1795 1.795 0.02 451 5 1 1 
1.025 1.39739e-14 1.27898e-13 0.0025 0.25 0.1795 1.795 0.02 452 5 1 1 
1.035 7.0515e-15 4.26326e-14 0.0025 0.25 0.1795 1.795 0.02 453 5 1 1 
1.045 3.58568e-15 1.13687e-13 0.0025 0.25 0.1795 1.795 0.02 454 5 1 1 
1.055 1.56182e-15 5.68434e-14 0.0025 0.25 0.1795 1.795 0.02 455 5 1 1 
1.065 6.0719e-16 2.84217e-14 0.0025 0.25 0.1795 1.795 0.02 456 5 1 1 
1.075 1.58575e-16 1.42109e-14 0.0025 0.25 0.1795 1.795 0.02 457 5 1 1 
1.085 6.41542e-47 5.60519e-45 0.0025 0.25 0.1795 1.795 0.02 458 5 1 1 
1.095 9.30622e-48 2.8026e-45 0.0025 0.25 0.1795 1.795 0.02 459 5 1 1 
1.105 0 0 0.0025 0.25 0.1795 1.795 0.02 460 5 1 1 
1.115 0 0 0.0025 0.25 0.1795 1.795 0.02 461 5 1 1 
1.125 0 0 0.0025 0.25 0.1795 1.795 0.02 462 5 1 1 
1.135 0 0 0.0025 0.25 0.1795 1.795 0.02 463 5 1 1 
1.145 0 0 0.0025 0.25 0.1795 1.795 0.02 464 5 1 1 
1.155 0 0 0.0025 0.25 0.1795 1.795 0.02 465 5 1 1 
1.165 0 0 0.0025 0.25 0.1795 1.795 0.02 466 5 1 1 
1.175 0 0 0.0025 0.25 0.1795 1.795 0.02 467 5 1 1 
1.185 0 0 0.0025 0.25 0.1795 1.795 0.02 468 5 1 1 
1.195 -1.86075e-47 -1.12104e-44 0.0025 0.25 0.1795 1.795 0.02 469 5 1 1 
1.205 -6.4329e-17 -4.26326e-14 0.0025 0.25 0.1795 1.795 0.02 470 5 1 1 
1.215 -7.93666e-16 -7.10543e-14 0.0025 0.25 0.1795 1.795 0.02 471 5 1 1 
1.225 -1.38782e-14 -1.16955e-11 0.0025 0.25 0.1795 1.795 0.02 472 4 1 1 
1.235 -3.02146e-13 -1.40886e-10 0.0025 0.25 0.1795 1.795 0.02 473 4 1 1 
1.245 -3.34991e-12 -1.41898e-09 0.0025 0.25 0.1795 1.795 0.02 474 4 1 1 
1.255 -3.28264e-11 -1.27966e-08 0.0025 0.25 0.1795 1.795 0.02 475 4 1 1 
1.265 -2.86323e-10 -1.03011e-07 0.0025 0.25 0.1795 1.795 0.02 476 4 1 1 
1.275 -2.24068e-09 -7.46278e-07 0.0025 0.25 0.1795 1.795 0.02 477 4 1 1 
1.285 -1.58549e-08 -4.8951e-06 0.0025 0.25 0.1795 1.795 0.02 478 4 1 1 
1.295 -1.01789e-07 -2.90873e-05 0.0025 0.25 0.1795 1.795 0.02 479 4 1 1 
1.305 -5.90228e-07 -0.000154647 0.0025 0.25 0.1795 1.795 0.02 480 4 1 1 
1.315 -2.98849e-06 -0.00069523 0.0025 0.250001 0.179501 1.795 0.0199999 481 3 1 1 
1.325 -1.06346e-05 -0.00136074 0.0025 0.250001 0.179501 1.795 0.02 482 4 1 1 
1.335 4.98737e-05 0.0382325 0.0025 0.249975 0.179475 1.79493 0.020002 483 5 1 1 
1.345 0.000605152 0.0284308 0.0025 0.250018 0.179516 1.79505 0.0199986 484 4 1 0.999801 
1.355 -0.00433079 -2.40608 0.0025 0.251835 0.181344 1.80032 0.0198543 485 4 1 0.994609 
1.36486 -0.0514874 -13.8208 0.0025 0.262501 0.192411 1.83275 0.0190476 486 4 1 0.971936 
1.37409 -0.200695 -29.9781 0.0025 0.293329 0.226264 1.92865 0.0170457 487 4 1 0.958276 
1.38206 -0.410694 -28.5277 0.0025 0.343586 0.285397 2.07652 0.0145524 488 4 1 0.975276 
1.38878 -0.554409 -13.8151 0.0025 0.39281 0.346856 2.20728 0.0127288 489 4 1 0.99027 
1.39483 -0.61928 -6.45468 0.0025 0.424882 0.388216 2.28411 0.011768 490 4 1 0.997048 
1.40056 -0.651876 -3.05966 0.0025 0.442125 0.410929 2.32352 0.011309 491 4 1 0.999418 
1.40614 -0.66556 -1.14642 0.0025 0.450257 0.421991 2.34301 0.0111048 492 4 1 0.999937 
1.41166 -0.670832 -0.408135 0.0025 0.453171 0.426393 2.35226 0.0110334 493 4 1 1 
1.41717 -0.672651 -0.123959 0.0025 0.453683 0.427902 2.35793 0.0110209 494 3 1 1 
1.42268 -0.673302 -0.0312065 0.0025 0.452971 0.42826 2.36362 0.0110382 495 4 1 0.999997 
1.42821 -0.673585 -0.002191 0.0025 0.451453 0.42844 2.37256 0.0110754 496 4 1 0.999972 
1.43376 -0.673765 0.0117533 0.0025 0.449873 0.430132 2.3903 0.0111142 497 5 1 0.998665 
1.43932 -0.673915 0.0183683 0.0025 0.458466 0.449553 2.4514 0.0109059 498 4 1 0.99371 
1.44467 -0.674055 0.0223417 0.0025 0.480905 0.415096 2.15789 0.0103971 499 4 1 0.993719 
