# Time [s]: 2.42448e+12
# Columns: pos [pc], vel [pc/s], acc [pc/s^2], mass [Msun], dens [g/cm^3], pres [barye], ene [erg/g], sml [pc], id, neighbor, alpha, gradh, ...additional?
4.47261e+16 -674.177 8.18606e-13 4.97118e+27 0.000506391 4.39663 21705.7 3.04705e+14 0 4 1 0.994728 
4.48749e+16 -674.315 9.11319e-13 4.97118e+27 0.000530406 4.1096 19370.1 2.90909e+14 1 4 1 0.999679 
4.50172e+16 -674.457 1.01582e-12 4.97118e+27 0.000543458 4.26341 19612.4 2.83923e+14 2 4 1 0.999989 
4.51588e+16 -674.616 1.16652e-12 4.97118e+27 0.000545005 4.28004 19633.1 2.83117e+14 3 4 1 1 
4.53003e+16 -674.806 1.39481e-12 4.97118e+27 0.000545328 4.28154 19628.2 2.82949e+14 4 3 1 1 
4.54417e+16 -675.045 1.77466e-12 4.97118e+27 0.000545308 4.28076 19625.4 2.82959e+14 5 4 1 1 
4.55832e+16 -675.353 2.37151e-12 4.97118e+27 0.000545177 4.27903 19622.2 2.83027e+14 6 4 1 1 
4.57248e+16 -675.753 3.15982e-12 4.97118e+27 0.000544973 4.27657 19618.3 2.83133e+14 7 4 1 1 
4.58664e+16 -676.287 4.18315e-12 4.97118e+27 0.00054469 4.27328 19613.4 2.83281e+14 8 4 1 0.999999 
4.60081e+16 -676.995 5.54606e-12 4.97118e+27 0.000544312 4.26899 19607.2 2.83477e+14 9 4 1 0.999999 
4.61498e+16 -677.901 7.10136e-12 4.97118e+27 0.000543828 4.26353 19599.6 2.83729e+14 10 4 1 0.999998 
-1.54282e+16 -679.021 8.65687e-12 4.97118e+27 0.000543247 4.25705 19590.7 2.84033e+14 11 4 1 0.999997 
-1.52861e+16 -680.312 8.84969e-12 4.97118e+27 0.000542698 4.25093 19582.4 2.8432e+14 12 4 1 0.999997 
-1.51439e+16 -681.056 1.03733e-11 4.97118e+27 0.000542178 4.2451 19574.4 2.84593e+14 13 5 1 0.99999 
-1.50015e+16 -682.434 -1.22952e-11 4.97118e+27 0.000542933 4.25309 19584.6 2.84197e+14 14 4 1 0.999554 
-1.48597e+16 -671.325 -1.45696e-10 4.97118e+27 0.000548919 4.31876 19670.4 2.81098e+14 15 4 1 0.998514 
-1.47204e+16 -646.285 -2.20851e-10 4.97118e+27 0.000561125 4.45397 19844.3 2.74983e+14 16 4 1 0.998243 
-1.45847e+16 -617.896 -2.14888e-10 4.97118e+27 0.000575605 4.61583 20047.6 2.68066e+14 17 4 1 0.99856 
-1.44523e+16 -593.299 -1.83688e-10 4.97118e+27 0.000589259 4.76975 20236.2 2.61854e+14 18 4 1 0.998651 
-1.43228e+16 -570.773 -1.92152e-10 4.97118e+27 0.000602372 4.91881 20414.7 2.56154e+14 19 4 1 0.998356 
-1.41961e+16 -545.579 -2.34496e-10 4.97118e+27 0.000616946 5.0861 20610.6 2.50103e+14 20 4 1 0.997872 
-1.40726e+16 -515.874 -2.8183e-10 4.97118e+27 0.000634096 5.2851 20837.8 2.43339e+14 21 4 1 0.997461 
-1.39527e+16 -482.686 -3.18238e-10 4.97118e+27 0.000653654 5.51473 21092.5 2.36057e+14 22 4 1 0.997245 
-1.38365e+16 -447.499 -3.4177e-10 4.97118e+27 0.000674899 5.7673 21364 2.28627e+14 23 4 1 0.997198 
-1.3724e+16 -411.667 -3.57023e-10 4.97118e+27 0.000697151 6.03526 21642.9 2.21329e+14 24 4 1 0.997268 
-1.36151e+16 -376.087 -3.65162e-10 4.97118e+27 0.000719906 6.31282 21922.7 2.14334e+14 25 4 1 0.997395 
-1.35096e+16 -341.178 -3.70702e-10 4.97118e+27 0.000742841 6.59614 22199.3 2.07716e+14 26 4 1 0.997543 
-1.34073e+16 -307.146 -3.74291e-10 4.97118e+27 0.000765794 6.88321 22471.1 2.0149e+14 27 4 1 0.997702 
-1.33081e+16 -274.048 -3.75556e-10 4.97118e+27 0.000788638 7.17236 22736.8 1.95654e+14 28 4 1 0.99785 
-1.32116e+16 -241.931 -3.77629e-10 4.97118e+27 0.000811326 7.46286 22996.1 1.90182e+14 29 4 1 0.997994 
-1.31178e+16 -210.834 -3.78059e-10 4.97118e+27 0.000833831 7.75426 23249.1 1.85049e+14 30 4 1 0.998137 
-1.30265e+16 -180.713 -3.76263e-10 4.97118e+27 0.000856072 8.04534 23495.1 1.80242e+14 31 4 1 0.99827 
-1.29376e+16 -151.667 -3.74263e-10 4.97118e+27 0.000878018 8.33545 23734.1 1.75737e+14 32 4 1 0.998346 
-1.28508e+16 -123.318 -3.84477e-10 4.97118e+27 0.000899908 8.62778 23969 1.71462e+14 33 4 1 0.998417 
-1.27661e+16 -94.8908 -3.9447e-10 4.97118e+27 0.000921864 8.92446 24201.7 1.67378e+14 34 4 1 0.998759 
-1.26834e+16 -68.6102 -3.30097e-10 4.97118e+27 0.000942231 9.20215 24414.3 1.6376e+14 35 4 1 0.999184 
-1.26023e+16 -49.175 -2.35842e-10 4.97118e+27 0.000959165 9.43252 24587 1.60869e+14 36 4 1 0.998856 
-1.25225e+16 -29.2189 -4.00952e-10 4.97118e+27 0.000977759 9.68791 24775.7 1.5781e+14 37 4 1 0.997843 
-1.24445e+16 5.82573 -6.34316e-10 4.97118e+27 0.00100438 10.0639 25047.3 1.53627e+14 38 4 1 0.998875 
-1.23688e+16 38.2453 -3.05697e-10 4.97118e+27 0.00102817 10.402 25284.6 1.50072e+14 39 4 1 1.00003 
-1.22944e+16 44.4742 2.25718e-11 4.97118e+27 0.00103602 10.5104 25359.1 1.48936e+14 40 3 1 1 
-1.22199e+16 40.645 7.86619e-11 4.97118e+27 0.00103324 10.4694 25330.7 1.49336e+14 41 4 1 0.999993 
-1.2145e+16 34.5193 1.04032e-10 4.97118e+27 0.00102791 10.3935 25277.9 1.5011e+14 42 4 1 0.999927 
-1.20698e+16 27.5364 1.12438e-10 4.97118e+27 0.00102199 10.3095 25219.1 1.5098e+14 43 4 1 0.999903 
-1.19941e+16 20.6235 1.07051e-10 4.97118e+27 0.00101629 10.2288 25162.4 1.51826e+14 44 4 1 0.999905 
-1.1918e+16 14.5036 9.14401e-11 4.97118e+27 0.00101135 10.1592 25113.2 1.52568e+14 45 4 1 0.999926 
-1.18415e+16 9.59503 7.09816e-11 4.97118e+27 0.00100746 10.1043 25074.3 1.53158e+14 46 4 1 0.999952 
-1.17648e+16 5.98873 5.06539e-11 4.97118e+27 0.00100463 10.0647 25046.1 1.53589e+14 47 4 1 0.999974 
-1.16879e+16 3.53754 3.35606e-11 4.97118e+27 0.00100272 10.038 25027.1 1.53881e+14 48 4 1 0.999988 
-1.16109e+16 1.9829 2.08102e-11 4.97118e+27 0.00100152 10.0212 25015.1 1.54066e+14 49 4 1 0.999995 
-1.15338e+16 1.05667 1.21472e-11 4.97118e+27 0.00100081 10.0112 25008 1.54175e+14 50 4 1 0.999998 
-1.14567e+16 0.535867 6.70003e-12 4.97118e+27 0.00100041 10.0057 25004.1 1.54237e+14 51 4 1 0.999999 
-1.13796e+16 0.258698 3.49965e-12 4.97118e+27 0.0010002 10.0027 25002 1.5427e+14 52 4 1 1 
-1.13025e+16 0.118862 1.73289e-12 4.97118e+27 0.00100009 10.0013 25000.9 1.54286e+14 53 4 1 1 
-1.12253e+16 0.0519429 8.13629e-13 4.97118e+27 0.00100004 10.0005 25000.4 1.54294e+14 54 4 1 1 
-1.11482e+16 0.0215674 3.62116e-13 4.97118e+27 0.00100002 10.0002 25000.2 1.54297e+14 55 4 1 1 
-1.1071e+16 0.00849695 1.52651e-13 4.97118e+27 0.00100001 10.0001 25000.1 1.54299e+14 56 4 1 1 
-1.09939e+16 0.0031707 6.08775e-14 4.97118e+27 0.001 10 25000 1.543e+14 57 4 1 1 
-1.09167e+16 0.00111812 2.29291e-14 4.97118e+27 0.001 10 25000 1.543e+14 58 4 1 1 
-1.08396e+16 0.000371531 8.13779e-15 4.97118e+27 0.001 10 25000 1.543e+14 59 4 1 1 
-1.07624e+16 0.000115881 2.71327e-15 4.97118e+27 0.001 10 25000 1.543e+14 60 4 1 1 
-1.06853e+16 3.37537e-05 8.46392e-16 4.97118e+27 0.001 10 25000 1.543e+14 61 4 1 1 
-1.06081e+16 9.11722e-06 2.45639e-16 4.97118e+27 0.001 10 25000 1.543e+14 62 4 1 1 
-1.0531e+16 2.2607e-06 6.57976e-17 4.97118e+27 0.001 10 25000 1.543e+14 63 4 1 1 
-1.04538e+16 5.06773e-07 1.6076e-17 4.97118e+27 0.001 10 25000 1.543e+14 64 4 1 1 
-1.03767e+16 1.00144e-07 3.51652e-18 4.97118e+27 0.001 10 25000 1.543e+14 65 4 1 1 
-1.02995e+16 1.66431e-08 6.65698e-19 4.97118e+27 0.001 10 25000 1.543e+14 66 4 1 1 
-1.02224e+16 2.07291e-09 1.02287e-19 4.97118e+27 0.001 10 25000 1.543e+14 67 4 1 1 
-1.01452e+16 1.37629e-10 1.05619e-20 4.97118e+27 0.001 10 25000 1.543e+14 68 4 1 1 
-1.00681e+16 -1.20948e-11 -4.10761e-22 4.97118e+27 0.001 10 25000 1.543e+14 69 5 1 1 
-9.99092e+15 -2.57331e-13 -9.20989e-24 4.97118e+27 0.001 10 25000 1.543e+14 70 5 1 1 
-9.91377e+15 -1.71684e-14 -1.84198e-24 4.97118e+27 0.001 10 25000 1.543e+14 71 5 1 1 
-9.83662e+15 0 0 4.97118e+27 0.001 10 25000 1.543e+14 72 5 1 1 
-9.75947e+15 0 0 4.97118e+27 0.001 10 25000 1.543e+14 73 5 1 1 
-9.68232e+15 0 0 4.97118e+27 0.001 10 25000 1.543e+14 74 5 1 1 
-9.60517e+15 0 0 4.97118e+27 0.001 10 25000 1.543e+14 75 5 1 1 
-9.52802e+15 0 0 4.97118e+27 0.001 10 25000 1.543e+14 76 5 1 1 
-9.45087e+15 0 0 4.97118e+27 0.001 10 25000 1.543e+14 77 5 1 1 
-9.37372e+15 0 0 4.97118e+27 0.001 10 25000 1.543e+14 78 5 1 1 
-9.29657e+15 0 0 4.97118e+27 0.001 10 25000 1.543e+14 79 5 1 1 
-9.21942e+15 0 0 4.97118e+27 0.001 10 25000 1.543e+14 80 5 1 1 
-9.14227e+15 0 0 4.97118e+27 0.001 10 25000 1.543e+14 81 5 1 1 
-9.06512e+15 0 0 4.97118e+27 0.001 10 25000 1.543e+14 82 5 1 1 
-8.98797e+15 0 0 4.97118e+27 0.001 10 25000 1.543e+14 83 5 1 1 
-8.91082e+15 0 0 4.97118e+27 0.001 10 25000 1.543e+14 84 5 1 1 
-8.83367e+15 0 0 4.97118e+27 0.001 10 25000 1.543e+14 85 5 1 1 
-8.75652e+15 0 0 4.97118e+27 0.001 10 25000 1.543e+14 86 5 1 1 
-8.67937e+15 0 0 4.97118e+27 0.001 10 25000 1.543e+14 87 5 1 1 
-8.60222e+15 0 0 4.97118e+27 0.001 10 25000 1.543e+14 88 5 1 1 
-8.52507e+15 0 0 4.97118e+27 0.001 10 25000 1.543e+14 89 5 1 1 
-8.44792e+15 0 0 4.97118e+27 0.001 10 25000 1.543e+14 90 5 1 1 
-8.37077e+15 0 0 4.97118e+27 0.001 10 25000 1.543e+14 91 5 1 1 
-8.29362e+15 0 0 4.97118e+27 0.001 10 25000 1.543e+14 92 5 1 1 
-8.21647e+15 0 0 4.97118e+27 0.001 10 25000 1.543e+14 93 5 1 1 
-8.13932e+15 0 0 4.97118e+27 0.001 10 25000 1.543e+14 94 5 1 1 
-8.06217e+15 0 0 4.97118e+27 0.001 10 25000 1.543e+14 95 5 1 1 
-7.98502e+15 0 0 4.97118e+27 0.001 10 25000 1.543e+14 96 5 1 1 
-7.90787e+15 0 0 4.97118e+27 0.001 10 25000 1.543e+14 97 5 1 1 
-7.83072e+15 0 0 4.97118e+27 0.001 10 25000 1.543e+14 98 5 1 1 
-7.75357e+15 0 0 4.97118e+27 0.001 10 25000 1.543e+14 99 5 1 1 
-7.67642e+15 0 0 4.97118e+27 0.001 10 25000 1.543e+14 100 5 1 1 
-7.59927e+15 0 0 4.97118e+27 0.001 10 25000 1.543e+14 101 5 1 1 
-7.52212e+15 0 0 4.97118e+27 0.001 10 25000 1.543e+14 102 5 1 1 
-7.44497e+15 0 0 4.97118e+27 0.001 10 25000 1.543e+14 103 5 1 1 
-7.36782e+15 0 0 4.97118e+27 0.001 10 25000 1.543e+14 104 5 1 1 
-7.29067e+15 0 0 4.97118e+27 0.001 10 25000 1.543e+14 105 5 1 1 
-7.21352e+15 0 0 4.97118e+27 0.001 10 25000 1.543e+14 106 5 1 1 
-7.13637e+15 0 0 4.97118e+27 0.001 10 25000 1.543e+14 107 5 1 1 
-7.05922e+15 0 0 4.97118e+27 0.001 10 25000 1.543e+14 108 5 1 1 
-6.98207e+15 0 0 4.97118e+27 0.001 10 25000 1.543e+14 109 5 1 1 
-6.90492e+15 0 0 4.97118e+27 0.001 10 25000 1.543e+14 110 5 1 1 
-6.82777e+15 0 0 4.97118e+27 0.001 10 25000 1.543e+14 111 5 1 1 
-6.75062e+15 0 0 4.97118e+27 0.001 10 25000 1.543e+14 112 5 1 1 
-6.67347e+15 0 0 4.97118e+27 0.001 10 25000 1.543e+14 113 5 1 1 
-6.59632e+15 0 0 4.97118e+27 0.001 10 25000 1.543e+14 114 5 1 1 
-6.51917e+15 0 0 4.97118e+27 0.001 10 25000 1.543e+14 115 5 1 1 
-6.44202e+15 0 0 4.97118e+27 0.001 10 25000 1.543e+14 116 5 1 1 
-6.36487e+15 0 0 4.97118e+27 0.001 10 25000 1.543e+14 117 5 1 1 
-6.28772e+15 0 0 4.97118e+27 0.001 10 25000 1.543e+14 118 5 1 1 
-6.21057e+15 0 0 4.97118e+27 0.001 10 25000 1.543e+14 119 5 1 1 
-6.13342e+15 0 0 4.97118e+27 0.001 10 25000 1.543e+14 120 5 1 1 
-6.05627e+15 0 0 4.97118e+27 0.001 10 25000 1.543e+14 121 5 1 1 
-5.97912e+15 0 0 4.97118e+27 0.001 10 25000 1.543e+14 122 5 1 1 
-5.90197e+15 0 0 4.97118e+27 0.001 10 25000 1.543e+14 123 5 1 1 
-5.82482e+15 0 0 4.97118e+27 0.001 10 25000 1.543e+14 124 5 1 1 
-5.74767e+15 0 0 4.97118e+27 0.001 10 25000 1.543e+14 125 5 1 1 
-5.67052e+15 0 0 4.97118e+27 0.001 10 25000 1.543e+14 126 5 1 1 
-5.59337e+15 0 0 4.97118e+27 0.001 10 25000 1.543e+14 127 5 1 1 
-5.51622e+15 0 0 4.97118e+27 0.001 10 25000 1.543e+14 128 5 1 1 
-5.43907e+15 0 0 4.97118e+27 0.001 10 25000 1.543e+14 129 5 1 1 
-5.36192e+15 0 0 4.97118e+27 0.001 10 25000 1.543e+14 130 5 1 1 
-5.28477e+15 0 0 4.97118e+27 0.001 10 25000 1.543e+14 131 5 1 1 
-5.20762e+15 0 0 4.97118e+27 0.001 10 25000 1.543e+14 132 5 1 1 
-5.13047e+15 0 0 4.97118e+27 0.001 10 25000 1.543e+14 133 5 1 1 
-5.05332e+15 0 0 4.97118e+27 0.001 10 25000 1.543e+14 134 5 1 1 
-4.97617e+15 0 0 4.97118e+27 0.001 10 25000 1.543e+14 135 5 1 1 
-4.89902e+15 0 0 4.97118e+27 0.001 10 25000 1.543e+14 136 5 1 1 
-4.82187e+15 0 0 4.97118e+27 0.001 10 25000 1.543e+14 137 5 1 1 
-4.74472e+15 0 0 4.97118e+27 0.001 10 25000 1.543e+14 138 5 1 1 
-4.66757e+15 0 0 4.97118e+27 0.001 10 25000 1.543e+14 139 5 1 1 
-4.59042e+15 0 0 4.97118e+27 0.001 10 25000 1.543e+14 140 5 1 1 
-4.51327e+15 0 0 4.97118e+27 0.001 10 25000 1.543e+14 141 5 1 1 
-4.43612e+15 0 0 4.97118e+27 0.001 10 25000 1.543e+14 142 5 1 1 
-4.35897e+15 0 0 4.97118e+27 0.001 10 25000 1.543e+14 143 5 1 1 
-4.28182e+15 0 0 4.97118e+27 0.001 10 25000 1.543e+14 144 5 1 1 
-4.20467e+15 0 0 4.97118e+27 0.001 10 25000 1.543e+14 145 5 1 1 
-4.12752e+15 0 0 4.97118e+27 0.001 10 25000 1.543e+14 146 5 1 1 
-4.05037e+15 0 0 4.97118e+27 0.001 10 25000 1.543e+14 147 5 1 1 
-3.97322e+15 0 0 4.97118e+27 0.001 10 25000 1.543e+14 148 5 1 1 
-3.89607e+15 0 0 4.97118e+27 0.001 10 25000 1.543e+14 149 5 1 1 
-3.81892e+15 0 0 4.97118e+27 0.001 10 25000 1.543e+14 150 5 1 1 
-3.74177e+15 0 0 4.97118e+27 0.001 10 25000 1.543e+14 151 5 1 1 
-3.66462e+15 0 0 4.97118e+27 0.001 10 25000 1.543e+14 152 5 1 1 
-3.58747e+15 0 0 4.97118e+27 0.001 10 25000 1.543e+14 153 5 1 1 
-3.51032e+15 0 0 4.97118e+27 0.001 10 25000 1.543e+14 154 5 1 1 
-3.43317e+15 0 0 4.97118e+27 0.001 10 25000 1.543e+14 155 5 1 1 
-3.35602e+15 0 0 4.97118e+27 0.001 10 25000 1.543e+14 156 5 1 1 
-3.27887e+15 0 0 4.97118e+27 0.001 10 25000 1.543e+14 157 5 1 1 
-3.20172e+15 0 0 4.97118e+27 0.001 10 25000 1.543e+14 158 5 1 1 
-3.12457e+15 0 0 4.97118e+27 0.001 10 25000 1.543e+14 159 5 1 1 
-3.04742e+15 0 0 4.97118e+27 0.001 10 25000 1.543e+14 160 5 1 1 
-2.97027e+15 0 0 4.97118e+27 0.001 10 25000 1.543e+14 161 5 1 1 
-2.89312e+15 0 0 4.97118e+27 0.001 10 25000 1.543e+14 162 5 1 1 
-2.81597e+15 0 0 4.97118e+27 0.001 10 25000 1.543e+14 163 5 1 1 
-2.73882e+15 0 0 4.97118e+27 0.001 10 25000 1.543e+14 164 5 1 1 
-2.66167e+15 0 0 4.97118e+27 0.001 10 25000 1.543e+14 165 5 1 1 
-2.58452e+15 0 0 4.97118e+27 0.001 10 25000 1.543e+14 166 5 1 1 
-2.50737e+15 0 0 4.97118e+27 0.001 10 25000 1.543e+14 167 5 1 1 
-2.43022e+15 0 0 4.97118e+27 0.001 10 25000 1.543e+14 168 5 1 1 
-2.35307e+15 0 0 4.97118e+27 0.001 10 25000 1.543e+14 169 5 1 1 
-2.27592e+15 0 0 4.97118e+27 0.001 10 25000 1.543e+14 170 5 1 1 
-2.19877e+15 0 0 4.97118e+27 0.001 10 25000 1.543e+14 171 5 1 1 
-2.12162e+15 0 0 4.97118e+27 0.001 10 25000 1.543e+14 172 5 1 1 
-2.04447e+15 0 0 4.97118e+27 0.001 10 25000 1.543e+14 173 5 1 1 
-1.96732e+15 0 0 4.97118e+27 0.001 10 25000 1.543e+14 174 5 1 1 
-1.89017e+15 0 0 4.97118e+27 0.001 10 25000 1.543e+14 175 5 1 1 
-1.81302e+15 -1.18359e-43 -3.63266e-55 4.97118e+27 0.001 10 25000 1.543e+14 176 5 1 1 
-1.73587e+15 -1.37146e-13 -3.63266e-55 4.97118e+27 0.001 10 25000 1.543e+14 177 5 1 1 
-1.65872e+15 -2.90526e-13 -1.84198e-24 4.97118e+27 0.001 10 25000 1.543e+14 178 5 1 1 
-1.58157e+15 -4.59856e-13 1.84198e-24 4.97118e+27 0.001 10 25000 1.543e+14 179 5 1 1 
-1.50442e+15 -6.27843e-13 -1.84198e-24 4.97118e+27 0.001 10 25000 1.543e+14 180 5 1 1 
-1.42727e+15 -8.80323e-13 0 4.97118e+27 0.001 10 25000 1.543e+14 181 5 1 1 
-1.35012e+15 -1.11278e-12 -7.26532e-55 4.97118e+27 0.001 10 25000 1.543e+14 182 5 1 1 
-1.27297e+15 -1.34087e-12 -1.0898e-54 4.97118e+27 0.001 10 25000 1.543e+14 183 5 1 1 
-1.19582e+15 -1.74893e-12 1.84198e-24 4.97118e+27 0.001 10 25000 1.543e+14 184 5 1 1 
-1.11867e+15 -1.97682e-12 -5.52593e-24 4.97118e+27 0.001 10 25000 1.543e+14 185 5 1 1 
-1.04152e+15 -3.5486e-12 5.52593e-24 4.97118e+27 0.001 10 25000 1.543e+14 186 4 1 1 
-9.64375e+14 3.102e-13 2.04501e-38 4.97118e+27 0.001 10 25000 1.543e+14 187 3 1 1 
-8.87225e+14 5.45112e-15 -2.90613e-54 4.97118e+27 0.001 10 25000 1.543e+14 188 3 1 1 
-8.10075e+14 -8.11433e-13 -2.04501e-38 4.97118e+27 0.001 10 25000 1.543e+14 189 3 1 1 
-7.32925e+14 9.81978e-13 -3.68395e-24 4.97118e+27 0.001 10 25000 1.543e+14 190 4 1 1 
-6.55775e+14 -2.65072e-13 1.84198e-24 4.97118e+27 0.001 10 25000 1.543e+14 191 5 1 1 
-5.78625e+14 -4.43434e-13 -1.84198e-24 4.97118e+27 0.001 10 25000 1.543e+14 192 5 1 1 
-5.01475e+14 -2.47314e-12 -1.84198e-24 4.97118e+27 0.001 10 25000 1.543e+14 193 4 1 1 
-4.24325e+14 1.12337e-12 2.04501e-38 4.97118e+27 0.001 10 25000 1.543e+14 194 3 1 1 
-3.47175e+14 -8.1954e-14 -1.84198e-24 4.97118e+27 0.001 10 25000 1.543e+14 195 3 1 1 
-2.70025e+14 -3.81742e-13 0 4.97118e+27 0.001 10 25000 1.543e+14 196 3 1 1 
-1.92875e+14 1.11857e-13 -3.68395e-24 4.97118e+27 0.001 10 25000 1.543e+14 197 4 1 1 
-1.15725e+14 -3.44685e-13 -4.15392e-39 4.97118e+27 0.001 10 25000 1.543e+14 198 4 1 1 
-3.8575e+13 -1.70816e-13 1.27813e-39 4.97118e+27 0.001 10 25000 1.543e+14 199 3 1 1 
3.8575e+13 -1.65904e-13 3.68395e-24 4.97118e+27 0.001 10 25000 1.543e+14 200 4 1 1 
1.15725e+14 6.58119e-14 -9.20989e-24 4.97118e+27 0.001 10 25000 1.543e+14 201 3 1 1 
1.92875e+14 3.91063e-13 5.52593e-24 4.97118e+27 0.001 10 25000 1.543e+14 202 3 1 1 
2.70025e+14 3.73037e-13 1.84198e-24 4.97118e+27 0.001 10 25000 1.543e+14 203 3 1 1 
3.47175e+14 2.17784e-13 1.84198e-24 4.97118e+27 0.001 10 25000 1.543e+14 204 3 1 1 
4.24325e+14 4.79659e-13 -5.11251e-39 4.97118e+27 0.001 10 25000 1.543e+14 205 4 1 1 
5.01475e+14 -8.55806e-13 1.91719e-38 4.97118e+27 0.001 10 25000 1.543e+14 206 4 1 1 
5.78625e+14 -2.57656e-12 6.71017e-39 4.97118e+27 0.001 10 25000 1.543e+14 207 5 1 1 
6.55775e+14 -8.13417e-13 -1.91719e-38 4.97118e+27 0.001 10 25000 1.543e+14 208 5 1 1 
7.32925e+14 -2.41619e-12 -1.0225e-38 4.97118e+27 0.001 10 25000 1.543e+14 209 4 1 1 
8.10075e+14 1.89126e-12 1.84198e-24 4.97118e+27 0.001 10 25000 1.543e+14 210 3 1 1 
8.87225e+14 1.24774e-12 -1.84198e-24 4.97118e+27 0.001 10 25000 1.543e+14 211 3 1 1 
9.64375e+14 4.75644e-12 1.0225e-38 4.97118e+27 0.001 10 25000 1.543e+14 212 4 1 1 
1.04153e+15 3.05073e-12 3.68395e-24 4.97118e+27 0.001 10 25000 1.543e+14 213 5 1 1 
1.11868e+15 2.56806e-12 1.84198e-24 4.97118e+27 0.001 10 25000 1.543e+14 214 5 1 1 
1.19583e+15 1.98835e-12 -3.68395e-24 4.97118e+27 0.001 10 25000 1.543e+14 215 5 1 1 
1.27298e+15 1.48807e-12 3.68395e-24 4.97118e+27 0.001 10 25000 1.543e+14 216 5 1 1 
1.35013e+15 1.05023e-12 7.26532e-55 4.97118e+27 0.001 10 25000 1.543e+14 217 5 1 1 
1.42728e+15 7.47517e-13 7.26532e-55 4.97118e+27 0.001 10 25000 1.543e+14 218 5 1 1 
1.50443e+15 5.27937e-13 1.84198e-24 4.97118e+27 0.001 10 25000 1.543e+14 219 5 1 1 
1.58158e+15 3.41735e-13 0 4.97118e+27 0.001 10 25000 1.543e+14 220 5 1 1 
1.65873e+15 1.71248e-13 3.63266e-55 4.97118e+27 0.001 10 25000 1.543e+14 221 5 1 1 
1.73588e+15 3.43456e-14 3.63266e-55 4.97118e+27 0.001 10 25000 1.543e+14 222 5 1 1 
1.81303e+15 1.3537e-44 0 4.97118e+27 0.001 10 25000 1.543e+14 223 5 1 1 
1.89018e+15 0 0 4.97118e+27 0.001 10 25000 1.543e+14 224 5 1 1 
1.96733e+15 0 0 4.97118e+27 0.001 10 25000 1.543e+14 225 5 1 1 
2.04448e+15 0 0 4.97118e+27 0.001 10 25000 1.543e+14 226 5 1 1 
2.12163e+15 0 0 4.97118e+27 0.001 10 25000 1.543e+14 227 5 1 1 
2.19878e+15 0 0 4.97118e+27 0.001 10 25000 1.543e+14 228 5 1 1 
2.27593e+15 0 0 4.97118e+27 0.001 10 25000 1.543e+14 229 5 1 1 
2.35308e+15 0 0 4.97118e+27 0.001 10 25000 1.543e+14 230 5 1 1 
2.43023e+15 0 0 4.97118e+27 0.001 10 25000 1.543e+14 231 5 1 1 
2.50738e+15 0 0 4.97118e+27 0.001 10 25000 1.543e+14 232 5 1 1 
2.58453e+15 0 0 4.97118e+27 0.001 10 25000 1.543e+14 233 5 1 1 
2.66168e+15 0 0 4.97118e+27 0.001 10 25000 1.543e+14 234 5 1 1 
2.73883e+15 0 0 4.97118e+27 0.001 10 25000 1.543e+14 235 5 1 1 
2.81598e+15 0 0 4.97118e+27 0.001 10 25000 1.543e+14 236 5 1 1 
2.89313e+15 -4.74022e-43 -3.63266e-55 4.97118e+27 0.001 10 25000 1.543e+14 237 5 1 1 
2.97028e+15 -1.69188e-13 0 4.97118e+27 0.001 10 25000 1.543e+14 238 5 1 1 
3.04743e+15 -3.37357e-13 3.63266e-55 4.97118e+27 0.001 10 25000 1.543e+14 239 5 1 1 
3.12458e+15 6.42503e-13 1.84198e-24 4.97118e+27 0.001 10 25000 1.543e+14 240 5 1 1 
3.20173e+15 5.11511e-13 1.84198e-24 4.97118e+27 0.001 10 25000 1.543e+14 241 5 1 1 
3.27888e+15 3.70351e-12 -2.90613e-54 4.97118e+27 0.001 10 25000 1.543e+14 242 5 1 1 
3.35603e+15 2.76547e-12 3.68395e-24 4.97118e+27 0.001 10 25000 1.543e+14 243 5 1 1 
3.43318e+15 2.44792e-12 3.68395e-24 4.97118e+27 0.001 10 25000 1.543e+14 244 5 1 1 
3.51033e+15 -7.8509e-13 -1.84198e-24 4.97118e+27 0.001 10 25000 1.543e+14 245 5 1 1 
3.58748e+15 -9.89748e-13 -3.68395e-24 4.97118e+27 0.001 10 25000 1.543e+14 246 5 1 1 
3.66463e+15 -3.7483e-12 -5.52593e-24 4.97118e+27 0.001 10 25000 1.543e+14 247 5 1 1 
3.74178e+15 4.3487e-13 -1.10519e-23 4.97118e+27 0.001 10 25000 1.543e+14 248 5 1 1 
3.81893e+15 -2.56347e-12 -1.10519e-23 4.97118e+27 0.001 10 25000 1.543e+14 249 4 1 1 
3.89608e+15 2.56347e-12 1.10519e-23 4.97118e+27 0.001 10 25000 1.543e+14 250 4 1 1 
3.97323e+15 -4.3487e-13 1.10519e-23 4.97118e+27 0.001 10 25000 1.543e+14 251 5 1 1 
4.05038e+15 3.7483e-12 5.52593e-24 4.97118e+27 0.001 10 25000 1.543e+14 252 5 1 1 
4.12753e+15 9.89748e-13 3.68395e-24 4.97118e+27 0.001 10 25000 1.543e+14 253 5 1 1 
4.20468e+15 7.8509e-13 1.84198e-24 4.97118e+27 0.001 10 25000 1.543e+14 254 5 1 1 
4.28183e+15 -2.44792e-12 -3.68395e-24 4.97118e+27 0.001 10 25000 1.543e+14 255 5 1 1 
4.35898e+15 -2.76547e-12 -3.68395e-24 4.97118e+27 0.001 10 25000 1.543e+14 256 5 1 1 
4.43613e+15 -3.70351e-12 2.90613e-54 4.97118e+27 0.001 10 25000 1.543e+14 257 5 1 1 
4.51328e+15 -5.11511e-13 -1.84198e-24 4.97118e+27 0.001 10 25000 1.543e+14 258 5 1 1 
4.59043e+15 -6.42503e-13 -1.84198e-24 4.97118e+27 0.001 10 25000 1.543e+14 259 5 1 1 
4.66758e+15 3.37357e-13 -3.63266e-55 4.97118e+27 0.001 10 25000 1.543e+14 260 5 1 1 
4.74473e+15 1.69188e-13 0 4.97118e+27 0.001 10 25000 1.543e+14 261 5 1 1 
4.82188e+15 4.74022e-43 3.63266e-55 4.97118e+27 0.001 10 25000 1.543e+14 262 5 1 1 
4.89903e+15 0 0 4.97118e+27 0.001 10 25000 1.543e+14 263 5 1 1 
4.97618e+15 0 0 4.97118e+27 0.001 10 25000 1.543e+14 264 5 1 1 
5.05333e+15 0 0 4.97118e+27 0.001 10 25000 1.543e+14 265 5 1 1 
5.13048e+15 0 0 4.97118e+27 0.001 10 25000 1.543e+14 266 5 1 1 
5.20763e+15 0 0 4.97118e+27 0.001 10 25000 1.543e+14 267 5 1 1 
5.28478e+15 0 0 4.97118e+27 0.001 10 25000 1.543e+14 268 5 1 1 
5.36193e+15 0 0 4.97118e+27 0.001 10 25000 1.543e+14 269 5 1 1 
5.43908e+15 0 0 4.97118e+27 0.001 10 25000 1.543e+14 270 5 1 1 
5.51623e+15 0 0 4.97118e+27 0.001 10 25000 1.543e+14 271 5 1 1 
5.59338e+15 0 0 4.97118e+27 0.001 10 25000 1.543e+14 272 5 1 1 
5.67053e+15 0 0 4.97118e+27 0.001 10 25000 1.543e+14 273 5 1 1 
5.74768e+15 0 0 4.97118e+27 0.001 10 25000 1.543e+14 274 5 1 1 
5.82483e+15 0 0 4.97118e+27 0.001 10 25000 1.543e+14 275 5 1 1 
5.90198e+15 0 0 4.97118e+27 0.001 10 25000 1.543e+14 276 5 1 1 
5.97913e+15 0 0 4.97118e+27 0.001 10 25000 1.543e+14 277 5 1 1 
6.05628e+15 0 0 4.97118e+27 0.001 10 25000 1.543e+14 278 5 1 1 
6.13343e+15 0 0 4.97118e+27 0.001 10 25000 1.543e+14 279 5 1 1 
6.21058e+15 -7.78082e-44 -3.63266e-55 4.97118e+27 0.001 10 25000 1.543e+14 280 5 1 1 
6.28773e+15 -6.85718e-14 -3.63266e-55 4.97118e+27 0.001 10 25000 1.543e+14 281 5 1 1 
6.36488e+15 -2.05192e-13 0 4.97118e+27 0.001 10 25000 1.543e+14 282 5 1 1 
6.44203e+15 -3.75697e-13 0 4.97118e+27 0.001 10 25000 1.543e+14 283 5 1 1 
6.51918e+15 -5.45239e-13 3.63266e-55 4.97118e+27 0.001 10 25000 1.543e+14 284 5 1 1 
6.59633e+15 -6.79199e-13 3.63266e-55 4.97118e+27 0.001 10 25000 1.543e+14 285 5 1 1 
6.67348e+15 -6.91031e-13 1.84198e-24 4.97118e+27 0.001 10 25000 1.543e+14 286 5 1 1 
6.75063e+15 -9.06298e-13 2.90613e-54 4.97118e+27 0.001 10 25000 1.543e+14 287 5 1 1 
6.82778e+15 1.99742e-12 1.84198e-24 4.97118e+27 0.001 10 25000 1.543e+14 288 5 1 1 
6.90493e+15 5.57425e-13 3.68395e-24 4.97118e+27 0.001 10 25000 1.543e+14 289 5 1 1 
6.98208e+15 -7.42011e-13 -3.68395e-24 4.97118e+27 0.001 10 25000 1.543e+14 290 5 1 1 
7.05923e+15 -1.93222e-12 9.44492e-54 4.97118e+27 0.001 10 25000 1.543e+14 291 5 1 1 
7.13638e+15 1.73798e-12 1.10519e-23 4.97118e+27 0.001 10 25000 1.543e+14 292 5 1 1 
7.21353e+15 -7.61303e-13 5.52593e-24 4.97118e+27 0.001 10 25000 1.543e+14 293 5 1 1 
7.29068e+15 1.2396e-13 -5.52593e-24 4.97118e+27 0.001 10 25000 1.543e+14 294 5 1 1 
7.36783e+15 -2.9617e-12 -1.10519e-23 4.97118e+27 0.001 10 25000 1.543e+14 295 5 1 1 
7.44498e+15 5.3075e-12 2.21037e-23 4.97118e+27 0.001 10 25000 1.543e+14 296 5 1 1 
7.52213e+15 5.10324e-13 2.39457e-23 4.97118e+27 0.001 10 25000 1.543e+14 297 5 1 1 
7.59928e+15 1.00229e-12 -2.21037e-23 4.97118e+27 0.001 10 25000 1.543e+14 298 5 1 1 
7.67643e+15 -5.38118e-12 -2.02618e-23 4.97118e+27 0.001 10 25000 1.543e+14 299 3 1 1 
7.75358e+15 5.38118e-12 2.02618e-23 4.97118e+27 0.001 10 25000 1.543e+14 300 3 1 1 
7.83073e+15 -1.00229e-12 2.21037e-23 4.97118e+27 0.001 10 25000 1.543e+14 301 5 1 1 
7.90788e+15 -5.10324e-13 -2.39457e-23 4.97118e+27 0.001 10 25000 1.543e+14 302 5 1 1 
7.98503e+15 -5.3075e-12 -2.21037e-23 4.97118e+27 0.001 10 25000 1.543e+14 303 5 1 1 
8.06218e+15 2.9617e-12 1.10519e-23 4.97118e+27 0.001 10 25000 1.543e+14 304 5 1 1 
8.13933e+15 -1.2396e-13 5.52593e-24 4.97118e+27 0.001 10 25000 1.543e+14 305 5 1 1 
8.21648e+15 7.61303e-13 -5.52593e-24 4.97118e+27 0.001 10 25000 1.543e+14 306 5 1 1 
8.29363e+15 -1.73798e-12 -1.10519e-23 4.97118e+27 0.001 10 25000 1.543e+14 307 5 1 1 
8.37078e+15 1.93222e-12 -9.44492e-54 4.97118e+27 0.001 10 25000 1.543e+14 308 5 1 1 
8.44793e+15 7.42011e-13 3.68395e-24 4.97118e+27 0.001 10 25000 1.543e+14 309 5 1 1 
8.52508e+15 -5.57425e-13 -3.68395e-24 4.97118e+27 0.001 10 25000 1.543e+14 310 5 1 1 
8.60223e+15 -1.99742e-12 -1.84198e-24 4.97118e+27 0.001 10 25000 1.543e+14 311 5 1 1 
8.67938e+15 9.06298e-13 -2.90613e-54 4.97118e+27 0.001 10 25000 1.543e+14 312 5 1 1 
8.75653e+15 6.91031e-13 -1.84198e-24 4.97118e+27 0.001 10 25000 1.543e+14 313 5 1 1 
8.83368e+15 6.79199e-13 -3.63266e-55 4.97118e+27 0.001 10 25000 1.543e+14 314 5 1 1 
8.91083e+15 5.45239e-13 -3.63266e-55 4.97118e+27 0.001 10 25000 1.543e+14 315 5 1 1 
8.98798e+15 3.75697e-13 0 4.97118e+27 0.001 10 25000 1.543e+14 316 5 1 1 
9.06513e+15 2.05192e-13 0 4.97118e+27 0.001 10 25000 1.543e+14 317 5 1 1 
9.14228e+15 6.85718e-14 3.63266e-55 4.97118e+27 0.001 10 25000 1.543e+14 318 5 1 1 
9.21943e+15 7.78082e-44 3.63266e-55 4.97118e+27 0.001 10 25000 1.543e+14 319 5 1 1 
9.29658e+15 0 0 4.97118e+27 0.001 10 25000 1.543e+14 320 5 1 1 
9.37373e+15 0 0 4.97118e+27 0.001 10 25000 1.543e+14 321 5 1 1 
9.45088e+15 0 0 4.97118e+27 0.001 10 25000 1.543e+14 322 5 1 1 
9.52803e+15 0 0 4.97118e+27 0.001 10 25000 1.543e+14 323 5 1 1 
9.60518e+15 0 0 4.97118e+27 0.001 10 25000 1.543e+14 324 5 1 1 
9.68233e+15 0 0 4.97118e+27 0.001 10 25000 1.543e+14 325 5 1 1 
9.75948e+15 0 0 4.97118e+27 0.001 10 25000 1.543e+14 326 5 1 1 
9.83663e+15 0 0 4.97118e+27 0.001 10 25000 1.543e+14 327 5 1 1 
9.91378e+15 1.71684e-14 1.84198e-24 4.97118e+27 0.001 10 25000 1.543e+14 328 5 1 1 
9.99093e+15 2.57331e-13 9.20989e-24 4.97118e+27 0.001 10 25000 1.543e+14 329 5 1 1 
1.00681e+16 1.20948e-11 4.10761e-22 4.97118e+27 0.001 10 25000 1.543e+14 330 5 1 1 
1.01452e+16 -1.37629e-10 -1.05619e-20 4.97118e+27 0.001 10 25000 1.543e+14 331 4 1 1 
1.02224e+16 -2.07291e-09 -1.02287e-19 4.97118e+27 0.001 10 25000 1.543e+14 332 4 1 1 
1.02995e+16 -1.66431e-08 -6.65698e-19 4.97118e+27 0.001 10 25000 1.543e+14 333 4 1 1 
1.03767e+16 -1.00144e-07 -3.51652e-18 4.97118e+27 0.001 10 25000 1.543e+14 334 4 1 1 
1.04538e+16 -5.06773e-07 -1.6076e-17 4.97118e+27 0.001 10 25000 1.543e+14 335 4 1 1 
1.0531e+16 -2.2607e-06 -6.57976e-17 4.97118e+27 0.001 10 25000 1.543e+14 336 4 1 1 
1.06081e+16 -9.11722e-06 -2.45639e-16 4.97118e+27 0.001 10 25000 1.543e+14 337 4 1 1 
1.06853e+16 -3.37537e-05 -8.46392e-16 4.97118e+27 0.001 10 25000 1.543e+14 338 4 1 1 
1.07624e+16 -0.000115881 -2.71327e-15 4.97118e+27 0.001 10 25000 1.543e+14 339 4 1 1 
1.08396e+16 -0.000371531 -8.13779e-15 4.97118e+27 0.001 10 25000 1.543e+14 340 4 1 1 
1.09167e+16 -0.00111812 -2.29291e-14 4.97118e+27 0.001 10 25000 1.543e+14 341 4 1 1 
1.09939e+16 -0.0031707 -6.08775e-14 4.97118e+27 0.001 10 25000 1.543e+14 342 4 1 1 
1.1071e+16 -0.00849695 -1.52651e-13 4.97118e+27 0.00100001 10.0001 25000.1 1.54299e+14 343 4 1 1 
1.11482e+16 -0.0215674 -3.62116e-13 4.97118e+27 0.00100002 10.0002 25000.2 1.54297e+14 344 4 1 1 
1.12253e+16 -0.0519429 -8.13629e-13 4.97118e+27 0.00100004 10.0005 25000.4 1.54294e+14 345 4 1 1 
1.13025e+16 -0.118862 -1.73289e-12 4.97118e+27 0.00100009 10.0013 25000.9 1.54286e+14 346 4 1 1 
1.13796e+16 -0.258698 -3.49965e-12 4.97118e+27 0.0010002 10.0027 25002 1.5427e+14 347 4 1 1 
1.14567e+16 -0.535867 -6.70003e-12 4.97118e+27 0.00100041 10.0057 25004.1 1.54237e+14 348 4 1 0.999999 
1.15338e+16 -1.05667 -1.21472e-11 4.97118e+27 0.00100081 10.0112 25008 1.54175e+14 349 4 1 0.999998 
1.16109e+16 -1.9829 -2.08102e-11 4.97118e+27 0.00100152 10.0212 25015.1 1.54066e+14 350 4 1 0.999995 
1.16879e+16 -3.53754 -3.35606e-11 4.97118e+27 0.00100272 10.038 25027.1 1.53881e+14 351 4 1 0.999988 
1.17648e+16 -5.98873 -5.06539e-11 4.97118e+27 0.00100463 10.0647 25046.1 1.53589e+14 352 4 1 0.999974 
1.18415e+16 -9.59503 -7.09816e-11 4.97118e+27 0.00100746 10.1043 25074.3 1.53158e+14 353 4 1 0.999952 
1.1918e+16 -14.5036 -9.14401e-11 4.97118e+27 0.00101135 10.1592 25113.2 1.52568e+14 354 4 1 0.999926 
1.19941e+16 -20.6235 -1.07051e-10 4.97118e+27 0.00101629 10.2288 25162.4 1.51826e+14 355 4 1 0.999905 
1.20698e+16 -27.5364 -1.12438e-10 4.97118e+27 0.00102199 10.3095 25219.1 1.5098e+14 356 4 1 0.999903 
1.2145e+16 -34.5193 -1.04032e-10 4.97118e+27 0.00102791 10.3935 25277.9 1.5011e+14 357 4 1 0.999927 
1.22199e+16 -40.645 -7.86619e-11 4.97118e+27 0.00103324 10.4694 25330.7 1.49336e+14 358 4 1 0.999993 
1.22944e+16 -44.4742 -2.25718e-11 4.97118e+27 0.00103602 10.5104 25359.1 1.48936e+14 359 3 1 1 
1.23688e+16 -38.2453 3.05697e-10 4.97118e+27 0.00102817 10.402 25284.6 1.50072e+14 360 4 1 1.00003 
1.24445e+16 -5.82573 6.34316e-10 4.97118e+27 0.00100438 10.0639 25047.3 1.53627e+14 361 4 1 0.998875 
1.25225e+16 29.2189 4.00952e-10 4.97118e+27 0.000977759 9.68791 24775.7 1.5781e+14 362 4 1 0.997843 
1.26023e+16 49.175 2.35842e-10 4.97118e+27 0.000959165 9.43252 24587 1.60869e+14 363 4 1 0.998856 
1.26834e+16 68.6102 3.30097e-10 4.97118e+27 0.000942231 9.20215 24414.3 1.6376e+14 364 4 1 0.999184 
1.27661e+16 94.8908 3.9447e-10 4.97118e+27 0.000921864 8.92446 24201.7 1.67378e+14 365 4 1 0.998759 
1.28508e+16 123.318 3.84477e-10 4.97118e+27 0.000899908 8.62778 23969 1.71462e+14 366 4 1 0.998417 
1.29376e+16 151.667 3.74263e-10 4.97118e+27 0.000878018 8.33545 23734.1 1.75737e+14 367 4 1 0.998346 
1.30265e+16 180.713 3.76263e-10 4.97118e+27 0.000856072 8.04534 23495.1 1.80242e+14 368 4 1 0.99827 
1.31178e+16 210.834 3.78059e-10 4.97118e+27 0.000833831 7.75426 23249.1 1.85049e+14 369 4 1 0.998137 
1.32116e+16 241.931 3.77629e-10 4.97118e+27 0.000811326 7.46286 22996.1 1.90182e+14 370 4 1 0.997994 
1.33081e+16 274.048 3.75556e-10 4.97118e+27 0.000788638 7.17236 22736.8 1.95654e+14 371 4 1 0.99785 
1.34073e+16 307.146 3.74291e-10 4.97118e+27 0.000765794 6.88321 22471.1 2.0149e+14 372 4 1 0.997702 
1.35096e+16 341.178 3.70702e-10 4.97118e+27 0.000742841 6.59614 22199.3 2.07716e+14 373 4 1 0.997543 
1.36151e+16 376.087 3.65162e-10 4.97118e+27 0.000719906 6.31282 21922.7 2.14334e+14 374 4 1 0.997395 
1.3724e+16 411.667 3.57023e-10 4.97118e+27 0.000697151 6.03526 21642.9 2.21329e+14 375 4 1 0.997268 
1.38365e+16 447.499 3.4177e-10 4.97118e+27 0.000674899 5.7673 21364 2.28627e+14 376 4 1 0.997198 
1.39527e+16 482.686 3.18238e-10 4.97118e+27 0.000653654 5.51473 21092.5 2.36057e+14 377 4 1 0.997245 
1.40726e+16 515.874 2.8183e-10 4.97118e+27 0.000634096 5.2851 20837.8 2.43339e+14 378 4 1 0.997461 
1.41961e+16 545.579 2.34496e-10 4.97118e+27 0.000616946 5.0861 20610.6 2.50103e+14 379 4 1 0.997872 
1.43228e+16 570.773 1.92152e-10 4.97118e+27 0.000602372 4.91881 20414.7 2.56154e+14 380 4 1 0.998356 
1.44523e+16 593.299 1.83688e-10 4.97118e+27 0.000589259 4.76975 20236.2 2.61854e+14 381 4 1 0.998651 
1.45847e+16 617.896 2.14888e-10 4.97118e+27 0.000575605 4.61583 20047.6 2.68066e+14 382 4 1 0.99856 
1.47204e+16 646.285 2.20851e-10 4.97118e+27 0.000561125 4.45397 19844.3 2.74983e+14 383 4 1 0.998243 
1.48597e+16 671.325 1.45696e-10 4.97118e+27 0.000548919 4.31876 19670.4 2.81098e+14 384 4 1 0.998514 
1.50015e+16 682.434 1.22952e-11 4.97118e+27 0.000542933 4.25309 19584.6 2.84197e+14 385 4 1 0.999554 
1.51439e+16 681.056 -1.03733e-11 4.97118e+27 0.000542178 4.2451 19574.4 2.84593e+14 386 5 1 0.99999 
1.52861e+16 680.312 -8.84969e-12 4.97118e+27 0.000542698 4.25093 19582.4 2.8432e+14 387 4 1 0.999997 
1.54282e+16 679.021 -8.65687e-12 4.97118e+27 0.000543247 4.25705 19590.7 2.84033e+14 388 4 1 0.999997 
1.55702e+16 677.901 -7.10136e-12 4.97118e+27 0.000543828 4.26353 19599.6 2.83729e+14 389 4 1 0.999998 
1.57119e+16 676.995 -5.54606e-12 4.97118e+27 0.000544312 4.26899 19607.2 2.83477e+14 390 4 1 0.999999 
1.58536e+16 676.287 -4.18315e-12 4.97118e+27 0.00054469 4.27328 19613.4 2.83281e+14 391 4 1 0.999999 
1.59952e+16 675.753 -3.15982e-12 4.97118e+27 0.000544973 4.27657 19618.3 2.83133e+14 392 4 1 1 
1.61368e+16 675.353 -2.37151e-12 4.97118e+27 0.000545177 4.27903 19622.2 2.83027e+14 393 4 1 1 
1.62783e+16 675.045 -1.77466e-12 4.97118e+27 0.000545308 4.28076 19625.4 2.82959e+14 394 4 1 1 
1.64197e+16 674.806 -1.39481e-12 4.97118e+27 0.000545328 4.28154 19628.2 2.82949e+14 395 3 1 1 
1.65612e+16 674.616 -1.16652e-12 4.97118e+27 0.000545005 4.28004 19633.1 2.83117e+14 396 4 1 1 
1.67028e+16 674.457 -1.01582e-12 4.97118e+27 0.000543458 4.26341 19612.4 2.83923e+14 397 4 1 0.999989 
1.68451e+16 674.315 -9.11319e-13 4.97118e+27 0.000530406 4.1096 19370.1 2.90909e+14 398 4 1 0.999679 
1.69939e+16 674.177 -8.18606e-13 4.97118e+27 0.000506391 4.39663 21705.7 3.04705e+14 399 4 1 0.994728 
1.715e+16 674.042 -7.17336e-13 4.97118e+27 0.000480913 4.15106 21579 3.20848e+14 400 4 1 0.993718 
1.7315e+16 673.904 -5.92468e-13 4.97118e+27 0.000458473 4.49563 24514.2 3.36552e+14 401 4 1 0.99371 
1.74868e+16 673.758 -3.85183e-13 4.97118e+27 0.000449881 4.30142 23903.1 3.4298e+14 402 5 1 0.998665 
1.7658e+16 673.586 3.22484e-14 4.97118e+27 0.000451464 4.28454 23725.8 3.41777e+14 403 4 1 0.999972 
1.78286e+16 673.319 8.8856e-13 4.97118e+27 0.000452994 4.2829 23636.6 3.40623e+14 404 4 1 0.999996 
1.79986e+16 672.723 3.64394e-12 4.97118e+27 0.000453741 4.27979 23580.5 3.40062e+14 405 3 1 1 
1.81686e+16 671.067 1.1953e-11 4.97118e+27 0.000453339 4.26614 23526.1 3.40363e+14 406 4 1 1 
1.8339e+16 666.226 3.43215e-11 4.97118e+27 0.0004507 4.22573 23439.4 3.42356e+14 407 4 1 0.99995 
1.8511e+16 653.649 9.10974e-11 4.97118e+27 0.000443171 4.12297 23257.6 3.48172e+14 408 4 1 0.999504 
1.86872e+16 623.079 1.9838e-10 4.97118e+27 0.000426907 3.90838 22886.4 3.61437e+14 409 4 1 0.997393 
1.88727e+16 562.435 4.13471e-10 4.97118e+27 0.00039644 3.51477 22162.2 3.89214e+14 410 4 1 0.991121 
1.90776e+16 427.564 8.85543e-10 4.97118e+27 0.000348411 2.91276 20899.2 4.42868e+14 411 4 1 0.977077 
1.93195e+16 219.055 9.98472e-10 4.97118e+27 0.000297273 2.30742 19407.1 5.19052e+14 412 4 1 0.958934 
1.96015e+16 60.3011 4.97759e-10 4.97118e+27 0.000264331 1.94352 18384.3 5.83738e+14 413 4 1 0.969549 
1.99048e+16 5.95469 9.62592e-11 4.97118e+27 0.000252279 1.81795 18016.4 6.11624e+14 414 4 1 0.993347 
2.02132e+16 -0.60576 8.56045e-13 4.97118e+27 0.000250057 1.79554 17951.6 6.1706e+14 415 4 1 0.999706 
2.05219e+16 -0.0763051 -1.59691e-12 4.97118e+27 0.00024997 1.7947 17949.1 6.17274e+14 416 5 1 1 
2.08305e+16 0.0113591 3.36391e-14 4.97118e+27 0.00025 1.795 17950 6.172e+14 417 4 1 1 
2.11391e+16 0.00343627 2.55133e-14 4.97118e+27 0.000250001 1.79501 17950 6.17198e+14 418 3 1 1 
2.14477e+16 0.000691078 5.80883e-15 4.97118e+27 0.00025 1.795 17950 6.172e+14 419 4 1 1 
2.17563e+16 0.000120892 1.10696e-15 4.97118e+27 0.00025 1.795 17950 6.172e+14 420 4 1 1 
2.20649e+16 1.9094e-05 1.88903e-16 4.97118e+27 0.00025 1.795 17950 6.172e+14 421 4 1 1 
2.23735e+16 2.73837e-06 2.9212e-17 4.97118e+27 0.00025 1.795 17950 6.172e+14 422 4 1 1 
2.26821e+16 3.55585e-07 4.09418e-18 4.97118e+27 0.00025 1.795 17950 6.172e+14 423 4 1 1 
2.29907e+16 4.15355e-08 5.17642e-19 4.97118e+27 0.00025 1.795 17950 6.172e+14 424 4 1 1 
2.32993e+16 4.32907e-09 5.85242e-20 4.97118e+27 0.00025 1.795 17950 6.172e+14 425 4 1 1 
2.36079e+16 3.87869e-10 5.84321e-21 4.97118e+27 0.00025 1.795 17950 6.172e+14 426 4 1 1 
2.39165e+16 2.62438e-11 5.08386e-22 4.97118e+27 0.00025 1.795 17950 6.172e+14 427 4 1 1 
2.42251e+16 8.66439e-13 1.47358e-23 4.97118e+27 0.00025 1.795 17950 6.172e+14 428 5 1 1 
2.45337e+16 6.43511e-14 2.30247e-24 4.97118e+27 0.00025 1.795 17950 6.172e+14 429 5 1 1 
2.48423e+16 2.03035e-44 3.63266e-55 4.97118e+27 0.00025 1.795 17950 6.172e+14 430 5 1 1 
2.51509e+16 0 0 4.97118e+27 0.00025 1.795 17950 6.172e+14 431 5 1 1 
2.54595e+16 0 0 4.97118e+27 0.00025 1.795 17950 6.172e+14 432 5 1 1 
2.57681e+16 0 0 4.97118e+27 0.00025 1.795 17950 6.172e+14 433 5 1 1 
2.60767e+16 0 0 4.97118e+27 0.00025 1.795 17950 6.172e+14 434 5 1 1 
2.63853e+16 0 0 4.97118e+27 0.00025 1.795 17950 6.172e+14 435 5 1 1 
2.66939e+16 0 0 4.97118e+27 0.00025 1.795 17950 6.172e+14 436 5 1 1 
2.70025e+16 0 0 4.97118e+27 0.00025 1.795 17950 6.172e+14 437 5 1 1 
2.73111e+16 0 0 4.97118e+27 0.00025 1.795 17950 6.172e+14 438 5 1 1 
2.76197e+16 0 0 4.97118e+27 0.00025 1.795 17950 6.172e+14 439 5 1 1 
2.79283e+16 -1.09991e-44 -9.08165e-56 4.97118e+27 0.00025 1.795 17950 6.172e+14 440 5 1 1 
2.82369e+16 -6.75401e-44 -1.81633e-55 4.97118e+27 0.00025 1.795 17950 6.172e+14 441 5 1 1 
2.85455e+16 -1.6716e-13 -4.60494e-25 4.97118e+27 0.00025 1.795 17950 6.172e+14 442 5 1 1 
2.88541e+16 -6.24358e-13 -9.20989e-25 4.97118e+27 0.00025 1.795 17950 6.172e+14 443 5 1 1 
2.91627e+16 -1.59616e-12 -1.84198e-24 4.97118e+27 0.00025 1.795 17950 6.172e+14 444 5 1 1 
2.94713e+16 -3.65006e-12 -3.22346e-24 4.97118e+27 0.00025 1.795 17950 6.172e+14 445 5 1 1 
2.97799e+16 -7.07725e-12 -1.38148e-24 4.97118e+27 0.00025 1.795 17950 6.172e+14 446 5 1 1 
3.00885e+16 -1.40511e-11 -4.14445e-24 4.97118e+27 0.00025 1.795 17950 6.172e+14 447 5 1 1 
3.03971e+16 7.54298e-12 1.15124e-23 4.97118e+27 0.00025 1.795 17950 6.172e+14 448 5 1 1 
3.07057e+16 -2.9076e-12 1.38148e-23 4.97118e+27 0.00025 1.795 17950 6.172e+14 449 3 1 1 
3.10143e+16 2.9076e-12 -1.38148e-23 4.97118e+27 0.00025 1.795 17950 6.172e+14 450 3 1 1 
3.13229e+16 -7.54298e-12 -1.15124e-23 4.97118e+27 0.00025 1.795 17950 6.172e+14 451 5 1 1 
3.16315e+16 1.40511e-11 4.14445e-24 4.97118e+27 0.00025 1.795 17950 6.172e+14 452 5 1 1 
3.19401e+16 7.07725e-12 1.38148e-24 4.97118e+27 0.00025 1.795 17950 6.172e+14 453 5 1 1 
3.22487e+16 3.65006e-12 3.22346e-24 4.97118e+27 0.00025 1.795 17950 6.172e+14 454 5 1 1 
3.25573e+16 1.59616e-12 1.84198e-24 4.97118e+27 0.00025 1.795 17950 6.172e+14 455 5 1 1 
3.28659e+16 6.24358e-13 9.20989e-25 4.97118e+27 0.00025 1.795 17950 6.172e+14 456 5 1 1 
3.31745e+16 1.6716e-13 4.60494e-25 4.97118e+27 0.00025 1.795 17950 6.172e+14 457 5 1 1 
3.34831e+16 6.75401e-44 1.81633e-55 4.97118e+27 0.00025 1.795 17950 6.172e+14 458 5 1 1 
3.37917e+16 1.09991e-44 9.08165e-56 4.97118e+27 0.00025 1.795 17950 6.172e+14 459 5 1 1 
3.41003e+16 0 0 4.97118e+27 0.00025 1.795 17950 6.172e+14 460 5 1 1 
3.44089e+16 0 0 4.97118e+27 0.00025 1.795 17950 6.172e+14 461 5 1 1 
3.47175e+16 0 0 4.97118e+27 0.00025 1.795 17950 6.172e+14 462 5 1 1 
3.50261e+16 0 0 4.97118e+27 0.00025 1.795 17950 6.172e+14 463 5 1 1 
3.53347e+16 0 0 4.97118e+27 0.00025 1.795 17950 6.172e+14 464 5 1 1 
3.56433e+16 0 0 4.97118e+27 0.00025 1.795 17950 6.172e+14 465 5 1 1 
3.59519e+16 0 0 4.97118e+27 0.00025 1.795 17950 6.172e+14 466 5 1 1 
3.62605e+16 0 0 4.97118e+27 0.00025 1.795 17950 6.172e+14 467 5 1 1 
3.65691e+16 0 0 4.97118e+27 0.00025 1.795 17950 6.172e+14 468 5 1 1 
3.68777e+16 -2.53793e-44 -3.63266e-55 4.97118e+27 0.00025 1.795 17950 6.172e+14 469 5 1 1 
3.71863e+16 -9.00815e-14 -1.38148e-24 4.97118e+27 0.00025 1.795 17950 6.172e+14 470 5 1 1 
3.74949e+16 -8.92385e-13 -8.2889e-24 4.97118e+27 0.00025 1.795 17950 6.172e+14 471 5 1 1 
3.78035e+16 -2.23422e-11 -5.29108e-22 4.97118e+27 0.00025 1.795 17950 6.172e+14 472 4 1 1 
3.81121e+16 -3.9937e-10 -5.86578e-21 4.97118e+27 0.00025 1.795 17950 6.172e+14 473 4 1 1 
3.84207e+16 -4.32429e-09 -5.85588e-20 4.97118e+27 0.00025 1.795 17950 6.172e+14 474 4 1 1 
3.87293e+16 -4.15139e-08 -5.1741e-19 4.97118e+27 0.00025 1.795 17950 6.172e+14 475 4 1 1 
3.90379e+16 -3.55597e-07 -4.09437e-18 4.97118e+27 0.00025 1.795 17950 6.172e+14 476 4 1 1 
3.93465e+16 -2.73835e-06 -2.92119e-17 4.97118e+27 0.00025 1.795 17950 6.172e+14 477 4 1 1 
3.96551e+16 -1.9094e-05 -1.88903e-16 4.97118e+27 0.00025 1.795 17950 6.172e+14 478 4 1 1 
3.99637e+16 -0.000120892 -1.10696e-15 4.97118e+27 0.00025 1.795 17950 6.172e+14 479 4 1 1 
4.02723e+16 -0.000691078 -5.80883e-15 4.97118e+27 0.00025 1.795 17950 6.172e+14 480 4 1 1 
4.05809e+16 -0.00343627 -2.55133e-14 4.97118e+27 0.000250001 1.79501 17950 6.17198e+14 481 3 1 1 
4.08895e+16 -0.0113591 -3.36391e-14 4.97118e+27 0.00025 1.795 17950 6.172e+14 482 4 1 1 
4.11981e+16 0.0763051 1.59691e-12 4.97118e+27 0.00024997 1.7947 17949.1 6.17274e+14 483 5 1 1 
4.15068e+16 0.60576 -8.56045e-13 4.97118e+27 0.000250057 1.79554 17951.6 6.1706e+14 484 4 1 0.999706 
4.18152e+16 -5.95469 -9.62592e-11 4.97118e+27 0.000252279 1.81795 18016.4 6.11624e+14 485 4 1 0.993347 
4.21185e+16 -60.3011 -4.97759e-10 4.97118e+27 0.000264331 1.94352 18384.3 5.83738e+14 486 4 1 0.969549 
4.24005e+16 -219.055 -9.98472e-10 4.97118e+27 0.000297273 2.30742 19407.1 5.19052e+14 487 4 1 0.958934 
4.26424e+16 -427.564 -8.85543e-10 4.97118e+27 0.000348411 2.91276 20899.2 4.42868e+14 488 4 1 0.977077 
4.28473e+16 -562.435 -4.13471e-10 4.97118e+27 0.00039644 3.51477 22162.2 3.89214e+14 489 4 1 0.991121 
4.30328e+16 -623.079 -1.9838e-10 4.97118e+27 0.000426907 3.90838 22886.4 3.61437e+14 490 4 1 0.997393 
4.3209e+16 -653.649 -9.10974e-11 4.97118e+27 0.000443171 4.12297 23257.6 3.48172e+14 491 4 1 0.999504 
4.3381e+16 -666.226 -3.43215e-11 4.97118e+27 0.0004507 4.22573 23439.4 3.42356e+14 492 4 1 0.99995 
4.35514e+16 -671.067 -1.1953e-11 4.97118e+27 0.000453339 4.26614 23526.1 3.40363e+14 493 4 1 1 
4.37214e+16 -672.723 -3.64394e-12 4.97118e+27 0.000453741 4.27979 23580.5 3.40062e+14 494 3 1 1 
4.38914e+16 -673.319 -8.8856e-13 4.97118e+27 0.000452994 4.2829 23636.6 3.40623e+14 495 4 1 0.999996 
4.4062e+16 -673.586 -3.22484e-14 4.97118e+27 0.000451464 4.28454 23725.8 3.41777e+14 496 4 1 0.999972 
4.42332e+16 -673.758 3.85183e-13 4.97118e+27 0.000449881 4.30142 23903.1 3.4298e+14 497 5 1 0.998665 
4.4405e+16 -673.904 5.92468e-13 4.97118e+27 0.000458473 4.49563 24514.2 3.36552e+14 498 4 1 0.99371 
4.457e+16 -674.042 7.17336e-13 4.97118e+27 0.000480913 4.15106 21579 3.20848e+14 499 4 1 0.993718 
