# Time [s]: 0.0803776
# Columns: pos [m], vel [m/s], acc [m/s^2], mass [kg], dens [kg/m^3], pres [Pa], ene [J/kg], sml [m], id, neighbor, alpha, gradh, ...additional?
1.4481 -0.674132 0.0243999 0.0025 0.506416 0.439694 2.17061 0.00987331 0 4 1 0.994727 
1.45292 -0.674265 0.0271622 0.0025 0.530434 0.41099 1.93705 0.00942624 1 4 1 0.999679 
1.45753 -0.674402 0.0301001 0.0025 0.543489 0.426376 1.96129 0.00919981 2 4 1 0.999989 
1.46212 -0.674553 0.0338553 0.0025 0.545041 0.428044 1.96336 0.00917362 3 4 1 1 
1.4667 -0.674731 0.0397615 0.0025 0.545373 0.428202 1.96289 0.00916804 4 3 1 1 
1.47129 -0.67495 0.0501918 0.0025 0.545364 0.428138 1.96262 0.00916818 5 4 1 1 
1.47587 -0.675226 0.0661534 0.0025 0.545249 0.427982 1.96233 0.00917012 6 4 1 1 
1.48046 -0.675586 0.086977 0.0025 0.545068 0.427762 1.96196 0.00917317 7 4 1 1 
1.48505 -0.676066 0.115742 0.0025 0.544816 0.427468 1.96152 0.00917741 8 4 1 0.999999 
1.48964 -0.6767 0.15415 0.0025 0.544477 0.42708 1.96096 0.00918312 9 4 1 0.999999 
1.49423 -0.677523 0.198237 0.0025 0.544036 0.426582 1.96026 0.00919056 10 4 1 0.999998 
1.49883 -0.67856 0.243726 0.0025 0.543498 0.42598 1.95944 0.00919966 11 4 1 0.999997 
-0.496571 -0.679779 0.301422 0.0025 0.542918 0.425333 1.95855 0.00920949 12 4 1 0.999997 
-0.491964 -0.680698 0.129369 0.0025 0.542436 0.424798 1.95782 0.00921767 13 4 1 0.999997 
-0.487353 -0.682191 0.492202 0.0025 0.542301 0.424626 1.95757 0.00921996 14 5 1 0.999856 
-0.482744 -0.677942 -2.78245 0.0025 0.545612 0.428236 1.96229 0.00916402 15 4 1 0.998961 
-0.478189 -0.658013 -6.04437 0.0025 0.555348 0.438981 1.97622 0.00900336 16 4 1 0.998271 
-0.473739 -0.6302 -6.88903 0.0025 0.569222 0.454428 1.99583 0.00878392 17 4 1 0.998437 
-0.469403 -0.603833 -5.98138 0.0025 0.583286 0.470225 2.0154 0.00857212 18 4 1 0.998687 
-0.465166 -0.581161 -5.57424 0.0025 0.596295 0.484955 2.03322 0.00838511 19 4 1 0.998576 
-0.461017 -0.557964 -6.44296 0.0025 0.609765 0.500345 2.05144 0.00819988 20 4 1 0.99817 
-0.456965 -0.53091 -7.88082 0.0025 0.625372 0.518358 2.07226 0.00799525 21 4 1 0.997727 
-0.45302 -0.499863 -9.11494 0.0025 0.643474 0.539485 2.09604 0.00777032 22 4 1 0.99743 
-0.449192 -0.466134 -9.99942 0.0025 0.663542 0.563187 2.12194 0.00753531 23 4 1 0.997307 
-0.445483 -0.431255 -10.5768 0.0025 0.684901 0.58873 2.149 0.00730032 24 4 1 0.997325 
-0.44189 -0.396194 -10.9045 0.0025 0.706969 0.615457 2.17643 0.00707245 25 4 1 0.997422 
-0.438408 -0.361626 -11.1089 0.0025 0.729347 0.642901 2.20372 0.00685544 26 4 1 0.997556 
-0.435032 -0.327804 -11.2296 0.0025 0.751809 0.670787 2.23061 0.00665063 27 4 1 0.997701 
-0.431756 -0.294812 -11.312 0.0025 0.774223 0.698948 2.25696 0.00645809 28 4 1 0.997844 
-0.428573 -0.262819 -11.3785 0.0025 0.79653 0.727302 2.28275 0.00627723 29 4 1 0.997985 
-0.425477 -0.231747 -11.3952 0.0025 0.818673 0.755762 2.30791 0.00610744 30 4 1 0.998119 
-0.422464 -0.201593 -11.4077 0.0025 0.840608 0.784261 2.33244 0.00594808 31 4 1 0.998251 
-0.419528 -0.172413 -11.3485 0.0025 0.862287 0.812721 2.35631 0.00579853 32 4 1 0.998371 
-0.416665 -0.144262 -11.2967 0.0025 0.88369 0.841089 2.37952 0.0056581 33 4 1 0.998431 
-0.413869 -0.116638 -11.6853 0.0025 0.905096 0.869751 2.40241 0.00552427 34 4 1 0.998508 
-0.41114 -0.0889636 -11.8719 0.0025 0.926527 0.898781 2.42506 0.0053965 35 4 1 0.998883 
-0.408472 -0.0639525 -9.46889 0.0025 0.946023 0.925394 2.44534 0.00528529 36 4 1 0.999245 
-0.405854 -0.045767 -7.08212 0.0025 0.962218 0.947422 2.46179 0.00519633 37 4 1 0.998803 
-0.403275 -0.0251233 -13.2619 0.0025 0.981159 0.973532 2.48104 0.00509601 38 4 1 0.997886 
-0.400757 0.0106503 -19.0715 0.0025 1.00787 1.01133 2.50824 0.00496097 39 4 1 0.999132 
-0.398313 0.0398807 -7.43344 0.0025 1.02976 1.04242 2.52999 0.0048555 40 4 1 1.00004 
-0.395901 0.0438568 0.985764 0.0025 1.03572 1.05058 2.53558 0.00482757 41 3 1 1 
-0.393486 0.0397376 2.47125 0.0025 1.03249 1.04587 2.53232 0.00484266 42 4 1 0.999983 
-0.391058 0.0336168 3.18631 0.0025 1.02717 1.03829 2.52705 0.00486776 43 4 1 0.999926 
-0.388618 0.0267475 3.39954 0.0025 1.02136 1.03005 2.52128 0.00489545 44 4 1 0.999906 
-0.386163 0.0200062 3.21325 0.0025 1.0158 1.02219 2.51575 0.00492221 45 4 1 0.99991 
-0.383695 0.0140707 2.73207 0.0025 1.01102 1.01544 2.51098 0.00494551 46 4 1 0.99993 
-0.381217 0.0093228 2.11711 0.0025 1.00725 1.01014 2.50722 0.00496401 47 4 1 0.999955 
-0.378731 0.00583568 1.51153 0.0025 1.00451 1.0063 2.50449 0.00497753 48 4 1 0.999976 
-0.37624 0.00346152 1.00384 0.0025 1.00267 1.00372 2.50265 0.0049867 49 4 1 0.999989 
-0.373745 0.00195066 0.62492 0.0025 1.0015 1.00208 2.50149 0.00499252 50 4 1 0.999995 
-0.371247 0.00104619 0.366707 0.0025 1.0008 1.00111 2.50079 0.004996 51 4 1 0.999998 
-0.368749 0.000534549 0.20358 0.0025 1.00041 1.00057 2.5004 0.00499796 52 4 1 0.999999 
-0.366249 0.000260286 0.107153 0.0025 1.0002 1.00028 2.5002 0.00499901 53 4 1 1 
-0.36375 0.000120759 0.0535269 0.0025 1.00009 1.00013 2.50009 0.00499954 54 4 1 1 
-0.36125 5.33503e-05 0.0253845 0.0025 1.00004 1.00006 2.50004 0.0049998 55 4 1 1 
-0.35875 2.24234e-05 0.0114256 0.0025 1.00002 1.00002 2.50002 0.00499991 56 4 1 1 
-0.35625 8.95517e-06 0.00487769 0.0025 1.00001 1.00001 2.50001 0.00499997 57 4 1 1 
-0.35375 3.39277e-06 0.00197289 0.0025 1 1 2.5 0.00499999 58 4 1 1 
-0.35125 1.2169e-06 0.000754896 0.0025 1 1 2.5 0.005 59 4 1 1 
-0.34875 4.12125e-07 0.000272702 0.0025 1 1 2.5 0.005 60 4 1 1 
-0.34625 1.31342e-07 9.27541e-05 0.0025 1 1 2.5 0.005 61 4 1 1 
-0.34375 3.92124e-08 2.95973e-05 0.0025 1 1 2.5 0.005 62 4 1 1 
-0.34125 1.09001e-08 8.81691e-06 0.0025 1 1 2.5 0.005 63 4 1 1 
-0.33875 2.79706e-09 2.43534e-06 0.0025 1 1 2.5 0.005 64 4 1 1 
-0.33625 6.54211e-10 6.17551e-07 0.0025 1 1 2.5 0.005 65 4 1 1 
-0.33375 1.36689e-10 1.4162e-07 0.0025 1 1 2.5 0.005 66 4 1 1 
-0.33125 2.46266e-11 2.86279e-08 0.0025 1 1 2.5 0.005 67 4 1 1 
-0.32875 3.5648e-12 4.86062e-09 0.0025 1 1 2.5 0.005 68 4 1 1 
-0.32625 3.31836e-13 6.11635e-10 0.0025 1 1 2.5 0.005 69 4 1 1 
-0.32375 -5.18004e-16 3.21734e-11 0.0025 1 1 2.5 0.005 70 4 1 1 
-0.32125 -1.76929e-15 -4.49063e-12 0.0025 1 1 2.5 0.005 71 5 1 1 
-0.31875 -3.43531e-17 -1.13687e-13 0.0025 1 1 2.5 0.005 72 5 1 1 
-0.31625 -6.77495e-48 -2.24208e-44 0.0025 1 1 2.5 0.005 73 5 1 1 
-0.31375 0 0 0.0025 1 1 2.5 0.005 74 5 1 1 
-0.31125 0 0 0.0025 1 1 2.5 0.005 75 5 1 1 
-0.30875 0 0 0.0025 1 1 2.5 0.005 76 5 1 1 
-0.30625 0 0 0.0025 1 1 2.5 0.005 77 5 1 1 
-0.30375 0 0 0.0025 1 1 2.5 0.005 78 5 1 1 
-0.30125 0 0 0.0025 1 1 2.5 0.005 79 5 1 1 
-0.29875 0 0 0.0025 1 1 2.5 0.005 80 5 1 1 
-0.29625 0 0 0.0025 1 1 2.5 0.005 81 5 1 1 
-0.29375 0 0 0.0025 1 1 2.5 0.005 82 5 1 1 
-0.29125 0 0 0.0025 1 1 2.5 0.005 83 5 1 1 
-0.28875 0 0 0.0025 1 1 2.5 0.005 84 5 1 1 
-0.28625 0 0 0.0025 1 1 2.5 0.005 85 5 1 1 
-0.28375 0 0 0.0025 1 1 2.5 0.005 86 5 1 1 
-0.28125 0 0 0.0025 1 1 2.5 0.005 87 5 1 1 
-0.27875 0 0 0.0025 1 1 2.5 0.005 88 5 1 1 
-0.27625 0 0 0.0025 1 1 2.5 0.005 89 5 1 1 
-0.27375 0 0 0.0025 1 1 2.5 0.005 90 5 1 1 
-0.27125 0 0 0.0025 1 1 2.5 0.005 91 5 1 1 
-0.26875 0 0 0.0025 1 1 2.5 0.005 92 5 1 1 
-0.26625 0 0 0.0025 1 1 2.5 0.005 93 5 1 1 
-0.26375 0 0 0.0025 1 1 2.5 0.005 94 5 1 1 
-0.26125 0 0 0.0025 1 1 2.5 0.005 95 5 1 1 
-0.25875 0 0 0.0025 1 1 2.5 0.005 96 5 1 1 
-0.25625 0 0 0.0025 1 1 2.5 0.005 97 5 1 1 
-0.25375 0 0 0.0025 1 1 2.5 0.005 98 5 1 1 
-0.25125 0 0 0.0025 1 1 2.5 0.005 99 5 1 1 
-0.24875 0 0 0.0025 1 1 2.5 0.005 100 5 1 1 
-0.24625 0 0 0.0025 1 1 2.5 0.005 101 5 1 1 
-0.24375 0 0 0.0025 1 1 2.5 0.005 102 5 1 1 
-0.24125 0 0 0.0025 1 1 2.5 0.005 103 5 1 1 
-0.23875 0 0 0.0025 1 1 2.5 0.005 104 5 1 1 
-0.23625 0 0 0.0025 1 1 2.5 0.005 105 5 1 1 
-0.23375 0 0 0.0025 1 1 2.5 0.005 106 5 1 1 
-0.23125 0 0 0.0025 1 1 2.5 0.005 107 5 1 1 
-0.22875 0 0 0.0025 1 1 2.5 0.005 108 5 1 1 
-0.22625 0 0 0.0025 1 1 2.5 0.005 109 5 1 1 
-0.22375 0 0 0.0025 1 1 2.5 0.005 110 5 1 1 
-0.22125 0 0 0.0025 1 1 2.5 0.005 111 5 1 1 
-0.21875 0 0 0.0025 1 1 2.5 0.005 112 5 1 1 
-0.21625 0 0 0.0025 1 1 2.5 0.005 113 5 1 1 
-0.21375 0 0 0.0025 1 1 2.5 0.005 114 5 1 1 
-0.21125 0 0 0.0025 1 1 2.5 0.005 115 5 1 1 
-0.20875 0 0 0.0025 1 1 2.5 0.005 116 5 1 1 
-0.20625 0 0 0.0025 1 1 2.5 0.005 117 5 1 1 
-0.20375 0 0 0.0025 1 1 2.5 0.005 118 5 1 1 
-0.20125 0 0 0.0025 1 1 2.5 0.005 119 5 1 1 
-0.19875 0 0 0.0025 1 1 2.5 0.005 120 5 1 1 
-0.19625 0 0 0.0025 1 1 2.5 0.005 121 5 1 1 
-0.19375 0 0 0.0025 1 1 2.5 0.005 122 5 1 1 
-0.19125 0 0 0.0025 1 1 2.5 0.005 123 5 1 1 
-0.18875 0 0 0.0025 1 1 2.5 0.005 124 5 1 1 
-0.18625 0 0 0.0025 1 1 2.5 0.005 125 5 1 1 
-0.18375 0 0 0.0025 1 1 2.5 0.005 126 5 1 1 
-0.18125 0 0 0.0025 1 1 2.5 0.005 127 5 1 1 
-0.17875 0 0 0.0025 1 1 2.5 0.005 128 5 1 1 
-0.17625 0 0 0.0025 1 1 2.5 0.005 129 5 1 1 
-0.17375 0 0 0.0025 1 1 2.5 0.005 130 5 1 1 
-0.17125 0 0 0.0025 1 1 2.5 0.005 131 5 1 1 
-0.16875 0 0 0.0025 1 1 2.5 0.005 132 5 1 1 
-0.16625 0 0 0.0025 1 1 2.5 0.005 133 5 1 1 
-0.16375 0 0 0.0025 1 1 2.5 0.005 134 5 1 1 
-0.16125 0 0 0.0025 1 1 2.5 0.005 135 5 1 1 
-0.15875 0 0 0.0025 1 1 2.5 0.005 136 5 1 1 
-0.15625 0 0 0.0025 1 1 2.5 0.005 137 5 1 1 
-0.15375 0 0 0.0025 1 1 2.5 0.005 138 5 1 1 
-0.15125 0 0 0.0025 1 1 2.5 0.005 139 5 1 1 
-0.14875 0 0 0.0025 1 1 2.5 0.005 140 5 1 1 
-0.14625 0 0 0.0025 1 1 2.5 0.005 141 5 1 1 
-0.14375 0 0 0.0025 1 1 2.5 0.005 142 5 1 1 
-0.14125 0 0 0.0025 1 1 2.5 0.005 143 5 1 1 
-0.13875 0 0 0.0025 1 1 2.5 0.005 144 5 1 1 
-0.13625 0 0 0.0025 1 1 2.5 0.005 145 5 1 1 
-0.13375 0 0 0.0025 1 1 2.5 0.005 146 5 1 1 
-0.13125 0 0 0.0025 1 1 2.5 0.005 147 5 1 1 
-0.12875 0 0 0.0025 1 1 2.5 0.005 148 5 1 1 
-0.12625 0 0 0.0025 1 1 2.5 0.005 149 5 1 1 
-0.12375 0 0 0.0025 1 1 2.5 0.005 150 5 1 1 
-0.12125 0 0 0.0025 1 1 2.5 0.005 151 5 1 1 
-0.11875 0 0 0.0025 1 1 2.5 0.005 152 5 1 1 
-0.11625 0 0 0.0025 1 1 2.5 0.005 153 5 1 1 
-0.11375 0 0 0.0025 1 1 2.5 0.005 154 5 1 1 
-0.11125 0 0 0.0025 1 1 2.5 0.005 155 5 1 1 
-0.10875 0 0 0.0025 1 1 2.5 0.005 156 5 1 1 
-0.10625 0 0 0.0025 1 1 2.5 0.005 157 5 1 1 
-0.10375 0 0 0.0025 1 1 2.5 0.005 158 5 1 1 
-0.10125 0 0 0.0025 1 1 2.5 0.005 159 5 1 1 
-0.09875 0 0 0.0025 1 1 2.5 0.005 160 5 1 1 
-0.09625 0 0 0.0025 1 1 2.5 0.005 161 5 1 1 
-0.09375 0 0 0.0025 1 1 2.5 0.005 162 5 1 1 
-0.09125 0 0 0.0025 1 1 2.5 0.005 163 5 1 1 
-0.08875 0 0 0.0025 1 1 2.5 0.005 164 5 1 1 
-0.08625 0 0 0.0025 1 1 2.5 0.005 165 5 1 1 
-0.08375 0 0 0.0025 1 1 2.5 0.005 166 5 1 1 
-0.08125 0 0 0.0025 1 1 2.5 0.005 167 5 1 1 
-0.07875 0 0 0.0025 1 1 2.5 0.005 168 5 1 1 
-0.07625 0 0 0.0025 1 1 2.5 0.005 169 5 1 1 
-0.07375 0 0 0.0025 1 1 2.5 0.005 170 5 1 1 
-0.07125 0 0 0.0025 1 1 2.5 0.005 171 5 1 1 
-0.06875 0 0 0.0025 1 1 2.5 0.005 172 5 1 1 
-0.06625 0 0 0.0025 1 1 2.5 0.005 173 5 1 1 
-0.06375 0 0 0.0025 1 1 2.5 0.005 174 5 1 1 
-0.06125 -6.77634e-48 0 0.0025 1 1 2.5 0.005 175 5 1 1 
-0.05875 -3.43601e-17 -1.12104e-44 0.0025 1 1 2.5 0.005 176 5 1 1 
-0.05625 -1.54332e-16 -5.68434e-14 0.0025 1 1 2.5 0.005 177 5 1 1 
-0.05375 -2.90526e-16 5.68434e-14 0.0025 1 1 2.5 0.005 178 5 1 1 
-0.05125 -4.59856e-16 -5.68434e-14 0.0025 1 1 2.5 0.005 179 5 1 1 
-0.04875 -6.62212e-16 5.68434e-14 0.0025 1 1 2.5 0.005 180 5 1 1 
-0.04625 -8.97499e-16 -5.68434e-14 0.0025 1 1 2.5 0.005 181 5 1 1 
-0.04375 -1.11278e-15 -2.24208e-44 0.0025 1 1 2.5 0.005 182 5 1 1 
-0.04125 -1.34087e-15 -2.24208e-44 0.0025 1 1 2.5 0.005 183 5 1 1 
-0.03875 -1.73175e-15 3.9443e-29 0.0025 1 1 2.5 0.005 184 5 1 1 
-0.03625 -1.94248e-15 5.68434e-14 0.0025 1 1 2.5 0.005 185 5 1 1 
-0.03375 -3.49705e-15 -3.15544e-28 0.0025 1 1 2.5 0.005 186 4 1 1 
-0.03125 3.102e-16 6.31089e-28 0.0025 1 1 2.5 0.005 187 3 1 1 
-0.02875 5.45112e-18 -8.96831e-44 0.0025 1 1 2.5 0.005 188 3 1 1 
-0.02625 -8.11433e-16 -6.31089e-28 0.0025 1 1 2.5 0.005 189 3 1 1 
-0.02375 8.78887e-16 3.15544e-28 0.0025 1 1 2.5 0.005 190 4 1 1 
-0.02125 -3.68163e-16 -1.7053e-13 0.0025 1 1 2.5 0.005 191 5 1 1 
-0.01875 -5.12154e-16 5.68434e-14 0.0025 1 1 2.5 0.005 192 5 1 1 
-0.01625 -2.50751e-15 -5.68434e-14 0.0025 1 1 2.5 0.005 193 4 1 1 
-0.01375 1.089e-15 6.31089e-28 0.0025 1 1 2.5 0.005 194 3 1 1 
-0.01125 -8.19381e-17 -5.68434e-14 0.0025 1 1 2.5 0.005 195 3 1 1 
-0.00875 -4.84833e-16 -1.13687e-13 0.0025 1 1 2.5 0.005 196 3 1 1 
-0.00625 -2.56054e-17 -1.13687e-13 0.0025 1 1 2.5 0.005 197 4 1 1 
-0.00375 -3.44699e-16 2.27374e-13 0.0025 1 1 2.5 0.005 198 3 1 1 
-0.00125 -2.22345e-16 -1.7053e-13 0.0025 1 1 2.5 0.005 199 3 1 1 
0.00125 5.91762e-18 1.13687e-13 0.0025 1 1 2.5 0.005 200 3 1 1 
0.00375 -3.98107e-16 -2.27374e-13 0.0025 1 1 2.5 0.005 201 3 1 1 
0.00625 7.00336e-16 1.7053e-13 0.0025 1 1 2.5 0.005 202 3 1 1 
0.00875 4.76128e-16 5.68434e-14 0.0025 1 1 2.5 0.005 203 3 1 1 
0.01125 3.20875e-16 5.68434e-14 0.0025 1 1 2.5 0.005 204 3 1 1 
0.01375 4.79659e-16 -1.57772e-28 0.0025 1 1 2.5 0.005 205 4 1 1 
0.01625 -8.55806e-16 5.91646e-28 0.0025 1 1 2.5 0.005 206 4 1 1 
0.01875 -2.57656e-15 2.07076e-28 0.0025 1 1 2.5 0.005 207 5 1 1 
0.02125 -8.13417e-16 -5.91646e-28 0.0025 1 1 2.5 0.005 208 5 1 1 
0.02375 -2.41619e-15 -3.15544e-28 0.0025 1 1 2.5 0.005 209 4 1 1 
0.02625 2.04589e-15 1.13687e-13 0.0025 1 1 2.5 0.005 210 3 1 1 
0.02875 1.19618e-15 -2.76101e-28 0.0025 1 1 2.5 0.005 211 3 1 1 
0.03125 4.80799e-15 5.68434e-14 0.0025 1 1 2.5 0.005 212 4 1 1 
0.03375 3.10229e-15 -5.68434e-14 0.0025 1 1 2.5 0.005 213 5 1 1 
0.03625 2.56806e-15 -5.68434e-14 0.0025 1 1 2.5 0.005 214 5 1 1 
0.03875 2.05707e-15 1.13687e-13 0.0025 1 1 2.5 0.005 215 5 1 1 
0.04125 1.52244e-15 2.24208e-44 0.0025 1 1 2.5 0.005 216 5 1 1 
0.04375 1.05023e-15 4.48416e-44 0.0025 1 1 2.5 0.005 217 5 1 1 
0.04625 7.81886e-16 2.24208e-44 0.0025 1 1 2.5 0.005 218 5 1 1 
0.04875 5.45113e-16 0 0.0025 1 1 2.5 0.005 219 5 1 1 
0.05125 3.58921e-16 5.68434e-14 0.0025 1 1 2.5 0.005 220 5 1 1 
0.05375 1.88432e-16 -5.68434e-14 0.0025 1 1 2.5 0.005 221 5 1 1 
0.05625 5.15221e-17 5.68434e-14 0.0025 1 1 2.5 0.005 222 5 1 1 
0.05875 1.69245e-47 1.12104e-44 0.0025 1 1 2.5 0.005 223 5 1 1 
0.06125 0 0 0.0025 1 1 2.5 0.005 224 5 1 1 
0.06375 0 0 0.0025 1 1 2.5 0.005 225 5 1 1 
0.06625 0 0 0.0025 1 1 2.5 0.005 226 5 1 1 
0.06875 0 0 0.0025 1 1 2.5 0.005 227 5 1 1 
0.07125 0 0 0.0025 1 1 2.5 0.005 228 5 1 1 
0.07375 0 0 0.0025 1 1 2.5 0.005 229 5 1 1 
0.07625 0 0 0.0025 1 1 2.5 0.005 230 5 1 1 
0.07875 0 0 0.0025 1 1 2.5 0.005 231 5 1 1 
0.08125 0 0 0.0025 1 1 2.5 0.005 232 5 1 1 
0.08375 0 0 0.0025 1 1 2.5 0.005 233 5 1 1 
0.08625 0 0 0.0025 1 1 2.5 0.005 234 5 1 1 
0.08875 0 0 0.0025 1 1 2.5 0.005 235 5 1 1 
0.09125 0 0 0.0025 1 1 2.5 0.005 236 5 1 1 
0.09375 -4.94353e-46 -1.12104e-44 0.0025 1 1 2.5 0.005 237 5 1 1 
0.09625 -1.69188e-16 0 0.0025 1 1 2.5 0.005 238 5 1 1 
0.09875 -3.37357e-16 1.12104e-44 0.0025 1 1 2.5 0.005 239 5 1 1 
0.10125 7.45594e-16 5.68434e-14 0.0025 1 1 2.5 0.005 240 5 1 1 
0.10375 6.14602e-16 5.68434e-14 0.0025 1 1 2.5 0.005 241 5 1 1 
0.10625 3.8066e-15 1.13687e-13 0.0025 1 1 2.5 0.005 242 5 1 1 
0.10875 2.86856e-15 5.60519e-44 0.0025 1 1 2.5 0.005 243 5 1 1 
0.11125 2.48229e-15 -2.8026e-43 0.0025 1 1 2.5 0.005 244 5 1 1 
0.11375 -7.33546e-16 2.57839e-43 0.0025 1 1 2.5 0.005 245 5 1 1 
0.11625 -1.21311e-15 -5.68434e-14 0.0025 1 1 2.5 0.005 246 5 1 1 
0.11875 -4.02321e-15 -1.7053e-13 0.0025 1 1 2.5 0.005 247 5 1 1 
0.12125 -9.7771e-17 -2.84217e-13 0.0025 1 1 2.5 0.005 248 5 1 1 
0.12375 -3.18201e-15 -3.41061e-13 0.0025 1 1 2.5 0.005 249 4 1 1 
0.12625 3.18201e-15 3.41061e-13 0.0025 1 1 2.5 0.005 250 4 1 1 
0.12875 9.7771e-17 2.84217e-13 0.0025 1 1 2.5 0.005 251 5 1 1 
0.13125 4.02321e-15 1.7053e-13 0.0025 1 1 2.5 0.005 252 5 1 1 
0.13375 1.21311e-15 5.68434e-14 0.0025 1 1 2.5 0.005 253 5 1 1 
0.13625 7.33546e-16 -2.57839e-43 0.0025 1 1 2.5 0.005 254 5 1 1 
0.13875 -2.48229e-15 2.8026e-43 0.0025 1 1 2.5 0.005 255 5 1 1 
0.14125 -2.86856e-15 -5.60519e-44 0.0025 1 1 2.5 0.005 256 5 1 1 
0.14375 -3.8066e-15 -1.13687e-13 0.0025 1 1 2.5 0.005 257 5 1 1 
0.14625 -6.14602e-16 -5.68434e-14 0.0025 1 1 2.5 0.005 258 5 1 1 
0.14875 -7.45594e-16 -5.68434e-14 0.0025 1 1 2.5 0.005 259 5 1 1 
0.15125 3.37357e-16 -1.12104e-44 0.0025 1 1 2.5 0.005 260 5 1 1 
0.15375 1.69188e-16 0 0.0025 1 1 2.5 0.005 261 5 1 1 
0.15625 4.94353e-46 1.12104e-44 0.0025 1 1 2.5 0.005 262 5 1 1 
0.15875 0 0 0.0025 1 1 2.5 0.005 263 5 1 1 
0.16125 0 0 0.0025 1 1 2.5 0.005 264 5 1 1 
0.16375 0 0 0.0025 1 1 2.5 0.005 265 5 1 1 
0.16625 0 0 0.0025 1 1 2.5 0.005 266 5 1 1 
0.16875 0 0 0.0025 1 1 2.5 0.005 267 5 1 1 
0.17125 0 0 0.0025 1 1 2.5 0.005 268 5 1 1 
0.17375 0 0 0.0025 1 1 2.5 0.005 269 5 1 1 
0.17625 0 0 0.0025 1 1 2.5 0.005 270 5 1 1 
0.17875 0 0 0.0025 1 1 2.5 0.005 271 5 1 1 
0.18125 0 0 0.0025 1 1 2.5 0.005 272 5 1 1 
0.18375 0 0 0.0025 1 1 2.5 0.005 273 5 1 1 
0.18625 0 0 0.0025 1 1 2.5 0.005 274 5 1 1 
0.18875 0 0 0.0025 1 1 2.5 0.005 275 5 1 1 
0.19125 0 0 0.0025 1 1 2.5 0.005 276 5 1 1 
0.19375 0 0 0.0025 1 1 2.5 0.005 277 5 1 1 
0.19625 0 0 0.0025 1 1 2.5 0.005 278 5 1 1 
0.19875 0 0 0.0025 1 1 2.5 0.005 279 5 1 1 
0.20125 -9.81393e-47 -1.12104e-44 0.0025 1 1 2.5 0.005 280 5 1 1 
0.20375 -6.85718e-17 -1.12104e-44 0.0025 1 1 2.5 0.005 281 5 1 1 
0.20625 -2.05192e-16 0 0.0025 1 1 2.5 0.005 282 5 1 1 
0.20875 -3.75697e-16 0 0.0025 1 1 2.5 0.005 283 5 1 1 
0.21125 -5.45239e-16 1.12104e-44 0.0025 1 1 2.5 0.005 284 5 1 1 
0.21375 -6.79199e-16 1.12104e-44 0.0025 1 1 2.5 0.005 285 5 1 1 
0.21625 -6.39485e-16 0 0.0025 1 1 2.5 0.005 286 5 1 1 
0.21875 -8.54752e-16 5.68434e-14 0.0025 1 1 2.5 0.005 287 5 1 1 
0.22125 2.10051e-15 5.68434e-14 0.0025 1 1 2.5 0.005 288 5 1 1 
0.22375 5.91796e-16 -2.24208e-44 0.0025 1 1 2.5 0.005 289 5 1 1 
0.22625 -7.07644e-16 5.60519e-44 0.0025 1 1 2.5 0.005 290 5 1 1 
0.22875 -2.00096e-15 2.9147e-43 0.0025 1 1 2.5 0.005 291 5 1 1 
0.23125 2.18472e-15 2.27374e-13 0.0025 1 1 2.5 0.005 292 5 1 1 
0.23375 -3.31755e-16 2.27374e-13 0.0025 1 1 2.5 0.005 293 5 1 1 
0.23625 -3.07033e-17 -1.45735e-43 0.0025 1 1 2.5 0.005 294 5 1 1 
0.23875 -3.35691e-15 -5.68434e-14 0.0025 1 1 2.5 0.005 295 5 1 1 
0.24125 6.18382e-15 1.7053e-13 0.0025 1 1 2.5 0.005 296 5 1 1 
0.24375 1.2492e-15 1.13687e-13 0.0025 1 1 2.5 0.005 297 5 1 1 
0.24625 2.80581e-16 -2.65846e-26 0.0025 1 1 2.5 0.005 298 5 1 1 
0.24875 -6.08569e-15 -1.13687e-13 0.0025 1 1 2.5 0.005 299 3 1 1 
0.25125 6.08569e-15 1.13687e-13 0.0025 1 1 2.5 0.005 300 3 1 1 
0.25375 -2.80581e-16 2.65846e-26 0.0025 1 1 2.5 0.005 301 5 1 1 
0.25625 -1.2492e-15 -1.13687e-13 0.0025 1 1 2.5 0.005 302 5 1 1 
0.25875 -6.18382e-15 -1.7053e-13 0.0025 1 1 2.5 0.005 303 5 1 1 
0.26125 3.35691e-15 5.68434e-14 0.0025 1 1 2.5 0.005 304 5 1 1 
0.26375 3.07033e-17 1.45735e-43 0.0025 1 1 2.5 0.005 305 5 1 1 
0.26625 3.31755e-16 -2.27374e-13 0.0025 1 1 2.5 0.005 306 5 1 1 
0.26875 -2.18472e-15 -2.27374e-13 0.0025 1 1 2.5 0.005 307 5 1 1 
0.27125 2.00096e-15 -2.9147e-43 0.0025 1 1 2.5 0.005 308 5 1 1 
0.27375 7.07644e-16 -5.60519e-44 0.0025 1 1 2.5 0.005 309 5 1 1 
0.27625 -5.91796e-16 2.24208e-44 0.0025 1 1 2.5 0.005 310 5 1 1 
0.27875 -2.10051e-15 -5.68434e-14 0.0025 1 1 2.5 0.005 311 5 1 1 
0.28125 8.54752e-16 -5.68434e-14 0.0025 1 1 2.5 0.005 312 5 1 1 
0.28375 6.39485e-16 0 0.0025 1 1 2.5 0.005 313 5 1 1 
0.28625 6.79199e-16 -1.12104e-44 0.0025 1 1 2.5 0.005 314 5 1 1 
0.28875 5.45239e-16 -1.12104e-44 0.0025 1 1 2.5 0.005 315 5 1 1 
0.29125 3.75697e-16 0 0.0025 1 1 2.5 0.005 316 5 1 1 
0.29375 2.05192e-16 0 0.0025 1 1 2.5 0.005 317 5 1 1 
0.29625 6.85718e-17 1.12104e-44 0.0025 1 1 2.5 0.005 318 5 1 1 
0.29875 9.81393e-47 1.12104e-44 0.0025 1 1 2.5 0.005 319 5 1 1 
0.30125 0 0 0.0025 1 1 2.5 0.005 320 5 1 1 
0.30375 0 0 0.0025 1 1 2.5 0.005 321 5 1 1 
0.30625 0 0 0.0025 1 1 2.5 0.005 322 5 1 1 
0.30875 0 0 0.0025 1 1 2.5 0.005 323 5 1 1 
0.31125 0 0 0.0025 1 1 2.5 0.005 324 5 1 1 
0.31375 0 0 0.0025 1 1 2.5 0.005 325 5 1 1 
0.31625 6.77495e-48 2.24208e-44 0.0025 1 1 2.5 0.005 326 5 1 1 
0.31875 3.43531e-17 1.13687e-13 0.0025 1 1 2.5 0.005 327 5 1 1 
0.32125 1.76929e-15 4.49063e-12 0.0025 1 1 2.5 0.005 328 5 1 1 
0.32375 5.18004e-16 -3.21734e-11 0.0025 1 1 2.5 0.005 329 4 1 1 
0.32625 -3.31836e-13 -6.11635e-10 0.0025 1 1 2.5 0.005 330 4 1 1 
0.32875 -3.5648e-12 -4.86062e-09 0.0025 1 1 2.5 0.005 331 4 1 1 
0.33125 -2.46266e-11 -2.86279e-08 0.0025 1 1 2.5 0.005 332 4 1 1 
0.33375 -1.36689e-10 -1.4162e-07 0.0025 1 1 2.5 0.005 333 4 1 1 
0.33625 -6.54211e-10 -6.17551e-07 0.0025 1 1 2.5 0.005 334 4 1 1 
0.33875 -2.79706e-09 -2.43534e-06 0.0025 1 1 2.5 0.005 335 4 1 1 
0.34125 -1.09001e-08 -8.81691e-06 0.0025 1 1 2.5 0.005 336 4 1 1 
0.34375 -3.92124e-08 -2.95973e-05 0.0025 1 1 2.5 0.005 337 4 1 1 
0.34625 -1.31342e-07 -9.27541e-05 0.0025 1 1 2.5 0.005 338 4 1 1 
0.34875 -4.12125e-07 -0.000272702 0.0025 1 1 2.5 0.005 339 4 1 1 
0.35125 -1.2169e-06 -0.000754896 0.0025 1 1 2.5 0.005 340 4 1 1 
0.35375 -3.39277e-06 -0.00197289 0.0025 1 1 2.5 0.00499999 341 4 1 1 
0.35625 -8.95517e-06 -0.00487769 0.0025 1.00001 1.00001 2.50001 0.00499997 342 4 1 1 
0.35875 -2.24234e-05 -0.0114256 0.0025 1.00002 1.00002 2.50002 0.00499991 343 4 1 1 
0.36125 -5.33503e-05 -0.0253845 0.0025 1.00004 1.00006 2.50004 0.0049998 344 4 1 1 
0.36375 -0.000120759 -0.0535269 0.0025 1.00009 1.00013 2.50009 0.00499954 345 4 1 1 
0.366249 -0.000260286 -0.107153 0.0025 1.0002 1.00028 2.5002 0.00499901 346 4 1 1 
0.368749 -0.000534549 -0.20358 0.0025 1.00041 1.00057 2.5004 0.00499796 347 4 1 0.999999 
0.371247 -0.00104619 -0.366707 0.0025 1.0008 1.00111 2.50079 0.004996 348 4 1 0.999998 
0.373745 -0.00195066 -0.62492 0.0025 1.0015 1.00208 2.50149 0.00499252 349 4 1 0.999995 
0.37624 -0.00346152 -1.00384 0.0025 1.00267 1.00372 2.50265 0.0049867 350 4 1 0.999989 
0.378731 -0.00583568 -1.51153 0.0025 1.00451 1.0063 2.50449 0.00497753 351 4 1 0.999976 
0.381217 -0.0093228 -2.11711 0.0025 1.00725 1.01014 2.50722 0.00496401 352 4 1 0.999955 
0.383695 -0.0140707 -2.73207 0.0025 1.01102 1.01544 2.51098 0.00494551 353 4 1 0.99993 
0.386163 -0.0200062 -3.21325 0.0025 1.0158 1.02219 2.51575 0.00492221 354 4 1 0.99991 
0.388618 -0.0267475 -3.39954 0.0025 1.02136 1.03005 2.52128 0.00489545 355 4 1 0.999906 
0.391058 -0.0336168 -3.18631 0.0025 1.02717 1.03829 2.52705 0.00486776 356 4 1 0.999926 
0.393486 -0.0397376 -2.47125 0.0025 1.03249 1.04587 2.53232 0.00484266 357 4 1 0.999983 
0.395901 -0.0438568 -0.985764 0.0025 1.03572 1.05058 2.53558 0.00482757 358 3 1 1 
0.398313 -0.0398807 7.43344 0.0025 1.02976 1.04242 2.52999 0.0048555 359 4 1 1.00004 
0.400757 -0.0106503 19.0715 0.0025 1.00787 1.01133 2.50824 0.00496097 360 4 1 0.999132 
0.403275 0.0251233 13.2619 0.0025 0.981159 0.973532 2.48104 0.00509601 361 4 1 0.997886 
0.405854 0.045767 7.08212 0.0025 0.962218 0.947422 2.46179 0.00519633 362 4 1 0.998803 
0.408472 0.0639525 9.46889 0.0025 0.946023 0.925394 2.44534 0.00528529 363 4 1 0.999245 
0.41114 0.0889636 11.8719 0.0025 0.926527 0.898781 2.42506 0.0053965 364 4 1 0.998883 
0.413869 0.116638 11.6853 0.0025 0.905096 0.869751 2.40241 0.00552427 365 4 1 0.998508 
0.416665 0.144262 11.2967 0.0025 0.88369 0.841089 2.37952 0.0056581 366 4 1 0.998431 
0.419528 0.172413 11.3485 0.0025 0.862287 0.812721 2.35631 0.00579853 367 4 1 0.998371 
0.422464 0.201593 11.4077 0.0025 0.840608 0.784261 2.33244 0.00594808 368 4 1 0.998251 
0.425477 0.231747 11.3952 0.0025 0.818673 0.755762 2.30791 0.00610744 369 4 1 0.998119 
0.428573 0.262819 11.3785 0.0025 0.79653 0.727302 2.28275 0.00627723 370 4 1 0.997985 
0.431756 0.294812 11.312 0.0025 0.774223 0.698948 2.25696 0.00645809 371 4 1 0.997844 
0.435032 0.327804 11.2296 0.0025 0.751809 0.670787 2.23061 0.00665063 372 4 1 0.997701 
0.438408 0.361626 11.1089 0.0025 0.729347 0.642901 2.20372 0.00685544 373 4 1 0.997556 
0.44189 0.396194 10.9045 0.0025 0.706969 0.615457 2.17643 0.00707245 374 4 1 0.997422 
0.445483 0.431255 10.5768 0.0025 0.684901 0.58873 2.149 0.00730032 375 4 1 0.997325 
0.449192 0.466134 9.99942 0.0025 0.663542 0.563187 2.12194 0.00753531 376 4 1 0.997307 
0.45302 0.499863 9.11494 0.0025 0.643474 0.539485 2.09604 0.00777032 377 4 1 0.99743 
0.456965 0.53091 7.88082 0.0025 0.625372 0.518358 2.07226 0.00799525 378 4 1 0.997727 
0.461017 0.557964 6.44296 0.0025 0.609765 0.500345 2.05144 0.00819988 379 4 1 0.99817 
0.465166 0.581161 5.57424 0.0025 0.596295 0.484955 2.03322 0.00838511 380 4 1 0.998576 
0.469403 0.603833 5.98138 0.0025 0.583286 0.470225 2.0154 0.00857212 381 4 1 0.998687 
0.473739 0.6302 6.88903 0.0025 0.569222 0.454428 1.99583 0.00878392 382 4 1 0.998437 
0.478189 0.658013 6.04437 0.0025 0.555348 0.438981 1.97622 0.00900336 383 4 1 0.998271 
0.482744 0.677942 2.78245 0.0025 0.545612 0.428236 1.96229 0.00916402 384 4 1 0.998961 
0.487353 0.682191 -0.492202 0.0025 0.542301 0.424626 1.95757 0.00921996 385 5 1 0.999856 
0.491964 0.680698 -0.129369 0.0025 0.542436 0.424798 1.95782 0.00921767 386 4 1 0.999997 
0.496571 0.679779 -0.301422 0.0025 0.542918 0.425333 1.95855 0.00920949 387 4 1 0.999997 
0.501173 0.67856 -0.243726 0.0025 0.543498 0.42598 1.95944 0.00919966 388 4 1 0.999997 
0.505771 0.677523 -0.198237 0.0025 0.544036 0.426582 1.96026 0.00919056 389 4 1 0.999998 
0.510364 0.6767 -0.15415 0.0025 0.544477 0.42708 1.96096 0.00918312 390 4 1 0.999999 
0.514954 0.676066 -0.115742 0.0025 0.544816 0.427468 1.96152 0.00917741 391 4 1 0.999999 
0.519541 0.675586 -0.086977 0.0025 0.545068 0.427762 1.96196 0.00917317 392 4 1 1 
0.524127 0.675226 -0.0661534 0.0025 0.545249 0.427982 1.96233 0.00917012 393 4 1 1 
0.528711 0.67495 -0.0501918 0.0025 0.545364 0.428138 1.96262 0.00916818 394 4 1 1 
0.533295 0.674731 -0.0397615 0.0025 0.545373 0.428202 1.96289 0.00916804 395 3 1 1 
0.537879 0.674553 -0.0338553 0.0025 0.545041 0.428044 1.96336 0.00917362 396 4 1 1 
0.542469 0.674402 -0.0301001 0.0025 0.543489 0.426376 1.96129 0.00919981 397 4 1 0.999989 
0.547079 0.674265 -0.0271622 0.0025 0.530434 0.41099 1.93705 0.00942624 398 4 1 0.999679 
0.5519 0.674132 -0.0243999 0.0025 0.506416 0.439694 2.17061 0.00987331 399 4 1 0.994727 
0.556959 0.674002 -0.0214834 0.0025 0.480935 0.415133 2.15794 0.0103964 400 4 1 0.993718 
0.562306 0.673871 -0.0178517 0.0025 0.458494 0.449592 2.45146 0.0109053 401 4 1 0.99371 
0.56787 0.673736 -0.0120835 0.0025 0.449903 0.430172 2.39036 0.0111135 402 5 1 0.998665 
0.573419 0.673585 -0.00216611 0.0025 0.451494 0.428494 2.37265 0.0110743 403 4 1 0.99997 
0.578945 0.673361 0.0185598 0.0025 0.453051 0.428366 2.36378 0.0110363 404 4 1 0.999994 
0.584456 0.672899 0.0830095 0.0025 0.453889 0.428173 2.35835 0.0110159 405 3 1 1 
0.589961 0.671644 0.271924 0.0025 0.453763 0.427173 2.35349 0.011019 406 4 1 1 
0.595474 0.667934 0.831003 0.0025 0.451831 0.424057 2.3463 0.0110661 407 4 1 0.999977 
0.601027 0.658141 2.16485 0.0025 0.445922 0.415897 2.3316 0.0112127 408 4 1 0.9997 
0.606688 0.633325 5.18646 0.0025 0.432355 0.397903 2.30068 0.0115646 409 4 1 0.998239 
0.612597 0.5831 10.1524 0.0025 0.406383 0.364188 2.24019 0.0123037 410 4 1 0.993345 
0.619016 0.473514 23.271 0.0025 0.362598 0.308745 2.12852 0.0137894 411 4 1 0.981942 
0.626486 0.276398 32.1544 0.0025 0.310022 0.245415 1.97915 0.0161279 412 4 1 0.962486 
0.635312 0.0924896 20.1525 0.0025 0.270934 0.201433 1.859 0.0184547 413 4 1 0.963332 
0.645021 0.0132524 5.2015 0.0025 0.254114 0.183668 1.8071 0.0196762 414 4 1 0.988434 
0.654997 -0.000313959 0.332159 0.0025 0.25027 0.179767 1.79576 0.0199785 415 4 1 0.999161 
0.665 -0.000203756 -0.0939001 0.0025 0.249958 0.179458 1.79488 0.0200034 416 5 1 0.999994 
0.675 1.09989e-05 -0.00201367 0.0025 0.249997 0.179497 1.79499 0.0200002 417 4 1 1 
0.685 5.10156e-06 0.00103082 0.0025 0.250001 0.179501 1.795 0.0199999 418 3 1 1 
0.695 1.09907e-06 0.000275867 0.0025 0.25 0.1795 1.795 0.02 419 4 1 1 
0.705 2.00398e-07 5.4888e-05 0.0025 0.25 0.1795 1.795 0.02 420 4 1 1 
0.715 3.29594e-08 9.73826e-06 0.0025 0.25 0.1795 1.795 0.02 421 4 1 1 
0.725 4.93273e-09 1.56969e-06 0.0025 0.25 0.1795 1.795 0.02 422 4 1 1 
0.735 6.70909e-10 2.29991e-07 0.0025 0.25 0.1795 1.795 0.02 423 4 1 1 
0.745 8.25216e-11 3.05313e-08 0.0025 0.25 0.1795 1.795 0.02 424 4 1 1 
0.755 9.10947e-12 3.64466e-09 0.0025 0.25 0.1795 1.795 0.02 425 4 1 1 
0.765 8.8606e-13 3.9033e-10 0.0025 0.25 0.1795 1.795 0.02 426 4 1 1 
0.775 7.13567e-14 3.70193e-11 0.0025 0.25 0.1795 1.795 0.02 427 4 1 1 
0.785 2.5158e-15 1.42109e-12 0.0025 0.25 0.1795 1.795 0.02 428 5 1 1 
0.795 2.61928e-16 1.84741e-13 0.0025 0.25 0.1795 1.795 0.02 429 5 1 1 
0.805 6.26568e-47 3.92364e-44 0.0025 0.25 0.1795 1.795 0.02 430 5 1 1 
0.815 2.54095e-48 2.8026e-45 0.0025 0.25 0.1795 1.795 0.02 431 5 1 1 
0.825 0 0 0.0025 0.25 0.1795 1.795 0.02 432 5 1 1 
0.835 0 0 0.0025 0.25 0.1795 1.795 0.02 433 5 1 1 
0.845 0 0 0.0025 0.25 0.1795 1.795 0.02 434 5 1 1 
0.855 0 0 0.0025 0.25 0.1795 1.795 0.02 435 5 1 1 
0.865 0 0 0.0025 0.25 0.1795 1.795 0.02 436 5 1 1 
0.875 0 0 0.0025 0.25 0.1795 1.795 0.02 437 5 1 1 
0.885 0 0 0.0025 0.25 0.1795 1.795 0.02 438 5 1 1 
0.895 0 0 0.0025 0.25 0.1795 1.795 0.02 439 5 1 1 
0.905 -1.60819e-47 -2.8026e-45 0.0025 0.25 0.1795 1.795 0.02 440 5 1 1 
0.915 -7.77057e-47 -5.60519e-45 0.0025 0.25 0.1795 1.795 0.02 441 5 1 1 
0.925 -1.92932e-16 -1.42109e-14 0.0025 0.25 0.1795 1.795 0.02 442 5 1 1 
0.935 -6.75904e-16 -2.84217e-14 0.0025 0.25 0.1795 1.795 0.02 443 5 1 1 
0.945 -1.71213e-15 -7.10543e-14 0.0025 0.25 0.1795 1.795 0.02 444 5 1 1 
0.955 -3.84336e-15 -1.13687e-13 0.0025 0.25 0.1795 1.795 0.02 445 5 1 1 
0.965 -7.16746e-15 -2.84217e-14 0.0025 0.25 0.1795 1.795 0.02 446 5 1 1 
0.975 -1.418e-14 -4.26326e-14 0.0025 0.25 0.1795 1.795 0.02 447 5 1 1 
0.985 8.14864e-15 3.12639e-13 0.0025 0.25 0.1795 1.795 0.02 448 5 1 1 
0.995 -2.16448e-15 3.83693e-13 0.0025 0.25 0.1795 1.795 0.02 449 3 1 1 
1.005 2.16448e-15 -3.83693e-13 0.0025 0.25 0.1795 1.795 0.02 450 3 1 1 
1.015 -8.14864e-15 -3.12639e-13 0.0025 0.25 0.1795 1.795 0.02 451 5 1 1 
1.025 1.418e-14 4.26326e-14 0.0025 0.25 0.1795 1.795 0.02 452 5 1 1 
1.035 7.16746e-15 2.84217e-14 0.0025 0.25 0.1795 1.795 0.02 453 5 1 1 
1.045 3.84336e-15 1.13687e-13 0.0025 0.25 0.1795 1.795 0.02 454 5 1 1 
1.055 1.71213e-15 7.10543e-14 0.0025 0.25 0.1795 1.795 0.02 455 5 1 1 
1.065 6.75904e-16 2.84217e-14 0.0025 0.25 0.1795 1.795 0.02 456 5 1 1 
1.075 1.92932e-16 1.42109e-14 0.0025 0.25 0.1795 1.795 0.02 457 5 1 1 
1.085 7.77057e-47 5.60519e-45 0.0025 0.25 0.1795 1.795 0.02 458 5 1 1 
1.095 1.60819e-47 2.8026e-45 0.0025 0.25 0.1795 1.795 0.02 459 5 1 1 
1.105 0 0 0.0025 0.25 0.1795 1.795 0.02 460 5 1 1 
1.115 0 0 0.0025 0.25 0.1795 1.795 0.02 461 5 1 1 
1.125 0 0 0.0025 0.25 0.1795 1.795 0.02 462 5 1 1 
1.135 0 0 0.0025 0.25 0.1795 1.795 0.02 463 5 1 1 
1.145 0 0 0.0025 0.25 0.1795 1.795 0.02 464 5 1 1 
1.155 0 0 0.0025 0.25 0.1795 1.795 0.02 465 5 1 1 
1.165 0 0 0.0025 0.25 0.1795 1.795 0.02 466 5 1 1 
1.175 0 0 0.0025 0.25 0.1795 1.795 0.02 467 5 1 1 
1.185 -4.23547e-48 -2.8026e-45 0.0025 0.25 0.1795 1.795 0.02 468 5 1 1 
1.195 -6.26507e-47 -3.36312e-44 0.0025 0.25 0.1795 1.795 0.02 469 5 1 1 
1.205 -2.53297e-16 -1.56319e-13 0.0025 0.25 0.1795 1.795 0.02 470 5 1 1 
1.215 -2.14657e-15 -1.25056e-12 0.0025 0.25 0.1795 1.795 0.02 471 5 1 1 
1.225 -7.0058e-14 -3.89377e-11 0.0025 0.25 0.1795 1.795 0.02 472 4 1 1 
1.235 -8.94598e-13 -3.87729e-10 0.0025 0.25 0.1795 1.795 0.02 473 4 1 1 
1.245 -9.10861e-12 -3.64579e-09 0.0025 0.25 0.1795 1.795 0.02 474 4 1 1 
1.255 -8.2489e-11 -3.05284e-08 0.0025 0.25 0.1795 1.795 0.02 475 4 1 1 
1.265 -6.70931e-10 -2.29995e-07 0.0025 0.25 0.1795 1.795 0.02 476 4 1 1 
1.275 -4.93271e-09 -1.56969e-06 0.0025 0.25 0.1795 1.795 0.02 477 4 1 1 
1.285 -3.29594e-08 -9.73825e-06 0.0025 0.25 0.1795 1.795 0.02 478 4 1 1 
1.295 -2.00398e-07 -5.4888e-05 0.0025 0.25 0.1795 1.795 0.02 479 4 1 1 
1.305 -1.09907e-06 -0.000275867 0.0025 0.25 0.1795 1.795 0.02 480 4 1 1 
1.315 -5.10156e-06 -0.00103082 0.0025 0.250001 0.179501 1.795 0.0199999 481 3 1 1 
1.325 -1.09989e-05 0.00201367 0.0025 0.249997 0.179497 1.79499 0.0200002 482 4 1 1 
1.335 0.000203756 0.0939001 0.0025 0.249958 0.179458 1.79488 0.0200034 483 5 1 0.999994 
1.345 0.000313959 -0.332159 0.0025 0.25027 0.179767 1.79576 0.0199785 484 4 1 0.999161 
1.35498 -0.0132524 -5.2015 0.0025 0.254114 0.183668 1.8071 0.0196762 485 4 1 0.988434 
1.36469 -0.0924896 -20.1525 0.0025 0.270934 0.201433 1.859 0.0184547 486 4 1 0.963332 
1.37351 -0.276398 -32.1544 0.0025 0.310022 0.245415 1.97915 0.0161279 487 4 1 0.962486 
1.38098 -0.473514 -23.271 0.0025 0.362598 0.308745 2.12852 0.0137894 488 4 1 0.981942 
1.3874 -0.5831 -10.1524 0.0025 0.406383 0.364188 2.24019 0.0123037 489 4 1 0.993345 
1.39331 -0.633325 -5.18646 0.0025 0.432355 0.397903 2.30068 0.0115646 490 4 1 0.998239 
1.39897 -0.658141 -2.16485 0.0025 0.445922 0.415897 2.3316 0.0112127 491 4 1 0.9997 
1.40453 -0.667934 -0.831003 0.0025 0.451831 0.424057 2.3463 0.0110661 492 4 1 0.999977 
1.41004 -0.671644 -0.271924 0.0025 0.453763 0.427173 2.35349 0.011019 493 4 1 1 
1.41554 -0.672899 -0.0830095 0.0025 0.453889 0.428173 2.35835 0.0110159 494 3 1 1 
1.42106 -0.673361 -0.0185598 0.0025 0.453051 0.428366 2.36378 0.0110363 495 4 1 0.999994 
1.42658 -0.673585 0.00216611 0.0025 0.451494 0.428494 2.37265 0.0110743 496 4 1 0.99997 
1.43213 -0.673736 0.0120835 0.0025 0.449903 0.430172 2.39036 0.0111135 497 5 1 0.998665 
1.43769 -0.673871 0.0178517 0.0025 0.458494 0.449592 2.45146 0.0109053 498 4 1 0.99371 
1.44304 -0.674002 0.0214834 0.0025 0.480935 0.415133 2.15794 0.0103964 499 4 1 0.993718 
