# Time [s]: 2.72321e+12
# Columns: pos [pc], vel [pc/s], acc [pc/s^2], mass [Msun], dens [g/cm^3], pres [barye], ene [erg/g], sml [pc], id, neighbor, alpha, gradh, ...additional?
4.45247e+16 -673.955 6.67748e-13 4.97118e+27 0.000506513 4.39812 21707.8 3.04632e+14 0 4 1 0.994723 
4.46735e+16 -674.067 7.4428e-13 4.97118e+27 0.000530544 4.1111 19372.1 2.90833e+14 1 4 1 0.999677 
4.48157e+16 -674.185 8.16311e-13 4.97118e+27 0.000543613 4.26512 19614.7 2.83842e+14 2 4 1 0.999988 
4.49573e+16 -674.313 9.04768e-13 4.97118e+27 0.000545181 4.28198 19635.6 2.83026e+14 3 4 1 1 
4.50987e+16 -674.454 1.02601e-12 4.97118e+27 0.000545534 4.28379 19631.2 2.82842e+14 4 4 1 1 
4.52402e+16 -674.613 1.18878e-12 4.97118e+27 0.000545557 4.2835 19629 2.8283e+14 5 3 1 1 
4.53816e+16 -674.802 1.42871e-12 4.97118e+27 0.000545491 4.28249 19626.7 2.82864e+14 6 4 1 1 
4.5523e+16 -675.037 1.80372e-12 4.97118e+27 0.000545383 4.28108 19624.2 2.8292e+14 7 4 1 1 
4.56645e+16 -675.34 2.33983e-12 4.97118e+27 0.000545232 4.27924 19621.2 2.82999e+14 8 4 1 1 
4.5806e+16 -675.738 3.08858e-12 4.97118e+27 0.000545025 4.27681 19617.5 2.83107e+14 9 4 1 1 
4.59476e+16 -676.263 4.11856e-12 4.97118e+27 0.000544745 4.2736 19612.8 2.83252e+14 10 4 1 0.999999 
4.60893e+16 -676.946 5.35441e-12 4.97118e+27 0.000544377 4.26945 19607 2.83443e+14 11 4 1 0.999999 
4.6231e+16 -677.816 6.72694e-12 4.97118e+27 0.000543919 4.26432 19600 2.83682e+14 12 4 1 0.999998 
-1.5347e+16 -678.851 7.84645e-12 4.97118e+27 0.000543393 4.25848 19592 2.83956e+14 13 4 1 0.999997 
-1.5205e+16 -679.962 8.27141e-12 4.97118e+27 0.000542904 4.25303 19584.6 2.84212e+14 14 4 1 0.999997 
-1.50628e+16 -680.542 4.6822e-12 4.97118e+27 0.000542511 4.24864 19578.6 2.84418e+14 15 5 1 0.999997 
-1.49206e+16 -681.831 1.14241e-12 4.97118e+27 0.000542841 4.25203 19582.9 2.84245e+14 16 4 1 0.999772 
-1.47786e+16 -674.736 -1.05604e-10 4.97118e+27 0.00054705 4.2981 19643.1 2.82058e+14 17 4 1 0.998933 
-1.46385e+16 -654.417 -1.90974e-10 4.97118e+27 0.000557093 4.40908 19786.6 2.76973e+14 18 4 1 0.998406 
-1.45016e+16 -627.861 -2.11704e-10 4.97118e+27 0.000570479 4.55824 19975.5 2.70475e+14 19 4 1 0.998561 
-1.4368e+16 -602.751 -1.869e-10 4.97118e+27 0.00058394 4.70954 20162.6 2.64239e+14 20 4 1 0.998795 
-1.42373e+16 -580.849 -1.73164e-10 4.97118e+27 0.000596404 4.85073 20333.4 2.58717e+14 21 4 1 0.998738 
-1.41092e+16 -558.973 -1.94637e-10 4.97118e+27 0.000609096 4.99572 20505.1 2.53326e+14 22 4 1 0.998439 
-1.39839e+16 -534.065 -2.32054e-10 4.97118e+27 0.000623467 5.16145 20697.1 2.47487e+14 23 4 1 0.998085 
-1.38617e+16 -505.744 -2.67402e-10 4.97118e+27 0.000639939 5.35336 20914.1 2.41117e+14 24 4 1 0.997831 
-1.37428e+16 -475.023 -2.92586e-10 4.97118e+27 0.000658153 5.56789 21150.1 2.34444e+14 25 4 1 0.997711 
-1.36272e+16 -443.099 -3.10075e-10 4.97118e+27 0.000677547 5.79894 21397.2 2.27733e+14 26 4 1 0.997702 
-1.3515e+16 -410.919 -3.20592e-10 4.97118e+27 0.00069764 6.04111 21648.7 2.21174e+14 27 4 1 0.997771 
-1.3406e+16 -378.977 -3.26276e-10 4.97118e+27 0.000718052 6.29 21899.8 2.14887e+14 28 4 1 0.997869 
-1.33e+16 -347.643 -3.3079e-10 4.97118e+27 0.000738578 6.54314 22148 2.08915e+14 29 4 1 0.99798 
-1.3197e+16 -317 -3.33376e-10 4.97118e+27 0.000759109 6.79917 22392.2 2.03265e+14 30 4 1 0.998094 
-1.30967e+16 -287.132 -3.35506e-10 4.97118e+27 0.000779571 7.05711 22631.6 1.97929e+14 31 4 1 0.998205 
-1.29991e+16 -258.073 -3.36881e-10 4.97118e+27 0.000799926 7.31641 22866.1 1.92893e+14 32 4 1 0.998316 
-1.29038e+16 -229.777 -3.36902e-10 4.97118e+27 0.000820126 7.57635 23095.3 1.88142e+14 33 4 1 0.998416 
-1.28109e+16 -202.231 -3.38125e-10 4.97118e+27 0.000840164 7.83674 23319.3 1.83655e+14 34 4 1 0.998512 
-1.27201e+16 -175.483 -3.37876e-10 4.97118e+27 0.000860032 8.09741 23538.3 1.79412e+14 35 4 1 0.998612 
-1.26314e+16 -149.527 -3.34749e-10 4.97118e+27 0.000879648 8.35711 23751.5 1.75411e+14 36 4 1 0.998694 
-1.25447e+16 -124.441 -3.35068e-10 4.97118e+27 0.000899044 8.6161 23959.5 1.71627e+14 37 4 1 0.99872 
-1.24598e+16 -99.5225 -3.50352e-10 4.97118e+27 0.000918567 8.87927 24166.4 1.67979e+14 38 4 1 0.998808 
-1.23767e+16 -74.4926 -3.4596e-10 4.97118e+27 0.000937963 9.14358 24369.8 1.64505e+14 39 4 1 0.999178 
-1.22953e+16 -53.0192 -2.54116e-10 4.97118e+27 0.000954969 9.3764 24545.2 1.61576e+14 40 4 1 0.999403 
-1.22151e+16 -37.8747 -2.11676e-10 4.97118e+27 0.0009692 9.57013 24688.7 1.59203e+14 41 4 1 0.998858 
-1.21361e+16 -17.1421 -4.45728e-10 4.97118e+27 0.000987624 9.82576 24876 1.56233e+14 42 4 1 0.998197 
-1.20588e+16 17.3039 -5.50484e-10 4.97118e+27 0.00101278 10.1828 25131.3 1.52353e+14 43 4 1 0.999495 
-1.19837e+16 40.4205 -1.49522e-10 4.97118e+27 0.00103088 10.4394 25310.2 1.49679e+14 44 4 1 1.00003 
-1.19092e+16 41.8937 3.49136e-11 4.97118e+27 0.00103435 10.4858 25341.9 1.49176e+14 45 3 1 1 
-1.18345e+16 37.7733 7.70481e-11 4.97118e+27 0.00103093 10.4364 25307.7 1.49671e+14 46 4 1 0.999976 
-1.17595e+16 32.0656 9.52457e-11 4.97118e+27 0.00102596 10.3658 25258.5 1.50396e+14 47 4 1 0.999935 
-1.16841e+16 25.7406 1.01189e-10 4.97118e+27 0.0010206 10.2898 25205.3 1.51185e+14 48 4 1 0.99992 
-1.16083e+16 19.5237 9.60801e-11 4.97118e+27 0.00101547 10.2172 25154.2 1.51949e+14 49 4 1 0.999923 
-1.15321e+16 13.9955 8.27403e-11 4.97118e+27 0.001011 10.1541 25109.6 1.52622e+14 50 4 1 0.999939 
-1.14557e+16 9.49699 6.53881e-11 4.97118e+27 0.00100741 10.1037 25073.8 1.53165e+14 51 4 1 0.99996 
-1.1379e+16 6.11543 4.78827e-11 4.97118e+27 0.00100475 10.0663 25047.3 1.53571e+14 52 4 1 0.999977 
-1.13021e+16 3.74688 3.27721e-11 4.97118e+27 0.00100289 10.0404 25028.8 1.53855e+14 53 4 1 0.999989 
-1.12251e+16 2.18944 2.11121e-11 4.97118e+27 0.00100169 10.0235 25016.8 1.5404e+14 54 4 1 0.999995 
-1.11481e+16 1.22228 1.28694e-11 4.97118e+27 0.00100094 10.0131 25009.3 1.54155e+14 55 4 1 0.999998 
-1.1071e+16 0.652617 7.45019e-12 4.97118e+27 0.0010005 10.0069 25005 1.54223e+14 56 4 1 0.999999 
-1.09939e+16 0.333439 4.10531e-12 4.97118e+27 0.00100026 10.0035 25002.5 1.54261e+14 57 4 1 1 
-1.09167e+16 0.163033 2.15602e-12 4.97118e+27 0.00100012 10.0017 25001.2 1.54281e+14 58 4 1 1 
-1.08396e+16 0.0762638 1.0798e-12 4.97118e+27 0.00100006 10.0008 25000.6 1.54291e+14 59 4 1 1 
-1.07624e+16 0.0341122 5.15767e-13 4.97118e+27 0.00100003 10.0004 25000.3 1.54296e+14 60 4 1 1 
-1.06853e+16 0.0145785 2.34895e-13 4.97118e+27 0.00100001 10.0002 25000.1 1.54298e+14 61 4 1 1 
-1.06081e+16 0.00594691 1.01942e-13 4.97118e+27 0.001 10.0001 25000 1.54299e+14 62 4 1 1 
-1.0531e+16 0.00231255 4.21234e-14 4.97118e+27 0.001 10 25000 1.543e+14 63 4 1 1 
-1.04538e+16 0.000855893 1.65529e-14 4.97118e+27 0.001 10 25000 1.543e+14 64 4 1 1 
-1.03767e+16 0.00030089 6.17631e-15 4.97118e+27 0.001 10 25000 1.543e+14 65 4 1 1 
-1.02995e+16 0.00010022 2.1838e-15 4.97118e+27 0.001 10 25000 1.543e+14 66 4 1 1 
-1.02224e+16 3.15243e-05 7.29763e-16 4.97118e+27 0.001 10 25000 1.543e+14 67 4 1 1 
-1.01452e+16 9.32448e-06 2.29683e-16 4.97118e+27 0.001 10 25000 1.543e+14 68 4 1 1 
-1.00681e+16 2.57871e-06 6.77679e-17 4.97118e+27 0.001 10 25000 1.543e+14 69 4 1 1 
-9.99092e+15 6.61449e-07 1.86262e-17 4.97118e+27 0.001 10 25000 1.543e+14 70 4 1 1 
-9.91377e+15 1.55549e-07 4.72459e-18 4.97118e+27 0.001 10 25000 1.543e+14 71 4 1 1 
-9.83662e+15 3.29204e-08 1.09046e-18 4.97118e+27 0.001 10 25000 1.543e+14 72 4 1 1 
-9.75947e+15 6.089e-09 2.24666e-19 4.97118e+27 0.001 10 25000 1.543e+14 73 4 1 1 
-9.68232e+15 9.3126e-10 3.94902e-20 4.97118e+27 0.001 10 25000 1.543e+14 74 4 1 1 
-9.60517e+15 9.19406e-11 4.9015e-21 4.97118e+27 0.001 10 25000 1.543e+14 75 4 1 1 
-9.52802e+15 3.67366e-12 6.11536e-22 4.97118e+27 0.001 10 25000 1.543e+14 76 4 1 1 
-9.45087e+15 -7.38947e-13 -7.18371e-23 4.97118e+27 0.001 10 25000 1.543e+14 77 5 1 1 
-9.37372e+15 -1.71829e-14 -1.84198e-24 4.97118e+27 0.001 10 25000 1.543e+14 78 5 1 1 
-9.29657e+15 0 0 4.97118e+27 0.001 10 25000 1.543e+14 79 5 1 1 
-9.21942e+15 0 0 4.97118e+27 0.001 10 25000 1.543e+14 80 5 1 1 
-9.14227e+15 0 0 4.97118e+27 0.001 10 25000 1.543e+14 81 5 1 1 
-9.06512e+15 0 0 4.97118e+27 0.001 10 25000 1.543e+14 82 5 1 1 
-8.98797e+15 0 0 4.97118e+27 0.001 10 25000 1.543e+14 83 5 1 1 
-8.91082e+15 0 0 4.97118e+27 0.001 10 25000 1.543e+14 84 5 1 1 
-8.83367e+15 0 0 4.97118e+27 0.001 10 25000 1.543e+14 85 5 1 1 
-8.75652e+15 0 0 4.97118e+27 0.001 10 25000 1.543e+14 86 5 1 1 
-8.67937e+15 0 0 4.97118e+27 0.001 10 25000 1.543e+14 87 5 1 1 
-8.60222e+15 0 0 4.97118e+27 0.001 10 25000 1.543e+14 88 5 1 1 
-8.52507e+15 0 0 4.97118e+27 0.001 10 25000 1.543e+14 89 5 1 1 
-8.44792e+15 0 0 4.97118e+27 0.001 10 25000 1.543e+14 90 5 1 1 
-8.37077e+15 0 0 4.97118e+27 0.001 10 25000 1.543e+14 91 5 1 1 
-8.29362e+15 0 0 4.97118e+27 0.001 10 25000 1.543e+14 92 5 1 1 
-8.21647e+15 0 0 4.97118e+27 0.001 10 25000 1.543e+14 93 5 1 1 
-8.13932e+15 0 0 4.97118e+27 0.001 10 25000 1.543e+14 94 5 1 1 
-8.06217e+15 0 0 4.97118e+27 0.001 10 25000 1.543e+14 95 5 1 1 
-7.98502e+15 0 0 4.97118e+27 0.001 10 25000 1.543e+14 96 5 1 1 
-7.90787e+15 0 0 4.97118e+27 0.001 10 25000 1.543e+14 97 5 1 1 
-7.83072e+15 0 0 4.97118e+27 0.001 10 25000 1.543e+14 98 5 1 1 
-7.75357e+15 0 0 4.97118e+27 0.001 10 25000 1.543e+14 99 5 1 1 
-7.67642e+15 0 0 4.97118e+27 0.001 10 25000 1.543e+14 100 5 1 1 
-7.59927e+15 0 0 4.97118e+27 0.001 10 25000 1.543e+14 101 5 1 1 
-7.52212e+15 0 0 4.97118e+27 0.001 10 25000 1.543e+14 102 5 1 1 
-7.44497e+15 0 0 4.97118e+27 0.001 10 25000 1.543e+14 103 5 1 1 
-7.36782e+15 0 0 4.97118e+27 0.001 10 25000 1.543e+14 104 5 1 1 
-7.29067e+15 0 0 4.97118e+27 0.001 10 25000 1.543e+14 105 5 1 1 
-7.21352e+15 0 0 4.97118e+27 0.001 10 25000 1.543e+14 106 5 1 1 
-7.13637e+15 0 0 4.97118e+27 0.001 10 25000 1.543e+14 107 5 1 1 
-7.05922e+15 0 0 4.97118e+27 0.001 10 25000 1.543e+14 108 5 1 1 
-6.98207e+15 0 0 4.97118e+27 0.001 10 25000 1.543e+14 109 5 1 1 
-6.90492e+15 0 0 4.97118e+27 0.001 10 25000 1.543e+14 110 5 1 1 
-6.82777e+15 0 0 4.97118e+27 0.001 10 25000 1.543e+14 111 5 1 1 
-6.75062e+15 0 0 4.97118e+27 0.001 10 25000 1.543e+14 112 5 1 1 
-6.67347e+15 0 0 4.97118e+27 0.001 10 25000 1.543e+14 113 5 1 1 
-6.59632e+15 0 0 4.97118e+27 0.001 10 25000 1.543e+14 114 5 1 1 
-6.51917e+15 0 0 4.97118e+27 0.001 10 25000 1.543e+14 115 5 1 1 
-6.44202e+15 0 0 4.97118e+27 0.001 10 25000 1.543e+14 116 5 1 1 
-6.36487e+15 0 0 4.97118e+27 0.001 10 25000 1.543e+14 117 5 1 1 
-6.28772e+15 0 0 4.97118e+27 0.001 10 25000 1.543e+14 118 5 1 1 
-6.21057e+15 0 0 4.97118e+27 0.001 10 25000 1.543e+14 119 5 1 1 
-6.13342e+15 0 0 4.97118e+27 0.001 10 25000 1.543e+14 120 5 1 1 
-6.05627e+15 0 0 4.97118e+27 0.001 10 25000 1.543e+14 121 5 1 1 
-5.97912e+15 0 0 4.97118e+27 0.001 10 25000 1.543e+14 122 5 1 1 
-5.90197e+15 0 0 4.97118e+27 0.001 10 25000 1.543e+14 123 5 1 1 
-5.82482e+15 0 0 4.97118e+27 0.001 10 25000 1.543e+14 124 5 1 1 
-5.74767e+15 0 0 4.97118e+27 0.001 10 25000 1.543e+14 125 5 1 1 
-5.67052e+15 0 0 4.97118e+27 0.001 10 25000 1.543e+14 126 5 1 1 
-5.59337e+15 0 0 4.97118e+27 0.001 10 25000 1.543e+14 127 5 1 1 
-5.51622e+15 0 0 4.97118e+27 0.001 10 25000 1.543e+14 128 5 1 1 
-5.43907e+15 0 0 4.97118e+27 0.001 10 25000 1.543e+14 129 5 1 1 
-5.36192e+15 0 0 4.97118e+27 0.001 10 25000 1.543e+14 130 5 1 1 
-5.28477e+15 0 0 4.97118e+27 0.001 10 25000 1.543e+14 131 5 1 1 
-5.20762e+15 0 0 4.97118e+27 0.001 10 25000 1.543e+14 132 5 1 1 
-5.13047e+15 0 0 4.97118e+27 0.001 10 25000 1.543e+14 133 5 1 1 
-5.05332e+15 0 0 4.97118e+27 0.001 10 25000 1.543e+14 134 5 1 1 
-4.97617e+15 0 0 4.97118e+27 0.001 10 25000 1.543e+14 135 5 1 1 
-4.89902e+15 0 0 4.97118e+27 0.001 10 25000 1.543e+14 136 5 1 1 
-4.82187e+15 0 0 4.97118e+27 0.001 10 25000 1.543e+14 137 5 1 1 
-4.74472e+15 0 0 4.97118e+27 0.001 10 25000 1.543e+14 138 5 1 1 
-4.66757e+15 0 0 4.97118e+27 0.001 10 25000 1.543e+14 139 5 1 1 
-4.59042e+15 0 0 4.97118e+27 0.001 10 25000 1.543e+14 140 5 1 1 
-4.51327e+15 0 0 4.97118e+27 0.001 10 25000 1.543e+14 141 5 1 1 
-4.43612e+15 0 0 4.97118e+27 0.001 10 25000 1.543e+14 142 5 1 1 
-4.35897e+15 0 0 4.97118e+27 0.001 10 25000 1.543e+14 143 5 1 1 
-4.28182e+15 0 0 4.97118e+27 0.001 10 25000 1.543e+14 144 5 1 1 
-4.20467e+15 0 0 4.97118e+27 0.001 10 25000 1.543e+14 145 5 1 1 
-4.12752e+15 0 0 4.97118e+27 0.001 10 25000 1.543e+14 146 5 1 1 
-4.05037e+15 0 0 4.97118e+27 0.001 10 25000 1.543e+14 147 5 1 1 
-3.97322e+15 0 0 4.97118e+27 0.001 10 25000 1.543e+14 148 5 1 1 
-3.89607e+15 0 0 4.97118e+27 0.001 10 25000 1.543e+14 149 5 1 1 
-3.81892e+15 0 0 4.97118e+27 0.001 10 25000 1.543e+14 150 5 1 1 
-3.74177e+15 0 0 4.97118e+27 0.001 10 25000 1.543e+14 151 5 1 1 
-3.66462e+15 0 0 4.97118e+27 0.001 10 25000 1.543e+14 152 5 1 1 
-3.58747e+15 0 0 4.97118e+27 0.001 10 25000 1.543e+14 153 5 1 1 
-3.51032e+15 0 0 4.97118e+27 0.001 10 25000 1.543e+14 154 5 1 1 
-3.43317e+15 0 0 4.97118e+27 0.001 10 25000 1.543e+14 155 5 1 1 
-3.35602e+15 0 0 4.97118e+27 0.001 10 25000 1.543e+14 156 5 1 1 
-3.27887e+15 0 0 4.97118e+27 0.001 10 25000 1.543e+14 157 5 1 1 
-3.20172e+15 0 0 4.97118e+27 0.001 10 25000 1.543e+14 158 5 1 1 
-3.12457e+15 0 0 4.97118e+27 0.001 10 25000 1.543e+14 159 5 1 1 
-3.04742e+15 0 0 4.97118e+27 0.001 10 25000 1.543e+14 160 5 1 1 
-2.97027e+15 0 0 4.97118e+27 0.001 10 25000 1.543e+14 161 5 1 1 
-2.89312e+15 0 0 4.97118e+27 0.001 10 25000 1.543e+14 162 5 1 1 
-2.81597e+15 0 0 4.97118e+27 0.001 10 25000 1.543e+14 163 5 1 1 
-2.73882e+15 0 0 4.97118e+27 0.001 10 25000 1.543e+14 164 5 1 1 
-2.66167e+15 0 0 4.97118e+27 0.001 10 25000 1.543e+14 165 5 1 1 
-2.58452e+15 0 0 4.97118e+27 0.001 10 25000 1.543e+14 166 5 1 1 
-2.50737e+15 0 0 4.97118e+27 0.001 10 25000 1.543e+14 167 5 1 1 
-2.43022e+15 0 0 4.97118e+27 0.001 10 25000 1.543e+14 168 5 1 1 
-2.35307e+15 0 0 4.97118e+27 0.001 10 25000 1.543e+14 169 5 1 1 
-2.27592e+15 0 0 4.97118e+27 0.001 10 25000 1.543e+14 170 5 1 1 
-2.19877e+15 0 0 4.97118e+27 0.001 10 25000 1.543e+14 171 5 1 1 
-2.12162e+15 0 0 4.97118e+27 0.001 10 25000 1.543e+14 172 5 1 1 
-2.04447e+15 0 0 4.97118e+27 0.001 10 25000 1.543e+14 173 5 1 1 
-1.96732e+15 0 0 4.97118e+27 0.001 10 25000 1.543e+14 174 5 1 1 
-1.89017e+15 -5.08808e-44 -3.63266e-55 4.97118e+27 0.001 10 25000 1.543e+14 175 5 1 1 
-1.81302e+15 -6.87638e-14 -3.63266e-55 4.97118e+27 0.001 10 25000 1.543e+14 176 5 1 1 
-1.73587e+15 -2.05928e-13 0 4.97118e+27 0.001 10 25000 1.543e+14 177 5 1 1 
-1.65872e+15 -3.59317e-13 -1.84198e-24 4.97118e+27 0.001 10 25000 1.543e+14 178 5 1 1 
-1.58157e+15 -5.28646e-13 1.84198e-24 4.97118e+27 0.001 10 25000 1.543e+14 179 5 1 1 
-1.50442e+15 -6.96605e-13 -1.84198e-24 4.97118e+27 0.001 10 25000 1.543e+14 180 5 1 1 
-1.42727e+15 -9.31916e-13 1.84198e-24 4.97118e+27 0.001 10 25000 1.543e+14 181 5 1 1 
-1.35012e+15 -1.16437e-12 -1.84198e-24 4.97118e+27 0.001 10 25000 1.543e+14 182 5 1 1 
-1.27297e+15 -1.39244e-12 1.84198e-24 4.97118e+27 0.001 10 25000 1.543e+14 183 5 1 1 
-1.19582e+15 -1.61139e-12 -1.84198e-24 4.97118e+27 0.001 10 25000 1.543e+14 184 5 1 1 
-1.11867e+15 -1.77053e-12 1.84198e-24 4.97118e+27 0.001 10 25000 1.543e+14 185 5 1 1 
-1.04152e+15 -3.39381e-12 -1.0225e-38 4.97118e+27 0.001 10 25000 1.543e+14 186 4 1 1 
-9.64375e+14 3.102e-13 2.04501e-38 4.97118e+27 0.001 10 25000 1.543e+14 187 3 1 1 
-8.87225e+14 5.45112e-15 -2.90613e-54 4.97118e+27 0.001 10 25000 1.543e+14 188 3 1 1 
-8.10075e+14 -8.11433e-13 -2.04501e-38 4.97118e+27 0.001 10 25000 1.543e+14 189 3 1 1 
-7.32925e+14 5.69305e-13 -3.68395e-24 4.97118e+27 0.001 10 25000 1.543e+14 190 4 1 1 
-6.55775e+14 -6.77742e-13 1.84198e-24 4.97118e+27 0.001 10 25000 1.543e+14 191 5 1 1 
-5.78625e+14 -8.56122e-13 -1.84198e-24 4.97118e+27 0.001 10 25000 1.543e+14 192 5 1 1 
-5.01475e+14 -2.88587e-12 -1.84198e-24 4.97118e+27 0.001 10 25000 1.543e+14 193 4 1 1 
-4.24325e+14 8.3099e-13 -1.84198e-24 4.97118e+27 0.001 10 25000 1.543e+14 194 3 1 1 
-3.47175e+14 -3.05413e-13 -3.68395e-24 4.97118e+27 0.001 10 25000 1.543e+14 195 3 1 1 
-2.70025e+14 -1.34492e-12 -3.68395e-24 4.97118e+27 0.001 10 25000 1.543e+14 196 3 1 1 
-1.92875e+14 4.90999e-13 7.36791e-24 4.97118e+27 0.001 10 25000 1.543e+14 197 3 1 1 
-1.15725e+14 -6.96434e-14 -1.27813e-39 4.97118e+27 0.001 10 25000 1.543e+14 198 3 1 1 
-3.8575e+13 -1.36625e-13 -3.68395e-24 4.97118e+27 0.001 10 25000 1.543e+14 199 3 1 1 
3.8575e+13 -1.83566e-13 5.52593e-24 4.97118e+27 0.001 10 25000 1.543e+14 200 4 1 1 
1.15725e+14 -2.00518e-14 0 4.97118e+27 0.001 10 25000 1.543e+14 201 5 1 1 
1.92875e+14 1.32505e-14 -9.20989e-24 4.97118e+27 0.001 10 25000 1.543e+14 202 3 1 1 
2.70025e+14 9.05897e-13 3.68395e-24 4.97118e+27 0.001 10 25000 1.543e+14 203 3 1 1 
3.47175e+14 4.06652e-13 3.68395e-24 4.97118e+27 0.001 10 25000 1.543e+14 204 4 1 1 
4.24325e+14 4.79659e-13 -5.11251e-39 4.97118e+27 0.001 10 25000 1.543e+14 205 4 1 1 
5.01475e+14 -8.55806e-13 1.91719e-38 4.97118e+27 0.001 10 25000 1.543e+14 206 4 1 1 
5.78625e+14 -2.57656e-12 6.71017e-39 4.97118e+27 0.001 10 25000 1.543e+14 207 5 1 1 
6.55775e+14 -5.03736e-13 3.68395e-24 4.97118e+27 0.001 10 25000 1.543e+14 208 5 1 1 
7.32925e+14 -1.81407e-12 1.84198e-24 4.97118e+27 0.001 10 25000 1.543e+14 209 4 1 1 
8.10075e+14 2.06294e-12 -1.84198e-24 4.97118e+27 0.001 10 25000 1.543e+14 210 3 1 1 
8.87225e+14 1.02405e-12 -8.9469e-39 4.97118e+27 0.001 10 25000 1.543e+14 211 3 1 1 
9.64375e+14 4.80798e-12 -1.84198e-24 4.97118e+27 0.001 10 25000 1.543e+14 212 4 1 1 
1.04153e+15 3.10229e-12 1.84198e-24 4.97118e+27 0.001 10 25000 1.543e+14 213 5 1 1 
1.11868e+15 2.70568e-12 1.84198e-24 4.97118e+27 0.001 10 25000 1.543e+14 214 5 1 1 
1.19583e+15 2.19475e-12 -3.68395e-24 4.97118e+27 0.001 10 25000 1.543e+14 215 5 1 1 
1.27298e+15 1.69436e-12 3.68395e-24 4.97118e+27 0.001 10 25000 1.543e+14 216 5 1 1 
1.35013e+15 1.1878e-12 1.45306e-54 4.97118e+27 0.001 10 25000 1.543e+14 217 5 1 1 
1.42728e+15 8.85057e-13 7.26532e-55 4.97118e+27 0.001 10 25000 1.543e+14 218 5 1 1 
1.50443e+15 6.65523e-13 1.84198e-24 4.97118e+27 0.001 10 25000 1.543e+14 219 5 1 1 
1.58158e+15 4.27692e-13 -1.84198e-24 4.97118e+27 0.001 10 25000 1.543e+14 220 5 1 1 
1.65873e+15 2.57255e-13 1.84198e-24 4.97118e+27 0.001 10 25000 1.543e+14 221 5 1 1 
1.73588e+15 1.37508e-13 3.63266e-55 4.97118e+27 0.001 10 25000 1.543e+14 222 5 1 1 
1.81303e+15 9.83305e-44 3.63266e-55 4.97118e+27 0.001 10 25000 1.543e+14 223 5 1 1 
1.89018e+15 0 0 4.97118e+27 0.001 10 25000 1.543e+14 224 5 1 1 
1.96733e+15 0 0 4.97118e+27 0.001 10 25000 1.543e+14 225 5 1 1 
2.04448e+15 0 0 4.97118e+27 0.001 10 25000 1.543e+14 226 5 1 1 
2.12163e+15 0 0 4.97118e+27 0.001 10 25000 1.543e+14 227 5 1 1 
2.19878e+15 0 0 4.97118e+27 0.001 10 25000 1.543e+14 228 5 1 1 
2.27593e+15 0 0 4.97118e+27 0.001 10 25000 1.543e+14 229 5 1 1 
2.35308e+15 0 0 4.97118e+27 0.001 10 25000 1.543e+14 230 5 1 1 
2.43023e+15 0 0 4.97118e+27 0.001 10 25000 1.543e+14 231 5 1 1 
2.50738e+15 0 0 4.97118e+27 0.001 10 25000 1.543e+14 232 5 1 1 
2.58453e+15 0 0 4.97118e+27 0.001 10 25000 1.543e+14 233 5 1 1 
2.66168e+15 0 0 4.97118e+27 0.001 10 25000 1.543e+14 234 5 1 1 
2.73883e+15 0 0 4.97118e+27 0.001 10 25000 1.543e+14 235 5 1 1 
2.81598e+15 0 0 4.97118e+27 0.001 10 25000 1.543e+14 236 5 1 1 
2.89313e+15 -5.8254e-43 -3.63266e-55 4.97118e+27 0.001 10 25000 1.543e+14 237 5 1 1 
2.97028e+15 -1.69188e-13 0 4.97118e+27 0.001 10 25000 1.543e+14 238 5 1 1 
3.04743e+15 -3.37357e-13 3.63266e-55 4.97118e+27 0.001 10 25000 1.543e+14 239 5 1 1 
3.12458e+15 1.15835e-12 1.84198e-24 4.97118e+27 0.001 10 25000 1.543e+14 240 5 1 1 
3.20173e+15 9.75734e-13 2.1796e-54 4.97118e+27 0.001 10 25000 1.543e+14 241 5 1 1 
3.27888e+15 3.85811e-12 -1.84198e-24 4.97118e+27 0.001 10 25000 1.543e+14 242 5 1 1 
3.35603e+15 2.55882e-12 0 4.97118e+27 0.001 10 25000 1.543e+14 243 5 1 1 
3.43318e+15 1.89749e-12 -7.62859e-54 4.97118e+27 0.001 10 25000 1.543e+14 244 5 1 1 
3.51033e+15 -9.40047e-13 -3.68395e-24 4.97118e+27 0.001 10 25000 1.543e+14 245 5 1 1 
3.58748e+15 -1.02383e-12 -3.99593e-54 4.97118e+27 0.001 10 25000 1.543e+14 246 5 1 1 
3.66463e+15 -3.93684e-12 3.68395e-24 4.97118e+27 0.001 10 25000 1.543e+14 247 5 1 1 
3.74178e+15 -1.14201e-13 1.47358e-23 4.97118e+27 0.001 10 25000 1.543e+14 248 5 1 1 
3.81893e+15 -3.04363e-12 1.47358e-23 4.97118e+27 0.001 10 25000 1.543e+14 249 4 1 1 
3.89608e+15 3.04363e-12 -1.47358e-23 4.97118e+27 0.001 10 25000 1.543e+14 250 4 1 1 
3.97323e+15 1.14201e-13 -1.47358e-23 4.97118e+27 0.001 10 25000 1.543e+14 251 5 1 1 
4.05038e+15 3.93684e-12 -3.68395e-24 4.97118e+27 0.001 10 25000 1.543e+14 252 5 1 1 
4.12753e+15 1.02383e-12 3.99593e-54 4.97118e+27 0.001 10 25000 1.543e+14 253 5 1 1 
4.20468e+15 9.40047e-13 3.68395e-24 4.97118e+27 0.001 10 25000 1.543e+14 254 5 1 1 
4.28183e+15 -1.89749e-12 7.62859e-54 4.97118e+27 0.001 10 25000 1.543e+14 255 5 1 1 
4.35898e+15 -2.55882e-12 0 4.97118e+27 0.001 10 25000 1.543e+14 256 5 1 1 
4.43613e+15 -3.85811e-12 1.84198e-24 4.97118e+27 0.001 10 25000 1.543e+14 257 5 1 1 
4.51328e+15 -9.75734e-13 -2.1796e-54 4.97118e+27 0.001 10 25000 1.543e+14 258 5 1 1 
4.59043e+15 -1.15835e-12 -1.84198e-24 4.97118e+27 0.001 10 25000 1.543e+14 259 5 1 1 
4.66758e+15 3.37357e-13 -3.63266e-55 4.97118e+27 0.001 10 25000 1.543e+14 260 5 1 1 
4.74473e+15 1.69188e-13 0 4.97118e+27 0.001 10 25000 1.543e+14 261 5 1 1 
4.82188e+15 5.8254e-43 3.63266e-55 4.97118e+27 0.001 10 25000 1.543e+14 262 5 1 1 
4.89903e+15 0 0 4.97118e+27 0.001 10 25000 1.543e+14 263 5 1 1 
4.97618e+15 0 0 4.97118e+27 0.001 10 25000 1.543e+14 264 5 1 1 
5.05333e+15 0 0 4.97118e+27 0.001 10 25000 1.543e+14 265 5 1 1 
5.13048e+15 0 0 4.97118e+27 0.001 10 25000 1.543e+14 266 5 1 1 
5.20763e+15 0 0 4.97118e+27 0.001 10 25000 1.543e+14 267 5 1 1 
5.28478e+15 0 0 4.97118e+27 0.001 10 25000 1.543e+14 268 5 1 1 
5.36193e+15 0 0 4.97118e+27 0.001 10 25000 1.543e+14 269 5 1 1 
5.43908e+15 0 0 4.97118e+27 0.001 10 25000 1.543e+14 270 5 1 1 
5.51623e+15 0 0 4.97118e+27 0.001 10 25000 1.543e+14 271 5 1 1 
5.59338e+15 0 0 4.97118e+27 0.001 10 25000 1.543e+14 272 5 1 1 
5.67053e+15 0 0 4.97118e+27 0.001 10 25000 1.543e+14 273 5 1 1 
5.74768e+15 0 0 4.97118e+27 0.001 10 25000 1.543e+14 274 5 1 1 
5.82483e+15 0 0 4.97118e+27 0.001 10 25000 1.543e+14 275 5 1 1 
5.90198e+15 0 0 4.97118e+27 0.001 10 25000 1.543e+14 276 5 1 1 
5.97913e+15 0 0 4.97118e+27 0.001 10 25000 1.543e+14 277 5 1 1 
6.05628e+15 0 0 4.97118e+27 0.001 10 25000 1.543e+14 278 5 1 1 
6.13343e+15 0 0 4.97118e+27 0.001 10 25000 1.543e+14 279 5 1 1 
6.21058e+15 -1.86326e-43 -3.63266e-55 4.97118e+27 0.001 10 25000 1.543e+14 280 5 1 1 
6.28773e+15 -6.85718e-14 -3.63266e-55 4.97118e+27 0.001 10 25000 1.543e+14 281 5 1 1 
6.36488e+15 -2.05192e-13 0 4.97118e+27 0.001 10 25000 1.543e+14 282 5 1 1 
6.44203e+15 -3.75697e-13 0 4.97118e+27 0.001 10 25000 1.543e+14 283 5 1 1 
6.51918e+15 -5.45239e-13 3.63266e-55 4.97118e+27 0.001 10 25000 1.543e+14 284 5 1 1 
6.59633e+15 -6.79199e-13 3.63266e-55 4.97118e+27 0.001 10 25000 1.543e+14 285 5 1 1 
6.67348e+15 -4.15905e-13 1.84198e-24 4.97118e+27 0.001 10 25000 1.543e+14 286 5 1 1 
6.75063e+15 -6.31172e-13 2.90613e-54 4.97118e+27 0.001 10 25000 1.543e+14 287 5 1 1 
6.82778e+15 2.54767e-12 1.84198e-24 4.97118e+27 0.001 10 25000 1.543e+14 288 5 1 1 
6.90493e+15 9.01506e-13 3.68395e-24 4.97118e+27 0.001 10 25000 1.543e+14 289 5 1 1 
6.98208e+15 -1.2268e-13 7.36791e-24 4.97118e+27 0.001 10 25000 1.543e+14 290 5 1 1 
7.05923e+15 -1.93217e-12 3.68395e-24 4.97118e+27 0.001 10 25000 1.543e+14 291 5 1 1 
7.13638e+15 3.28519e-12 -3.68395e-24 4.97118e+27 0.001 10 25000 1.543e+14 292 5 1 1 
7.21353e+15 1.30204e-12 5.52593e-24 4.97118e+27 0.001 10 25000 1.543e+14 293 5 1 1 
7.29068e+15 2.6012e-12 1.28938e-23 4.97118e+27 0.001 10 25000 1.543e+14 294 5 1 1 
7.36783e+15 -9.6572e-13 1.47358e-23 4.97118e+27 0.001 10 25000 1.543e+14 295 5 1 1 
7.44498e+15 2.22707e-12 -2.39457e-23 4.97118e+27 0.001 10 25000 1.543e+14 296 5 1 1 
7.52213e+15 -2.41515e-12 -2.39457e-23 4.97118e+27 0.001 10 25000 1.543e+14 297 5 1 1 
7.59928e+15 4.2028e-12 2.21037e-23 4.97118e+27 0.001 10 25000 1.543e+14 298 5 1 1 
7.67643e+15 -1.59577e-12 2.76297e-23 4.97118e+27 0.001 10 25000 1.543e+14 299 3 1 1 
7.75358e+15 1.59577e-12 -2.76297e-23 4.97118e+27 0.001 10 25000 1.543e+14 300 3 1 1 
7.83073e+15 -4.2028e-12 -2.21037e-23 4.97118e+27 0.001 10 25000 1.543e+14 301 5 1 1 
7.90788e+15 2.41515e-12 2.39457e-23 4.97118e+27 0.001 10 25000 1.543e+14 302 5 1 1 
7.98503e+15 -2.22707e-12 2.39457e-23 4.97118e+27 0.001 10 25000 1.543e+14 303 5 1 1 
8.06218e+15 9.6572e-13 -1.47358e-23 4.97118e+27 0.001 10 25000 1.543e+14 304 5 1 1 
8.13933e+15 -2.6012e-12 -1.28938e-23 4.97118e+27 0.001 10 25000 1.543e+14 305 5 1 1 
8.21648e+15 -1.30204e-12 -5.52593e-24 4.97118e+27 0.001 10 25000 1.543e+14 306 5 1 1 
8.29363e+15 -3.28519e-12 3.68395e-24 4.97118e+27 0.001 10 25000 1.543e+14 307 5 1 1 
8.37078e+15 1.93217e-12 -3.68395e-24 4.97118e+27 0.001 10 25000 1.543e+14 308 5 1 1 
8.44793e+15 1.2268e-13 -7.36791e-24 4.97118e+27 0.001 10 25000 1.543e+14 309 5 1 1 
8.52508e+15 -9.01506e-13 -3.68395e-24 4.97118e+27 0.001 10 25000 1.543e+14 310 5 1 1 
8.60223e+15 -2.54767e-12 -1.84198e-24 4.97118e+27 0.001 10 25000 1.543e+14 311 5 1 1 
8.67938e+15 6.31172e-13 -2.90613e-54 4.97118e+27 0.001 10 25000 1.543e+14 312 5 1 1 
8.75653e+15 4.15905e-13 -1.84198e-24 4.97118e+27 0.001 10 25000 1.543e+14 313 5 1 1 
8.83368e+15 6.79199e-13 -3.63266e-55 4.97118e+27 0.001 10 25000 1.543e+14 314 5 1 1 
8.91083e+15 5.45239e-13 -3.63266e-55 4.97118e+27 0.001 10 25000 1.543e+14 315 5 1 1 
8.98798e+15 3.75697e-13 0 4.97118e+27 0.001 10 25000 1.543e+14 316 5 1 1 
9.06513e+15 2.05192e-13 0 4.97118e+27 0.001 10 25000 1.543e+14 317 5 1 1 
9.14228e+15 6.85718e-14 3.63266e-55 4.97118e+27 0.001 10 25000 1.543e+14 318 5 1 1 
9.21943e+15 1.86326e-43 3.63266e-55 4.97118e+27 0.001 10 25000 1.543e+14 319 5 1 1 
9.29658e+15 0 0 4.97118e+27 0.001 10 25000 1.543e+14 320 5 1 1 
9.37373e+15 1.71829e-14 1.84198e-24 4.97118e+27 0.001 10 25000 1.543e+14 321 5 1 1 
9.45088e+15 7.38947e-13 7.18371e-23 4.97118e+27 0.001 10 25000 1.543e+14 322 5 1 1 
9.52803e+15 -3.67366e-12 -6.11536e-22 4.97118e+27 0.001 10 25000 1.543e+14 323 4 1 1 
9.60518e+15 -9.19406e-11 -4.9015e-21 4.97118e+27 0.001 10 25000 1.543e+14 324 4 1 1 
9.68233e+15 -9.3126e-10 -3.94902e-20 4.97118e+27 0.001 10 25000 1.543e+14 325 4 1 1 
9.75947e+15 -6.089e-09 -2.24666e-19 4.97118e+27 0.001 10 25000 1.543e+14 326 4 1 1 
9.83662e+15 -3.29204e-08 -1.09046e-18 4.97118e+27 0.001 10 25000 1.543e+14 327 4 1 1 
9.91377e+15 -1.55549e-07 -4.72459e-18 4.97118e+27 0.001 10 25000 1.543e+14 328 4 1 1 
9.99092e+15 -6.61449e-07 -1.86262e-17 4.97118e+27 0.001 10 25000 1.543e+14 329 4 1 1 
1.00681e+16 -2.57871e-06 -6.77679e-17 4.97118e+27 0.001 10 25000 1.543e+14 330 4 1 1 
1.01452e+16 -9.32448e-06 -2.29683e-16 4.97118e+27 0.001 10 25000 1.543e+14 331 4 1 1 
1.02224e+16 -3.15243e-05 -7.29763e-16 4.97118e+27 0.001 10 25000 1.543e+14 332 4 1 1 
1.02995e+16 -0.00010022 -2.1838e-15 4.97118e+27 0.001 10 25000 1.543e+14 333 4 1 1 
1.03767e+16 -0.00030089 -6.17631e-15 4.97118e+27 0.001 10 25000 1.543e+14 334 4 1 1 
1.04538e+16 -0.000855893 -1.65529e-14 4.97118e+27 0.001 10 25000 1.543e+14 335 4 1 1 
1.0531e+16 -0.00231255 -4.21234e-14 4.97118e+27 0.001 10 25000 1.543e+14 336 4 1 1 
1.06081e+16 -0.00594691 -1.01942e-13 4.97118e+27 0.001 10.0001 25000 1.54299e+14 337 4 1 1 
1.06853e+16 -0.0145785 -2.34895e-13 4.97118e+27 0.00100001 10.0002 25000.1 1.54298e+14 338 4 1 1 
1.07624e+16 -0.0341122 -5.15767e-13 4.97118e+27 0.00100003 10.0004 25000.3 1.54296e+14 339 4 1 1 
1.08396e+16 -0.0762638 -1.0798e-12 4.97118e+27 0.00100006 10.0008 25000.6 1.54291e+14 340 4 1 1 
1.09167e+16 -0.163033 -2.15602e-12 4.97118e+27 0.00100012 10.0017 25001.2 1.54281e+14 341 4 1 1 
1.09939e+16 -0.333439 -4.10531e-12 4.97118e+27 0.00100026 10.0035 25002.5 1.54261e+14 342 4 1 1 
1.1071e+16 -0.652617 -7.45019e-12 4.97118e+27 0.0010005 10.0069 25005 1.54223e+14 343 4 1 0.999999 
1.11481e+16 -1.22228 -1.28694e-11 4.97118e+27 0.00100094 10.0131 25009.3 1.54155e+14 344 4 1 0.999998 
1.12251e+16 -2.18944 -2.11121e-11 4.97118e+27 0.00100169 10.0235 25016.8 1.5404e+14 345 4 1 0.999995 
1.13021e+16 -3.74688 -3.27721e-11 4.97118e+27 0.00100289 10.0404 25028.8 1.53855e+14 346 4 1 0.999989 
1.1379e+16 -6.11543 -4.78827e-11 4.97118e+27 0.00100475 10.0663 25047.3 1.53571e+14 347 4 1 0.999977 
1.14557e+16 -9.49699 -6.53881e-11 4.97118e+27 0.00100741 10.1037 25073.8 1.53165e+14 348 4 1 0.99996 
1.15321e+16 -13.9955 -8.27403e-11 4.97118e+27 0.001011 10.1541 25109.6 1.52622e+14 349 4 1 0.999939 
1.16083e+16 -19.5237 -9.60801e-11 4.97118e+27 0.00101547 10.2172 25154.2 1.51949e+14 350 4 1 0.999923 
1.16841e+16 -25.7406 -1.01189e-10 4.97118e+27 0.0010206 10.2898 25205.3 1.51185e+14 351 4 1 0.99992 
1.17595e+16 -32.0656 -9.52457e-11 4.97118e+27 0.00102596 10.3658 25258.5 1.50396e+14 352 4 1 0.999935 
1.18345e+16 -37.7733 -7.70481e-11 4.97118e+27 0.00103093 10.4364 25307.7 1.49671e+14 353 4 1 0.999976 
1.19092e+16 -41.8937 -3.49136e-11 4.97118e+27 0.00103435 10.4858 25341.9 1.49176e+14 354 3 1 1 
1.19837e+16 -40.4205 1.49522e-10 4.97118e+27 0.00103088 10.4394 25310.2 1.49679e+14 355 4 1 1.00003 
1.20588e+16 -17.3039 5.50484e-10 4.97118e+27 0.00101278 10.1828 25131.3 1.52353e+14 356 4 1 0.999495 
1.21361e+16 17.1421 4.45728e-10 4.97118e+27 0.000987624 9.82576 24876 1.56233e+14 357 4 1 0.998197 
1.22151e+16 37.8747 2.11676e-10 4.97118e+27 0.0009692 9.57013 24688.7 1.59203e+14 358 4 1 0.998858 
1.22953e+16 53.0192 2.54116e-10 4.97118e+27 0.000954969 9.3764 24545.2 1.61576e+14 359 4 1 0.999403 
1.23767e+16 74.4926 3.4596e-10 4.97118e+27 0.000937963 9.14358 24369.8 1.64505e+14 360 4 1 0.999178 
1.24598e+16 99.5225 3.50352e-10 4.97118e+27 0.000918567 8.87927 24166.4 1.67979e+14 361 4 1 0.998808 
1.25447e+16 124.441 3.35068e-10 4.97118e+27 0.000899044 8.6161 23959.5 1.71627e+14 362 4 1 0.99872 
1.26314e+16 149.527 3.34749e-10 4.97118e+27 0.000879648 8.35711 23751.5 1.75411e+14 363 4 1 0.998694 
1.27201e+16 175.483 3.37876e-10 4.97118e+27 0.000860032 8.09741 23538.3 1.79412e+14 364 4 1 0.998612 
1.28109e+16 202.231 3.38125e-10 4.97118e+27 0.000840164 7.83674 23319.3 1.83655e+14 365 4 1 0.998512 
1.29038e+16 229.777 3.36902e-10 4.97118e+27 0.000820126 7.57635 23095.3 1.88142e+14 366 4 1 0.998416 
1.29991e+16 258.073 3.36881e-10 4.97118e+27 0.000799926 7.31641 22866.1 1.92893e+14 367 4 1 0.998316 
1.30967e+16 287.132 3.35506e-10 4.97118e+27 0.000779571 7.05711 22631.6 1.97929e+14 368 4 1 0.998205 
1.3197e+16 317 3.33376e-10 4.97118e+27 0.000759109 6.79917 22392.2 2.03265e+14 369 4 1 0.998094 
1.33e+16 347.643 3.3079e-10 4.97118e+27 0.000738578 6.54314 22148 2.08915e+14 370 4 1 0.99798 
1.3406e+16 378.977 3.26276e-10 4.97118e+27 0.000718052 6.29 21899.8 2.14887e+14 371 4 1 0.997869 
1.3515e+16 410.919 3.20592e-10 4.97118e+27 0.00069764 6.04111 21648.7 2.21174e+14 372 4 1 0.997771 
1.36272e+16 443.099 3.10075e-10 4.97118e+27 0.000677547 5.79894 21397.2 2.27733e+14 373 4 1 0.997702 
1.37428e+16 475.023 2.92586e-10 4.97118e+27 0.000658153 5.56789 21150.1 2.34444e+14 374 4 1 0.997711 
1.38617e+16 505.744 2.67402e-10 4.97118e+27 0.000639939 5.35336 20914.1 2.41117e+14 375 4 1 0.997831 
1.39839e+16 534.065 2.32054e-10 4.97118e+27 0.000623467 5.16145 20697.1 2.47487e+14 376 4 1 0.998085 
1.41092e+16 558.973 1.94637e-10 4.97118e+27 0.000609096 4.99572 20505.1 2.53326e+14 377 4 1 0.998439 
1.42373e+16 580.849 1.73164e-10 4.97118e+27 0.000596404 4.85073 20333.4 2.58717e+14 378 4 1 0.998738 
1.4368e+16 602.751 1.869e-10 4.97118e+27 0.00058394 4.70954 20162.6 2.64239e+14 379 4 1 0.998795 
1.45016e+16 627.861 2.11704e-10 4.97118e+27 0.000570479 4.55824 19975.5 2.70475e+14 380 4 1 0.998561 
1.46385e+16 654.417 1.90974e-10 4.97118e+27 0.000557093 4.40908 19786.6 2.76973e+14 381 4 1 0.998406 
1.47786e+16 674.736 1.05604e-10 4.97118e+27 0.00054705 4.2981 19643.1 2.82058e+14 382 4 1 0.998933 
1.49206e+16 681.831 -1.14241e-12 4.97118e+27 0.000542841 4.25203 19582.9 2.84245e+14 383 4 1 0.999772 
1.50628e+16 680.542 -4.6822e-12 4.97118e+27 0.000542511 4.24864 19578.6 2.84418e+14 384 5 1 0.999997 
1.5205e+16 679.962 -8.27141e-12 4.97118e+27 0.000542904 4.25303 19584.6 2.84212e+14 385 4 1 0.999997 
1.5347e+16 678.851 -7.84645e-12 4.97118e+27 0.000543393 4.25848 19592 2.83956e+14 386 4 1 0.999997 
1.5489e+16 677.816 -6.72694e-12 4.97118e+27 0.000543919 4.26432 19600 2.83682e+14 387 4 1 0.999998 
1.56307e+16 676.946 -5.35441e-12 4.97118e+27 0.000544377 4.26945 19607 2.83443e+14 388 4 1 0.999999 
1.57724e+16 676.263 -4.11856e-12 4.97118e+27 0.000544745 4.2736 19612.8 2.83252e+14 389 4 1 0.999999 
1.5914e+16 675.738 -3.08858e-12 4.97118e+27 0.000545025 4.27681 19617.5 2.83107e+14 390 4 1 1 
1.60555e+16 675.34 -2.33983e-12 4.97118e+27 0.000545232 4.27924 19621.2 2.82999e+14 391 4 1 1 
1.6197e+16 675.037 -1.80372e-12 4.97118e+27 0.000545383 4.28108 19624.2 2.8292e+14 392 4 1 1 
1.63384e+16 674.802 -1.42871e-12 4.97118e+27 0.000545491 4.28249 19626.7 2.82864e+14 393 4 1 1 
1.64798e+16 674.613 -1.18878e-12 4.97118e+27 0.000545557 4.2835 19629 2.8283e+14 394 3 1 1 
1.66213e+16 674.454 -1.02601e-12 4.97118e+27 0.000545534 4.28379 19631.2 2.82842e+14 395 4 1 1 
1.67627e+16 674.313 -9.04768e-13 4.97118e+27 0.000545181 4.28198 19635.6 2.83026e+14 396 4 1 1 
1.69043e+16 674.185 -8.16311e-13 4.97118e+27 0.000543613 4.26512 19614.7 2.83842e+14 397 4 1 0.999988 
1.70465e+16 674.067 -7.4428e-13 4.97118e+27 0.000530544 4.1111 19372.1 2.90833e+14 398 4 1 0.999677 
1.71953e+16 673.955 -6.67748e-13 4.97118e+27 0.000506513 4.39812 21707.8 3.04632e+14 399 4 1 0.994723 
1.73514e+16 673.847 -5.7975e-13 4.97118e+27 0.000481022 4.15237 21581 3.20776e+14 400 4 1 0.993715 
1.75163e+16 673.742 -4.83629e-13 4.97118e+27 0.000458571 4.49698 24516.3 3.3648e+14 401 4 1 0.993708 
1.7688e+16 673.641 -3.83971e-13 4.97118e+27 0.000449979 4.30274 23905.2 3.42905e+14 402 5 1 0.998664 
1.78592e+16 673.54 -2.42708e-13 4.97118e+27 0.000451585 4.28616 23728.4 3.41685e+14 403 4 1 0.999968 
1.80297e+16 673.423 1.70157e-14 4.97118e+27 0.000453197 4.28559 23640.9 3.4047e+14 404 4 1 0.999988 
1.81997e+16 673.243 6.03341e-13 4.97118e+27 0.000454223 4.28613 23590.5 3.39701e+14 405 4 1 0.999998 
1.83694e+16 672.85 2.41114e-12 4.97118e+27 0.000454698 4.28403 23554.2 3.39346e+14 406 3 1 1 
1.8539e+16 671.754 7.80227e-12 4.97118e+27 0.000454449 4.27499 23517.3 3.39532e+14 407 4 1 1 
1.87089e+16 668.531 2.3891e-11 4.97118e+27 0.000452677 4.24757 23457.8 3.40861e+14 408 4 1 0.999979 
1.88799e+16 659.911 6.14778e-11 4.97118e+27 0.000447446 4.17591 23331.3 3.44846e+14 409 4 1 0.999761 
1.90538e+16 638.098 1.51842e-10 4.97118e+27 0.00043523 4.01418 23056.8 3.54525e+14 410 4 1 0.998591 
1.92346e+16 592.681 2.92773e-10 4.97118e+27 0.000411666 3.70807 22516.6 3.74819e+14 411 4 1 0.994433 
1.94292e+16 497.091 6.65692e-10 4.97118e+27 0.000370976 3.19083 21500.9 4.1593e+14 412 4 1 0.984476 
1.9653e+16 313.071 1.02925e-09 4.97118e+27 0.000318732 2.55558 20045.7 4.84106e+14 413 4 1 0.96583 
1.99184e+16 118.405 7.46113e-10 4.97118e+27 0.000276244 2.07201 18754.6 5.58563e+14 414 4 1 0.960805 
2.02147e+16 21.0289 2.31342e-10 4.97118e+27 0.000255903 1.85508 18124.8 6.02962e+14 415 4 1 0.98443 
2.05218e+16 0.446629 2.28781e-11 4.97118e+27 0.00025056 1.80058 17966 6.15821e+14 416 4 1 0.998447 
2.08305e+16 -0.323514 -3.04345e-12 4.97118e+27 0.000249962 1.79461 17948.9 6.17293e+14 417 5 1 0.999978 
2.11391e+16 0.00325731 -2.55309e-13 4.97118e+27 0.000249992 1.79493 17949.8 6.17219e+14 418 4 1 1 
2.14477e+16 0.00616367 3.18987e-14 4.97118e+27 0.000250001 1.79501 17950 6.17197e+14 419 3 1 1 
2.17563e+16 0.00149544 1.12955e-14 4.97118e+27 0.00025 1.795 17950 6.17199e+14 420 4 1 1 
2.20649e+16 0.000291925 2.45539e-15 4.97118e+27 0.00025 1.795 17950 6.172e+14 421 4 1 1 
2.23735e+16 5.14684e-05 4.64608e-16 4.97118e+27 0.00025 1.795 17950 6.172e+14 422 4 1 1 
2.26821e+16 8.32976e-06 8.04989e-17 4.97118e+27 0.00025 1.795 17950 6.172e+14 423 4 1 1 
2.29907e+16 1.23777e-06 1.28078e-17 4.97118e+27 0.00025 1.795 17950 6.172e+14 424 4 1 1 
2.32993e+16 1.68331e-07 1.86673e-18 4.97118e+27 0.00025 1.795 17950 6.172e+14 425 4 1 1 
2.36079e+16 2.08589e-08 2.48214e-19 4.97118e+27 0.00025 1.795 17950 6.172e+14 426 4 1 1 
2.39165e+16 2.33657e-09 2.99874e-20 4.97118e+27 0.00025 1.795 17950 6.172e+14 427 4 1 1 
2.42251e+16 2.2954e-10 3.25201e-21 4.97118e+27 0.00025 1.795 17950 6.172e+14 428 4 1 1 
2.45337e+16 1.41439e-11 2.91493e-22 4.97118e+27 0.00025 1.795 17950 6.172e+14 429 4 1 1 
2.48423e+16 8.21467e-13 8.74939e-24 4.97118e+27 0.00025 1.795 17950 6.172e+14 430 5 1 1 
2.51509e+16 6.45114e-14 1.38148e-24 4.97118e+27 0.00025 1.795 17950 6.172e+14 431 5 1 1 
2.54595e+16 1.69635e-44 3.63266e-55 4.97118e+27 0.00025 1.795 17950 6.172e+14 432 5 1 1 
2.57681e+16 0 0 4.97118e+27 0.00025 1.795 17950 6.172e+14 433 5 1 1 
2.60767e+16 0 0 4.97118e+27 0.00025 1.795 17950 6.172e+14 434 5 1 1 
2.63853e+16 0 0 4.97118e+27 0.00025 1.795 17950 6.172e+14 435 5 1 1 
2.66939e+16 0 0 4.97118e+27 0.00025 1.795 17950 6.172e+14 436 5 1 1 
2.70025e+16 0 0 4.97118e+27 0.00025 1.795 17950 6.172e+14 437 5 1 1 
2.73111e+16 0 0 4.97118e+27 0.00025 1.795 17950 6.172e+14 438 5 1 1 
2.76197e+16 0 0 4.97118e+27 0.00025 1.795 17950 6.172e+14 439 5 1 1 
2.79283e+16 -3.81287e-44 -9.08165e-56 4.97118e+27 0.00025 1.795 17950 6.172e+14 440 5 1 1 
2.82369e+16 -4.29573e-15 -4.60494e-25 4.97118e+27 0.00025 1.795 17950 6.172e+14 441 5 1 1 
2.85455e+16 -3.39141e-13 -4.60494e-25 4.97118e+27 0.00025 1.795 17950 6.172e+14 442 5 1 1 
2.88541e+16 -9.55397e-13 -1.38148e-24 4.97118e+27 0.00025 1.795 17950 6.172e+14 443 5 1 1 
2.91627e+16 -2.21087e-12 -1.38148e-24 4.97118e+27 0.00025 1.795 17950 6.172e+14 444 5 1 1 
2.94713e+16 -4.71183e-12 -2.76297e-24 4.97118e+27 0.00025 1.795 17950 6.172e+14 445 5 1 1 
2.97799e+16 -7.06849e-12 1.38148e-24 4.97118e+27 0.00025 1.795 17950 6.172e+14 446 5 1 1 
3.00885e+16 -1.39692e-11 2.76297e-24 4.97118e+27 0.00025 1.795 17950 6.172e+14 447 5 1 1 
3.03971e+16 1.02726e-11 7.36791e-24 4.97118e+27 0.00025 1.795 17950 6.172e+14 448 5 1 1 
3.07057e+16 3.0338e-13 6.90741e-24 4.97118e+27 0.00025 1.795 17950 6.172e+14 449 3 1 1 
3.10143e+16 -3.0338e-13 -6.90741e-24 4.97118e+27 0.00025 1.795 17950 6.172e+14 450 3 1 1 
3.13229e+16 -1.02726e-11 -7.36791e-24 4.97118e+27 0.00025 1.795 17950 6.172e+14 451 5 1 1 
3.16315e+16 1.39692e-11 -2.76297e-24 4.97118e+27 0.00025 1.795 17950 6.172e+14 452 5 1 1 
3.19401e+16 7.06849e-12 -1.38148e-24 4.97118e+27 0.00025 1.795 17950 6.172e+14 453 5 1 1 
3.22487e+16 4.71183e-12 2.76297e-24 4.97118e+27 0.00025 1.795 17950 6.172e+14 454 5 1 1 
3.25573e+16 2.21087e-12 1.38148e-24 4.97118e+27 0.00025 1.795 17950 6.172e+14 455 5 1 1 
3.28659e+16 9.55397e-13 1.38148e-24 4.97118e+27 0.00025 1.795 17950 6.172e+14 456 5 1 1 
3.31745e+16 3.39141e-13 4.60494e-25 4.97118e+27 0.00025 1.795 17950 6.172e+14 457 5 1 1 
3.34831e+16 4.29573e-15 4.60494e-25 4.97118e+27 0.00025 1.795 17950 6.172e+14 458 5 1 1 
3.37917e+16 3.81287e-44 9.08165e-56 4.97118e+27 0.00025 1.795 17950 6.172e+14 459 5 1 1 
3.41003e+16 0 0 4.97118e+27 0.00025 1.795 17950 6.172e+14 460 5 1 1 
3.44089e+16 0 0 4.97118e+27 0.00025 1.795 17950 6.172e+14 461 5 1 1 
3.47175e+16 0 0 4.97118e+27 0.00025 1.795 17950 6.172e+14 462 5 1 1 
3.50261e+16 0 0 4.97118e+27 0.00025 1.795 17950 6.172e+14 463 5 1 1 
3.53347e+16 0 0 4.97118e+27 0.00025 1.795 17950 6.172e+14 464 5 1 1 
3.56433e+16 0 0 4.97118e+27 0.00025 1.795 17950 6.172e+14 465 5 1 1 
3.59519e+16 0 0 4.97118e+27 0.00025 1.795 17950 6.172e+14 466 5 1 1 
3.62605e+16 -1.86599e-44 -3.63266e-55 4.97118e+27 0.00025 1.795 17950 6.172e+14 467 5 1 1 
3.65691e+16 -6.88071e-14 -1.84198e-24 4.97118e+27 0.00025 1.795 17950 6.172e+14 468 5 1 1 
3.68777e+16 -1.06238e-12 -7.8284e-24 4.97118e+27 0.00025 1.795 17950 6.172e+14 469 5 1 1 
3.71863e+16 -1.0754e-11 -2.63863e-22 4.97118e+27 0.00025 1.795 17950 6.172e+14 470 4 1 1 
3.74949e+16 -2.37861e-10 -3.37404e-21 4.97118e+27 0.00025 1.795 17950 6.172e+14 471 4 1 1 
3.78035e+16 -2.35055e-09 -2.98027e-20 4.97118e+27 0.00025 1.795 17950 6.172e+14 472 4 1 1 
3.81121e+16 -2.08248e-08 -2.48342e-19 4.97118e+27 0.00025 1.795 17950 6.172e+14 473 4 1 1 
3.84207e+16 -1.68346e-07 -1.86664e-18 4.97118e+27 0.00025 1.795 17950 6.172e+14 474 4 1 1 
3.87293e+16 -1.23776e-06 -1.2808e-17 4.97118e+27 0.00025 1.795 17950 6.172e+14 475 4 1 1 
3.90379e+16 -8.32975e-06 -8.04987e-17 4.97118e+27 0.00025 1.795 17950 6.172e+14 476 4 1 1 
3.93465e+16 -5.14684e-05 -4.64608e-16 4.97118e+27 0.00025 1.795 17950 6.172e+14 477 4 1 1 
3.96551e+16 -0.000291925 -2.45539e-15 4.97118e+27 0.00025 1.795 17950 6.172e+14 478 4 1 1 
3.99637e+16 -0.00149544 -1.12955e-14 4.97118e+27 0.00025 1.795 17950 6.17199e+14 479 4 1 1 
4.02723e+16 -0.00616367 -3.18987e-14 4.97118e+27 0.000250001 1.79501 17950 6.17197e+14 480 3 1 1 
4.05809e+16 -0.00325731 2.55309e-13 4.97118e+27 0.000249992 1.79493 17949.8 6.17219e+14 481 4 1 1 
4.08895e+16 0.323514 3.04345e-12 4.97118e+27 0.000249962 1.79461 17948.9 6.17293e+14 482 5 1 0.999978 
4.11982e+16 -0.446629 -2.28781e-11 4.97118e+27 0.00025056 1.80058 17966 6.15821e+14 483 4 1 0.998447 
4.15053e+16 -21.0289 -2.31342e-10 4.97118e+27 0.000255903 1.85508 18124.8 6.02962e+14 484 4 1 0.98443 
4.18016e+16 -118.405 -7.46113e-10 4.97118e+27 0.000276244 2.07201 18754.6 5.58563e+14 485 4 1 0.960805 
4.2067e+16 -313.071 -1.02925e-09 4.97118e+27 0.000318732 2.55558 20045.7 4.84106e+14 486 4 1 0.96583 
4.22908e+16 -497.091 -6.65692e-10 4.97118e+27 0.000370976 3.19083 21500.9 4.1593e+14 487 4 1 0.984476 
4.24854e+16 -592.681 -2.92773e-10 4.97118e+27 0.000411666 3.70807 22516.6 3.74819e+14 488 4 1 0.994433 
4.26662e+16 -638.098 -1.51842e-10 4.97118e+27 0.00043523 4.01418 23056.8 3.54525e+14 489 4 1 0.998591 
4.28401e+16 -659.911 -6.14778e-11 4.97118e+27 0.000447446 4.17591 23331.3 3.44846e+14 490 4 1 0.999761 
4.30111e+16 -668.531 -2.3891e-11 4.97118e+27 0.000452677 4.24757 23457.8 3.40861e+14 491 4 1 0.999979 
4.3181e+16 -671.754 -7.80227e-12 4.97118e+27 0.000454449 4.27499 23517.3 3.39532e+14 492 4 1 1 
4.33506e+16 -672.85 -2.41114e-12 4.97118e+27 0.000454698 4.28403 23554.2 3.39346e+14 493 3 1 1 
4.35203e+16 -673.243 -6.03341e-13 4.97118e+27 0.000454223 4.28613 23590.5 3.39701e+14 494 4 1 0.999998 
4.36903e+16 -673.423 -1.70157e-14 4.97118e+27 0.000453197 4.28559 23640.9 3.4047e+14 495 4 1 0.999988 
4.38608e+16 -673.54 2.42708e-13 4.97118e+27 0.000451585 4.28616 23728.4 3.41685e+14 496 4 1 0.999968 
4.4032e+16 -673.641 3.83971e-13 4.97118e+27 0.000449979 4.30274 23905.2 3.42905e+14 497 5 1 0.998664 
4.42037e+16 -673.742 4.83629e-13 4.97118e+27 0.000458571 4.49698 24516.3 3.3648e+14 498 4 1 0.993708 
4.43686e+16 -673.847 5.7975e-13 4.97118e+27 0.000481022 4.15237 21581 3.20776e+14 499 4 1 0.993715 
