# Time [s]: 0.0876395
# Columns: pos [m], vel [m/s], acc [m/s^2], mass [kg], dens [kg/m^3], pres [Pa], ene [J/kg], sml [m], id, neighbor, alpha, gradh, ...additional?
1.44321 -0.673968 0.0209254 0.0025 0.506506 0.439804 2.17077 0.00987154 0 4 1 0.994724 
1.44802 -0.674081 0.0233012 0.0025 0.530536 0.411101 1.9372 0.00942442 1 4 1 0.999677 
1.45263 -0.6742 0.0255179 0.0025 0.543604 0.426502 1.96146 0.00919787 2 4 1 0.999988 
1.45722 -0.67433 0.028237 0.0025 0.545171 0.428187 1.96354 0.00917144 3 4 1 1 
1.46181 -0.674474 0.0321118 0.0025 0.545523 0.428367 1.9631 0.00916552 4 4 1 1 
1.46639 -0.674636 0.0374637 0.0025 0.545545 0.428336 1.96288 0.00916515 5 3 1 1 
1.47097 -0.674829 0.0452837 0.0025 0.545476 0.428232 1.96265 0.00916631 6 4 1 1 
1.47555 -0.675071 0.057455 0.0025 0.545364 0.428086 1.96239 0.00916819 7 4 1 1 
1.48014 -0.675384 0.0748354 0.0025 0.545206 0.427896 1.96208 0.00917084 8 4 1 1 
1.48473 -0.675797 0.0987784 0.0025 0.544991 0.427644 1.9617 0.00917447 9 4 1 1 
1.48931 -0.676342 0.131648 0.0025 0.544701 0.427312 1.96122 0.00917935 10 4 1 0.999999 
1.4939 -0.677048 0.171092 0.0025 0.544321 0.426883 1.96062 0.00918576 11 4 1 0.999999 
1.4985 -0.677944 0.213483 0.0025 0.54385 0.426357 1.9599 0.00919372 12 4 1 0.999998 
-0.496901 -0.678999 0.247906 0.0025 0.543316 0.425763 1.95909 0.00920275 13 4 1 0.999997 
-0.492298 -0.680111 0.237939 0.0025 0.542845 0.425238 1.95838 0.00921074 14 4 1 0.999998 
-0.487691 -0.680654 0.223501 0.0025 0.542446 0.424792 1.95777 0.0092175 15 5 1 0.999993 
-0.48308 -0.681754 -0.289096 0.0025 0.543086 0.425468 1.95864 0.00920665 16 4 1 0.999682 
-0.478484 -0.672619 -3.74433 0.0025 0.548117 0.430984 1.96585 0.00912214 17 4 1 0.998803 
-0.473957 -0.650778 -6.1455 0.0025 0.558901 0.442915 1.98123 0.00894613 18 4 1 0.998387 
-0.469536 -0.623925 -6.48869 0.0025 0.572516 0.458106 2.0004 0.00873338 19 4 1 0.998598 
-0.465223 -0.599296 -5.66221 0.0025 0.585867 0.47313 2.01892 0.00853436 20 4 1 0.9988 
-0.461001 -0.577603 -5.39498 0.0025 0.598296 0.487227 2.03591 0.00835706 21 4 1 0.998691 
-0.456865 -0.555281 -6.20629 0.0025 0.611231 0.502024 2.05338 0.00818022 22 4 1 0.998364 
-0.45282 -0.529666 -7.39392 0.0025 0.626016 0.519102 2.07309 0.00798702 23 4 1 0.998012 
-0.448876 -0.500693 -8.45645 0.0025 0.642908 0.538818 2.09528 0.00777716 24 4 1 0.997776 
-0.445041 -0.469514 -9.1952 0.0025 0.661474 0.560727 2.11927 0.00755887 25 4 1 0.997676 
-0.441315 -0.437275 -9.69786 0.0025 0.68114 0.584204 2.14425 0.00734063 26 4 1 0.997682 
-0.437698 -0.404904 -10.005 0.0025 0.701443 0.608728 2.16958 0.00712816 27 4 1 0.997761 
-0.434185 -0.372862 -10.1623 0.0025 0.722024 0.633877 2.19482 0.00692498 28 4 1 0.997864 
-0.430772 -0.341444 -10.2974 0.0025 0.742692 0.659423 2.21973 0.00673226 29 4 1 0.997979 
-0.427452 -0.310755 -10.3708 0.0025 0.763351 0.685242 2.24422 0.00655007 30 4 1 0.998095 
-0.42422 -0.280849 -10.4305 0.0025 0.783926 0.711237 2.26821 0.00637815 31 4 1 0.998206 
-0.421072 -0.251765 -10.4737 0.0025 0.804389 0.737362 2.2917 0.0062159 32 4 1 0.998317 
-0.418003 -0.223468 -10.4748 0.0025 0.824693 0.763548 2.31466 0.00606286 33 4 1 0.998419 
-0.415009 -0.195903 -10.5002 0.0025 0.844823 0.789766 2.33709 0.0059184 34 4 1 0.998517 
-0.412084 -0.169162 -10.4839 0.0025 0.864767 0.815991 2.359 0.0057819 35 4 1 0.998619 
-0.409226 -0.143269 -10.37 0.0025 0.884445 0.842097 2.38032 0.00565326 36 4 1 0.998688 
-0.40643 -0.118141 -10.5017 0.0025 0.903973 0.868228 2.40119 0.00553114 37 4 1 0.998707 
-0.403694 -0.0929228 -11.0209 0.0025 0.923702 0.8949 2.42205 0.005413 38 4 1 0.998871 
-0.401016 -0.0681805 -10.2052 0.0025 0.942829 0.921026 2.44204 0.00530319 39 4 1 0.999284 
-0.39839 -0.0485617 -6.90386 0.0025 0.958876 0.942959 2.45848 0.00521444 40 4 1 0.999326 
-0.395802 -0.0335086 -7.91125 0.0025 0.973515 0.96292 2.47323 0.00513603 41 4 1 0.998538 
-0.393254 -0.00805874 -16.2937 0.0025 0.994591 0.99242 2.49471 0.00502719 42 4 1 0.998405 
-0.390773 0.0268066 -14.4482 0.0025 1.01957 1.02795 2.51992 0.00490404 43 4 1 0.999819 
-0.388349 0.0423398 -1.73512 0.0025 1.03332 1.04734 2.53335 0.00483876 44 4 1 1.00002 
-0.385935 0.0410611 1.67688 0.0025 1.03374 1.04766 2.53356 0.00483682 45 3 1 1.00001 
-0.383512 0.0362669 2.6054 0.0025 1.0296 1.04174 2.52945 0.00485627 46 4 1 0.999959 
-0.381078 0.0302549 3.05097 0.0025 1.0244 1.03437 2.5243 0.00488089 47 4 1 0.999927 
-0.378631 0.023851 3.12835 0.0025 1.01902 1.02675 2.51896 0.00490665 48 4 1 0.999918 
-0.376172 0.017758 2.87612 0.0025 1.01403 1.01969 2.51399 0.00493083 49 4 1 0.999926 
-0.3737 0.0124959 2.40734 0.0025 1.00979 1.01372 2.50976 0.00495151 50 4 1 0.999945 
-0.37122 0.00832666 1.85372 0.0025 1.00648 1.00907 2.50646 0.00496779 51 4 1 0.999965 
-0.368733 0.00526795 1.3259 0.0025 1.00408 1.0057 2.50406 0.00497968 52 4 1 0.999981 
-0.36624 0.00317268 0.888169 0.0025 1.00245 1.00341 2.50243 0.00498779 53 4 1 0.999991 
-0.363745 0.00182296 0.560848 0.0025 1.0014 1.00195 2.50139 0.004993 54 4 1 0.999996 
-0.361247 0.00100083 0.335455 0.0025 1.00077 1.00107 2.50076 0.00499616 55 4 1 0.999999 
-0.358749 0.000525486 0.190653 0.0025 1.0004 1.00056 2.5004 0.00499799 56 4 1 1 
-0.356249 0.000263959 0.103161 0.0025 1.0002 1.00028 2.5002 0.00499899 57 4 1 1 
-0.35375 0.00012684 0.0531971 0.0025 1.0001 1.00013 2.5001 0.00499952 58 4 1 1 
-0.35125 5.82849e-05 0.026154 0.0025 1.00004 1.00006 2.50004 0.00499978 59 4 1 1 
-0.34875 2.55952e-05 0.0122587 0.0025 1.00002 1.00003 2.50002 0.0049999 60 4 1 1 
-0.34625 1.07321e-05 0.00547562 0.0025 1.00001 1.00001 2.50001 0.00499996 61 4 1 1 
-0.34375 4.29185e-06 0.00232922 0.0025 1 1 2.5 0.00499998 62 4 1 1 
-0.34125 1.63465e-06 0.000942637 0.0025 1 1 2.5 0.00499999 63 4 1 1 
-0.33875 5.91914e-07 0.000362456 0.0025 1 1 2.5 0.005 64 4 1 1 
-0.33625 2.03317e-07 0.000132185 0.0025 1 1 2.5 0.005 65 4 1 1 
-0.33375 6.6059e-08 4.56177e-05 0.0025 1 1 2.5 0.005 66 4 1 1 
-0.33125 2.0227e-08 1.48527e-05 0.0025 1 1 2.5 0.005 67 4 1 1 
-0.32875 5.80818e-09 4.54437e-06 0.0025 1 1 2.5 0.005 68 4 1 1 
-0.32625 1.5537e-09 1.29956e-06 0.0025 1 1 2.5 0.005 69 4 1 1 
-0.32375 3.83488e-10 3.44729e-07 0.0025 1 1 2.5 0.005 70 4 1 1 
-0.32125 8.61104e-11 8.39102e-08 0.0025 1 1 2.5 0.005 71 4 1 1 
-0.31875 1.71863e-11 1.83985e-08 0.0025 1 1 2.5 0.005 72 4 1 1 
-0.31625 2.92455e-12 3.53521e-09 0.0025 1 1 2.5 0.005 73 4 1 1 
-0.31375 3.91321e-13 5.67525e-10 0.0025 1 1 2.5 0.005 74 4 1 1 
-0.31125 2.79685e-14 6.03677e-11 0.0025 1 1 2.5 0.005 75 4 1 1 
-0.30875 -1.79051e-15 -7.95808e-13 0.0025 1 1 2.5 0.005 76 5 1 1 
-0.30625 -3.44464e-17 -1.13687e-13 0.0025 1 1 2.5 0.005 77 5 1 1 
-0.30375 -6.79336e-48 -2.24208e-44 0.0025 1 1 2.5 0.005 78 5 1 1 
-0.30125 0 0 0.0025 1 1 2.5 0.005 79 5 1 1 
-0.29875 0 0 0.0025 1 1 2.5 0.005 80 5 1 1 
-0.29625 0 0 0.0025 1 1 2.5 0.005 81 5 1 1 
-0.29375 0 0 0.0025 1 1 2.5 0.005 82 5 1 1 
-0.29125 0 0 0.0025 1 1 2.5 0.005 83 5 1 1 
-0.28875 0 0 0.0025 1 1 2.5 0.005 84 5 1 1 
-0.28625 0 0 0.0025 1 1 2.5 0.005 85 5 1 1 
-0.28375 0 0 0.0025 1 1 2.5 0.005 86 5 1 1 
-0.28125 0 0 0.0025 1 1 2.5 0.005 87 5 1 1 
-0.27875 0 0 0.0025 1 1 2.5 0.005 88 5 1 1 
-0.27625 0 0 0.0025 1 1 2.5 0.005 89 5 1 1 
-0.27375 0 0 0.0025 1 1 2.5 0.005 90 5 1 1 
-0.27125 0 0 0.0025 1 1 2.5 0.005 91 5 1 1 
-0.26875 0 0 0.0025 1 1 2.5 0.005 92 5 1 1 
-0.26625 0 0 0.0025 1 1 2.5 0.005 93 5 1 1 
-0.26375 0 0 0.0025 1 1 2.5 0.005 94 5 1 1 
-0.26125 0 0 0.0025 1 1 2.5 0.005 95 5 1 1 
-0.25875 0 0 0.0025 1 1 2.5 0.005 96 5 1 1 
-0.25625 0 0 0.0025 1 1 2.5 0.005 97 5 1 1 
-0.25375 0 0 0.0025 1 1 2.5 0.005 98 5 1 1 
-0.25125 0 0 0.0025 1 1 2.5 0.005 99 5 1 1 
-0.24875 0 0 0.0025 1 1 2.5 0.005 100 5 1 1 
-0.24625 0 0 0.0025 1 1 2.5 0.005 101 5 1 1 
-0.24375 0 0 0.0025 1 1 2.5 0.005 102 5 1 1 
-0.24125 0 0 0.0025 1 1 2.5 0.005 103 5 1 1 
-0.23875 0 0 0.0025 1 1 2.5 0.005 104 5 1 1 
-0.23625 0 0 0.0025 1 1 2.5 0.005 105 5 1 1 
-0.23375 0 0 0.0025 1 1 2.5 0.005 106 5 1 1 
-0.23125 0 0 0.0025 1 1 2.5 0.005 107 5 1 1 
-0.22875 0 0 0.0025 1 1 2.5 0.005 108 5 1 1 
-0.22625 0 0 0.0025 1 1 2.5 0.005 109 5 1 1 
-0.22375 0 0 0.0025 1 1 2.5 0.005 110 5 1 1 
-0.22125 0 0 0.0025 1 1 2.5 0.005 111 5 1 1 
-0.21875 0 0 0.0025 1 1 2.5 0.005 112 5 1 1 
-0.21625 0 0 0.0025 1 1 2.5 0.005 113 5 1 1 
-0.21375 0 0 0.0025 1 1 2.5 0.005 114 5 1 1 
-0.21125 0 0 0.0025 1 1 2.5 0.005 115 5 1 1 
-0.20875 0 0 0.0025 1 1 2.5 0.005 116 5 1 1 
-0.20625 0 0 0.0025 1 1 2.5 0.005 117 5 1 1 
-0.20375 0 0 0.0025 1 1 2.5 0.005 118 5 1 1 
-0.20125 0 0 0.0025 1 1 2.5 0.005 119 5 1 1 
-0.19875 0 0 0.0025 1 1 2.5 0.005 120 5 1 1 
-0.19625 0 0 0.0025 1 1 2.5 0.005 121 5 1 1 
-0.19375 0 0 0.0025 1 1 2.5 0.005 122 5 1 1 
-0.19125 0 0 0.0025 1 1 2.5 0.005 123 5 1 1 
-0.18875 0 0 0.0025 1 1 2.5 0.005 124 5 1 1 
-0.18625 0 0 0.0025 1 1 2.5 0.005 125 5 1 1 
-0.18375 0 0 0.0025 1 1 2.5 0.005 126 5 1 1 
-0.18125 0 0 0.0025 1 1 2.5 0.005 127 5 1 1 
-0.17875 0 0 0.0025 1 1 2.5 0.005 128 5 1 1 
-0.17625 0 0 0.0025 1 1 2.5 0.005 129 5 1 1 
-0.17375 0 0 0.0025 1 1 2.5 0.005 130 5 1 1 
-0.17125 0 0 0.0025 1 1 2.5 0.005 131 5 1 1 
-0.16875 0 0 0.0025 1 1 2.5 0.005 132 5 1 1 
-0.16625 0 0 0.0025 1 1 2.5 0.005 133 5 1 1 
-0.16375 0 0 0.0025 1 1 2.5 0.005 134 5 1 1 
-0.16125 0 0 0.0025 1 1 2.5 0.005 135 5 1 1 
-0.15875 0 0 0.0025 1 1 2.5 0.005 136 5 1 1 
-0.15625 0 0 0.0025 1 1 2.5 0.005 137 5 1 1 
-0.15375 0 0 0.0025 1 1 2.5 0.005 138 5 1 1 
-0.15125 0 0 0.0025 1 1 2.5 0.005 139 5 1 1 
-0.14875 0 0 0.0025 1 1 2.5 0.005 140 5 1 1 
-0.14625 0 0 0.0025 1 1 2.5 0.005 141 5 1 1 
-0.14375 0 0 0.0025 1 1 2.5 0.005 142 5 1 1 
-0.14125 0 0 0.0025 1 1 2.5 0.005 143 5 1 1 
-0.13875 0 0 0.0025 1 1 2.5 0.005 144 5 1 1 
-0.13625 0 0 0.0025 1 1 2.5 0.005 145 5 1 1 
-0.13375 0 0 0.0025 1 1 2.5 0.005 146 5 1 1 
-0.13125 0 0 0.0025 1 1 2.5 0.005 147 5 1 1 
-0.12875 0 0 0.0025 1 1 2.5 0.005 148 5 1 1 
-0.12625 0 0 0.0025 1 1 2.5 0.005 149 5 1 1 
-0.12375 0 0 0.0025 1 1 2.5 0.005 150 5 1 1 
-0.12125 0 0 0.0025 1 1 2.5 0.005 151 5 1 1 
-0.11875 0 0 0.0025 1 1 2.5 0.005 152 5 1 1 
-0.11625 0 0 0.0025 1 1 2.5 0.005 153 5 1 1 
-0.11375 0 0 0.0025 1 1 2.5 0.005 154 5 1 1 
-0.11125 0 0 0.0025 1 1 2.5 0.005 155 5 1 1 
-0.10875 0 0 0.0025 1 1 2.5 0.005 156 5 1 1 
-0.10625 0 0 0.0025 1 1 2.5 0.005 157 5 1 1 
-0.10375 0 0 0.0025 1 1 2.5 0.005 158 5 1 1 
-0.10125 0 0 0.0025 1 1 2.5 0.005 159 5 1 1 
-0.09875 0 0 0.0025 1 1 2.5 0.005 160 5 1 1 
-0.09625 0 0 0.0025 1 1 2.5 0.005 161 5 1 1 
-0.09375 0 0 0.0025 1 1 2.5 0.005 162 5 1 1 
-0.09125 0 0 0.0025 1 1 2.5 0.005 163 5 1 1 
-0.08875 0 0 0.0025 1 1 2.5 0.005 164 5 1 1 
-0.08625 0 0 0.0025 1 1 2.5 0.005 165 5 1 1 
-0.08375 0 0 0.0025 1 1 2.5 0.005 166 5 1 1 
-0.08125 0 0 0.0025 1 1 2.5 0.005 167 5 1 1 
-0.07875 0 0 0.0025 1 1 2.5 0.005 168 5 1 1 
-0.07625 0 0 0.0025 1 1 2.5 0.005 169 5 1 1 
-0.07375 0 0 0.0025 1 1 2.5 0.005 170 5 1 1 
-0.07125 0 0 0.0025 1 1 2.5 0.005 171 5 1 1 
-0.06875 0 0 0.0025 1 1 2.5 0.005 172 5 1 1 
-0.06625 0 0 0.0025 1 1 2.5 0.005 173 5 1 1 
-0.06375 0 0 0.0025 1 1 2.5 0.005 174 5 1 1 
-0.06125 -4.41033e-47 -1.12104e-44 0.0025 1 1 2.5 0.005 175 5 1 1 
-0.05875 -6.87638e-17 -1.12104e-44 0.0025 1 1 2.5 0.005 176 5 1 1 
-0.05625 -2.05928e-16 0 0.0025 1 1 2.5 0.005 177 5 1 1 
-0.05375 -3.42134e-16 0 0.0025 1 1 2.5 0.005 178 5 1 1 
-0.05125 -5.28646e-16 -5.68434e-14 0.0025 1 1 2.5 0.005 179 5 1 1 
-0.04875 -6.96605e-16 5.68434e-14 0.0025 1 1 2.5 0.005 180 5 1 1 
-0.04625 -9.31916e-16 -5.68434e-14 0.0025 1 1 2.5 0.005 181 5 1 1 
-0.04375 -1.16437e-15 5.68434e-14 0.0025 1 1 2.5 0.005 182 5 1 1 
-0.04125 -1.39244e-15 -5.68434e-14 0.0025 1 1 2.5 0.005 183 5 1 1 
-0.03875 -1.61139e-15 5.68434e-14 0.0025 1 1 2.5 0.005 184 5 1 1 
-0.03625 -1.78771e-15 -5.52203e-28 0.0025 1 1 2.5 0.005 185 5 1 1 
-0.03375 -3.39381e-15 -3.15544e-28 0.0025 1 1 2.5 0.005 186 4 1 1 
-0.03125 3.102e-16 6.31089e-28 0.0025 1 1 2.5 0.005 187 3 1 1 
-0.02875 5.45112e-18 -8.96831e-44 0.0025 1 1 2.5 0.005 188 3 1 1 
-0.02625 -8.11433e-16 -6.31089e-28 0.0025 1 1 2.5 0.005 189 3 1 1 
-0.02375 6.03671e-16 3.15544e-28 0.0025 1 1 2.5 0.005 190 4 1 1 
-0.02125 -6.77742e-16 -5.68434e-14 0.0025 1 1 2.5 0.005 191 5 1 1 
-0.01875 -8.21756e-16 -5.68434e-14 0.0025 1 1 2.5 0.005 192 5 1 1 
-0.01625 -2.8515e-15 -5.68434e-14 0.0025 1 1 2.5 0.005 193 4 1 1 
-0.01375 8.65355e-16 -5.68434e-14 0.0025 1 1 2.5 0.005 194 3 1 1 
-0.01125 -2.36681e-16 -1.13687e-13 0.0025 1 1 2.5 0.005 195 3 1 1 
-0.00875 -1.27619e-15 -1.13687e-13 0.0025 1 1 2.5 0.005 196 4 1 1 
-0.00625 3.1917e-16 3.41061e-13 0.0025 1 1 2.5 0.005 197 4 1 1 
-0.00375 -3.52776e-17 -1.13687e-13 0.0025 1 1 2.5 0.005 198 3 1 1 
-0.00125 -1.02259e-16 0 0.0025 1 1 2.5 0.005 199 3 1 1 
0.00125 -2.35115e-16 3.9443e-29 0.0025 1 1 2.5 0.005 200 4 1 1 
0.00375 -8.87835e-17 2.27374e-13 0.0025 1 1 2.5 0.005 201 3 1 1 
0.00625 2.36629e-16 -4.54747e-13 0.0025 1 1 2.5 0.005 202 3 1 1 
0.00875 8.02799e-16 2.27374e-13 0.0025 1 1 2.5 0.005 203 3 1 1 
0.01125 3.72286e-16 -5.91646e-28 0.0025 1 1 2.5 0.005 204 4 1 1 
0.01375 4.79659e-16 -1.57772e-28 0.0025 1 1 2.5 0.005 205 4 1 1 
0.01625 -8.55806e-16 5.91646e-28 0.0025 1 1 2.5 0.005 206 4 1 1 
0.01875 -2.57656e-15 2.07076e-28 0.0025 1 1 2.5 0.005 207 5 1 1 
0.02125 -5.72468e-16 1.13687e-13 0.0025 1 1 2.5 0.005 208 5 1 1 
0.02375 -1.84843e-15 5.68434e-14 0.0025 1 1 2.5 0.005 209 4 1 1 
0.02625 2.0973e-15 -5.68434e-14 0.0025 1 1 2.5 0.005 210 3 1 1 
0.02875 1.02405e-15 -2.76101e-28 0.0025 1 1 2.5 0.005 211 3 1 1 
0.03125 4.80798e-15 5.68434e-14 0.0025 1 1 2.5 0.005 212 4 1 1 
0.03375 3.10229e-15 -5.68434e-14 0.0025 1 1 2.5 0.005 213 5 1 1 
0.03625 2.70568e-15 -5.68434e-14 0.0025 1 1 2.5 0.005 214 5 1 1 
0.03875 2.19475e-15 1.13687e-13 0.0025 1 1 2.5 0.005 215 5 1 1 
0.04125 1.65999e-15 2.24208e-44 0.0025 1 1 2.5 0.005 216 5 1 1 
0.04375 1.1878e-15 4.48416e-44 0.0025 1 1 2.5 0.005 217 5 1 1 
0.04625 8.85057e-16 2.24208e-44 0.0025 1 1 2.5 0.005 218 5 1 1 
0.04875 6.4834e-16 0 0.0025 1 1 2.5 0.005 219 5 1 1 
0.05125 4.27692e-16 5.68434e-14 0.0025 1 1 2.5 0.005 220 5 1 1 
0.05375 2.57255e-16 -5.68434e-14 0.0025 1 1 2.5 0.005 221 5 1 1 
0.05625 1.20325e-16 5.68434e-14 0.0025 1 1 2.5 0.005 222 5 1 1 
0.05875 9.1553e-47 1.12104e-44 0.0025 1 1 2.5 0.005 223 5 1 1 
0.06125 0 0 0.0025 1 1 2.5 0.005 224 5 1 1 
0.06375 0 0 0.0025 1 1 2.5 0.005 225 5 1 1 
0.06625 0 0 0.0025 1 1 2.5 0.005 226 5 1 1 
0.06875 0 0 0.0025 1 1 2.5 0.005 227 5 1 1 
0.07125 0 0 0.0025 1 1 2.5 0.005 228 5 1 1 
0.07375 0 0 0.0025 1 1 2.5 0.005 229 5 1 1 
0.07625 0 0 0.0025 1 1 2.5 0.005 230 5 1 1 
0.07875 0 0 0.0025 1 1 2.5 0.005 231 5 1 1 
0.08125 0 0 0.0025 1 1 2.5 0.005 232 5 1 1 
0.08375 0 0 0.0025 1 1 2.5 0.005 233 5 1 1 
0.08625 0 0 0.0025 1 1 2.5 0.005 234 5 1 1 
0.08875 0 0 0.0025 1 1 2.5 0.005 235 5 1 1 
0.09125 0 0 0.0025 1 1 2.5 0.005 236 5 1 1 
0.09375 -5.75763e-46 -1.12104e-44 0.0025 1 1 2.5 0.005 237 5 1 1 
0.09625 -1.69188e-16 0 0.0025 1 1 2.5 0.005 238 5 1 1 
0.09875 -3.37357e-16 1.12104e-44 0.0025 1 1 2.5 0.005 239 5 1 1 
0.10125 1.14117e-15 0 0.0025 1 1 2.5 0.005 240 5 1 1 
0.10375 9.58551e-16 5.68434e-14 0.0025 1 1 2.5 0.005 241 5 1 1 
0.10625 3.87529e-15 -1.34525e-43 0.0025 1 1 2.5 0.005 242 5 1 1 
0.10875 2.576e-15 -5.68434e-14 0.0025 1 1 2.5 0.005 243 5 1 1 
0.11125 1.93185e-15 -1.13687e-13 0.0025 1 1 2.5 0.005 244 5 1 1 
0.11375 -9.05681e-16 2.57839e-43 0.0025 1 1 2.5 0.005 245 5 1 1 
0.11625 -1.02383e-15 -1.23314e-43 0.0025 1 1 2.5 0.005 246 5 1 1 
0.11875 -4.00557e-15 1.13687e-13 0.0025 1 1 2.5 0.005 247 5 1 1 
0.12125 -3.71945e-16 3.97904e-13 0.0025 1 1 2.5 0.005 248 5 1 1 
0.12375 -3.30138e-15 3.97904e-13 0.0025 1 1 2.5 0.005 249 4 1 1 
0.12625 3.30138e-15 -3.97904e-13 0.0025 1 1 2.5 0.005 250 4 1 1 
0.12875 3.71945e-16 -3.97904e-13 0.0025 1 1 2.5 0.005 251 5 1 1 
0.13125 4.00557e-15 -1.13687e-13 0.0025 1 1 2.5 0.005 252 5 1 1 
0.13375 1.02383e-15 1.23314e-43 0.0025 1 1 2.5 0.005 253 5 1 1 
0.13625 9.05681e-16 -2.57839e-43 0.0025 1 1 2.5 0.005 254 5 1 1 
0.13875 -1.93185e-15 1.13687e-13 0.0025 1 1 2.5 0.005 255 5 1 1 
0.14125 -2.576e-15 5.68434e-14 0.0025 1 1 2.5 0.005 256 5 1 1 
0.14375 -3.87529e-15 1.34525e-43 0.0025 1 1 2.5 0.005 257 5 1 1 
0.14625 -9.58551e-16 -5.68434e-14 0.0025 1 1 2.5 0.005 258 5 1 1 
0.14875 -1.14117e-15 0 0.0025 1 1 2.5 0.005 259 5 1 1 
0.15125 3.37357e-16 -1.12104e-44 0.0025 1 1 2.5 0.005 260 5 1 1 
0.15375 1.69188e-16 0 0.0025 1 1 2.5 0.005 261 5 1 1 
0.15625 5.75763e-46 1.12104e-44 0.0025 1 1 2.5 0.005 262 5 1 1 
0.15875 0 0 0.0025 1 1 2.5 0.005 263 5 1 1 
0.16125 0 0 0.0025 1 1 2.5 0.005 264 5 1 1 
0.16375 0 0 0.0025 1 1 2.5 0.005 265 5 1 1 
0.16625 0 0 0.0025 1 1 2.5 0.005 266 5 1 1 
0.16875 0 0 0.0025 1 1 2.5 0.005 267 5 1 1 
0.17125 0 0 0.0025 1 1 2.5 0.005 268 5 1 1 
0.17375 0 0 0.0025 1 1 2.5 0.005 269 5 1 1 
0.17625 0 0 0.0025 1 1 2.5 0.005 270 5 1 1 
0.17875 0 0 0.0025 1 1 2.5 0.005 271 5 1 1 
0.18125 0 0 0.0025 1 1 2.5 0.005 272 5 1 1 
0.18375 0 0 0.0025 1 1 2.5 0.005 273 5 1 1 
0.18625 0 0 0.0025 1 1 2.5 0.005 274 5 1 1 
0.18875 0 0 0.0025 1 1 2.5 0.005 275 5 1 1 
0.19125 0 0 0.0025 1 1 2.5 0.005 276 5 1 1 
0.19375 0 0 0.0025 1 1 2.5 0.005 277 5 1 1 
0.19625 0 0 0.0025 1 1 2.5 0.005 278 5 1 1 
0.19875 0 0 0.0025 1 1 2.5 0.005 279 5 1 1 
0.20125 -1.79549e-46 -1.12104e-44 0.0025 1 1 2.5 0.005 280 5 1 1 
0.20375 -6.85718e-17 -1.12104e-44 0.0025 1 1 2.5 0.005 281 5 1 1 
0.20625 -2.05192e-16 0 0.0025 1 1 2.5 0.005 282 5 1 1 
0.20875 -3.75697e-16 0 0.0025 1 1 2.5 0.005 283 5 1 1 
0.21125 -5.45239e-16 1.12104e-44 0.0025 1 1 2.5 0.005 284 5 1 1 
0.21375 -6.79199e-16 1.12104e-44 0.0025 1 1 2.5 0.005 285 5 1 1 
0.21625 -4.33088e-16 0 0.0025 1 1 2.5 0.005 286 5 1 1 
0.21875 -6.48355e-16 5.68434e-14 0.0025 1 1 2.5 0.005 287 5 1 1 
0.22125 2.51331e-15 5.68434e-14 0.0025 1 1 2.5 0.005 288 5 1 1 
0.22375 8.32774e-16 1.13687e-13 0.0025 1 1 2.5 0.005 289 5 1 1 
0.22625 -2.60143e-16 2.27374e-13 0.0025 1 1 2.5 0.005 290 5 1 1 
0.22875 -1.98372e-15 5.68434e-14 0.0025 1 1 2.5 0.005 291 5 1 1 
0.23125 3.33674e-15 -5.68434e-14 0.0025 1 1 2.5 0.005 292 5 1 1 
0.23375 1.19894e-15 1.7053e-13 0.0025 1 1 2.5 0.005 293 5 1 1 
0.23625 2.36064e-15 3.97904e-13 0.0025 1 1 2.5 0.005 294 5 1 1 
0.23875 -1.24065e-15 4.54747e-13 0.0025 1 1 2.5 0.005 295 5 1 1 
0.24125 2.67383e-15 -7.38964e-13 0.0025 1 1 2.5 0.005 296 5 1 1 
0.24375 -1.96839e-15 -7.38964e-13 0.0025 1 1 2.5 0.005 297 5 1 1 
0.24625 3.75605e-15 7.95808e-13 0.0025 1 1 2.5 0.005 298 5 1 1 
0.24875 -2.07689e-15 7.38964e-13 0.0025 1 1 2.5 0.005 299 3 1 1 
0.25125 2.07689e-15 -7.38964e-13 0.0025 1 1 2.5 0.005 300 3 1 1 
0.25375 -3.75605e-15 -7.95808e-13 0.0025 1 1 2.5 0.005 301 5 1 1 
0.25625 1.96839e-15 7.38964e-13 0.0025 1 1 2.5 0.005 302 5 1 1 
0.25875 -2.67383e-15 7.38964e-13 0.0025 1 1 2.5 0.005 303 5 1 1 
0.26125 1.24065e-15 -4.54747e-13 0.0025 1 1 2.5 0.005 304 5 1 1 
0.26375 -2.36064e-15 -3.97904e-13 0.0025 1 1 2.5 0.005 305 5 1 1 
0.26625 -1.19894e-15 -1.7053e-13 0.0025 1 1 2.5 0.005 306 5 1 1 
0.26875 -3.33674e-15 5.68434e-14 0.0025 1 1 2.5 0.005 307 5 1 1 
0.27125 1.98372e-15 -5.68434e-14 0.0025 1 1 2.5 0.005 308 5 1 1 
0.27375 2.60143e-16 -2.27374e-13 0.0025 1 1 2.5 0.005 309 5 1 1 
0.27625 -8.32774e-16 -1.13687e-13 0.0025 1 1 2.5 0.005 310 5 1 1 
0.27875 -2.51331e-15 -5.68434e-14 0.0025 1 1 2.5 0.005 311 5 1 1 
0.28125 6.48355e-16 -5.68434e-14 0.0025 1 1 2.5 0.005 312 5 1 1 
0.28375 4.33088e-16 0 0.0025 1 1 2.5 0.005 313 5 1 1 
0.28625 6.79199e-16 -1.12104e-44 0.0025 1 1 2.5 0.005 314 5 1 1 
0.28875 5.45239e-16 -1.12104e-44 0.0025 1 1 2.5 0.005 315 5 1 1 
0.29125 3.75697e-16 0 0.0025 1 1 2.5 0.005 316 5 1 1 
0.29375 2.05192e-16 0 0.0025 1 1 2.5 0.005 317 5 1 1 
0.29625 6.85718e-17 1.12104e-44 0.0025 1 1 2.5 0.005 318 5 1 1 
0.29875 1.79549e-46 1.12104e-44 0.0025 1 1 2.5 0.005 319 5 1 1 
0.30125 0 0 0.0025 1 1 2.5 0.005 320 5 1 1 
0.30375 6.79336e-48 2.24208e-44 0.0025 1 1 2.5 0.005 321 5 1 1 
0.30625 3.44464e-17 1.13687e-13 0.0025 1 1 2.5 0.005 322 5 1 1 
0.30875 1.79051e-15 7.95808e-13 0.0025 1 1 2.5 0.005 323 5 1 1 
0.31125 -2.79685e-14 -6.03677e-11 0.0025 1 1 2.5 0.005 324 4 1 1 
0.31375 -3.91321e-13 -5.67525e-10 0.0025 1 1 2.5 0.005 325 4 1 1 
0.31625 -2.92455e-12 -3.53521e-09 0.0025 1 1 2.5 0.005 326 4 1 1 
0.31875 -1.71863e-11 -1.83985e-08 0.0025 1 1 2.5 0.005 327 4 1 1 
0.32125 -8.61104e-11 -8.39102e-08 0.0025 1 1 2.5 0.005 328 4 1 1 
0.32375 -3.83488e-10 -3.44729e-07 0.0025 1 1 2.5 0.005 329 4 1 1 
0.32625 -1.5537e-09 -1.29956e-06 0.0025 1 1 2.5 0.005 330 4 1 1 
0.32875 -5.80818e-09 -4.54437e-06 0.0025 1 1 2.5 0.005 331 4 1 1 
0.33125 -2.0227e-08 -1.48527e-05 0.0025 1 1 2.5 0.005 332 4 1 1 
0.33375 -6.6059e-08 -4.56177e-05 0.0025 1 1 2.5 0.005 333 4 1 1 
0.33625 -2.03317e-07 -0.000132185 0.0025 1 1 2.5 0.005 334 4 1 1 
0.33875 -5.91914e-07 -0.000362456 0.0025 1 1 2.5 0.005 335 4 1 1 
0.34125 -1.63465e-06 -0.000942637 0.0025 1 1 2.5 0.00499999 336 4 1 1 
0.34375 -4.29185e-06 -0.00232922 0.0025 1 1 2.5 0.00499998 337 4 1 1 
0.34625 -1.07321e-05 -0.00547562 0.0025 1.00001 1.00001 2.50001 0.00499996 338 4 1 1 
0.34875 -2.55952e-05 -0.0122587 0.0025 1.00002 1.00003 2.50002 0.0049999 339 4 1 1 
0.35125 -5.82849e-05 -0.026154 0.0025 1.00004 1.00006 2.50004 0.00499978 340 4 1 1 
0.35375 -0.00012684 -0.0531971 0.0025 1.0001 1.00013 2.5001 0.00499952 341 4 1 1 
0.356249 -0.000263959 -0.103161 0.0025 1.0002 1.00028 2.5002 0.00499899 342 4 1 1 
0.358749 -0.000525486 -0.190653 0.0025 1.0004 1.00056 2.5004 0.00499799 343 4 1 1 
0.361247 -0.00100083 -0.335455 0.0025 1.00077 1.00107 2.50076 0.00499616 344 4 1 0.999999 
0.363745 -0.00182296 -0.560848 0.0025 1.0014 1.00195 2.50139 0.004993 345 4 1 0.999996 
0.36624 -0.00317268 -0.888169 0.0025 1.00245 1.00341 2.50243 0.00498779 346 4 1 0.999991 
0.368733 -0.00526795 -1.3259 0.0025 1.00408 1.0057 2.50406 0.00497968 347 4 1 0.999981 
0.37122 -0.00832666 -1.85372 0.0025 1.00648 1.00907 2.50646 0.00496779 348 4 1 0.999965 
0.3737 -0.0124959 -2.40734 0.0025 1.00979 1.01372 2.50976 0.00495151 349 4 1 0.999945 
0.376172 -0.017758 -2.87612 0.0025 1.01403 1.01969 2.51399 0.00493083 350 4 1 0.999926 
0.378631 -0.023851 -3.12835 0.0025 1.01902 1.02675 2.51896 0.00490665 351 4 1 0.999918 
0.381078 -0.0302549 -3.05097 0.0025 1.0244 1.03437 2.5243 0.00488089 352 4 1 0.999927 
0.383512 -0.0362669 -2.6054 0.0025 1.0296 1.04174 2.52945 0.00485627 353 4 1 0.999959 
0.385935 -0.0410611 -1.67688 0.0025 1.03374 1.04766 2.53356 0.00483682 354 3 1 1.00001 
0.388349 -0.0423398 1.73512 0.0025 1.03332 1.04734 2.53335 0.00483876 355 4 1 1.00002 
0.390773 -0.0268066 14.4482 0.0025 1.01957 1.02795 2.51992 0.00490404 356 4 1 0.999819 
0.393254 0.00805874 16.2937 0.0025 0.994591 0.99242 2.49471 0.00502719 357 4 1 0.998405 
0.395802 0.0335086 7.91125 0.0025 0.973515 0.96292 2.47323 0.00513603 358 4 1 0.998538 
0.39839 0.0485617 6.90386 0.0025 0.958876 0.942959 2.45848 0.00521444 359 4 1 0.999326 
0.401016 0.0681805 10.2052 0.0025 0.942829 0.921026 2.44204 0.00530319 360 4 1 0.999284 
0.403694 0.0929228 11.0209 0.0025 0.923702 0.8949 2.42205 0.005413 361 4 1 0.998871 
0.40643 0.118141 10.5017 0.0025 0.903973 0.868228 2.40119 0.00553114 362 4 1 0.998707 
0.409226 0.143269 10.37 0.0025 0.884445 0.842097 2.38032 0.00565326 363 4 1 0.998688 
0.412084 0.169162 10.4839 0.0025 0.864767 0.815991 2.359 0.0057819 364 4 1 0.998619 
0.415009 0.195903 10.5002 0.0025 0.844823 0.789766 2.33709 0.0059184 365 4 1 0.998517 
0.418003 0.223468 10.4748 0.0025 0.824693 0.763548 2.31466 0.00606286 366 4 1 0.998419 
0.421072 0.251765 10.4737 0.0025 0.804389 0.737362 2.2917 0.0062159 367 4 1 0.998317 
0.42422 0.280849 10.4305 0.0025 0.783926 0.711237 2.26821 0.00637815 368 4 1 0.998206 
0.427452 0.310755 10.3708 0.0025 0.763351 0.685242 2.24422 0.00655007 369 4 1 0.998095 
0.430772 0.341444 10.2974 0.0025 0.742692 0.659423 2.21973 0.00673226 370 4 1 0.997979 
0.434185 0.372862 10.1623 0.0025 0.722024 0.633877 2.19482 0.00692498 371 4 1 0.997864 
0.437698 0.404904 10.005 0.0025 0.701443 0.608728 2.16958 0.00712816 372 4 1 0.997761 
0.441315 0.437275 9.69786 0.0025 0.68114 0.584204 2.14425 0.00734063 373 4 1 0.997682 
0.445041 0.469514 9.1952 0.0025 0.661474 0.560727 2.11927 0.00755887 374 4 1 0.997676 
0.448876 0.500693 8.45645 0.0025 0.642908 0.538818 2.09528 0.00777716 375 4 1 0.997776 
0.45282 0.529666 7.39392 0.0025 0.626016 0.519102 2.07309 0.00798702 376 4 1 0.998012 
0.456865 0.555281 6.20629 0.0025 0.611231 0.502024 2.05338 0.00818022 377 4 1 0.998364 
0.461001 0.577603 5.39498 0.0025 0.598296 0.487227 2.03591 0.00835706 378 4 1 0.998691 
0.465223 0.599296 5.66221 0.0025 0.585867 0.47313 2.01892 0.00853436 379 4 1 0.9988 
0.469536 0.623925 6.48869 0.0025 0.572516 0.458106 2.0004 0.00873338 380 4 1 0.998598 
0.473957 0.650778 6.1455 0.0025 0.558901 0.442915 1.98123 0.00894613 381 4 1 0.998387 
0.478484 0.672619 3.74433 0.0025 0.548117 0.430984 1.96585 0.00912214 382 4 1 0.998803 
0.48308 0.681754 0.289096 0.0025 0.543086 0.425468 1.95864 0.00920665 383 4 1 0.999682 
0.487691 0.680654 -0.223501 0.0025 0.542446 0.424792 1.95777 0.0092175 384 5 1 0.999993 
0.492298 0.680111 -0.237939 0.0025 0.542845 0.425238 1.95838 0.00921074 385 4 1 0.999998 
0.496901 0.678999 -0.247906 0.0025 0.543316 0.425763 1.95909 0.00920275 386 4 1 0.999997 
0.5015 0.677944 -0.213483 0.0025 0.54385 0.426357 1.9599 0.00919372 387 4 1 0.999998 
0.506095 0.677048 -0.171092 0.0025 0.544321 0.426883 1.96062 0.00918576 388 4 1 0.999999 
0.510686 0.676342 -0.131648 0.0025 0.544701 0.427312 1.96122 0.00917935 389 4 1 0.999999 
0.515274 0.675797 -0.0987784 0.0025 0.544991 0.427644 1.9617 0.00917447 390 4 1 1 
0.519861 0.675384 -0.0748354 0.0025 0.545206 0.427896 1.96208 0.00917084 391 4 1 1 
0.524445 0.675071 -0.057455 0.0025 0.545364 0.428086 1.96239 0.00916819 392 4 1 1 
0.529029 0.674829 -0.0452837 0.0025 0.545476 0.428232 1.96265 0.00916631 393 4 1 1 
0.533612 0.674636 -0.0374637 0.0025 0.545545 0.428336 1.96288 0.00916515 394 3 1 1 
0.538194 0.674474 -0.0321118 0.0025 0.545523 0.428367 1.9631 0.00916552 395 4 1 1 
0.542777 0.67433 -0.028237 0.0025 0.545171 0.428187 1.96354 0.00917144 396 4 1 1 
0.547365 0.6742 -0.0255179 0.0025 0.543604 0.426502 1.96146 0.00919787 397 4 1 0.999988 
0.551975 0.674081 -0.0233012 0.0025 0.530536 0.411101 1.9372 0.00942442 398 4 1 0.999677 
0.556795 0.673968 -0.0209254 0.0025 0.506506 0.439804 2.17077 0.00987154 399 4 1 0.994724 
0.561853 0.673858 -0.0181845 0.0025 0.481016 0.41523 2.15809 0.0103947 400 4 1 0.993715 
0.567199 0.673751 -0.0151344 0.0025 0.458566 0.449691 2.45162 0.0109036 401 4 1 0.993708 
0.572763 0.673648 -0.0119404 0.0025 0.449974 0.430267 2.39051 0.0111117 402 5 1 0.998664 
0.578311 0.673544 -0.00739946 0.0025 0.45158 0.428608 2.37283 0.0110722 403 4 1 0.999968 
0.583835 0.673423 0.00133171 0.0025 0.45319 0.428549 2.36407 0.0110329 404 4 1 0.999988 
0.589344 0.673231 0.0209603 0.0025 0.454208 0.428594 2.35902 0.0110082 405 4 1 0.999999 
0.594843 0.672803 0.0827411 0.0025 0.454659 0.428351 2.35534 0.0109973 406 3 1 1 
0.600341 0.671601 0.265642 0.0025 0.454336 0.427351 2.3515 0.0110051 407 4 1 1 
0.605848 0.668065 0.803702 0.0025 0.452373 0.424357 2.34514 0.0110528 408 4 1 0.999973 
0.611394 0.658713 2.06574 0.0025 0.446688 0.416598 2.33153 0.0111935 409 4 1 0.999717 
0.617043 0.635173 4.99085 0.0025 0.43367 0.39939 2.30228 0.0115295 410 4 1 0.998383 
0.622928 0.58703 9.66064 0.0025 0.40879 0.367117 2.24493 0.0122312 411 4 1 0.993829 
0.629296 0.484252 21.9299 0.0025 0.366514 0.313519 2.13833 0.0136421 412 4 1 0.983148 
0.63666 0.293826 31.9042 0.0025 0.314167 0.250207 1.99114 0.0159151 413 4 1 0.964158 
0.645376 0.104946 21.4985 0.0025 0.273487 0.204193 1.86687 0.0182824 414 4 1 0.962135 
0.655032 0.0170205 6.12112 0.0025 0.254982 0.184559 1.8097 0.0196092 415 4 1 0.986551 
0.664997 7.70506e-05 0.516596 0.0025 0.250413 0.17991 1.79618 0.019967 416 4 1 0.998839 
0.675 -0.000266333 -0.095244 0.0025 0.24996 0.17946 1.79489 0.0200032 417 5 1 0.999987 
0.685 7.10892e-06 -0.00486279 0.0025 0.249995 0.179495 1.79499 0.0200004 418 4 1 1 
0.695 5.57706e-06 0.00095617 0.0025 0.250001 0.179501 1.795 0.0199999 419 3 1 1 
0.705 1.2965e-06 0.000309529 0.0025 0.25 0.1795 1.795 0.02 420 4 1 1 
0.715 2.49273e-07 6.53266e-05 0.0025 0.25 0.1795 1.795 0.02 421 4 1 1 
0.725 4.3442e-08 1.22148e-05 0.0025 0.25 0.1795 1.795 0.02 422 4 1 1 
0.735 6.94639e-09 2.09219e-06 0.0025 0.25 0.1795 1.795 0.02 423 4 1 1 
0.745 1.01892e-09 3.2874e-07 0.0025 0.25 0.1795 1.795 0.02 424 4 1 1 
0.755 1.36629e-10 4.72691e-08 0.0025 0.25 0.1795 1.795 0.02 425 4 1 1 
0.765 1.66712e-11 6.19335e-09 0.0025 0.25 0.1795 1.795 0.02 426 4 1 1 
0.775 1.83439e-12 7.35895e-10 0.0025 0.25 0.1795 1.795 0.02 427 4 1 1 
0.785 1.75457e-13 7.85576e-11 0.0025 0.25 0.1795 1.795 0.02 428 4 1 1 
0.795 9.44005e-15 6.56541e-12 0.0025 0.25 0.1795 1.795 0.02 429 4 1 1 
0.805 6.96891e-16 1.42109e-13 0.0025 0.25 0.1795 1.795 0.02 430 5 1 1 
0.815 3.8737e-17 4.26326e-14 0.0025 0.25 0.1795 1.795 0.02 431 5 1 1 
0.825 1.18804e-47 5.60519e-45 0.0025 0.25 0.1795 1.795 0.02 432 5 1 1 
0.835 0 0 0.0025 0.25 0.1795 1.795 0.02 433 5 1 1 
0.845 0 0 0.0025 0.25 0.1795 1.795 0.02 434 5 1 1 
0.855 0 0 0.0025 0.25 0.1795 1.795 0.02 435 5 1 1 
0.865 0 0 0.0025 0.25 0.1795 1.795 0.02 436 5 1 1 
0.875 0 0 0.0025 0.25 0.1795 1.795 0.02 437 5 1 1 
0.885 0 0 0.0025 0.25 0.1795 1.795 0.02 438 5 1 1 
0.895 0 0 0.0025 0.25 0.1795 1.795 0.02 439 5 1 1 
0.905 -3.64343e-47 -2.8026e-45 0.0025 0.25 0.1795 1.795 0.02 440 5 1 1 
0.915 -1.2944e-46 -8.40779e-45 0.0025 0.25 0.1795 1.795 0.02 441 5 1 1 
0.925 -3.26253e-16 -2.84217e-14 0.0025 0.25 0.1795 1.795 0.02 442 5 1 1 
0.935 -9.29623e-16 -4.26326e-14 0.0025 0.25 0.1795 1.795 0.02 443 5 1 1 
0.945 -2.18509e-15 -4.26326e-14 0.0025 0.25 0.1795 1.795 0.02 444 5 1 1 
0.955 -4.66028e-15 -8.52651e-14 0.0025 0.25 0.1795 1.795 0.02 445 5 1 1 
0.965 -7.09427e-15 4.26326e-14 0.0025 0.25 0.1795 1.795 0.02 446 5 1 1 
0.975 -1.40122e-14 5.68434e-14 0.0025 0.25 0.1795 1.795 0.02 447 5 1 1 
0.985 1.01351e-14 2.27374e-13 0.0025 0.25 0.1795 1.795 0.02 448 5 1 1 
0.995 1.65917e-16 2.41585e-13 0.0025 0.25 0.1795 1.795 0.02 449 3 1 1 
1.005 -1.65917e-16 -2.41585e-13 0.0025 0.25 0.1795 1.795 0.02 450 3 1 1 
1.015 -1.01351e-14 -2.27374e-13 0.0025 0.25 0.1795 1.795 0.02 451 5 1 1 
1.025 1.40122e-14 -5.68434e-14 0.0025 0.25 0.1795 1.795 0.02 452 5 1 1 
1.035 7.09427e-15 -4.26326e-14 0.0025 0.25 0.1795 1.795 0.02 453 5 1 1 
1.045 4.66028e-15 8.52651e-14 0.0025 0.25 0.1795 1.795 0.02 454 5 1 1 
1.055 2.18509e-15 4.26326e-14 0.0025 0.25 0.1795 1.795 0.02 455 5 1 1 
1.065 9.29623e-16 4.26326e-14 0.0025 0.25 0.1795 1.795 0.02 456 5 1 1 
1.075 3.26253e-16 2.84217e-14 0.0025 0.25 0.1795 1.795 0.02 457 5 1 1 
1.085 1.2944e-46 8.40779e-45 0.0025 0.25 0.1795 1.795 0.02 458 5 1 1 
1.095 3.64343e-47 2.8026e-45 0.0025 0.25 0.1795 1.795 0.02 459 5 1 1 
1.105 0 0 0.0025 0.25 0.1795 1.795 0.02 460 5 1 1 
1.115 0 0 0.0025 0.25 0.1795 1.795 0.02 461 5 1 1 
1.125 0 0 0.0025 0.25 0.1795 1.795 0.02 462 5 1 1 
1.135 0 0 0.0025 0.25 0.1795 1.795 0.02 463 5 1 1 
1.145 0 0 0.0025 0.25 0.1795 1.795 0.02 464 5 1 1 
1.155 0 0 0.0025 0.25 0.1795 1.795 0.02 465 5 1 1 
1.165 0 0 0.0025 0.25 0.1795 1.795 0.02 466 5 1 1 
1.175 -1.27296e-47 -8.40779e-45 0.0025 0.25 0.1795 1.795 0.02 467 5 1 1 
1.185 -3.8737e-17 -4.26326e-14 0.0025 0.25 0.1795 1.795 0.02 468 5 1 1 
1.195 -8.51889e-16 -4.54747e-13 0.0025 0.25 0.1795 1.795 0.02 469 5 1 1 
1.205 -7.10259e-15 -3.93641e-12 0.0025 0.25 0.1795 1.795 0.02 470 5 1 1 
1.215 -1.81045e-13 -8.38298e-11 0.0025 0.25 0.1795 1.795 0.02 471 4 1 1 
1.225 -1.85107e-12 -7.32626e-10 0.0025 0.25 0.1795 1.795 0.02 472 4 1 1 
1.235 -1.6636e-11 -6.19329e-09 0.0025 0.25 0.1795 1.795 0.02 473 4 1 1 
1.245 -1.36644e-10 -4.72676e-08 0.0025 0.25 0.1795 1.795 0.02 474 4 1 1 
1.255 -1.0189e-09 -3.28747e-07 0.0025 0.25 0.1795 1.795 0.02 475 4 1 1 
1.265 -6.94638e-09 -2.09218e-06 0.0025 0.25 0.1795 1.795 0.02 476 4 1 1 
1.275 -4.3442e-08 -1.22148e-05 0.0025 0.25 0.1795 1.795 0.02 477 4 1 1 
1.285 -2.49273e-07 -6.53266e-05 0.0025 0.25 0.1795 1.795 0.02 478 4 1 1 
1.295 -1.2965e-06 -0.000309529 0.0025 0.25 0.1795 1.795 0.02 479 4 1 1 
1.305 -5.57706e-06 -0.00095617 0.0025 0.250001 0.179501 1.795 0.0199999 480 3 1 1 
1.315 -7.10892e-06 0.00486279 0.0025 0.249995 0.179495 1.79499 0.0200004 481 4 1 1 
1.325 0.000266333 0.095244 0.0025 0.24996 0.17946 1.79489 0.0200032 482 5 1 0.999987 
1.335 -7.70506e-05 -0.516596 0.0025 0.250413 0.17991 1.79618 0.019967 483 4 1 0.998839 
1.34497 -0.0170205 -6.12112 0.0025 0.254982 0.184559 1.8097 0.0196092 484 4 1 0.986551 
1.35462 -0.104946 -21.4985 0.0025 0.273487 0.204193 1.86687 0.0182824 485 4 1 0.962135 
1.36334 -0.293826 -31.9042 0.0025 0.314167 0.250207 1.99114 0.0159151 486 4 1 0.964158 
1.3707 -0.484252 -21.9299 0.0025 0.366514 0.313519 2.13833 0.0136421 487 4 1 0.983148 
1.37707 -0.58703 -9.66064 0.0025 0.40879 0.367117 2.24493 0.0122312 488 4 1 0.993829 
1.38296 -0.635173 -4.99085 0.0025 0.43367 0.39939 2.30228 0.0115295 489 4 1 0.998383 
1.38861 -0.658713 -2.06574 0.0025 0.446688 0.416598 2.33153 0.0111935 490 4 1 0.999717 
1.39415 -0.668065 -0.803702 0.0025 0.452373 0.424357 2.34514 0.0110528 491 4 1 0.999973 
1.39966 -0.671601 -0.265642 0.0025 0.454336 0.427351 2.3515 0.0110051 492 4 1 1 
1.40516 -0.672803 -0.0827411 0.0025 0.454659 0.428351 2.35534 0.0109973 493 3 1 1 
1.41066 -0.673231 -0.0209603 0.0025 0.454208 0.428594 2.35902 0.0110082 494 4 1 0.999999 
1.41616 -0.673423 -0.00133171 0.0025 0.45319 0.428549 2.36407 0.0110329 495 4 1 0.999988 
1.42169 -0.673544 0.00739946 0.0025 0.45158 0.428608 2.37283 0.0110722 496 4 1 0.999968 
1.42724 -0.673648 0.0119404 0.0025 0.449974 0.430267 2.39051 0.0111117 497 5 1 0.998664 
1.4328 -0.673751 0.0151344 0.0025 0.458566 0.449691 2.45162 0.0109036 498 4 1 0.993708 
1.43815 -0.673858 0.0181845 0.0025 0.481016 0.41523 2.15809 0.0103947 499 4 1 0.993715 
