# Time [s]: 2.66717e+12
# Columns: pos [pc], vel [pc/s], acc [pc/s^2], mass [Msun], dens [g/cm^3], pres [barye], ene [erg/g], sml [pc], id, neighbor, alpha, gradh, ...additional?
4.45625e+16 -673.993 6.98242e-13 4.97118e+27 0.000506492 4.39786 21707.5 3.04644e+14 0 4 1 0.994724 
4.47113e+16 -674.11 7.76596e-13 4.97118e+27 0.00053052 4.11084 19371.7 2.90847e+14 1 4 1 0.999677 
4.48535e+16 -674.231 8.49171e-13 4.97118e+27 0.000543586 4.26482 19614.3 2.83856e+14 2 4 1 0.999989 
4.49951e+16 -674.365 9.36859e-13 4.97118e+27 0.000545151 4.28165 19635.2 2.83041e+14 3 4 1 1 
4.51366e+16 -674.513 1.07099e-12 4.97118e+27 0.0005455 4.28343 19630.7 2.8286e+14 4 4 1 1 
4.5278e+16 -674.682 1.26834e-12 4.97118e+27 0.000545518 4.28307 19628.4 2.8285e+14 5 3 1 1 
4.54194e+16 -674.886 1.5522e-12 4.97118e+27 0.000545444 4.28196 19626.1 2.82889e+14 6 4 1 1 
4.55609e+16 -675.143 1.9861e-12 4.97118e+27 0.000545323 4.28041 19623.3 2.82952e+14 7 4 1 1 
4.57024e+16 -675.478 2.60761e-12 4.97118e+27 0.000545152 4.27836 19620 2.8304e+14 8 4 1 1 
4.58439e+16 -675.921 3.44221e-12 4.97118e+27 0.000544919 4.27565 19616 2.83161e+14 9 4 1 1 
4.59855e+16 -676.507 4.57189e-12 4.97118e+27 0.000544608 4.2721 19610.9 2.83323e+14 10 4 1 0.999999 
4.61272e+16 -677.262 5.93952e-12 4.97118e+27 0.000544202 4.26753 19604.5 2.83534e+14 11 4 1 0.999998 
4.6269e+16 -678.209 7.29048e-12 4.97118e+27 0.000543706 4.26199 19596.9 2.83793e+14 12 4 1 0.999998 
-1.5309e+16 -679.308 8.49434e-12 4.97118e+27 0.000543161 4.25592 19588.7 2.84078e+14 13 4 1 0.999997 
-1.51669e+16 -680.365 5.59221e-12 4.97118e+27 0.000542725 4.25109 19582.1 2.84306e+14 14 4 1 0.999998 
-1.50247e+16 -681.077 1.60986e-11 4.97118e+27 0.000542361 4.24693 19576.4 2.84497e+14 15 5 1 0.999969 
-1.48824e+16 -680.85 -4.0698e-11 4.97118e+27 0.00054385 4.26301 19597.3 2.83718e+14 16 4 1 0.999448 
-1.4741e+16 -667.521 -1.51012e-10 4.97118e+27 0.000550653 4.33783 19694.9 2.80213e+14 17 4 1 0.998577 
-1.46021e+16 -643.095 -2.111e-10 4.97118e+27 0.000562734 4.47179 19866.7 2.74197e+14 18 4 1 0.998393 
-1.44667e+16 -616.164 -2.04503e-10 4.97118e+27 0.000576597 4.62688 20061 2.67604e+14 19 4 1 0.998668 
-1.43345e+16 -592.541 -1.78223e-10 4.97118e+27 0.000589689 4.77454 20241.7 2.61663e+14 20 4 1 0.998782 
-1.4205e+16 -570.956 -1.8124e-10 4.97118e+27 0.000602179 4.91656 20411.8 2.56236e+14 21 4 1 0.998577 
-1.40782e+16 -547.499 -2.15388e-10 4.97118e+27 0.000615726 5.07199 20594.1 2.50598e+14 22 4 1 0.998205 
-1.39544e+16 -520.424 -2.54813e-10 4.97118e+27 0.000631384 5.25345 20801.9 2.44384e+14 23 4 1 0.99787 
-1.38338e+16 -490.207 -2.86814e-10 4.97118e+27 0.000649107 5.46105 21033.4 2.37711e+14 24 4 1 0.997674 
-1.37166e+16 -458.177 -3.08464e-10 4.97118e+27 0.000668351 5.68906 21280.6 2.30867e+14 25 4 1 0.997614 
-1.36029e+16 -425.375 -3.22327e-10 4.97118e+27 0.000688538 5.93107 21535.4 2.24098e+14 26 4 1 0.997648 
-1.34925e+16 -392.653 -3.31133e-10 4.97118e+27 0.000709241 6.18223 21792 2.17557e+14 27 4 1 0.997742 
-1.33853e+16 -360.434 -3.35551e-10 4.97118e+27 0.000730151 6.43889 22046.7 2.11326e+14 28 4 1 0.997856 
-1.32811e+16 -328.862 -3.39361e-10 4.97118e+27 0.000751102 6.699 22297.5 2.05431e+14 29 4 1 0.997976 
-1.31798e+16 -298.089 -3.4153e-10 4.97118e+27 0.000772012 6.96152 22543.7 1.99867e+14 30 4 1 0.998096 
-1.30812e+16 -268.119 -3.43034e-10 4.97118e+27 0.000792817 7.22555 22784.7 1.94623e+14 31 4 1 0.99821 
-1.29851e+16 -238.984 -3.44298e-10 4.97118e+27 0.000813489 7.49067 23020.4 1.89677e+14 32 4 1 0.99832 
-1.28915e+16 -210.679 -3.44765e-10 4.97118e+27 0.000834003 7.75642 23250.8 1.85011e+14 33 4 1 0.998427 
-1.28001e+16 -183.106 -3.44284e-10 4.97118e+27 0.000854317 8.0222 23475.7 1.80612e+14 34 4 1 0.998531 
-1.27108e+16 -156.405 -3.42576e-10 4.97118e+27 0.000874393 8.28733 23694.7 1.76465e+14 35 4 1 0.998624 
-1.26236e+16 -130.622 -3.41102e-10 4.97118e+27 0.000894233 8.55165 23908.2 1.7255e+14 36 4 1 0.99866 
-1.25383e+16 -105.153 -3.55001e-10 4.97118e+27 0.000914137 8.81934 24119.7 1.68793e+14 37 4 1 0.998729 
-1.24548e+16 -79.5063 -3.57504e-10 4.97118e+27 0.000934039 9.09001 24328.9 1.65196e+14 38 4 1 0.999082 
-1.2373e+16 -56.7965 -2.7491e-10 4.97118e+27 0.000951864 9.33391 24513.4 1.62103e+14 39 4 1 0.999377 
-1.22927e+16 -40.6841 -2.087e-10 4.97118e+27 0.000966554 9.53387 24662 1.59639e+14 40 4 1 0.998921 
-1.22134e+16 -21.0427 -4.19232e-10 4.97118e+27 0.000984462 9.78138 24843.8 1.56735e+14 41 4 1 0.998114 
-1.21359e+16 13.0955 -5.78008e-10 4.97118e+27 0.00100979 10.1404 25101.4 1.52805e+14 42 4 1 0.999305 
-1.20606e+16 39.4918 -2.03263e-10 4.97118e+27 0.00102978 10.4242 25299.7 1.49838e+14 43 4 1 1.00004 
-1.19861e+16 42.5228 3.15689e-11 4.97118e+27 0.00103476 10.4918 25346.1 1.49117e+14 44 3 1 1 
-1.19114e+16 38.5984 7.52049e-11 4.97118e+27 0.00103162 10.4463 25314.5 1.49571e+14 45 4 1 0.999983 
-1.18365e+16 32.8893 9.60335e-11 4.97118e+27 0.00102664 10.3754 25265.2 1.50296e+14 46 4 1 0.999935 
-1.17611e+16 26.4678 1.03071e-10 4.97118e+27 0.00102119 10.2982 25211.1 1.51098e+14 47 4 1 0.999917 
-1.16854e+16 20.1041 9.86012e-11 4.97118e+27 0.00101593 10.2237 25158.8 1.5188e+14 48 4 1 0.999919 
-1.16093e+16 14.4154 8.52858e-11 4.97118e+27 0.00101132 10.1588 25112.9 1.52572e+14 49 4 1 0.999936 
-1.15328e+16 9.77277 6.75454e-11 4.97118e+27 0.00100762 10.1067 25076 1.53133e+14 50 4 1 0.999957 
-1.14561e+16 6.27973 4.94716e-11 4.97118e+27 0.00100487 10.0681 25048.5 1.53552e+14 51 4 1 0.999976 
-1.13793e+16 3.83525 3.38091e-11 4.97118e+27 0.00100296 10.0413 25029.5 1.53844e+14 52 4 1 0.999988 
-1.13023e+16 2.23169 2.17175e-11 4.97118e+27 0.00100172 10.0239 25017.1 1.54035e+14 53 4 1 0.999995 
-1.12252e+16 1.23949 1.31849e-11 4.97118e+27 0.00100095 10.0132 25009.4 1.54153e+14 54 4 1 0.999998 
-1.11481e+16 0.657827 7.59391e-12 4.97118e+27 0.0010005 10.007 25005 1.54222e+14 55 4 1 0.999999 
-1.1071e+16 0.333783 4.15912e-12 4.97118e+27 0.00100026 10.0035 25002.5 1.54261e+14 56 4 1 1 
-1.09939e+16 0.161928 2.16895e-12 4.97118e+27 0.00100012 10.0017 25001.2 1.54281e+14 57 4 1 1 
-1.09167e+16 0.075085 1.0776e-12 4.97118e+27 0.00100006 10.0008 25000.6 1.54291e+14 58 4 1 1 
-1.08396e+16 0.0332581 5.10098e-13 4.97118e+27 0.00100003 10.0004 25000.3 1.54296e+14 59 4 1 1 
-1.07624e+16 0.0140602 2.29984e-13 4.97118e+27 0.00100001 10.0001 25000.1 1.54298e+14 60 4 1 1 
-1.06853e+16 0.00566702 9.86992e-14 4.97118e+27 0.001 10.0001 25000 1.54299e+14 61 4 1 1 
-1.06081e+16 0.00217464 4.02798e-14 4.97118e+27 0.001 10 25000 1.543e+14 62 4 1 1 
-1.0531e+16 0.000793102 1.56119e-14 4.97118e+27 0.001 10 25000 1.543e+14 63 4 1 1 
-1.04538e+16 0.000274298 5.73688e-15 4.97118e+27 0.001 10 25000 1.543e+14 64 4 1 1 
-1.03767e+16 8.97118e-05 1.9942e-15 4.97118e+27 0.001 10 25000 1.543e+14 65 4 1 1 
-1.02995e+16 2.76455e-05 6.5382e-16 4.97118e+27 0.001 10 25000 1.543e+14 66 4 1 1 
-1.02224e+16 7.98826e-06 2.0139e-16 4.97118e+27 0.001 10 25000 1.543e+14 67 4 1 1 
-1.01452e+16 2.15012e-06 5.79715e-17 4.97118e+27 0.001 10 25000 1.543e+14 68 4 1 1 
-1.00681e+16 5.34104e-07 1.5479e-17 4.97118e+27 0.001 10 25000 1.543e+14 69 4 1 1 
-9.99092e+15 1.20726e-07 3.79279e-18 4.97118e+27 0.001 10 25000 1.543e+14 70 4 1 1 
-9.91377e+15 2.42889e-08 8.37586e-19 4.97118e+27 0.001 10 25000 1.543e+14 71 4 1 1 
-9.83662e+15 4.16486e-09 1.63232e-19 4.97118e+27 0.001 10 25000 1.543e+14 72 4 1 1 
-9.75947e+15 5.70677e-10 2.54451e-20 4.97118e+27 0.001 10 25000 1.543e+14 73 4 1 1 
-9.68232e+15 4.28229e-11 3.39476e-21 4.97118e+27 0.001 10 25000 1.543e+14 74 4 1 1 
-9.60517e+15 -2.1162e-12 -1.16045e-22 4.97118e+27 0.001 10 25000 1.543e+14 75 5 1 1 
-9.52802e+15 -1.37656e-13 -3.68395e-24 4.97118e+27 0.001 10 25000 1.543e+14 76 5 1 1 
-9.45087e+15 -2.03597e-44 -7.26532e-55 4.97118e+27 0.001 10 25000 1.543e+14 77 5 1 1 
-9.37372e+15 0 0 4.97118e+27 0.001 10 25000 1.543e+14 78 5 1 1 
-9.29657e+15 0 0 4.97118e+27 0.001 10 25000 1.543e+14 79 5 1 1 
-9.21942e+15 0 0 4.97118e+27 0.001 10 25000 1.543e+14 80 5 1 1 
-9.14227e+15 0 0 4.97118e+27 0.001 10 25000 1.543e+14 81 5 1 1 
-9.06512e+15 0 0 4.97118e+27 0.001 10 25000 1.543e+14 82 5 1 1 
-8.98797e+15 0 0 4.97118e+27 0.001 10 25000 1.543e+14 83 5 1 1 
-8.91082e+15 0 0 4.97118e+27 0.001 10 25000 1.543e+14 84 5 1 1 
-8.83367e+15 0 0 4.97118e+27 0.001 10 25000 1.543e+14 85 5 1 1 
-8.75652e+15 0 0 4.97118e+27 0.001 10 25000 1.543e+14 86 5 1 1 
-8.67937e+15 0 0 4.97118e+27 0.001 10 25000 1.543e+14 87 5 1 1 
-8.60222e+15 0 0 4.97118e+27 0.001 10 25000 1.543e+14 88 5 1 1 
-8.52507e+15 0 0 4.97118e+27 0.001 10 25000 1.543e+14 89 5 1 1 
-8.44792e+15 0 0 4.97118e+27 0.001 10 25000 1.543e+14 90 5 1 1 
-8.37077e+15 0 0 4.97118e+27 0.001 10 25000 1.543e+14 91 5 1 1 
-8.29362e+15 0 0 4.97118e+27 0.001 10 25000 1.543e+14 92 5 1 1 
-8.21647e+15 0 0 4.97118e+27 0.001 10 25000 1.543e+14 93 5 1 1 
-8.13932e+15 0 0 4.97118e+27 0.001 10 25000 1.543e+14 94 5 1 1 
-8.06217e+15 0 0 4.97118e+27 0.001 10 25000 1.543e+14 95 5 1 1 
-7.98502e+15 0 0 4.97118e+27 0.001 10 25000 1.543e+14 96 5 1 1 
-7.90787e+15 0 0 4.97118e+27 0.001 10 25000 1.543e+14 97 5 1 1 
-7.83072e+15 0 0 4.97118e+27 0.001 10 25000 1.543e+14 98 5 1 1 
-7.75357e+15 0 0 4.97118e+27 0.001 10 25000 1.543e+14 99 5 1 1 
-7.67642e+15 0 0 4.97118e+27 0.001 10 25000 1.543e+14 100 5 1 1 
-7.59927e+15 0 0 4.97118e+27 0.001 10 25000 1.543e+14 101 5 1 1 
-7.52212e+15 0 0 4.97118e+27 0.001 10 25000 1.543e+14 102 5 1 1 
-7.44497e+15 0 0 4.97118e+27 0.001 10 25000 1.543e+14 103 5 1 1 
-7.36782e+15 0 0 4.97118e+27 0.001 10 25000 1.543e+14 104 5 1 1 
-7.29067e+15 0 0 4.97118e+27 0.001 10 25000 1.543e+14 105 5 1 1 
-7.21352e+15 0 0 4.97118e+27 0.001 10 25000 1.543e+14 106 5 1 1 
-7.13637e+15 0 0 4.97118e+27 0.001 10 25000 1.543e+14 107 5 1 1 
-7.05922e+15 0 0 4.97118e+27 0.001 10 25000 1.543e+14 108 5 1 1 
-6.98207e+15 0 0 4.97118e+27 0.001 10 25000 1.543e+14 109 5 1 1 
-6.90492e+15 0 0 4.97118e+27 0.001 10 25000 1.543e+14 110 5 1 1 
-6.82777e+15 0 0 4.97118e+27 0.001 10 25000 1.543e+14 111 5 1 1 
-6.75062e+15 0 0 4.97118e+27 0.001 10 25000 1.543e+14 112 5 1 1 
-6.67347e+15 0 0 4.97118e+27 0.001 10 25000 1.543e+14 113 5 1 1 
-6.59632e+15 0 0 4.97118e+27 0.001 10 25000 1.543e+14 114 5 1 1 
-6.51917e+15 0 0 4.97118e+27 0.001 10 25000 1.543e+14 115 5 1 1 
-6.44202e+15 0 0 4.97118e+27 0.001 10 25000 1.543e+14 116 5 1 1 
-6.36487e+15 0 0 4.97118e+27 0.001 10 25000 1.543e+14 117 5 1 1 
-6.28772e+15 0 0 4.97118e+27 0.001 10 25000 1.543e+14 118 5 1 1 
-6.21057e+15 0 0 4.97118e+27 0.001 10 25000 1.543e+14 119 5 1 1 
-6.13342e+15 0 0 4.97118e+27 0.001 10 25000 1.543e+14 120 5 1 1 
-6.05627e+15 0 0 4.97118e+27 0.001 10 25000 1.543e+14 121 5 1 1 
-5.97912e+15 0 0 4.97118e+27 0.001 10 25000 1.543e+14 122 5 1 1 
-5.90197e+15 0 0 4.97118e+27 0.001 10 25000 1.543e+14 123 5 1 1 
-5.82482e+15 0 0 4.97118e+27 0.001 10 25000 1.543e+14 124 5 1 1 
-5.74767e+15 0 0 4.97118e+27 0.001 10 25000 1.543e+14 125 5 1 1 
-5.67052e+15 0 0 4.97118e+27 0.001 10 25000 1.543e+14 126 5 1 1 
-5.59337e+15 0 0 4.97118e+27 0.001 10 25000 1.543e+14 127 5 1 1 
-5.51622e+15 0 0 4.97118e+27 0.001 10 25000 1.543e+14 128 5 1 1 
-5.43907e+15 0 0 4.97118e+27 0.001 10 25000 1.543e+14 129 5 1 1 
-5.36192e+15 0 0 4.97118e+27 0.001 10 25000 1.543e+14 130 5 1 1 
-5.28477e+15 0 0 4.97118e+27 0.001 10 25000 1.543e+14 131 5 1 1 
-5.20762e+15 0 0 4.97118e+27 0.001 10 25000 1.543e+14 132 5 1 1 
-5.13047e+15 0 0 4.97118e+27 0.001 10 25000 1.543e+14 133 5 1 1 
-5.05332e+15 0 0 4.97118e+27 0.001 10 25000 1.543e+14 134 5 1 1 
-4.97617e+15 0 0 4.97118e+27 0.001 10 25000 1.543e+14 135 5 1 1 
-4.89902e+15 0 0 4.97118e+27 0.001 10 25000 1.543e+14 136 5 1 1 
-4.82187e+15 0 0 4.97118e+27 0.001 10 25000 1.543e+14 137 5 1 1 
-4.74472e+15 0 0 4.97118e+27 0.001 10 25000 1.543e+14 138 5 1 1 
-4.66757e+15 0 0 4.97118e+27 0.001 10 25000 1.543e+14 139 5 1 1 
-4.59042e+15 0 0 4.97118e+27 0.001 10 25000 1.543e+14 140 5 1 1 
-4.51327e+15 0 0 4.97118e+27 0.001 10 25000 1.543e+14 141 5 1 1 
-4.43612e+15 0 0 4.97118e+27 0.001 10 25000 1.543e+14 142 5 1 1 
-4.35897e+15 0 0 4.97118e+27 0.001 10 25000 1.543e+14 143 5 1 1 
-4.28182e+15 0 0 4.97118e+27 0.001 10 25000 1.543e+14 144 5 1 1 
-4.20467e+15 0 0 4.97118e+27 0.001 10 25000 1.543e+14 145 5 1 1 
-4.12752e+15 0 0 4.97118e+27 0.001 10 25000 1.543e+14 146 5 1 1 
-4.05037e+15 0 0 4.97118e+27 0.001 10 25000 1.543e+14 147 5 1 1 
-3.97322e+15 0 0 4.97118e+27 0.001 10 25000 1.543e+14 148 5 1 1 
-3.89607e+15 0 0 4.97118e+27 0.001 10 25000 1.543e+14 149 5 1 1 
-3.81892e+15 0 0 4.97118e+27 0.001 10 25000 1.543e+14 150 5 1 1 
-3.74177e+15 0 0 4.97118e+27 0.001 10 25000 1.543e+14 151 5 1 1 
-3.66462e+15 0 0 4.97118e+27 0.001 10 25000 1.543e+14 152 5 1 1 
-3.58747e+15 0 0 4.97118e+27 0.001 10 25000 1.543e+14 153 5 1 1 
-3.51032e+15 0 0 4.97118e+27 0.001 10 25000 1.543e+14 154 5 1 1 
-3.43317e+15 0 0 4.97118e+27 0.001 10 25000 1.543e+14 155 5 1 1 
-3.35602e+15 0 0 4.97118e+27 0.001 10 25000 1.543e+14 156 5 1 1 
-3.27887e+15 0 0 4.97118e+27 0.001 10 25000 1.543e+14 157 5 1 1 
-3.20172e+15 0 0 4.97118e+27 0.001 10 25000 1.543e+14 158 5 1 1 
-3.12457e+15 0 0 4.97118e+27 0.001 10 25000 1.543e+14 159 5 1 1 
-3.04742e+15 0 0 4.97118e+27 0.001 10 25000 1.543e+14 160 5 1 1 
-2.97027e+15 0 0 4.97118e+27 0.001 10 25000 1.543e+14 161 5 1 1 
-2.89312e+15 0 0 4.97118e+27 0.001 10 25000 1.543e+14 162 5 1 1 
-2.81597e+15 0 0 4.97118e+27 0.001 10 25000 1.543e+14 163 5 1 1 
-2.73882e+15 0 0 4.97118e+27 0.001 10 25000 1.543e+14 164 5 1 1 
-2.66167e+15 0 0 4.97118e+27 0.001 10 25000 1.543e+14 165 5 1 1 
-2.58452e+15 0 0 4.97118e+27 0.001 10 25000 1.543e+14 166 5 1 1 
-2.50737e+15 0 0 4.97118e+27 0.001 10 25000 1.543e+14 167 5 1 1 
-2.43022e+15 0 0 4.97118e+27 0.001 10 25000 1.543e+14 168 5 1 1 
-2.35307e+15 0 0 4.97118e+27 0.001 10 25000 1.543e+14 169 5 1 1 
-2.27592e+15 0 0 4.97118e+27 0.001 10 25000 1.543e+14 170 5 1 1 
-2.19877e+15 0 0 4.97118e+27 0.001 10 25000 1.543e+14 171 5 1 1 
-2.12162e+15 0 0 4.97118e+27 0.001 10 25000 1.543e+14 172 5 1 1 
-2.04447e+15 0 0 4.97118e+27 0.001 10 25000 1.543e+14 173 5 1 1 
-1.96732e+15 0 0 4.97118e+27 0.001 10 25000 1.543e+14 174 5 1 1 
-1.89017e+15 -3.0522e-44 -3.63266e-55 4.97118e+27 0.001 10 25000 1.543e+14 175 5 1 1 
-1.81302e+15 -6.87638e-14 -3.63266e-55 4.97118e+27 0.001 10 25000 1.543e+14 176 5 1 1 
-1.73587e+15 -2.05928e-13 0 4.97118e+27 0.001 10 25000 1.543e+14 177 5 1 1 
-1.65872e+15 -3.42134e-13 0 4.97118e+27 0.001 10 25000 1.543e+14 178 5 1 1 
-1.58157e+15 -4.94213e-13 -1.84198e-24 4.97118e+27 0.001 10 25000 1.543e+14 179 5 1 1 
-1.50442e+15 -6.96605e-13 1.84198e-24 4.97118e+27 0.001 10 25000 1.543e+14 180 5 1 1 
-1.42727e+15 -9.31916e-13 -1.84198e-24 4.97118e+27 0.001 10 25000 1.543e+14 181 5 1 1 
-1.35012e+15 -1.16437e-12 1.84198e-24 4.97118e+27 0.001 10 25000 1.543e+14 182 5 1 1 
-1.27297e+15 -1.39244e-12 -1.84198e-24 4.97118e+27 0.001 10 25000 1.543e+14 183 5 1 1 
-1.19582e+15 -1.61139e-12 1.84198e-24 4.97118e+27 0.001 10 25000 1.543e+14 184 5 1 1 
-1.11867e+15 -1.82214e-12 -1.78938e-38 4.97118e+27 0.001 10 25000 1.543e+14 185 5 1 1 
-1.04152e+15 -3.39381e-12 -1.0225e-38 4.97118e+27 0.001 10 25000 1.543e+14 186 4 1 1 
-9.64375e+14 3.102e-13 2.04501e-38 4.97118e+27 0.001 10 25000 1.543e+14 187 3 1 1 
-8.87225e+14 5.45112e-15 -2.90613e-54 4.97118e+27 0.001 10 25000 1.543e+14 188 3 1 1 
-8.10075e+14 -8.11433e-13 -2.04501e-38 4.97118e+27 0.001 10 25000 1.543e+14 189 3 1 1 
-7.32925e+14 6.03671e-13 1.0225e-38 4.97118e+27 0.001 10 25000 1.543e+14 190 4 1 1 
-6.55775e+14 -6.08877e-13 -1.84198e-24 4.97118e+27 0.001 10 25000 1.543e+14 191 5 1 1 
-5.78625e+14 -7.52891e-13 -1.84198e-24 4.97118e+27 0.001 10 25000 1.543e+14 192 5 1 1 
-5.01475e+14 -2.78264e-12 -1.84198e-24 4.97118e+27 0.001 10 25000 1.543e+14 193 4 1 1 
-4.24325e+14 9.34221e-13 -1.84198e-24 4.97118e+27 0.001 10 25000 1.543e+14 194 3 1 1 
-3.47175e+14 -2.02235e-13 2.04501e-38 4.97118e+27 0.001 10 25000 1.543e+14 195 3 1 1 
-2.70025e+14 -1.06961e-12 -7.36791e-24 4.97118e+27 0.001 10 25000 1.543e+14 196 3 1 1 
-1.92875e+14 -7.67992e-14 1.28938e-23 4.97118e+27 0.001 10 25000 1.543e+14 197 3 1 1 
-1.15725e+14 1.36872e-13 -7.36791e-24 4.97118e+27 0.001 10 25000 1.543e+14 198 3 1 1 
-3.8575e+13 -1.53888e-13 5.52593e-24 4.97118e+27 0.001 10 25000 1.543e+14 199 3 1 1 
3.8575e+13 -1.66277e-13 -7.36791e-24 4.97118e+27 0.001 10 25000 1.543e+14 200 4 1 1 
1.15725e+14 -2.95407e-13 0 4.97118e+27 0.001 10 25000 1.543e+14 201 3 1 1 
1.92875e+14 6.15484e-13 1.10519e-23 4.97118e+27 0.001 10 25000 1.543e+14 202 3 1 1 
2.70025e+14 5.61729e-13 -3.68395e-24 4.97118e+27 0.001 10 25000 1.543e+14 203 3 1 1 
3.47175e+14 4.06705e-13 -3.68395e-24 4.97118e+27 0.001 10 25000 1.543e+14 204 3 1 1 
4.24325e+14 4.79659e-13 -5.11251e-39 4.97118e+27 0.001 10 25000 1.543e+14 205 4 1 1 
5.01475e+14 -8.55806e-13 1.91719e-38 4.97118e+27 0.001 10 25000 1.543e+14 206 4 1 1 
5.78625e+14 -2.57656e-12 6.71017e-39 4.97118e+27 0.001 10 25000 1.543e+14 207 5 1 1 
6.55775e+14 -6.7578e-13 -1.91719e-38 4.97118e+27 0.001 10 25000 1.543e+14 208 5 1 1 
7.32925e+14 -1.95172e-12 5.52593e-24 4.97118e+27 0.001 10 25000 1.543e+14 209 4 1 1 
8.10075e+14 2.13175e-12 1.84198e-24 4.97118e+27 0.001 10 25000 1.543e+14 210 3 1 1 
8.87225e+14 1.05846e-12 -3.68395e-24 4.97118e+27 0.001 10 25000 1.543e+14 211 3 1 1 
9.64375e+14 4.80798e-12 1.84198e-24 4.97118e+27 0.001 10 25000 1.543e+14 212 4 1 1 
1.04153e+15 3.10229e-12 -1.84198e-24 4.97118e+27 0.001 10 25000 1.543e+14 213 5 1 1 
1.11868e+15 2.70568e-12 -1.84198e-24 4.97118e+27 0.001 10 25000 1.543e+14 214 5 1 1 
1.19583e+15 2.12588e-12 3.68395e-24 4.97118e+27 0.001 10 25000 1.543e+14 215 5 1 1 
1.27298e+15 1.65999e-12 7.26532e-55 4.97118e+27 0.001 10 25000 1.543e+14 216 5 1 1 
1.35013e+15 1.1878e-12 7.26532e-55 4.97118e+27 0.001 10 25000 1.543e+14 217 5 1 1 
1.42728e+15 8.67848e-13 1.84198e-24 4.97118e+27 0.001 10 25000 1.543e+14 218 5 1 1 
1.50443e+15 6.31117e-13 -1.84198e-24 4.97118e+27 0.001 10 25000 1.543e+14 219 5 1 1 
1.58158e+15 4.27692e-13 1.84198e-24 4.97118e+27 0.001 10 25000 1.543e+14 220 5 1 1 
1.65873e+15 2.40045e-13 0 4.97118e+27 0.001 10 25000 1.543e+14 221 5 1 1 
1.73588e+15 1.03102e-13 3.63266e-55 4.97118e+27 0.001 10 25000 1.543e+14 222 5 1 1 
1.81303e+15 7.79717e-44 3.63266e-55 4.97118e+27 0.001 10 25000 1.543e+14 223 5 1 1 
1.89018e+15 0 0 4.97118e+27 0.001 10 25000 1.543e+14 224 5 1 1 
1.96733e+15 0 0 4.97118e+27 0.001 10 25000 1.543e+14 225 5 1 1 
2.04448e+15 0 0 4.97118e+27 0.001 10 25000 1.543e+14 226 5 1 1 
2.12163e+15 0 0 4.97118e+27 0.001 10 25000 1.543e+14 227 5 1 1 
2.19878e+15 0 0 4.97118e+27 0.001 10 25000 1.543e+14 228 5 1 1 
2.27593e+15 0 0 4.97118e+27 0.001 10 25000 1.543e+14 229 5 1 1 
2.35308e+15 0 0 4.97118e+27 0.001 10 25000 1.543e+14 230 5 1 1 
2.43023e+15 0 0 4.97118e+27 0.001 10 25000 1.543e+14 231 5 1 1 
2.50738e+15 0 0 4.97118e+27 0.001 10 25000 1.543e+14 232 5 1 1 
2.58453e+15 0 0 4.97118e+27 0.001 10 25000 1.543e+14 233 5 1 1 
2.66168e+15 0 0 4.97118e+27 0.001 10 25000 1.543e+14 234 5 1 1 
2.73883e+15 0 0 4.97118e+27 0.001 10 25000 1.543e+14 235 5 1 1 
2.81598e+15 0 0 4.97118e+27 0.001 10 25000 1.543e+14 236 5 1 1 
2.89313e+15 -5.62181e-43 -3.63266e-55 4.97118e+27 0.001 10 25000 1.543e+14 237 5 1 1 
2.97028e+15 -1.69188e-13 0 4.97118e+27 0.001 10 25000 1.543e+14 238 5 1 1 
3.04743e+15 -3.37357e-13 3.63266e-55 4.97118e+27 0.001 10 25000 1.543e+14 239 5 1 1 
3.12458e+15 1.08952e-12 1.84198e-24 4.97118e+27 0.001 10 25000 1.543e+14 240 5 1 1 
3.20173e+15 9.41328e-13 2.1796e-54 4.97118e+27 0.001 10 25000 1.543e+14 241 5 1 1 
3.27888e+15 3.8925e-12 -1.84198e-24 4.97118e+27 0.001 10 25000 1.543e+14 242 5 1 1 
3.35603e+15 2.62766e-12 3.63266e-55 4.97118e+27 0.001 10 25000 1.543e+14 243 5 1 1 
3.43318e+15 2.00072e-12 -3.68395e-24 4.97118e+27 0.001 10 25000 1.543e+14 244 5 1 1 
3.51033e+15 -8.19606e-13 -1.84198e-24 4.97118e+27 0.001 10 25000 1.543e+14 245 5 1 1 
3.58748e+15 -1.04104e-12 1.84198e-24 4.97118e+27 0.001 10 25000 1.543e+14 246 5 1 1 
3.66463e+15 -4.1433e-12 3.68395e-24 4.97118e+27 0.001 10 25000 1.543e+14 247 5 1 1 
3.74178e+15 -7.50719e-13 9.20989e-24 4.97118e+27 0.001 10 25000 1.543e+14 248 5 1 1 
3.81893e+15 -3.64573e-12 5.52593e-24 4.97118e+27 0.001 10 25000 1.543e+14 249 4 1 1 
3.89608e+15 3.64573e-12 -5.52593e-24 4.97118e+27 0.001 10 25000 1.543e+14 250 4 1 1 
3.97323e+15 7.50719e-13 -9.20989e-24 4.97118e+27 0.001 10 25000 1.543e+14 251 5 1 1 
4.05038e+15 4.1433e-12 -3.68395e-24 4.97118e+27 0.001 10 25000 1.543e+14 252 5 1 1 
4.12753e+15 1.04104e-12 -1.84198e-24 4.97118e+27 0.001 10 25000 1.543e+14 253 5 1 1 
4.20468e+15 8.19606e-13 1.84198e-24 4.97118e+27 0.001 10 25000 1.543e+14 254 5 1 1 
4.28183e+15 -2.00072e-12 3.68395e-24 4.97118e+27 0.001 10 25000 1.543e+14 255 5 1 1 
4.35898e+15 -2.62766e-12 -3.63266e-55 4.97118e+27 0.001 10 25000 1.543e+14 256 5 1 1 
4.43613e+15 -3.8925e-12 1.84198e-24 4.97118e+27 0.001 10 25000 1.543e+14 257 5 1 1 
4.51328e+15 -9.41328e-13 -2.1796e-54 4.97118e+27 0.001 10 25000 1.543e+14 258 5 1 1 
4.59043e+15 -1.08952e-12 -1.84198e-24 4.97118e+27 0.001 10 25000 1.543e+14 259 5 1 1 
4.66758e+15 3.37357e-13 -3.63266e-55 4.97118e+27 0.001 10 25000 1.543e+14 260 5 1 1 
4.74473e+15 1.69188e-13 0 4.97118e+27 0.001 10 25000 1.543e+14 261 5 1 1 
4.82188e+15 5.62181e-43 3.63266e-55 4.97118e+27 0.001 10 25000 1.543e+14 262 5 1 1 
4.89903e+15 0 0 4.97118e+27 0.001 10 25000 1.543e+14 263 5 1 1 
4.97618e+15 0 0 4.97118e+27 0.001 10 25000 1.543e+14 264 5 1 1 
5.05333e+15 0 0 4.97118e+27 0.001 10 25000 1.543e+14 265 5 1 1 
5.13048e+15 0 0 4.97118e+27 0.001 10 25000 1.543e+14 266 5 1 1 
5.20763e+15 0 0 4.97118e+27 0.001 10 25000 1.543e+14 267 5 1 1 
5.28478e+15 0 0 4.97118e+27 0.001 10 25000 1.543e+14 268 5 1 1 
5.36193e+15 0 0 4.97118e+27 0.001 10 25000 1.543e+14 269 5 1 1 
5.43908e+15 0 0 4.97118e+27 0.001 10 25000 1.543e+14 270 5 1 1 
5.51623e+15 0 0 4.97118e+27 0.001 10 25000 1.543e+14 271 5 1 1 
5.59338e+15 0 0 4.97118e+27 0.001 10 25000 1.543e+14 272 5 1 1 
5.67053e+15 0 0 4.97118e+27 0.001 10 25000 1.543e+14 273 5 1 1 
5.74768e+15 0 0 4.97118e+27 0.001 10 25000 1.543e+14 274 5 1 1 
5.82483e+15 0 0 4.97118e+27 0.001 10 25000 1.543e+14 275 5 1 1 
5.90198e+15 0 0 4.97118e+27 0.001 10 25000 1.543e+14 276 5 1 1 
5.97913e+15 0 0 4.97118e+27 0.001 10 25000 1.543e+14 277 5 1 1 
6.05628e+15 0 0 4.97118e+27 0.001 10 25000 1.543e+14 278 5 1 1 
6.13343e+15 0 0 4.97118e+27 0.001 10 25000 1.543e+14 279 5 1 1 
6.21058e+15 -1.65967e-43 -3.63266e-55 4.97118e+27 0.001 10 25000 1.543e+14 280 5 1 1 
6.28773e+15 -6.85718e-14 -3.63266e-55 4.97118e+27 0.001 10 25000 1.543e+14 281 5 1 1 
6.36488e+15 -2.05192e-13 0 4.97118e+27 0.001 10 25000 1.543e+14 282 5 1 1 
6.44203e+15 -3.75697e-13 0 4.97118e+27 0.001 10 25000 1.543e+14 283 5 1 1 
6.51918e+15 -5.45239e-13 3.63266e-55 4.97118e+27 0.001 10 25000 1.543e+14 284 5 1 1 
6.59633e+15 -6.79199e-13 3.63266e-55 4.97118e+27 0.001 10 25000 1.543e+14 285 5 1 1 
6.67348e+15 -4.67521e-13 0 4.97118e+27 0.001 10 25000 1.543e+14 286 5 1 1 
6.75063e+15 -6.82787e-13 1.84198e-24 4.97118e+27 0.001 10 25000 1.543e+14 287 5 1 1 
6.82778e+15 2.44444e-12 1.84198e-24 4.97118e+27 0.001 10 25000 1.543e+14 288 5 1 1 
6.90493e+15 6.95043e-13 3.68395e-24 4.97118e+27 0.001 10 25000 1.543e+14 289 5 1 1 
6.98208e+15 -5.01186e-13 3.68395e-24 4.97118e+27 0.001 10 25000 1.543e+14 290 5 1 1 
7.05923e+15 -2.00094e-12 9.80818e-54 4.97118e+27 0.001 10 25000 1.543e+14 291 5 1 1 
7.13638e+15 3.31954e-12 3.68395e-24 4.97118e+27 0.001 10 25000 1.543e+14 292 5 1 1 
7.21353e+15 9.92345e-13 5.52593e-24 4.97118e+27 0.001 10 25000 1.543e+14 293 5 1 1 
7.29068e+15 1.86138e-12 1.47358e-23 4.97118e+27 0.001 10 25000 1.543e+14 294 5 1 1 
7.36783e+15 -1.77436e-12 1.28938e-23 4.97118e+27 0.001 10 25000 1.543e+14 295 5 1 1 
7.44498e+15 3.60351e-12 -2.39457e-23 4.97118e+27 0.001 10 25000 1.543e+14 296 5 1 1 
7.52213e+15 -1.10758e-12 -2.39457e-23 4.97118e+27 0.001 10 25000 1.543e+14 297 5 1 1 
7.59928e+15 2.89521e-12 2.21037e-23 4.97118e+27 0.001 10 25000 1.543e+14 298 5 1 1 
7.67643e+15 -3.07543e-12 2.76297e-23 4.97118e+27 0.001 10 25000 1.543e+14 299 3 1 1 
7.75358e+15 3.07543e-12 -2.76297e-23 4.97118e+27 0.001 10 25000 1.543e+14 300 3 1 1 
7.83073e+15 -2.89521e-12 -2.21037e-23 4.97118e+27 0.001 10 25000 1.543e+14 301 5 1 1 
7.90788e+15 1.10758e-12 2.39457e-23 4.97118e+27 0.001 10 25000 1.543e+14 302 5 1 1 
7.98503e+15 -3.60351e-12 2.39457e-23 4.97118e+27 0.001 10 25000 1.543e+14 303 5 1 1 
8.06218e+15 1.77436e-12 -1.28938e-23 4.97118e+27 0.001 10 25000 1.543e+14 304 5 1 1 
8.13933e+15 -1.86138e-12 -1.47358e-23 4.97118e+27 0.001 10 25000 1.543e+14 305 5 1 1 
8.21648e+15 -9.92345e-13 -5.52593e-24 4.97118e+27 0.001 10 25000 1.543e+14 306 5 1 1 
8.29363e+15 -3.31954e-12 -3.68395e-24 4.97118e+27 0.001 10 25000 1.543e+14 307 5 1 1 
8.37078e+15 2.00094e-12 -9.80818e-54 4.97118e+27 0.001 10 25000 1.543e+14 308 5 1 1 
8.44793e+15 5.01186e-13 -3.68395e-24 4.97118e+27 0.001 10 25000 1.543e+14 309 5 1 1 
8.52508e+15 -6.95043e-13 -3.68395e-24 4.97118e+27 0.001 10 25000 1.543e+14 310 5 1 1 
8.60223e+15 -2.44444e-12 -1.84198e-24 4.97118e+27 0.001 10 25000 1.543e+14 311 5 1 1 
8.67938e+15 6.82787e-13 -1.84198e-24 4.97118e+27 0.001 10 25000 1.543e+14 312 5 1 1 
8.75653e+15 4.67521e-13 0 4.97118e+27 0.001 10 25000 1.543e+14 313 5 1 1 
8.83368e+15 6.79199e-13 -3.63266e-55 4.97118e+27 0.001 10 25000 1.543e+14 314 5 1 1 
8.91083e+15 5.45239e-13 -3.63266e-55 4.97118e+27 0.001 10 25000 1.543e+14 315 5 1 1 
8.98798e+15 3.75697e-13 0 4.97118e+27 0.001 10 25000 1.543e+14 316 5 1 1 
9.06513e+15 2.05192e-13 0 4.97118e+27 0.001 10 25000 1.543e+14 317 5 1 1 
9.14228e+15 6.85718e-14 3.63266e-55 4.97118e+27 0.001 10 25000 1.543e+14 318 5 1 1 
9.21943e+15 1.65967e-43 3.63266e-55 4.97118e+27 0.001 10 25000 1.543e+14 319 5 1 1 
9.29658e+15 0 0 4.97118e+27 0.001 10 25000 1.543e+14 320 5 1 1 
9.37373e+15 0 0 4.97118e+27 0.001 10 25000 1.543e+14 321 5 1 1 
9.45088e+15 2.03597e-44 7.26532e-55 4.97118e+27 0.001 10 25000 1.543e+14 322 5 1 1 
9.52803e+15 1.37656e-13 3.68395e-24 4.97118e+27 0.001 10 25000 1.543e+14 323 5 1 1 
9.60518e+15 2.1162e-12 1.16045e-22 4.97118e+27 0.001 10 25000 1.543e+14 324 5 1 1 
9.68233e+15 -4.28229e-11 -3.39476e-21 4.97118e+27 0.001 10 25000 1.543e+14 325 4 1 1 
9.75948e+15 -5.70677e-10 -2.54451e-20 4.97118e+27 0.001 10 25000 1.543e+14 326 4 1 1 
9.83662e+15 -4.16486e-09 -1.63232e-19 4.97118e+27 0.001 10 25000 1.543e+14 327 4 1 1 
9.91377e+15 -2.42889e-08 -8.37586e-19 4.97118e+27 0.001 10 25000 1.543e+14 328 4 1 1 
9.99092e+15 -1.20726e-07 -3.79279e-18 4.97118e+27 0.001 10 25000 1.543e+14 329 4 1 1 
1.00681e+16 -5.34104e-07 -1.5479e-17 4.97118e+27 0.001 10 25000 1.543e+14 330 4 1 1 
1.01452e+16 -2.15012e-06 -5.79715e-17 4.97118e+27 0.001 10 25000 1.543e+14 331 4 1 1 
1.02224e+16 -7.98826e-06 -2.0139e-16 4.97118e+27 0.001 10 25000 1.543e+14 332 4 1 1 
1.02995e+16 -2.76455e-05 -6.5382e-16 4.97118e+27 0.001 10 25000 1.543e+14 333 4 1 1 
1.03767e+16 -8.97118e-05 -1.9942e-15 4.97118e+27 0.001 10 25000 1.543e+14 334 4 1 1 
1.04538e+16 -0.000274298 -5.73688e-15 4.97118e+27 0.001 10 25000 1.543e+14 335 4 1 1 
1.0531e+16 -0.000793102 -1.56119e-14 4.97118e+27 0.001 10 25000 1.543e+14 336 4 1 1 
1.06081e+16 -0.00217464 -4.02798e-14 4.97118e+27 0.001 10 25000 1.543e+14 337 4 1 1 
1.06853e+16 -0.00566702 -9.86992e-14 4.97118e+27 0.001 10.0001 25000 1.54299e+14 338 4 1 1 
1.07624e+16 -0.0140602 -2.29984e-13 4.97118e+27 0.00100001 10.0001 25000.1 1.54298e+14 339 4 1 1 
1.08396e+16 -0.0332581 -5.10098e-13 4.97118e+27 0.00100003 10.0004 25000.3 1.54296e+14 340 4 1 1 
1.09167e+16 -0.075085 -1.0776e-12 4.97118e+27 0.00100006 10.0008 25000.6 1.54291e+14 341 4 1 1 
1.09939e+16 -0.161928 -2.16895e-12 4.97118e+27 0.00100012 10.0017 25001.2 1.54281e+14 342 4 1 1 
1.1071e+16 -0.333783 -4.15912e-12 4.97118e+27 0.00100026 10.0035 25002.5 1.54261e+14 343 4 1 1 
1.11481e+16 -0.657827 -7.59391e-12 4.97118e+27 0.0010005 10.007 25005 1.54222e+14 344 4 1 0.999999 
1.12252e+16 -1.23949 -1.31849e-11 4.97118e+27 0.00100095 10.0132 25009.4 1.54153e+14 345 4 1 0.999998 
1.13023e+16 -2.23169 -2.17175e-11 4.97118e+27 0.00100172 10.0239 25017.1 1.54035e+14 346 4 1 0.999995 
1.13793e+16 -3.83525 -3.38091e-11 4.97118e+27 0.00100296 10.0413 25029.5 1.53844e+14 347 4 1 0.999988 
1.14561e+16 -6.27973 -4.94716e-11 4.97118e+27 0.00100487 10.0681 25048.5 1.53552e+14 348 4 1 0.999976 
1.15328e+16 -9.77277 -6.75454e-11 4.97118e+27 0.00100762 10.1067 25076 1.53133e+14 349 4 1 0.999957 
1.16093e+16 -14.4154 -8.52858e-11 4.97118e+27 0.00101132 10.1588 25112.9 1.52572e+14 350 4 1 0.999936 
1.16854e+16 -20.1041 -9.86012e-11 4.97118e+27 0.00101593 10.2237 25158.8 1.5188e+14 351 4 1 0.999919 
1.17611e+16 -26.4678 -1.03071e-10 4.97118e+27 0.00102119 10.2982 25211.1 1.51098e+14 352 4 1 0.999917 
1.18365e+16 -32.8893 -9.60335e-11 4.97118e+27 0.00102664 10.3754 25265.2 1.50296e+14 353 4 1 0.999935 
1.19114e+16 -38.5984 -7.52049e-11 4.97118e+27 0.00103162 10.4463 25314.5 1.49571e+14 354 4 1 0.999983 
1.19861e+16 -42.5228 -3.15689e-11 4.97118e+27 0.00103476 10.4918 25346.1 1.49117e+14 355 3 1 1 
1.20606e+16 -39.4918 2.03263e-10 4.97118e+27 0.00102978 10.4242 25299.7 1.49838e+14 356 4 1 1.00004 
1.21359e+16 -13.0955 5.78008e-10 4.97118e+27 0.00100979 10.1404 25101.4 1.52805e+14 357 4 1 0.999305 
1.22134e+16 21.0427 4.19232e-10 4.97118e+27 0.000984462 9.78138 24843.8 1.56735e+14 358 4 1 0.998114 
1.22927e+16 40.6841 2.087e-10 4.97118e+27 0.000966554 9.53387 24662 1.59639e+14 359 4 1 0.998921 
1.2373e+16 56.7965 2.7491e-10 4.97118e+27 0.000951864 9.33391 24513.4 1.62103e+14 360 4 1 0.999377 
1.24548e+16 79.5063 3.57504e-10 4.97118e+27 0.000934039 9.09001 24328.9 1.65196e+14 361 4 1 0.999082 
1.25383e+16 105.153 3.55001e-10 4.97118e+27 0.000914137 8.81934 24119.7 1.68793e+14 362 4 1 0.998729 
1.26236e+16 130.622 3.41102e-10 4.97118e+27 0.000894233 8.55165 23908.2 1.7255e+14 363 4 1 0.99866 
1.27108e+16 156.405 3.42576e-10 4.97118e+27 0.000874393 8.28733 23694.7 1.76465e+14 364 4 1 0.998624 
1.28001e+16 183.106 3.44284e-10 4.97118e+27 0.000854317 8.0222 23475.7 1.80612e+14 365 4 1 0.998531 
1.28915e+16 210.679 3.44765e-10 4.97118e+27 0.000834003 7.75642 23250.8 1.85011e+14 366 4 1 0.998427 
1.29851e+16 238.984 3.44298e-10 4.97118e+27 0.000813489 7.49067 23020.4 1.89677e+14 367 4 1 0.99832 
1.30812e+16 268.119 3.43034e-10 4.97118e+27 0.000792817 7.22555 22784.7 1.94623e+14 368 4 1 0.99821 
1.31798e+16 298.089 3.4153e-10 4.97118e+27 0.000772012 6.96152 22543.7 1.99867e+14 369 4 1 0.998096 
1.32811e+16 328.862 3.39361e-10 4.97118e+27 0.000751102 6.699 22297.5 2.05431e+14 370 4 1 0.997976 
1.33853e+16 360.434 3.35551e-10 4.97118e+27 0.000730151 6.43889 22046.7 2.11326e+14 371 4 1 0.997856 
1.34925e+16 392.653 3.31133e-10 4.97118e+27 0.000709241 6.18223 21792 2.17557e+14 372 4 1 0.997742 
1.36029e+16 425.375 3.22327e-10 4.97118e+27 0.000688538 5.93107 21535.4 2.24098e+14 373 4 1 0.997648 
1.37166e+16 458.177 3.08464e-10 4.97118e+27 0.000668351 5.68906 21280.6 2.30867e+14 374 4 1 0.997614 
1.38338e+16 490.207 2.86814e-10 4.97118e+27 0.000649107 5.46105 21033.4 2.37711e+14 375 4 1 0.997674 
1.39544e+16 520.424 2.54813e-10 4.97118e+27 0.000631384 5.25345 20801.9 2.44384e+14 376 4 1 0.99787 
1.40782e+16 547.499 2.15388e-10 4.97118e+27 0.000615726 5.07199 20594.1 2.50598e+14 377 4 1 0.998205 
1.4205e+16 570.956 1.8124e-10 4.97118e+27 0.000602179 4.91656 20411.8 2.56236e+14 378 4 1 0.998577 
1.43345e+16 592.541 1.78223e-10 4.97118e+27 0.000589689 4.77454 20241.7 2.61663e+14 379 4 1 0.998782 
1.44667e+16 616.164 2.04503e-10 4.97118e+27 0.000576597 4.62688 20061 2.67604e+14 380 4 1 0.998668 
1.46021e+16 643.095 2.111e-10 4.97118e+27 0.000562734 4.47179 19866.7 2.74197e+14 381 4 1 0.998393 
1.4741e+16 667.521 1.51012e-10 4.97118e+27 0.000550653 4.33783 19694.9 2.80213e+14 382 4 1 0.998577 
1.48824e+16 680.85 4.0698e-11 4.97118e+27 0.00054385 4.26301 19597.3 2.83718e+14 383 4 1 0.999448 
1.50247e+16 681.077 -1.60986e-11 4.97118e+27 0.000542361 4.24693 19576.4 2.84497e+14 384 5 1 0.999969 
1.51669e+16 680.365 -5.59221e-12 4.97118e+27 0.000542725 4.25109 19582.1 2.84306e+14 385 4 1 0.999998 
1.5309e+16 679.308 -8.49434e-12 4.97118e+27 0.000543161 4.25592 19588.7 2.84078e+14 386 4 1 0.999997 
1.5451e+16 678.209 -7.29048e-12 4.97118e+27 0.000543706 4.26199 19596.9 2.83793e+14 387 4 1 0.999998 
1.55928e+16 677.262 -5.93952e-12 4.97118e+27 0.000544202 4.26753 19604.5 2.83534e+14 388 4 1 0.999998 
1.57345e+16 676.507 -4.57189e-12 4.97118e+27 0.000544608 4.2721 19610.9 2.83323e+14 389 4 1 0.999999 
1.58761e+16 675.921 -3.44221e-12 4.97118e+27 0.000544919 4.27565 19616 2.83161e+14 390 4 1 1 
1.60176e+16 675.478 -2.60761e-12 4.97118e+27 0.000545152 4.27836 19620 2.8304e+14 391 4 1 1 
1.61591e+16 675.143 -1.9861e-12 4.97118e+27 0.000545323 4.28041 19623.3 2.82952e+14 392 4 1 1 
1.63006e+16 674.886 -1.5522e-12 4.97118e+27 0.000545444 4.28196 19626.1 2.82889e+14 393 4 1 1 
1.6442e+16 674.682 -1.26834e-12 4.97118e+27 0.000545518 4.28307 19628.4 2.8285e+14 394 3 1 1 
1.65834e+16 674.513 -1.07099e-12 4.97118e+27 0.0005455 4.28343 19630.7 2.8286e+14 395 4 1 1 
1.67249e+16 674.365 -9.36859e-13 4.97118e+27 0.000545151 4.28165 19635.2 2.83041e+14 396 4 1 1 
1.68665e+16 674.231 -8.49171e-13 4.97118e+27 0.000543586 4.26482 19614.3 2.83856e+14 397 4 1 0.999989 
1.70087e+16 674.11 -7.76596e-13 4.97118e+27 0.00053052 4.11084 19371.7 2.90847e+14 398 4 1 0.999677 
1.71575e+16 673.993 -6.98242e-13 4.97118e+27 0.000506492 4.39786 21707.5 3.04644e+14 399 4 1 0.994724 
1.73136e+16 673.88 -6.08439e-13 4.97118e+27 0.000481003 4.15215 21580.7 3.20788e+14 400 4 1 0.993715 
1.74786e+16 673.77 -5.04543e-13 4.97118e+27 0.000458555 4.49676 24515.9 3.36492e+14 401 4 1 0.993708 
1.76503e+16 673.663 -3.91343e-13 4.97118e+27 0.000449964 4.30253 23904.9 3.42917e+14 402 5 1 0.998664 
1.78215e+16 673.553 -2.31439e-13 4.97118e+27 0.000451568 4.28593 23728 3.41698e+14 403 4 1 0.999968 
1.7992e+16 673.42 1.03224e-13 4.97118e+27 0.000453173 4.28527 23640.4 3.40488e+14 404 4 1 0.999989 
1.8162e+16 673.202 8.59148e-13 4.97118e+27 0.000454174 4.2855 23589.5 3.39737e+14 405 4 1 0.999999 
1.83317e+16 672.691 3.29783e-12 4.97118e+27 0.000454569 4.28234 23551.6 3.39442e+14 406 3 1 1 
1.85014e+16 671.245 1.0506e-11 4.97118e+27 0.000454077 4.2701 23509.6 3.3981e+14 407 4 1 1 
1.86715e+16 667.005 3.07662e-11 4.97118e+27 0.000451681 4.23448 23437 3.41613e+14 408 4 1 0.999957 
1.8843e+16 655.98 7.95238e-11 4.97118e+27 0.000444993 4.1438 23279.4 3.46747e+14 409 4 1 0.999605 
1.90183e+16 628.751 1.81898e-10 4.97118e+27 0.000430269 3.94976 22948.1 3.58613e+14 410 4 1 0.99789 
1.92019e+16 574.449 3.61284e-10 4.97118e+27 0.000402574 3.59158 22301.6 3.83283e+14 411 4 1 0.992478 
1.94025e+16 456.007 7.99979e-10 4.97118e+27 0.00035729 3.02094 21136.4 4.31862e+14 412 4 1 0.980204 
1.96371e+16 255.309 1.0233e-09 4.97118e+27 0.000305339 2.39958 19648.5 5.0534e+14 413 4 1 0.961262 
1.99129e+16 80.8066 5.94446e-10 4.97118e+27 0.000268546 1.98851 18514.8 5.74576e+14 414 4 1 0.965605 
2.02138e+16 10.6949 1.41593e-10 4.97118e+27 0.000253469 1.83007 18051.6 6.08752e+14 415 4 1 0.990322 
2.05218e+16 -0.369993 7.51273e-12 4.97118e+27 0.000250202 1.79699 17955.7 6.16702e+14 416 4 1 0.999384 
2.08305e+16 -0.158511 -2.47014e-12 4.97118e+27 0.000249963 1.79463 17948.9 6.1729e+14 417 5 1 0.999996 
2.11391e+16 0.010514 -3.4866e-14 4.97118e+27 0.000249998 1.79498 17949.9 6.17205e+14 418 4 1 1 
2.14477e+16 0.0044349 2.9441e-14 4.97118e+27 0.000250001 1.79501 17950 6.17198e+14 419 3 1 1 
2.17563e+16 0.000965807 7.70728e-15 4.97118e+27 0.00025 1.795 17950 6.17199e+14 420 4 1 1 
2.20649e+16 0.000180829 1.56404e-15 4.97118e+27 0.00025 1.795 17950 6.172e+14 421 4 1 1 
2.23735e+16 3.07769e-05 2.85915e-16 4.97118e+27 0.00025 1.795 17950 6.172e+14 422 4 1 1 
2.26821e+16 4.80056e-06 4.78143e-17 4.97118e+27 0.00025 1.795 17950 6.172e+14 423 4 1 1 
2.29907e+16 6.85654e-07 7.32215e-18 4.97118e+27 0.00025 1.795 17950 6.172e+14 424 4 1 1 
2.32993e+16 8.93048e-08 1.0239e-18 4.97118e+27 0.00025 1.795 17950 6.172e+14 425 4 1 1 
2.36079e+16 1.05545e-08 1.30125e-19 4.97118e+27 0.00025 1.795 17950 6.172e+14 426 4 1 1 
2.39165e+16 1.1181e-09 1.49601e-20 4.97118e+27 0.00025 1.795 17950 6.172e+14 427 4 1 1 
2.42251e+16 9.977e-11 1.57489e-21 4.97118e+27 0.00025 1.795 17950 6.172e+14 428 4 1 1 
2.45337e+16 4.14979e-12 6.95346e-23 4.97118e+27 0.00025 1.795 17950 6.172e+14 429 5 1 1 
2.48423e+16 4.77397e-13 8.74939e-24 4.97118e+27 0.00025 1.795 17950 6.172e+14 430 5 1 1 
2.51509e+16 4.30082e-15 4.60494e-25 4.97118e+27 0.00025 1.795 17950 6.172e+14 431 5 1 1 
2.54595e+16 5.93824e-45 9.08165e-56 4.97118e+27 0.00025 1.795 17950 6.172e+14 432 5 1 1 
2.57681e+16 0 0 4.97118e+27 0.00025 1.795 17950 6.172e+14 433 5 1 1 
2.60767e+16 0 0 4.97118e+27 0.00025 1.795 17950 6.172e+14 434 5 1 1 
2.63853e+16 0 0 4.97118e+27 0.00025 1.795 17950 6.172e+14 435 5 1 1 
2.66939e+16 0 0 4.97118e+27 0.00025 1.795 17950 6.172e+14 436 5 1 1 
2.70025e+16 0 0 4.97118e+27 0.00025 1.795 17950 6.172e+14 437 5 1 1 
2.73111e+16 0 0 4.97118e+27 0.00025 1.795 17950 6.172e+14 438 5 1 1 
2.76197e+16 0 0 4.97118e+27 0.00025 1.795 17950 6.172e+14 439 5 1 1 
2.79283e+16 -3.3039e-44 -9.08165e-56 4.97118e+27 0.00025 1.795 17950 6.172e+14 440 5 1 1 
2.82369e+16 -1.19254e-43 -2.72449e-55 4.97118e+27 0.00025 1.795 17950 6.172e+14 441 5 1 1 
2.85455e+16 -2.91821e-13 -9.20989e-25 4.97118e+27 0.00025 1.795 17950 6.172e+14 442 5 1 1 
2.88541e+16 -8.77973e-13 -1.38148e-24 4.97118e+27 0.00025 1.795 17950 6.172e+14 443 5 1 1 
2.91627e+16 -2.13344e-12 -1.38148e-24 4.97118e+27 0.00025 1.795 17950 6.172e+14 444 5 1 1 
2.94713e+16 -4.55268e-12 -3.22346e-24 4.97118e+27 0.00025 1.795 17950 6.172e+14 445 5 1 1 
2.97799e+16 -7.133e-12 9.20989e-25 4.97118e+27 0.00025 1.795 17950 6.172e+14 446 5 1 1 
3.00885e+16 -1.40897e-11 1.84198e-24 4.97118e+27 0.00025 1.795 17950 6.172e+14 447 5 1 1 
3.03971e+16 9.85104e-12 8.2889e-24 4.97118e+27 0.00025 1.795 17950 6.172e+14 448 5 1 1 
3.07057e+16 -1.52582e-13 8.74939e-24 4.97118e+27 0.00025 1.795 17950 6.172e+14 449 3 1 1 
3.10143e+16 1.52582e-13 -8.74939e-24 4.97118e+27 0.00025 1.795 17950 6.172e+14 450 3 1 1 
3.13229e+16 -9.85104e-12 -8.2889e-24 4.97118e+27 0.00025 1.795 17950 6.172e+14 451 5 1 1 
3.16315e+16 1.40897e-11 -1.84198e-24 4.97118e+27 0.00025 1.795 17950 6.172e+14 452 5 1 1 
3.19401e+16 7.133e-12 -9.20989e-25 4.97118e+27 0.00025 1.795 17950 6.172e+14 453 5 1 1 
3.22487e+16 4.55268e-12 3.22346e-24 4.97118e+27 0.00025 1.795 17950 6.172e+14 454 5 1 1 
3.25573e+16 2.13344e-12 1.38148e-24 4.97118e+27 0.00025 1.795 17950 6.172e+14 455 5 1 1 
3.28659e+16 8.77973e-13 1.38148e-24 4.97118e+27 0.00025 1.795 17950 6.172e+14 456 5 1 1 
3.31745e+16 2.91821e-13 9.20989e-25 4.97118e+27 0.00025 1.795 17950 6.172e+14 457 5 1 1 
3.34831e+16 1.19254e-43 2.72449e-55 4.97118e+27 0.00025 1.795 17950 6.172e+14 458 5 1 1 
3.37917e+16 3.3039e-44 9.08165e-56 4.97118e+27 0.00025 1.795 17950 6.172e+14 459 5 1 1 
3.41003e+16 0 0 4.97118e+27 0.00025 1.795 17950 6.172e+14 460 5 1 1 
3.44089e+16 0 0 4.97118e+27 0.00025 1.795 17950 6.172e+14 461 5 1 1 
3.47175e+16 0 0 4.97118e+27 0.00025 1.795 17950 6.172e+14 462 5 1 1 
3.50261e+16 0 0 4.97118e+27 0.00025 1.795 17950 6.172e+14 463 5 1 1 
3.53347e+16 0 0 4.97118e+27 0.00025 1.795 17950 6.172e+14 464 5 1 1 
3.56433e+16 0 0 4.97118e+27 0.00025 1.795 17950 6.172e+14 465 5 1 1 
3.59519e+16 0 0 4.97118e+27 0.00025 1.795 17950 6.172e+14 466 5 1 1 
3.62605e+16 -5.93824e-45 -9.08165e-56 4.97118e+27 0.00025 1.795 17950 6.172e+14 467 5 1 1 
3.65691e+16 -4.30082e-15 -4.60494e-25 4.97118e+27 0.00025 1.795 17950 6.172e+14 468 5 1 1 
3.68777e+16 -4.42974e-13 -7.8284e-24 4.97118e+27 0.00025 1.795 17950 6.172e+14 469 5 1 1 
3.71863e+16 -3.64185e-12 -5.94038e-23 4.97118e+27 0.00025 1.795 17950 6.172e+14 470 5 1 1 
3.74949e+16 -9.99997e-11 -1.69462e-21 4.97118e+27 0.00025 1.795 17950 6.172e+14 471 4 1 1 
3.78035e+16 -1.13909e-09 -1.48086e-20 4.97118e+27 0.00025 1.795 17950 6.172e+14 472 4 1 1 
3.81121e+16 -1.05206e-08 -1.30068e-19 4.97118e+27 0.00025 1.795 17950 6.172e+14 473 4 1 1 
3.84207e+16 -8.93198e-08 -1.02404e-18 4.97118e+27 0.00025 1.795 17950 6.172e+14 474 4 1 1 
3.87293e+16 -6.85633e-07 -7.32219e-18 4.97118e+27 0.00025 1.795 17950 6.172e+14 475 4 1 1 
3.90379e+16 -4.80056e-06 -4.78141e-17 4.97118e+27 0.00025 1.795 17950 6.172e+14 476 4 1 1 
3.93465e+16 -3.07769e-05 -2.85915e-16 4.97118e+27 0.00025 1.795 17950 6.172e+14 477 4 1 1 
3.96551e+16 -0.000180829 -1.56404e-15 4.97118e+27 0.00025 1.795 17950 6.172e+14 478 4 1 1 
3.99637e+16 -0.000965807 -7.70728e-15 4.97118e+27 0.00025 1.795 17950 6.17199e+14 479 4 1 1 
4.02723e+16 -0.0044349 -2.9441e-14 4.97118e+27 0.000250001 1.79501 17950 6.17198e+14 480 3 1 1 
4.05809e+16 -0.010514 3.4866e-14 4.97118e+27 0.000249998 1.79498 17949.9 6.17205e+14 481 4 1 1 
4.08895e+16 0.158511 2.47014e-12 4.97118e+27 0.000249963 1.79463 17948.9 6.1729e+14 482 5 1 0.999996 
4.11982e+16 0.369993 -7.51273e-12 4.97118e+27 0.000250202 1.79699 17955.7 6.16702e+14 483 4 1 0.999384 
4.15062e+16 -10.6949 -1.41593e-10 4.97118e+27 0.000253469 1.83007 18051.6 6.08752e+14 484 4 1 0.990322 
4.18071e+16 -80.8066 -5.94446e-10 4.97118e+27 0.000268546 1.98851 18514.8 5.74576e+14 485 4 1 0.965605 
4.20829e+16 -255.309 -1.0233e-09 4.97118e+27 0.000305339 2.39958 19648.5 5.0534e+14 486 4 1 0.961262 
4.23175e+16 -456.007 -7.99979e-10 4.97118e+27 0.00035729 3.02094 21136.4 4.31862e+14 487 4 1 0.980204 
4.25181e+16 -574.449 -3.61284e-10 4.97118e+27 0.000402574 3.59158 22301.6 3.83283e+14 488 4 1 0.992478 
4.27017e+16 -628.751 -1.81898e-10 4.97118e+27 0.000430269 3.94976 22948.1 3.58613e+14 489 4 1 0.99789 
4.2877e+16 -655.98 -7.95238e-11 4.97118e+27 0.000444993 4.1438 23279.4 3.46747e+14 490 4 1 0.999605 
4.30485e+16 -667.005 -3.07662e-11 4.97118e+27 0.000451681 4.23448 23437 3.41613e+14 491 4 1 0.999957 
4.32186e+16 -671.245 -1.0506e-11 4.97118e+27 0.000454077 4.2701 23509.6 3.3981e+14 492 4 1 1 
4.33883e+16 -672.691 -3.29783e-12 4.97118e+27 0.000454569 4.28234 23551.6 3.39442e+14 493 3 1 1 
4.3558e+16 -673.202 -8.59148e-13 4.97118e+27 0.000454174 4.2855 23589.5 3.39737e+14 494 4 1 0.999999 
4.3728e+16 -673.42 -1.03224e-13 4.97118e+27 0.000453173 4.28527 23640.4 3.40488e+14 495 4 1 0.999989 
4.38985e+16 -673.553 2.31439e-13 4.97118e+27 0.000451568 4.28593 23728 3.41698e+14 496 4 1 0.999968 
4.40697e+16 -673.663 3.91343e-13 4.97118e+27 0.000449964 4.30253 23904.9 3.42917e+14 497 5 1 0.998664 
4.42414e+16 -673.77 5.04543e-13 4.97118e+27 0.000458555 4.49676 24515.9 3.36492e+14 498 4 1 0.993708 
4.44064e+16 -673.88 6.08439e-13 4.97118e+27 0.000481003 4.15215 21580.7 3.20788e+14 499 4 1 0.993715 
