# Time [s]: 2.91024e+12
# Columns: pos [pc], vel [pc/s], acc [pc/s^2], mass [Msun], dens [g/cm^3], pres [barye], ene [erg/g], sml [pc], id, neighbor, alpha, gradh, ...additional?
4.43987e+16 -673.84 5.63646e-13 4.97118e+27 0.000506577 4.3989 21708.9 3.04593e+14 0 4 1 0.994721 
4.45474e+16 -673.938 6.41135e-13 4.97118e+27 0.000530618 4.1119 19373.2 2.90793e+14 1 4 1 0.999675 
4.46896e+16 -674.041 7.22975e-13 4.97118e+27 0.000543696 4.26603 19615.9 2.83798e+14 2 4 1 0.999988 
4.48312e+16 -674.153 8.08078e-13 4.97118e+27 0.000545271 4.28297 19636.9 2.82978e+14 3 4 1 1 
4.49726e+16 -674.275 8.93855e-13 4.97118e+27 0.000545634 4.28489 19632.6 2.8279e+14 4 4 1 1 
4.5114e+16 -674.411 9.94607e-13 4.97118e+27 0.000545671 4.28475 19630.6 2.82771e+14 5 3 1 1 
4.52554e+16 -674.564 1.13796e-12 4.97118e+27 0.000545627 4.28397 19628.7 2.82794e+14 6 4 1 1 
4.53968e+16 -674.746 1.35419e-12 4.97118e+27 0.000545551 4.28292 19626.6 2.82833e+14 7 4 1 1 
4.55382e+16 -674.968 1.69024e-12 4.97118e+27 0.000545447 4.2816 19624.3 2.82887e+14 8 4 1 1 
4.56797e+16 -675.25 2.18553e-12 4.97118e+27 0.000545304 4.27988 19621.5 2.82961e+14 9 4 1 1 
4.58212e+16 -675.618 2.85746e-12 4.97118e+27 0.000545112 4.27763 19618.1 2.83061e+14 10 4 1 1 
4.59628e+16 -676.102 3.7653e-12 4.97118e+27 0.000544854 4.27469 19613.9 2.83195e+14 11 4 1 0.999999 
4.61044e+16 -676.731 4.94e-12 4.97118e+27 0.000544516 4.27088 19608.6 2.83371e+14 12 4 1 0.999999 
4.62461e+16 -677.524 6.22192e-12 4.97118e+27 0.000544092 4.26614 19602.1 2.83592e+14 13 4 1 0.999998 
-1.5332e+16 -678.477 7.14988e-12 4.97118e+27 0.000543605 4.26073 19594.8 2.83846e+14 14 4 1 0.999998 
-1.519e+16 -679.508 8.0005e-12 4.97118e+27 0.000543121 4.25535 19587.5 2.84099e+14 15 4 1 0.999998 
-1.50479e+16 -680.242 2.95359e-12 4.97118e+27 0.000542772 4.25148 19582.2 2.84281e+14 16 4 1 0.999999 
-1.49058e+16 -681.143 1.24028e-11 4.97118e+27 0.000542635 4.24981 19579.8 2.84353e+14 17 5 1 0.999934 
-1.47636e+16 -678.746 -5.96377e-11 4.97118e+27 0.000544867 4.27409 19611.6 2.83188e+14 18 4 1 0.999366 
-1.46226e+16 -664.034 -1.53537e-10 4.97118e+27 0.000552302 4.35598 19718.1 2.79376e+14 19 4 1 0.998649 
-1.44842e+16 -640.223 -2.01673e-10 4.97118e+27 0.00056418 4.48782 19886.7 2.73494e+14 20 4 1 0.998524 
-1.4349e+16 -614.664 -1.95553e-10 4.97118e+27 0.000577471 4.63662 20072.8 2.67199e+14 21 4 1 0.998771 
-1.42169e+16 -591.921 -1.7193e-10 4.97118e+27 0.00059003 4.77834 20246.1 2.61512e+14 22 4 1 0.99889 
-1.40875e+16 -571.236 -1.72477e-10 4.97118e+27 0.000601956 4.91396 20408.6 2.56331e+14 23 4 1 0.998753 
-1.39606e+16 -549.264 -1.98804e-10 4.97118e+27 0.000614634 5.05937 20579.2 2.51044e+14 24 4 1 0.998464 
-1.38364e+16 -524.344 -2.32924e-10 4.97118e+27 0.000629044 5.22618 20770.8 2.45293e+14 25 4 1 0.998189 
-1.37152e+16 -496.668 -2.60514e-10 4.97118e+27 0.000645242 5.41555 20983 2.39135e+14 26 4 1 0.998014 
-1.35972e+16 -467.241 -2.80701e-10 4.97118e+27 0.000662805 5.62304 21209.6 2.32798e+14 27 4 1 0.997946 
-1.34824e+16 -437.078 -2.93712e-10 4.97118e+27 0.000681264 5.8435 21443.9 2.26491e+14 28 4 1 0.99796 
-1.33707e+16 -406.793 -3.01996e-10 4.97118e+27 0.000700229 6.0725 21680.6 2.20356e+14 29 4 1 0.998025 
-1.3262e+16 -376.887 -3.06846e-10 4.97118e+27 0.00071943 6.30687 21916.4 2.14475e+14 30 4 1 0.998115 
-1.31562e+16 -347.498 -3.09822e-10 4.97118e+27 0.000738693 6.54454 22149.2 2.08882e+14 31 4 1 0.998209 
-1.30531e+16 -318.733 -3.12632e-10 4.97118e+27 0.000757945 6.78454 22378.3 2.03577e+14 32 4 1 0.998303 
-1.29525e+16 -290.697 -3.14377e-10 4.97118e+27 0.000777143 7.02633 22603.3 1.98548e+14 33 4 1 0.998399 
-1.28545e+16 -263.309 -3.15231e-10 4.97118e+27 0.000796237 7.26918 22823.7 1.93787e+14 34 4 1 0.998488 
-1.27587e+16 -236.639 -3.16301e-10 4.97118e+27 0.000815208 7.51279 23039.7 1.89277e+14 35 4 1 0.998575 
-1.26652e+16 -210.633 -3.16373e-10 4.97118e+27 0.000834041 7.75686 23251 1.85003e+14 36 4 1 0.998654 
-1.25737e+16 -185.284 -3.17143e-10 4.97118e+27 0.000852726 8.00123 23458 1.80949e+14 37 4 1 0.998731 
-1.24842e+16 -160.595 -3.16925e-10 4.97118e+27 0.000871257 8.24572 23660.5 1.771e+14 38 4 1 0.998814 
-1.23966e+16 -136.667 -3.13208e-10 4.97118e+27 0.000889548 8.48904 23857.9 1.73459e+14 39 4 1 0.998879 
-1.23107e+16 -113.436 -3.13875e-10 4.97118e+27 0.000907638 8.73157 24050.7 1.70002e+14 40 4 1 0.998887 
-1.22266e+16 -90.2448 -3.3108e-10 4.97118e+27 0.000925923 8.97895 24243.5 1.66645e+14 41 4 1 0.998973 
-1.21441e+16 -66.9252 -3.22091e-10 4.97118e+27 0.000944039 9.22663 24432.7 1.63447e+14 42 4 1 0.999321 
-1.20631e+16 -47.4143 -2.2682e-10 4.97118e+27 0.000959623 9.44031 24592.7 1.60792e+14 43 4 1 0.999493 
-1.19833e+16 -33.8234 -1.97881e-10 4.97118e+27 0.000972666 9.61795 24723.8 1.58636e+14 44 4 1 0.998953 
-1.19045e+16 -13.8211 -4.35249e-10 4.97118e+27 0.000990272 9.86284 24902.7 1.55816e+14 45 4 1 0.998397 
-1.18274e+16 19.0069 -5.11381e-10 4.97118e+27 0.00101412 10.2017 25144.5 1.52151e+14 46 4 1 0.9996 
-1.17523e+16 39.7619 -1.23805e-10 4.97118e+27 0.00103063 10.4356 25307.4 1.49714e+14 47 4 1 1.00003 
-1.16777e+16 40.6821 3.337e-11 4.97118e+27 0.00103345 10.4728 25332.9 1.49306e+14 48 3 1 1 
-1.1603e+16 36.7802 7.24233e-11 4.97118e+27 0.00103016 10.4255 25300.1 1.49782e+14 49 4 1 0.999977 
-1.15279e+16 31.4296 8.91087e-11 4.97118e+27 0.0010255 10.3592 25253.9 1.50464e+14 50 4 1 0.999942 
-1.14525e+16 25.4853 9.51828e-11 4.97118e+27 0.00102045 10.2877 25203.8 1.51208e+14 51 4 1 0.999929 
-1.13767e+16 19.593 9.13067e-11 4.97118e+27 0.00101557 10.2186 25155.2 1.51935e+14 52 4 1 0.99993 
-1.13006e+16 14.2834 7.98197e-11 4.97118e+27 0.00101125 10.1578 25112.2 1.52583e+14 53 4 1 0.999944 
-1.12241e+16 9.88708 6.42811e-11 4.97118e+27 0.00100774 10.1083 25077.1 1.53115e+14 54 4 1 0.999961 
-1.11475e+16 6.51257 4.81227e-11 4.97118e+27 0.00100507 10.0708 25050.5 1.53522e+14 55 4 1 0.999977 
-1.10706e+16 4.09208 3.37616e-11 4.97118e+27 0.00100317 10.0442 25031.6 1.53812e+14 56 4 1 0.999988 
-1.09936e+16 2.45814 2.23468e-11 4.97118e+27 0.0010019 10.0264 25018.9 1.54008e+14 57 4 1 0.999995 
-1.09166e+16 1.41414 1.40274e-11 4.97118e+27 0.00100109 10.0152 25010.8 1.54132e+14 58 4 1 0.999998 
-1.08395e+16 0.780021 8.38129e-12 4.97118e+27 0.0010006 10.0083 25005.9 1.54208e+14 59 4 1 0.999999 
-1.07624e+16 0.412786 4.77825e-12 4.97118e+27 0.00100032 10.0044 25003.1 1.54251e+14 60 4 1 1 
-1.06853e+16 0.209628 2.60309e-12 4.97118e+27 0.00100016 10.0022 25001.6 1.54275e+14 61 4 1 1 
-1.06081e+16 0.102151 1.35617e-12 4.97118e+27 0.00100008 10.0011 25000.8 1.54288e+14 62 4 1 1 
-1.0531e+16 0.0477483 6.75885e-13 4.97118e+27 0.00100004 10.0005 25000.4 1.54294e+14 63 4 1 1 
-1.04538e+16 0.021398 3.22221e-13 4.97118e+27 0.00100002 10.0002 25000.2 1.54297e+14 64 4 1 1 
-1.03767e+16 0.00918707 1.46902e-13 4.97118e+27 0.00100001 10.0001 25000.1 1.54299e+14 65 4 1 1 
-1.02995e+16 0.00377556 6.40117e-14 4.97118e+27 0.001 10 25000 1.543e+14 66 4 1 1 
-1.02224e+16 0.00148355 2.66392e-14 4.97118e+27 0.001 10 25000 1.543e+14 67 4 1 1 
-1.01452e+16 0.000556593 1.0577e-14 4.97118e+27 0.001 10 25000 1.543e+14 68 4 1 1 
-1.00681e+16 0.000199043 4.00138e-15 4.97118e+27 0.001 10 25000 1.543e+14 69 4 1 1 
-9.99092e+15 6.77014e-05 1.43984e-15 4.97118e+27 0.001 10 25000 1.543e+14 70 4 1 1 
-9.91377e+15 2.18432e-05 4.91722e-16 4.97118e+27 0.001 10 25000 1.543e+14 71 4 1 1 
-9.83662e+15 6.66179e-06 1.58923e-16 4.97118e+27 0.001 10 25000 1.543e+14 72 4 1 1 
-9.75947e+15 1.91175e-06 4.8427e-17 4.97118e+27 0.001 10 25000 1.543e+14 73 4 1 1 
-9.68232e+15 5.13033e-07 1.3843e-17 4.97118e+27 0.001 10 25000 1.543e+14 74 4 1 1 
-9.60517e+15 1.27663e-07 3.68728e-18 4.97118e+27 0.001 10 25000 1.543e+14 75 4 1 1 
-9.52802e+15 2.90464e-08 9.04625e-19 4.97118e+27 0.001 10 25000 1.543e+14 76 4 1 1 
-9.45087e+15 5.94426e-09 2.02319e-19 4.97118e+27 0.001 10 25000 1.543e+14 77 4 1 1 
-9.37372e+15 1.04775e-09 4.02693e-20 4.97118e+27 0.001 10 25000 1.543e+14 78 4 1 1 
-9.29657e+15 1.51431e-10 6.41745e-21 4.97118e+27 0.001 10 25000 1.543e+14 79 4 1 1 
-9.21942e+15 9.0482e-12 8.69413e-22 4.97118e+27 0.001 10 25000 1.543e+14 80 4 1 1 
-9.14227e+15 -3.09486e-13 -4.05235e-23 4.97118e+27 0.001 10 25000 1.543e+14 81 5 1 1 
-9.06512e+15 -3.4446e-14 -1.27813e-39 4.97118e+27 0.001 10 25000 1.543e+14 82 5 1 1 
-8.98797e+15 0 0 4.97118e+27 0.001 10 25000 1.543e+14 83 5 1 1 
-8.91082e+15 0 0 4.97118e+27 0.001 10 25000 1.543e+14 84 5 1 1 
-8.83367e+15 0 0 4.97118e+27 0.001 10 25000 1.543e+14 85 5 1 1 
-8.75652e+15 0 0 4.97118e+27 0.001 10 25000 1.543e+14 86 5 1 1 
-8.67937e+15 0 0 4.97118e+27 0.001 10 25000 1.543e+14 87 5 1 1 
-8.60222e+15 0 0 4.97118e+27 0.001 10 25000 1.543e+14 88 5 1 1 
-8.52507e+15 0 0 4.97118e+27 0.001 10 25000 1.543e+14 89 5 1 1 
-8.44792e+15 0 0 4.97118e+27 0.001 10 25000 1.543e+14 90 5 1 1 
-8.37077e+15 0 0 4.97118e+27 0.001 10 25000 1.543e+14 91 5 1 1 
-8.29362e+15 0 0 4.97118e+27 0.001 10 25000 1.543e+14 92 5 1 1 
-8.21647e+15 0 0 4.97118e+27 0.001 10 25000 1.543e+14 93 5 1 1 
-8.13932e+15 0 0 4.97118e+27 0.001 10 25000 1.543e+14 94 5 1 1 
-8.06217e+15 0 0 4.97118e+27 0.001 10 25000 1.543e+14 95 5 1 1 
-7.98502e+15 0 0 4.97118e+27 0.001 10 25000 1.543e+14 96 5 1 1 
-7.90787e+15 0 0 4.97118e+27 0.001 10 25000 1.543e+14 97 5 1 1 
-7.83072e+15 0 0 4.97118e+27 0.001 10 25000 1.543e+14 98 5 1 1 
-7.75357e+15 0 0 4.97118e+27 0.001 10 25000 1.543e+14 99 5 1 1 
-7.67642e+15 0 0 4.97118e+27 0.001 10 25000 1.543e+14 100 5 1 1 
-7.59927e+15 0 0 4.97118e+27 0.001 10 25000 1.543e+14 101 5 1 1 
-7.52212e+15 0 0 4.97118e+27 0.001 10 25000 1.543e+14 102 5 1 1 
-7.44497e+15 0 0 4.97118e+27 0.001 10 25000 1.543e+14 103 5 1 1 
-7.36782e+15 0 0 4.97118e+27 0.001 10 25000 1.543e+14 104 5 1 1 
-7.29067e+15 0 0 4.97118e+27 0.001 10 25000 1.543e+14 105 5 1 1 
-7.21352e+15 0 0 4.97118e+27 0.001 10 25000 1.543e+14 106 5 1 1 
-7.13637e+15 0 0 4.97118e+27 0.001 10 25000 1.543e+14 107 5 1 1 
-7.05922e+15 0 0 4.97118e+27 0.001 10 25000 1.543e+14 108 5 1 1 
-6.98207e+15 0 0 4.97118e+27 0.001 10 25000 1.543e+14 109 5 1 1 
-6.90492e+15 0 0 4.97118e+27 0.001 10 25000 1.543e+14 110 5 1 1 
-6.82777e+15 0 0 4.97118e+27 0.001 10 25000 1.543e+14 111 5 1 1 
-6.75062e+15 0 0 4.97118e+27 0.001 10 25000 1.543e+14 112 5 1 1 
-6.67347e+15 0 0 4.97118e+27 0.001 10 25000 1.543e+14 113 5 1 1 
-6.59632e+15 0 0 4.97118e+27 0.001 10 25000 1.543e+14 114 5 1 1 
-6.51917e+15 0 0 4.97118e+27 0.001 10 25000 1.543e+14 115 5 1 1 
-6.44202e+15 0 0 4.97118e+27 0.001 10 25000 1.543e+14 116 5 1 1 
-6.36487e+15 0 0 4.97118e+27 0.001 10 25000 1.543e+14 117 5 1 1 
-6.28772e+15 0 0 4.97118e+27 0.001 10 25000 1.543e+14 118 5 1 1 
-6.21057e+15 0 0 4.97118e+27 0.001 10 25000 1.543e+14 119 5 1 1 
-6.13342e+15 0 0 4.97118e+27 0.001 10 25000 1.543e+14 120 5 1 1 
-6.05627e+15 0 0 4.97118e+27 0.001 10 25000 1.543e+14 121 5 1 1 
-5.97912e+15 0 0 4.97118e+27 0.001 10 25000 1.543e+14 122 5 1 1 
-5.90197e+15 0 0 4.97118e+27 0.001 10 25000 1.543e+14 123 5 1 1 
-5.82482e+15 0 0 4.97118e+27 0.001 10 25000 1.543e+14 124 5 1 1 
-5.74767e+15 0 0 4.97118e+27 0.001 10 25000 1.543e+14 125 5 1 1 
-5.67052e+15 0 0 4.97118e+27 0.001 10 25000 1.543e+14 126 5 1 1 
-5.59337e+15 0 0 4.97118e+27 0.001 10 25000 1.543e+14 127 5 1 1 
-5.51622e+15 0 0 4.97118e+27 0.001 10 25000 1.543e+14 128 5 1 1 
-5.43907e+15 0 0 4.97118e+27 0.001 10 25000 1.543e+14 129 5 1 1 
-5.36192e+15 0 0 4.97118e+27 0.001 10 25000 1.543e+14 130 5 1 1 
-5.28477e+15 0 0 4.97118e+27 0.001 10 25000 1.543e+14 131 5 1 1 
-5.20762e+15 0 0 4.97118e+27 0.001 10 25000 1.543e+14 132 5 1 1 
-5.13047e+15 0 0 4.97118e+27 0.001 10 25000 1.543e+14 133 5 1 1 
-5.05332e+15 0 0 4.97118e+27 0.001 10 25000 1.543e+14 134 5 1 1 
-4.97617e+15 0 0 4.97118e+27 0.001 10 25000 1.543e+14 135 5 1 1 
-4.89902e+15 0 0 4.97118e+27 0.001 10 25000 1.543e+14 136 5 1 1 
-4.82187e+15 0 0 4.97118e+27 0.001 10 25000 1.543e+14 137 5 1 1 
-4.74472e+15 0 0 4.97118e+27 0.001 10 25000 1.543e+14 138 5 1 1 
-4.66757e+15 0 0 4.97118e+27 0.001 10 25000 1.543e+14 139 5 1 1 
-4.59042e+15 0 0 4.97118e+27 0.001 10 25000 1.543e+14 140 5 1 1 
-4.51327e+15 0 0 4.97118e+27 0.001 10 25000 1.543e+14 141 5 1 1 
-4.43612e+15 0 0 4.97118e+27 0.001 10 25000 1.543e+14 142 5 1 1 
-4.35897e+15 0 0 4.97118e+27 0.001 10 25000 1.543e+14 143 5 1 1 
-4.28182e+15 0 0 4.97118e+27 0.001 10 25000 1.543e+14 144 5 1 1 
-4.20467e+15 0 0 4.97118e+27 0.001 10 25000 1.543e+14 145 5 1 1 
-4.12752e+15 0 0 4.97118e+27 0.001 10 25000 1.543e+14 146 5 1 1 
-4.05037e+15 0 0 4.97118e+27 0.001 10 25000 1.543e+14 147 5 1 1 
-3.97322e+15 0 0 4.97118e+27 0.001 10 25000 1.543e+14 148 5 1 1 
-3.89607e+15 0 0 4.97118e+27 0.001 10 25000 1.543e+14 149 5 1 1 
-3.81892e+15 0 0 4.97118e+27 0.001 10 25000 1.543e+14 150 5 1 1 
-3.74177e+15 0 0 4.97118e+27 0.001 10 25000 1.543e+14 151 5 1 1 
-3.66462e+15 0 0 4.97118e+27 0.001 10 25000 1.543e+14 152 5 1 1 
-3.58747e+15 0 0 4.97118e+27 0.001 10 25000 1.543e+14 153 5 1 1 
-3.51032e+15 0 0 4.97118e+27 0.001 10 25000 1.543e+14 154 5 1 1 
-3.43317e+15 0 0 4.97118e+27 0.001 10 25000 1.543e+14 155 5 1 1 
-3.35602e+15 0 0 4.97118e+27 0.001 10 25000 1.543e+14 156 5 1 1 
-3.27887e+15 0 0 4.97118e+27 0.001 10 25000 1.543e+14 157 5 1 1 
-3.20172e+15 0 0 4.97118e+27 0.001 10 25000 1.543e+14 158 5 1 1 
-3.12457e+15 0 0 4.97118e+27 0.001 10 25000 1.543e+14 159 5 1 1 
-3.04742e+15 0 0 4.97118e+27 0.001 10 25000 1.543e+14 160 5 1 1 
-2.97027e+15 0 0 4.97118e+27 0.001 10 25000 1.543e+14 161 5 1 1 
-2.89312e+15 0 0 4.97118e+27 0.001 10 25000 1.543e+14 162 5 1 1 
-2.81597e+15 0 0 4.97118e+27 0.001 10 25000 1.543e+14 163 5 1 1 
-2.73882e+15 0 0 4.97118e+27 0.001 10 25000 1.543e+14 164 5 1 1 
-2.66167e+15 0 0 4.97118e+27 0.001 10 25000 1.543e+14 165 5 1 1 
-2.58452e+15 0 0 4.97118e+27 0.001 10 25000 1.543e+14 166 5 1 1 
-2.50737e+15 0 0 4.97118e+27 0.001 10 25000 1.543e+14 167 5 1 1 
-2.43022e+15 0 0 4.97118e+27 0.001 10 25000 1.543e+14 168 5 1 1 
-2.35307e+15 0 0 4.97118e+27 0.001 10 25000 1.543e+14 169 5 1 1 
-2.27592e+15 0 0 4.97118e+27 0.001 10 25000 1.543e+14 170 5 1 1 
-2.19877e+15 0 0 4.97118e+27 0.001 10 25000 1.543e+14 171 5 1 1 
-2.12162e+15 0 0 4.97118e+27 0.001 10 25000 1.543e+14 172 5 1 1 
-2.04447e+15 0 0 4.97118e+27 0.001 10 25000 1.543e+14 173 5 1 1 
-1.96732e+15 0 0 4.97118e+27 0.001 10 25000 1.543e+14 174 5 1 1 
-1.89017e+15 -1.18821e-43 -3.63266e-55 4.97118e+27 0.001 10 25000 1.543e+14 175 5 1 1 
-1.81302e+15 -1.03217e-13 -3.63266e-55 4.97118e+27 0.001 10 25000 1.543e+14 176 5 1 1 
-1.73587e+15 -2.4036e-13 0 4.97118e+27 0.001 10 25000 1.543e+14 177 5 1 1 
-1.65872e+15 -3.93746e-13 -1.84198e-24 4.97118e+27 0.001 10 25000 1.543e+14 178 5 1 1 
-1.58157e+15 -5.63129e-13 1.84198e-24 4.97118e+27 0.001 10 25000 1.543e+14 179 5 1 1 
-1.50442e+15 -7.31057e-13 -1.84198e-24 4.97118e+27 0.001 10 25000 1.543e+14 180 5 1 1 
-1.42727e+15 -9.31916e-13 1.84198e-24 4.97118e+27 0.001 10 25000 1.543e+14 181 5 1 1 
-1.35012e+15 -1.16437e-12 -1.84198e-24 4.97118e+27 0.001 10 25000 1.543e+14 182 5 1 1 
-1.27297e+15 -1.39244e-12 1.84198e-24 4.97118e+27 0.001 10 25000 1.543e+14 183 5 1 1 
-1.19582e+15 -1.57694e-12 -1.84198e-24 4.97118e+27 0.001 10 25000 1.543e+14 184 5 1 1 
-1.11867e+15 -1.73613e-12 1.84198e-24 4.97118e+27 0.001 10 25000 1.543e+14 185 5 1 1 
-1.04152e+15 -3.29041e-12 -1.0225e-38 4.97118e+27 0.001 10 25000 1.543e+14 186 4 1 1 
-9.64375e+14 3.102e-13 2.04501e-38 4.97118e+27 0.001 10 25000 1.543e+14 187 3 1 1 
-8.87225e+14 5.45112e-15 -2.90613e-54 4.97118e+27 0.001 10 25000 1.543e+14 188 3 1 1 
-8.10075e+14 -8.11433e-13 -2.87579e-39 4.97118e+27 0.001 10 25000 1.543e+14 189 3 1 1 
-7.32925e+14 2.93725e-13 -3.68395e-24 4.97118e+27 0.001 10 25000 1.543e+14 190 4 1 1 
-6.55775e+14 -1.93501e-12 -1.84198e-23 4.97118e+27 0.001 10 25000 1.543e+14 191 5 1 1 
-5.78625e+14 -1.49413e-12 4.05235e-23 4.97118e+27 0.001 10 25000 1.543e+14 192 5 1 1 
-5.01475e+14 -5.08483e-13 -2.39457e-23 4.97118e+27 0.001 10 25000 1.543e+14 193 4 1 1 
-4.24325e+14 -8.56842e-13 1.84198e-24 4.97118e+27 0.001 10 25000 1.543e+14 194 3 1 1 
-3.47175e+14 -6.50059e-13 1.47358e-23 4.97118e+27 0.001 10 25000 1.543e+14 195 4 1 1 
-2.70025e+14 -2.76789e-13 -1.47358e-23 4.97118e+27 0.001 10 25000 1.543e+14 196 5 1 1 
-1.92875e+14 -6.80453e-13 -7.36791e-24 4.97118e+27 0.001 10 25000 1.543e+14 197 4 1 1 
-1.15725e+14 3.2681e-13 1.84198e-24 4.97118e+27 0.001 10 25000 1.543e+14 198 3 1 1 
-3.8575e+13 -5.0648e-14 1.84198e-24 4.97118e+27 0.001 10 25000 1.543e+14 199 3 1 1 
3.8575e+13 -2.00816e-13 -6.71017e-39 4.97118e+27 0.001 10 25000 1.543e+14 200 4 1 1 
1.15725e+14 -3.99316e-13 3.68395e-24 4.97118e+27 0.001 10 25000 1.543e+14 201 3 1 1 
1.92875e+14 2.02987e-13 1.10519e-23 4.97118e+27 0.001 10 25000 1.543e+14 202 5 1 1 
2.70025e+14 -2.46134e-14 -1.10519e-23 4.97118e+27 0.001 10 25000 1.543e+14 203 4 1 1 
3.47175e+14 1.1825e-12 -2.76297e-23 4.97118e+27 0.001 10 25000 1.543e+14 204 3 1 1 
4.24325e+14 8.75548e-13 2.02618e-23 4.97118e+27 0.001 10 25000 1.543e+14 205 4 1 1 
5.01475e+14 -8.21409e-13 3.68395e-24 4.97118e+27 0.001 10 25000 1.543e+14 206 4 1 1 
5.78625e+14 -2.57656e-12 6.71017e-39 4.97118e+27 0.001 10 25000 1.543e+14 207 5 1 1 
6.55775e+14 -2.14474e-14 3.68395e-24 4.97118e+27 0.001 10 25000 1.543e+14 208 5 1 1 
7.32925e+14 -1.26286e-12 1.84198e-24 4.97118e+27 0.001 10 25000 1.543e+14 209 4 1 1 
8.10075e+14 1.92515e-12 -1.84198e-24 4.97118e+27 0.001 10 25000 1.543e+14 210 3 1 1 
8.87225e+14 8.17337e-13 -8.9469e-39 4.97118e+27 0.001 10 25000 1.543e+14 211 3 1 1 
9.64375e+14 4.80798e-12 -1.84198e-24 4.97118e+27 0.001 10 25000 1.543e+14 212 4 1 1 
1.04153e+15 3.10229e-12 1.84198e-24 4.97118e+27 0.001 10 25000 1.543e+14 213 5 1 1 
1.11868e+15 2.77461e-12 1.84198e-24 4.97118e+27 0.001 10 25000 1.543e+14 214 5 1 1 
1.19583e+15 2.26363e-12 -3.68395e-24 4.97118e+27 0.001 10 25000 1.543e+14 215 5 1 1 
1.27298e+15 1.76327e-12 3.68395e-24 4.97118e+27 0.001 10 25000 1.543e+14 216 5 1 1 
1.35013e+15 1.32557e-12 7.26532e-55 4.97118e+27 0.001 10 25000 1.543e+14 217 5 1 1 
1.42728e+15 9.53951e-13 7.26532e-55 4.97118e+27 0.001 10 25000 1.543e+14 218 5 1 1 
1.50443e+15 7.17231e-13 7.26532e-55 4.97118e+27 0.001 10 25000 1.543e+14 219 5 1 1 
1.58158e+15 4.7934e-13 0 4.97118e+27 0.001 10 25000 1.543e+14 220 5 1 1 
1.65873e+15 3.26148e-13 1.84198e-24 4.97118e+27 0.001 10 25000 1.543e+14 221 5 1 1 
1.73588e+15 1.89216e-13 -1.84198e-24 4.97118e+27 0.001 10 25000 1.543e+14 222 5 1 1 
1.81303e+15 5.1648e-14 1.84198e-24 4.97118e+27 0.001 10 25000 1.543e+14 223 5 1 1 
1.89018e+15 1.69811e-44 3.63266e-55 4.97118e+27 0.001 10 25000 1.543e+14 224 5 1 1 
1.96733e+15 0 0 4.97118e+27 0.001 10 25000 1.543e+14 225 5 1 1 
2.04448e+15 0 0 4.97118e+27 0.001 10 25000 1.543e+14 226 5 1 1 
2.12163e+15 0 0 4.97118e+27 0.001 10 25000 1.543e+14 227 5 1 1 
2.19878e+15 0 0 4.97118e+27 0.001 10 25000 1.543e+14 228 5 1 1 
2.27593e+15 0 0 4.97118e+27 0.001 10 25000 1.543e+14 229 5 1 1 
2.35308e+15 0 0 4.97118e+27 0.001 10 25000 1.543e+14 230 5 1 1 
2.43023e+15 0 0 4.97118e+27 0.001 10 25000 1.543e+14 231 5 1 1 
2.50738e+15 0 0 4.97118e+27 0.001 10 25000 1.543e+14 232 5 1 1 
2.58453e+15 0 0 4.97118e+27 0.001 10 25000 1.543e+14 233 5 1 1 
2.66168e+15 0 0 4.97118e+27 0.001 10 25000 1.543e+14 234 5 1 1 
2.73883e+15 0 0 4.97118e+27 0.001 10 25000 1.543e+14 235 5 1 1 
2.81598e+15 0 0 4.97118e+27 0.001 10 25000 1.543e+14 236 5 1 1 
2.89313e+15 -6.50481e-43 -3.63266e-55 4.97118e+27 0.001 10 25000 1.543e+14 237 5 1 1 
2.97028e+15 -1.69188e-13 0 4.97118e+27 0.001 10 25000 1.543e+14 238 5 1 1 
3.04743e+15 -3.37357e-13 3.63266e-55 4.97118e+27 0.001 10 25000 1.543e+14 239 5 1 1 
3.12458e+15 1.3306e-12 1.84198e-24 4.97118e+27 0.001 10 25000 1.543e+14 240 5 1 1 
3.20173e+15 1.14798e-12 2.1796e-54 4.97118e+27 0.001 10 25000 1.543e+14 241 5 1 1 
3.27888e+15 3.66864e-12 -4.35919e-54 4.97118e+27 0.001 10 25000 1.543e+14 242 5 1 1 
3.35603e+15 2.33488e-12 -1.84198e-24 4.97118e+27 0.001 10 25000 1.543e+14 243 5 1 1 
3.43318e+15 1.58744e-12 -3.68395e-24 4.97118e+27 0.001 10 25000 1.543e+14 244 5 1 1 
3.51033e+15 -1.25008e-12 1.01714e-53 4.97118e+27 0.001 10 25000 1.543e+14 245 5 1 1 
3.58748e+15 -5.0705e-13 3.68395e-24 4.97118e+27 0.001 10 25000 1.543e+14 246 5 1 1 
3.66463e+15 -3.38563e-12 3.68395e-24 4.97118e+27 0.001 10 25000 1.543e+14 247 5 1 1 
3.74178e+15 2.40059e-12 1.10519e-23 4.97118e+27 0.001 10 25000 1.543e+14 248 5 1 1 
3.81893e+15 -4.25441e-13 1.47358e-23 4.97118e+27 0.001 10 25000 1.543e+14 249 4 1 1 
3.89608e+15 4.25441e-13 -1.47358e-23 4.97118e+27 0.001 10 25000 1.543e+14 250 4 1 1 
3.97323e+15 -2.40059e-12 -1.10519e-23 4.97118e+27 0.001 10 25000 1.543e+14 251 5 1 1 
4.05038e+15 3.38563e-12 -3.68395e-24 4.97118e+27 0.001 10 25000 1.543e+14 252 5 1 1 
4.12753e+15 5.0705e-13 -3.68395e-24 4.97118e+27 0.001 10 25000 1.543e+14 253 5 1 1 
4.20468e+15 1.25008e-12 -1.01714e-53 4.97118e+27 0.001 10 25000 1.543e+14 254 5 1 1 
4.28183e+15 -1.58744e-12 3.68395e-24 4.97118e+27 0.001 10 25000 1.543e+14 255 5 1 1 
4.35898e+15 -2.33488e-12 1.84198e-24 4.97118e+27 0.001 10 25000 1.543e+14 256 5 1 1 
4.43613e+15 -3.66864e-12 4.35919e-54 4.97118e+27 0.001 10 25000 1.543e+14 257 5 1 1 
4.51328e+15 -1.14798e-12 -2.1796e-54 4.97118e+27 0.001 10 25000 1.543e+14 258 5 1 1 
4.59043e+15 -1.3306e-12 -1.84198e-24 4.97118e+27 0.001 10 25000 1.543e+14 259 5 1 1 
4.66758e+15 3.37357e-13 -3.63266e-55 4.97118e+27 0.001 10 25000 1.543e+14 260 5 1 1 
4.74473e+15 1.69188e-13 0 4.97118e+27 0.001 10 25000 1.543e+14 261 5 1 1 
4.82188e+15 6.50481e-43 3.63266e-55 4.97118e+27 0.001 10 25000 1.543e+14 262 5 1 1 
4.89903e+15 0 0 4.97118e+27 0.001 10 25000 1.543e+14 263 5 1 1 
4.97618e+15 0 0 4.97118e+27 0.001 10 25000 1.543e+14 264 5 1 1 
5.05333e+15 0 0 4.97118e+27 0.001 10 25000 1.543e+14 265 5 1 1 
5.13048e+15 0 0 4.97118e+27 0.001 10 25000 1.543e+14 266 5 1 1 
5.20763e+15 0 0 4.97118e+27 0.001 10 25000 1.543e+14 267 5 1 1 
5.28478e+15 0 0 4.97118e+27 0.001 10 25000 1.543e+14 268 5 1 1 
5.36193e+15 0 0 4.97118e+27 0.001 10 25000 1.543e+14 269 5 1 1 
5.43908e+15 0 0 4.97118e+27 0.001 10 25000 1.543e+14 270 5 1 1 
5.51623e+15 0 0 4.97118e+27 0.001 10 25000 1.543e+14 271 5 1 1 
5.59338e+15 0 0 4.97118e+27 0.001 10 25000 1.543e+14 272 5 1 1 
5.67053e+15 0 0 4.97118e+27 0.001 10 25000 1.543e+14 273 5 1 1 
5.74768e+15 0 0 4.97118e+27 0.001 10 25000 1.543e+14 274 5 1 1 
5.82483e+15 0 0 4.97118e+27 0.001 10 25000 1.543e+14 275 5 1 1 
5.90198e+15 0 0 4.97118e+27 0.001 10 25000 1.543e+14 276 5 1 1 
5.97913e+15 0 0 4.97118e+27 0.001 10 25000 1.543e+14 277 5 1 1 
6.05628e+15 0 0 4.97118e+27 0.001 10 25000 1.543e+14 278 5 1 1 
6.13343e+15 0 0 4.97118e+27 0.001 10 25000 1.543e+14 279 5 1 1 
6.21058e+15 -2.54267e-43 -3.63266e-55 4.97118e+27 0.001 10 25000 1.543e+14 280 5 1 1 
6.28773e+15 -6.85718e-14 -3.63266e-55 4.97118e+27 0.001 10 25000 1.543e+14 281 5 1 1 
6.36488e+15 -2.05192e-13 0 4.97118e+27 0.001 10 25000 1.543e+14 282 5 1 1 
6.44203e+15 -3.75697e-13 0 4.97118e+27 0.001 10 25000 1.543e+14 283 5 1 1 
6.51918e+15 -5.45239e-13 3.63266e-55 4.97118e+27 0.001 10 25000 1.543e+14 284 5 1 1 
6.59633e+15 -6.79199e-13 3.63266e-55 4.97118e+27 0.001 10 25000 1.543e+14 285 5 1 1 
6.67348e+15 -2.0921e-13 1.84198e-24 4.97118e+27 0.001 10 25000 1.543e+14 286 5 1 1 
6.75063e+15 -3.72816e-13 1.84198e-24 4.97118e+27 0.001 10 25000 1.543e+14 287 5 1 1 
6.82778e+15 3.01272e-12 3.68395e-24 4.97118e+27 0.001 10 25000 1.543e+14 288 5 1 1 
6.90493e+15 1.57333e-12 1.84198e-24 4.97118e+27 0.001 10 25000 1.543e+14 289 5 1 1 
6.98208e+15 8.93543e-13 5.52593e-24 4.97118e+27 0.001 10 25000 1.543e+14 290 5 1 1 
7.05923e+15 -1.10534e-12 3.68395e-24 4.97118e+27 0.001 10 25000 1.543e+14 291 5 1 1 
7.13638e+15 3.37134e-12 1.84198e-24 4.97118e+27 0.001 10 25000 1.543e+14 292 5 1 1 
7.21353e+15 1.78434e-12 1.84198e-24 4.97118e+27 0.001 10 25000 1.543e+14 293 5 1 1 
7.29068e+15 4.47874e-12 -1.52572e-53 4.97118e+27 0.001 10 25000 1.543e+14 294 5 1 1 
7.36783e+15 3.77879e-13 7.99185e-54 4.97118e+27 0.001 10 25000 1.543e+14 295 5 1 1 
7.44498e+15 -2.94198e-14 3.68395e-24 4.97118e+27 0.001 10 25000 1.543e+14 296 5 1 1 
7.52213e+15 -5.03344e-12 9.20989e-24 4.97118e+27 0.001 10 25000 1.543e+14 297 5 1 1 
7.59928e+15 5.9081e-12 -1.65778e-23 4.97118e+27 0.001 10 25000 1.543e+14 298 5 1 1 
7.67643e+15 9.20357e-14 -5.52593e-24 4.97118e+27 0.001 10 25000 1.543e+14 299 3 1 1 
7.75358e+15 -9.20357e-14 5.52593e-24 4.97118e+27 0.001 10 25000 1.543e+14 300 3 1 1 
7.83073e+15 -5.9081e-12 1.65778e-23 4.97118e+27 0.001 10 25000 1.543e+14 301 5 1 1 
7.90788e+15 5.03344e-12 -9.20989e-24 4.97118e+27 0.001 10 25000 1.543e+14 302 5 1 1 
7.98503e+15 2.94198e-14 -3.68395e-24 4.97118e+27 0.001 10 25000 1.543e+14 303 5 1 1 
8.06218e+15 -3.77879e-13 -7.99185e-54 4.97118e+27 0.001 10 25000 1.543e+14 304 5 1 1 
8.13933e+15 -4.47874e-12 1.52572e-53 4.97118e+27 0.001 10 25000 1.543e+14 305 5 1 1 
8.21648e+15 -1.78434e-12 -1.84198e-24 4.97118e+27 0.001 10 25000 1.543e+14 306 5 1 1 
8.29363e+15 -3.37134e-12 -1.84198e-24 4.97118e+27 0.001 10 25000 1.543e+14 307 5 1 1 
8.37078e+15 1.10534e-12 -3.68395e-24 4.97118e+27 0.001 10 25000 1.543e+14 308 5 1 1 
8.44793e+15 -8.93543e-13 -5.52593e-24 4.97118e+27 0.001 10 25000 1.543e+14 309 5 1 1 
8.52508e+15 -1.57333e-12 -1.84198e-24 4.97118e+27 0.001 10 25000 1.543e+14 310 5 1 1 
8.60223e+15 -3.01272e-12 -3.68395e-24 4.97118e+27 0.001 10 25000 1.543e+14 311 5 1 1 
8.67938e+15 3.72816e-13 -1.84198e-24 4.97118e+27 0.001 10 25000 1.543e+14 312 5 1 1 
8.75653e+15 2.0921e-13 -1.84198e-24 4.97118e+27 0.001 10 25000 1.543e+14 313 5 1 1 
8.83368e+15 6.79199e-13 -3.63266e-55 4.97118e+27 0.001 10 25000 1.543e+14 314 5 1 1 
8.91083e+15 5.45239e-13 -3.63266e-55 4.97118e+27 0.001 10 25000 1.543e+14 315 5 1 1 
8.98798e+15 3.75697e-13 0 4.97118e+27 0.001 10 25000 1.543e+14 316 5 1 1 
9.06513e+15 1.87993e-13 -1.84198e-24 4.97118e+27 0.001 10 25000 1.543e+14 317 5 1 1 
9.14228e+15 3.6081e-13 4.23655e-23 4.97118e+27 0.001 10 25000 1.543e+14 318 5 1 1 
9.21943e+15 -8.9793e-12 -8.69413e-22 4.97118e+27 0.001 10 25000 1.543e+14 319 4 1 1 
9.29658e+15 -1.51431e-10 -6.41745e-21 4.97118e+27 0.001 10 25000 1.543e+14 320 4 1 1 
9.37372e+15 -1.04775e-09 -4.02693e-20 4.97118e+27 0.001 10 25000 1.543e+14 321 4 1 1 
9.45087e+15 -5.94426e-09 -2.02319e-19 4.97118e+27 0.001 10 25000 1.543e+14 322 4 1 1 
9.52802e+15 -2.90464e-08 -9.04625e-19 4.97118e+27 0.001 10 25000 1.543e+14 323 4 1 1 
9.60517e+15 -1.27663e-07 -3.68728e-18 4.97118e+27 0.001 10 25000 1.543e+14 324 4 1 1 
9.68232e+15 -5.13033e-07 -1.3843e-17 4.97118e+27 0.001 10 25000 1.543e+14 325 4 1 1 
9.75947e+15 -1.91175e-06 -4.8427e-17 4.97118e+27 0.001 10 25000 1.543e+14 326 4 1 1 
9.83662e+15 -6.66179e-06 -1.58923e-16 4.97118e+27 0.001 10 25000 1.543e+14 327 4 1 1 
9.91377e+15 -2.18432e-05 -4.91722e-16 4.97118e+27 0.001 10 25000 1.543e+14 328 4 1 1 
9.99092e+15 -6.77014e-05 -1.43984e-15 4.97118e+27 0.001 10 25000 1.543e+14 329 4 1 1 
1.00681e+16 -0.000199043 -4.00138e-15 4.97118e+27 0.001 10 25000 1.543e+14 330 4 1 1 
1.01452e+16 -0.000556593 -1.0577e-14 4.97118e+27 0.001 10 25000 1.543e+14 331 4 1 1 
1.02224e+16 -0.00148355 -2.66392e-14 4.97118e+27 0.001 10 25000 1.543e+14 332 4 1 1 
1.02995e+16 -0.00377556 -6.40117e-14 4.97118e+27 0.001 10 25000 1.543e+14 333 4 1 1 
1.03767e+16 -0.00918707 -1.46902e-13 4.97118e+27 0.00100001 10.0001 25000.1 1.54299e+14 334 4 1 1 
1.04538e+16 -0.021398 -3.22221e-13 4.97118e+27 0.00100002 10.0002 25000.2 1.54297e+14 335 4 1 1 
1.0531e+16 -0.0477483 -6.75885e-13 4.97118e+27 0.00100004 10.0005 25000.4 1.54294e+14 336 4 1 1 
1.06081e+16 -0.102151 -1.35617e-12 4.97118e+27 0.00100008 10.0011 25000.8 1.54288e+14 337 4 1 1 
1.06853e+16 -0.209628 -2.60309e-12 4.97118e+27 0.00100016 10.0022 25001.6 1.54275e+14 338 4 1 1 
1.07624e+16 -0.412786 -4.77825e-12 4.97118e+27 0.00100032 10.0044 25003.1 1.54251e+14 339 4 1 1 
1.08395e+16 -0.780021 -8.38129e-12 4.97118e+27 0.0010006 10.0083 25005.9 1.54208e+14 340 4 1 0.999999 
1.09166e+16 -1.41414 -1.40274e-11 4.97118e+27 0.00100109 10.0152 25010.8 1.54132e+14 341 4 1 0.999998 
1.09936e+16 -2.45814 -2.23468e-11 4.97118e+27 0.0010019 10.0264 25018.9 1.54008e+14 342 4 1 0.999995 
1.10706e+16 -4.09208 -3.37616e-11 4.97118e+27 0.00100317 10.0442 25031.6 1.53812e+14 343 4 1 0.999988 
1.11475e+16 -6.51257 -4.81227e-11 4.97118e+27 0.00100507 10.0708 25050.5 1.53522e+14 344 4 1 0.999977 
1.12241e+16 -9.88708 -6.42811e-11 4.97118e+27 0.00100774 10.1083 25077.1 1.53115e+14 345 4 1 0.999961 
1.13006e+16 -14.2834 -7.98197e-11 4.97118e+27 0.00101125 10.1578 25112.2 1.52583e+14 346 4 1 0.999944 
1.13767e+16 -19.593 -9.13067e-11 4.97118e+27 0.00101557 10.2186 25155.2 1.51935e+14 347 4 1 0.99993 
1.14525e+16 -25.4853 -9.51828e-11 4.97118e+27 0.00102045 10.2877 25203.8 1.51208e+14 348 4 1 0.999929 
1.15279e+16 -31.4296 -8.91087e-11 4.97118e+27 0.0010255 10.3592 25253.9 1.50464e+14 349 4 1 0.999942 
1.1603e+16 -36.7802 -7.24233e-11 4.97118e+27 0.00103016 10.4255 25300.1 1.49782e+14 350 4 1 0.999977 
1.16777e+16 -40.6821 -3.337e-11 4.97118e+27 0.00103345 10.4728 25332.9 1.49306e+14 351 3 1 1 
1.17523e+16 -39.7619 1.23805e-10 4.97118e+27 0.00103063 10.4356 25307.4 1.49714e+14 352 4 1 1.00003 
1.18274e+16 -19.0069 5.11381e-10 4.97118e+27 0.00101412 10.2017 25144.5 1.52151e+14 353 4 1 0.9996 
1.19045e+16 13.8211 4.35249e-10 4.97118e+27 0.000990272 9.86284 24902.7 1.55816e+14 354 4 1 0.998397 
1.19833e+16 33.8234 1.97881e-10 4.97118e+27 0.000972666 9.61795 24723.8 1.58636e+14 355 4 1 0.998953 
1.20631e+16 47.4143 2.2682e-10 4.97118e+27 0.000959623 9.44031 24592.7 1.60792e+14 356 4 1 0.999493 
1.21441e+16 66.9252 3.22091e-10 4.97118e+27 0.000944039 9.22663 24432.7 1.63447e+14 357 4 1 0.999321 
1.22266e+16 90.2448 3.3108e-10 4.97118e+27 0.000925923 8.97895 24243.5 1.66645e+14 358 4 1 0.998973 
1.23107e+16 113.436 3.13875e-10 4.97118e+27 0.000907638 8.73157 24050.7 1.70002e+14 359 4 1 0.998887 
1.23966e+16 136.667 3.13208e-10 4.97118e+27 0.000889548 8.48904 23857.9 1.73459e+14 360 4 1 0.998879 
1.24842e+16 160.595 3.16925e-10 4.97118e+27 0.000871257 8.24572 23660.5 1.771e+14 361 4 1 0.998814 
1.25737e+16 185.284 3.17143e-10 4.97118e+27 0.000852726 8.00123 23458 1.80949e+14 362 4 1 0.998731 
1.26652e+16 210.633 3.16373e-10 4.97118e+27 0.000834041 7.75686 23251 1.85003e+14 363 4 1 0.998654 
1.27587e+16 236.639 3.16301e-10 4.97118e+27 0.000815208 7.51279 23039.7 1.89277e+14 364 4 1 0.998575 
1.28545e+16 263.309 3.15231e-10 4.97118e+27 0.000796237 7.26918 22823.7 1.93787e+14 365 4 1 0.998488 
1.29525e+16 290.697 3.14377e-10 4.97118e+27 0.000777143 7.02633 22603.3 1.98548e+14 366 4 1 0.998399 
1.30531e+16 318.733 3.12632e-10 4.97118e+27 0.000757945 6.78454 22378.3 2.03577e+14 367 4 1 0.998303 
1.31562e+16 347.498 3.09822e-10 4.97118e+27 0.000738693 6.54454 22149.2 2.08882e+14 368 4 1 0.998209 
1.3262e+16 376.887 3.06846e-10 4.97118e+27 0.00071943 6.30687 21916.4 2.14475e+14 369 4 1 0.998115 
1.33707e+16 406.793 3.01996e-10 4.97118e+27 0.000700229 6.0725 21680.6 2.20356e+14 370 4 1 0.998025 
1.34824e+16 437.078 2.93712e-10 4.97118e+27 0.000681264 5.8435 21443.9 2.26491e+14 371 4 1 0.99796 
1.35972e+16 467.241 2.80701e-10 4.97118e+27 0.000662805 5.62304 21209.6 2.32798e+14 372 4 1 0.997946 
1.37152e+16 496.668 2.60514e-10 4.97118e+27 0.000645242 5.41555 20983 2.39135e+14 373 4 1 0.998014 
1.38364e+16 524.344 2.32924e-10 4.97118e+27 0.000629044 5.22618 20770.8 2.45293e+14 374 4 1 0.998189 
1.39606e+16 549.264 1.98804e-10 4.97118e+27 0.000614634 5.05937 20579.2 2.51044e+14 375 4 1 0.998464 
1.40875e+16 571.236 1.72477e-10 4.97118e+27 0.000601956 4.91396 20408.6 2.56331e+14 376 4 1 0.998753 
1.42169e+16 591.921 1.7193e-10 4.97118e+27 0.00059003 4.77834 20246.1 2.61512e+14 377 4 1 0.99889 
1.4349e+16 614.664 1.95553e-10 4.97118e+27 0.000577471 4.63662 20072.8 2.67199e+14 378 4 1 0.998771 
1.44842e+16 640.223 2.01673e-10 4.97118e+27 0.00056418 4.48782 19886.7 2.73494e+14 379 4 1 0.998524 
1.46226e+16 664.034 1.53537e-10 4.97118e+27 0.000552302 4.35598 19718.1 2.79376e+14 380 4 1 0.998649 
1.47636e+16 678.746 5.96377e-11 4.97118e+27 0.000544867 4.27409 19611.6 2.83188e+14 381 4 1 0.999366 
1.49058e+16 681.143 -1.24028e-11 4.97118e+27 0.000542635 4.24981 19579.8 2.84353e+14 382 5 1 0.999934 
1.50479e+16 680.242 -2.95359e-12 4.97118e+27 0.000542772 4.25148 19582.2 2.84281e+14 383 4 1 0.999999 
1.519e+16 679.508 -8.0005e-12 4.97118e+27 0.000543121 4.25535 19587.5 2.84099e+14 384 4 1 0.999998 
1.5332e+16 678.477 -7.14988e-12 4.97118e+27 0.000543605 4.26073 19594.8 2.83846e+14 385 4 1 0.999998 
1.54739e+16 677.524 -6.22192e-12 4.97118e+27 0.000544092 4.26614 19602.1 2.83592e+14 386 4 1 0.999998 
1.56156e+16 676.731 -4.94e-12 4.97118e+27 0.000544516 4.27088 19608.6 2.83371e+14 387 4 1 0.999999 
1.57572e+16 676.102 -3.7653e-12 4.97118e+27 0.000544854 4.27469 19613.9 2.83195e+14 388 4 1 0.999999 
1.58988e+16 675.618 -2.85746e-12 4.97118e+27 0.000545112 4.27763 19618.1 2.83061e+14 389 4 1 1 
1.60403e+16 675.25 -2.18553e-12 4.97118e+27 0.000545304 4.27988 19621.5 2.82961e+14 390 4 1 1 
1.61818e+16 674.968 -1.69024e-12 4.97118e+27 0.000545447 4.2816 19624.3 2.82887e+14 391 4 1 1 
1.63232e+16 674.746 -1.35419e-12 4.97118e+27 0.000545551 4.28292 19626.6 2.82833e+14 392 4 1 1 
1.64646e+16 674.564 -1.13796e-12 4.97118e+27 0.000545627 4.28397 19628.7 2.82794e+14 393 4 1 1 
1.6606e+16 674.411 -9.94607e-13 4.97118e+27 0.000545671 4.28475 19630.6 2.82771e+14 394 3 1 1 
1.67474e+16 674.275 -8.93855e-13 4.97118e+27 0.000545634 4.28489 19632.6 2.8279e+14 395 4 1 1 
1.68888e+16 674.153 -8.08078e-13 4.97118e+27 0.000545271 4.28297 19636.9 2.82978e+14 396 4 1 1 
1.70304e+16 674.041 -7.22975e-13 4.97118e+27 0.000543696 4.26603 19615.9 2.83798e+14 397 4 1 0.999988 
1.71726e+16 673.938 -6.41135e-13 4.97118e+27 0.000530618 4.1119 19373.2 2.90793e+14 398 4 1 0.999675 
1.73213e+16 673.84 -5.63646e-13 4.97118e+27 0.000506577 4.3989 21708.9 3.04593e+14 399 4 1 0.994721 
1.74774e+16 673.747 -4.90203e-13 4.97118e+27 0.000481077 4.15304 21582 3.20739e+14 400 4 1 0.993712 
1.76423e+16 673.658 -4.17507e-13 4.97118e+27 0.00045862 4.49765 24517.3 3.36444e+14 401 4 1 0.993705 
1.7814e+16 673.573 -3.39042e-13 4.97118e+27 0.000450024 4.30334 23906.2 3.42871e+14 402 5 1 0.998663 
1.79852e+16 673.493 -2.51562e-13 4.97118e+27 0.000451632 4.28677 23729.4 3.4165e+14 403 4 1 0.999967 
1.81557e+16 673.41 -1.2717e-13 4.97118e+27 0.000453256 4.28637 23642.1 3.40426e+14 404 4 1 0.999987 
1.83256e+16 673.305 1.34745e-13 4.97118e+27 0.000454324 4.28748 23592.6 3.39625e+14 405 4 1 0.999996 
1.84953e+16 673.124 8.0202e-13 4.97118e+27 0.000454944 4.28728 23559.3 3.39162e+14 406 4 1 1 
1.86648e+16 672.688 2.91762e-12 4.97118e+27 0.00045515 4.28421 23531.8 3.39009e+14 407 3 1 1 
1.88343e+16 671.434 9.15857e-12 4.97118e+27 0.00045465 4.27349 23498.7 3.39382e+14 408 4 1 1 
1.90042e+16 667.763 2.71626e-11 4.97118e+27 0.000452518 4.2424 23437.4 3.40981e+14 409 4 1 0.999965 
1.91753e+16 658.127 6.91659e-11 4.97118e+27 0.000446633 4.16296 23301.2 3.45473e+14 410 4 1 0.999692 
1.93497e+16 634.147 1.64672e-10 4.97118e+27 0.000433387 3.9885 23006.6 3.56033e+14 411 4 1 0.998316 
1.95315e+16 585.324 3.18456e-10 4.97118e+27 0.000408268 3.66323 22429.4 3.77938e+14 412 4 1 0.993698 
1.97283e+16 481.757 7.13087e-10 4.97118e+27 0.00036593 3.1272 21362.9 4.21666e+14 413 4 1 0.982962 
1.99559e+16 291.986 1.02632e-09 4.97118e+27 0.000313829 2.4978 19898.9 4.9167e+14 414 4 1 0.964214 
2.0225e+16 104.645 6.89769e-10 4.97118e+27 0.000273433 2.04126 18666.3 5.64306e+14 415 4 1 0.962487 
2.0523e+16 17.264 1.97585e-10 4.97118e+27 0.000255022 1.84599 18098.1 6.05045e+14 416 4 1 0.986666 
2.08304e+16 0.194553 1.73743e-11 4.97118e+27 0.000250436 1.79934 17962.4 6.16126e+14 417 4 1 0.998831 
2.11391e+16 -0.264328 -2.8089e-12 4.97118e+27 0.000249964 1.79463 17949 6.17289e+14 418 5 1 0.999986 
2.14477e+16 0.00526881 -1.76743e-13 4.97118e+27 0.000249994 1.79494 17949.8 6.17214e+14 419 4 1 1 
2.17563e+16 0.00539728 2.77038e-14 4.97118e+27 0.000250001 1.79501 17950 6.17198e+14 420 3 1 1 
2.20649e+16 0.00130253 9.78398e-15 4.97118e+27 0.00025 1.795 17950 6.17199e+14 421 4 1 1 
2.23735e+16 0.00025881 2.13397e-15 4.97118e+27 0.00025 1.795 17950 6.172e+14 422 4 1 1 
2.26821e+16 4.68859e-05 4.128e-16 4.97118e+27 0.00025 1.795 17950 6.172e+14 423 4 1 1 
2.29907e+16 7.84639e-06 7.36647e-17 4.97118e+27 0.00025 1.795 17950 6.172e+14 424 4 1 1 
2.32993e+16 1.21296e-06 1.21458e-17 4.97118e+27 0.00025 1.795 17950 6.172e+14 425 4 1 1 
2.36079e+16 1.72736e-07 1.84599e-18 4.97118e+27 0.00025 1.795 17950 6.172e+14 426 4 1 1 
2.39165e+16 2.25777e-08 2.57771e-19 4.97118e+27 0.00025 1.795 17950 6.172e+14 427 4 1 1 
2.42251e+16 2.6923e-09 3.29801e-20 4.97118e+27 0.00025 1.795 17950 6.172e+14 428 4 1 1 
2.45337e+16 2.85606e-10 3.83085e-21 4.97118e+27 0.00025 1.795 17950 6.172e+14 429 4 1 1 
2.48423e+16 2.06928e-11 3.73921e-22 4.97118e+27 0.00025 1.795 17950 6.172e+14 430 4 1 1 
2.51509e+16 1.11515e-12 1.51963e-23 4.97118e+27 0.00025 1.795 17950 6.172e+14 431 5 1 1 
2.54595e+16 1.03348e-13 1.84198e-24 4.97118e+27 0.00025 1.795 17950 6.172e+14 432 5 1 1 
2.57681e+16 2.54757e-44 3.63266e-55 4.97118e+27 0.00025 1.795 17950 6.172e+14 433 5 1 1 
2.60767e+16 0 0 4.97118e+27 0.00025 1.795 17950 6.172e+14 434 5 1 1 
2.63853e+16 0 0 4.97118e+27 0.00025 1.795 17950 6.172e+14 435 5 1 1 
2.66939e+16 0 0 4.97118e+27 0.00025 1.795 17950 6.172e+14 436 5 1 1 
2.70025e+16 0 0 4.97118e+27 0.00025 1.795 17950 6.172e+14 437 5 1 1 
2.73111e+16 0 0 4.97118e+27 0.00025 1.795 17950 6.172e+14 438 5 1 1 
2.76197e+16 0 0 4.97118e+27 0.00025 1.795 17950 6.172e+14 439 5 1 1 
2.79283e+16 -5.51137e-44 -9.08165e-56 4.97118e+27 0.00025 1.795 17950 6.172e+14 440 5 1 1 
2.82369e+16 -9.04203e-14 -4.60494e-25 4.97118e+27 0.00025 1.795 17950 6.172e+14 441 5 1 1 
2.85455e+16 -4.29565e-13 -9.20989e-25 4.97118e+27 0.00025 1.795 17950 6.172e+14 442 5 1 1 
2.88541e+16 -1.20947e-12 -9.20989e-25 4.97118e+27 0.00025 1.795 17950 6.172e+14 443 5 1 1 
2.91627e+16 -2.53815e-12 -1.38148e-24 4.97118e+27 0.00025 1.795 17950 6.172e+14 444 5 1 1 
2.94713e+16 -5.07786e-12 -1.38148e-24 4.97118e+27 0.00025 1.795 17950 6.172e+14 445 5 1 1 
2.97799e+16 -6.6034e-12 3.22346e-24 4.97118e+27 0.00025 1.795 17950 6.172e+14 446 5 1 1 
3.00885e+16 -1.3207e-11 5.06544e-24 4.97118e+27 0.00025 1.795 17950 6.172e+14 447 5 1 1 
3.03971e+16 1.10132e-11 9.20989e-25 4.97118e+27 0.00025 1.795 17950 6.172e+14 448 5 1 1 
3.07057e+16 8.847e-13 -1.54861e-37 4.97118e+27 0.00025 1.795 17950 6.172e+14 449 3 1 1 
3.10143e+16 -8.847e-13 1.54861e-37 4.97118e+27 0.00025 1.795 17950 6.172e+14 450 3 1 1 
3.13229e+16 -1.10132e-11 -9.20989e-25 4.97118e+27 0.00025 1.795 17950 6.172e+14 451 5 1 1 
3.16315e+16 1.3207e-11 -5.06544e-24 4.97118e+27 0.00025 1.795 17950 6.172e+14 452 5 1 1 
3.19401e+16 6.6034e-12 -3.22346e-24 4.97118e+27 0.00025 1.795 17950 6.172e+14 453 5 1 1 
3.22487e+16 5.07786e-12 1.38148e-24 4.97118e+27 0.00025 1.795 17950 6.172e+14 454 5 1 1 
3.25573e+16 2.53815e-12 1.38148e-24 4.97118e+27 0.00025 1.795 17950 6.172e+14 455 5 1 1 
3.28659e+16 1.20947e-12 9.20989e-25 4.97118e+27 0.00025 1.795 17950 6.172e+14 456 5 1 1 
3.31745e+16 4.29565e-13 9.20989e-25 4.97118e+27 0.00025 1.795 17950 6.172e+14 457 5 1 1 
3.34831e+16 9.04203e-14 4.60494e-25 4.97118e+27 0.00025 1.795 17950 6.172e+14 458 5 1 1 
3.37917e+16 5.51137e-44 9.08165e-56 4.97118e+27 0.00025 1.795 17950 6.172e+14 459 5 1 1 
3.41003e+16 0 0 4.97118e+27 0.00025 1.795 17950 6.172e+14 460 5 1 1 
3.44089e+16 0 0 4.97118e+27 0.00025 1.795 17950 6.172e+14 461 5 1 1 
3.47175e+16 0 0 4.97118e+27 0.00025 1.795 17950 6.172e+14 462 5 1 1 
3.50261e+16 0 0 4.97118e+27 0.00025 1.795 17950 6.172e+14 463 5 1 1 
3.53347e+16 0 0 4.97118e+27 0.00025 1.795 17950 6.172e+14 464 5 1 1 
3.56433e+16 0 0 4.97118e+27 0.00025 1.795 17950 6.172e+14 465 5 1 1 
3.59519e+16 -2.80235e-44 -4.54082e-55 4.97118e+27 0.00025 1.795 17950 6.172e+14 466 5 1 1 
3.62605e+16 -1.03343e-13 -1.84198e-24 4.97118e+27 0.00025 1.795 17950 6.172e+14 467 5 1 1 
3.65691e+16 -1.27904e-12 -7.8284e-24 4.97118e+27 0.00025 1.795 17950 6.172e+14 468 5 1 1 
3.68777e+16 -1.71164e-11 -4.04314e-22 4.97118e+27 0.00025 1.795 17950 6.172e+14 469 4 1 1 
3.71863e+16 -2.98563e-10 -3.81381e-21 4.97118e+27 0.00025 1.795 17950 6.172e+14 470 4 1 1 
3.74949e+16 -2.68115e-09 -3.29709e-20 4.97118e+27 0.00025 1.795 17950 6.172e+14 471 4 1 1 
3.78035e+16 -2.25907e-08 -2.57727e-19 4.97118e+27 0.00025 1.795 17950 6.172e+14 472 4 1 1 
3.81121e+16 -1.72729e-07 -1.8461e-18 4.97118e+27 0.00025 1.795 17950 6.172e+14 473 4 1 1 
3.84207e+16 -1.21293e-06 -1.21457e-17 4.97118e+27 0.00025 1.795 17950 6.172e+14 474 4 1 1 
3.87293e+16 -7.8464e-06 -7.36648e-17 4.97118e+27 0.00025 1.795 17950 6.172e+14 475 4 1 1 
3.90379e+16 -4.68858e-05 -4.128e-16 4.97118e+27 0.00025 1.795 17950 6.172e+14 476 4 1 1 
3.93465e+16 -0.00025881 -2.13397e-15 4.97118e+27 0.00025 1.795 17950 6.172e+14 477 4 1 1 
3.96551e+16 -0.00130253 -9.78398e-15 4.97118e+27 0.00025 1.795 17950 6.17199e+14 478 4 1 1 
3.99637e+16 -0.00539728 -2.77038e-14 4.97118e+27 0.000250001 1.79501 17950 6.17198e+14 479 3 1 1 
4.02723e+16 -0.00526881 1.76743e-13 4.97118e+27 0.000249994 1.79494 17949.8 6.17214e+14 480 4 1 1 
4.05809e+16 0.264328 2.8089e-12 4.97118e+27 0.000249964 1.79463 17949 6.17289e+14 481 5 1 0.999986 
4.08896e+16 -0.194553 -1.73743e-11 4.97118e+27 0.000250436 1.79934 17962.4 6.16126e+14 482 4 1 0.998831 
4.1197e+16 -17.264 -1.97585e-10 4.97118e+27 0.000255022 1.84599 18098.1 6.05045e+14 483 4 1 0.986666 
4.1495e+16 -104.645 -6.89769e-10 4.97118e+27 0.000273433 2.04126 18666.3 5.64306e+14 484 4 1 0.962487 
4.17641e+16 -291.986 -1.02632e-09 4.97118e+27 0.000313829 2.4978 19898.9 4.9167e+14 485 4 1 0.964214 
4.19917e+16 -481.757 -7.13087e-10 4.97118e+27 0.00036593 3.1272 21362.9 4.21666e+14 486 4 1 0.982962 
4.21885e+16 -585.324 -3.18456e-10 4.97118e+27 0.000408268 3.66323 22429.4 3.77938e+14 487 4 1 0.993698 
4.23703e+16 -634.147 -1.64672e-10 4.97118e+27 0.000433387 3.9885 23006.6 3.56033e+14 488 4 1 0.998316 
4.25447e+16 -658.127 -6.91659e-11 4.97118e+27 0.000446633 4.16296 23301.2 3.45473e+14 489 4 1 0.999692 
4.27158e+16 -667.763 -2.71626e-11 4.97118e+27 0.000452518 4.2424 23437.4 3.40981e+14 490 4 1 0.999965 
4.28857e+16 -671.434 -9.15857e-12 4.97118e+27 0.00045465 4.27349 23498.7 3.39382e+14 491 4 1 1 
4.30552e+16 -672.688 -2.91762e-12 4.97118e+27 0.00045515 4.28421 23531.8 3.39009e+14 492 3 1 1 
4.32247e+16 -673.124 -8.0202e-13 4.97118e+27 0.000454944 4.28728 23559.3 3.39162e+14 493 4 1 1 
4.33944e+16 -673.305 -1.34745e-13 4.97118e+27 0.000454324 4.28748 23592.6 3.39625e+14 494 4 1 0.999996 
4.35643e+16 -673.41 1.2717e-13 4.97118e+27 0.000453256 4.28637 23642.1 3.40426e+14 495 4 1 0.999987 
4.37348e+16 -673.493 2.51562e-13 4.97118e+27 0.000451632 4.28677 23729.4 3.4165e+14 496 4 1 0.999967 
4.3906e+16 -673.573 3.39042e-13 4.97118e+27 0.000450024 4.30334 23906.2 3.42871e+14 497 5 1 0.998663 
4.40777e+16 -673.658 4.17507e-13 4.97118e+27 0.00045862 4.49765 24517.3 3.36444e+14 498 4 1 0.993705 
4.42426e+16 -673.747 4.90203e-13 4.97118e+27 0.000481077 4.15304 21582 3.20739e+14 499 4 1 0.993712 
