# Time [s]: 3.0226e+12
# Columns: pos [pc], vel [pc/s], acc [pc/s^2], mass [Msun], dens [g/cm^3], pres [barye], ene [erg/g], sml [pc], id, neighbor, alpha, gradh, ...additional?
4.4323e+16 -673.78 5.10493e-13 4.97118e+27 0.000506612 4.39931 21709.5 3.04573e+14 0 4 1 0.994719 
4.44717e+16 -673.869 5.87175e-13 4.97118e+27 0.000530657 4.11233 19373.7 2.90771e+14 1 4 1 0.999675 
4.46139e+16 -673.963 6.67796e-13 4.97118e+27 0.00054374 4.26651 19616.5 2.83775e+14 2 4 1 0.999988 
4.47555e+16 -674.066 7.46556e-13 4.97118e+27 0.00054532 4.28351 19637.6 2.82953e+14 3 4 1 1 
4.48969e+16 -674.179 8.23647e-13 4.97118e+27 0.000545687 4.28548 19633.4 2.82763e+14 4 4 1 1 
4.50382e+16 -674.304 9.0992e-13 4.97118e+27 0.000545731 4.28541 19631.5 2.8274e+14 5 3 1 1 
4.51796e+16 -674.443 1.02074e-12 4.97118e+27 0.000545695 4.28473 19629.7 2.82758e+14 6 4 1 1 
4.5321e+16 -674.603 1.18349e-12 4.97118e+27 0.000545632 4.28382 19627.8 2.82791e+14 7 4 1 1 
4.54624e+16 -674.793 1.43234e-12 4.97118e+27 0.000545547 4.2827 19625.7 2.82835e+14 8 4 1 1 
4.56038e+16 -675.028 1.79393e-12 4.97118e+27 0.000545432 4.28129 19623.4 2.82895e+14 9 4 1 1 
4.57453e+16 -675.328 2.3171e-12 4.97118e+27 0.000545278 4.27946 19620.5 2.82975e+14 10 4 1 1 
4.58868e+16 -675.72 3.06218e-12 4.97118e+27 0.000545071 4.27707 19617 2.83083e+14 11 4 1 1 
4.60284e+16 -676.229 4.01523e-12 4.97118e+27 0.000544795 4.27394 19612.6 2.83226e+14 12 4 1 0.999999 
4.617e+16 -676.889 5.12142e-12 4.97118e+27 0.00054444 4.26997 19607.1 2.8341e+14 13 4 1 0.999999 
-1.54082e+16 -677.714 6.37991e-12 4.97118e+27 0.000544009 4.26517 19600.6 2.83635e+14 14 4 1 0.999998 
-1.52663e+16 -678.656 7.1687e-12 4.97118e+27 0.000543529 4.25983 19593.4 2.83886e+14 15 4 1 0.999998 
-1.51243e+16 -679.632 7.30437e-12 4.97118e+27 0.000543087 4.25492 19586.7 2.84116e+14 16 4 1 0.999998 
-1.49822e+16 -680.192 2.60264e-12 4.97118e+27 0.000542776 4.25147 19582 2.84279e+14 17 5 1 0.999999 
-1.484e+16 -681.176 6.82171e-12 4.97118e+27 0.000542861 4.25222 19582.9 2.84235e+14 18 4 1 0.99989 
-1.4698e+16 -676.939 -7.40587e-11 4.97118e+27 0.000545752 4.28378 19624.1 2.82729e+14 19 4 1 0.999277 
-1.45573e+16 -660.903 -1.59706e-10 4.97118e+27 0.000553817 4.37271 19739.6 2.78612e+14 20 4 1 0.998654 
-1.44193e+16 -637.101 -1.98445e-10 4.97118e+27 0.000565794 4.50579 19909.3 2.72714e+14 21 4 1 0.998594 
-1.42846e+16 -612.19 -1.89792e-10 4.97118e+27 0.000578818 4.65173 20091.4 2.66578e+14 22 4 1 0.998832 
-1.41527e+16 -590.095 -1.68009e-10 4.97118e+27 0.000591061 4.79 20260.1 2.61056e+14 23 4 1 0.998933 
-1.40235e+16 -569.818 -1.70074e-10 4.97118e+27 0.000602749 4.923 20419.2 2.55994e+14 24 4 1 0.998806 
-1.38967e+16 -548.322 -1.94445e-10 4.97118e+27 0.000615172 5.06555 20586.3 2.50824e+14 25 4 1 0.998546 
-1.37726e+16 -524.012 -2.25829e-10 4.97118e+27 0.000629196 5.22793 20772.7 2.45234e+14 26 4 1 0.998296 
-1.36514e+16 -497.216 -2.52023e-10 4.97118e+27 0.000644888 5.41137 20978.3 2.39266e+14 27 4 1 0.998137 
-1.35333e+16 -468.797 -2.70539e-10 4.97118e+27 0.000661857 5.61176 21197.4 2.33132e+14 28 4 1 0.998076 
-1.34183e+16 -439.689 -2.82917e-10 4.97118e+27 0.00067966 5.82423 21423.6 2.27025e+14 29 4 1 0.99809 
-1.33062e+16 -410.43 -2.90212e-10 4.97118e+27 0.000697932 6.04461 21652.1 2.21082e+14 30 4 1 0.998145 
-1.31971e+16 -381.487 -2.95341e-10 4.97118e+27 0.00071643 6.27007 21879.8 2.15373e+14 31 4 1 0.998223 
-1.30908e+16 -353.085 -2.98529e-10 4.97118e+27 0.000735012 6.49891 22105 2.09928e+14 32 4 1 0.99831 
-1.29872e+16 -325.227 -3.00604e-10 4.97118e+27 0.000753582 6.72992 22326.6 2.04755e+14 33 4 1 0.998397 
-1.2886e+16 -298.029 -3.02577e-10 4.97118e+27 0.000772098 6.96254 22544.4 1.99845e+14 34 4 1 0.998483 
-1.27873e+16 -271.443 -3.03395e-10 4.97118e+27 0.000790527 7.19628 22758.1 1.95186e+14 35 4 1 0.998564 
-1.26908e+16 -245.518 -3.04725e-10 4.97118e+27 0.00080885 7.43087 22967.5 1.90765e+14 36 4 1 0.998642 
-1.25965e+16 -220.246 -3.05226e-10 4.97118e+27 0.000827061 7.66613 23173 1.86564e+14 37 4 1 0.998718 
-1.25042e+16 -195.582 -3.05137e-10 4.97118e+27 0.00084513 7.9016 23374.1 1.82576e+14 38 4 1 0.998787 
-1.24139e+16 -171.482 -3.05822e-10 4.97118e+27 0.000863057 8.13724 23571.1 1.78783e+14 39 4 1 0.998856 
-1.23254e+16 -148.033 -3.04688e-10 4.97118e+27 0.00088082 8.37268 23764 1.75178e+14 40 4 1 0.99893 
-1.22387e+16 -125.285 -3.00695e-10 4.97118e+27 0.000898336 8.60663 23951.8 1.71762e+14 41 4 1 0.998973 
-1.21536e+16 -103.168 -3.05666e-10 4.97118e+27 0.000915749 8.84096 24136.3 1.68496e+14 42 4 1 0.998974 
-1.20702e+16 -80.7648 -3.22927e-10 4.97118e+27 0.000933431 9.08118 24322 1.65304e+14 43 4 1 0.999108 
-1.19883e+16 -58.6925 -2.95852e-10 4.97118e+27 0.000950545 9.31589 24499.9 1.62328e+14 44 4 1 0.99946 
-1.19078e+16 -41.6089 -1.91336e-10 4.97118e+27 0.000964625 9.50879 24643.4 1.59959e+14 45 4 1 0.999494 
-1.18284e+16 -28.848 -2.21577e-10 4.97118e+27 0.000977299 9.68171 24770.6 1.57884e+14 46 4 1 0.99882 
-1.175e+16 -6.20415 -4.78186e-10 4.97118e+27 0.000996125 9.94548 24962.2 1.549e+14 47 4 1 0.998643 
-1.16734e+16 25.6674 -4.33557e-10 4.97118e+27 0.00101899 10.2708 25192.9 1.51425e+14 48 4 1 0.99983 
-1.15985e+16 40.3642 -5.68525e-11 4.97118e+27 0.00103186 10.4523 25318.8 1.49536e+14 49 4 1 1.00001 
-1.15239e+16 39.4381 4.59966e-11 4.97118e+27 0.0010325 10.459 25323.3 1.49443e+14 50 3 1 1.00001 
-1.14491e+16 35.2653 7.38051e-11 4.97118e+27 0.00102889 10.4074 25287.4 1.49967e+14 51 4 1 0.999969 
-1.13739e+16 29.9465 8.77016e-11 4.97118e+27 0.00102427 10.3418 25241.7 1.50644e+14 52 4 1 0.999943 
-1.12984e+16 24.1697 9.19572e-11 4.97118e+27 0.00101938 10.2726 25193.1 1.51366e+14 53 4 1 0.999933 
-1.12226e+16 18.5282 8.70131e-11 4.97118e+27 0.00101472 10.2067 25146.7 1.52062e+14 54 4 1 0.999936 
-1.11464e+16 13.4949 7.5426e-11 4.97118e+27 0.00101064 10.1491 25106 1.52676e+14 55 4 1 0.999949 
-1.10699e+16 9.35185 6.04642e-11 4.97118e+27 0.00100732 10.1025 25073 1.53179e+14 56 4 1 0.999966 
-1.09932e+16 6.17922 4.52137e-11 4.97118e+27 0.00100481 10.0672 25047.9 1.53561e+14 57 4 1 0.99998 
-1.09163e+16 3.90194 3.1776e-11 4.97118e+27 0.00100302 10.0422 25030.1 1.53835e+14 58 4 1 0.99999 
-1.08393e+16 2.35961 2.11205e-11 4.97118e+27 0.00100182 10.0254 25018.1 1.54019e+14 59 4 1 0.999995 
-1.07623e+16 1.3687 1.33405e-11 4.97118e+27 0.00100105 10.0147 25010.5 1.54138e+14 60 4 1 0.999998 
-1.06852e+16 0.762358 8.03528e-12 4.97118e+27 0.00100059 10.0081 25005.8 1.5421e+14 61 4 1 0.999999 
-1.06081e+16 0.407998 4.6257e-12 4.97118e+27 0.00100031 10.0043 25003.1 1.54252e+14 62 4 1 1 
-1.0531e+16 0.20985 2.54866e-12 4.97118e+27 0.00100016 10.0022 25001.6 1.54275e+14 63 4 1 1 
-1.04538e+16 0.103727 1.34506e-12 4.97118e+27 0.00100008 10.0011 25000.8 1.54288e+14 64 4 1 1 
-1.03767e+16 0.0492589 6.80158e-13 4.97118e+27 0.00100004 10.0005 25000.4 1.54294e+14 65 4 1 1 
-1.02995e+16 0.0224646 3.29553e-13 4.97118e+27 0.00100002 10.0002 25000.2 1.54297e+14 66 4 1 1 
-1.02224e+16 0.00983265 1.52965e-13 4.97118e+27 0.00100001 10.0001 25000.1 1.54299e+14 67 4 1 1 
-1.01452e+16 0.00412729 6.7987e-14 4.97118e+27 0.001 10 25000 1.543e+14 68 4 1 1 
-1.00681e+16 0.00165985 2.89167e-14 4.97118e+27 0.001 10 25000 1.543e+14 69 4 1 1 
-9.99092e+15 0.000638813 1.17596e-14 4.97118e+27 0.001 10 25000 1.543e+14 70 4 1 1 
-9.91377e+15 0.000234938 4.56746e-15 4.97118e+27 0.001 10 25000 1.543e+14 71 4 1 1 
-9.83662e+15 8.24208e-05 1.69192e-15 4.97118e+27 0.001 10 25000 1.543e+14 72 4 1 1 
-9.75947e+15 2.75205e-05 5.96652e-16 4.97118e+27 0.001 10 25000 1.543e+14 73 4 1 1 
-9.68232e+15 8.72146e-06 1.99847e-16 4.97118e+27 0.001 10 25000 1.543e+14 74 4 1 1 
-9.60517e+15 2.61376e-06 6.33879e-17 4.97118e+27 0.001 10 25000 1.543e+14 75 4 1 1 
-9.52802e+15 7.37236e-07 1.89648e-17 4.97118e+27 0.001 10 25000 1.543e+14 76 4 1 1 
-9.45087e+15 1.94449e-07 5.32469e-18 4.97118e+27 0.001 10 25000 1.543e+14 77 4 1 1 
-9.37372e+15 4.75307e-08 1.39234e-18 4.97118e+27 0.001 10 25000 1.543e+14 78 4 1 1 
-9.29657e+15 1.06312e-08 3.35323e-19 4.97118e+27 0.001 10 25000 1.543e+14 79 4 1 1 
-9.21942e+15 2.10581e-09 7.3296e-20 4.97118e+27 0.001 10 25000 1.543e+14 80 4 1 1 
-9.14227e+15 3.76955e-10 1.40027e-20 4.97118e+27 0.001 10 25000 1.543e+14 81 4 1 1 
-9.06512e+15 4.43844e-11 2.73718e-21 4.97118e+27 0.001 10 25000 1.543e+14 82 4 1 1 
-8.98797e+15 -4.14188e-13 1.84198e-23 4.97118e+27 0.001 10 25000 1.543e+14 83 5 1 1 
-8.91082e+15 3.45085e-14 -1.27813e-39 4.97118e+27 0.001 10 25000 1.543e+14 84 5 1 1 
-8.83367e+15 6.8056e-45 0 4.97118e+27 0.001 10 25000 1.543e+14 85 5 1 1 
-8.75652e+15 0 0 4.97118e+27 0.001 10 25000 1.543e+14 86 5 1 1 
-8.67937e+15 0 0 4.97118e+27 0.001 10 25000 1.543e+14 87 5 1 1 
-8.60222e+15 0 0 4.97118e+27 0.001 10 25000 1.543e+14 88 5 1 1 
-8.52507e+15 0 0 4.97118e+27 0.001 10 25000 1.543e+14 89 5 1 1 
-8.44792e+15 0 0 4.97118e+27 0.001 10 25000 1.543e+14 90 5 1 1 
-8.37077e+15 0 0 4.97118e+27 0.001 10 25000 1.543e+14 91 5 1 1 
-8.29362e+15 0 0 4.97118e+27 0.001 10 25000 1.543e+14 92 5 1 1 
-8.21647e+15 0 0 4.97118e+27 0.001 10 25000 1.543e+14 93 5 1 1 
-8.13932e+15 0 0 4.97118e+27 0.001 10 25000 1.543e+14 94 5 1 1 
-8.06217e+15 0 0 4.97118e+27 0.001 10 25000 1.543e+14 95 5 1 1 
-7.98502e+15 0 0 4.97118e+27 0.001 10 25000 1.543e+14 96 5 1 1 
-7.90787e+15 0 0 4.97118e+27 0.001 10 25000 1.543e+14 97 5 1 1 
-7.83072e+15 0 0 4.97118e+27 0.001 10 25000 1.543e+14 98 5 1 1 
-7.75357e+15 0 0 4.97118e+27 0.001 10 25000 1.543e+14 99 5 1 1 
-7.67642e+15 0 0 4.97118e+27 0.001 10 25000 1.543e+14 100 5 1 1 
-7.59927e+15 0 0 4.97118e+27 0.001 10 25000 1.543e+14 101 5 1 1 
-7.52212e+15 0 0 4.97118e+27 0.001 10 25000 1.543e+14 102 5 1 1 
-7.44497e+15 0 0 4.97118e+27 0.001 10 25000 1.543e+14 103 5 1 1 
-7.36782e+15 0 0 4.97118e+27 0.001 10 25000 1.543e+14 104 5 1 1 
-7.29067e+15 0 0 4.97118e+27 0.001 10 25000 1.543e+14 105 5 1 1 
-7.21352e+15 0 0 4.97118e+27 0.001 10 25000 1.543e+14 106 5 1 1 
-7.13637e+15 0 0 4.97118e+27 0.001 10 25000 1.543e+14 107 5 1 1 
-7.05922e+15 0 0 4.97118e+27 0.001 10 25000 1.543e+14 108 5 1 1 
-6.98207e+15 0 0 4.97118e+27 0.001 10 25000 1.543e+14 109 5 1 1 
-6.90492e+15 0 0 4.97118e+27 0.001 10 25000 1.543e+14 110 5 1 1 
-6.82777e+15 0 0 4.97118e+27 0.001 10 25000 1.543e+14 111 5 1 1 
-6.75062e+15 0 0 4.97118e+27 0.001 10 25000 1.543e+14 112 5 1 1 
-6.67347e+15 0 0 4.97118e+27 0.001 10 25000 1.543e+14 113 5 1 1 
-6.59632e+15 0 0 4.97118e+27 0.001 10 25000 1.543e+14 114 5 1 1 
-6.51917e+15 0 0 4.97118e+27 0.001 10 25000 1.543e+14 115 5 1 1 
-6.44202e+15 0 0 4.97118e+27 0.001 10 25000 1.543e+14 116 5 1 1 
-6.36487e+15 0 0 4.97118e+27 0.001 10 25000 1.543e+14 117 5 1 1 
-6.28772e+15 0 0 4.97118e+27 0.001 10 25000 1.543e+14 118 5 1 1 
-6.21057e+15 0 0 4.97118e+27 0.001 10 25000 1.543e+14 119 5 1 1 
-6.13342e+15 0 0 4.97118e+27 0.001 10 25000 1.543e+14 120 5 1 1 
-6.05627e+15 0 0 4.97118e+27 0.001 10 25000 1.543e+14 121 5 1 1 
-5.97912e+15 0 0 4.97118e+27 0.001 10 25000 1.543e+14 122 5 1 1 
-5.90197e+15 0 0 4.97118e+27 0.001 10 25000 1.543e+14 123 5 1 1 
-5.82482e+15 0 0 4.97118e+27 0.001 10 25000 1.543e+14 124 5 1 1 
-5.74767e+15 0 0 4.97118e+27 0.001 10 25000 1.543e+14 125 5 1 1 
-5.67052e+15 0 0 4.97118e+27 0.001 10 25000 1.543e+14 126 5 1 1 
-5.59337e+15 0 0 4.97118e+27 0.001 10 25000 1.543e+14 127 5 1 1 
-5.51622e+15 0 0 4.97118e+27 0.001 10 25000 1.543e+14 128 5 1 1 
-5.43907e+15 0 0 4.97118e+27 0.001 10 25000 1.543e+14 129 5 1 1 
-5.36192e+15 0 0 4.97118e+27 0.001 10 25000 1.543e+14 130 5 1 1 
-5.28477e+15 0 0 4.97118e+27 0.001 10 25000 1.543e+14 131 5 1 1 
-5.20762e+15 0 0 4.97118e+27 0.001 10 25000 1.543e+14 132 5 1 1 
-5.13047e+15 0 0 4.97118e+27 0.001 10 25000 1.543e+14 133 5 1 1 
-5.05332e+15 0 0 4.97118e+27 0.001 10 25000 1.543e+14 134 5 1 1 
-4.97617e+15 0 0 4.97118e+27 0.001 10 25000 1.543e+14 135 5 1 1 
-4.89902e+15 0 0 4.97118e+27 0.001 10 25000 1.543e+14 136 5 1 1 
-4.82187e+15 0 0 4.97118e+27 0.001 10 25000 1.543e+14 137 5 1 1 
-4.74472e+15 0 0 4.97118e+27 0.001 10 25000 1.543e+14 138 5 1 1 
-4.66757e+15 0 0 4.97118e+27 0.001 10 25000 1.543e+14 139 5 1 1 
-4.59042e+15 0 0 4.97118e+27 0.001 10 25000 1.543e+14 140 5 1 1 
-4.51327e+15 0 0 4.97118e+27 0.001 10 25000 1.543e+14 141 5 1 1 
-4.43612e+15 0 0 4.97118e+27 0.001 10 25000 1.543e+14 142 5 1 1 
-4.35897e+15 0 0 4.97118e+27 0.001 10 25000 1.543e+14 143 5 1 1 
-4.28182e+15 0 0 4.97118e+27 0.001 10 25000 1.543e+14 144 5 1 1 
-4.20467e+15 0 0 4.97118e+27 0.001 10 25000 1.543e+14 145 5 1 1 
-4.12752e+15 0 0 4.97118e+27 0.001 10 25000 1.543e+14 146 5 1 1 
-4.05037e+15 0 0 4.97118e+27 0.001 10 25000 1.543e+14 147 5 1 1 
-3.97322e+15 0 0 4.97118e+27 0.001 10 25000 1.543e+14 148 5 1 1 
-3.89607e+15 0 0 4.97118e+27 0.001 10 25000 1.543e+14 149 5 1 1 
-3.81892e+15 0 0 4.97118e+27 0.001 10 25000 1.543e+14 150 5 1 1 
-3.74177e+15 0 0 4.97118e+27 0.001 10 25000 1.543e+14 151 5 1 1 
-3.66462e+15 0 0 4.97118e+27 0.001 10 25000 1.543e+14 152 5 1 1 
-3.58747e+15 0 0 4.97118e+27 0.001 10 25000 1.543e+14 153 5 1 1 
-3.51032e+15 0 0 4.97118e+27 0.001 10 25000 1.543e+14 154 5 1 1 
-3.43317e+15 0 0 4.97118e+27 0.001 10 25000 1.543e+14 155 5 1 1 
-3.35602e+15 0 0 4.97118e+27 0.001 10 25000 1.543e+14 156 5 1 1 
-3.27887e+15 0 0 4.97118e+27 0.001 10 25000 1.543e+14 157 5 1 1 
-3.20172e+15 0 0 4.97118e+27 0.001 10 25000 1.543e+14 158 5 1 1 
-3.12457e+15 0 0 4.97118e+27 0.001 10 25000 1.543e+14 159 5 1 1 
-3.04742e+15 0 0 4.97118e+27 0.001 10 25000 1.543e+14 160 5 1 1 
-2.97027e+15 0 0 4.97118e+27 0.001 10 25000 1.543e+14 161 5 1 1 
-2.89312e+15 0 0 4.97118e+27 0.001 10 25000 1.543e+14 162 5 1 1 
-2.81597e+15 0 0 4.97118e+27 0.001 10 25000 1.543e+14 163 5 1 1 
-2.73882e+15 0 0 4.97118e+27 0.001 10 25000 1.543e+14 164 5 1 1 
-2.66167e+15 0 0 4.97118e+27 0.001 10 25000 1.543e+14 165 5 1 1 
-2.58452e+15 0 0 4.97118e+27 0.001 10 25000 1.543e+14 166 5 1 1 
-2.50737e+15 0 0 4.97118e+27 0.001 10 25000 1.543e+14 167 5 1 1 
-2.43022e+15 0 0 4.97118e+27 0.001 10 25000 1.543e+14 168 5 1 1 
-2.35307e+15 0 0 4.97118e+27 0.001 10 25000 1.543e+14 169 5 1 1 
-2.27592e+15 0 0 4.97118e+27 0.001 10 25000 1.543e+14 170 5 1 1 
-2.19877e+15 0 0 4.97118e+27 0.001 10 25000 1.543e+14 171 5 1 1 
-2.12162e+15 0 0 4.97118e+27 0.001 10 25000 1.543e+14 172 5 1 1 
-2.04447e+15 0 0 4.97118e+27 0.001 10 25000 1.543e+14 173 5 1 1 
-1.96732e+15 0 0 4.97118e+27 0.001 10 25000 1.543e+14 174 5 1 1 
-1.89017e+15 -1.59638e-43 -3.63266e-55 4.97118e+27 0.001 10 25000 1.543e+14 175 5 1 1 
-1.81302e+15 -1.37714e-13 -3.63266e-55 4.97118e+27 0.001 10 25000 1.543e+14 176 5 1 1 
-1.73587e+15 -2.74838e-13 0 4.97118e+27 0.001 10 25000 1.543e+14 177 5 1 1 
-1.65872e+15 -4.10995e-13 0 4.97118e+27 0.001 10 25000 1.543e+14 178 5 1 1 
-1.58157e+15 -5.80388e-13 0 4.97118e+27 0.001 10 25000 1.543e+14 179 5 1 1 
-1.50442e+15 -7.31057e-13 -1.84198e-24 4.97118e+27 0.001 10 25000 1.543e+14 180 5 1 1 
-1.42727e+15 -9.31916e-13 1.84198e-24 4.97118e+27 0.001 10 25000 1.543e+14 181 5 1 1 
-1.35012e+15 -1.16437e-12 -1.84198e-24 4.97118e+27 0.001 10 25000 1.543e+14 182 5 1 1 
-1.27297e+15 -1.39244e-12 1.84198e-24 4.97118e+27 0.001 10 25000 1.543e+14 183 5 1 1 
-1.19582e+15 -1.52518e-12 1.27813e-39 4.97118e+27 0.001 10 25000 1.543e+14 184 5 1 1 
-1.11867e+15 -1.6844e-12 -1.78938e-38 4.97118e+27 0.001 10 25000 1.543e+14 185 5 1 1 
-1.04152e+15 -3.29041e-12 -1.0225e-38 4.97118e+27 0.001 10 25000 1.543e+14 186 4 1 1 
-9.64375e+14 3.102e-13 2.04501e-38 4.97118e+27 0.001 10 25000 1.543e+14 187 3 1 1 
-8.87225e+14 5.45112e-15 1.15032e-38 4.97118e+27 0.001 10 25000 1.543e+14 188 3 1 1 
-8.10075e+14 -7.07957e-13 -2.58821e-38 4.97118e+27 0.001 10 25000 1.543e+14 189 3 1 1 
-7.32925e+14 -1.29314e-12 -1.47358e-23 4.97118e+27 0.001 10 25000 1.543e+14 190 3 1 1 
-6.55775e+14 -1.34813e-12 2.21037e-23 4.97118e+27 0.001 10 25000 1.543e+14 191 4 1 1 
-5.78625e+14 -1.49423e-13 -1.10519e-23 4.97118e+27 0.001 10 25000 1.543e+14 192 5 1 1 
-5.01475e+14 -1.76731e-12 -3.68395e-24 4.97118e+27 0.001 10 25000 1.543e+14 193 4 1 1 
-4.24325e+14 -4.08367e-13 9.20989e-24 4.97118e+27 0.001 10 25000 1.543e+14 194 3 1 1 
-3.47175e+14 -1.50169e-13 -2.02618e-23 4.97118e+27 0.001 10 25000 1.543e+14 195 3 1 1 
-2.70025e+14 -1.2768e-12 2.94716e-23 4.97118e+27 0.001 10 25000 1.543e+14 196 5 1 1 
-1.92875e+14 -3.01171e-13 -1.84198e-23 4.97118e+27 0.001 10 25000 1.543e+14 197 4 1 1 
-1.15725e+14 -2.42181e-13 3.68395e-24 4.97118e+27 0.001 10 25000 1.543e+14 198 3 1 1 
-3.8575e+13 -1.8865e-13 5.52593e-24 4.97118e+27 0.001 10 25000 1.543e+14 199 3 1 1 
3.8575e+13 1.44085e-13 -3.68395e-24 4.97118e+27 0.001 10 25000 1.543e+14 200 3 1 1 
1.15725e+14 3.76779e-13 -1.84198e-24 4.97118e+27 0.001 10 25000 1.543e+14 201 3 1 1 
1.92875e+14 4.96107e-13 1.84198e-24 4.97118e+27 0.001 10 25000 1.543e+14 202 5 1 1 
2.70025e+14 -6.62679e-13 -1.84198e-24 4.97118e+27 0.001 10 25000 1.543e+14 203 4 1 1 
3.47175e+14 -1.45231e-13 -8.62737e-39 4.97118e+27 0.001 10 25000 1.543e+14 204 3 1 1 
4.24325e+14 3.40448e-13 -1.84198e-23 4.97118e+27 0.001 10 25000 1.543e+14 205 3 1 1 
5.01475e+14 1.09911e-13 3.68395e-24 4.97118e+27 0.001 10 25000 1.543e+14 206 4 1 1 
5.78625e+14 -2.05898e-12 1.10519e-23 4.97118e+27 0.001 10 25000 1.543e+14 207 5 1 1 
6.55775e+14 1.85514e-13 -1.91719e-38 4.97118e+27 0.001 10 25000 1.543e+14 208 5 1 1 
7.32925e+14 -9.8693e-13 1.84198e-24 4.97118e+27 0.001 10 25000 1.543e+14 209 4 1 1 
8.10075e+14 1.92517e-12 1.84198e-24 4.97118e+27 0.001 10 25000 1.543e+14 210 3 1 1 
8.87225e+14 7.48356e-13 -8.9469e-39 4.97118e+27 0.001 10 25000 1.543e+14 211 3 1 1 
9.64375e+14 4.80798e-12 -1.84198e-24 4.97118e+27 0.001 10 25000 1.543e+14 212 4 1 1 
1.04153e+15 3.10229e-12 1.84198e-24 4.97118e+27 0.001 10 25000 1.543e+14 213 5 1 1 
1.11868e+15 2.84359e-12 1.84198e-24 4.97118e+27 0.001 10 25000 1.543e+14 214 5 1 1 
1.19583e+15 2.33262e-12 -3.68395e-24 4.97118e+27 0.001 10 25000 1.543e+14 215 5 1 1 
1.27298e+15 1.83226e-12 3.68395e-24 4.97118e+27 0.001 10 25000 1.543e+14 216 5 1 1 
1.35013e+15 1.32557e-12 7.26532e-55 4.97118e+27 0.001 10 25000 1.543e+14 217 5 1 1 
1.42728e+15 9.88441e-13 7.26532e-55 4.97118e+27 0.001 10 25000 1.543e+14 218 5 1 1 
1.50443e+15 7.51729e-13 7.26532e-55 4.97118e+27 0.001 10 25000 1.543e+14 219 5 1 1 
1.58158e+15 5.13835e-13 0 4.97118e+27 0.001 10 25000 1.543e+14 220 5 1 1 
1.65873e+15 3.60639e-13 1.84198e-24 4.97118e+27 0.001 10 25000 1.543e+14 221 5 1 1 
1.73588e+15 2.23714e-13 -1.84198e-24 4.97118e+27 0.001 10 25000 1.543e+14 222 5 1 1 
1.81303e+15 8.61424e-14 1.84198e-24 4.97118e+27 0.001 10 25000 1.543e+14 223 5 1 1 
1.89018e+15 5.09973e-44 3.63266e-55 4.97118e+27 0.001 10 25000 1.543e+14 224 5 1 1 
1.96733e+15 0 0 4.97118e+27 0.001 10 25000 1.543e+14 225 5 1 1 
2.04448e+15 0 0 4.97118e+27 0.001 10 25000 1.543e+14 226 5 1 1 
2.12163e+15 0 0 4.97118e+27 0.001 10 25000 1.543e+14 227 5 1 1 
2.19878e+15 0 0 4.97118e+27 0.001 10 25000 1.543e+14 228 5 1 1 
2.27593e+15 0 0 4.97118e+27 0.001 10 25000 1.543e+14 229 5 1 1 
2.35308e+15 0 0 4.97118e+27 0.001 10 25000 1.543e+14 230 5 1 1 
2.43023e+15 0 0 4.97118e+27 0.001 10 25000 1.543e+14 231 5 1 1 
2.50738e+15 0 0 4.97118e+27 0.001 10 25000 1.543e+14 232 5 1 1 
2.58453e+15 0 0 4.97118e+27 0.001 10 25000 1.543e+14 233 5 1 1 
2.66168e+15 0 0 4.97118e+27 0.001 10 25000 1.543e+14 234 5 1 1 
2.73883e+15 0 0 4.97118e+27 0.001 10 25000 1.543e+14 235 5 1 1 
2.81598e+15 0 0 4.97118e+27 0.001 10 25000 1.543e+14 236 5 1 1 
2.89313e+15 -6.91298e-43 -3.63266e-55 4.97118e+27 0.001 10 25000 1.543e+14 237 5 1 1 
2.97028e+15 -1.69188e-13 0 4.97118e+27 0.001 10 25000 1.543e+14 238 5 1 1 
3.04743e+15 -3.37357e-13 3.63266e-55 4.97118e+27 0.001 10 25000 1.543e+14 239 5 1 1 
3.12458e+15 1.43408e-12 1.84198e-24 4.97118e+27 0.001 10 25000 1.543e+14 240 5 1 1 
3.20173e+15 1.25147e-12 2.1796e-54 4.97118e+27 0.001 10 25000 1.543e+14 241 5 1 1 
3.27888e+15 3.5134e-12 -1.84198e-24 4.97118e+27 0.001 10 25000 1.543e+14 242 5 1 1 
3.35603e+15 2.1452e-12 0 4.97118e+27 0.001 10 25000 1.543e+14 243 5 1 1 
3.43318e+15 1.55294e-12 -5.81226e-54 4.97118e+27 0.001 10 25000 1.543e+14 244 5 1 1 
3.51033e+15 -1.40531e-12 -1.84198e-24 4.97118e+27 0.001 10 25000 1.543e+14 245 5 1 1 
3.58748e+15 -1.62116e-13 3.68395e-24 4.97118e+27 0.001 10 25000 1.543e+14 246 5 1 1 
3.66463e+15 -2.98895e-12 1.84198e-24 4.97118e+27 0.001 10 25000 1.543e+14 247 5 1 1 
3.74178e+15 3.64232e-12 3.68395e-24 4.97118e+27 0.001 10 25000 1.543e+14 248 5 1 1 
3.81893e+15 5.23069e-13 5.52593e-24 4.97118e+27 0.001 10 25000 1.543e+14 249 4 1 1 
3.89608e+15 -5.23069e-13 -5.52593e-24 4.97118e+27 0.001 10 25000 1.543e+14 250 4 1 1 
3.97323e+15 -3.64232e-12 -3.68395e-24 4.97118e+27 0.001 10 25000 1.543e+14 251 5 1 1 
4.05038e+15 2.98895e-12 -1.84198e-24 4.97118e+27 0.001 10 25000 1.543e+14 252 5 1 1 
4.12753e+15 1.62116e-13 -3.68395e-24 4.97118e+27 0.001 10 25000 1.543e+14 253 5 1 1 
4.20468e+15 1.40531e-12 1.84198e-24 4.97118e+27 0.001 10 25000 1.543e+14 254 5 1 1 
4.28183e+15 -1.55294e-12 5.81226e-54 4.97118e+27 0.001 10 25000 1.543e+14 255 5 1 1 
4.35898e+15 -2.1452e-12 0 4.97118e+27 0.001 10 25000 1.543e+14 256 5 1 1 
4.43613e+15 -3.5134e-12 1.84198e-24 4.97118e+27 0.001 10 25000 1.543e+14 257 5 1 1 
4.51328e+15 -1.25147e-12 -2.1796e-54 4.97118e+27 0.001 10 25000 1.543e+14 258 5 1 1 
4.59043e+15 -1.43408e-12 -1.84198e-24 4.97118e+27 0.001 10 25000 1.543e+14 259 5 1 1 
4.66758e+15 3.37357e-13 -3.63266e-55 4.97118e+27 0.001 10 25000 1.543e+14 260 5 1 1 
4.74473e+15 1.69188e-13 0 4.97118e+27 0.001 10 25000 1.543e+14 261 5 1 1 
4.82188e+15 6.91298e-43 3.63266e-55 4.97118e+27 0.001 10 25000 1.543e+14 262 5 1 1 
4.89903e+15 0 0 4.97118e+27 0.001 10 25000 1.543e+14 263 5 1 1 
4.97618e+15 0 0 4.97118e+27 0.001 10 25000 1.543e+14 264 5 1 1 
5.05333e+15 0 0 4.97118e+27 0.001 10 25000 1.543e+14 265 5 1 1 
5.13048e+15 0 0 4.97118e+27 0.001 10 25000 1.543e+14 266 5 1 1 
5.20763e+15 0 0 4.97118e+27 0.001 10 25000 1.543e+14 267 5 1 1 
5.28478e+15 0 0 4.97118e+27 0.001 10 25000 1.543e+14 268 5 1 1 
5.36193e+15 0 0 4.97118e+27 0.001 10 25000 1.543e+14 269 5 1 1 
5.43908e+15 0 0 4.97118e+27 0.001 10 25000 1.543e+14 270 5 1 1 
5.51623e+15 0 0 4.97118e+27 0.001 10 25000 1.543e+14 271 5 1 1 
5.59338e+15 0 0 4.97118e+27 0.001 10 25000 1.543e+14 272 5 1 1 
5.67053e+15 0 0 4.97118e+27 0.001 10 25000 1.543e+14 273 5 1 1 
5.74768e+15 0 0 4.97118e+27 0.001 10 25000 1.543e+14 274 5 1 1 
5.82483e+15 0 0 4.97118e+27 0.001 10 25000 1.543e+14 275 5 1 1 
5.90198e+15 0 0 4.97118e+27 0.001 10 25000 1.543e+14 276 5 1 1 
5.97913e+15 0 0 4.97118e+27 0.001 10 25000 1.543e+14 277 5 1 1 
6.05628e+15 0 0 4.97118e+27 0.001 10 25000 1.543e+14 278 5 1 1 
6.13343e+15 0 0 4.97118e+27 0.001 10 25000 1.543e+14 279 5 1 1 
6.21058e+15 -2.95084e-43 -3.63266e-55 4.97118e+27 0.001 10 25000 1.543e+14 280 5 1 1 
6.28773e+15 -6.85718e-14 -3.63266e-55 4.97118e+27 0.001 10 25000 1.543e+14 281 5 1 1 
6.36488e+15 -2.05192e-13 0 4.97118e+27 0.001 10 25000 1.543e+14 282 5 1 1 
6.44203e+15 -3.75697e-13 0 4.97118e+27 0.001 10 25000 1.543e+14 283 5 1 1 
6.51918e+15 -5.45239e-13 3.63266e-55 4.97118e+27 0.001 10 25000 1.543e+14 284 5 1 1 
6.59633e+15 -6.79199e-13 3.63266e-55 4.97118e+27 0.001 10 25000 1.543e+14 285 5 1 1 
6.67348e+15 -2.24258e-15 1.84198e-24 4.97118e+27 0.001 10 25000 1.543e+14 286 5 1 1 
6.75063e+15 -1.65849e-13 1.84198e-24 4.97118e+27 0.001 10 25000 1.543e+14 287 5 1 1 
6.82778e+15 3.42666e-12 3.68395e-24 4.97118e+27 0.001 10 25000 1.543e+14 288 5 1 1 
6.90493e+15 1.97003e-12 3.68395e-24 4.97118e+27 0.001 10 25000 1.543e+14 289 5 1 1 
6.98208e+15 1.32471e-12 3.68395e-24 4.97118e+27 0.001 10 25000 1.543e+14 290 5 1 1 
7.05923e+15 -6.91406e-13 3.68395e-24 4.97118e+27 0.001 10 25000 1.543e+14 291 5 1 1 
7.13638e+15 3.5783e-12 1.84198e-24 4.97118e+27 0.001 10 25000 1.543e+14 292 5 1 1 
7.21353e+15 1.97404e-12 3.63266e-54 4.97118e+27 0.001 10 25000 1.543e+14 293 5 1 1 
7.29068e+15 3.80599e-12 -9.20989e-24 4.97118e+27 0.001 10 25000 1.543e+14 294 5 1 1 
7.36783e+15 -1.91387e-13 -9.20989e-24 4.97118e+27 0.001 10 25000 1.543e+14 295 5 1 1 
7.44498e+15 1.78175e-12 2.39457e-23 4.97118e+27 0.001 10 25000 1.543e+14 296 5 1 1 
7.52213e+15 -2.98082e-12 2.57877e-23 4.97118e+27 0.001 10 25000 1.543e+14 297 5 1 1 
7.59928e+15 3.26914e-12 -2.57877e-23 4.97118e+27 0.001 10 25000 1.543e+14 298 5 1 1 
7.67643e+15 -2.21934e-12 -3.13136e-23 4.97118e+27 0.001 10 25000 1.543e+14 299 3 1 1 
7.75358e+15 2.21934e-12 3.13136e-23 4.97118e+27 0.001 10 25000 1.543e+14 300 3 1 1 
7.83073e+15 -3.26914e-12 2.57877e-23 4.97118e+27 0.001 10 25000 1.543e+14 301 5 1 1 
7.90788e+15 2.98082e-12 -2.57877e-23 4.97118e+27 0.001 10 25000 1.543e+14 302 5 1 1 
7.98503e+15 -1.78175e-12 -2.39457e-23 4.97118e+27 0.001 10 25000 1.543e+14 303 5 1 1 
8.06218e+15 1.91387e-13 9.20989e-24 4.97118e+27 0.001 10 25000 1.543e+14 304 5 1 1 
8.13933e+15 -3.80599e-12 9.20989e-24 4.97118e+27 0.001 10 25000 1.543e+14 305 5 1 1 
8.21648e+15 -1.97404e-12 -3.63266e-54 4.97118e+27 0.001 10 25000 1.543e+14 306 5 1 1 
8.29363e+15 -3.5783e-12 -1.84198e-24 4.97118e+27 0.001 10 25000 1.543e+14 307 5 1 1 
8.37078e+15 6.91406e-13 -3.68395e-24 4.97118e+27 0.001 10 25000 1.543e+14 308 5 1 1 
8.44793e+15 -1.32471e-12 -3.68395e-24 4.97118e+27 0.001 10 25000 1.543e+14 309 5 1 1 
8.52508e+15 -1.97003e-12 -3.68395e-24 4.97118e+27 0.001 10 25000 1.543e+14 310 5 1 1 
8.60223e+15 -3.42666e-12 -3.68395e-24 4.97118e+27 0.001 10 25000 1.543e+14 311 5 1 1 
8.67938e+15 1.65849e-13 -1.84198e-24 4.97118e+27 0.001 10 25000 1.543e+14 312 5 1 1 
8.75653e+15 2.24258e-15 -1.84198e-24 4.97118e+27 0.001 10 25000 1.543e+14 313 5 1 1 
8.83368e+15 6.6194e-13 -1.84198e-24 4.97118e+27 0.001 10 25000 1.543e+14 314 5 1 1 
8.91083e+15 4.93492e-13 1.84198e-24 4.97118e+27 0.001 10 25000 1.543e+14 315 5 1 1 
8.98798e+15 7.20881e-13 -1.84198e-23 4.97118e+27 0.001 10 25000 1.543e+14 316 5 1 1 
9.06513e+15 -4.41791e-11 -2.73718e-21 4.97118e+27 0.001 10 25000 1.543e+14 317 4 1 1 
9.14228e+15 -3.7687e-10 -1.40046e-20 4.97118e+27 0.001 10 25000 1.543e+14 318 4 1 1 
9.21942e+15 -2.10572e-09 -7.32941e-20 4.97118e+27 0.001 10 25000 1.543e+14 319 4 1 1 
9.29657e+15 -1.06312e-08 -3.35323e-19 4.97118e+27 0.001 10 25000 1.543e+14 320 4 1 1 
9.37372e+15 -4.75307e-08 -1.39234e-18 4.97118e+27 0.001 10 25000 1.543e+14 321 4 1 1 
9.45087e+15 -1.94449e-07 -5.32469e-18 4.97118e+27 0.001 10 25000 1.543e+14 322 4 1 1 
9.52802e+15 -7.37236e-07 -1.89648e-17 4.97118e+27 0.001 10 25000 1.543e+14 323 4 1 1 
9.60517e+15 -2.61376e-06 -6.33879e-17 4.97118e+27 0.001 10 25000 1.543e+14 324 4 1 1 
9.68232e+15 -8.72146e-06 -1.99847e-16 4.97118e+27 0.001 10 25000 1.543e+14 325 4 1 1 
9.75947e+15 -2.75205e-05 -5.96652e-16 4.97118e+27 0.001 10 25000 1.543e+14 326 4 1 1 
9.83662e+15 -8.24208e-05 -1.69192e-15 4.97118e+27 0.001 10 25000 1.543e+14 327 4 1 1 
9.91377e+15 -0.000234938 -4.56746e-15 4.97118e+27 0.001 10 25000 1.543e+14 328 4 1 1 
9.99092e+15 -0.000638813 -1.17596e-14 4.97118e+27 0.001 10 25000 1.543e+14 329 4 1 1 
1.00681e+16 -0.00165985 -2.89167e-14 4.97118e+27 0.001 10 25000 1.543e+14 330 4 1 1 
1.01452e+16 -0.00412729 -6.7987e-14 4.97118e+27 0.001 10 25000 1.543e+14 331 4 1 1 
1.02224e+16 -0.00983265 -1.52965e-13 4.97118e+27 0.00100001 10.0001 25000.1 1.54299e+14 332 4 1 1 
1.02995e+16 -0.0224646 -3.29553e-13 4.97118e+27 0.00100002 10.0002 25000.2 1.54297e+14 333 4 1 1 
1.03767e+16 -0.0492589 -6.80158e-13 4.97118e+27 0.00100004 10.0005 25000.4 1.54294e+14 334 4 1 1 
1.04538e+16 -0.103727 -1.34506e-12 4.97118e+27 0.00100008 10.0011 25000.8 1.54288e+14 335 4 1 1 
1.0531e+16 -0.20985 -2.54866e-12 4.97118e+27 0.00100016 10.0022 25001.6 1.54275e+14 336 4 1 1 
1.06081e+16 -0.407998 -4.6257e-12 4.97118e+27 0.00100031 10.0043 25003.1 1.54252e+14 337 4 1 1 
1.06852e+16 -0.762358 -8.03528e-12 4.97118e+27 0.00100059 10.0081 25005.8 1.5421e+14 338 4 1 0.999999 
1.07623e+16 -1.3687 -1.33405e-11 4.97118e+27 0.00100105 10.0147 25010.5 1.54138e+14 339 4 1 0.999998 
1.08393e+16 -2.35961 -2.11205e-11 4.97118e+27 0.00100182 10.0254 25018.1 1.54019e+14 340 4 1 0.999995 
1.09163e+16 -3.90194 -3.1776e-11 4.97118e+27 0.00100302 10.0422 25030.1 1.53835e+14 341 4 1 0.99999 
1.09932e+16 -6.17922 -4.52137e-11 4.97118e+27 0.00100481 10.0672 25047.9 1.53561e+14 342 4 1 0.99998 
1.10699e+16 -9.35185 -6.04642e-11 4.97118e+27 0.00100732 10.1025 25073 1.53179e+14 343 4 1 0.999966 
1.11464e+16 -13.4949 -7.5426e-11 4.97118e+27 0.00101064 10.1491 25106 1.52676e+14 344 4 1 0.999949 
1.12226e+16 -18.5282 -8.70131e-11 4.97118e+27 0.00101472 10.2067 25146.7 1.52062e+14 345 4 1 0.999936 
1.12984e+16 -24.1697 -9.19572e-11 4.97118e+27 0.00101938 10.2726 25193.1 1.51366e+14 346 4 1 0.999933 
1.13739e+16 -29.9465 -8.77016e-11 4.97118e+27 0.00102427 10.3418 25241.7 1.50644e+14 347 4 1 0.999943 
1.14491e+16 -35.2653 -7.38051e-11 4.97118e+27 0.00102889 10.4074 25287.4 1.49967e+14 348 4 1 0.999969 
1.15239e+16 -39.4381 -4.59966e-11 4.97118e+27 0.0010325 10.459 25323.3 1.49443e+14 349 3 1 1.00001 
1.15985e+16 -40.3642 5.68525e-11 4.97118e+27 0.00103186 10.4523 25318.8 1.49536e+14 350 4 1 1.00001 
1.16734e+16 -25.6674 4.33557e-10 4.97118e+27 0.00101899 10.2708 25192.9 1.51425e+14 351 4 1 0.99983 
1.175e+16 6.20415 4.78186e-10 4.97118e+27 0.000996125 9.94548 24962.2 1.549e+14 352 4 1 0.998643 
1.18284e+16 28.848 2.21577e-10 4.97118e+27 0.000977299 9.68171 24770.6 1.57884e+14 353 4 1 0.99882 
1.19078e+16 41.6089 1.91336e-10 4.97118e+27 0.000964625 9.50879 24643.4 1.59959e+14 354 4 1 0.999494 
1.19883e+16 58.6925 2.95852e-10 4.97118e+27 0.000950545 9.31589 24499.9 1.62328e+14 355 4 1 0.99946 
1.20702e+16 80.7648 3.22927e-10 4.97118e+27 0.000933431 9.08118 24322 1.65304e+14 356 4 1 0.999108 
1.21536e+16 103.168 3.05666e-10 4.97118e+27 0.000915749 8.84096 24136.3 1.68496e+14 357 4 1 0.998974 
1.22387e+16 125.285 3.00695e-10 4.97118e+27 0.000898336 8.60663 23951.8 1.71762e+14 358 4 1 0.998973 
1.23254e+16 148.033 3.04688e-10 4.97118e+27 0.00088082 8.37268 23764 1.75178e+14 359 4 1 0.99893 
1.24139e+16 171.482 3.05822e-10 4.97118e+27 0.000863057 8.13724 23571.1 1.78783e+14 360 4 1 0.998856 
1.25042e+16 195.582 3.05137e-10 4.97118e+27 0.00084513 7.9016 23374.1 1.82576e+14 361 4 1 0.998787 
1.25965e+16 220.246 3.05226e-10 4.97118e+27 0.000827061 7.66613 23173 1.86564e+14 362 4 1 0.998718 
1.26908e+16 245.518 3.04725e-10 4.97118e+27 0.00080885 7.43087 22967.5 1.90765e+14 363 4 1 0.998642 
1.27873e+16 271.443 3.03395e-10 4.97118e+27 0.000790527 7.19628 22758.1 1.95186e+14 364 4 1 0.998564 
1.2886e+16 298.029 3.02577e-10 4.97118e+27 0.000772098 6.96254 22544.4 1.99845e+14 365 4 1 0.998483 
1.29872e+16 325.227 3.00604e-10 4.97118e+27 0.000753582 6.72992 22326.6 2.04755e+14 366 4 1 0.998397 
1.30908e+16 353.085 2.98529e-10 4.97118e+27 0.000735012 6.49891 22105 2.09928e+14 367 4 1 0.99831 
1.31971e+16 381.487 2.95341e-10 4.97118e+27 0.00071643 6.27007 21879.8 2.15373e+14 368 4 1 0.998223 
1.33062e+16 410.43 2.90212e-10 4.97118e+27 0.000697932 6.04461 21652.1 2.21082e+14 369 4 1 0.998145 
1.34183e+16 439.689 2.82917e-10 4.97118e+27 0.00067966 5.82423 21423.6 2.27025e+14 370 4 1 0.99809 
1.35333e+16 468.797 2.70539e-10 4.97118e+27 0.000661857 5.61176 21197.4 2.33132e+14 371 4 1 0.998076 
1.36514e+16 497.216 2.52023e-10 4.97118e+27 0.000644888 5.41137 20978.3 2.39266e+14 372 4 1 0.998137 
1.37726e+16 524.012 2.25829e-10 4.97118e+27 0.000629196 5.22793 20772.7 2.45234e+14 373 4 1 0.998296 
1.38967e+16 548.322 1.94445e-10 4.97118e+27 0.000615172 5.06555 20586.3 2.50824e+14 374 4 1 0.998546 
1.40235e+16 569.818 1.70074e-10 4.97118e+27 0.000602749 4.923 20419.2 2.55994e+14 375 4 1 0.998806 
1.41527e+16 590.095 1.68009e-10 4.97118e+27 0.000591061 4.79 20260.1 2.61056e+14 376 4 1 0.998933 
1.42846e+16 612.19 1.89792e-10 4.97118e+27 0.000578818 4.65173 20091.4 2.66578e+14 377 4 1 0.998832 
1.44193e+16 637.101 1.98445e-10 4.97118e+27 0.000565794 4.50579 19909.3 2.72714e+14 378 4 1 0.998594 
1.45573e+16 660.903 1.59706e-10 4.97118e+27 0.000553817 4.37271 19739.6 2.78612e+14 379 4 1 0.998654 
1.4698e+16 676.939 7.40587e-11 4.97118e+27 0.000545752 4.28378 19624.1 2.82729e+14 380 4 1 0.999277 
1.484e+16 681.176 -6.82171e-12 4.97118e+27 0.000542861 4.25222 19582.9 2.84235e+14 381 4 1 0.99989 
1.49822e+16 680.192 -2.60264e-12 4.97118e+27 0.000542776 4.25147 19582 2.84279e+14 382 5 1 0.999999 
1.51243e+16 679.632 -7.30437e-12 4.97118e+27 0.000543087 4.25492 19586.7 2.84116e+14 383 4 1 0.999998 
1.52663e+16 678.656 -7.1687e-12 4.97118e+27 0.000543529 4.25983 19593.4 2.83886e+14 384 4 1 0.999998 
1.54082e+16 677.714 -6.37991e-12 4.97118e+27 0.000544009 4.26517 19600.6 2.83635e+14 385 4 1 0.999998 
1.555e+16 676.889 -5.12142e-12 4.97118e+27 0.00054444 4.26997 19607.1 2.8341e+14 386 4 1 0.999999 
1.56916e+16 676.229 -4.01523e-12 4.97118e+27 0.000544795 4.27394 19612.6 2.83226e+14 387 4 1 0.999999 
1.58332e+16 675.72 -3.06218e-12 4.97118e+27 0.000545071 4.27707 19617 2.83083e+14 388 4 1 1 
1.59747e+16 675.328 -2.3171e-12 4.97118e+27 0.000545278 4.27946 19620.5 2.82975e+14 389 4 1 1 
1.61162e+16 675.028 -1.79393e-12 4.97118e+27 0.000545432 4.28129 19623.4 2.82895e+14 390 4 1 1 
1.62576e+16 674.793 -1.43234e-12 4.97118e+27 0.000545547 4.2827 19625.7 2.82835e+14 391 4 1 1 
1.6399e+16 674.603 -1.18349e-12 4.97118e+27 0.000545632 4.28382 19627.8 2.82791e+14 392 4 1 1 
1.65404e+16 674.443 -1.02074e-12 4.97118e+27 0.000545695 4.28473 19629.7 2.82758e+14 393 4 1 1 
1.66818e+16 674.304 -9.0992e-13 4.97118e+27 0.000545731 4.28541 19631.5 2.8274e+14 394 3 1 1 
1.68231e+16 674.179 -8.23647e-13 4.97118e+27 0.000545687 4.28548 19633.4 2.82763e+14 395 4 1 1 
1.69645e+16 674.066 -7.46556e-13 4.97118e+27 0.00054532 4.28351 19637.6 2.82953e+14 396 4 1 1 
1.71061e+16 673.963 -6.67796e-13 4.97118e+27 0.00054374 4.26651 19616.5 2.83775e+14 397 4 1 0.999988 
1.72483e+16 673.869 -5.87175e-13 4.97118e+27 0.000530657 4.11233 19373.7 2.90771e+14 398 4 1 0.999675 
1.7397e+16 673.78 -5.10493e-13 4.97118e+27 0.000506612 4.39931 21709.5 3.04573e+14 399 4 1 0.994719 
1.75531e+16 673.695 -4.41922e-13 4.97118e+27 0.000481106 4.15339 21582.5 3.20719e+14 400 4 1 0.993711 
1.7718e+16 673.613 -3.76727e-13 4.97118e+27 0.000458645 4.498 24517.9 3.36426e+14 401 4 1 0.993704 
1.78897e+16 673.536 -3.10803e-13 4.97118e+27 0.000450047 4.30365 23906.7 3.42853e+14 402 5 1 0.998663 
1.80609e+16 673.465 -2.43802e-13 4.97118e+27 0.000451654 4.28707 23729.8 3.41633e+14 403 4 1 0.999967 
1.82313e+16 673.394 -1.53585e-13 4.97118e+27 0.000453281 4.2867 23642.6 3.40407e+14 404 4 1 0.999986 
1.84013e+16 673.313 9.02767e-15 4.97118e+27 0.000454361 4.28795 23593.3 3.39598e+14 405 4 1 0.999995 
1.85709e+16 673.19 4.02236e-13 4.97118e+27 0.000455018 4.28824 23560.8 3.39108e+14 406 4 1 0.999999 
1.87404e+16 672.93 1.53316e-12 4.97118e+27 0.000455346 4.28678 23535.9 3.38863e+14 407 3 1 1 
1.89098e+16 672.215 5.12943e-12 4.97118e+27 0.000455217 4.28094 23510.4 3.38959e+14 408 4 1 1 
1.90793e+16 670.129 1.57086e-11 4.97118e+27 0.000454071 4.2628 23469.7 3.39814e+14 409 4 1 0.999992 
1.92496e+16 664.248 4.22364e-11 4.97118e+27 0.000450525 4.21393 23383 3.42489e+14 410 4 1 0.999892 
1.94218e+16 649.363 1.07625e-10 4.97118e+27 0.000441675 4.09638 23185.8 3.49352e+14 411 4 1 0.999283 
1.9599e+16 615.143 2.21714e-10 4.97118e+27 0.000423632 3.86086 22782.8 3.64231e+14 412 4 1 0.996735 
1.97864e+16 547.473 4.65785e-10 4.97118e+27 0.000390932 3.44128 22004.5 3.94697e+14 413 4 1 0.989737 
1.99951e+16 402.926 9.15948e-10 4.97118e+27 0.000342017 2.83317 20708.6 4.51147e+14 414 4 1 0.974845 
2.02417e+16 197.407 9.42114e-10 4.97118e+27 0.000292771 2.25571 19264.1 5.27032e+14 415 4 1 0.959123 
2.05266e+16 51.9879 4.3634e-10 4.97118e+27 0.000262579 1.92483 18328.8 5.87633e+14 416 4 1 0.97282 
2.08306e+16 5.04507 7.96888e-11 4.97118e+27 0.000251965 1.81476 18007 6.12387e+14 417 4 1 0.994658 
2.1139e+16 -0.451371 1.02308e-12 4.97118e+27 0.000250057 1.79555 17951.6 6.1706e+14 418 4 1 0.999781 
2.14477e+16 -0.0649259 -1.27611e-12 4.97118e+27 0.000249976 1.79476 17949.3 6.17259e+14 419 5 1 1 
2.17563e+16 0.00897395 2.07787e-14 4.97118e+27 0.00025 1.795 17950 6.172e+14 420 4 1 1 
2.20649e+16 0.00292601 2.03898e-14 4.97118e+27 0.000250001 1.79501 17950 6.17198e+14 421 3 1 1 
2.23735e+16 0.000636836 4.9612e-15 4.97118e+27 0.00025 1.795 17950 6.172e+14 422 4 1 1 
2.26821e+16 0.000123162 1.02916e-15 4.97118e+27 0.00025 1.795 17950 6.172e+14 423 4 1 1 
2.29907e+16 2.19623e-05 1.9554e-16 4.97118e+27 0.00025 1.795 17950 6.172e+14 424 4 1 1 
2.32993e+16 3.63162e-06 3.43994e-17 4.97118e+27 0.00025 1.795 17950 6.172e+14 425 4 1 1 
2.36079e+16 5.56106e-07 5.60673e-18 4.97118e+27 0.00025 1.795 17950 6.172e+14 426 4 1 1 
2.39165e+16 7.86307e-08 8.44449e-19 4.97118e+27 0.00025 1.795 17950 6.172e+14 427 4 1 1 
2.42251e+16 1.02269e-08 1.17168e-19 4.97118e+27 0.00025 1.795 17950 6.172e+14 428 4 1 1 
2.45337e+16 1.20547e-09 1.47957e-20 4.97118e+27 0.00025 1.795 17950 6.172e+14 429 4 1 1 
2.48423e+16 1.28839e-10 1.8033e-21 4.97118e+27 0.00025 1.795 17950 6.172e+14 430 4 1 1 
2.51509e+16 6.1524e-12 1.36767e-22 4.97118e+27 0.00025 1.795 17950 6.172e+14 431 4 1 1 
2.54595e+16 6.72558e-13 4.60494e-24 4.97118e+27 0.00025 1.795 17950 6.172e+14 432 5 1 1 
2.57681e+16 2.58795e-14 9.20989e-25 4.97118e+27 0.00025 1.795 17950 6.172e+14 433 5 1 1 
2.60767e+16 1.02054e-44 1.81633e-55 4.97118e+27 0.00025 1.795 17950 6.172e+14 434 5 1 1 
2.63853e+16 0 0 4.97118e+27 0.00025 1.795 17950 6.172e+14 435 5 1 1 
2.66939e+16 0 0 4.97118e+27 0.00025 1.795 17950 6.172e+14 436 5 1 1 
2.70025e+16 0 0 4.97118e+27 0.00025 1.795 17950 6.172e+14 437 5 1 1 
2.73111e+16 0 0 4.97118e+27 0.00025 1.795 17950 6.172e+14 438 5 1 1 
2.76197e+16 -5.95343e-45 -9.08165e-56 4.97118e+27 0.00025 1.795 17950 6.172e+14 439 5 1 1 
2.79283e+16 -6.5318e-44 -9.08165e-56 4.97118e+27 0.00025 1.795 17950 6.172e+14 440 5 1 1 
2.82369e+16 -1.42162e-13 -4.60494e-25 4.97118e+27 0.00025 1.795 17950 6.172e+14 441 5 1 1 
2.85455e+16 -5.33049e-13 -9.20989e-25 4.97118e+27 0.00025 1.795 17950 6.172e+14 442 5 1 1 
2.88541e+16 -1.31295e-12 -9.20989e-25 4.97118e+27 0.00025 1.795 17950 6.172e+14 443 5 1 1 
2.91627e+16 -2.69338e-12 -1.38148e-24 4.97118e+27 0.00025 1.795 17950 6.172e+14 444 5 1 1 
2.94713e+16 -5.18996e-12 -4.60494e-25 4.97118e+27 0.00025 1.795 17950 6.172e+14 445 5 1 1 
2.97799e+16 -6.1679e-12 4.60494e-24 4.97118e+27 0.00025 1.795 17950 6.172e+14 446 5 1 1 
3.00885e+16 -1.253e-11 6.44692e-24 4.97118e+27 0.00025 1.795 17950 6.172e+14 447 5 1 1 
3.03971e+16 1.09011e-11 -2.76297e-24 4.97118e+27 0.00025 1.795 17950 6.172e+14 448 5 1 1 
3.07057e+16 7.12195e-13 -2.76297e-24 4.97118e+27 0.00025 1.795 17950 6.172e+14 449 3 1 1 
3.10143e+16 -7.12195e-13 2.76297e-24 4.97118e+27 0.00025 1.795 17950 6.172e+14 450 3 1 1 
3.13229e+16 -1.09011e-11 2.76297e-24 4.97118e+27 0.00025 1.795 17950 6.172e+14 451 5 1 1 
3.16315e+16 1.253e-11 -6.44692e-24 4.97118e+27 0.00025 1.795 17950 6.172e+14 452 5 1 1 
3.19401e+16 6.1679e-12 -4.60494e-24 4.97118e+27 0.00025 1.795 17950 6.172e+14 453 5 1 1 
3.22487e+16 5.18996e-12 4.60494e-25 4.97118e+27 0.00025 1.795 17950 6.172e+14 454 5 1 1 
3.25573e+16 2.69338e-12 1.38148e-24 4.97118e+27 0.00025 1.795 17950 6.172e+14 455 5 1 1 
3.28659e+16 1.31295e-12 9.20989e-25 4.97118e+27 0.00025 1.795 17950 6.172e+14 456 5 1 1 
3.31745e+16 5.33049e-13 9.20989e-25 4.97118e+27 0.00025 1.795 17950 6.172e+14 457 5 1 1 
3.34831e+16 1.42162e-13 4.60494e-25 4.97118e+27 0.00025 1.795 17950 6.172e+14 458 5 1 1 
3.37917e+16 6.5318e-44 9.08165e-56 4.97118e+27 0.00025 1.795 17950 6.172e+14 459 5 1 1 
3.41003e+16 5.95343e-45 9.08165e-56 4.97118e+27 0.00025 1.795 17950 6.172e+14 460 5 1 1 
3.44089e+16 0 0 4.97118e+27 0.00025 1.795 17950 6.172e+14 461 5 1 1 
3.47175e+16 0 0 4.97118e+27 0.00025 1.795 17950 6.172e+14 462 5 1 1 
3.50261e+16 0 0 4.97118e+27 0.00025 1.795 17950 6.172e+14 463 5 1 1 
3.53347e+16 0 0 4.97118e+27 0.00025 1.795 17950 6.172e+14 464 5 1 1 
3.56433e+16 -1.02054e-44 -1.81633e-55 4.97118e+27 0.00025 1.795 17950 6.172e+14 465 5 1 1 
3.59519e+16 -2.58795e-14 -9.20989e-25 4.97118e+27 0.00025 1.795 17950 6.172e+14 466 5 1 1 
3.62605e+16 -6.94164e-13 -1.15124e-23 4.97118e+27 0.00025 1.795 17950 6.172e+14 467 5 1 1 
3.65691e+16 -5.90647e-12 -8.93359e-23 4.97118e+27 0.00025 1.795 17950 6.172e+14 468 5 1 1 
3.68777e+16 -1.24642e-10 -1.83461e-21 4.97118e+27 0.00025 1.795 17950 6.172e+14 469 4 1 1 
3.71863e+16 -1.22153e-09 -1.48555e-20 4.97118e+27 0.00025 1.795 17950 6.172e+14 470 4 1 1 
3.74949e+16 -1.02118e-08 -1.17064e-19 4.97118e+27 0.00025 1.795 17950 6.172e+14 471 4 1 1 
3.78035e+16 -7.86397e-08 -8.44481e-19 4.97118e+27 0.00025 1.795 17950 6.172e+14 472 4 1 1 
3.81121e+16 -5.56115e-07 -5.60683e-18 4.97118e+27 0.00025 1.795 17950 6.172e+14 473 4 1 1 
3.84207e+16 -3.63158e-06 -3.43993e-17 4.97118e+27 0.00025 1.795 17950 6.172e+14 474 4 1 1 
3.87293e+16 -2.19623e-05 -1.9554e-16 4.97118e+27 0.00025 1.795 17950 6.172e+14 475 4 1 1 
3.90379e+16 -0.000123162 -1.02916e-15 4.97118e+27 0.00025 1.795 17950 6.172e+14 476 4 1 1 
3.93465e+16 -0.000636836 -4.9612e-15 4.97118e+27 0.00025 1.795 17950 6.172e+14 477 4 1 1 
3.96551e+16 -0.00292601 -2.03898e-14 4.97118e+27 0.000250001 1.79501 17950 6.17198e+14 478 3 1 1 
3.99637e+16 -0.00897395 -2.07787e-14 4.97118e+27 0.00025 1.795 17950 6.172e+14 479 4 1 1 
4.02723e+16 0.0649259 1.27611e-12 4.97118e+27 0.000249976 1.79476 17949.3 6.17259e+14 480 5 1 1 
4.0581e+16 0.451371 -1.02308e-12 4.97118e+27 0.000250057 1.79555 17951.6 6.1706e+14 481 4 1 0.999781 
4.08894e+16 -5.04507 -7.96888e-11 4.97118e+27 0.000251965 1.81476 18007 6.12387e+14 482 4 1 0.994658 
4.11934e+16 -51.9879 -4.3634e-10 4.97118e+27 0.000262579 1.92483 18328.8 5.87633e+14 483 4 1 0.97282 
4.14783e+16 -197.407 -9.42114e-10 4.97118e+27 0.000292771 2.25571 19264.1 5.27032e+14 484 4 1 0.959123 
4.17249e+16 -402.926 -9.15948e-10 4.97118e+27 0.000342017 2.83317 20708.6 4.51147e+14 485 4 1 0.974845 
4.19336e+16 -547.473 -4.65785e-10 4.97118e+27 0.000390932 3.44128 22004.5 3.94697e+14 486 4 1 0.989737 
4.2121e+16 -615.143 -2.21714e-10 4.97118e+27 0.000423632 3.86086 22782.8 3.64231e+14 487 4 1 0.996735 
4.22982e+16 -649.363 -1.07625e-10 4.97118e+27 0.000441675 4.09638 23185.8 3.49352e+14 488 4 1 0.999283 
4.24704e+16 -664.248 -4.22364e-11 4.97118e+27 0.000450525 4.21393 23383 3.42489e+14 489 4 1 0.999892 
4.26407e+16 -670.129 -1.57086e-11 4.97118e+27 0.000454071 4.2628 23469.7 3.39814e+14 490 4 1 0.999992 
4.28102e+16 -672.215 -5.12943e-12 4.97118e+27 0.000455217 4.28094 23510.4 3.38959e+14 491 4 1 1 
4.29796e+16 -672.93 -1.53316e-12 4.97118e+27 0.000455346 4.28678 23535.9 3.38863e+14 492 3 1 1 
4.31491e+16 -673.19 -4.02236e-13 4.97118e+27 0.000455018 4.28824 23560.8 3.39108e+14 493 4 1 0.999999 
4.33187e+16 -673.313 -9.02767e-15 4.97118e+27 0.000454361 4.28795 23593.3 3.39598e+14 494 4 1 0.999995 
4.34887e+16 -673.394 1.53585e-13 4.97118e+27 0.000453281 4.2867 23642.6 3.40407e+14 495 4 1 0.999986 
4.36591e+16 -673.465 2.43802e-13 4.97118e+27 0.000451654 4.28707 23729.8 3.41633e+14 496 4 1 0.999967 
4.38303e+16 -673.536 3.10803e-13 4.97118e+27 0.000450047 4.30365 23906.7 3.42853e+14 497 5 1 0.998663 
4.4002e+16 -673.613 3.76727e-13 4.97118e+27 0.000458645 4.498 24517.9 3.36426e+14 498 4 1 0.993704 
4.41669e+16 -673.695 4.41922e-13 4.97118e+27 0.000481106 4.15339 21582.5 3.20719e+14 499 4 1 0.993711 
