# Time [s]: 0.105842
# Columns: pos [m], vel [m/s], acc [m/s^2], mass [kg], dens [kg/m^3], pres [Pa], ene [J/kg], sml [m], id, neighbor, alpha, gradh, ...additional?
1.43094 -0.673667 0.0129442 0.0025 0.506675 0.440009 2.17106 0.00986825 0 4 1 0.994717 
1.43576 -0.673739 0.0148772 0.0025 0.530731 0.411313 1.93748 0.00942097 1 4 1 0.999673 
1.44037 -0.673815 0.0168183 0.0025 0.543824 0.426743 1.96177 0.00919416 2 4 1 0.999988 
1.44495 -0.6739 0.0188802 0.0025 0.545413 0.428453 1.96389 0.00916737 3 4 1 0.999999 
1.44953 -0.673996 0.0210801 0.0025 0.54579 0.428662 1.96349 0.00916103 4 4 1 1 
1.45411 -0.674101 0.0234333 0.0025 0.545845 0.428666 1.96331 0.0091601 5 3 1 1 
1.45869 -0.674218 0.0260403 0.0025 0.545823 0.428613 1.96315 0.00916048 6 4 1 1 
1.46327 -0.674347 0.0291075 0.0025 0.545778 0.428541 1.96298 0.00916124 7 4 1 1 
1.46786 -0.674493 0.0331947 0.0025 0.545718 0.428458 1.96282 0.00916224 8 4 1 1 
1.47244 -0.674662 0.0392561 0.0025 0.545641 0.428359 1.96264 0.00916353 9 4 1 1 
1.47702 -0.674865 0.0480683 0.0025 0.545542 0.428236 1.96243 0.00916519 10 4 1 1 
1.4816 -0.675119 0.0605346 0.0025 0.545412 0.428082 1.96219 0.00916739 11 4 1 1 
1.48619 -0.675447 0.0785281 0.0025 0.545238 0.427882 1.9619 0.0091703 12 4 1 1 
1.49077 -0.675871 0.102967 0.0025 0.545009 0.427622 1.96153 0.00917415 13 4 1 1 
1.49536 -0.676418 0.132291 0.0025 0.544713 0.427289 1.96107 0.00917915 14 4 1 0.999999 
1.49995 -0.677113 0.165216 0.0025 0.544344 0.426878 1.96051 0.00918537 15 4 1 0.999999 
-0.495454 -0.677946 0.197162 0.0025 0.543916 0.426402 1.95987 0.0091926 16 4 1 0.999998 
-0.490856 -0.678836 0.208514 0.0025 0.543468 0.425906 1.9592 0.00920017 17 4 1 0.999998 
-0.486254 -0.679681 0.172033 0.0025 0.543111 0.42551 1.95867 0.00920622 18 4 1 0.999999 
-0.48165 -0.680061 0.133227 0.0025 0.542861 0.425228 1.95828 0.00921047 19 5 1 0.999997 
-0.477044 -0.680727 -0.166789 0.0025 0.543301 0.425695 1.95888 0.009203 20 4 1 0.999832 
-0.472447 -0.674477 -2.67419 0.0025 0.546923 0.429661 1.96407 0.00914206 21 4 1 0.99924 
-0.467901 -0.657778 -4.88745 0.0025 0.555323 0.438933 1.97608 0.00900377 22 4 1 0.998736 
-0.463442 -0.6348 -5.85974 0.0025 0.566998 0.451918 1.9926 0.00881837 23 4 1 0.998707 
-0.459082 -0.610993 -5.60463 0.0025 0.579491 0.465925 2.01005 0.00862826 24 4 1 0.998916 
-0.454813 -0.589759 -5.02104 0.0025 0.59126 0.479221 2.02627 0.00845652 25 4 1 0.999025 
-0.450624 -0.570275 -4.98806 0.0025 0.602445 0.49195 2.04149 0.00829951 26 4 1 0.998939 
-0.446513 -0.550013 -5.6045 0.0025 0.614143 0.505367 2.05724 0.00814143 27 4 1 0.998737 
-0.442482 -0.527441 -6.41543 0.0025 0.627165 0.520429 2.07457 0.00797238 28 4 1 0.998526 
-0.438539 -0.502642 -7.15633 0.0025 0.641646 0.537329 2.09359 0.00779246 29 4 1 0.998386 
-0.434688 -0.476362 -7.66835 0.0025 0.657292 0.555762 2.11386 0.00760697 30 4 1 0.998324 
-0.430931 -0.449306 -8.02374 0.0025 0.673709 0.575293 2.13482 0.0074216 31 4 1 0.998322 
-0.427266 -0.422085 -8.26089 0.0025 0.690599 0.595585 2.15607 0.00724009 32 4 1 0.998362 
-0.42369 -0.395025 -8.39778 0.0025 0.707729 0.616369 2.1773 0.00706485 33 4 1 0.99842 
-0.4202 -0.368408 -8.50973 0.0025 0.724961 0.63748 2.19834 0.00689692 34 4 1 0.998491 
-0.416792 -0.34226 -8.56126 0.0025 0.742204 0.658807 2.2191 0.00673669 35 4 1 0.998563 
-0.413462 -0.316631 -8.61863 0.0025 0.759405 0.680279 2.23953 0.0065841 36 4 1 0.998632 
-0.410207 -0.29157 -8.66923 0.0025 0.776557 0.701885 2.25962 0.00643868 37 4 1 0.998701 
-0.407022 -0.267066 -8.68682 0.0025 0.793628 0.72358 2.27936 0.00630018 38 4 1 0.998766 
-0.403906 -0.243098 -8.72503 0.0025 0.810607 0.745344 2.29873 0.00616821 39 4 1 0.998829 
-0.400853 -0.219699 -8.72345 0.0025 0.827481 0.767154 2.31775 0.00604243 40 4 1 0.998889 
-0.397863 -0.196788 -8.73605 0.0025 0.844233 0.788983 2.3364 0.00592253 41 4 1 0.998944 
-0.39493 -0.174429 -8.75452 0.0025 0.860879 0.810846 2.35472 0.00580802 42 4 1 0.998996 
-0.392054 -0.152557 -8.75765 0.0025 0.877407 0.832725 2.3727 0.00569861 43 4 1 0.999054 
-0.389231 -0.131209 -8.68854 0.0025 0.893759 0.854532 2.39028 0.00559435 44 4 1 0.999112 
-0.386459 -0.110545 -8.5804 0.0025 0.909874 0.876171 2.40742 0.00549527 45 4 1 0.999134 
-0.383735 -0.0902888 -8.82038 0.0025 0.925976 0.897945 2.42436 0.00539971 46 4 1 0.999128 
-0.381059 -0.069494 -9.33166 0.0025 0.942392 0.920354 2.44151 0.00530565 47 4 1 0.999288 
-0.378429 -0.0495643 -8.02059 0.0025 0.957906 0.941703 2.45755 0.00521972 48 4 1 0.999598 
-0.375839 -0.0352539 -4.86413 0.0025 0.970173 0.958502 2.46996 0.00515372 49 4 1 0.999534 
-0.373275 -0.0233781 -7.20259 0.0025 0.982086 0.974803 2.4819 0.00509121 50 4 1 0.998851 
-0.370747 -6.01895e-06 -14.704 0.0025 1.0008 1.00115 2.50094 0.00499602 51 4 1 0.99895 
-0.368279 0.0289796 -10.8876 0.0025 1.0216 1.03078 2.52186 0.00489427 52 4 1 0.999932 
-0.365853 0.0394017 -0.725029 0.0025 1.03161 1.0448 2.53157 0.00484681 53 3 1 1 
-0.363432 0.0377729 1.49391 0.0025 1.03119 1.04401 2.53102 0.00484877 54 4 1 1.00001 
-0.361004 0.0337451 2.1503 0.0025 1.02767 1.039 2.52753 0.00486539 55 4 1 0.99997 
-0.358566 0.0287515 2.5315 0.0025 1.02333 1.03285 2.52323 0.00488601 56 4 1 0.999949 
-0.356118 0.0233655 2.64011 0.0025 1.01877 1.02639 2.51871 0.00490787 57 4 1 0.999941 
-0.353659 0.0181005 2.50699 0.0025 1.01441 1.02024 2.51437 0.00492896 58 4 1 0.999944 
-0.351189 0.0133699 2.1928 0.0025 1.01056 1.01481 2.51053 0.00494773 59 4 1 0.999955 
-0.348711 0.00942817 1.78251 0.0025 1.0074 1.01036 2.50738 0.00496327 60 4 1 0.999969 
-0.346226 0.00635924 1.35728 0.0025 1.00497 1.00694 2.50495 0.0049753 61 4 1 0.999981 
-0.343735 0.0041111 0.974731 0.0025 1.0032 1.00446 2.50318 0.00498407 62 4 1 0.99999 
-0.341242 0.00255219 0.664038 0.0025 1.00198 1.00276 2.50197 0.00499014 63 4 1 0.999995 
-0.338745 0.00152381 0.431086 0.0025 1.00118 1.00164 2.50117 0.00499413 64 4 1 0.999998 
-0.336247 0.000875968 0.267577 0.0025 1.00067 1.00094 2.50067 0.00499663 65 4 1 0.999999 
-0.333749 0.00048515 0.159163 0.0025 1.00037 1.00052 2.50037 0.00499814 66 4 1 1 
-0.331249 0.000258965 0.0908647 0.0025 1.0002 1.00028 2.5002 0.00499901 67 4 1 1 
-0.32875 0.000133235 0.0498304 0.0025 1.0001 1.00014 2.5001 0.00499949 68 4 1 1 
-0.32625 6.60625e-05 0.0262632 0.0025 1.00005 1.00007 2.50005 0.00499975 69 4 1 1 
-0.32375 3.15599e-05 0.0133056 0.0025 1.00002 1.00003 2.50002 0.00499988 70 4 1 1 
-0.32125 1.45206e-05 0.00647944 0.0025 1.00001 1.00002 2.50001 0.00499994 71 4 1 1 
-0.31875 6.43101e-06 0.00303226 0.0025 1 1.00001 2.5 0.00499998 72 4 1 1 
-0.31625 2.73992e-06 0.0013632 0.0025 1 1 2.5 0.00499999 73 4 1 1 
-0.31375 1.12206e-06 0.000588423 0.0025 1 1 2.5 0.005 74 4 1 1 
-0.31125 4.41265e-07 0.000243699 0.0025 1 1 2.5 0.005 75 4 1 1 
-0.30875 1.6645e-07 9.67523e-05 0.0025 1 1 2.5 0.005 76 4 1 1 
-0.30625 6.0139e-08 3.6781e-05 0.0025 1 1 2.5 0.005 77 4 1 1 
-0.30375 2.07758e-08 1.33698e-05 0.0025 1 1 2.5 0.005 78 4 1 1 
-0.30125 6.84787e-09 4.63866e-06 0.0025 1 1 2.5 0.005 79 4 1 1 
-0.29875 2.14771e-09 1.53265e-06 0.0025 1 1 2.5 0.005 80 4 1 1 
-0.29625 6.38711e-10 4.80894e-07 0.0025 1 1 2.5 0.005 81 4 1 1 
-0.29375 1.79316e-10 1.4273e-07 0.0025 1 1 2.5 0.005 82 4 1 1 
-0.29125 4.72158e-11 3.98925e-08 0.0025 1 1 2.5 0.005 83 4 1 1 
-0.28875 1.15744e-11 1.04109e-08 0.0025 1 1 2.5 0.005 84 4 1 1 
-0.28625 2.59885e-12 2.52521e-09 0.0025 1 1 2.5 0.005 85 4 1 1 
-0.28375 5.36255e-13 5.55076e-10 0.0025 1 1 2.5 0.005 86 4 1 1 
-0.28125 8.96789e-14 1.03626e-10 0.0025 1 1 2.5 0.005 87 4 1 1 
-0.27875 9.07392e-15 2.41585e-11 0.0025 1 1 2.5 0.005 88 4 1 1 
-0.27625 -3.80308e-16 -1.36424e-12 0.0025 1 1 2.5 0.005 89 5 1 1 
-0.27375 -1.19934e-32 -3.9443e-29 0.0025 1 1 2.5 0.005 90 5 1 1 
-0.27125 0 0 0.0025 1 1 2.5 0.005 91 5 1 1 
-0.26875 0 0 0.0025 1 1 2.5 0.005 92 5 1 1 
-0.26625 0 0 0.0025 1 1 2.5 0.005 93 5 1 1 
-0.26375 0 0 0.0025 1 1 2.5 0.005 94 5 1 1 
-0.26125 0 0 0.0025 1 1 2.5 0.005 95 5 1 1 
-0.25875 0 0 0.0025 1 1 2.5 0.005 96 5 1 1 
-0.25625 0 0 0.0025 1 1 2.5 0.005 97 5 1 1 
-0.25375 0 0 0.0025 1 1 2.5 0.005 98 5 1 1 
-0.25125 0 0 0.0025 1 1 2.5 0.005 99 5 1 1 
-0.24875 0 0 0.0025 1 1 2.5 0.005 100 5 1 1 
-0.24625 0 0 0.0025 1 1 2.5 0.005 101 5 1 1 
-0.24375 0 0 0.0025 1 1 2.5 0.005 102 5 1 1 
-0.24125 0 0 0.0025 1 1 2.5 0.005 103 5 1 1 
-0.23875 0 0 0.0025 1 1 2.5 0.005 104 5 1 1 
-0.23625 0 0 0.0025 1 1 2.5 0.005 105 5 1 1 
-0.23375 0 0 0.0025 1 1 2.5 0.005 106 5 1 1 
-0.23125 0 0 0.0025 1 1 2.5 0.005 107 5 1 1 
-0.22875 0 0 0.0025 1 1 2.5 0.005 108 5 1 1 
-0.22625 0 0 0.0025 1 1 2.5 0.005 109 5 1 1 
-0.22375 0 0 0.0025 1 1 2.5 0.005 110 5 1 1 
-0.22125 0 0 0.0025 1 1 2.5 0.005 111 5 1 1 
-0.21875 0 0 0.0025 1 1 2.5 0.005 112 5 1 1 
-0.21625 0 0 0.0025 1 1 2.5 0.005 113 5 1 1 
-0.21375 0 0 0.0025 1 1 2.5 0.005 114 5 1 1 
-0.21125 0 0 0.0025 1 1 2.5 0.005 115 5 1 1 
-0.20875 0 0 0.0025 1 1 2.5 0.005 116 5 1 1 
-0.20625 0 0 0.0025 1 1 2.5 0.005 117 5 1 1 
-0.20375 0 0 0.0025 1 1 2.5 0.005 118 5 1 1 
-0.20125 0 0 0.0025 1 1 2.5 0.005 119 5 1 1 
-0.19875 0 0 0.0025 1 1 2.5 0.005 120 5 1 1 
-0.19625 0 0 0.0025 1 1 2.5 0.005 121 5 1 1 
-0.19375 0 0 0.0025 1 1 2.5 0.005 122 5 1 1 
-0.19125 0 0 0.0025 1 1 2.5 0.005 123 5 1 1 
-0.18875 0 0 0.0025 1 1 2.5 0.005 124 5 1 1 
-0.18625 0 0 0.0025 1 1 2.5 0.005 125 5 1 1 
-0.18375 0 0 0.0025 1 1 2.5 0.005 126 5 1 1 
-0.18125 0 0 0.0025 1 1 2.5 0.005 127 5 1 1 
-0.17875 0 0 0.0025 1 1 2.5 0.005 128 5 1 1 
-0.17625 0 0 0.0025 1 1 2.5 0.005 129 5 1 1 
-0.17375 0 0 0.0025 1 1 2.5 0.005 130 5 1 1 
-0.17125 0 0 0.0025 1 1 2.5 0.005 131 5 1 1 
-0.16875 0 0 0.0025 1 1 2.5 0.005 132 5 1 1 
-0.16625 0 0 0.0025 1 1 2.5 0.005 133 5 1 1 
-0.16375 0 0 0.0025 1 1 2.5 0.005 134 5 1 1 
-0.16125 0 0 0.0025 1 1 2.5 0.005 135 5 1 1 
-0.15875 0 0 0.0025 1 1 2.5 0.005 136 5 1 1 
-0.15625 0 0 0.0025 1 1 2.5 0.005 137 5 1 1 
-0.15375 0 0 0.0025 1 1 2.5 0.005 138 5 1 1 
-0.15125 0 0 0.0025 1 1 2.5 0.005 139 5 1 1 
-0.14875 0 0 0.0025 1 1 2.5 0.005 140 5 1 1 
-0.14625 0 0 0.0025 1 1 2.5 0.005 141 5 1 1 
-0.14375 0 0 0.0025 1 1 2.5 0.005 142 5 1 1 
-0.14125 0 0 0.0025 1 1 2.5 0.005 143 5 1 1 
-0.13875 0 0 0.0025 1 1 2.5 0.005 144 5 1 1 
-0.13625 0 0 0.0025 1 1 2.5 0.005 145 5 1 1 
-0.13375 0 0 0.0025 1 1 2.5 0.005 146 5 1 1 
-0.13125 0 0 0.0025 1 1 2.5 0.005 147 5 1 1 
-0.12875 0 0 0.0025 1 1 2.5 0.005 148 5 1 1 
-0.12625 0 0 0.0025 1 1 2.5 0.005 149 5 1 1 
-0.12375 0 0 0.0025 1 1 2.5 0.005 150 5 1 1 
-0.12125 0 0 0.0025 1 1 2.5 0.005 151 5 1 1 
-0.11875 0 0 0.0025 1 1 2.5 0.005 152 5 1 1 
-0.11625 0 0 0.0025 1 1 2.5 0.005 153 5 1 1 
-0.11375 0 0 0.0025 1 1 2.5 0.005 154 5 1 1 
-0.11125 0 0 0.0025 1 1 2.5 0.005 155 5 1 1 
-0.10875 0 0 0.0025 1 1 2.5 0.005 156 5 1 1 
-0.10625 0 0 0.0025 1 1 2.5 0.005 157 5 1 1 
-0.10375 0 0 0.0025 1 1 2.5 0.005 158 5 1 1 
-0.10125 0 0 0.0025 1 1 2.5 0.005 159 5 1 1 
-0.09875 0 0 0.0025 1 1 2.5 0.005 160 5 1 1 
-0.09625 0 0 0.0025 1 1 2.5 0.005 161 5 1 1 
-0.09375 0 0 0.0025 1 1 2.5 0.005 162 5 1 1 
-0.09125 0 0 0.0025 1 1 2.5 0.005 163 5 1 1 
-0.08875 0 0 0.0025 1 1 2.5 0.005 164 5 1 1 
-0.08625 0 0 0.0025 1 1 2.5 0.005 165 5 1 1 
-0.08375 0 0 0.0025 1 1 2.5 0.005 166 5 1 1 
-0.08125 0 0 0.0025 1 1 2.5 0.005 167 5 1 1 
-0.07875 0 0 0.0025 1 1 2.5 0.005 168 5 1 1 
-0.07625 0 0 0.0025 1 1 2.5 0.005 169 5 1 1 
-0.07375 0 0 0.0025 1 1 2.5 0.005 170 5 1 1 
-0.07125 0 0 0.0025 1 1 2.5 0.005 171 5 1 1 
-0.06875 0 0 0.0025 1 1 2.5 0.005 172 5 1 1 
-0.06625 0 0 0.0025 1 1 2.5 0.005 173 5 1 1 
-0.06375 -1.36242e-47 0 0.0025 1 1 2.5 0.005 174 5 1 1 
-0.06125 -3.45342e-17 -1.12104e-44 0.0025 1 1 2.5 0.005 175 5 1 1 
-0.05875 -1.72251e-16 -1.12104e-44 0.0025 1 1 2.5 0.005 176 5 1 1 
-0.05625 -3.09375e-16 0 0.0025 1 1 2.5 0.005 177 5 1 1 
-0.05375 -4.45501e-16 0 0.0025 1 1 2.5 0.005 178 5 1 1 
-0.05125 -6.14927e-16 0 0.0025 1 1 2.5 0.005 179 5 1 1 
-0.04875 -7.82825e-16 0 0.0025 1 1 2.5 0.005 180 5 1 1 
-0.04625 -9.31916e-16 -5.68434e-14 0.0025 1 1 2.5 0.005 181 5 1 1 
-0.04375 -1.16437e-15 5.68434e-14 0.0025 1 1 2.5 0.005 182 5 1 1 
-0.04125 -1.32342e-15 -5.68434e-14 0.0025 1 1 2.5 0.005 183 5 1 1 
-0.03875 -1.49066e-15 3.9443e-29 0.0025 1 1 2.5 0.005 184 5 1 1 
-0.03625 -1.70159e-15 5.68434e-14 0.0025 1 1 2.5 0.005 185 5 1 1 
-0.03375 -3.22141e-15 -3.15544e-28 0.0025 1 1 2.5 0.005 186 4 1 1 
-0.03125 1.37427e-16 -1.13687e-13 0.0025 1 1 2.5 0.005 187 3 1 1 
-0.02875 -4.08925e-16 -1.13687e-13 0.0025 1 1 2.5 0.005 188 4 1 1 
-0.02625 -2.71087e-15 -4.54747e-13 0.0025 1 1 2.5 0.005 189 3 1 1 
-0.02375 -1.87011e-16 1.02318e-12 0.0025 1 1 2.5 0.005 190 4 1 1 
-0.02125 -3.65359e-16 -5.11591e-13 0.0025 1 1 2.5 0.005 191 5 1 1 
-0.01875 -6.49626e-16 -5.68434e-14 0.0025 1 1 2.5 0.005 192 5 1 1 
-0.01625 -2.49224e-15 -3.15544e-28 0.0025 1 1 2.5 0.005 193 4 1 1 
-0.01375 4.54526e-16 5.68434e-14 0.0025 1 1 2.5 0.005 194 3 1 1 
-0.01125 -7.02157e-16 -5.68434e-14 0.0025 1 1 2.5 0.005 195 3 1 1 
-0.00875 -1.07054e-15 0 0.0025 1 1 2.5 0.005 196 3 1 1 
-0.00625 1.01934e-17 1.13687e-13 0.0025 1 1 2.5 0.005 197 3 1 1 
-0.00375 -1.21184e-16 -5.68434e-14 0.0025 1 1 2.5 0.005 198 3 1 1 
-0.00125 -1.54599e-16 5.68434e-14 0.0025 1 1 2.5 0.005 199 3 1 1 
0.00125 -3.73487e-16 2.27374e-13 0.0025 1 1 2.5 0.005 200 5 1 1 
0.00375 4.88386e-17 -3.41061e-13 0.0025 1 1 2.5 0.005 201 5 1 1 
0.00625 2.7136e-16 -2.27374e-13 0.0025 1 1 2.5 0.005 202 4 1 1 
0.00875 -1.07739e-15 -3.97904e-13 0.0025 1 1 2.5 0.005 203 4 1 1 
0.01125 -6.7994e-16 7.38964e-13 0.0025 1 1 2.5 0.005 204 3 1 1 
0.01375 -2.97293e-16 5.68434e-14 0.0025 1 1 2.5 0.005 205 4 1 1 
0.01625 3.3394e-16 -1.7053e-13 0.0025 1 1 2.5 0.005 206 4 1 1 
0.01875 -6.09164e-16 2.07076e-28 0.0025 1 1 2.5 0.005 207 5 1 1 
0.02125 3.58183e-16 1.13687e-13 0.0025 1 1 2.5 0.005 208 5 1 1 
0.02375 -6.41709e-16 -5.68434e-14 0.0025 1 1 2.5 0.005 209 4 1 1 
0.02625 2.13229e-15 5.68434e-14 0.0025 1 1 2.5 0.005 210 3 1 1 
0.02875 9.2103e-16 -2.76101e-28 0.0025 1 1 2.5 0.005 211 3 1 1 
0.03125 4.84253e-15 5.68434e-14 0.0025 1 1 2.5 0.005 212 4 1 1 
0.03375 3.17137e-15 -5.68434e-14 0.0025 1 1 2.5 0.005 213 5 1 1 
0.03625 2.91265e-15 5.68434e-14 0.0025 1 1 2.5 0.005 214 5 1 1 
0.03875 2.36711e-15 1.12104e-44 0.0025 1 1 2.5 0.005 215 5 1 1 
0.04125 1.93592e-15 0 0.0025 1 1 2.5 0.005 216 5 1 1 
0.04375 1.46358e-15 0 0.0025 1 1 2.5 0.005 217 5 1 1 
0.04625 1.05752e-15 2.24208e-44 0.0025 1 1 2.5 0.005 218 5 1 1 
0.04875 8.20747e-16 2.24208e-44 0.0025 1 1 2.5 0.005 219 5 1 1 
0.05125 6.00162e-16 5.68434e-14 0.0025 1 1 2.5 0.005 220 5 1 1 
0.05375 4.29714e-16 -5.68434e-14 0.0025 1 1 2.5 0.005 221 5 1 1 
0.05625 2.92732e-16 5.68434e-14 0.0025 1 1 2.5 0.005 222 5 1 1 
0.05875 1.55185e-16 -5.68434e-14 0.0025 1 1 2.5 0.005 223 5 1 1 
0.06125 1.72844e-17 5.68434e-14 0.0025 1 1 2.5 0.005 224 5 1 1 
0.06375 3.40874e-48 1.12104e-44 0.0025 1 1 2.5 0.005 225 5 1 1 
0.06625 0 0 0.0025 1 1 2.5 0.005 226 5 1 1 
0.06875 0 0 0.0025 1 1 2.5 0.005 227 5 1 1 
0.07125 0 0 0.0025 1 1 2.5 0.005 228 5 1 1 
0.07375 0 0 0.0025 1 1 2.5 0.005 229 5 1 1 
0.07625 0 0 0.0025 1 1 2.5 0.005 230 5 1 1 
0.07875 0 0 0.0025 1 1 2.5 0.005 231 5 1 1 
0.08125 0 0 0.0025 1 1 2.5 0.005 232 5 1 1 
0.08375 0 0 0.0025 1 1 2.5 0.005 233 5 1 1 
0.08625 0 0 0.0025 1 1 2.5 0.005 234 5 1 1 
0.08875 0 0 0.0025 1 1 2.5 0.005 235 5 1 1 
0.09125 0 0 0.0025 1 1 2.5 0.005 236 5 1 1 
0.09375 -7.79816e-46 -1.12104e-44 0.0025 1 1 2.5 0.005 237 5 1 1 
0.09625 -1.69188e-16 0 0.0025 1 1 2.5 0.005 238 5 1 1 
0.09875 -3.37357e-16 1.12104e-44 0.0025 1 1 2.5 0.005 239 5 1 1 
0.10125 1.58941e-15 0 0.0025 1 1 2.5 0.005 240 5 1 1 
0.10375 1.42405e-15 6.72623e-44 0.0025 1 1 2.5 0.005 241 5 1 1 
0.10625 3.35814e-15 -1.34525e-43 0.0025 1 1 2.5 0.005 242 5 1 1 
0.10875 1.95525e-15 -5.68434e-14 0.0025 1 1 2.5 0.005 243 5 1 1 
0.11125 1.38023e-15 -1.13687e-13 0.0025 1 1 2.5 0.005 244 5 1 1 
0.11375 -1.66415e-15 1.13687e-13 0.0025 1 1 2.5 0.005 245 5 1 1 
0.11625 1.30528e-15 1.7053e-13 0.0025 1 1 2.5 0.005 246 5 1 1 
0.11875 -1.69412e-15 1.13687e-13 0.0025 1 1 2.5 0.005 247 5 1 1 
0.12125 1.8811e-15 -2.27374e-13 0.0025 1 1 2.5 0.005 248 5 1 1 
0.12375 -6.68382e-16 -1.13687e-13 0.0025 1 1 2.5 0.005 249 4 1 1 
0.12625 6.68382e-16 1.13687e-13 0.0025 1 1 2.5 0.005 250 4 1 1 
0.12875 -1.8811e-15 2.27374e-13 0.0025 1 1 2.5 0.005 251 5 1 1 
0.13125 1.69412e-15 -1.13687e-13 0.0025 1 1 2.5 0.005 252 5 1 1 
0.13375 -1.30528e-15 -1.7053e-13 0.0025 1 1 2.5 0.005 253 5 1 1 
0.13625 1.66415e-15 -1.13687e-13 0.0025 1 1 2.5 0.005 254 5 1 1 
0.13875 -1.38023e-15 1.13687e-13 0.0025 1 1 2.5 0.005 255 5 1 1 
0.14125 -1.95525e-15 5.68434e-14 0.0025 1 1 2.5 0.005 256 5 1 1 
0.14375 -3.35814e-15 1.34525e-43 0.0025 1 1 2.5 0.005 257 5 1 1 
0.14625 -1.42405e-15 -6.72623e-44 0.0025 1 1 2.5 0.005 258 5 1 1 
0.14875 -1.58941e-15 0 0.0025 1 1 2.5 0.005 259 5 1 1 
0.15125 3.37357e-16 -1.12104e-44 0.0025 1 1 2.5 0.005 260 5 1 1 
0.15375 1.69188e-16 0 0.0025 1 1 2.5 0.005 261 5 1 1 
0.15625 7.79816e-46 1.12104e-44 0.0025 1 1 2.5 0.005 262 5 1 1 
0.15875 0 0 0.0025 1 1 2.5 0.005 263 5 1 1 
0.16125 0 0 0.0025 1 1 2.5 0.005 264 5 1 1 
0.16375 0 0 0.0025 1 1 2.5 0.005 265 5 1 1 
0.16625 0 0 0.0025 1 1 2.5 0.005 266 5 1 1 
0.16875 0 0 0.0025 1 1 2.5 0.005 267 5 1 1 
0.17125 0 0 0.0025 1 1 2.5 0.005 268 5 1 1 
0.17375 0 0 0.0025 1 1 2.5 0.005 269 5 1 1 
0.17625 0 0 0.0025 1 1 2.5 0.005 270 5 1 1 
0.17875 0 0 0.0025 1 1 2.5 0.005 271 5 1 1 
0.18125 0 0 0.0025 1 1 2.5 0.005 272 5 1 1 
0.18375 0 0 0.0025 1 1 2.5 0.005 273 5 1 1 
0.18625 0 0 0.0025 1 1 2.5 0.005 274 5 1 1 
0.18875 0 0 0.0025 1 1 2.5 0.005 275 5 1 1 
0.19125 0 0 0.0025 1 1 2.5 0.005 276 5 1 1 
0.19375 0 0 0.0025 1 1 2.5 0.005 277 5 1 1 
0.19625 0 0 0.0025 1 1 2.5 0.005 278 5 1 1 
0.19875 0 0 0.0025 1 1 2.5 0.005 279 5 1 1 
0.20125 -3.83602e-46 -1.12104e-44 0.0025 1 1 2.5 0.005 280 5 1 1 
0.20375 -6.85718e-17 -1.12104e-44 0.0025 1 1 2.5 0.005 281 5 1 1 
0.20625 -2.05192e-16 0 0.0025 1 1 2.5 0.005 282 5 1 1 
0.20875 -3.75697e-16 0 0.0025 1 1 2.5 0.005 283 5 1 1 
0.21125 -5.45239e-16 1.12104e-44 0.0025 1 1 2.5 0.005 284 5 1 1 
0.21375 -6.79199e-16 4.48416e-44 0.0025 1 1 2.5 0.005 285 5 1 1 
0.21625 6.36562e-16 1.13687e-13 0.0025 1 1 2.5 0.005 286 5 1 1 
0.21875 4.38424e-16 1.13687e-13 0.0025 1 1 2.5 0.005 287 5 1 1 
0.22125 4.0135e-15 -8.96831e-44 0.0025 1 1 2.5 0.005 288 5 1 1 
0.22375 2.78135e-15 5.68434e-14 0.0025 1 1 2.5 0.005 289 5 1 1 
0.22625 2.136e-15 1.7053e-13 0.0025 1 1 2.5 0.005 290 5 1 1 
0.22875 2.2357e-16 5.68434e-14 0.0025 1 1 2.5 0.005 291 5 1 1 
0.23125 3.85456e-15 5.68434e-14 0.0025 1 1 2.5 0.005 292 5 1 1 
0.23375 2.02567e-15 -1.7053e-13 0.0025 1 1 2.5 0.005 293 5 1 1 
0.23625 1.94171e-15 -1.7053e-13 0.0025 1 1 2.5 0.005 294 5 1 1 
0.23875 -1.93475e-15 5.7173e-43 0.0025 1 1 2.5 0.005 295 5 1 1 
0.24125 5.73432e-15 -6.50202e-43 0.0025 1 1 2.5 0.005 296 5 1 1 
0.24375 7.12644e-16 3.9443e-29 0.0025 1 1 2.5 0.005 297 5 1 1 
0.24625 4.22352e-17 3.97904e-13 0.0025 1 1 2.5 0.005 298 5 1 1 
0.24875 -5.65339e-15 4.54747e-13 0.0025 1 1 2.5 0.005 299 3 1 1 
0.25125 5.65339e-15 -4.54747e-13 0.0025 1 1 2.5 0.005 300 3 1 1 
0.25375 -4.22352e-17 -3.97904e-13 0.0025 1 1 2.5 0.005 301 5 1 1 
0.25625 -7.12644e-16 -3.9443e-29 0.0025 1 1 2.5 0.005 302 5 1 1 
0.25875 -5.73432e-15 6.50202e-43 0.0025 1 1 2.5 0.005 303 5 1 1 
0.26125 1.93475e-15 -5.7173e-43 0.0025 1 1 2.5 0.005 304 5 1 1 
0.26375 -1.94171e-15 1.7053e-13 0.0025 1 1 2.5 0.005 305 5 1 1 
0.26625 -2.02567e-15 1.7053e-13 0.0025 1 1 2.5 0.005 306 5 1 1 
0.26875 -3.85456e-15 -5.68434e-14 0.0025 1 1 2.5 0.005 307 5 1 1 
0.27125 -2.2357e-16 -5.68434e-14 0.0025 1 1 2.5 0.005 308 5 1 1 
0.27375 -2.11871e-15 -1.13687e-13 0.0025 1 1 2.5 0.005 309 5 1 1 
0.27625 -2.17646e-15 1.36424e-12 0.0025 1 1 2.5 0.005 310 5 1 1 
0.27875 -1.22758e-14 -2.37605e-11 0.0025 1 1 2.5 0.005 311 4 1 1 
0.28125 -9.08252e-14 -1.04023e-10 0.0025 1 1 2.5 0.005 312 4 1 1 
0.28375 -5.36632e-13 -5.55247e-10 0.0025 1 1 2.5 0.005 313 4 1 1 
0.28625 -2.599e-12 -2.52544e-09 0.0025 1 1 2.5 0.005 314 4 1 1 
0.28875 -1.15743e-11 -1.0411e-08 0.0025 1 1 2.5 0.005 315 4 1 1 
0.29125 -4.72156e-11 -3.98925e-08 0.0025 1 1 2.5 0.005 316 4 1 1 
0.29375 -1.79316e-10 -1.4273e-07 0.0025 1 1 2.5 0.005 317 4 1 1 
0.29625 -6.38711e-10 -4.80894e-07 0.0025 1 1 2.5 0.005 318 4 1 1 
0.29875 -2.14771e-09 -1.53265e-06 0.0025 1 1 2.5 0.005 319 4 1 1 
0.30125 -6.84787e-09 -4.63866e-06 0.0025 1 1 2.5 0.005 320 4 1 1 
0.30375 -2.07758e-08 -1.33698e-05 0.0025 1 1 2.5 0.005 321 4 1 1 
0.30625 -6.0139e-08 -3.6781e-05 0.0025 1 1 2.5 0.005 322 4 1 1 
0.30875 -1.6645e-07 -9.67523e-05 0.0025 1 1 2.5 0.005 323 4 1 1 
0.31125 -4.41265e-07 -0.000243699 0.0025 1 1 2.5 0.005 324 4 1 1 
0.31375 -1.12206e-06 -0.000588423 0.0025 1 1 2.5 0.005 325 4 1 1 
0.31625 -2.73992e-06 -0.0013632 0.0025 1 1 2.5 0.00499999 326 4 1 1 
0.31875 -6.43101e-06 -0.00303226 0.0025 1 1.00001 2.5 0.00499998 327 4 1 1 
0.32125 -1.45206e-05 -0.00647944 0.0025 1.00001 1.00002 2.50001 0.00499994 328 4 1 1 
0.32375 -3.15599e-05 -0.0133056 0.0025 1.00002 1.00003 2.50002 0.00499988 329 4 1 1 
0.32625 -6.60625e-05 -0.0262632 0.0025 1.00005 1.00007 2.50005 0.00499975 330 4 1 1 
0.32875 -0.000133235 -0.0498304 0.0025 1.0001 1.00014 2.5001 0.00499949 331 4 1 1 
0.331249 -0.000258965 -0.0908647 0.0025 1.0002 1.00028 2.5002 0.00499901 332 4 1 1 
0.333749 -0.00048515 -0.159163 0.0025 1.00037 1.00052 2.50037 0.00499814 333 4 1 1 
0.336247 -0.000875968 -0.267577 0.0025 1.00067 1.00094 2.50067 0.00499663 334 4 1 0.999999 
0.338745 -0.00152381 -0.431086 0.0025 1.00118 1.00164 2.50117 0.00499413 335 4 1 0.999998 
0.341242 -0.00255219 -0.664038 0.0025 1.00198 1.00276 2.50197 0.00499014 336 4 1 0.999995 
0.343735 -0.0041111 -0.974731 0.0025 1.0032 1.00446 2.50318 0.00498407 337 4 1 0.99999 
0.346226 -0.00635924 -1.35728 0.0025 1.00497 1.00694 2.50495 0.0049753 338 4 1 0.999981 
0.348711 -0.00942817 -1.78251 0.0025 1.0074 1.01036 2.50738 0.00496327 339 4 1 0.999969 
0.351189 -0.0133699 -2.1928 0.0025 1.01056 1.01481 2.51053 0.00494773 340 4 1 0.999955 
0.353659 -0.0181005 -2.50699 0.0025 1.01441 1.02024 2.51437 0.00492896 341 4 1 0.999944 
0.356118 -0.0233655 -2.64011 0.0025 1.01877 1.02639 2.51871 0.00490787 342 4 1 0.999941 
0.358566 -0.0287515 -2.5315 0.0025 1.02333 1.03285 2.52323 0.00488601 343 4 1 0.999949 
0.361004 -0.0337451 -2.1503 0.0025 1.02767 1.039 2.52753 0.00486539 344 4 1 0.99997 
0.363432 -0.0377729 -1.49391 0.0025 1.03119 1.04401 2.53102 0.00484877 345 4 1 1.00001 
0.365853 -0.0394017 0.725029 0.0025 1.03161 1.0448 2.53157 0.00484681 346 3 1 1 
0.368279 -0.0289796 10.8876 0.0025 1.0216 1.03078 2.52186 0.00489427 347 4 1 0.999932 
0.370747 6.01895e-06 14.704 0.0025 1.0008 1.00115 2.50094 0.00499602 348 4 1 0.99895 
0.373275 0.0233781 7.20259 0.0025 0.982086 0.974803 2.4819 0.00509121 349 4 1 0.998851 
0.375839 0.0352539 4.86413 0.0025 0.970173 0.958502 2.46996 0.00515372 350 4 1 0.999534 
0.378429 0.0495643 8.02059 0.0025 0.957906 0.941703 2.45755 0.00521972 351 4 1 0.999598 
0.381059 0.069494 9.33166 0.0025 0.942392 0.920354 2.44151 0.00530565 352 4 1 0.999288 
0.383735 0.0902888 8.82038 0.0025 0.925976 0.897945 2.42436 0.00539971 353 4 1 0.999128 
0.386459 0.110545 8.5804 0.0025 0.909874 0.876171 2.40742 0.00549527 354 4 1 0.999134 
0.389231 0.131209 8.68854 0.0025 0.893759 0.854532 2.39028 0.00559435 355 4 1 0.999112 
0.392054 0.152557 8.75765 0.0025 0.877407 0.832725 2.3727 0.00569861 356 4 1 0.999054 
0.39493 0.174429 8.75452 0.0025 0.860879 0.810846 2.35472 0.00580802 357 4 1 0.998996 
0.397863 0.196788 8.73605 0.0025 0.844233 0.788983 2.3364 0.00592253 358 4 1 0.998944 
0.400853 0.219699 8.72345 0.0025 0.827481 0.767154 2.31775 0.00604243 359 4 1 0.998889 
0.403906 0.243098 8.72503 0.0025 0.810607 0.745344 2.29873 0.00616821 360 4 1 0.998829 
0.407022 0.267066 8.68682 0.0025 0.793628 0.72358 2.27936 0.00630018 361 4 1 0.998766 
0.410207 0.29157 8.66923 0.0025 0.776557 0.701885 2.25962 0.00643868 362 4 1 0.998701 
0.413462 0.316631 8.61863 0.0025 0.759405 0.680279 2.23953 0.0065841 363 4 1 0.998632 
0.416792 0.34226 8.56126 0.0025 0.742204 0.658807 2.2191 0.00673669 364 4 1 0.998563 
0.4202 0.368408 8.50973 0.0025 0.724961 0.63748 2.19834 0.00689692 365 4 1 0.998491 
0.42369 0.395025 8.39778 0.0025 0.707729 0.616369 2.1773 0.00706485 366 4 1 0.99842 
0.427266 0.422085 8.26089 0.0025 0.690599 0.595585 2.15607 0.00724009 367 4 1 0.998362 
0.430931 0.449306 8.02374 0.0025 0.673709 0.575293 2.13482 0.0074216 368 4 1 0.998322 
0.434688 0.476362 7.66835 0.0025 0.657292 0.555762 2.11386 0.00760697 369 4 1 0.998324 
0.438539 0.502642 7.15633 0.0025 0.641646 0.537329 2.09359 0.00779246 370 4 1 0.998386 
0.442482 0.527441 6.41543 0.0025 0.627165 0.520429 2.07457 0.00797238 371 4 1 0.998526 
0.446513 0.550013 5.6045 0.0025 0.614143 0.505367 2.05724 0.00814143 372 4 1 0.998737 
0.450624 0.570275 4.98806 0.0025 0.602445 0.49195 2.04149 0.00829951 373 4 1 0.998939 
0.454813 0.589759 5.02104 0.0025 0.59126 0.479221 2.02627 0.00845652 374 4 1 0.999025 
0.459082 0.610993 5.60463 0.0025 0.579491 0.465925 2.01005 0.00862826 375 4 1 0.998916 
0.463442 0.6348 5.85974 0.0025 0.566998 0.451918 1.9926 0.00881837 376 4 1 0.998707 
0.467901 0.657778 4.88745 0.0025 0.555323 0.438933 1.97608 0.00900377 377 4 1 0.998736 
0.472447 0.674477 2.67419 0.0025 0.546923 0.429661 1.96407 0.00914206 378 4 1 0.99924 
0.477044 0.680727 0.166789 0.0025 0.543301 0.425695 1.95888 0.009203 379 4 1 0.999832 
0.48165 0.680061 -0.133227 0.0025 0.542861 0.425228 1.95828 0.00921047 380 5 1 0.999997 
0.486254 0.679681 -0.172033 0.0025 0.543111 0.42551 1.95867 0.00920622 381 4 1 0.999999 
0.490856 0.678836 -0.208514 0.0025 0.543468 0.425906 1.9592 0.00920017 382 4 1 0.999998 
0.495454 0.677946 -0.197162 0.0025 0.543916 0.426402 1.95987 0.0091926 383 4 1 0.999998 
0.500049 0.677113 -0.165216 0.0025 0.544344 0.426878 1.96051 0.00918537 384 4 1 0.999999 
0.50464 0.676418 -0.132291 0.0025 0.544713 0.427289 1.96107 0.00917915 385 4 1 0.999999 
0.509228 0.675871 -0.102967 0.0025 0.545009 0.427622 1.96153 0.00917415 386 4 1 1 
0.513814 0.675447 -0.0785281 0.0025 0.545238 0.427882 1.9619 0.0091703 387 4 1 1 
0.518398 0.675119 -0.0605346 0.0025 0.545412 0.428082 1.96219 0.00916739 388 4 1 1 
0.522981 0.674865 -0.0480683 0.0025 0.545542 0.428236 1.96243 0.00916519 389 4 1 1 
0.527563 0.674662 -0.0392561 0.0025 0.545641 0.428359 1.96264 0.00916353 390 4 1 1 
0.532145 0.674493 -0.0331947 0.0025 0.545718 0.428458 1.96282 0.00916224 391 4 1 1 
0.536726 0.674347 -0.0291075 0.0025 0.545778 0.428541 1.96298 0.00916124 392 4 1 1 
0.541306 0.674218 -0.0260403 0.0025 0.545823 0.428613 1.96315 0.00916048 393 4 1 1 
0.545886 0.674101 -0.0234333 0.0025 0.545845 0.428666 1.96331 0.0091601 394 3 1 1 
0.550466 0.673996 -0.0210801 0.0025 0.54579 0.428662 1.96349 0.00916103 395 4 1 1 
0.555047 0.6739 -0.0188802 0.0025 0.545413 0.428453 1.96389 0.00916737 396 4 1 0.999999 
0.559634 0.673815 -0.0168183 0.0025 0.543824 0.426743 1.96177 0.00919416 397 4 1 0.999988 
0.564241 0.673739 -0.0148772 0.0025 0.530731 0.411313 1.93748 0.00942097 398 4 1 0.999673 
0.569059 0.673667 -0.0129442 0.0025 0.506675 0.440009 2.17106 0.00986825 399 4 1 0.994717 
0.574117 0.673598 -0.0110606 0.0025 0.481161 0.415406 2.15835 0.0103915 400 4 1 0.993708 
0.57946 0.673531 -0.00934234 0.0025 0.458693 0.449866 2.45189 0.0109005 401 4 1 0.993702 
0.585023 0.673468 -0.00783237 0.0025 0.45009 0.430422 2.39076 0.0111089 402 5 1 0.998662 
0.590569 0.67341 -0.00643309 0.0025 0.451695 0.428761 2.37307 0.0110694 403 4 1 0.999967 
0.596092 0.673355 -0.00493488 0.0025 0.453323 0.428725 2.36435 0.0110297 404 4 1 0.999986 
0.601599 0.673299 -0.00285924 0.0025 0.454411 0.428862 2.35944 0.0110032 405 4 1 0.999994 
0.607096 0.673234 0.00123199 0.0025 0.455101 0.428934 2.35626 0.0109866 406 4 1 0.999998 
0.612586 0.673133 0.0114884 0.0025 0.455535 0.428928 2.35398 0.0109761 407 4 1 1 
0.618072 0.672912 0.0414025 0.0025 0.455746 0.428789 2.35213 0.010971 408 3 1 1 
0.623557 0.672301 0.137401 0.0025 0.455595 0.428282 2.35011 0.0109746 409 4 1 1 
0.629046 0.670519 0.415087 0.0025 0.454589 0.426724 2.34674 0.0109989 410 4 1 0.999993 
0.634556 0.665437 1.14239 0.0025 0.451503 0.422493 2.33933 0.0110741 411 4 1 0.999918 
0.640121 0.652564 2.8767 0.0025 0.443727 0.412176 2.32217 0.0112682 412 4 1 0.999447 
0.645826 0.622143 6.20839 0.0025 0.427479 0.390952 2.28624 0.0116965 413 4 1 0.99738 
0.651825 0.562233 12.4846 0.0025 0.397723 0.352683 2.21666 0.0125716 414 4 1 0.991331 
0.658431 0.434042 25.9813 0.0025 0.351133 0.294374 2.09577 0.0142396 415 4 1 0.978153 
0.666182 0.232603 30.4054 0.0025 0.300456 0.234287 1.94963 0.0166414 416 4 1 0.960591 
0.675227 0.0700801 16.3533 0.0025 0.266336 0.19647 1.84448 0.0187733 417 4 1 0.96853 
0.685014 0.0088833 3.63966 0.0025 0.252965 0.182492 1.80365 0.0197655 418 4 1 0.992078 
0.694998 -0.000275357 0.186162 0.0025 0.250172 0.17967 1.79549 0.0199862 419 4 1 0.999543 
0.705 -0.000127912 -0.0599764 0.0025 0.249971 0.179471 1.79492 0.0200023 420 5 1 0.999997 
0.715 8.19066e-06 -0.00100855 0.0025 0.249998 0.179498 1.795 0.0200001 421 4 1 1 
0.725 3.68092e-06 0.000714871 0.0025 0.250001 0.179501 1.795 0.0199999 422 3 1 1 
0.735 8.51379e-07 0.00019738 0.0025 0.25 0.1795 1.795 0.02 423 4 1 1 
0.745 1.72612e-07 4.27435e-05 0.0025 0.25 0.1795 1.795 0.02 424 4 1 1 
0.755 3.24335e-08 8.51061e-06 0.0025 0.25 0.1795 1.795 0.02 425 4 1 1 
0.765 5.68838e-09 1.58092e-06 0.0025 0.25 0.1795 1.795 0.02 426 4 1 1 
0.775 9.30544e-10 2.74032e-07 0.0025 0.25 0.1795 1.795 0.02 427 4 1 1 
0.785 1.41635e-10 4.42257e-08 0.0025 0.25 0.1795 1.795 0.02 428 4 1 1 
0.795 1.99783e-11 6.62773e-09 0.0025 0.25 0.1795 1.795 0.02 429 4 1 1 
0.805 2.61097e-12 9.18746e-10 0.0025 0.25 0.1795 1.795 0.02 430 4 1 1 
0.815 3.1047e-13 1.16302e-10 0.0025 0.25 0.1795 1.795 0.02 431 4 1 1 
0.825 2.73385e-14 1.48077e-11 0.0025 0.25 0.1795 1.795 0.02 432 4 1 1 
0.835 1.25196e-15 4.54747e-13 0.0025 0.25 0.1795 1.795 0.02 433 5 1 1 
0.845 1.42484e-16 7.10543e-14 0.0025 0.25 0.1795 1.795 0.02 434 5 1 1 
0.855 3.40587e-47 1.68156e-44 0.0025 0.25 0.1795 1.795 0.02 435 5 1 1 
0.865 8.52185e-49 2.8026e-45 0.0025 0.25 0.1795 1.795 0.02 436 5 1 1 
0.875 0 0 0.0025 0.25 0.1795 1.795 0.02 437 5 1 1 
0.885 0 0 0.0025 0.25 0.1795 1.795 0.02 438 5 1 1 
0.895 -2.8083e-47 -2.8026e-45 0.0025 0.25 0.1795 1.795 0.02 439 5 1 1 
0.905 -1.07027e-46 -5.60519e-45 0.0025 0.25 0.1795 1.795 0.02 440 5 1 1 
0.915 -2.54372e-16 -1.42109e-14 0.0025 0.25 0.1795 1.795 0.02 441 5 1 1 
0.925 -7.57469e-16 -2.84217e-14 0.0025 0.25 0.1795 1.795 0.02 442 5 1 1 
0.935 -1.53738e-15 -2.84217e-14 0.0025 0.25 0.1795 1.795 0.02 443 5 1 1 
0.945 -3.02137e-15 -1.42109e-14 0.0025 0.25 0.1795 1.795 0.02 444 5 1 1 
0.955 -5.10791e-15 8.40779e-44 0.0025 0.25 0.1795 1.795 0.02 445 5 1 1 
0.965 -4.7177e-15 2.27374e-13 0.0025 0.25 0.1795 1.795 0.02 446 5 1 1 
0.975 -1.05749e-14 2.98428e-13 0.0025 0.25 0.1795 1.795 0.02 447 5 1 1 
0.985 9.41626e-15 -2.55795e-13 0.0025 0.25 0.1795 1.795 0.02 448 5 1 1 
0.995 -5.78376e-16 -2.41585e-13 0.0025 0.25 0.1795 1.795 0.02 449 3 1 1 
1.005 5.78376e-16 2.41585e-13 0.0025 0.25 0.1795 1.795 0.02 450 3 1 1 
1.015 -9.41626e-15 2.55795e-13 0.0025 0.25 0.1795 1.795 0.02 451 5 1 1 
1.025 1.05749e-14 -2.98428e-13 0.0025 0.25 0.1795 1.795 0.02 452 5 1 1 
1.035 4.7177e-15 -2.27374e-13 0.0025 0.25 0.1795 1.795 0.02 453 5 1 1 
1.045 5.10791e-15 -8.40779e-44 0.0025 0.25 0.1795 1.795 0.02 454 5 1 1 
1.055 3.02137e-15 1.42109e-14 0.0025 0.25 0.1795 1.795 0.02 455 5 1 1 
1.065 1.53738e-15 2.84217e-14 0.0025 0.25 0.1795 1.795 0.02 456 5 1 1 
1.075 7.57469e-16 2.84217e-14 0.0025 0.25 0.1795 1.795 0.02 457 5 1 1 
1.085 2.54372e-16 1.42109e-14 0.0025 0.25 0.1795 1.795 0.02 458 5 1 1 
1.095 1.07027e-46 5.60519e-45 0.0025 0.25 0.1795 1.795 0.02 459 5 1 1 
1.105 2.8083e-47 2.8026e-45 0.0025 0.25 0.1795 1.795 0.02 460 5 1 1 
1.115 0 0 0.0025 0.25 0.1795 1.795 0.02 461 5 1 1 
1.125 0 0 0.0025 0.25 0.1795 1.795 0.02 462 5 1 1 
1.135 -2.55591e-48 -2.8026e-45 0.0025 0.25 0.1795 1.795 0.02 463 5 1 1 
1.145 -4.34252e-47 -1.96182e-44 0.0025 0.25 0.1795 1.795 0.02 464 5 1 1 
1.155 -1.59752e-16 -7.10543e-14 0.0025 0.25 0.1795 1.795 0.02 465 5 1 1 
1.165 -1.78712e-15 -4.26326e-13 0.0025 0.25 0.1795 1.795 0.02 466 5 1 1 
1.175 -2.01249e-14 -1.32019e-11 0.0025 0.25 0.1795 1.795 0.02 467 4 1 1 
1.185 -3.22401e-13 -1.18305e-10 0.0025 0.25 0.1795 1.795 0.02 468 4 1 1 
1.195 -2.59428e-12 -9.18988e-10 0.0025 0.25 0.1795 1.795 0.02 469 4 1 1 
1.205 -1.99919e-11 -6.62384e-09 0.0025 0.25 0.1795 1.795 0.02 470 4 1 1 
1.215 -1.41633e-10 -4.42322e-08 0.0025 0.25 0.1795 1.795 0.02 471 4 1 1 
1.225 -9.30551e-10 -2.74028e-07 0.0025 0.25 0.1795 1.795 0.02 472 4 1 1 
1.235 -5.68839e-09 -1.58092e-06 0.0025 0.25 0.1795 1.795 0.02 473 4 1 1 
1.245 -3.24335e-08 -8.51062e-06 0.0025 0.25 0.1795 1.795 0.02 474 4 1 1 
1.255 -1.72612e-07 -4.27435e-05 0.0025 0.25 0.1795 1.795 0.02 475 4 1 1 
1.265 -8.51379e-07 -0.00019738 0.0025 0.25 0.1795 1.795 0.02 476 4 1 1 
1.275 -3.68092e-06 -0.000714871 0.0025 0.250001 0.179501 1.795 0.0199999 477 3 1 1 
1.285 -8.19066e-06 0.00100855 0.0025 0.249998 0.179498 1.795 0.0200001 478 4 1 1 
1.295 0.000127912 0.0599764 0.0025 0.249971 0.179471 1.79492 0.0200023 479 5 1 0.999997 
1.305 0.000275357 -0.186162 0.0025 0.250172 0.17967 1.79549 0.0199862 480 4 1 0.999543 
1.31499 -0.0088833 -3.63966 0.0025 0.252965 0.182492 1.80365 0.0197655 481 4 1 0.992078 
1.32477 -0.0700801 -16.3533 0.0025 0.266336 0.19647 1.84448 0.0187733 482 4 1 0.96853 
1.33382 -0.232603 -30.4054 0.0025 0.300456 0.234287 1.94963 0.0166414 483 4 1 0.960591 
1.34157 -0.434042 -25.9813 0.0025 0.351133 0.294374 2.09577 0.0142396 484 4 1 0.978153 
1.34817 -0.562233 -12.4846 0.0025 0.397723 0.352683 2.21666 0.0125716 485 4 1 0.991331 
1.35417 -0.622143 -6.20839 0.0025 0.427479 0.390952 2.28624 0.0116965 486 4 1 0.99738 
1.35988 -0.652564 -2.8767 0.0025 0.443727 0.412176 2.32217 0.0112682 487 4 1 0.999447 
1.36544 -0.665437 -1.14239 0.0025 0.451503 0.422493 2.33933 0.0110741 488 4 1 0.999918 
1.37095 -0.670519 -0.415087 0.0025 0.454589 0.426724 2.34674 0.0109989 489 4 1 0.999993 
1.37644 -0.672301 -0.137401 0.0025 0.455595 0.428282 2.35011 0.0109746 490 4 1 1 
1.38193 -0.672912 -0.0414025 0.0025 0.455746 0.428789 2.35213 0.010971 491 3 1 1 
1.38741 -0.673133 -0.0114884 0.0025 0.455535 0.428928 2.35398 0.0109761 492 4 1 1 
1.3929 -0.673234 -0.00123199 0.0025 0.455101 0.428934 2.35626 0.0109866 493 4 1 0.999998 
1.3984 -0.673299 0.00285924 0.0025 0.454411 0.428862 2.35944 0.0110032 494 4 1 0.999994 
1.40391 -0.673355 0.00493488 0.0025 0.453323 0.428725 2.36435 0.0110297 495 4 1 0.999986 
1.40943 -0.67341 0.00643309 0.0025 0.451695 0.428761 2.37307 0.0110694 496 4 1 0.999967 
1.41498 -0.673468 0.00783237 0.0025 0.45009 0.430422 2.39076 0.0111089 497 5 1 0.998662 
1.42054 -0.673531 0.00934234 0.0025 0.458693 0.449866 2.45189 0.0109005 498 4 1 0.993702 
1.42588 -0.673598 0.0110606 0.0025 0.481161 0.415406 2.15835 0.0103915 499 4 1 0.993708 
