# Time [s]: 0.10645
# Columns: pos [m], vel [m/s], acc [m/s^2], mass [kg], dens [kg/m^3], pres [Pa], ene [J/kg], sml [m], id, neighbor, alpha, gradh, ...additional?
1.43053 -0.673659 0.0127482 0.0025 0.50668 0.440014 2.17107 0.00986816 0 4 1 0.994716 
1.43535 -0.67373 0.0146383 0.0025 0.530736 0.411318 1.93749 0.00942088 1 4 1 0.999673 
1.43996 -0.673805 0.0165411 0.0025 0.543829 0.426749 1.96178 0.00919406 2 4 1 0.999988 
1.44454 -0.673889 0.0185763 0.0025 0.545419 0.42846 1.9639 0.00916726 3 4 1 0.999999 
1.44912 -0.673983 0.0207636 0.0025 0.545798 0.428669 1.9635 0.0091609 4 4 1 1 
1.4537 -0.674087 0.0231083 0.0025 0.545853 0.428675 1.96333 0.00915997 5 3 1 1 
1.45828 -0.674202 0.0256809 0.0025 0.545832 0.428623 1.96316 0.00916033 6 4 1 1 
1.46286 -0.674329 0.0286671 0.0025 0.545788 0.428552 1.963 0.00916107 7 4 1 1 
1.46745 -0.674473 0.0326181 0.0025 0.545729 0.42847 1.96283 0.00916205 8 4 1 1 
1.47203 -0.674638 0.0384088 0.0025 0.545655 0.428373 1.96266 0.0091633 9 4 1 1 
1.47661 -0.674836 0.0467496 0.0025 0.545559 0.428254 1.96246 0.00916492 10 4 1 1 
1.48119 -0.675083 0.0586536 0.0025 0.545432 0.428104 1.96222 0.00916704 11 4 1 1 
1.48578 -0.6754 0.0759858 0.0025 0.545265 0.427911 1.96194 0.00916985 12 4 1 1 
1.49036 -0.675809 0.0994347 0.0025 0.545044 0.42766 1.96158 0.00917357 13 4 1 1 
1.49495 -0.676339 0.127836 0.0025 0.544757 0.427337 1.96114 0.00917841 14 4 1 0.999999 
1.49954 -0.677014 0.160633 0.0025 0.544398 0.426938 1.96059 0.00918445 15 4 1 0.999999 
-0.495867 -0.677827 0.19365 0.0025 0.543977 0.42647 1.95996 0.00919156 16 4 1 0.999998 
-0.491269 -0.67871 0.205916 0.0025 0.543531 0.425975 1.95929 0.00919911 17 4 1 0.999998 
-0.486667 -0.679572 0.186534 0.0025 0.543156 0.425559 1.95873 0.00920546 18 4 1 0.999998 
-0.482063 -0.679993 0.0890344 0.0025 0.542902 0.425275 1.95834 0.00920977 19 5 1 0.999999 
-0.477458 -0.680765 0.0404995 0.0025 0.543131 0.42551 1.95864 0.00920588 20 4 1 0.999882 
-0.472858 -0.675988 -2.29466 0.0025 0.546137 0.428796 1.96294 0.00915521 21 4 1 0.99934 
-0.468302 -0.660667 -4.61751 0.0025 0.55387 0.437325 1.97401 0.00902739 22 4 1 0.99879 
-0.463829 -0.638338 -5.77887 0.0025 0.565183 0.449891 1.99005 0.0088467 23 4 1 0.998693 
-0.459454 -0.614423 -5.67872 0.0025 0.57765 0.463853 2.00749 0.00865577 24 4 1 0.998891 
-0.455172 -0.592828 -5.07509 0.0025 0.589528 0.477257 2.02389 0.00848137 25 4 1 0.999027 
-0.450972 -0.573289 -4.92699 0.0025 0.600703 0.489961 2.03913 0.00832358 26 4 1 0.998972 
-0.446848 -0.553376 -5.45648 0.0025 0.612201 0.503132 2.05464 0.00816725 27 4 1 0.998784 
-0.442804 -0.531293 -6.25468 0.0025 0.624927 0.517831 2.0716 0.00800094 28 4 1 0.99857 
-0.438846 -0.50695 -7.01462 0.0025 0.639115 0.534364 2.09029 0.00782332 29 4 1 0.998419 
-0.43498 -0.480989 -7.55047 0.0025 0.654513 0.552476 2.11028 0.00763926 30 4 1 0.998346 
-0.431206 -0.454156 -7.93045 0.0025 0.670736 0.571741 2.13105 0.0074545 31 4 1 0.998335 
-0.427524 -0.427083 -8.17945 0.0025 0.687472 0.591812 2.15215 0.00727303 32 4 1 0.998369 
-0.423931 -0.400111 -8.33357 0.0025 0.70448 0.612411 2.17329 0.00709744 33 4 1 0.998424 
-0.420425 -0.373562 -8.44362 0.0025 0.721608 0.633356 2.19427 0.00692897 34 4 1 0.998494 
-0.417001 -0.347447 -8.5005 0.0025 0.738755 0.654524 2.21497 0.00676815 35 4 1 0.998564 
-0.413656 -0.321854 -8.56272 0.0025 0.75587 0.675849 2.23535 0.00661489 36 4 1 0.998632 
-0.410386 -0.296824 -8.61274 0.0025 0.772941 0.697314 2.25541 0.0064688 37 4 1 0.998701 
-0.407186 -0.272331 -8.63199 0.0025 0.789934 0.71887 2.27511 0.00632964 38 4 1 0.998765 
-0.404055 -0.248388 -8.67405 0.0025 0.806842 0.740501 2.29446 0.006197 39 4 1 0.998829 
-0.400989 -0.224986 -8.6676 0.0025 0.823644 0.762178 2.31345 0.00607058 40 4 1 0.998888 
-0.397984 -0.202086 -8.69032 0.0025 0.840329 0.78388 2.33208 0.00595005 41 4 1 0.998942 
-0.395038 -0.179736 -8.702 0.0025 0.856912 0.80562 2.35037 0.00583491 42 4 1 0.998994 
-0.392148 -0.157867 -8.70897 0.0025 0.873379 0.827376 2.36833 0.00572489 43 4 1 0.999049 
-0.389312 -0.136486 -8.6709 0.0025 0.889692 0.849093 2.38593 0.00561992 44 4 1 0.999108 
-0.386528 -0.115754 -8.55298 0.0025 0.905778 0.870658 2.40308 0.00552012 45 4 1 0.999145 
-0.383792 -0.0955942 -8.63101 0.0025 0.921738 0.892197 2.41992 0.00542454 46 4 1 0.999134 
-0.381103 -0.0751292 -9.2048 0.0025 0.937989 0.914318 2.43692 0.00533055 47 4 1 0.999219 
-0.378461 -0.0546441 -8.6889 0.0025 0.953959 0.936266 2.45349 0.00524131 48 4 1 0.99953 
-0.375861 -0.0384298 -5.58236 0.0025 0.967161 0.954404 2.46695 0.00516977 49 4 1 0.999621 
-0.373291 -0.0272414 -5.50518 0.0025 0.9783 0.969583 2.47808 0.00511091 50 4 1 0.999101 
-0.37075 -0.00837202 -12.8148 0.0025 0.994571 0.992317 2.4946 0.00502729 51 4 1 0.998718 
-0.368263 0.0215123 -13.675 0.0025 1.01613 1.023 2.51642 0.00492061 52 4 1 0.999746 
-0.365829 0.0383694 -2.67029 0.0025 1.02999 1.04259 2.53005 0.00485441 53 4 1 1.00002 
-0.363409 0.0385323 1.00414 0.0025 1.03181 1.04492 2.53165 0.00484587 54 3 1 1 
-0.360983 0.035003 1.98737 0.0025 1.02878 1.04059 2.52863 0.0048601 55 4 1 0.99998 
-0.358548 0.0302599 2.42998 0.0025 1.02463 1.0347 2.52453 0.00487979 56 4 1 0.999954 
-0.356103 0.0249648 2.62046 0.0025 1.02012 1.0283 2.52005 0.00490139 57 4 1 0.999943 
-0.353647 0.0196402 2.55743 0.0025 1.01568 1.02203 2.51563 0.0049228 58 4 1 0.999943 
-0.35118 0.0147336 2.29299 0.0025 1.01167 1.01637 2.51164 0.00494232 59 4 1 0.999952 
-0.348705 0.0105497 1.90649 0.0025 1.0083 1.01162 2.50827 0.00495885 60 4 1 0.999965 
-0.346222 0.00722235 1.48181 0.0025 1.00565 1.0079 2.50563 0.00497191 61 4 1 0.999978 
-0.343733 0.00473709 1.08438 0.0025 1.00369 1.00515 2.50367 0.00498163 62 4 1 0.999987 
-0.34124 0.00298258 0.751692 0.0025 1.00231 1.00323 2.5023 0.00498846 63 4 1 0.999994 
-0.338744 0.00180566 0.496024 0.0025 1.0014 1.00195 2.50139 0.00499303 64 4 1 0.999997 
-0.336247 0.00105239 0.312728 0.0025 1.00081 1.00113 2.50081 0.00499595 65 4 1 0.999999 
-0.333748 0.000590955 0.188868 0.0025 1.00045 1.00063 2.50045 0.00499773 66 4 1 1 
-0.331249 0.000319863 0.109452 0.0025 1.00025 1.00034 2.50024 0.00499877 67 4 1 1 
-0.32875 0.000166907 0.0609291 0.0025 1.00013 1.00018 2.50013 0.00499936 68 4 1 1 
-0.32625 8.39576e-05 0.0326004 0.0025 1.00006 1.00009 2.50006 0.00499968 69 4 1 1 
-0.32375 4.07032e-05 0.0167701 0.0025 1.00003 1.00004 2.50003 0.00499984 70 4 1 1 
-0.32125 1.9012e-05 0.00829429 0.0025 1.00001 1.00002 2.50001 0.00499993 71 4 1 1 
-0.31875 8.55173e-06 0.00394356 0.0025 1.00001 1.00001 2.50001 0.00499997 72 4 1 1 
-0.31625 3.70214e-06 0.0018019 0.0025 1 1 2.5 0.00499999 73 4 1 1 
-0.31375 1.54138e-06 0.000790872 0.0025 1 1 2.5 0.00499999 74 4 1 1 
-0.31125 6.16658e-07 0.000333232 0.0025 1 1 2.5 0.005 75 4 1 1 
-0.30875 2.36808e-07 0.00013468 0.0025 1 1 2.5 0.005 76 4 1 1 
-0.30625 8.71777e-08 5.21593e-05 0.0025 1 1 2.5 0.005 77 4 1 1 
-0.30375 3.07176e-08 1.93322e-05 0.0025 1 1 2.5 0.005 78 4 1 1 
-0.30125 1.03394e-08 6.84628e-06 0.0025 1 1 2.5 0.005 79 4 1 1 
-0.29875 3.31651e-09 2.31194e-06 0.0025 1 1 2.5 0.005 80 4 1 1 
-0.29625 1.01066e-09 7.42579e-07 0.0025 1 1 2.5 0.005 81 4 1 1 
-0.29375 2.91448e-10 2.26115e-07 0.0025 1 1 2.5 0.005 82 4 1 1 
-0.29125 7.90937e-11 6.49654e-08 0.0025 1 1 2.5 0.005 83 4 1 1 
-0.28875 2.00732e-11 1.75447e-08 0.0025 1 1 2.5 0.005 84 4 1 1 
-0.28625 4.70215e-12 4.39331e-09 0.0025 1 1 2.5 0.005 85 4 1 1 
-0.28375 1.00911e-12 1.00033e-09 0.0025 1 1 2.5 0.005 86 4 1 1 
-0.28125 1.89511e-13 2.24759e-10 0.0025 1 1 2.5 0.005 87 4 1 1 
-0.27875 2.78065e-14 3.74598e-11 0.0025 1 1 2.5 0.005 88 4 1 1 
-0.27625 1.71545e-17 2.67164e-12 0.0025 1 1 2.5 0.005 89 5 1 1 
-0.27375 -3.59756e-32 -3.9443e-29 0.0025 1 1 2.5 0.005 90 5 1 1 
-0.27125 0 0 0.0025 1 1 2.5 0.005 91 5 1 1 
-0.26875 0 0 0.0025 1 1 2.5 0.005 92 5 1 1 
-0.26625 0 0 0.0025 1 1 2.5 0.005 93 5 1 1 
-0.26375 0 0 0.0025 1 1 2.5 0.005 94 5 1 1 
-0.26125 0 0 0.0025 1 1 2.5 0.005 95 5 1 1 
-0.25875 0 0 0.0025 1 1 2.5 0.005 96 5 1 1 
-0.25625 0 0 0.0025 1 1 2.5 0.005 97 5 1 1 
-0.25375 0 0 0.0025 1 1 2.5 0.005 98 5 1 1 
-0.25125 0 0 0.0025 1 1 2.5 0.005 99 5 1 1 
-0.24875 0 0 0.0025 1 1 2.5 0.005 100 5 1 1 
-0.24625 0 0 0.0025 1 1 2.5 0.005 101 5 1 1 
-0.24375 0 0 0.0025 1 1 2.5 0.005 102 5 1 1 
-0.24125 0 0 0.0025 1 1 2.5 0.005 103 5 1 1 
-0.23875 0 0 0.0025 1 1 2.5 0.005 104 5 1 1 
-0.23625 0 0 0.0025 1 1 2.5 0.005 105 5 1 1 
-0.23375 0 0 0.0025 1 1 2.5 0.005 106 5 1 1 
-0.23125 0 0 0.0025 1 1 2.5 0.005 107 5 1 1 
-0.22875 0 0 0.0025 1 1 2.5 0.005 108 5 1 1 
-0.22625 0 0 0.0025 1 1 2.5 0.005 109 5 1 1 
-0.22375 0 0 0.0025 1 1 2.5 0.005 110 5 1 1 
-0.22125 0 0 0.0025 1 1 2.5 0.005 111 5 1 1 
-0.21875 0 0 0.0025 1 1 2.5 0.005 112 5 1 1 
-0.21625 0 0 0.0025 1 1 2.5 0.005 113 5 1 1 
-0.21375 0 0 0.0025 1 1 2.5 0.005 114 5 1 1 
-0.21125 0 0 0.0025 1 1 2.5 0.005 115 5 1 1 
-0.20875 0 0 0.0025 1 1 2.5 0.005 116 5 1 1 
-0.20625 0 0 0.0025 1 1 2.5 0.005 117 5 1 1 
-0.20375 0 0 0.0025 1 1 2.5 0.005 118 5 1 1 
-0.20125 0 0 0.0025 1 1 2.5 0.005 119 5 1 1 
-0.19875 0 0 0.0025 1 1 2.5 0.005 120 5 1 1 
-0.19625 0 0 0.0025 1 1 2.5 0.005 121 5 1 1 
-0.19375 0 0 0.0025 1 1 2.5 0.005 122 5 1 1 
-0.19125 0 0 0.0025 1 1 2.5 0.005 123 5 1 1 
-0.18875 0 0 0.0025 1 1 2.5 0.005 124 5 1 1 
-0.18625 0 0 0.0025 1 1 2.5 0.005 125 5 1 1 
-0.18375 0 0 0.0025 1 1 2.5 0.005 126 5 1 1 
-0.18125 0 0 0.0025 1 1 2.5 0.005 127 5 1 1 
-0.17875 0 0 0.0025 1 1 2.5 0.005 128 5 1 1 
-0.17625 0 0 0.0025 1 1 2.5 0.005 129 5 1 1 
-0.17375 0 0 0.0025 1 1 2.5 0.005 130 5 1 1 
-0.17125 0 0 0.0025 1 1 2.5 0.005 131 5 1 1 
-0.16875 0 0 0.0025 1 1 2.5 0.005 132 5 1 1 
-0.16625 0 0 0.0025 1 1 2.5 0.005 133 5 1 1 
-0.16375 0 0 0.0025 1 1 2.5 0.005 134 5 1 1 
-0.16125 0 0 0.0025 1 1 2.5 0.005 135 5 1 1 
-0.15875 0 0 0.0025 1 1 2.5 0.005 136 5 1 1 
-0.15625 0 0 0.0025 1 1 2.5 0.005 137 5 1 1 
-0.15375 0 0 0.0025 1 1 2.5 0.005 138 5 1 1 
-0.15125 0 0 0.0025 1 1 2.5 0.005 139 5 1 1 
-0.14875 0 0 0.0025 1 1 2.5 0.005 140 5 1 1 
-0.14625 0 0 0.0025 1 1 2.5 0.005 141 5 1 1 
-0.14375 0 0 0.0025 1 1 2.5 0.005 142 5 1 1 
-0.14125 0 0 0.0025 1 1 2.5 0.005 143 5 1 1 
-0.13875 0 0 0.0025 1 1 2.5 0.005 144 5 1 1 
-0.13625 0 0 0.0025 1 1 2.5 0.005 145 5 1 1 
-0.13375 0 0 0.0025 1 1 2.5 0.005 146 5 1 1 
-0.13125 0 0 0.0025 1 1 2.5 0.005 147 5 1 1 
-0.12875 0 0 0.0025 1 1 2.5 0.005 148 5 1 1 
-0.12625 0 0 0.0025 1 1 2.5 0.005 149 5 1 1 
-0.12375 0 0 0.0025 1 1 2.5 0.005 150 5 1 1 
-0.12125 0 0 0.0025 1 1 2.5 0.005 151 5 1 1 
-0.11875 0 0 0.0025 1 1 2.5 0.005 152 5 1 1 
-0.11625 0 0 0.0025 1 1 2.5 0.005 153 5 1 1 
-0.11375 0 0 0.0025 1 1 2.5 0.005 154 5 1 1 
-0.11125 0 0 0.0025 1 1 2.5 0.005 155 5 1 1 
-0.10875 0 0 0.0025 1 1 2.5 0.005 156 5 1 1 
-0.10625 0 0 0.0025 1 1 2.5 0.005 157 5 1 1 
-0.10375 0 0 0.0025 1 1 2.5 0.005 158 5 1 1 
-0.10125 0 0 0.0025 1 1 2.5 0.005 159 5 1 1 
-0.09875 0 0 0.0025 1 1 2.5 0.005 160 5 1 1 
-0.09625 0 0 0.0025 1 1 2.5 0.005 161 5 1 1 
-0.09375 0 0 0.0025 1 1 2.5 0.005 162 5 1 1 
-0.09125 0 0 0.0025 1 1 2.5 0.005 163 5 1 1 
-0.08875 0 0 0.0025 1 1 2.5 0.005 164 5 1 1 
-0.08625 0 0 0.0025 1 1 2.5 0.005 165 5 1 1 
-0.08375 0 0 0.0025 1 1 2.5 0.005 166 5 1 1 
-0.08125 0 0 0.0025 1 1 2.5 0.005 167 5 1 1 
-0.07875 0 0 0.0025 1 1 2.5 0.005 168 5 1 1 
-0.07625 0 0 0.0025 1 1 2.5 0.005 169 5 1 1 
-0.07375 0 0 0.0025 1 1 2.5 0.005 170 5 1 1 
-0.07125 0 0 0.0025 1 1 2.5 0.005 171 5 1 1 
-0.06875 0 0 0.0025 1 1 2.5 0.005 172 5 1 1 
-0.06625 0 0 0.0025 1 1 2.5 0.005 173 5 1 1 
-0.06375 -1.36242e-47 0 0.0025 1 1 2.5 0.005 174 5 1 1 
-0.06125 -3.45342e-17 -1.12104e-44 0.0025 1 1 2.5 0.005 175 5 1 1 
-0.05875 -1.72251e-16 -1.12104e-44 0.0025 1 1 2.5 0.005 176 5 1 1 
-0.05625 -3.09375e-16 0 0.0025 1 1 2.5 0.005 177 5 1 1 
-0.05375 -4.45501e-16 0 0.0025 1 1 2.5 0.005 178 5 1 1 
-0.05125 -6.14927e-16 0 0.0025 1 1 2.5 0.005 179 5 1 1 
-0.04875 -7.82825e-16 0 0.0025 1 1 2.5 0.005 180 5 1 1 
-0.04625 -9.49197e-16 0 0.0025 1 1 2.5 0.005 181 5 1 1 
-0.04375 -1.16437e-15 -5.68434e-14 0.0025 1 1 2.5 0.005 182 5 1 1 
-0.04125 -1.32342e-15 5.68434e-14 0.0025 1 1 2.5 0.005 183 5 1 1 
-0.03875 -1.49066e-15 3.9443e-29 0.0025 1 1 2.5 0.005 184 5 1 1 
-0.03625 -1.68431e-15 -5.52203e-28 0.0025 1 1 2.5 0.005 185 5 1 1 
-0.03375 -3.22141e-15 -3.15544e-28 0.0025 1 1 2.5 0.005 186 4 1 1 
-0.03125 6.8303e-17 -1.13687e-13 0.0025 1 1 2.5 0.005 187 3 1 1 
-0.02875 -4.78049e-16 -1.13687e-13 0.0025 1 1 2.5 0.005 188 4 1 1 
-0.02625 -2.98737e-15 -4.54747e-13 0.0025 1 1 2.5 0.005 189 3 1 1 
-0.02375 3.6598e-16 7.95808e-13 0.0025 1 1 2.5 0.005 190 4 1 1 
-0.02125 -5.72731e-16 -1.7053e-13 0.0025 1 1 2.5 0.005 191 5 1 1 
-0.01875 -7.1875e-16 -1.7053e-13 0.0025 1 1 2.5 0.005 192 5 1 1 
-0.01625 -2.49224e-15 -3.15544e-28 0.0025 1 1 2.5 0.005 193 4 1 1 
-0.01375 4.71807e-16 6.31089e-28 0.0025 1 1 2.5 0.005 194 3 1 1 
-0.01125 -7.19438e-16 3.54987e-28 0.0025 1 1 2.5 0.005 195 3 1 1 
-0.00875 -1.07054e-15 0 0.0025 1 1 2.5 0.005 196 3 1 1 
-0.00625 7.93172e-17 1.13687e-13 0.0025 1 1 2.5 0.005 197 3 1 1 
-0.00375 -1.55746e-16 -5.68434e-14 0.0025 1 1 2.5 0.005 198 3 1 1 
-0.00125 -8.54755e-17 1.7053e-13 0.0025 1 1 2.5 0.005 199 3 1 1 
0.00125 -2.35239e-16 2.27374e-13 0.0025 1 1 2.5 0.005 200 5 1 1 
0.00375 -1.93095e-16 -4.54747e-13 0.0025 1 1 2.5 0.005 201 5 1 1 
0.00625 1.33113e-16 -2.27374e-13 0.0025 1 1 2.5 0.005 202 4 1 1 
0.00875 -1.30204e-15 -3.41061e-13 0.0025 1 1 2.5 0.005 203 4 1 1 
0.01125 -2.47916e-16 6.82121e-13 0.0025 1 1 2.5 0.005 204 3 1 1 
0.01375 -2.80012e-16 1.47911e-28 0.0025 1 1 2.5 0.005 205 4 1 1 
0.01625 2.47535e-16 -1.13687e-13 0.0025 1 1 2.5 0.005 206 4 1 1 
0.01875 -6.09164e-16 2.07076e-28 0.0025 1 1 2.5 0.005 207 5 1 1 
0.02125 3.92745e-16 -5.91646e-28 0.0025 1 1 2.5 0.005 208 5 1 1 
0.02375 -6.41709e-16 5.68434e-14 0.0025 1 1 2.5 0.005 209 4 1 1 
0.02625 2.14957e-15 2.76101e-28 0.0025 1 1 2.5 0.005 210 3 1 1 
0.02875 9.38311e-16 5.68434e-14 0.0025 1 1 2.5 0.005 211 3 1 1 
0.03125 4.84253e-15 -5.68434e-14 0.0025 1 1 2.5 0.005 212 4 1 1 
0.03375 3.17137e-15 5.68434e-14 0.0025 1 1 2.5 0.005 213 5 1 1 
0.03625 2.91265e-15 -5.68434e-14 0.0025 1 1 2.5 0.005 214 5 1 1 
0.03875 2.40167e-15 1.13687e-13 0.0025 1 1 2.5 0.005 215 5 1 1 
0.04125 1.93592e-15 2.24208e-44 0.0025 1 1 2.5 0.005 216 5 1 1 
0.04375 1.46358e-15 0 0.0025 1 1 2.5 0.005 217 5 1 1 
0.04625 1.05752e-15 2.24208e-44 0.0025 1 1 2.5 0.005 218 5 1 1 
0.04875 8.38028e-16 5.68434e-14 0.0025 1 1 2.5 0.005 219 5 1 1 
0.05125 6.00162e-16 -5.68434e-14 0.0025 1 1 2.5 0.005 220 5 1 1 
0.05375 4.29714e-16 5.68434e-14 0.0025 1 1 2.5 0.005 221 5 1 1 
0.05625 2.92732e-16 -5.68434e-14 0.0025 1 1 2.5 0.005 222 5 1 1 
0.05875 1.55185e-16 5.68434e-14 0.0025 1 1 2.5 0.005 223 5 1 1 
0.06125 3.45653e-17 1.12104e-44 0.0025 1 1 2.5 0.005 224 5 1 1 
0.06375 6.81681e-48 0 0.0025 1 1 2.5 0.005 225 5 1 1 
0.06625 0 0 0.0025 1 1 2.5 0.005 226 5 1 1 
0.06875 0 0 0.0025 1 1 2.5 0.005 227 5 1 1 
0.07125 0 0 0.0025 1 1 2.5 0.005 228 5 1 1 
0.07375 0 0 0.0025 1 1 2.5 0.005 229 5 1 1 
0.07625 0 0 0.0025 1 1 2.5 0.005 230 5 1 1 
0.07875 0 0 0.0025 1 1 2.5 0.005 231 5 1 1 
0.08125 0 0 0.0025 1 1 2.5 0.005 232 5 1 1 
0.08375 0 0 0.0025 1 1 2.5 0.005 233 5 1 1 
0.08625 0 0 0.0025 1 1 2.5 0.005 234 5 1 1 
0.08875 0 0 0.0025 1 1 2.5 0.005 235 5 1 1 
0.09125 0 0 0.0025 1 1 2.5 0.005 236 5 1 1 
0.09375 -7.86632e-46 -1.12104e-44 0.0025 1 1 2.5 0.005 237 5 1 1 
0.09625 -1.69188e-16 0 0.0025 1 1 2.5 0.005 238 5 1 1 
0.09875 -3.37357e-16 1.12104e-44 0.0025 1 1 2.5 0.005 239 5 1 1 
0.10125 1.58941e-15 0 0.0025 1 1 2.5 0.005 240 5 1 1 
0.10375 1.42405e-15 6.72623e-44 0.0025 1 1 2.5 0.005 241 5 1 1 
0.10625 3.35814e-15 -1.56945e-43 0.0025 1 1 2.5 0.005 242 5 1 1 
0.10875 1.86885e-15 -2.27374e-13 0.0025 1 1 2.5 0.005 243 5 1 1 
0.11125 1.34567e-15 -1.00893e-43 0.0025 1 1 2.5 0.005 244 5 1 1 
0.11375 -1.57775e-15 1.7053e-13 0.0025 1 1 2.5 0.005 245 5 1 1 
0.11625 1.40896e-15 1.7053e-13 0.0025 1 1 2.5 0.005 246 5 1 1 
0.11875 -1.625e-15 1.13687e-13 0.0025 1 1 2.5 0.005 247 5 1 1 
0.12125 1.76014e-15 -1.7053e-13 0.0025 1 1 2.5 0.005 248 5 1 1 
0.12375 -7.54787e-16 -1.7053e-13 0.0025 1 1 2.5 0.005 249 4 1 1 
0.12625 7.54787e-16 1.7053e-13 0.0025 1 1 2.5 0.005 250 4 1 1 
0.12875 -1.76014e-15 1.7053e-13 0.0025 1 1 2.5 0.005 251 5 1 1 
0.13125 1.625e-15 -1.13687e-13 0.0025 1 1 2.5 0.005 252 5 1 1 
0.13375 -1.40896e-15 -1.7053e-13 0.0025 1 1 2.5 0.005 253 5 1 1 
0.13625 1.57775e-15 -1.7053e-13 0.0025 1 1 2.5 0.005 254 5 1 1 
0.13875 -1.34567e-15 1.00893e-43 0.0025 1 1 2.5 0.005 255 5 1 1 
0.14125 -1.86885e-15 2.27374e-13 0.0025 1 1 2.5 0.005 256 5 1 1 
0.14375 -3.35814e-15 1.56945e-43 0.0025 1 1 2.5 0.005 257 5 1 1 
0.14625 -1.42405e-15 -6.72623e-44 0.0025 1 1 2.5 0.005 258 5 1 1 
0.14875 -1.58941e-15 0 0.0025 1 1 2.5 0.005 259 5 1 1 
0.15125 3.37357e-16 -1.12104e-44 0.0025 1 1 2.5 0.005 260 5 1 1 
0.15375 1.69188e-16 0 0.0025 1 1 2.5 0.005 261 5 1 1 
0.15625 7.86632e-46 1.12104e-44 0.0025 1 1 2.5 0.005 262 5 1 1 
0.15875 0 0 0.0025 1 1 2.5 0.005 263 5 1 1 
0.16125 0 0 0.0025 1 1 2.5 0.005 264 5 1 1 
0.16375 0 0 0.0025 1 1 2.5 0.005 265 5 1 1 
0.16625 0 0 0.0025 1 1 2.5 0.005 266 5 1 1 
0.16875 0 0 0.0025 1 1 2.5 0.005 267 5 1 1 
0.17125 0 0 0.0025 1 1 2.5 0.005 268 5 1 1 
0.17375 0 0 0.0025 1 1 2.5 0.005 269 5 1 1 
0.17625 0 0 0.0025 1 1 2.5 0.005 270 5 1 1 
0.17875 0 0 0.0025 1 1 2.5 0.005 271 5 1 1 
0.18125 0 0 0.0025 1 1 2.5 0.005 272 5 1 1 
0.18375 0 0 0.0025 1 1 2.5 0.005 273 5 1 1 
0.18625 0 0 0.0025 1 1 2.5 0.005 274 5 1 1 
0.18875 0 0 0.0025 1 1 2.5 0.005 275 5 1 1 
0.19125 0 0 0.0025 1 1 2.5 0.005 276 5 1 1 
0.19375 0 0 0.0025 1 1 2.5 0.005 277 5 1 1 
0.19625 0 0 0.0025 1 1 2.5 0.005 278 5 1 1 
0.19875 0 0 0.0025 1 1 2.5 0.005 279 5 1 1 
0.20125 -3.90418e-46 -1.12104e-44 0.0025 1 1 2.5 0.005 280 5 1 1 
0.20375 -6.85718e-17 -1.12104e-44 0.0025 1 1 2.5 0.005 281 5 1 1 
0.20625 -2.05192e-16 0 0.0025 1 1 2.5 0.005 282 5 1 1 
0.20875 -3.75697e-16 0 0.0025 1 1 2.5 0.005 283 5 1 1 
0.21125 -5.45239e-16 1.12104e-44 0.0025 1 1 2.5 0.005 284 5 1 1 
0.21375 -6.79199e-16 4.48416e-44 0.0025 1 1 2.5 0.005 285 5 1 1 
0.21625 7.05686e-16 1.13687e-13 0.0025 1 1 2.5 0.005 286 5 1 1 
0.21875 5.07548e-16 1.13687e-13 0.0025 1 1 2.5 0.005 287 5 1 1 
0.22125 4.03078e-15 5.68434e-14 0.0025 1 1 2.5 0.005 288 5 1 1 
0.22375 2.81591e-15 5.68434e-14 0.0025 1 1 2.5 0.005 289 5 1 1 
0.22625 2.18784e-15 1.12104e-44 0.0025 1 1 2.5 0.005 290 5 1 1 
0.22875 2.92694e-16 1.7053e-13 0.0025 1 1 2.5 0.005 291 5 1 1 
0.23125 3.85456e-15 -5.68434e-14 0.0025 1 1 2.5 0.005 292 5 1 1 
0.23375 1.92198e-15 -1.7053e-13 0.0025 1 1 2.5 0.005 293 5 1 1 
0.23625 1.90714e-15 5.68434e-14 0.0025 1 1 2.5 0.005 294 5 1 1 
0.23875 -1.93475e-15 5.7173e-43 0.0025 1 1 2.5 0.005 295 5 1 1 
0.24125 5.66519e-15 -2.27374e-13 0.0025 1 1 2.5 0.005 296 5 1 1 
0.24375 7.47206e-16 1.13687e-13 0.0025 1 1 2.5 0.005 297 5 1 1 
0.24625 3.0145e-16 4.54747e-13 0.0025 1 1 2.5 0.005 298 5 1 1 
0.24875 -5.35961e-15 5.11591e-13 0.0025 1 1 2.5 0.005 299 3 1 1 
0.25125 5.35961e-15 -5.11591e-13 0.0025 1 1 2.5 0.005 300 3 1 1 
0.25375 -3.0145e-16 -4.54747e-13 0.0025 1 1 2.5 0.005 301 5 1 1 
0.25625 -7.47206e-16 -1.13687e-13 0.0025 1 1 2.5 0.005 302 5 1 1 
0.25875 -5.66519e-15 2.27374e-13 0.0025 1 1 2.5 0.005 303 5 1 1 
0.26125 1.93475e-15 -5.7173e-43 0.0025 1 1 2.5 0.005 304 5 1 1 
0.26375 -1.90714e-15 -5.68434e-14 0.0025 1 1 2.5 0.005 305 5 1 1 
0.26625 -1.92198e-15 1.7053e-13 0.0025 1 1 2.5 0.005 306 5 1 1 
0.26875 -3.85456e-15 5.68434e-14 0.0025 1 1 2.5 0.005 307 5 1 1 
0.27125 -2.58132e-16 -5.68434e-14 0.0025 1 1 2.5 0.005 308 5 1 1 
0.27375 -2.15327e-15 3.9443e-29 0.0025 1 1 2.5 0.005 309 5 1 1 
0.27625 -2.55664e-15 -2.6148e-12 0.0025 1 1 2.5 0.005 310 5 1 1 
0.27875 -3.08356e-14 -3.72893e-11 0.0025 1 1 2.5 0.005 311 4 1 1 
0.28125 -1.90865e-13 -2.25043e-10 0.0025 1 1 2.5 0.005 312 4 1 1 
0.28375 -1.00963e-12 -1.00061e-09 0.0025 1 1 2.5 0.005 313 4 1 1 
0.28625 -4.70239e-12 -4.39337e-09 0.0025 1 1 2.5 0.005 314 4 1 1 
0.28875 -2.00732e-11 -1.75448e-08 0.0025 1 1 2.5 0.005 315 4 1 1 
0.29125 -7.90934e-11 -6.49654e-08 0.0025 1 1 2.5 0.005 316 4 1 1 
0.29375 -2.91448e-10 -2.26114e-07 0.0025 1 1 2.5 0.005 317 4 1 1 
0.29625 -1.01066e-09 -7.42579e-07 0.0025 1 1 2.5 0.005 318 4 1 1 
0.29875 -3.31651e-09 -2.31194e-06 0.0025 1 1 2.5 0.005 319 4 1 1 
0.30125 -1.03394e-08 -6.84628e-06 0.0025 1 1 2.5 0.005 320 4 1 1 
0.30375 -3.07176e-08 -1.93322e-05 0.0025 1 1 2.5 0.005 321 4 1 1 
0.30625 -8.71777e-08 -5.21593e-05 0.0025 1 1 2.5 0.005 322 4 1 1 
0.30875 -2.36808e-07 -0.00013468 0.0025 1 1 2.5 0.005 323 4 1 1 
0.31125 -6.16658e-07 -0.000333232 0.0025 1 1 2.5 0.005 324 4 1 1 
0.31375 -1.54138e-06 -0.000790872 0.0025 1 1 2.5 0.00499999 325 4 1 1 
0.31625 -3.70214e-06 -0.0018019 0.0025 1 1 2.5 0.00499999 326 4 1 1 
0.31875 -8.55173e-06 -0.00394356 0.0025 1.00001 1.00001 2.50001 0.00499997 327 4 1 1 
0.32125 -1.9012e-05 -0.00829429 0.0025 1.00001 1.00002 2.50001 0.00499993 328 4 1 1 
0.32375 -4.07032e-05 -0.0167701 0.0025 1.00003 1.00004 2.50003 0.00499984 329 4 1 1 
0.32625 -8.39576e-05 -0.0326004 0.0025 1.00006 1.00009 2.50006 0.00499968 330 4 1 1 
0.32875 -0.000166907 -0.0609291 0.0025 1.00013 1.00018 2.50013 0.00499936 331 4 1 1 
0.331249 -0.000319863 -0.109452 0.0025 1.00025 1.00034 2.50024 0.00499877 332 4 1 1 
0.333748 -0.000590955 -0.188868 0.0025 1.00045 1.00063 2.50045 0.00499773 333 4 1 1 
0.336247 -0.00105239 -0.312728 0.0025 1.00081 1.00113 2.50081 0.00499595 334 4 1 0.999999 
0.338744 -0.00180566 -0.496024 0.0025 1.0014 1.00195 2.50139 0.00499303 335 4 1 0.999997 
0.34124 -0.00298258 -0.751692 0.0025 1.00231 1.00323 2.5023 0.00498846 336 4 1 0.999994 
0.343733 -0.00473709 -1.08438 0.0025 1.00369 1.00515 2.50367 0.00498163 337 4 1 0.999987 
0.346222 -0.00722235 -1.48181 0.0025 1.00565 1.0079 2.50563 0.00497191 338 4 1 0.999978 
0.348705 -0.0105497 -1.90649 0.0025 1.0083 1.01162 2.50827 0.00495885 339 4 1 0.999965 
0.35118 -0.0147336 -2.29299 0.0025 1.01167 1.01637 2.51164 0.00494232 340 4 1 0.999952 
0.353647 -0.0196402 -2.55743 0.0025 1.01568 1.02203 2.51563 0.0049228 341 4 1 0.999943 
0.356103 -0.0249648 -2.62046 0.0025 1.02012 1.0283 2.52005 0.00490139 342 4 1 0.999943 
0.358548 -0.0302599 -2.42998 0.0025 1.02463 1.0347 2.52453 0.00487979 343 4 1 0.999954 
0.360983 -0.035003 -1.98737 0.0025 1.02878 1.04059 2.52863 0.0048601 344 4 1 0.99998 
0.363409 -0.0385323 -1.00414 0.0025 1.03181 1.04492 2.53165 0.00484587 345 3 1 1 
0.365829 -0.0383694 2.67029 0.0025 1.02999 1.04259 2.53005 0.00485441 346 4 1 1.00002 
0.368263 -0.0215123 13.675 0.0025 1.01613 1.023 2.51642 0.00492061 347 4 1 0.999746 
0.37075 0.00837202 12.8148 0.0025 0.994571 0.992317 2.4946 0.00502729 348 4 1 0.998718 
0.373291 0.0272414 5.50518 0.0025 0.9783 0.969583 2.47808 0.00511091 349 4 1 0.999101 
0.375861 0.0384298 5.58236 0.0025 0.967161 0.954404 2.46695 0.00516977 350 4 1 0.999621 
0.378461 0.0546441 8.6889 0.0025 0.953959 0.936266 2.45349 0.00524131 351 4 1 0.99953 
0.381103 0.0751292 9.2048 0.0025 0.937989 0.914318 2.43692 0.00533055 352 4 1 0.999219 
0.383792 0.0955942 8.63101 0.0025 0.921738 0.892197 2.41992 0.00542454 353 4 1 0.999134 
0.386528 0.115754 8.55298 0.0025 0.905778 0.870658 2.40308 0.00552012 354 4 1 0.999145 
0.389312 0.136486 8.6709 0.0025 0.889692 0.849093 2.38593 0.00561992 355 4 1 0.999108 
0.392148 0.157867 8.70897 0.0025 0.873379 0.827376 2.36833 0.00572489 356 4 1 0.999049 
0.395038 0.179736 8.702 0.0025 0.856912 0.80562 2.35037 0.00583491 357 4 1 0.998994 
0.397984 0.202086 8.69032 0.0025 0.840329 0.78388 2.33208 0.00595005 358 4 1 0.998942 
0.400989 0.224986 8.6676 0.0025 0.823644 0.762178 2.31345 0.00607058 359 4 1 0.998888 
0.404055 0.248388 8.67405 0.0025 0.806842 0.740501 2.29446 0.006197 360 4 1 0.998829 
0.407186 0.272331 8.63199 0.0025 0.789934 0.71887 2.27511 0.00632964 361 4 1 0.998765 
0.410386 0.296824 8.61274 0.0025 0.772941 0.697314 2.25541 0.0064688 362 4 1 0.998701 
0.413656 0.321854 8.56272 0.0025 0.75587 0.675849 2.23535 0.00661489 363 4 1 0.998632 
0.417001 0.347447 8.5005 0.0025 0.738755 0.654524 2.21497 0.00676815 364 4 1 0.998564 
0.420425 0.373562 8.44362 0.0025 0.721608 0.633356 2.19427 0.00692897 365 4 1 0.998494 
0.423931 0.400111 8.33357 0.0025 0.70448 0.612411 2.17329 0.00709744 366 4 1 0.998424 
0.427524 0.427083 8.17945 0.0025 0.687472 0.591812 2.15215 0.00727303 367 4 1 0.998369 
0.431206 0.454156 7.93045 0.0025 0.670736 0.571741 2.13105 0.0074545 368 4 1 0.998335 
0.43498 0.480989 7.55047 0.0025 0.654513 0.552476 2.11028 0.00763926 369 4 1 0.998346 
0.438846 0.50695 7.01462 0.0025 0.639115 0.534364 2.09029 0.00782332 370 4 1 0.998419 
0.442804 0.531293 6.25468 0.0025 0.624927 0.517831 2.0716 0.00800094 371 4 1 0.99857 
0.446848 0.553376 5.45648 0.0025 0.612201 0.503132 2.05464 0.00816725 372 4 1 0.998784 
0.450972 0.573289 4.92699 0.0025 0.600703 0.489961 2.03913 0.00832358 373 4 1 0.998972 
0.455172 0.592828 5.07509 0.0025 0.589528 0.477257 2.02389 0.00848137 374 4 1 0.999027 
0.459454 0.614423 5.67872 0.0025 0.57765 0.463853 2.00749 0.00865577 375 4 1 0.998891 
0.463829 0.638338 5.77887 0.0025 0.565183 0.449891 1.99005 0.0088467 376 4 1 0.998693 
0.468302 0.660667 4.61751 0.0025 0.55387 0.437325 1.97401 0.00902739 377 4 1 0.99879 
0.472858 0.675988 2.29466 0.0025 0.546137 0.428796 1.96294 0.00915521 378 4 1 0.99934 
0.477458 0.680765 -0.0404995 0.0025 0.543131 0.42551 1.95864 0.00920588 379 4 1 0.999882 
0.482063 0.679993 -0.0890344 0.0025 0.542902 0.425275 1.95834 0.00920977 380 5 1 0.999999 
0.486667 0.679572 -0.186534 0.0025 0.543156 0.425559 1.95873 0.00920546 381 4 1 0.999998 
0.491269 0.67871 -0.205916 0.0025 0.543531 0.425975 1.95929 0.00919911 382 4 1 0.999998 
0.495867 0.677827 -0.19365 0.0025 0.543977 0.42647 1.95996 0.00919156 383 4 1 0.999998 
0.50046 0.677014 -0.160633 0.0025 0.544398 0.426938 1.96059 0.00918445 384 4 1 0.999999 
0.505051 0.676339 -0.127836 0.0025 0.544757 0.427337 1.96114 0.00917841 385 4 1 0.999999 
0.509639 0.675809 -0.0994347 0.0025 0.545044 0.42766 1.96158 0.00917357 386 4 1 1 
0.514225 0.6754 -0.0759858 0.0025 0.545265 0.427911 1.96194 0.00916985 387 4 1 1 
0.518809 0.675083 -0.0586536 0.0025 0.545432 0.428104 1.96222 0.00916704 388 4 1 1 
0.523392 0.674836 -0.0467496 0.0025 0.545559 0.428254 1.96246 0.00916492 389 4 1 1 
0.527974 0.674638 -0.0384088 0.0025 0.545655 0.428373 1.96266 0.0091633 390 4 1 1 
0.532555 0.674473 -0.0326181 0.0025 0.545729 0.42847 1.96283 0.00916205 391 4 1 1 
0.537136 0.674329 -0.0286671 0.0025 0.545788 0.428552 1.963 0.00916107 392 4 1 1 
0.541716 0.674202 -0.0256809 0.0025 0.545832 0.428623 1.96316 0.00916033 393 4 1 1 
0.546296 0.674087 -0.0231083 0.0025 0.545853 0.428675 1.96333 0.00915997 394 3 1 1 
0.550876 0.673983 -0.0207636 0.0025 0.545798 0.428669 1.9635 0.0091609 395 4 1 1 
0.555457 0.673889 -0.0185763 0.0025 0.545419 0.42846 1.9639 0.00916726 396 4 1 0.999999 
0.560043 0.673805 -0.0165411 0.0025 0.543829 0.426749 1.96178 0.00919406 397 4 1 0.999988 
0.564651 0.67373 -0.0146383 0.0025 0.530736 0.411318 1.93749 0.00942088 398 4 1 0.999673 
0.569469 0.673659 -0.0127482 0.0025 0.50668 0.440014 2.17107 0.00986816 399 4 1 0.994716 
0.574526 0.673591 -0.0108997 0.0025 0.481165 0.41541 2.15836 0.0103914 400 4 1 0.993708 
0.57987 0.673526 -0.0092024 0.0025 0.458696 0.44987 2.4519 0.0109005 401 4 1 0.993701 
0.585432 0.673463 -0.00770755 0.0025 0.450093 0.430426 2.39076 0.0111088 402 5 1 0.998662 
0.590979 0.673406 -0.00634201 0.0025 0.451698 0.428765 2.37307 0.0110694 403 4 1 0.999967 
0.596502 0.673352 -0.00490686 0.0025 0.453326 0.428729 2.36435 0.0110296 404 4 1 0.999986 
0.602008 0.673298 -0.00294347 0.0025 0.454414 0.428866 2.35945 0.0110032 405 4 1 0.999994 
0.607505 0.673234 0.000860346 0.0025 0.455105 0.428939 2.35626 0.0109865 406 4 1 0.999998 
0.612995 0.673139 0.0101675 0.0025 0.455543 0.428938 2.35399 0.0109759 407 4 1 1 
0.618481 0.672936 0.0372999 0.0025 0.455766 0.428815 2.35217 0.0109705 408 3 1 1 
0.623965 0.672381 0.12451 0.0025 0.455653 0.428357 2.35023 0.0109733 409 4 1 1 
0.629454 0.670759 0.376518 0.0025 0.454754 0.42694 2.34708 0.010995 410 4 1 0.999995 
0.63496 0.666105 1.05361 0.0025 0.451928 0.42305 2.34021 0.0110637 411 4 1 0.999932 
0.640518 0.654243 2.64755 0.0025 0.444718 0.413472 2.32427 0.0112431 412 4 1 0.999526 
0.646205 0.625815 5.87029 0.0025 0.429396 0.393432 2.29049 0.0116443 413 4 1 0.997688 
0.652169 0.569556 11.6005 0.0025 0.401119 0.35701 2.22486 0.0124651 414 4 1 0.992105 
0.6587 0.449462 24.7388 0.0025 0.355831 0.300135 2.10856 0.0140516 415 4 1 0.979749 
0.666329 0.251242 30.9052 0.0025 0.304606 0.239048 1.96211 0.0164146 416 4 1 0.961621 
0.675273 0.0804902 17.8896 0.0025 0.268483 0.198768 1.85114 0.0186232 417 4 1 0.966486 
0.68502 0.0113135 4.35399 0.0025 0.253574 0.183113 1.80546 0.0197181 418 4 1 0.990509 
0.694998 -0.000130403 0.290644 0.0025 0.25025 0.179748 1.79571 0.01998 419 4 1 0.999363 
0.705 -0.000168169 -0.072444 0.0025 0.249969 0.179469 1.79491 0.0200024 420 5 1 0.999995 
0.715 7.19305e-06 -0.00227296 0.0025 0.249997 0.179497 1.79499 0.0200002 421 4 1 1 
0.725 4.12438e-06 0.000743846 0.0025 0.250001 0.179501 1.795 0.0199999 422 3 1 1 
0.735 9.79636e-07 0.000224503 0.0025 0.25 0.1795 1.795 0.02 423 4 1 1 
0.745 2.00604e-07 4.93335e-05 0.0025 0.25 0.1795 1.795 0.02 424 4 1 1 
0.755 3.80317e-08 9.90388e-06 0.0025 0.25 0.1795 1.795 0.02 425 4 1 1 
0.765 6.73335e-09 1.85636e-06 0.0025 0.25 0.1795 1.795 0.02 426 4 1 1 
0.775 1.11263e-09 3.24919e-07 0.0025 0.25 0.1795 1.795 0.02 427 4 1 1 
0.785 1.71188e-10 5.29873e-08 0.0025 0.25 0.1795 1.795 0.02 428 4 1 1 
0.795 2.44348e-11 8.03145e-09 0.0025 0.25 0.1795 1.795 0.02 429 4 1 1 
0.805 3.23248e-12 1.12564e-09 0.0025 0.25 0.1795 1.795 0.02 430 4 1 1 
0.815 3.89828e-13 1.44738e-10 0.0025 0.25 0.1795 1.795 0.02 431 4 1 1 
0.825 3.75818e-14 1.88862e-11 0.0025 0.25 0.1795 1.795 0.02 432 4 1 1 
0.835 1.59758e-15 6.82121e-13 0.0025 0.25 0.1795 1.795 0.02 433 5 1 1 
0.845 1.94327e-16 9.9476e-14 0.0025 0.25 0.1795 1.795 0.02 434 5 1 1 
0.855 4.59869e-47 2.24208e-44 0.0025 0.25 0.1795 1.795 0.02 435 5 1 1 
0.865 2.55622e-48 2.8026e-45 0.0025 0.25 0.1795 1.795 0.02 436 5 1 1 
0.875 0 0 0.0025 0.25 0.1795 1.795 0.02 437 5 1 1 
0.885 0 0 0.0025 0.25 0.1795 1.795 0.02 438 5 1 1 
0.895 -2.9787e-47 -2.8026e-45 0.0025 0.25 0.1795 1.795 0.02 439 5 1 1 
0.905 -1.10435e-46 -5.60519e-45 0.0025 0.25 0.1795 1.795 0.02 440 5 1 1 
0.915 -2.63013e-16 -1.42109e-14 0.0025 0.25 0.1795 1.795 0.02 441 5 1 1 
0.925 -7.7475e-16 -2.84217e-14 0.0025 0.25 0.1795 1.795 0.02 442 5 1 1 
0.935 -1.55466e-15 -2.84217e-14 0.0025 0.25 0.1795 1.795 0.02 443 5 1 1 
0.945 -3.03001e-15 -1.42109e-14 0.0025 0.25 0.1795 1.795 0.02 444 5 1 1 
0.955 -5.10791e-15 8.40779e-44 0.0025 0.25 0.1795 1.795 0.02 445 5 1 1 
0.965 -4.57514e-15 2.41585e-13 0.0025 0.25 0.1795 1.795 0.02 446 5 1 1 
0.975 -1.03935e-14 2.98428e-13 0.0025 0.25 0.1795 1.795 0.02 447 5 1 1 
0.985 9.25641e-15 -2.70006e-13 0.0025 0.25 0.1795 1.795 0.02 448 5 1 1 
0.995 -7.25264e-16 -2.41585e-13 0.0025 0.25 0.1795 1.795 0.02 449 3 1 1 
1.005 7.25264e-16 2.41585e-13 0.0025 0.25 0.1795 1.795 0.02 450 3 1 1 
1.015 -9.25641e-15 2.70006e-13 0.0025 0.25 0.1795 1.795 0.02 451 5 1 1 
1.025 1.03935e-14 -2.98428e-13 0.0025 0.25 0.1795 1.795 0.02 452 5 1 1 
1.035 4.57514e-15 -2.41585e-13 0.0025 0.25 0.1795 1.795 0.02 453 5 1 1 
1.045 5.10791e-15 -8.40779e-44 0.0025 0.25 0.1795 1.795 0.02 454 5 1 1 
1.055 3.03001e-15 1.42109e-14 0.0025 0.25 0.1795 1.795 0.02 455 5 1 1 
1.065 1.55466e-15 2.84217e-14 0.0025 0.25 0.1795 1.795 0.02 456 5 1 1 
1.075 7.7475e-16 2.84217e-14 0.0025 0.25 0.1795 1.795 0.02 457 5 1 1 
1.085 2.63013e-16 1.42109e-14 0.0025 0.25 0.1795 1.795 0.02 458 5 1 1 
1.095 1.10435e-46 5.60519e-45 0.0025 0.25 0.1795 1.795 0.02 459 5 1 1 
1.105 2.9787e-47 2.8026e-45 0.0025 0.25 0.1795 1.795 0.02 460 5 1 1 
1.115 0 0 0.0025 0.25 0.1795 1.795 0.02 461 5 1 1 
1.125 0 0 0.0025 0.25 0.1795 1.795 0.02 462 5 1 1 
1.135 -4.25995e-48 -2.8026e-45 0.0025 0.25 0.1795 1.795 0.02 463 5 1 1 
1.145 -5.62054e-47 -2.24208e-44 0.0025 0.25 0.1795 1.795 0.02 464 5 1 1 
1.155 -2.11595e-16 -9.9476e-14 0.0025 0.25 0.1795 1.795 0.02 465 5 1 1 
1.165 -2.11114e-15 -6.39488e-13 0.0025 0.25 0.1795 1.795 0.02 466 5 1 1 
1.175 -2.94177e-14 -1.73657e-11 0.0025 0.25 0.1795 1.795 0.02 467 4 1 1 
1.185 -4.02956e-13 -1.4667e-10 0.0025 0.25 0.1795 1.795 0.02 468 4 1 1 
1.195 -3.21583e-12 -1.12551e-09 0.0025 0.25 0.1795 1.795 0.02 469 4 1 1 
1.205 -2.44467e-11 -8.02966e-09 0.0025 0.25 0.1795 1.795 0.02 470 4 1 1 
1.215 -1.71189e-10 -5.29907e-08 0.0025 0.25 0.1795 1.795 0.02 471 4 1 1 
1.225 -1.11264e-09 -3.24915e-07 0.0025 0.25 0.1795 1.795 0.02 472 4 1 1 
1.235 -6.73336e-09 -1.85637e-06 0.0025 0.25 0.1795 1.795 0.02 473 4 1 1 
1.245 -3.80316e-08 -9.90388e-06 0.0025 0.25 0.1795 1.795 0.02 474 4 1 1 
1.255 -2.00604e-07 -4.93335e-05 0.0025 0.25 0.1795 1.795 0.02 475 4 1 1 
1.265 -9.79636e-07 -0.000224503 0.0025 0.25 0.1795 1.795 0.02 476 4 1 1 
1.275 -4.12438e-06 -0.000743846 0.0025 0.250001 0.179501 1.795 0.0199999 477 3 1 1 
1.285 -7.19305e-06 0.00227296 0.0025 0.249997 0.179497 1.79499 0.0200002 478 4 1 1 
1.295 0.000168169 0.072444 0.0025 0.249969 0.179469 1.79491 0.0200024 479 5 1 0.999995 
1.305 0.000130403 -0.290644 0.0025 0.25025 0.179748 1.79571 0.01998 480 4 1 0.999363 
1.31498 -0.0113135 -4.35399 0.0025 0.253574 0.183113 1.80546 0.0197181 481 4 1 0.990509 
1.32473 -0.0804902 -17.8896 0.0025 0.268483 0.198768 1.85114 0.0186232 482 4 1 0.966486 
1.33367 -0.251242 -30.9052 0.0025 0.304606 0.239048 1.96211 0.0164146 483 4 1 0.961621 
1.3413 -0.449462 -24.7388 0.0025 0.355831 0.300135 2.10856 0.0140516 484 4 1 0.979749 
1.34783 -0.569556 -11.6005 0.0025 0.401119 0.35701 2.22486 0.0124651 485 4 1 0.992105 
1.35379 -0.625815 -5.87029 0.0025 0.429396 0.393432 2.29049 0.0116443 486 4 1 0.997688 
1.35948 -0.654243 -2.64755 0.0025 0.444718 0.413472 2.32427 0.0112431 487 4 1 0.999526 
1.36504 -0.666105 -1.05361 0.0025 0.451928 0.42305 2.34021 0.0110637 488 4 1 0.999932 
1.37055 -0.670759 -0.376518 0.0025 0.454754 0.42694 2.34708 0.010995 489 4 1 0.999995 
1.37603 -0.672381 -0.12451 0.0025 0.455653 0.428357 2.35023 0.0109733 490 4 1 1 
1.38152 -0.672936 -0.0372999 0.0025 0.455766 0.428815 2.35217 0.0109705 491 3 1 1 
1.38701 -0.673139 -0.0101675 0.0025 0.455543 0.428938 2.35399 0.0109759 492 4 1 1 
1.3925 -0.673234 -0.000860346 0.0025 0.455105 0.428939 2.35626 0.0109865 493 4 1 0.999998 
1.39799 -0.673298 0.00294347 0.0025 0.454414 0.428866 2.35945 0.0110032 494 4 1 0.999994 
1.4035 -0.673352 0.00490686 0.0025 0.453326 0.428729 2.36435 0.0110296 495 4 1 0.999986 
1.40902 -0.673406 0.00634201 0.0025 0.451698 0.428765 2.37307 0.0110694 496 4 1 0.999967 
1.41457 -0.673463 0.00770755 0.0025 0.450093 0.430426 2.39076 0.0111088 497 5 1 0.998662 
1.42013 -0.673526 0.0092024 0.0025 0.458696 0.44987 2.4519 0.0109005 498 4 1 0.993701 
1.42547 -0.673591 0.0108997 0.0025 0.481165 0.41541 2.15836 0.0103914 499 4 1 0.993708 
