# Time [s]: 0.101588
# Columns: pos [m], vel [m/s], acc [m/s^2], mass [kg], dens [kg/m^3], pres [Pa], ene [J/kg], sml [m], id, neighbor, alpha, gradh, ...additional?
1.43381 -0.673725 0.0143757 0.0025 0.506643 0.439969 2.171 0.00986889 0 4 1 0.994718 
1.43862 -0.673806 0.0165887 0.0025 0.530693 0.411272 1.93743 0.00942164 1 4 1 0.999674 
1.44323 -0.673891 0.0188376 0.0025 0.543781 0.426696 1.96171 0.00919488 2 4 1 0.999988 
1.44782 -0.673985 0.0210914 0.0025 0.545365 0.4284 1.96382 0.00916818 3 4 1 0.999999 
1.4524 -0.67409 0.0233699 0.0025 0.545737 0.428603 1.96341 0.00916192 4 4 1 1 
1.45698 -0.674206 0.0258104 0.0025 0.545786 0.428601 1.96323 0.00916109 5 3 1 1 
1.46156 -0.674334 0.0287245 0.0025 0.545757 0.428541 1.96306 0.00916158 6 4 1 1 
1.46614 -0.674478 0.0326453 0.0025 0.545704 0.42846 1.96288 0.00916248 7 4 1 1 
1.47072 -0.674644 0.0381979 0.0025 0.545632 0.428364 1.96269 0.00916368 8 4 1 1 
1.47531 -0.674843 0.0464862 0.0025 0.545538 0.428245 1.96249 0.00916526 9 4 1 1 
1.47989 -0.675092 0.0590667 0.0025 0.545414 0.428095 1.96225 0.00916735 10 4 1 1 
1.48447 -0.675409 0.0766689 0.0025 0.545246 0.4279 1.96196 0.00917017 11 4 1 1 
1.48906 -0.675823 0.099773 0.0025 0.545024 0.427646 1.96159 0.00917391 12 4 1 1 
1.49365 -0.676365 0.130283 0.0025 0.544733 0.427318 1.96114 0.00917881 13 4 1 0.999999 
1.49824 -0.677052 0.166376 0.0025 0.544364 0.426907 1.96057 0.00918502 14 4 1 0.999999 
-0.497167 -0.677888 0.199103 0.0025 0.543927 0.42642 1.95991 0.00919241 15 4 1 0.999998 
-0.492569 -0.678821 0.213216 0.0025 0.543463 0.425904 1.95922 0.00920027 16 4 1 0.999998 
-0.487967 -0.679741 0.196276 0.0025 0.543076 0.425476 1.95864 0.00920681 17 4 1 0.999998 
-0.483362 -0.680143 0.128896 0.0025 0.542788 0.425154 1.9582 0.00921169 18 5 1 0.999997 
-0.478755 -0.680973 -0.079796 0.0025 0.543152 0.425535 1.95868 0.00920552 19 4 1 0.999834 
-0.474157 -0.67495 -2.69536 0.0025 0.546747 0.429469 1.96383 0.009145 20 4 1 0.999202 
-0.46961 -0.657795 -5.04743 0.0025 0.555342 0.438956 1.97612 0.00900347 21 4 1 0.99867 
-0.465152 -0.634083 -6.01901 0.0025 0.567342 0.452304 1.9931 0.00881303 22 4 1 0.99866 
-0.460796 -0.609838 -5.69453 0.0025 0.580102 0.466615 2.01091 0.00861918 23 4 1 0.998887 
-0.456532 -0.588389 -5.07667 0.0025 0.592054 0.480124 2.02736 0.00844518 24 4 1 0.998978 
-0.45235 -0.568468 -5.15076 0.0025 0.603498 0.493155 2.04292 0.00828504 25 4 1 0.998855 
-0.448246 -0.547399 -5.88337 0.0025 0.615665 0.507122 2.05928 0.0081213 26 4 1 0.998619 
-0.444227 -0.523738 -6.77227 0.0025 0.62934 0.52296 2.07745 0.00794482 27 4 1 0.998393 
-0.4403 -0.49776 -7.52798 0.0025 0.644561 0.540752 2.0974 0.00775722 28 4 1 0.998253 
-0.436469 -0.470263 -8.04526 0.0025 0.660962 0.560113 2.11858 0.00756473 29 4 1 0.998194 
-0.432734 -0.442098 -8.41977 0.0025 0.678144 0.580604 2.14044 0.00737306 30 4 1 0.998203 
-0.429094 -0.413848 -8.64166 0.0025 0.695788 0.601862 2.16254 0.00718609 31 4 1 0.998255 
-0.425547 -0.38583 -8.77307 0.0025 0.713641 0.623591 2.18456 0.00700632 32 4 1 0.998325 
-0.422087 -0.358305 -8.87774 0.0025 0.731571 0.645634 2.20634 0.0068346 33 4 1 0.998404 
-0.418711 -0.331297 -8.93557 0.0025 0.7495 0.667892 2.22781 0.00667112 34 4 1 0.998481 
-0.415415 -0.304901 -9.00616 0.0025 0.767388 0.690313 2.24892 0.00651561 35 4 1 0.99856 
-0.412194 -0.279107 -9.03419 0.0025 0.785208 0.712858 2.26966 0.00636774 36 4 1 0.998637 
-0.409046 -0.253887 -9.05313 0.0025 0.80292 0.735469 2.29 0.00622727 37 4 1 0.998707 
-0.405966 -0.229258 -9.08529 0.0025 0.820525 0.758143 2.30995 0.00609366 38 4 1 0.998776 
-0.402952 -0.205247 -9.08907 0.0025 0.838015 0.780862 2.32951 0.00596648 39 4 1 0.998839 
-0.399999 -0.181762 -9.10441 0.0025 0.855378 0.803605 2.3487 0.00584537 40 4 1 0.998899 
-0.397106 -0.158859 -9.11515 0.0025 0.872616 0.826368 2.36751 0.0057299 41 4 1 0.998965 
-0.394269 -0.136505 -9.03523 0.0025 0.889664 0.849058 2.3859 0.0056201 42 4 1 0.999029 
-0.391485 -0.114877 -8.93886 0.0025 0.906467 0.871583 2.40382 0.00551592 43 4 1 0.999053 
-0.388752 -0.0936678 -9.21905 0.0025 0.92328 0.894289 2.42154 0.00541548 44 4 1 0.999055 
-0.386069 -0.0719723 -9.68153 0.0025 0.940376 0.917606 2.43943 0.00531702 45 4 1 0.999244 
-0.383435 -0.0513771 -8.17267 0.0025 0.956387 0.939616 2.45599 0.00522801 46 4 1 0.999564 
-0.380841 -0.0366633 -5.08455 0.0025 0.96909 0.956989 2.46885 0.00515948 47 4 1 0.999456 
-0.378275 -0.0237395 -8.03575 0.0025 0.981916 0.974564 2.48173 0.00509208 48 4 1 0.998713 
-0.375748 0.00157352 -15.4833 0.0025 1.00186 1.00269 2.50205 0.0049907 49 4 1 0.99896 
-0.373283 0.030873 -10.4552 0.0025 1.02297 1.03274 2.52323 0.00488771 50 4 1 0.999958 
-0.37086 0.0401594 -0.357655 0.0025 1.03235 1.04585 2.5323 0.00484332 51 3 1 1 
-0.36844 0.0381134 1.64544 0.0025 1.03144 1.04437 2.53127 0.0048476 52 4 1 1.00001 
-0.366013 0.0338013 2.28516 0.0025 1.02766 1.03898 2.52752 0.00486544 53 4 1 0.999964 
-0.363575 0.0285343 2.66316 0.0025 1.0231 1.03252 2.52301 0.0048871 54 4 1 0.999944 
-0.361125 0.0229293 2.73657 0.0025 1.01838 1.02583 2.51831 0.00490978 55 4 1 0.999937 
-0.358665 0.0175308 2.55878 0.0025 1.01392 1.01954 2.51388 0.00493133 56 4 1 0.999941 
-0.356194 0.0127583 2.20051 0.0025 1.01006 1.01409 2.51003 0.00495022 57 4 1 0.999954 
-0.353715 0.00885112 1.75662 0.0025 1.00693 1.0097 2.50691 0.00496558 58 4 1 0.999969 
-0.351228 0.00586562 1.31218 0.0025 1.00457 1.00639 2.50455 0.00497726 59 4 1 0.999982 
-0.348737 0.00372124 0.923708 0.0025 1.00289 1.00403 2.50287 0.00498561 60 4 1 0.999991 
-0.346243 0.00226444 0.616352 0.0025 1.00175 1.00244 2.50174 0.00499126 61 4 1 0.999996 
-0.343746 0.00132368 0.391582 0.0025 1.00102 1.00142 2.50101 0.00499491 62 4 1 0.999998 
-0.341248 0.000744047 0.237634 0.0025 1.00057 1.0008 2.50057 0.00499714 63 4 1 0.999999 
-0.338749 0.000402404 0.138045 0.0025 1.00031 1.00043 2.50031 0.00499846 64 4 1 1 
-0.336249 0.000209448 0.0768671 0.0025 1.00016 1.00022 2.50016 0.0049992 65 4 1 1 
-0.33375 0.000104914 0.041058 0.0025 1.00008 1.00011 2.50008 0.0049996 66 4 1 1 
-0.33125 5.05637e-05 0.0210448 0.0025 1.00004 1.00005 2.50004 0.00499981 67 4 1 1 
-0.32875 2.34383e-05 0.0103517 0.0025 1.00002 1.00002 2.50002 0.00499991 68 4 1 1 
-0.32625 1.04441e-05 0.00488568 0.0025 1.00001 1.00001 2.50001 0.00499996 69 4 1 1 
-0.32375 4.47078e-06 0.00221176 0.0025 1 1 2.5 0.00499998 70 4 1 1 
-0.32125 1.83701e-06 0.000959896 0.0025 1 1 2.5 0.00499999 71 4 1 1 
-0.31875 7.23795e-07 0.000399091 0.0025 1 1 2.5 0.005 72 4 1 1 
-0.31625 2.7313e-07 0.000158811 0.0025 1 1 2.5 0.005 73 4 1 1 
-0.31375 9.85641e-08 6.04133e-05 0.0025 1 1 2.5 0.005 74 4 1 1 
-0.31125 3.39517e-08 2.19371e-05 0.0025 1 1 2.5 0.005 75 4 1 1 
-0.30875 1.11377e-08 7.58923e-06 0.0025 1 1 2.5 0.005 76 4 1 1 
-0.30625 3.46938e-09 2.49534e-06 0.0025 1 1 2.5 0.005 77 4 1 1 
-0.30375 1.02233e-09 7.77387e-07 0.0025 1 1 2.5 0.005 78 4 1 1 
-0.30125 2.83584e-10 2.28524e-07 0.0025 1 1 2.5 0.005 79 4 1 1 
-0.29875 7.35334e-11 6.30403e-08 0.0025 1 1 2.5 0.005 80 4 1 1 
-0.29625 1.76567e-11 1.62121e-08 0.0025 1 1 2.5 0.005 81 4 1 1 
-0.29375 3.86133e-12 3.80021e-09 0.0025 1 1 2.5 0.005 82 4 1 1 
-0.29125 7.50775e-13 8.4367e-10 0.0025 1 1 2.5 0.005 83 4 1 1 
-0.28875 1.36177e-13 1.42222e-10 0.0025 1 1 2.5 0.005 84 4 1 1 
-0.28625 1.04638e-14 3.03544e-11 0.0025 1 1 2.5 0.005 85 4 1 1 
-0.28375 -1.20957e-16 -1.19371e-12 0.0025 1 1 2.5 0.005 86 5 1 1 
-0.28125 -1.72567e-17 5.68434e-14 0.0025 1 1 2.5 0.005 87 5 1 1 
-0.27875 3.40554e-48 1.12104e-44 0.0025 1 1 2.5 0.005 88 5 1 1 
-0.27625 0 0 0.0025 1 1 2.5 0.005 89 5 1 1 
-0.27375 0 0 0.0025 1 1 2.5 0.005 90 5 1 1 
-0.27125 0 0 0.0025 1 1 2.5 0.005 91 5 1 1 
-0.26875 0 0 0.0025 1 1 2.5 0.005 92 5 1 1 
-0.26625 0 0 0.0025 1 1 2.5 0.005 93 5 1 1 
-0.26375 0 0 0.0025 1 1 2.5 0.005 94 5 1 1 
-0.26125 0 0 0.0025 1 1 2.5 0.005 95 5 1 1 
-0.25875 0 0 0.0025 1 1 2.5 0.005 96 5 1 1 
-0.25625 0 0 0.0025 1 1 2.5 0.005 97 5 1 1 
-0.25375 0 0 0.0025 1 1 2.5 0.005 98 5 1 1 
-0.25125 0 0 0.0025 1 1 2.5 0.005 99 5 1 1 
-0.24875 0 0 0.0025 1 1 2.5 0.005 100 5 1 1 
-0.24625 0 0 0.0025 1 1 2.5 0.005 101 5 1 1 
-0.24375 0 0 0.0025 1 1 2.5 0.005 102 5 1 1 
-0.24125 0 0 0.0025 1 1 2.5 0.005 103 5 1 1 
-0.23875 0 0 0.0025 1 1 2.5 0.005 104 5 1 1 
-0.23625 0 0 0.0025 1 1 2.5 0.005 105 5 1 1 
-0.23375 0 0 0.0025 1 1 2.5 0.005 106 5 1 1 
-0.23125 0 0 0.0025 1 1 2.5 0.005 107 5 1 1 
-0.22875 0 0 0.0025 1 1 2.5 0.005 108 5 1 1 
-0.22625 0 0 0.0025 1 1 2.5 0.005 109 5 1 1 
-0.22375 0 0 0.0025 1 1 2.5 0.005 110 5 1 1 
-0.22125 0 0 0.0025 1 1 2.5 0.005 111 5 1 1 
-0.21875 0 0 0.0025 1 1 2.5 0.005 112 5 1 1 
-0.21625 0 0 0.0025 1 1 2.5 0.005 113 5 1 1 
-0.21375 0 0 0.0025 1 1 2.5 0.005 114 5 1 1 
-0.21125 0 0 0.0025 1 1 2.5 0.005 115 5 1 1 
-0.20875 0 0 0.0025 1 1 2.5 0.005 116 5 1 1 
-0.20625 0 0 0.0025 1 1 2.5 0.005 117 5 1 1 
-0.20375 0 0 0.0025 1 1 2.5 0.005 118 5 1 1 
-0.20125 0 0 0.0025 1 1 2.5 0.005 119 5 1 1 
-0.19875 0 0 0.0025 1 1 2.5 0.005 120 5 1 1 
-0.19625 0 0 0.0025 1 1 2.5 0.005 121 5 1 1 
-0.19375 0 0 0.0025 1 1 2.5 0.005 122 5 1 1 
-0.19125 0 0 0.0025 1 1 2.5 0.005 123 5 1 1 
-0.18875 0 0 0.0025 1 1 2.5 0.005 124 5 1 1 
-0.18625 0 0 0.0025 1 1 2.5 0.005 125 5 1 1 
-0.18375 0 0 0.0025 1 1 2.5 0.005 126 5 1 1 
-0.18125 0 0 0.0025 1 1 2.5 0.005 127 5 1 1 
-0.17875 0 0 0.0025 1 1 2.5 0.005 128 5 1 1 
-0.17625 0 0 0.0025 1 1 2.5 0.005 129 5 1 1 
-0.17375 0 0 0.0025 1 1 2.5 0.005 130 5 1 1 
-0.17125 0 0 0.0025 1 1 2.5 0.005 131 5 1 1 
-0.16875 0 0 0.0025 1 1 2.5 0.005 132 5 1 1 
-0.16625 0 0 0.0025 1 1 2.5 0.005 133 5 1 1 
-0.16375 0 0 0.0025 1 1 2.5 0.005 134 5 1 1 
-0.16125 0 0 0.0025 1 1 2.5 0.005 135 5 1 1 
-0.15875 0 0 0.0025 1 1 2.5 0.005 136 5 1 1 
-0.15625 0 0 0.0025 1 1 2.5 0.005 137 5 1 1 
-0.15375 0 0 0.0025 1 1 2.5 0.005 138 5 1 1 
-0.15125 0 0 0.0025 1 1 2.5 0.005 139 5 1 1 
-0.14875 0 0 0.0025 1 1 2.5 0.005 140 5 1 1 
-0.14625 0 0 0.0025 1 1 2.5 0.005 141 5 1 1 
-0.14375 0 0 0.0025 1 1 2.5 0.005 142 5 1 1 
-0.14125 0 0 0.0025 1 1 2.5 0.005 143 5 1 1 
-0.13875 0 0 0.0025 1 1 2.5 0.005 144 5 1 1 
-0.13625 0 0 0.0025 1 1 2.5 0.005 145 5 1 1 
-0.13375 0 0 0.0025 1 1 2.5 0.005 146 5 1 1 
-0.13125 0 0 0.0025 1 1 2.5 0.005 147 5 1 1 
-0.12875 0 0 0.0025 1 1 2.5 0.005 148 5 1 1 
-0.12625 0 0 0.0025 1 1 2.5 0.005 149 5 1 1 
-0.12375 0 0 0.0025 1 1 2.5 0.005 150 5 1 1 
-0.12125 0 0 0.0025 1 1 2.5 0.005 151 5 1 1 
-0.11875 0 0 0.0025 1 1 2.5 0.005 152 5 1 1 
-0.11625 0 0 0.0025 1 1 2.5 0.005 153 5 1 1 
-0.11375 0 0 0.0025 1 1 2.5 0.005 154 5 1 1 
-0.11125 0 0 0.0025 1 1 2.5 0.005 155 5 1 1 
-0.10875 0 0 0.0025 1 1 2.5 0.005 156 5 1 1 
-0.10625 0 0 0.0025 1 1 2.5 0.005 157 5 1 1 
-0.10375 0 0 0.0025 1 1 2.5 0.005 158 5 1 1 
-0.10125 0 0 0.0025 1 1 2.5 0.005 159 5 1 1 
-0.09875 0 0 0.0025 1 1 2.5 0.005 160 5 1 1 
-0.09625 0 0 0.0025 1 1 2.5 0.005 161 5 1 1 
-0.09375 0 0 0.0025 1 1 2.5 0.005 162 5 1 1 
-0.09125 0 0 0.0025 1 1 2.5 0.005 163 5 1 1 
-0.08875 0 0 0.0025 1 1 2.5 0.005 164 5 1 1 
-0.08625 0 0 0.0025 1 1 2.5 0.005 165 5 1 1 
-0.08375 0 0 0.0025 1 1 2.5 0.005 166 5 1 1 
-0.08125 0 0 0.0025 1 1 2.5 0.005 167 5 1 1 
-0.07875 0 0 0.0025 1 1 2.5 0.005 168 5 1 1 
-0.07625 0 0 0.0025 1 1 2.5 0.005 169 5 1 1 
-0.07375 0 0 0.0025 1 1 2.5 0.005 170 5 1 1 
-0.07125 0 0 0.0025 1 1 2.5 0.005 171 5 1 1 
-0.06875 0 0 0.0025 1 1 2.5 0.005 172 5 1 1 
-0.06625 0 0 0.0025 1 1 2.5 0.005 173 5 1 1 
-0.06375 0 0 0.0025 1 1 2.5 0.005 174 5 1 1 
-0.06125 -2.00476e-46 -1.12104e-44 0.0025 1 1 2.5 0.005 175 5 1 1 
-0.05875 -1.54983e-16 -5.68434e-14 0.0025 1 1 2.5 0.005 176 5 1 1 
-0.05625 -2.92095e-16 5.68434e-14 0.0025 1 1 2.5 0.005 177 5 1 1 
-0.05375 -4.28255e-16 -5.68434e-14 0.0025 1 1 2.5 0.005 178 5 1 1 
-0.05125 -5.97655e-16 5.68434e-14 0.0025 1 1 2.5 0.005 179 5 1 1 
-0.04875 -7.65541e-16 -5.68434e-14 0.0025 1 1 2.5 0.005 180 5 1 1 
-0.04625 -9.31916e-16 5.68434e-14 0.0025 1 1 2.5 0.005 181 5 1 1 
-0.04375 -1.16437e-15 -5.68434e-14 0.0025 1 1 2.5 0.005 182 5 1 1 
-0.04125 -1.35796e-15 5.68434e-14 0.0025 1 1 2.5 0.005 183 5 1 1 
-0.03875 -1.49065e-15 3.9443e-29 0.0025 1 1 2.5 0.005 184 5 1 1 
-0.03625 -1.64988e-15 -5.52203e-28 0.0025 1 1 2.5 0.005 185 5 1 1 
-0.03375 -3.29041e-15 -3.15544e-28 0.0025 1 1 2.5 0.005 186 4 1 1 
-0.03125 3.102e-16 6.31089e-28 0.0025 1 1 2.5 0.005 187 3 1 1 
-0.02875 -9.81267e-17 -1.13687e-13 0.0025 1 1 2.5 0.005 188 3 1 1 
-0.02625 -1.05319e-15 -1.13687e-13 0.0025 1 1 2.5 0.005 189 3 1 1 
-0.02375 -2.50091e-15 -2.27374e-13 0.0025 1 1 2.5 0.005 190 3 1 1 
-0.02125 6.1886e-16 3.41061e-13 0.0025 1 1 2.5 0.005 191 4 1 1 
-0.01875 -8.04924e-16 0 0.0025 1 1 2.5 0.005 192 5 1 1 
-0.01625 -2.25051e-15 -1.13687e-13 0.0025 1 1 2.5 0.005 193 4 1 1 
-0.01375 1.78215e-16 5.68434e-14 0.0025 1 1 2.5 0.005 194 3 1 1 
-0.01125 -5.98485e-16 5.68434e-14 0.0025 1 1 2.5 0.005 195 3 1 1 
-0.00875 -8.97902e-16 -1.13687e-13 0.0025 1 1 2.5 0.005 196 3 1 1 
-0.00625 4.47257e-17 0 0.0025 1 1 2.5 0.005 197 3 1 1 
-0.00375 -5.52969e-16 3.41061e-13 0.0025 1 1 2.5 0.005 198 5 1 1 
-0.00125 -3.09785e-16 -5.68434e-13 0.0025 1 1 2.5 0.005 199 3 1 1 
0.00125 1.4433e-16 3.41061e-13 0.0025 1 1 2.5 0.005 200 3 1 1 
0.00375 1.18022e-16 -1.13687e-13 0.0025 1 1 2.5 0.005 201 4 1 1 
0.00625 3.75047e-16 -4.93038e-29 0.0025 1 1 2.5 0.005 202 5 1 1 
0.00875 -4.5545e-16 5.68434e-14 0.0025 1 1 2.5 0.005 203 3 1 1 
0.01125 -3.17859e-16 -1.13687e-13 0.0025 1 1 2.5 0.005 204 3 1 1 
0.01375 -1.16062e-15 -2.84217e-13 0.0025 1 1 2.5 0.005 205 3 1 1 
0.01625 5.93025e-16 1.13687e-13 0.0025 1 1 2.5 0.005 206 4 1 1 
0.01875 -1.12719e-15 2.27374e-13 0.0025 1 1 2.5 0.005 207 5 1 1 
0.02125 2.54563e-16 -5.91646e-28 0.0025 1 1 2.5 0.005 208 5 1 1 
0.02375 -8.14383e-16 5.68434e-14 0.0025 1 1 2.5 0.005 209 4 1 1 
0.02625 2.02868e-15 5.68434e-14 0.0025 1 1 2.5 0.005 210 3 1 1 
0.02875 8.17391e-16 -2.76101e-28 0.0025 1 1 2.5 0.005 211 3 1 1 
0.03125 4.80798e-15 -5.68434e-14 0.0025 1 1 2.5 0.005 212 4 1 1 
0.03375 3.13683e-15 1.7053e-13 0.0025 1 1 2.5 0.005 213 5 1 1 
0.03625 2.87811e-15 -5.68434e-14 0.0025 1 1 2.5 0.005 214 5 1 1 
0.03875 2.36714e-15 -1.12104e-44 0.0025 1 1 2.5 0.005 215 5 1 1 
0.04125 1.86679e-15 2.24208e-44 0.0025 1 1 2.5 0.005 216 5 1 1 
0.04375 1.39454e-15 2.24208e-44 0.0025 1 1 2.5 0.005 217 5 1 1 
0.04625 1.02297e-15 2.24208e-44 0.0025 1 1 2.5 0.005 218 5 1 1 
0.04875 7.86238e-16 2.24208e-44 0.0025 1 1 2.5 0.005 219 5 1 1 
0.05125 5.48336e-16 0 0.0025 1 1 2.5 0.005 220 5 1 1 
0.05375 3.95166e-16 5.68434e-14 0.0025 1 1 2.5 0.005 221 5 1 1 
0.05625 2.58223e-16 -5.68434e-14 0.0025 1 1 2.5 0.005 222 5 1 1 
0.05875 1.20643e-16 5.68434e-14 0.0025 1 1 2.5 0.005 223 5 1 1 
0.06125 9.18352e-47 1.12104e-44 0.0025 1 1 2.5 0.005 224 5 1 1 
0.06375 0 0 0.0025 1 1 2.5 0.005 225 5 1 1 
0.06625 0 0 0.0025 1 1 2.5 0.005 226 5 1 1 
0.06875 0 0 0.0025 1 1 2.5 0.005 227 5 1 1 
0.07125 0 0 0.0025 1 1 2.5 0.005 228 5 1 1 
0.07375 0 0 0.0025 1 1 2.5 0.005 229 5 1 1 
0.07625 0 0 0.0025 1 1 2.5 0.005 230 5 1 1 
0.07875 0 0 0.0025 1 1 2.5 0.005 231 5 1 1 
0.08125 0 0 0.0025 1 1 2.5 0.005 232 5 1 1 
0.08375 0 0 0.0025 1 1 2.5 0.005 233 5 1 1 
0.08625 0 0 0.0025 1 1 2.5 0.005 234 5 1 1 
0.08875 0 0 0.0025 1 1 2.5 0.005 235 5 1 1 
0.09125 0 0 0.0025 1 1 2.5 0.005 236 5 1 1 
0.09375 -7.32136e-46 -1.12104e-44 0.0025 1 1 2.5 0.005 237 5 1 1 
0.09625 -1.69188e-16 0 0.0025 1 1 2.5 0.005 238 5 1 1 
0.09875 -3.37357e-16 1.12104e-44 0.0025 1 1 2.5 0.005 239 5 1 1 
0.10125 1.53762e-15 5.68434e-14 0.0025 1 1 2.5 0.005 240 5 1 1 
0.10375 1.355e-15 6.72623e-44 0.0025 1 1 2.5 0.005 241 5 1 1 
0.10625 3.39263e-15 -1.34525e-43 0.0025 1 1 2.5 0.005 242 5 1 1 
0.10875 2.05889e-15 -5.68434e-14 0.0025 1 1 2.5 0.005 243 5 1 1 
0.11125 1.4839e-15 -1.23314e-43 0.0025 1 1 2.5 0.005 244 5 1 1 
0.11375 -1.54333e-15 -5.68434e-14 0.0025 1 1 2.5 0.005 245 5 1 1 
0.11625 5.79973e-16 1.7053e-13 0.0025 1 1 2.5 0.005 246 5 1 1 
0.11875 -2.41943e-15 2.27374e-13 0.0025 1 1 2.5 0.005 247 5 1 1 
0.12125 2.95178e-15 -3.41061e-13 0.0025 1 1 2.5 0.005 248 5 1 1 
0.12375 1.08729e-16 -1.7053e-13 0.0025 1 1 2.5 0.005 249 4 1 1 
0.12625 -1.08729e-16 1.7053e-13 0.0025 1 1 2.5 0.005 250 4 1 1 
0.12875 -2.95178e-15 3.41061e-13 0.0025 1 1 2.5 0.005 251 5 1 1 
0.13125 2.41943e-15 -2.27374e-13 0.0025 1 1 2.5 0.005 252 5 1 1 
0.13375 -5.79973e-16 -1.7053e-13 0.0025 1 1 2.5 0.005 253 5 1 1 
0.13625 1.54333e-15 5.68434e-14 0.0025 1 1 2.5 0.005 254 5 1 1 
0.13875 -1.4839e-15 1.23314e-43 0.0025 1 1 2.5 0.005 255 5 1 1 
0.14125 -2.05889e-15 5.68434e-14 0.0025 1 1 2.5 0.005 256 5 1 1 
0.14375 -3.39263e-15 1.34525e-43 0.0025 1 1 2.5 0.005 257 5 1 1 
0.14625 -1.355e-15 -6.72623e-44 0.0025 1 1 2.5 0.005 258 5 1 1 
0.14875 -1.53762e-15 -5.68434e-14 0.0025 1 1 2.5 0.005 259 5 1 1 
0.15125 3.37357e-16 -1.12104e-44 0.0025 1 1 2.5 0.005 260 5 1 1 
0.15375 1.69188e-16 0 0.0025 1 1 2.5 0.005 261 5 1 1 
0.15625 7.32136e-46 1.12104e-44 0.0025 1 1 2.5 0.005 262 5 1 1 
0.15875 0 0 0.0025 1 1 2.5 0.005 263 5 1 1 
0.16125 0 0 0.0025 1 1 2.5 0.005 264 5 1 1 
0.16375 0 0 0.0025 1 1 2.5 0.005 265 5 1 1 
0.16625 0 0 0.0025 1 1 2.5 0.005 266 5 1 1 
0.16875 0 0 0.0025 1 1 2.5 0.005 267 5 1 1 
0.17125 0 0 0.0025 1 1 2.5 0.005 268 5 1 1 
0.17375 0 0 0.0025 1 1 2.5 0.005 269 5 1 1 
0.17625 0 0 0.0025 1 1 2.5 0.005 270 5 1 1 
0.17875 0 0 0.0025 1 1 2.5 0.005 271 5 1 1 
0.18125 0 0 0.0025 1 1 2.5 0.005 272 5 1 1 
0.18375 0 0 0.0025 1 1 2.5 0.005 273 5 1 1 
0.18625 0 0 0.0025 1 1 2.5 0.005 274 5 1 1 
0.18875 0 0 0.0025 1 1 2.5 0.005 275 5 1 1 
0.19125 0 0 0.0025 1 1 2.5 0.005 276 5 1 1 
0.19375 0 0 0.0025 1 1 2.5 0.005 277 5 1 1 
0.19625 0 0 0.0025 1 1 2.5 0.005 278 5 1 1 
0.19875 0 0 0.0025 1 1 2.5 0.005 279 5 1 1 
0.20125 -3.35922e-46 -1.12104e-44 0.0025 1 1 2.5 0.005 280 5 1 1 
0.20375 -6.85718e-17 -1.12104e-44 0.0025 1 1 2.5 0.005 281 5 1 1 
0.20625 -2.05192e-16 0 0.0025 1 1 2.5 0.005 282 5 1 1 
0.20875 -3.75697e-16 0 0.0025 1 1 2.5 0.005 283 5 1 1 
0.21125 -5.45239e-16 1.12104e-44 0.0025 1 1 2.5 0.005 284 5 1 1 
0.21375 -6.79199e-16 1.12104e-44 0.0025 1 1 2.5 0.005 285 5 1 1 
0.21625 2.0483e-16 5.68434e-14 0.0025 1 1 2.5 0.005 286 5 1 1 
0.21875 4.1224e-17 5.68434e-14 0.0025 1 1 2.5 0.005 287 5 1 1 
0.22125 3.8408e-15 1.13687e-13 0.0025 1 1 2.5 0.005 288 5 1 1 
0.22375 2.38418e-15 1.13687e-13 0.0025 1 1 2.5 0.005 289 5 1 1 
0.22625 1.73886e-15 1.13687e-13 0.0025 1 1 2.5 0.005 290 5 1 1 
0.22875 -2.77261e-16 1.13687e-13 0.0025 1 1 2.5 0.005 291 5 1 1 
0.23125 3.68184e-15 5.68434e-14 0.0025 1 1 2.5 0.005 292 5 1 1 
0.23375 2.07758e-15 7.84727e-44 0.0025 1 1 2.5 0.005 293 5 1 1 
0.23625 2.83966e-15 -2.84217e-13 0.0025 1 1 2.5 0.005 294 5 1 1 
0.23875 -1.14043e-15 -2.27374e-13 0.0025 1 1 2.5 0.005 295 5 1 1 
0.24125 4.31834e-15 6.82121e-13 0.0025 1 1 2.5 0.005 296 5 1 1 
0.24375 -3.23439e-16 6.82121e-13 0.0025 1 1 2.5 0.005 297 5 1 1 
0.24625 2.66593e-16 -7.95808e-13 0.0025 1 1 2.5 0.005 298 5 1 1 
0.24875 -5.15276e-15 -6.25278e-13 0.0025 1 1 2.5 0.005 299 3 1 1 
0.25125 5.15276e-15 6.25278e-13 0.0025 1 1 2.5 0.005 300 3 1 1 
0.25375 -2.66593e-16 7.95808e-13 0.0025 1 1 2.5 0.005 301 5 1 1 
0.25625 3.23439e-16 -6.82121e-13 0.0025 1 1 2.5 0.005 302 5 1 1 
0.25875 -4.31834e-15 -6.82121e-13 0.0025 1 1 2.5 0.005 303 5 1 1 
0.26125 1.14043e-15 2.27374e-13 0.0025 1 1 2.5 0.005 304 5 1 1 
0.26375 -2.83966e-15 2.84217e-13 0.0025 1 1 2.5 0.005 305 5 1 1 
0.26625 -2.07758e-15 -7.84727e-44 0.0025 1 1 2.5 0.005 306 5 1 1 
0.26875 -3.68184e-15 -5.68434e-14 0.0025 1 1 2.5 0.005 307 5 1 1 
0.27125 2.77261e-16 -1.13687e-13 0.0025 1 1 2.5 0.005 308 5 1 1 
0.27375 -1.73886e-15 -1.13687e-13 0.0025 1 1 2.5 0.005 309 5 1 1 
0.27625 -2.38418e-15 -1.13687e-13 0.0025 1 1 2.5 0.005 310 5 1 1 
0.27875 -3.8408e-15 -1.13687e-13 0.0025 1 1 2.5 0.005 311 5 1 1 
0.28125 -2.39674e-17 -1.13687e-13 0.0025 1 1 2.5 0.005 312 5 1 1 
0.28375 5.42402e-17 1.25056e-12 0.0025 1 1 2.5 0.005 313 5 1 1 
0.28625 -1.00262e-14 -3.06954e-11 0.0025 1 1 2.5 0.005 314 4 1 1 
0.28875 -1.35805e-13 -1.42109e-10 0.0025 1 1 2.5 0.005 315 4 1 1 
0.29125 -7.50451e-13 -8.43613e-10 0.0025 1 1 2.5 0.005 316 4 1 1 
0.29375 -3.86111e-12 -3.80015e-09 0.0025 1 1 2.5 0.005 317 4 1 1 
0.29625 -1.76566e-11 -1.62123e-08 0.0025 1 1 2.5 0.005 318 4 1 1 
0.29875 -7.35332e-11 -6.30401e-08 0.0025 1 1 2.5 0.005 319 4 1 1 
0.30125 -2.83583e-10 -2.28524e-07 0.0025 1 1 2.5 0.005 320 4 1 1 
0.30375 -1.02233e-09 -7.77387e-07 0.0025 1 1 2.5 0.005 321 4 1 1 
0.30625 -3.46938e-09 -2.49534e-06 0.0025 1 1 2.5 0.005 322 4 1 1 
0.30875 -1.11377e-08 -7.58923e-06 0.0025 1 1 2.5 0.005 323 4 1 1 
0.31125 -3.39517e-08 -2.19371e-05 0.0025 1 1 2.5 0.005 324 4 1 1 
0.31375 -9.85641e-08 -6.04133e-05 0.0025 1 1 2.5 0.005 325 4 1 1 
0.31625 -2.7313e-07 -0.000158811 0.0025 1 1 2.5 0.005 326 4 1 1 
0.31875 -7.23795e-07 -0.000399091 0.0025 1 1 2.5 0.005 327 4 1 1 
0.32125 -1.83701e-06 -0.000959896 0.0025 1 1 2.5 0.00499999 328 4 1 1 
0.32375 -4.47078e-06 -0.00221176 0.0025 1 1 2.5 0.00499998 329 4 1 1 
0.32625 -1.04441e-05 -0.00488568 0.0025 1.00001 1.00001 2.50001 0.00499996 330 4 1 1 
0.32875 -2.34383e-05 -0.0103517 0.0025 1.00002 1.00002 2.50002 0.00499991 331 4 1 1 
0.33125 -5.05637e-05 -0.0210448 0.0025 1.00004 1.00005 2.50004 0.00499981 332 4 1 1 
0.33375 -0.000104914 -0.041058 0.0025 1.00008 1.00011 2.50008 0.0049996 333 4 1 1 
0.336249 -0.000209448 -0.0768671 0.0025 1.00016 1.00022 2.50016 0.0049992 334 4 1 1 
0.338749 -0.000402404 -0.138045 0.0025 1.00031 1.00043 2.50031 0.00499846 335 4 1 1 
0.341248 -0.000744047 -0.237634 0.0025 1.00057 1.0008 2.50057 0.00499714 336 4 1 0.999999 
0.343746 -0.00132368 -0.391582 0.0025 1.00102 1.00142 2.50101 0.00499491 337 4 1 0.999998 
0.346243 -0.00226444 -0.616352 0.0025 1.00175 1.00244 2.50174 0.00499126 338 4 1 0.999996 
0.348737 -0.00372124 -0.923708 0.0025 1.00289 1.00403 2.50287 0.00498561 339 4 1 0.999991 
0.351228 -0.00586562 -1.31218 0.0025 1.00457 1.00639 2.50455 0.00497726 340 4 1 0.999982 
0.353715 -0.00885112 -1.75662 0.0025 1.00693 1.0097 2.50691 0.00496558 341 4 1 0.999969 
0.356194 -0.0127583 -2.20051 0.0025 1.01006 1.01409 2.51003 0.00495022 342 4 1 0.999954 
0.358665 -0.0175308 -2.55878 0.0025 1.01392 1.01954 2.51388 0.00493133 343 4 1 0.999941 
0.361125 -0.0229293 -2.73657 0.0025 1.01838 1.02583 2.51831 0.00490978 344 4 1 0.999937 
0.363575 -0.0285343 -2.66316 0.0025 1.0231 1.03252 2.52301 0.0048871 345 4 1 0.999944 
0.366013 -0.0338013 -2.28516 0.0025 1.02766 1.03898 2.52752 0.00486544 346 4 1 0.999964 
0.36844 -0.0381134 -1.64544 0.0025 1.03144 1.04437 2.53127 0.0048476 347 4 1 1.00001 
0.37086 -0.0401594 0.357655 0.0025 1.03235 1.04585 2.5323 0.00484332 348 3 1 1 
0.373283 -0.030873 10.4552 0.0025 1.02297 1.03274 2.52323 0.00488771 349 4 1 0.999958 
0.375748 -0.00157352 15.4833 0.0025 1.00186 1.00269 2.50205 0.0049907 350 4 1 0.99896 
0.378275 0.0237395 8.03575 0.0025 0.981916 0.974564 2.48173 0.00509208 351 4 1 0.998713 
0.380841 0.0366633 5.08455 0.0025 0.96909 0.956989 2.46885 0.00515948 352 4 1 0.999456 
0.383435 0.0513771 8.17267 0.0025 0.956387 0.939616 2.45599 0.00522801 353 4 1 0.999564 
0.386069 0.0719723 9.68153 0.0025 0.940376 0.917606 2.43943 0.00531702 354 4 1 0.999244 
0.388752 0.0936678 9.21905 0.0025 0.92328 0.894289 2.42154 0.00541548 355 4 1 0.999055 
0.391485 0.114877 8.93886 0.0025 0.906467 0.871583 2.40382 0.00551592 356 4 1 0.999053 
0.394269 0.136505 9.03523 0.0025 0.889664 0.849058 2.3859 0.0056201 357 4 1 0.999029 
0.397106 0.158859 9.11515 0.0025 0.872616 0.826368 2.36751 0.0057299 358 4 1 0.998965 
0.399999 0.181762 9.10441 0.0025 0.855378 0.803605 2.3487 0.00584537 359 4 1 0.998899 
0.402952 0.205247 9.08907 0.0025 0.838015 0.780862 2.32951 0.00596648 360 4 1 0.998839 
0.405966 0.229258 9.08529 0.0025 0.820525 0.758143 2.30995 0.00609366 361 4 1 0.998776 
0.409046 0.253887 9.05313 0.0025 0.80292 0.735469 2.29 0.00622727 362 4 1 0.998707 
0.412194 0.279107 9.03419 0.0025 0.785208 0.712858 2.26966 0.00636774 363 4 1 0.998637 
0.415415 0.304901 9.00616 0.0025 0.767388 0.690313 2.24892 0.00651561 364 4 1 0.99856 
0.418711 0.331297 8.93557 0.0025 0.7495 0.667892 2.22781 0.00667112 365 4 1 0.998481 
0.422087 0.358305 8.87774 0.0025 0.731571 0.645634 2.20634 0.0068346 366 4 1 0.998404 
0.425547 0.38583 8.77307 0.0025 0.713641 0.623591 2.18456 0.00700632 367 4 1 0.998325 
0.429094 0.413848 8.64166 0.0025 0.695788 0.601862 2.16254 0.00718609 368 4 1 0.998255 
0.432734 0.442098 8.41977 0.0025 0.678144 0.580604 2.14044 0.00737306 369 4 1 0.998203 
0.436469 0.470263 8.04526 0.0025 0.660962 0.560113 2.11858 0.00756473 370 4 1 0.998194 
0.4403 0.49776 7.52798 0.0025 0.644561 0.540752 2.0974 0.00775722 371 4 1 0.998253 
0.444227 0.523738 6.77227 0.0025 0.62934 0.52296 2.07745 0.00794482 372 4 1 0.998393 
0.448246 0.547399 5.88337 0.0025 0.615665 0.507122 2.05928 0.0081213 373 4 1 0.998619 
0.45235 0.568468 5.15076 0.0025 0.603498 0.493155 2.04292 0.00828504 374 4 1 0.998855 
0.456532 0.588389 5.07667 0.0025 0.592054 0.480124 2.02736 0.00844518 375 4 1 0.998978 
0.460796 0.609838 5.69453 0.0025 0.580102 0.466615 2.01091 0.00861918 376 4 1 0.998887 
0.465152 0.634083 6.01901 0.0025 0.567342 0.452304 1.9931 0.00881303 377 4 1 0.99866 
0.46961 0.657795 5.04743 0.0025 0.555342 0.438956 1.97612 0.00900347 378 4 1 0.99867 
0.474157 0.67495 2.69536 0.0025 0.546747 0.429469 1.96383 0.009145 379 4 1 0.999202 
0.478755 0.680973 0.079796 0.0025 0.543152 0.425535 1.95868 0.00920552 380 4 1 0.999834 
0.483362 0.680143 -0.128896 0.0025 0.542788 0.425154 1.9582 0.00921169 381 5 1 0.999997 
0.487967 0.679741 -0.196276 0.0025 0.543076 0.425476 1.95864 0.00920681 382 4 1 0.999998 
0.492569 0.678821 -0.213216 0.0025 0.543463 0.425904 1.95922 0.00920027 383 4 1 0.999998 
0.497167 0.677888 -0.199103 0.0025 0.543927 0.42642 1.95991 0.00919241 384 4 1 0.999998 
0.501762 0.677052 -0.166376 0.0025 0.544364 0.426907 1.96057 0.00918502 385 4 1 0.999999 
0.506352 0.676365 -0.130283 0.0025 0.544733 0.427318 1.96114 0.00917881 386 4 1 0.999999 
0.51094 0.675823 -0.099773 0.0025 0.545024 0.427646 1.96159 0.00917391 387 4 1 1 
0.515526 0.675409 -0.0766689 0.0025 0.545246 0.4279 1.96196 0.00917017 388 4 1 1 
0.520111 0.675092 -0.0590667 0.0025 0.545414 0.428095 1.96225 0.00916735 389 4 1 1 
0.524694 0.674843 -0.0464862 0.0025 0.545538 0.428245 1.96249 0.00916526 390 4 1 1 
0.529276 0.674644 -0.0381979 0.0025 0.545632 0.428364 1.96269 0.00916368 391 4 1 1 
0.533857 0.674478 -0.0326453 0.0025 0.545704 0.42846 1.96288 0.00916248 392 4 1 1 
0.538438 0.674334 -0.0287245 0.0025 0.545757 0.428541 1.96306 0.00916158 393 4 1 1 
0.543019 0.674206 -0.0258104 0.0025 0.545786 0.428601 1.96323 0.00916109 394 3 1 1 
0.547599 0.67409 -0.0233699 0.0025 0.545737 0.428603 1.96341 0.00916192 395 4 1 1 
0.552181 0.673985 -0.0210914 0.0025 0.545365 0.4284 1.96382 0.00916818 396 4 1 0.999999 
0.556768 0.673891 -0.0188376 0.0025 0.543781 0.426696 1.96171 0.00919488 397 4 1 0.999988 
0.561376 0.673806 -0.0165887 0.0025 0.530693 0.411272 1.93743 0.00942164 398 4 1 0.999674 
0.566194 0.673725 -0.0143757 0.0025 0.506643 0.439969 2.171 0.00986889 399 4 1 0.994718 
0.571252 0.673647 -0.0123248 0.0025 0.481133 0.415372 2.1583 0.0103921 400 4 1 0.993709 
0.576596 0.673573 -0.010464 0.0025 0.458668 0.449832 2.45184 0.0109011 401 4 1 0.993703 
0.582158 0.673503 -0.00876195 0.0025 0.450068 0.430393 2.39071 0.0111094 402 5 1 0.998662 
0.587705 0.673438 -0.0070686 0.0025 0.451674 0.428734 2.37303 0.0110699 403 4 1 0.999967 
0.593228 0.673376 -0.0049936 0.0025 0.453302 0.428698 2.36431 0.0110302 404 4 1 0.999986 
0.598735 0.67331 -0.00173483 0.0025 0.454387 0.428831 2.35939 0.0110038 405 4 1 0.999995 
0.604232 0.673221 0.00533304 0.0025 0.455065 0.428886 2.35618 0.0109874 406 4 1 0.999998 
0.609723 0.673058 0.0250253 0.0025 0.455459 0.428828 2.35382 0.0109779 407 4 1 1 
0.61521 0.67265 0.086893 0.0025 0.45554 0.428518 2.3517 0.010976 408 3 1 1 
0.620699 0.671466 0.269649 0.0025 0.454998 0.427497 2.34888 0.0109891 409 4 1 0.999999 
0.626199 0.668012 0.796397 0.0025 0.45294 0.424559 2.34333 0.011039 410 4 1 0.999966 
0.631738 0.658909 2.01495 0.0025 0.447365 0.417074 2.33066 0.0111766 411 4 1 0.999721 
0.637377 0.636323 4.84405 0.0025 0.434751 0.400485 2.30285 0.0115008 412 4 1 0.998479 
0.643244 0.589762 9.31878 0.0025 0.410757 0.369416 2.24818 0.0121726 413 4 1 0.99421 
0.649569 0.49269 20.717 0.0025 0.369915 0.317622 2.14639 0.0135166 414 4 1 0.984147 
0.656841 0.309549 31.3855 0.0025 0.318072 0.254721 2.00216 0.0157197 415 4 1 0.965862 
0.66545 0.117658 22.6175 0.0025 0.276113 0.207041 1.8749 0.0181085 416 4 1 0.961432 
0.675047 0.0214557 7.07479 0.0025 0.255972 0.185577 1.81266 0.0195334 417 4 1 0.984685 
0.684998 0.000687398 0.741301 0.0025 0.250606 0.180105 1.79674 0.0199516 418 4 1 0.998435 
0.694999 -0.000307965 -0.0757173 0.0025 0.249971 0.17947 1.79491 0.0200023 419 5 1 0.999975 
0.705 -1.00492e-06 -0.00915584 0.0025 0.249992 0.179492 1.79498 0.0200006 420 4 1 1 
0.715 5.73866e-06 0.000915351 0.0025 0.250001 0.179501 1.795 0.0199999 421 3 1 1 
0.725 1.48771e-06 0.000328148 0.0025 0.25 0.1795 1.795 0.02 422 4 1 1 
0.735 3.08678e-07 7.58199e-05 0.0025 0.25 0.1795 1.795 0.02 423 4 1 1 
0.745 5.83994e-08 1.52739e-05 0.0025 0.25 0.1795 1.795 0.02 424 4 1 1 
0.755 1.02708e-08 2.85053e-06 0.0025 0.25 0.1795 1.795 0.02 425 4 1 1 
0.765 1.68003e-09 4.95132e-07 0.0025 0.25 0.1795 1.795 0.02 426 4 1 1 
0.775 2.55014e-10 7.98569e-08 0.0025 0.25 0.1795 1.795 0.02 427 4 1 1 
0.785 3.58129e-11 1.19259e-08 0.0025 0.25 0.1795 1.795 0.02 428 4 1 1 
0.795 4.62054e-12 1.64169e-09 0.0025 0.25 0.1795 1.795 0.02 429 4 1 1 
0.805 5.49858e-13 2.07535e-10 0.0025 0.25 0.1795 1.795 0.02 430 4 1 1 
0.815 5.25943e-14 2.58922e-11 0.0025 0.25 0.1795 1.795 0.02 431 4 1 1 
0.825 2.32528e-15 1.00897e-12 0.0025 0.25 0.1795 1.795 0.02 432 5 1 1 
0.835 2.84768e-16 1.42109e-13 0.0025 0.25 0.1795 1.795 0.02 433 5 1 1 
0.845 6.29671e-47 3.36312e-44 0.0025 0.25 0.1795 1.795 0.02 434 5 1 1 
0.855 4.2554e-48 2.8026e-45 0.0025 0.25 0.1795 1.795 0.02 435 5 1 1 
0.865 0 0 0.0025 0.25 0.1795 1.795 0.02 436 5 1 1 
0.875 0 0 0.0025 0.25 0.1795 1.795 0.02 437 5 1 1 
0.885 0 0 0.0025 0.25 0.1795 1.795 0.02 438 5 1 1 
0.895 -1.61629e-47 -2.8026e-45 0.0025 0.25 0.1795 1.795 0.02 439 5 1 1 
0.905 -8.31871e-47 -5.60519e-45 0.0025 0.25 0.1795 1.795 0.02 440 5 1 1 
0.915 -1.9393e-16 -1.42109e-14 0.0025 0.25 0.1795 1.795 0.02 441 5 1 1 
0.925 -6.36585e-16 -2.84217e-14 0.0025 0.25 0.1795 1.795 0.02 442 5 1 1 
0.935 -1.41649e-15 -2.84217e-14 0.0025 0.25 0.1795 1.795 0.02 443 5 1 1 
0.945 -2.84868e-15 -4.26326e-14 0.0025 0.25 0.1795 1.795 0.02 444 5 1 1 
0.955 -5.19857e-15 1.42109e-14 0.0025 0.25 0.1795 1.795 0.02 445 5 1 1 
0.965 -5.5898e-15 1.7053e-13 0.0025 0.25 0.1795 1.795 0.02 446 5 1 1 
0.975 -1.17017e-14 2.55795e-13 0.0025 0.25 0.1795 1.795 0.02 447 5 1 1 
0.985 1.03833e-14 -1.98952e-13 0.0025 0.25 0.1795 1.795 0.02 448 5 1 1 
0.995 2.67823e-16 -1.56319e-13 0.0025 0.25 0.1795 1.795 0.02 449 3 1 1 
1.005 -2.67823e-16 1.56319e-13 0.0025 0.25 0.1795 1.795 0.02 450 3 1 1 
1.015 -1.03833e-14 1.98952e-13 0.0025 0.25 0.1795 1.795 0.02 451 5 1 1 
1.025 1.17017e-14 -2.55795e-13 0.0025 0.25 0.1795 1.795 0.02 452 5 1 1 
1.035 5.5898e-15 -1.7053e-13 0.0025 0.25 0.1795 1.795 0.02 453 5 1 1 
1.045 5.19857e-15 -1.42109e-14 0.0025 0.25 0.1795 1.795 0.02 454 5 1 1 
1.055 2.84868e-15 4.26326e-14 0.0025 0.25 0.1795 1.795 0.02 455 5 1 1 
1.065 1.41649e-15 2.84217e-14 0.0025 0.25 0.1795 1.795 0.02 456 5 1 1 
1.075 6.36585e-16 2.84217e-14 0.0025 0.25 0.1795 1.795 0.02 457 5 1 1 
1.085 1.9393e-16 1.42109e-14 0.0025 0.25 0.1795 1.795 0.02 458 5 1 1 
1.095 8.31871e-47 5.60519e-45 0.0025 0.25 0.1795 1.795 0.02 459 5 1 1 
1.105 1.61629e-47 2.8026e-45 0.0025 0.25 0.1795 1.795 0.02 460 5 1 1 
1.115 0 0 0.0025 0.25 0.1795 1.795 0.02 461 5 1 1 
1.125 0 0 0.0025 0.25 0.1795 1.795 0.02 462 5 1 1 
1.135 0 0 0.0025 0.25 0.1795 1.795 0.02 463 5 1 1 
1.145 -5.95771e-48 -2.8026e-45 0.0025 0.25 0.1795 1.795 0.02 464 5 1 1 
1.155 -6.8069e-47 -2.8026e-44 0.0025 0.25 0.1795 1.795 0.02 465 5 1 1 
1.165 -2.71823e-16 -1.27898e-13 0.0025 0.25 0.1795 1.795 0.02 466 5 1 1 
1.175 -2.31202e-15 -1.08002e-12 0.0025 0.25 0.1795 1.795 0.02 467 5 1 1 
1.185 -5.01546e-14 -2.50111e-11 0.0025 0.25 0.1795 1.795 0.02 468 4 1 1 
1.195 -5.50339e-13 -2.0772e-10 0.0025 0.25 0.1795 1.795 0.02 469 4 1 1 
1.205 -4.62794e-12 -1.64198e-09 0.0025 0.25 0.1795 1.795 0.02 470 4 1 1 
1.215 -3.58024e-11 -1.19261e-08 0.0025 0.25 0.1795 1.795 0.02 471 4 1 1 
1.225 -2.55029e-10 -7.98568e-08 0.0025 0.25 0.1795 1.795 0.02 472 4 1 1 
1.235 -1.68004e-09 -4.95134e-07 0.0025 0.25 0.1795 1.795 0.02 473 4 1 1 
1.245 -1.02708e-08 -2.85052e-06 0.0025 0.25 0.1795 1.795 0.02 474 4 1 1 
1.255 -5.83994e-08 -1.52739e-05 0.0025 0.25 0.1795 1.795 0.02 475 4 1 1 
1.265 -3.08678e-07 -7.58199e-05 0.0025 0.25 0.1795 1.795 0.02 476 4 1 1 
1.275 -1.48771e-06 -0.000328148 0.0025 0.25 0.1795 1.795 0.02 477 4 1 1 
1.285 -5.73866e-06 -0.000915351 0.0025 0.250001 0.179501 1.795 0.0199999 478 3 1 1 
1.295 1.00492e-06 0.00915584 0.0025 0.249992 0.179492 1.79498 0.0200006 479 4 1 1 
1.305 0.000307965 0.0757173 0.0025 0.249971 0.17947 1.79491 0.0200023 480 5 1 0.999975 
1.315 -0.000687398 -0.741301 0.0025 0.250606 0.180105 1.79674 0.0199516 481 4 1 0.998435 
1.32495 -0.0214557 -7.07479 0.0025 0.255972 0.185577 1.81266 0.0195334 482 4 1 0.984685 
1.33455 -0.117658 -22.6175 0.0025 0.276113 0.207041 1.8749 0.0181085 483 4 1 0.961432 
1.34316 -0.309549 -31.3855 0.0025 0.318072 0.254721 2.00216 0.0157197 484 4 1 0.965862 
1.35043 -0.49269 -20.717 0.0025 0.369915 0.317622 2.14639 0.0135166 485 4 1 0.984147 
1.35676 -0.589762 -9.31878 0.0025 0.410757 0.369416 2.24818 0.0121726 486 4 1 0.99421 
1.36262 -0.636323 -4.84405 0.0025 0.434751 0.400485 2.30285 0.0115008 487 4 1 0.998479 
1.36826 -0.658909 -2.01495 0.0025 0.447365 0.417074 2.33066 0.0111766 488 4 1 0.999721 
1.3738 -0.668012 -0.796397 0.0025 0.45294 0.424559 2.34333 0.011039 489 4 1 0.999966 
1.3793 -0.671466 -0.269649 0.0025 0.454998 0.427497 2.34888 0.0109891 490 4 1 0.999999 
1.38479 -0.67265 -0.086893 0.0025 0.45554 0.428518 2.3517 0.010976 491 3 1 1 
1.39028 -0.673058 -0.0250253 0.0025 0.455459 0.428828 2.35382 0.0109779 492 4 1 1 
1.39577 -0.673221 -0.00533304 0.0025 0.455065 0.428886 2.35618 0.0109874 493 4 1 0.999998 
1.40126 -0.67331 0.00173483 0.0025 0.454387 0.428831 2.35939 0.0110038 494 4 1 0.999995 
1.40677 -0.673376 0.0049936 0.0025 0.453302 0.428698 2.36431 0.0110302 495 4 1 0.999986 
1.41229 -0.673438 0.0070686 0.0025 0.451674 0.428734 2.37303 0.0110699 496 4 1 0.999967 
1.41784 -0.673503 0.00876195 0.0025 0.450068 0.430393 2.39071 0.0111094 497 5 1 0.998662 
1.4234 -0.673573 0.010464 0.0025 0.458668 0.449832 2.45184 0.0109011 498 4 1 0.993703 
1.42875 -0.673647 0.0123248 0.0025 0.481133 0.415372 2.1583 0.0103921 499 4 1 0.993709 
