# Time [s]: 0.104019
# Columns: pos [m], vel [m/s], acc [m/s^2], mass [kg], dens [kg/m^3], pres [Pa], ene [J/kg], sml [m], id, neighbor, alpha, gradh, ...additional?
1.43217 -0.673691 0.013543 0.0025 0.506662 0.439993 2.17104 0.00986851 0 4 1 0.994717 
1.43699 -0.673767 0.0156026 0.0025 0.530715 0.411296 1.93746 0.00942125 1 4 1 0.999673 
1.44159 -0.673847 0.0176686 0.0025 0.543806 0.426723 1.96175 0.00919446 2 4 1 0.999988 
1.44618 -0.673936 0.0198121 0.0025 0.545393 0.428431 1.96386 0.00916771 3 4 1 0.999999 
1.45076 -0.674035 0.0220464 0.0025 0.545768 0.428637 1.96346 0.0091614 4 4 1 1 
1.45534 -0.674145 0.0244258 0.0025 0.545821 0.428639 1.96328 0.00916052 5 3 1 1 
1.45992 -0.674266 0.0271472 0.0025 0.545796 0.428583 1.96311 0.00916094 6 4 1 1 
1.4645 -0.674401 0.03052 0.0025 0.545747 0.428508 1.96294 0.00916175 7 4 1 1 
1.46908 -0.674555 0.0351099 0.0025 0.545683 0.428419 1.96277 0.00916283 8 4 1 1 
1.47367 -0.674736 0.0420397 0.0025 0.5456 0.428313 1.96258 0.00916423 9 4 1 1 
1.47825 -0.674956 0.0523923 0.0025 0.54549 0.428179 1.96236 0.00916606 10 4 1 1 
1.48283 -0.675235 0.0668014 0.0025 0.545345 0.428009 1.9621 0.0091685 11 4 1 1 
1.48742 -0.675597 0.0868187 0.0025 0.545153 0.427788 1.96178 0.00917174 12 4 1 1 
1.492 -0.676068 0.114115 0.0025 0.544899 0.427501 1.96138 0.00917602 13 4 1 0.999999 
1.49659 -0.676672 0.14639 0.0025 0.544572 0.427135 1.96087 0.00918152 14 4 1 0.999999 
-0.498814 -0.677427 0.179577 0.0025 0.544173 0.42669 1.96027 0.00918826 15 4 1 0.999998 
-0.494218 -0.678313 0.205128 0.0025 0.543726 0.426194 1.9596 0.00919581 16 4 1 0.999998 
-0.489619 -0.679224 0.217254 0.0025 0.543286 0.425706 1.95894 0.00920325 17 4 1 0.999998 
-0.485015 -0.679929 0.0963821 0.0025 0.54298 0.425367 1.95848 0.00920843 18 4 1 0.999999 
-0.48041 -0.680504 0.318509 0.0025 0.542806 0.425163 1.9582 0.0092114 19 5 1 0.999973 
-0.475804 -0.67957 -1.13955 0.0025 0.544222 0.426699 1.9602 0.00918742 20 4 1 0.999612 
-0.471223 -0.668585 -3.77996 0.0025 0.549922 0.432964 1.96837 0.0090922 21 4 1 0.998952 
-0.466711 -0.648235 -5.54827 0.0025 0.560134 0.444272 1.98292 0.00892644 22 4 1 0.998641 
-0.462295 -0.624021 -5.93029 0.0025 0.572581 0.458164 2.00043 0.00873239 23 4 1 0.998778 
-0.457977 -0.601013 -5.34343 0.0025 0.584947 0.472078 2.0176 0.00854778 24 4 1 0.998972 
-0.453746 -0.580688 -4.95674 0.0025 0.596437 0.485102 2.03334 0.00838311 25 4 1 0.998984 
-0.449594 -0.560936 -5.28366 0.0025 0.607847 0.498133 2.04879 0.00822576 26 4 1 0.998818 
-0.44552 -0.539364 -6.08791 0.0025 0.620289 0.51246 2.06545 0.00806076 27 4 1 0.99859 
-0.441532 -0.515305 -6.90148 0.0025 0.634245 0.528674 2.08391 0.00788338 28 4 1 0.998401 
-0.437635 -0.48923 -7.5561 0.0025 0.649581 0.546656 2.10391 0.00769727 29 4 1 0.998294 
-0.433833 -0.462073 -8.00808 0.0025 0.665926 0.566011 2.12493 0.00750834 30 4 1 0.998265 
-0.430126 -0.434434 -8.29438 0.0025 0.6829 0.58631 2.14642 0.00732172 31 4 1 0.998287 
-0.42651 -0.406815 -8.49165 0.0025 0.700225 0.607239 2.16804 0.00714057 32 4 1 0.998344 
-0.422984 -0.37954 -8.59636 0.0025 0.717707 0.628569 2.18952 0.00696663 33 4 1 0.998411 
-0.419542 -0.352725 -8.69719 0.0025 0.73524 0.65017 2.21076 0.0068005 34 4 1 0.998485 
-0.416182 -0.326484 -8.75139 0.0025 0.752767 0.67197 2.23168 0.00664216 35 4 1 0.998561 
-0.412899 -0.300767 -8.7906 0.0025 0.770231 0.693895 2.25225 0.00649156 36 4 1 0.998634 
-0.40969 -0.27562 -8.83221 0.0025 0.78762 0.715924 2.27244 0.00634824 37 4 1 0.998702 
-0.40655 -0.251075 -8.86179 0.0025 0.804924 0.738039 2.29228 0.00621177 38 4 1 0.99877 
-0.403477 -0.227063 -8.87004 0.0025 0.82212 0.760205 2.31174 0.00608184 39 4 1 0.998832 
-0.400468 -0.203642 -8.89567 0.0025 0.839205 0.782413 2.33083 0.00595802 40 4 1 0.998894 
-0.397518 -0.180734 -8.88467 0.0025 0.856166 0.804639 2.34956 0.00583999 41 4 1 0.998949 
-0.394627 -0.158332 -8.90611 0.0025 0.872998 0.826873 2.36792 0.00572739 42 4 1 0.999007 
-0.39179 -0.136491 -8.86059 0.0025 0.889677 0.849075 2.38592 0.00562002 43 4 1 0.99907 
-0.389006 -0.115337 -8.73567 0.0025 0.906118 0.871115 2.40344 0.00551805 44 4 1 0.999101 
-0.386272 -0.0946699 -8.90968 0.0025 0.922486 0.893212 2.42071 0.00542013 45 4 1 0.999093 
-0.383586 -0.0735923 -9.46545 0.0025 0.939166 0.915938 2.43815 0.00532387 46 4 1 0.999228 
-0.380948 -0.0529637 -8.46369 0.0025 0.95519 0.937967 2.45476 0.00523456 47 4 1 0.999552 
-0.378351 -0.0374862 -5.25842 0.0025 0.968103 0.955668 2.46787 0.00516474 48 4 1 0.999552 
-0.375783 -0.0257494 -6.63427 0.0025 0.979941 0.971833 2.47973 0.00510235 49 4 1 0.998906 
-0.373248 -0.00370744 -14.303 0.0025 0.998074 0.997293 2.49818 0.00500965 50 4 1 0.998806 
-0.370772 0.026458 -12.2859 0.0025 1.01968 1.02805 2.51996 0.00490352 51 4 1 0.999871 
-0.368344 0.0394769 -1.39633 0.0025 1.03135 1.04448 2.53136 0.004848 52 4 1 1.00001 
-0.365924 0.0383914 1.38149 0.0025 1.03168 1.04473 2.53151 0.00484644 53 3 1 1.00001 
-0.363498 0.034439 2.14215 0.0025 1.02825 1.03983 2.52811 0.00486262 54 4 1 0.999972 
-0.361062 0.0294297 2.5476 0.0025 1.02389 1.03364 2.52379 0.00488332 55 4 1 0.999949 
-0.358614 0.0239702 2.68435 0.0025 1.01926 1.02709 2.5192 0.0049055 56 4 1 0.99994 
-0.356156 0.018596 2.56434 0.0025 1.01481 1.02079 2.51476 0.00492703 57 4 1 0.999942 
-0.353687 0.0137445 2.25231 0.0025 1.01086 1.01523 2.51083 0.00494628 58 4 1 0.999953 
-0.35121 0.00968997 1.83529 0.0025 1.00761 1.01065 2.50758 0.00496226 59 4 1 0.999967 
-0.348725 0.00652868 1.39874 0.0025 1.0051 1.00713 2.50508 0.00497465 60 4 1 0.99998 
-0.346235 0.00421266 1.00414 0.0025 1.00327 1.00457 2.50326 0.00498369 61 4 1 0.999989 
-0.343741 0.00260837 0.683086 0.0025 1.00202 1.00282 2.50201 0.00498992 62 4 1 0.999995 
-0.341245 0.00155221 0.442407 0.0025 1.0012 1.00167 2.50119 0.00499402 63 4 1 0.999998 
-0.338747 0.000888766 0.273738 0.0025 1.00068 1.00095 2.50068 0.00499658 64 4 1 0.999999 
-0.336249 0.000489986 0.162197 0.0025 1.00038 1.00052 2.50037 0.00499812 65 4 1 1 
-0.333749 0.000260187 0.0921741 0.0025 1.0002 1.00028 2.5002 0.004999 66 4 1 1 
-0.33125 0.000133084 0.0502841 0.0025 1.0001 1.00014 2.5001 0.00499949 67 4 1 1 
-0.32875 6.5561e-05 0.026346 0.0025 1.00005 1.00007 2.50005 0.00499975 68 4 1 1 
-0.32625 3.10969e-05 0.0132597 0.0025 1.00002 1.00003 2.50002 0.00499988 69 4 1 1 
-0.32375 1.41956e-05 0.00641006 0.0025 1.00001 1.00002 2.50001 0.00499995 70 4 1 1 
-0.32125 6.23322e-06 0.00297575 0.0025 1 1.00001 2.5 0.00499998 71 4 1 1 
-0.31875 2.63083e-06 0.00132605 0.0025 1 1 2.5 0.00499999 72 4 1 1 
-0.31625 1.06642e-06 0.000566893 0.0025 1 1 2.5 0.005 73 4 1 1 
-0.31375 4.14731e-07 0.000232323 0.0025 1 1 2.5 0.005 74 4 1 1 
-0.31125 1.54549e-07 9.1182e-05 0.0025 1 1 2.5 0.005 75 4 1 1 
-0.30875 5.51008e-08 3.42308e-05 0.0025 1 1 2.5 0.005 76 4 1 1 
-0.30625 1.87593e-08 1.22729e-05 0.0025 1 1 2.5 0.005 77 4 1 1 
-0.30375 6.0844e-09 4.19411e-06 0.0025 1 1 2.5 0.005 78 4 1 1 
-0.30125 1.87438e-09 1.36275e-06 0.0025 1 1 2.5 0.005 79 4 1 1 
-0.29875 5.46335e-10 4.19693e-07 0.0025 1 1 2.5 0.005 80 4 1 1 
-0.29625 1.49905e-10 1.21946e-07 0.0025 1 1 2.5 0.005 81 4 1 1 
-0.29375 3.84164e-11 3.32833e-08 0.0025 1 1 2.5 0.005 82 4 1 1 
-0.29125 9.14261e-12 8.4392e-09 0.0025 1 1 2.5 0.005 83 4 1 1 
-0.28875 1.96683e-12 1.97923e-09 0.0025 1 1 2.5 0.005 84 4 1 1 
-0.28625 3.77536e-13 4.00746e-10 0.0025 1 1 2.5 0.005 85 4 1 1 
-0.28375 6.74237e-14 9.66907e-11 0.0025 1 1 2.5 0.005 86 4 1 1 
-0.28125 1.4518e-15 3.06954e-12 0.0025 1 1 2.5 0.005 87 5 1 1 
-0.27875 1.728e-16 5.68434e-13 0.0025 1 1 2.5 0.005 88 5 1 1 
-0.27625 3.40788e-47 1.12104e-43 0.0025 1 1 2.5 0.005 89 5 1 1 
-0.27375 0 0 0.0025 1 1 2.5 0.005 90 5 1 1 
-0.27125 0 0 0.0025 1 1 2.5 0.005 91 5 1 1 
-0.26875 0 0 0.0025 1 1 2.5 0.005 92 5 1 1 
-0.26625 0 0 0.0025 1 1 2.5 0.005 93 5 1 1 
-0.26375 0 0 0.0025 1 1 2.5 0.005 94 5 1 1 
-0.26125 0 0 0.0025 1 1 2.5 0.005 95 5 1 1 
-0.25875 0 0 0.0025 1 1 2.5 0.005 96 5 1 1 
-0.25625 0 0 0.0025 1 1 2.5 0.005 97 5 1 1 
-0.25375 0 0 0.0025 1 1 2.5 0.005 98 5 1 1 
-0.25125 0 0 0.0025 1 1 2.5 0.005 99 5 1 1 
-0.24875 0 0 0.0025 1 1 2.5 0.005 100 5 1 1 
-0.24625 0 0 0.0025 1 1 2.5 0.005 101 5 1 1 
-0.24375 0 0 0.0025 1 1 2.5 0.005 102 5 1 1 
-0.24125 0 0 0.0025 1 1 2.5 0.005 103 5 1 1 
-0.23875 0 0 0.0025 1 1 2.5 0.005 104 5 1 1 
-0.23625 0 0 0.0025 1 1 2.5 0.005 105 5 1 1 
-0.23375 0 0 0.0025 1 1 2.5 0.005 106 5 1 1 
-0.23125 0 0 0.0025 1 1 2.5 0.005 107 5 1 1 
-0.22875 0 0 0.0025 1 1 2.5 0.005 108 5 1 1 
-0.22625 0 0 0.0025 1 1 2.5 0.005 109 5 1 1 
-0.22375 0 0 0.0025 1 1 2.5 0.005 110 5 1 1 
-0.22125 0 0 0.0025 1 1 2.5 0.005 111 5 1 1 
-0.21875 0 0 0.0025 1 1 2.5 0.005 112 5 1 1 
-0.21625 0 0 0.0025 1 1 2.5 0.005 113 5 1 1 
-0.21375 0 0 0.0025 1 1 2.5 0.005 114 5 1 1 
-0.21125 0 0 0.0025 1 1 2.5 0.005 115 5 1 1 
-0.20875 0 0 0.0025 1 1 2.5 0.005 116 5 1 1 
-0.20625 0 0 0.0025 1 1 2.5 0.005 117 5 1 1 
-0.20375 0 0 0.0025 1 1 2.5 0.005 118 5 1 1 
-0.20125 0 0 0.0025 1 1 2.5 0.005 119 5 1 1 
-0.19875 0 0 0.0025 1 1 2.5 0.005 120 5 1 1 
-0.19625 0 0 0.0025 1 1 2.5 0.005 121 5 1 1 
-0.19375 0 0 0.0025 1 1 2.5 0.005 122 5 1 1 
-0.19125 0 0 0.0025 1 1 2.5 0.005 123 5 1 1 
-0.18875 0 0 0.0025 1 1 2.5 0.005 124 5 1 1 
-0.18625 0 0 0.0025 1 1 2.5 0.005 125 5 1 1 
-0.18375 0 0 0.0025 1 1 2.5 0.005 126 5 1 1 
-0.18125 0 0 0.0025 1 1 2.5 0.005 127 5 1 1 
-0.17875 0 0 0.0025 1 1 2.5 0.005 128 5 1 1 
-0.17625 0 0 0.0025 1 1 2.5 0.005 129 5 1 1 
-0.17375 0 0 0.0025 1 1 2.5 0.005 130 5 1 1 
-0.17125 0 0 0.0025 1 1 2.5 0.005 131 5 1 1 
-0.16875 0 0 0.0025 1 1 2.5 0.005 132 5 1 1 
-0.16625 0 0 0.0025 1 1 2.5 0.005 133 5 1 1 
-0.16375 0 0 0.0025 1 1 2.5 0.005 134 5 1 1 
-0.16125 0 0 0.0025 1 1 2.5 0.005 135 5 1 1 
-0.15875 0 0 0.0025 1 1 2.5 0.005 136 5 1 1 
-0.15625 0 0 0.0025 1 1 2.5 0.005 137 5 1 1 
-0.15375 0 0 0.0025 1 1 2.5 0.005 138 5 1 1 
-0.15125 0 0 0.0025 1 1 2.5 0.005 139 5 1 1 
-0.14875 0 0 0.0025 1 1 2.5 0.005 140 5 1 1 
-0.14625 0 0 0.0025 1 1 2.5 0.005 141 5 1 1 
-0.14375 0 0 0.0025 1 1 2.5 0.005 142 5 1 1 
-0.14125 0 0 0.0025 1 1 2.5 0.005 143 5 1 1 
-0.13875 0 0 0.0025 1 1 2.5 0.005 144 5 1 1 
-0.13625 0 0 0.0025 1 1 2.5 0.005 145 5 1 1 
-0.13375 0 0 0.0025 1 1 2.5 0.005 146 5 1 1 
-0.13125 0 0 0.0025 1 1 2.5 0.005 147 5 1 1 
-0.12875 0 0 0.0025 1 1 2.5 0.005 148 5 1 1 
-0.12625 0 0 0.0025 1 1 2.5 0.005 149 5 1 1 
-0.12375 0 0 0.0025 1 1 2.5 0.005 150 5 1 1 
-0.12125 0 0 0.0025 1 1 2.5 0.005 151 5 1 1 
-0.11875 0 0 0.0025 1 1 2.5 0.005 152 5 1 1 
-0.11625 0 0 0.0025 1 1 2.5 0.005 153 5 1 1 
-0.11375 0 0 0.0025 1 1 2.5 0.005 154 5 1 1 
-0.11125 0 0 0.0025 1 1 2.5 0.005 155 5 1 1 
-0.10875 0 0 0.0025 1 1 2.5 0.005 156 5 1 1 
-0.10625 0 0 0.0025 1 1 2.5 0.005 157 5 1 1 
-0.10375 0 0 0.0025 1 1 2.5 0.005 158 5 1 1 
-0.10125 0 0 0.0025 1 1 2.5 0.005 159 5 1 1 
-0.09875 0 0 0.0025 1 1 2.5 0.005 160 5 1 1 
-0.09625 0 0 0.0025 1 1 2.5 0.005 161 5 1 1 
-0.09375 0 0 0.0025 1 1 2.5 0.005 162 5 1 1 
-0.09125 0 0 0.0025 1 1 2.5 0.005 163 5 1 1 
-0.08875 0 0 0.0025 1 1 2.5 0.005 164 5 1 1 
-0.08625 0 0 0.0025 1 1 2.5 0.005 165 5 1 1 
-0.08375 0 0 0.0025 1 1 2.5 0.005 166 5 1 1 
-0.08125 0 0 0.0025 1 1 2.5 0.005 167 5 1 1 
-0.07875 0 0 0.0025 1 1 2.5 0.005 168 5 1 1 
-0.07625 0 0 0.0025 1 1 2.5 0.005 169 5 1 1 
-0.07375 0 0 0.0025 1 1 2.5 0.005 170 5 1 1 
-0.07125 0 0 0.0025 1 1 2.5 0.005 171 5 1 1 
-0.06875 0 0 0.0025 1 1 2.5 0.005 172 5 1 1 
-0.06625 0 0 0.0025 1 1 2.5 0.005 173 5 1 1 
-0.06375 -1.36242e-47 0 0.0025 1 1 2.5 0.005 174 5 1 1 
-0.06125 -3.45342e-17 -1.12104e-44 0.0025 1 1 2.5 0.005 175 5 1 1 
-0.05875 -1.72251e-16 -1.12104e-44 0.0025 1 1 2.5 0.005 176 5 1 1 
-0.05625 -3.09375e-16 0 0.0025 1 1 2.5 0.005 177 5 1 1 
-0.05375 -4.28255e-16 -5.68434e-14 0.0025 1 1 2.5 0.005 178 5 1 1 
-0.05125 -5.97655e-16 5.68434e-14 0.0025 1 1 2.5 0.005 179 5 1 1 
-0.04875 -7.65541e-16 -5.68434e-14 0.0025 1 1 2.5 0.005 180 5 1 1 
-0.04625 -9.31916e-16 5.68434e-14 0.0025 1 1 2.5 0.005 181 5 1 1 
-0.04375 -1.16437e-15 -5.68434e-14 0.0025 1 1 2.5 0.005 182 5 1 1 
-0.04125 -1.32342e-15 5.68434e-14 0.0025 1 1 2.5 0.005 183 5 1 1 
-0.03875 -1.47338e-15 -5.68434e-14 0.0025 1 1 2.5 0.005 184 5 1 1 
-0.03625 -1.6326e-15 5.68434e-14 0.0025 1 1 2.5 0.005 185 5 1 1 
-0.03375 -3.29041e-15 -3.15544e-28 0.0025 1 1 2.5 0.005 186 4 1 1 
-0.03125 1.72034e-16 6.31089e-28 0.0025 1 1 2.5 0.005 187 3 1 1 
-0.02875 -2.01732e-16 -3.54987e-28 0.0025 1 1 2.5 0.005 188 4 1 1 
-0.02625 -1.60603e-15 -1.13687e-12 0.0025 1 1 2.5 0.005 189 3 1 1 
-0.02375 -2.39698e-15 1.59162e-12 0.0025 1 1 2.5 0.005 190 4 1 1 
-0.02125 8.6045e-16 -9.09495e-13 0.0025 1 1 2.5 0.005 191 5 1 1 
-0.01875 -7.0126e-16 3.41061e-13 0.0025 1 1 2.5 0.005 192 5 1 1 
-0.01625 -2.45775e-15 -1.13687e-13 0.0025 1 1 2.5 0.005 193 4 1 1 
-0.01375 3.68195e-16 1.13687e-13 0.0025 1 1 2.5 0.005 194 3 1 1 
-0.01125 -6.8486e-16 -1.13687e-13 0.0025 1 1 2.5 0.005 195 3 1 1 
-0.00875 -1.00151e-15 0 0.0025 1 1 2.5 0.005 196 3 1 1 
-0.00625 -1.97012e-16 1.13687e-13 0.0025 1 1 2.5 0.005 197 3 1 1 
-0.00375 6.86732e-17 -2.27374e-13 0.0025 1 1 2.5 0.005 198 3 1 1 
-0.00125 -5.34198e-16 5.11591e-13 0.0025 1 1 2.5 0.005 199 4 1 1 
0.00125 -1.32008e-16 -3.41061e-13 0.0025 1 1 2.5 0.005 200 5 1 1 
0.00375 2.90626e-16 -1.13687e-13 0.0025 1 1 2.5 0.005 201 3 1 1 
0.00625 3.23291e-16 5.68434e-14 0.0025 1 1 2.5 0.005 202 5 1 1 
0.00875 -4.38205e-16 -1.13687e-13 0.0025 1 1 2.5 0.005 203 4 1 1 
0.01125 -1.12971e-15 -3.97904e-13 0.0025 1 1 2.5 0.005 204 3 1 1 
0.01375 -8.66761e-16 5.68434e-13 0.0025 1 1 2.5 0.005 205 4 1 1 
0.01625 6.9655e-16 -2.27374e-13 0.0025 1 1 2.5 0.005 206 4 1 1 
0.01875 -7.29974e-16 1.7053e-13 0.0025 1 1 2.5 0.005 207 5 1 1 
0.02125 2.89123e-16 1.13687e-13 0.0025 1 1 2.5 0.005 208 5 1 1 
0.02375 -6.93497e-16 -3.15544e-28 0.0025 1 1 2.5 0.005 209 4 1 1 
0.02625 2.08048e-15 2.76101e-28 0.0025 1 1 2.5 0.005 210 3 1 1 
0.02875 8.86474e-16 -2.76101e-28 0.0025 1 1 2.5 0.005 211 3 1 1 
0.03125 4.80798e-15 -5.68434e-14 0.0025 1 1 2.5 0.005 212 4 1 1 
0.03375 3.17137e-15 5.68434e-14 0.0025 1 1 2.5 0.005 213 5 1 1 
0.03625 2.91264e-15 5.68434e-14 0.0025 1 1 2.5 0.005 214 5 1 1 
0.03875 2.40168e-15 -1.13687e-13 0.0025 1 1 2.5 0.005 215 5 1 1 
0.04125 1.90135e-15 1.13687e-13 0.0025 1 1 2.5 0.005 216 5 1 1 
0.04375 1.39454e-15 2.24208e-44 0.0025 1 1 2.5 0.005 217 5 1 1 
0.04625 1.05752e-15 2.24208e-44 0.0025 1 1 2.5 0.005 218 5 1 1 
0.04875 8.03502e-16 5.68434e-14 0.0025 1 1 2.5 0.005 219 5 1 1 
0.05125 5.65606e-16 -5.68434e-14 0.0025 1 1 2.5 0.005 220 5 1 1 
0.05375 4.29714e-16 5.68434e-14 0.0025 1 1 2.5 0.005 221 5 1 1 
0.05625 2.75487e-16 0 0.0025 1 1 2.5 0.005 222 5 1 1 
0.05875 1.37914e-16 1.12104e-44 0.0025 1 1 2.5 0.005 223 5 1 1 
0.06125 1.19084e-46 1.12104e-44 0.0025 1 1 2.5 0.005 224 5 1 1 
0.06375 0 0 0.0025 1 1 2.5 0.005 225 5 1 1 
0.06625 0 0 0.0025 1 1 2.5 0.005 226 5 1 1 
0.06875 0 0 0.0025 1 1 2.5 0.005 227 5 1 1 
0.07125 0 0 0.0025 1 1 2.5 0.005 228 5 1 1 
0.07375 0 0 0.0025 1 1 2.5 0.005 229 5 1 1 
0.07625 0 0 0.0025 1 1 2.5 0.005 230 5 1 1 
0.07875 0 0 0.0025 1 1 2.5 0.005 231 5 1 1 
0.08125 0 0 0.0025 1 1 2.5 0.005 232 5 1 1 
0.08375 0 0 0.0025 1 1 2.5 0.005 233 5 1 1 
0.08625 0 0 0.0025 1 1 2.5 0.005 234 5 1 1 
0.08875 0 0 0.0025 1 1 2.5 0.005 235 5 1 1 
0.09125 0 0 0.0025 1 1 2.5 0.005 236 5 1 1 
0.09375 -7.59384e-46 -1.12104e-44 0.0025 1 1 2.5 0.005 237 5 1 1 
0.09625 -1.69188e-16 0 0.0025 1 1 2.5 0.005 238 5 1 1 
0.09875 -3.37357e-16 1.12104e-44 0.0025 1 1 2.5 0.005 239 5 1 1 
0.10125 1.57217e-15 5.68434e-14 0.0025 1 1 2.5 0.005 240 5 1 1 
0.10375 1.38954e-15 6.72623e-44 0.0025 1 1 2.5 0.005 241 5 1 1 
0.10625 3.37535e-15 -5.68434e-14 0.0025 1 1 2.5 0.005 242 5 1 1 
0.10875 2.00709e-15 0 0.0025 1 1 2.5 0.005 243 5 1 1 
0.11125 1.4148e-15 -1.12104e-43 0.0025 1 1 2.5 0.005 244 5 1 1 
0.11375 -1.6124e-15 -5.68434e-14 0.0025 1 1 2.5 0.005 245 5 1 1 
0.11625 9.94469e-16 1.7053e-13 0.0025 1 1 2.5 0.005 246 5 1 1 
0.11875 -1.90133e-15 1.13687e-13 0.0025 1 1 2.5 0.005 247 5 1 1 
0.12125 2.29551e-15 -2.27374e-13 0.0025 1 1 2.5 0.005 248 5 1 1 
0.12375 -4.4393e-16 -1.7053e-13 0.0025 1 1 2.5 0.005 249 4 1 1 
0.12625 4.4393e-16 1.7053e-13 0.0025 1 1 2.5 0.005 250 4 1 1 
0.12875 -2.29551e-15 2.27374e-13 0.0025 1 1 2.5 0.005 251 5 1 1 
0.13125 1.90133e-15 -1.13687e-13 0.0025 1 1 2.5 0.005 252 5 1 1 
0.13375 -9.94469e-16 -1.7053e-13 0.0025 1 1 2.5 0.005 253 5 1 1 
0.13625 1.6124e-15 5.68434e-14 0.0025 1 1 2.5 0.005 254 5 1 1 
0.13875 -1.4148e-15 1.12104e-43 0.0025 1 1 2.5 0.005 255 5 1 1 
0.14125 -2.00709e-15 0 0.0025 1 1 2.5 0.005 256 5 1 1 
0.14375 -3.37535e-15 5.68434e-14 0.0025 1 1 2.5 0.005 257 5 1 1 
0.14625 -1.38954e-15 -6.72623e-44 0.0025 1 1 2.5 0.005 258 5 1 1 
0.14875 -1.57217e-15 -5.68434e-14 0.0025 1 1 2.5 0.005 259 5 1 1 
0.15125 3.37357e-16 -1.12104e-44 0.0025 1 1 2.5 0.005 260 5 1 1 
0.15375 1.69188e-16 0 0.0025 1 1 2.5 0.005 261 5 1 1 
0.15625 7.59384e-46 1.12104e-44 0.0025 1 1 2.5 0.005 262 5 1 1 
0.15875 0 0 0.0025 1 1 2.5 0.005 263 5 1 1 
0.16125 0 0 0.0025 1 1 2.5 0.005 264 5 1 1 
0.16375 0 0 0.0025 1 1 2.5 0.005 265 5 1 1 
0.16625 0 0 0.0025 1 1 2.5 0.005 266 5 1 1 
0.16875 0 0 0.0025 1 1 2.5 0.005 267 5 1 1 
0.17125 0 0 0.0025 1 1 2.5 0.005 268 5 1 1 
0.17375 0 0 0.0025 1 1 2.5 0.005 269 5 1 1 
0.17625 0 0 0.0025 1 1 2.5 0.005 270 5 1 1 
0.17875 0 0 0.0025 1 1 2.5 0.005 271 5 1 1 
0.18125 0 0 0.0025 1 1 2.5 0.005 272 5 1 1 
0.18375 0 0 0.0025 1 1 2.5 0.005 273 5 1 1 
0.18625 0 0 0.0025 1 1 2.5 0.005 274 5 1 1 
0.18875 0 0 0.0025 1 1 2.5 0.005 275 5 1 1 
0.19125 0 0 0.0025 1 1 2.5 0.005 276 5 1 1 
0.19375 0 0 0.0025 1 1 2.5 0.005 277 5 1 1 
0.19625 0 0 0.0025 1 1 2.5 0.005 278 5 1 1 
0.19875 0 0 0.0025 1 1 2.5 0.005 279 5 1 1 
0.20125 -3.6317e-46 -1.12104e-44 0.0025 1 1 2.5 0.005 280 5 1 1 
0.20375 -6.85718e-17 -1.12104e-44 0.0025 1 1 2.5 0.005 281 5 1 1 
0.20625 -2.05192e-16 0 0.0025 1 1 2.5 0.005 282 5 1 1 
0.20875 -3.75697e-16 0 0.0025 1 1 2.5 0.005 283 5 1 1 
0.21125 -5.45239e-16 1.12104e-44 0.0025 1 1 2.5 0.005 284 5 1 1 
0.21375 -6.79199e-16 4.48416e-44 0.0025 1 1 2.5 0.005 285 5 1 1 
0.21625 4.29356e-16 1.13687e-13 0.0025 1 1 2.5 0.005 286 5 1 1 
0.21875 2.31218e-16 1.13687e-13 0.0025 1 1 2.5 0.005 287 5 1 1 
0.22125 3.97894e-15 -1.00893e-43 0.0025 1 1 2.5 0.005 288 5 1 1 
0.22375 2.64323e-15 5.68434e-14 0.0025 1 1 2.5 0.005 289 5 1 1 
0.22625 1.96337e-15 1.7053e-13 0.0025 1 1 2.5 0.005 290 5 1 1 
0.22875 1.63384e-17 5.68434e-14 0.0025 1 1 2.5 0.005 291 5 1 1 
0.23125 3.78547e-15 5.68434e-14 0.0025 1 1 2.5 0.005 292 5 1 1 
0.23375 2.16394e-15 5.68434e-14 0.0025 1 1 2.5 0.005 293 5 1 1 
0.23625 2.26972e-15 -2.27374e-13 0.0025 1 1 2.5 0.005 294 5 1 1 
0.23875 -1.77942e-15 -1.7053e-13 0.0025 1 1 2.5 0.005 295 5 1 1 
0.24125 5.56174e-15 2.27374e-13 0.0025 1 1 2.5 0.005 296 5 1 1 
0.24375 5.74562e-16 1.13687e-13 0.0025 1 1 2.5 0.005 297 5 1 1 
0.24625 -4.58649e-16 1.13687e-13 0.0025 1 1 2.5 0.005 298 5 1 1 
0.24875 -5.99892e-15 -2.66241e-26 0.0025 1 1 2.5 0.005 299 3 1 1 
0.25125 5.99892e-15 2.66241e-26 0.0025 1 1 2.5 0.005 300 3 1 1 
0.25375 4.58649e-16 -1.13687e-13 0.0025 1 1 2.5 0.005 301 5 1 1 
0.25625 -5.74562e-16 -1.13687e-13 0.0025 1 1 2.5 0.005 302 5 1 1 
0.25875 -5.56174e-15 -2.27374e-13 0.0025 1 1 2.5 0.005 303 5 1 1 
0.26125 1.77942e-15 1.7053e-13 0.0025 1 1 2.5 0.005 304 5 1 1 
0.26375 -2.26972e-15 2.27374e-13 0.0025 1 1 2.5 0.005 305 5 1 1 
0.26625 -2.16394e-15 -5.68434e-14 0.0025 1 1 2.5 0.005 306 5 1 1 
0.26875 -3.78547e-15 -5.68434e-14 0.0025 1 1 2.5 0.005 307 5 1 1 
0.27125 -1.63384e-17 -5.68434e-14 0.0025 1 1 2.5 0.005 308 5 1 1 
0.27375 -1.96337e-15 -1.7053e-13 0.0025 1 1 2.5 0.005 309 5 1 1 
0.27625 -2.64323e-15 -5.68434e-14 0.0025 1 1 2.5 0.005 310 5 1 1 
0.27875 -4.11717e-15 -3.41061e-13 0.0025 1 1 2.5 0.005 311 5 1 1 
0.28125 -1.68303e-15 -3.41061e-12 0.0025 1 1 2.5 0.005 312 5 1 1 
0.28375 -6.75077e-14 -9.66907e-11 0.0025 1 1 2.5 0.005 313 4 1 1 
0.28625 -3.77392e-13 -4.00917e-10 0.0025 1 1 2.5 0.005 314 4 1 1 
0.28875 -1.96668e-12 -1.97929e-09 0.0025 1 1 2.5 0.005 315 4 1 1 
0.29125 -9.14227e-12 -8.43909e-09 0.0025 1 1 2.5 0.005 316 4 1 1 
0.29375 -3.84161e-11 -3.32834e-08 0.0025 1 1 2.5 0.005 317 4 1 1 
0.29625 -1.49905e-10 -1.21946e-07 0.0025 1 1 2.5 0.005 318 4 1 1 
0.29875 -5.46335e-10 -4.19692e-07 0.0025 1 1 2.5 0.005 319 4 1 1 
0.30125 -1.87438e-09 -1.36275e-06 0.0025 1 1 2.5 0.005 320 4 1 1 
0.30375 -6.0844e-09 -4.19411e-06 0.0025 1 1 2.5 0.005 321 4 1 1 
0.30625 -1.87593e-08 -1.22729e-05 0.0025 1 1 2.5 0.005 322 4 1 1 
0.30875 -5.51008e-08 -3.42308e-05 0.0025 1 1 2.5 0.005 323 4 1 1 
0.31125 -1.54549e-07 -9.1182e-05 0.0025 1 1 2.5 0.005 324 4 1 1 
0.31375 -4.14731e-07 -0.000232323 0.0025 1 1 2.5 0.005 325 4 1 1 
0.31625 -1.06642e-06 -0.000566893 0.0025 1 1 2.5 0.005 326 4 1 1 
0.31875 -2.63083e-06 -0.00132605 0.0025 1 1 2.5 0.00499999 327 4 1 1 
0.32125 -6.23322e-06 -0.00297575 0.0025 1 1.00001 2.5 0.00499998 328 4 1 1 
0.32375 -1.41956e-05 -0.00641006 0.0025 1.00001 1.00002 2.50001 0.00499995 329 4 1 1 
0.32625 -3.10969e-05 -0.0132597 0.0025 1.00002 1.00003 2.50002 0.00499988 330 4 1 1 
0.32875 -6.5561e-05 -0.026346 0.0025 1.00005 1.00007 2.50005 0.00499975 331 4 1 1 
0.33125 -0.000133084 -0.0502841 0.0025 1.0001 1.00014 2.5001 0.00499949 332 4 1 1 
0.333749 -0.000260187 -0.0921741 0.0025 1.0002 1.00028 2.5002 0.004999 333 4 1 1 
0.336249 -0.000489986 -0.162197 0.0025 1.00038 1.00052 2.50037 0.00499812 334 4 1 1 
0.338747 -0.000888766 -0.273738 0.0025 1.00068 1.00095 2.50068 0.00499658 335 4 1 0.999999 
0.341245 -0.00155221 -0.442407 0.0025 1.0012 1.00167 2.50119 0.00499402 336 4 1 0.999998 
0.343741 -0.00260837 -0.683086 0.0025 1.00202 1.00282 2.50201 0.00498992 337 4 1 0.999995 
0.346235 -0.00421266 -1.00414 0.0025 1.00327 1.00457 2.50326 0.00498369 338 4 1 0.999989 
0.348725 -0.00652868 -1.39874 0.0025 1.0051 1.00713 2.50508 0.00497465 339 4 1 0.99998 
0.35121 -0.00968997 -1.83529 0.0025 1.00761 1.01065 2.50758 0.00496226 340 4 1 0.999967 
0.353687 -0.0137445 -2.25231 0.0025 1.01086 1.01523 2.51083 0.00494628 341 4 1 0.999953 
0.356156 -0.018596 -2.56434 0.0025 1.01481 1.02079 2.51476 0.00492703 342 4 1 0.999942 
0.358614 -0.0239702 -2.68435 0.0025 1.01926 1.02709 2.5192 0.0049055 343 4 1 0.99994 
0.361062 -0.0294297 -2.5476 0.0025 1.02389 1.03364 2.52379 0.00488332 344 4 1 0.999949 
0.363498 -0.034439 -2.14215 0.0025 1.02825 1.03983 2.52811 0.00486262 345 4 1 0.999972 
0.365924 -0.0383914 -1.38149 0.0025 1.03168 1.04473 2.53151 0.00484644 346 3 1 1.00001 
0.368344 -0.0394769 1.39633 0.0025 1.03135 1.04448 2.53136 0.004848 347 4 1 1.00001 
0.370772 -0.026458 12.2859 0.0025 1.01968 1.02805 2.51996 0.00490352 348 4 1 0.999871 
0.373248 0.00370744 14.303 0.0025 0.998074 0.997293 2.49818 0.00500965 349 4 1 0.998806 
0.375783 0.0257494 6.63427 0.0025 0.979941 0.971833 2.47973 0.00510235 350 4 1 0.998906 
0.378351 0.0374862 5.25842 0.0025 0.968103 0.955668 2.46787 0.00516474 351 4 1 0.999552 
0.380948 0.0529637 8.46369 0.0025 0.95519 0.937967 2.45476 0.00523456 352 4 1 0.999552 
0.383586 0.0735923 9.46545 0.0025 0.939166 0.915938 2.43815 0.00532387 353 4 1 0.999228 
0.386272 0.0946699 8.90968 0.0025 0.922486 0.893212 2.42071 0.00542013 354 4 1 0.999093 
0.389006 0.115337 8.73567 0.0025 0.906118 0.871115 2.40344 0.00551805 355 4 1 0.999101 
0.39179 0.136491 8.86059 0.0025 0.889677 0.849075 2.38592 0.00562002 356 4 1 0.99907 
0.394627 0.158332 8.90611 0.0025 0.872998 0.826873 2.36792 0.00572739 357 4 1 0.999007 
0.397518 0.180734 8.88467 0.0025 0.856166 0.804639 2.34956 0.00583999 358 4 1 0.998949 
0.400468 0.203642 8.89567 0.0025 0.839205 0.782413 2.33083 0.00595802 359 4 1 0.998894 
0.403477 0.227063 8.87004 0.0025 0.82212 0.760205 2.31174 0.00608184 360 4 1 0.998832 
0.40655 0.251075 8.86179 0.0025 0.804924 0.738039 2.29228 0.00621177 361 4 1 0.99877 
0.40969 0.27562 8.83221 0.0025 0.78762 0.715924 2.27244 0.00634824 362 4 1 0.998702 
0.412899 0.300767 8.7906 0.0025 0.770231 0.693895 2.25225 0.00649156 363 4 1 0.998634 
0.416182 0.326484 8.75139 0.0025 0.752767 0.67197 2.23168 0.00664216 364 4 1 0.998561 
0.419542 0.352725 8.69719 0.0025 0.73524 0.65017 2.21076 0.0068005 365 4 1 0.998485 
0.422984 0.37954 8.59636 0.0025 0.717707 0.628569 2.18952 0.00696663 366 4 1 0.998411 
0.42651 0.406815 8.49165 0.0025 0.700225 0.607239 2.16804 0.00714057 367 4 1 0.998344 
0.430126 0.434434 8.29438 0.0025 0.6829 0.58631 2.14642 0.00732172 368 4 1 0.998287 
0.433833 0.462073 8.00808 0.0025 0.665926 0.566011 2.12493 0.00750834 369 4 1 0.998265 
0.437635 0.48923 7.5561 0.0025 0.649581 0.546656 2.10391 0.00769727 370 4 1 0.998294 
0.441532 0.515305 6.90148 0.0025 0.634245 0.528674 2.08391 0.00788338 371 4 1 0.998401 
0.44552 0.539364 6.08791 0.0025 0.620289 0.51246 2.06545 0.00806076 372 4 1 0.99859 
0.449594 0.560936 5.28366 0.0025 0.607847 0.498133 2.04879 0.00822576 373 4 1 0.998818 
0.453746 0.580688 4.95674 0.0025 0.596437 0.485102 2.03334 0.00838311 374 4 1 0.998984 
0.457977 0.601013 5.34343 0.0025 0.584947 0.472078 2.0176 0.00854778 375 4 1 0.998972 
0.462295 0.624021 5.93029 0.0025 0.572581 0.458164 2.00043 0.00873239 376 4 1 0.998778 
0.466711 0.648235 5.54827 0.0025 0.560134 0.444272 1.98292 0.00892644 377 4 1 0.998641 
0.471223 0.668585 3.77996 0.0025 0.549922 0.432964 1.96837 0.0090922 378 4 1 0.998952 
0.475804 0.67957 1.13955 0.0025 0.544222 0.426699 1.9602 0.00918742 379 4 1 0.999612 
0.48041 0.680504 -0.318509 0.0025 0.542806 0.425163 1.9582 0.0092114 380 5 1 0.999973 
0.485015 0.679929 -0.0963821 0.0025 0.54298 0.425367 1.95848 0.00920843 381 4 1 0.999999 
0.489619 0.679224 -0.217254 0.0025 0.543286 0.425706 1.95894 0.00920325 382 4 1 0.999998 
0.494218 0.678313 -0.205128 0.0025 0.543726 0.426194 1.9596 0.00919581 383 4 1 0.999998 
0.498814 0.677427 -0.179577 0.0025 0.544173 0.42669 1.96027 0.00918826 384 4 1 0.999998 
0.503407 0.676672 -0.14639 0.0025 0.544572 0.427135 1.96087 0.00918152 385 4 1 0.999999 
0.507996 0.676068 -0.114115 0.0025 0.544899 0.427501 1.96138 0.00917602 386 4 1 0.999999 
0.512583 0.675597 -0.0868187 0.0025 0.545153 0.427788 1.96178 0.00917174 387 4 1 1 
0.517168 0.675235 -0.0668014 0.0025 0.545345 0.428009 1.9621 0.0091685 388 4 1 1 
0.521751 0.674956 -0.0523923 0.0025 0.54549 0.428179 1.96236 0.00916606 389 4 1 1 
0.526334 0.674736 -0.0420397 0.0025 0.5456 0.428313 1.96258 0.00916423 390 4 1 1 
0.530915 0.674555 -0.0351099 0.0025 0.545683 0.428419 1.96277 0.00916283 391 4 1 1 
0.535497 0.674401 -0.03052 0.0025 0.545747 0.428508 1.96294 0.00916175 392 4 1 1 
0.540077 0.674266 -0.0271472 0.0025 0.545796 0.428583 1.96311 0.00916094 393 4 1 1 
0.544658 0.674145 -0.0244258 0.0025 0.545821 0.428639 1.96328 0.00916052 394 3 1 1 
0.549238 0.674035 -0.0220464 0.0025 0.545768 0.428637 1.96346 0.0091614 395 4 1 1 
0.553819 0.673936 -0.0198121 0.0025 0.545393 0.428431 1.96386 0.00916771 396 4 1 0.999999 
0.558405 0.673847 -0.0176686 0.0025 0.543806 0.426723 1.96175 0.00919446 397 4 1 0.999988 
0.563013 0.673767 -0.0156026 0.0025 0.530715 0.411296 1.93746 0.00942125 398 4 1 0.999673 
0.567832 0.673691 -0.013543 0.0025 0.506662 0.439993 2.17104 0.00986851 399 4 1 0.994717 
0.572889 0.673618 -0.0115695 0.0025 0.48115 0.415392 2.15833 0.0103918 400 4 1 0.993708 
0.578233 0.673549 -0.00979098 0.0025 0.458683 0.449851 2.45187 0.0109008 401 4 1 0.993702 
0.583795 0.673482 -0.00822144 0.0025 0.450081 0.43041 2.39074 0.0111091 402 5 1 0.998662 
0.589342 0.673422 -0.00670886 0.0025 0.451686 0.42875 2.37305 0.0110696 403 4 1 0.999967 
0.594865 0.673364 -0.00499216 0.0025 0.453314 0.428714 2.36433 0.0110299 404 4 1 0.999986 
0.600372 0.673304 -0.00250302 0.0025 0.454402 0.42885 2.35942 0.0110035 405 4 1 0.999994 
0.605869 0.67323 0.0026065 0.0025 0.455087 0.428916 2.35623 0.0109869 406 4 1 0.999998 
0.611359 0.673107 0.0162612 0.0025 0.455508 0.428892 2.35392 0.0109768 407 4 1 1 
0.616845 0.672823 0.0568764 0.0025 0.455673 0.428694 2.35198 0.0109728 408 3 1 1 
0.622332 0.67201 0.183579 0.0025 0.455386 0.428007 2.34968 0.0109797 409 4 1 1 
0.627825 0.66964 0.553908 0.0025 0.454 0.425951 2.34552 0.0110132 410 4 1 0.999986 
0.633345 0.663083 1.45219 0.0025 0.450002 0.420527 2.3362 0.0111111 411 4 1 0.999859 
0.638937 0.646629 3.65491 0.0025 0.440338 0.407756 2.31493 0.0113549 412 4 1 0.999134 
0.644703 0.609837 7.32474 0.0025 0.421068 0.382674 2.27188 0.0118746 413 4 1 0.996254 
0.650823 0.536714 15.6245 0.0025 0.386639 0.338622 2.18929 0.012932 414 4 1 0.988667 
0.657685 0.383657 29.1621 0.0025 0.336861 0.277057 2.05613 0.0148429 415 4 1 0.972961 
0.665808 0.179307 27.8597 0.0025 0.288949 0.221257 1.91458 0.0173041 416 4 1 0.959102 
0.675125 0.0443352 11.9622 0.0025 0.26096 0.190775 1.82788 0.01916 417 4 1 0.975407 
0.685003 0.00384313 1.99569 0.0025 0.25161 0.181116 1.79966 0.019872 418 4 1 0.995721 
0.694998 -0.000423687 0.000363737 0.0025 0.250032 0.17953 1.79509 0.0199975 419 4 1 0.999849 
0.705 -4.67048e-05 -0.0309946 0.0025 0.24998 0.17948 1.79494 0.0200016 420 5 1 1 
0.715 8.06948e-06 0.00078928 0.0025 0.25 0.1795 1.795 0.02 421 4 1 1 
0.725 2.52706e-06 0.000542067 0.0025 0.250001 0.179501 1.795 0.02 422 3 1 1 
0.735 5.54852e-07 0.000131512 0.0025 0.25 0.1795 1.795 0.02 423 4 1 1 
0.745 1.09289e-07 2.76733e-05 0.0025 0.25 0.1795 1.795 0.02 424 4 1 1 
0.755 1.99724e-08 5.36641e-06 0.0025 0.25 0.1795 1.795 0.02 425 4 1 1 
0.765 3.40264e-09 9.69193e-07 0.0025 0.25 0.1795 1.795 0.02 426 4 1 1 
0.775 5.39593e-10 1.63041e-07 0.0025 0.25 0.1795 1.795 0.02 427 4 1 1 
0.785 7.94324e-11 2.5479e-08 0.0025 0.25 0.1795 1.795 0.02 428 4 1 1 
0.795 1.07996e-11 3.68675e-09 0.0025 0.25 0.1795 1.795 0.02 429 4 1 1 
0.805 1.358e-12 4.9269e-10 0.0025 0.25 0.1795 1.795 0.02 430 4 1 1 
0.815 1.53383e-13 6.10783e-11 0.0025 0.25 0.1795 1.795 0.02 431 4 1 1 
0.825 9.22164e-15 6.22435e-12 0.0025 0.25 0.1795 1.795 0.02 432 4 1 1 
0.835 7.16503e-16 1.13687e-13 0.0025 0.25 0.1795 1.795 0.02 433 5 1 1 
0.845 4.75008e-17 4.26326e-14 0.0025 0.25 0.1795 1.795 0.02 434 5 1 1 
0.855 1.36228e-47 5.60519e-45 0.0025 0.25 0.1795 1.795 0.02 435 5 1 1 
0.865 0 0 0.0025 0.25 0.1795 1.795 0.02 436 5 1 1 
0.875 0 0 0.0025 0.25 0.1795 1.795 0.02 437 5 1 1 
0.885 0 0 0.0025 0.25 0.1795 1.795 0.02 438 5 1 1 
0.895 -2.2975e-47 -2.8026e-45 0.0025 0.25 0.1795 1.795 0.02 439 5 1 1 
0.905 -9.68113e-47 -5.60519e-45 0.0025 0.25 0.1795 1.795 0.02 440 5 1 1 
0.915 -2.28472e-16 -1.42109e-14 0.0025 0.25 0.1795 1.795 0.02 441 5 1 1 
0.925 -7.05668e-16 -2.84217e-14 0.0025 0.25 0.1795 1.795 0.02 442 5 1 1 
0.935 -1.48557e-15 -2.84217e-14 0.0025 0.25 0.1795 1.795 0.02 443 5 1 1 
0.945 -2.95231e-15 -4.26326e-14 0.0025 0.25 0.1795 1.795 0.02 444 5 1 1 
0.955 -5.15107e-15 2.84217e-14 0.0025 0.25 0.1795 1.795 0.02 445 5 1 1 
0.965 -5.11054e-15 2.13163e-13 0.0025 0.25 0.1795 1.795 0.02 446 5 1 1 
0.975 -1.10886e-14 2.55795e-13 0.0025 0.25 0.1795 1.795 0.02 447 5 1 1 
0.985 9.87385e-15 -2.27374e-13 0.0025 0.25 0.1795 1.795 0.02 448 5 1 1 
0.995 -1.81223e-16 -2.13163e-13 0.0025 0.25 0.1795 1.795 0.02 449 3 1 1 
1.005 1.81223e-16 2.13163e-13 0.0025 0.25 0.1795 1.795 0.02 450 3 1 1 
1.015 -9.87385e-15 2.27374e-13 0.0025 0.25 0.1795 1.795 0.02 451 5 1 1 
1.025 1.10886e-14 -2.55795e-13 0.0025 0.25 0.1795 1.795 0.02 452 5 1 1 
1.035 5.11054e-15 -2.13163e-13 0.0025 0.25 0.1795 1.795 0.02 453 5 1 1 
1.045 5.15107e-15 -2.84217e-14 0.0025 0.25 0.1795 1.795 0.02 454 5 1 1 
1.055 2.95231e-15 4.26326e-14 0.0025 0.25 0.1795 1.795 0.02 455 5 1 1 
1.065 1.48557e-15 2.84217e-14 0.0025 0.25 0.1795 1.795 0.02 456 5 1 1 
1.075 7.05668e-16 2.84217e-14 0.0025 0.25 0.1795 1.795 0.02 457 5 1 1 
1.085 2.28472e-16 1.42109e-14 0.0025 0.25 0.1795 1.795 0.02 458 5 1 1 
1.095 9.68113e-47 5.60519e-45 0.0025 0.25 0.1795 1.795 0.02 459 5 1 1 
1.105 2.2975e-47 2.8026e-45 0.0025 0.25 0.1795 1.795 0.02 460 5 1 1 
1.115 0 0 0.0025 0.25 0.1795 1.795 0.02 461 5 1 1 
1.125 0 0 0.0025 0.25 0.1795 1.795 0.02 462 5 1 1 
1.135 0 0 0.0025 0.25 0.1795 1.795 0.02 463 5 1 1 
1.145 -1.70291e-47 -1.12104e-44 0.0025 0.25 0.1795 1.795 0.02 464 5 1 1 
1.155 -4.75008e-17 -4.26326e-14 0.0025 0.25 0.1795 1.795 0.02 465 5 1 1 
1.165 -9.06573e-16 -4.54747e-13 0.0025 0.25 0.1795 1.795 0.02 466 5 1 1 
1.175 -7.04457e-15 -3.35376e-12 0.0025 0.25 0.1795 1.795 0.02 467 5 1 1 
1.185 -1.56393e-13 -6.63363e-11 0.0025 0.25 0.1795 1.795 0.02 468 4 1 1 
1.195 -1.34728e-12 -4.87518e-10 0.0025 0.25 0.1795 1.795 0.02 469 4 1 1 
1.205 -1.08164e-11 -3.68817e-09 0.0025 0.25 0.1795 1.795 0.02 470 4 1 1 
1.215 -7.94188e-11 -2.54815e-08 0.0025 0.25 0.1795 1.795 0.02 471 4 1 1 
1.225 -5.3961e-10 -1.63039e-07 0.0025 0.25 0.1795 1.795 0.02 472 4 1 1 
1.235 -3.40265e-09 -9.69193e-07 0.0025 0.25 0.1795 1.795 0.02 473 4 1 1 
1.245 -1.99724e-08 -5.36641e-06 0.0025 0.25 0.1795 1.795 0.02 474 4 1 1 
1.255 -1.09289e-07 -2.76732e-05 0.0025 0.25 0.1795 1.795 0.02 475 4 1 1 
1.265 -5.54852e-07 -0.000131512 0.0025 0.25 0.1795 1.795 0.02 476 4 1 1 
1.275 -2.52706e-06 -0.000542067 0.0025 0.250001 0.179501 1.795 0.02 477 3 1 1 
1.285 -8.06948e-06 -0.00078928 0.0025 0.25 0.1795 1.795 0.02 478 4 1 1 
1.295 4.67048e-05 0.0309946 0.0025 0.24998 0.17948 1.79494 0.0200016 479 5 1 1 
1.305 0.000423687 -0.000363737 0.0025 0.250032 0.17953 1.79509 0.0199975 480 4 1 0.999849 
1.315 -0.00384313 -1.99569 0.0025 0.25161 0.181116 1.79966 0.019872 481 4 1 0.995721 
1.32488 -0.0443352 -11.9622 0.0025 0.26096 0.190775 1.82788 0.01916 482 4 1 0.975407 
1.33419 -0.179307 -27.8597 0.0025 0.288949 0.221257 1.91458 0.0173041 483 4 1 0.959102 
1.34232 -0.383657 -29.1621 0.0025 0.336861 0.277057 2.05613 0.0148429 484 4 1 0.972961 
1.34918 -0.536714 -15.6245 0.0025 0.386639 0.338622 2.18929 0.012932 485 4 1 0.988667 
1.3553 -0.609837 -7.32474 0.0025 0.421068 0.382674 2.27188 0.0118746 486 4 1 0.996254 
1.36106 -0.646629 -3.65491 0.0025 0.440338 0.407756 2.31493 0.0113549 487 4 1 0.999134 
1.36666 -0.663083 -1.45219 0.0025 0.450002 0.420527 2.3362 0.0111111 488 4 1 0.999859 
1.37218 -0.66964 -0.553908 0.0025 0.454 0.425951 2.34552 0.0110132 489 4 1 0.999986 
1.37767 -0.67201 -0.183579 0.0025 0.455386 0.428007 2.34968 0.0109797 490 4 1 1 
1.38315 -0.672823 -0.0568764 0.0025 0.455673 0.428694 2.35198 0.0109728 491 3 1 1 
1.38864 -0.673107 -0.0162612 0.0025 0.455508 0.428892 2.35392 0.0109768 492 4 1 1 
1.39413 -0.67323 -0.0026065 0.0025 0.455087 0.428916 2.35623 0.0109869 493 4 1 0.999998 
1.39963 -0.673304 0.00250302 0.0025 0.454402 0.42885 2.35942 0.0110035 494 4 1 0.999994 
1.40513 -0.673364 0.00499216 0.0025 0.453314 0.428714 2.36433 0.0110299 495 4 1 0.999986 
1.41066 -0.673422 0.00670886 0.0025 0.451686 0.42875 2.37305 0.0110696 496 4 1 0.999967 
1.4162 -0.673482 0.00822144 0.0025 0.450081 0.43041 2.39074 0.0111091 497 5 1 0.998662 
1.42177 -0.673549 0.00979098 0.0025 0.458683 0.449851 2.45187 0.0109008 498 4 1 0.993702 
1.42711 -0.673618 0.0115695 0.0025 0.48115 0.415392 2.15833 0.0103918 499 4 1 0.993708 
