# Time [s]: 3.24751e+12
# Columns: pos [pc], vel [pc/s], acc [pc/s^2], mass [Msun], dens [g/cm^3], pres [barye], ene [erg/g], sml [pc], id, neighbor, alpha, gradh, ...additional?
4.41715e+16 -673.675 4.25861e-13 4.97118e+27 0.000506671 4.40004 21710.5 3.04537e+14 0 4 1 0.994717 
4.43202e+16 -673.748 4.89882e-13 4.97118e+27 0.000530726 4.11307 19374.7 2.90734e+14 1 4 1 0.999673 
4.44624e+16 -673.826 5.54081e-13 4.97118e+27 0.000543818 4.26737 19617.6 2.83735e+14 2 4 1 0.999988 
4.46039e+16 -673.912 6.21773e-13 4.97118e+27 0.000545406 4.28446 19638.8 2.82908e+14 3 4 1 0.999999 
4.47453e+16 -674.008 6.93445e-13 4.97118e+27 0.000545783 4.28653 19634.8 2.82713e+14 4 4 1 1 
4.48866e+16 -674.115 7.69965e-13 4.97118e+27 0.000545837 4.28657 19633 2.82685e+14 5 3 1 1 
4.50279e+16 -674.234 8.55618e-13 4.97118e+27 0.000545814 4.28603 19631.4 2.82697e+14 6 4 1 1 
4.51693e+16 -674.365 9.57972e-13 4.97118e+27 0.000545768 4.2853 19629.7 2.82721e+14 7 4 1 1 
4.53107e+16 -674.513 1.09529e-12 4.97118e+27 0.000545706 4.28445 19628 2.82753e+14 8 4 1 1 
4.54521e+16 -674.686 1.30077e-12 4.97118e+27 0.000545628 4.28344 19626.2 2.82793e+14 9 4 1 1 
4.55935e+16 -674.895 1.60236e-12 4.97118e+27 0.000545526 4.28218 19624.1 2.82847e+14 10 4 1 1 
4.57349e+16 -675.157 2.02589e-12 4.97118e+27 0.00054539 4.28058 19621.6 2.82917e+14 11 4 1 1 
4.58764e+16 -675.495 2.63049e-12 4.97118e+27 0.000545211 4.27851 19618.6 2.8301e+14 12 4 1 1 
4.60179e+16 -675.934 3.45415e-12 4.97118e+27 0.000544974 4.27583 19614.8 2.83133e+14 13 4 1 0.999999 
4.61595e+16 -676.5 4.43552e-12 4.97118e+27 0.000544667 4.27239 19610.1 2.83292e+14 14 4 1 0.999999 
-1.54188e+16 -677.215 5.50563e-12 4.97118e+27 0.000544288 4.26817 19604.3 2.8349e+14 15 4 1 0.999999 
-1.5277e+16 -678.067 6.49055e-12 4.97118e+27 0.000543853 4.26334 19597.8 2.83716e+14 16 4 1 0.999998 
-1.51351e+16 -678.964 6.83994e-12 4.97118e+27 0.000543406 4.25838 19591.1 2.8395e+14 17 4 1 0.999998 
-1.4993e+16 -679.779 4.9385e-12 4.97118e+27 0.000543068 4.25463 19586.1 2.84126e+14 18 4 1 0.999999 
-1.4851e+16 -680.163 6.55703e-12 4.97118e+27 0.000542827 4.2519 19582.3 2.84253e+14 19 5 1 0.999993 
-1.47088e+16 -680.54 -1.45079e-11 4.97118e+27 0.000543533 4.25947 19592.1 2.83883e+14 20 4 1 0.99977 
-1.45671e+16 -672.736 -9.88714e-11 4.97118e+27 0.000547817 4.30644 19653.5 2.81664e+14 21 4 1 0.99914 
-1.44271e+16 -654.73 -1.66366e-10 4.97118e+27 0.000556857 4.40633 19782.6 2.77091e+14 22 4 1 0.998693 
-1.42899e+16 -631.22 -1.91557e-10 4.97118e+27 0.000568843 4.53979 19952 2.71252e+14 23 4 1 0.998726 
-1.41558e+16 -607.61 -1.78899e-10 4.97118e+27 0.000581324 4.6799 20125.9 2.65429e+14 24 4 1 0.998939 
-1.40245e+16 -586.717 -1.61433e-10 4.97118e+27 0.000592987 4.81181 20286.3 2.60208e+14 25 4 1 0.999017 
-1.38956e+16 -567.217 -1.64246e-10 4.97118e+27 0.000604214 4.93972 20438.8 2.55373e+14 26 4 1 0.998902 
-1.37691e+16 -546.558 -1.8666e-10 4.97118e+27 0.000616137 5.07665 20599.1 2.50431e+14 27 4 1 0.998689 
-1.36451e+16 -523.49 -2.13139e-10 4.97118e+27 0.000629465 5.23104 20776.1 2.45129e+14 28 4 1 0.998483 
-1.35239e+16 -498.248 -2.36351e-10 4.97118e+27 0.000644235 5.40368 20969.7 2.39509e+14 29 4 1 0.998353 
-1.34056e+16 -471.663 -2.52241e-10 4.97118e+27 0.000660122 5.59115 21175 2.33745e+14 30 4 1 0.998303 
-1.32901e+16 -444.399 -2.62971e-10 4.97118e+27 0.00067673 5.78907 21386.4 2.28008e+14 31 4 1 0.998309 
-1.31775e+16 -417.037 -2.70262e-10 4.97118e+27 0.000693769 5.99416 21600.2 2.22408e+14 32 4 1 0.998355 
-1.30677e+16 -389.898 -2.74227e-10 4.97118e+27 0.000711019 6.20384 21813.4 2.17012e+14 33 4 1 0.998417 
-1.29605e+16 -363.213 -2.7784e-10 4.97118e+27 0.000728353 6.41659 22024.5 2.11848e+14 34 4 1 0.998489 
-1.28558e+16 -337.035 -2.7944e-10 4.97118e+27 0.000745691 6.63144 22232.7 2.06922e+14 35 4 1 0.998563 
-1.27535e+16 -311.373 -2.81112e-10 4.97118e+27 0.000762979 6.84766 22437.4 2.02233e+14 36 4 1 0.998632 
-1.26536e+16 -286.281 -2.82713e-10 4.97118e+27 0.000780211 7.06513 22638.7 1.97767e+14 37 4 1 0.998702 
-1.25557e+16 -261.766 -2.83342e-10 4.97118e+27 0.000797359 7.28347 22836.4 1.93514e+14 38 4 1 0.998767 
-1.246e+16 -237.777 -2.84313e-10 4.97118e+27 0.000814411 7.50244 23030.4 1.89462e+14 39 4 1 0.99883 
-1.23663e+16 -214.377 -2.84545e-10 4.97118e+27 0.000831356 7.72188 23220.9 1.856e+14 40 4 1 0.998891 
-1.22744e+16 -191.461 -2.84603e-10 4.97118e+27 0.000848176 7.94147 23407.6 1.8192e+14 41 4 1 0.998945 
-1.21843e+16 -169.089 -2.85384e-10 4.97118e+27 0.000864884 8.16133 23591 1.78405e+14 42 4 1 0.998999 
-1.2096e+16 -147.218 -2.85184e-10 4.97118e+27 0.000881471 8.38129 23770.9 1.75048e+14 43 4 1 0.999059 
-1.20093e+16 -125.921 -2.81924e-10 4.97118e+27 0.000897853 8.60016 23946.6 1.71854e+14 44 4 1 0.999113 
-1.19241e+16 -105.309 -2.79963e-10 4.97118e+27 0.000914017 8.81757 24117.9 1.68815e+14 45 4 1 0.99912 
-1.18404e+16 -84.8543 -2.93334e-10 4.97118e+27 0.000930303 9.0383 24288.9 1.6586e+14 46 4 1 0.999137 
-1.17582e+16 -63.8307 -3.0114e-10 4.97118e+27 0.000946782 9.26387 24460.7 1.62973e+14 47 4 1 0.999376 
-1.16774e+16 -44.9612 -2.30645e-10 4.97118e+27 0.00096158 9.46754 24613 1.60465e+14 48 4 1 0.999631 
-1.15978e+16 -32.3552 -1.5129e-10 4.97118e+27 0.000973152 9.62546 24729.2 1.58557e+14 49 4 1 0.999382 
-1.15189e+16 -18.2879 -3.09057e-10 4.97118e+27 0.000986619 9.8112 24865 1.56393e+14 50 4 1 0.998666 
-1.14413e+16 9.15774 -5.00097e-10 4.97118e+27 0.00100736 10.1051 25076 1.53173e+14 51 4 1 0.999294 
-1.13657e+16 34.5178 -2.37395e-10 4.97118e+27 0.00102605 10.3707 25262.3 1.50383e+14 52 4 1 1.00001 
-1.1291e+16 39.486 1.45094e-11 4.97118e+27 0.00103226 10.4564 25321.5 1.49478e+14 53 3 1 1 
-1.12162e+16 36.7969 5.56016e-11 4.97118e+27 0.00103035 10.4281 25301.8 1.49756e+14 54 4 1 0.999997 
-1.11412e+16 32.388 7.49427e-11 4.97118e+27 0.00102647 10.373 25263.4 1.50321e+14 55 4 1 0.999961 
-1.10659e+16 27.1894 8.44387e-11 4.97118e+27 0.00102199 10.3095 25219 1.5098e+14 56 4 1 0.999945 
-1.09902e+16 21.761 8.54446e-11 4.97118e+27 0.00101743 10.245 25173.7 1.51657e+14 57 4 1 0.99994 
-1.09142e+16 16.5969 7.90025e-11 4.97118e+27 0.00101318 10.185 25131.4 1.52293e+14 58 4 1 0.999946 
-1.08379e+16 12.0702 6.74459e-11 4.97118e+27 0.00100952 10.1333 25094.9 1.52846e+14 59 4 1 0.999959 
-1.07614e+16 8.38289 5.36331e-11 4.97118e+27 0.00100657 10.0919 25065.5 1.53293e+14 60 4 1 0.999973 
-1.06846e+16 5.57095 4.0026e-11 4.97118e+27 0.00100434 10.0607 25043.3 1.53633e+14 61 4 1 0.999984 
-1.06077e+16 3.54991 2.822e-11 4.97118e+27 0.00100276 10.0385 25027.4 1.53876e+14 62 4 1 0.999992 
-1.05308e+16 2.17293 1.88988e-11 4.97118e+27 0.00100168 10.0234 25016.7 1.54041e+14 63 4 1 0.999996 
-1.04537e+16 1.27945 1.20723e-11 4.97118e+27 0.00100099 10.0137 25009.8 1.54148e+14 64 4 1 0.999998 
-1.03766e+16 0.725376 7.37779e-12 4.97118e+27 0.00100056 10.0078 25005.5 1.54214e+14 65 4 1 0.999999 
-1.02995e+16 0.396194 4.32237e-12 4.97118e+27 0.0010003 10.0042 25003 1.54253e+14 66 4 1 1 
-1.02224e+16 0.208527 2.4307e-12 4.97118e+27 0.00100016 10.0022 25001.6 1.54275e+14 67 4 1 1 
-1.01452e+16 0.105762 1.31304e-12 4.97118e+27 0.00100008 10.0011 25000.8 1.54288e+14 68 4 1 1 
-1.00681e+16 0.0516809 6.81587e-13 4.97118e+27 0.00100004 10.0005 25000.4 1.54294e+14 69 4 1 1 
-9.99092e+15 0.0243235 3.40018e-13 4.97118e+27 0.00100002 10.0003 25000.2 1.54297e+14 70 4 1 1 
-9.91377e+15 0.0110209 1.62995e-13 4.97118e+27 0.00100001 10.0001 25000.1 1.54299e+14 71 4 1 1 
-9.83662e+15 0.00480464 7.50621e-14 4.97118e+27 0.001 10.0001 25000 1.54299e+14 72 4 1 1 
-9.75947e+15 0.00201394 3.31933e-14 4.97118e+27 0.001 10 25000 1.543e+14 73 4 1 1 
-9.68232e+15 0.000810956 1.40865e-14 4.97118e+27 0.001 10 25000 1.543e+14 74 4 1 1 
-9.60517e+15 0.000313373 5.73248e-15 4.97118e+27 0.001 10 25000 1.543e+14 75 4 1 1 
-9.52802e+15 0.000116061 2.23477e-15 4.97118e+27 0.001 10 25000 1.543e+14 76 4 1 1 
-9.45087e+15 4.11333e-05 8.33549e-16 4.97118e+27 0.001 10 25000 1.543e+14 77 4 1 1 
-9.37372e+15 1.39236e-05 2.96997e-16 4.97118e+27 0.001 10 25000 1.543e+14 78 4 1 1 
-9.29657e+15 4.49072e-06 1.00887e-16 4.97118e+27 0.001 10 25000 1.543e+14 79 4 1 1 
-9.21942e+15 1.37587e-06 3.259e-17 4.97118e+27 0.001 10 25000 1.543e+14 80 4 1 1 
-9.14227e+15 3.98854e-07 9.97828e-18 4.97118e+27 0.001 10 25000 1.543e+14 81 4 1 1 
-9.06512e+15 1.08844e-07 2.88506e-18 4.97118e+27 0.001 10 25000 1.543e+14 82 4 1 1 
-8.98797e+15 2.77578e-08 7.80927e-19 4.97118e+27 0.001 10 25000 1.543e+14 83 4 1 1 
-8.91082e+15 6.5482e-09 1.98281e-19 4.97118e+27 0.001 10 25000 1.543e+14 84 4 1 1 
-8.83367e+15 1.4054e-09 4.53568e-20 4.97118e+27 0.001 10 25000 1.543e+14 85 4 1 1 
-8.75652e+15 2.76281e-10 9.71827e-21 4.97118e+27 0.001 10 25000 1.543e+14 86 4 1 1 
-8.67937e+15 3.96925e-11 1.96907e-21 4.97118e+27 0.001 10 25000 1.543e+14 87 4 1 1 
-8.60222e+15 7.77426e-13 1.01309e-22 4.97118e+27 0.001 10 25000 1.543e+14 88 5 1 1 
-8.52507e+15 3.45171e-14 -1.27813e-39 4.97118e+27 0.001 10 25000 1.543e+14 89 5 1 1 
-8.44792e+15 6.8073e-45 0 4.97118e+27 0.001 10 25000 1.543e+14 90 5 1 1 
-8.37077e+15 0 0 4.97118e+27 0.001 10 25000 1.543e+14 91 5 1 1 
-8.29362e+15 0 0 4.97118e+27 0.001 10 25000 1.543e+14 92 5 1 1 
-8.21647e+15 0 0 4.97118e+27 0.001 10 25000 1.543e+14 93 5 1 1 
-8.13932e+15 0 0 4.97118e+27 0.001 10 25000 1.543e+14 94 5 1 1 
-8.06217e+15 0 0 4.97118e+27 0.001 10 25000 1.543e+14 95 5 1 1 
-7.98502e+15 0 0 4.97118e+27 0.001 10 25000 1.543e+14 96 5 1 1 
-7.90787e+15 0 0 4.97118e+27 0.001 10 25000 1.543e+14 97 5 1 1 
-7.83072e+15 0 0 4.97118e+27 0.001 10 25000 1.543e+14 98 5 1 1 
-7.75357e+15 0 0 4.97118e+27 0.001 10 25000 1.543e+14 99 5 1 1 
-7.67642e+15 0 0 4.97118e+27 0.001 10 25000 1.543e+14 100 5 1 1 
-7.59927e+15 0 0 4.97118e+27 0.001 10 25000 1.543e+14 101 5 1 1 
-7.52212e+15 0 0 4.97118e+27 0.001 10 25000 1.543e+14 102 5 1 1 
-7.44497e+15 0 0 4.97118e+27 0.001 10 25000 1.543e+14 103 5 1 1 
-7.36782e+15 0 0 4.97118e+27 0.001 10 25000 1.543e+14 104 5 1 1 
-7.29067e+15 0 0 4.97118e+27 0.001 10 25000 1.543e+14 105 5 1 1 
-7.21352e+15 0 0 4.97118e+27 0.001 10 25000 1.543e+14 106 5 1 1 
-7.13637e+15 0 0 4.97118e+27 0.001 10 25000 1.543e+14 107 5 1 1 
-7.05922e+15 0 0 4.97118e+27 0.001 10 25000 1.543e+14 108 5 1 1 
-6.98207e+15 0 0 4.97118e+27 0.001 10 25000 1.543e+14 109 5 1 1 
-6.90492e+15 0 0 4.97118e+27 0.001 10 25000 1.543e+14 110 5 1 1 
-6.82777e+15 0 0 4.97118e+27 0.001 10 25000 1.543e+14 111 5 1 1 
-6.75062e+15 0 0 4.97118e+27 0.001 10 25000 1.543e+14 112 5 1 1 
-6.67347e+15 0 0 4.97118e+27 0.001 10 25000 1.543e+14 113 5 1 1 
-6.59632e+15 0 0 4.97118e+27 0.001 10 25000 1.543e+14 114 5 1 1 
-6.51917e+15 0 0 4.97118e+27 0.001 10 25000 1.543e+14 115 5 1 1 
-6.44202e+15 0 0 4.97118e+27 0.001 10 25000 1.543e+14 116 5 1 1 
-6.36487e+15 0 0 4.97118e+27 0.001 10 25000 1.543e+14 117 5 1 1 
-6.28772e+15 0 0 4.97118e+27 0.001 10 25000 1.543e+14 118 5 1 1 
-6.21057e+15 0 0 4.97118e+27 0.001 10 25000 1.543e+14 119 5 1 1 
-6.13342e+15 0 0 4.97118e+27 0.001 10 25000 1.543e+14 120 5 1 1 
-6.05627e+15 0 0 4.97118e+27 0.001 10 25000 1.543e+14 121 5 1 1 
-5.97912e+15 0 0 4.97118e+27 0.001 10 25000 1.543e+14 122 5 1 1 
-5.90197e+15 0 0 4.97118e+27 0.001 10 25000 1.543e+14 123 5 1 1 
-5.82482e+15 0 0 4.97118e+27 0.001 10 25000 1.543e+14 124 5 1 1 
-5.74767e+15 0 0 4.97118e+27 0.001 10 25000 1.543e+14 125 5 1 1 
-5.67052e+15 0 0 4.97118e+27 0.001 10 25000 1.543e+14 126 5 1 1 
-5.59337e+15 0 0 4.97118e+27 0.001 10 25000 1.543e+14 127 5 1 1 
-5.51622e+15 0 0 4.97118e+27 0.001 10 25000 1.543e+14 128 5 1 1 
-5.43907e+15 0 0 4.97118e+27 0.001 10 25000 1.543e+14 129 5 1 1 
-5.36192e+15 0 0 4.97118e+27 0.001 10 25000 1.543e+14 130 5 1 1 
-5.28477e+15 0 0 4.97118e+27 0.001 10 25000 1.543e+14 131 5 1 1 
-5.20762e+15 0 0 4.97118e+27 0.001 10 25000 1.543e+14 132 5 1 1 
-5.13047e+15 0 0 4.97118e+27 0.001 10 25000 1.543e+14 133 5 1 1 
-5.05332e+15 0 0 4.97118e+27 0.001 10 25000 1.543e+14 134 5 1 1 
-4.97617e+15 0 0 4.97118e+27 0.001 10 25000 1.543e+14 135 5 1 1 
-4.89902e+15 0 0 4.97118e+27 0.001 10 25000 1.543e+14 136 5 1 1 
-4.82187e+15 0 0 4.97118e+27 0.001 10 25000 1.543e+14 137 5 1 1 
-4.74472e+15 0 0 4.97118e+27 0.001 10 25000 1.543e+14 138 5 1 1 
-4.66757e+15 0 0 4.97118e+27 0.001 10 25000 1.543e+14 139 5 1 1 
-4.59042e+15 0 0 4.97118e+27 0.001 10 25000 1.543e+14 140 5 1 1 
-4.51327e+15 0 0 4.97118e+27 0.001 10 25000 1.543e+14 141 5 1 1 
-4.43612e+15 0 0 4.97118e+27 0.001 10 25000 1.543e+14 142 5 1 1 
-4.35897e+15 0 0 4.97118e+27 0.001 10 25000 1.543e+14 143 5 1 1 
-4.28182e+15 0 0 4.97118e+27 0.001 10 25000 1.543e+14 144 5 1 1 
-4.20467e+15 0 0 4.97118e+27 0.001 10 25000 1.543e+14 145 5 1 1 
-4.12752e+15 0 0 4.97118e+27 0.001 10 25000 1.543e+14 146 5 1 1 
-4.05037e+15 0 0 4.97118e+27 0.001 10 25000 1.543e+14 147 5 1 1 
-3.97322e+15 0 0 4.97118e+27 0.001 10 25000 1.543e+14 148 5 1 1 
-3.89607e+15 0 0 4.97118e+27 0.001 10 25000 1.543e+14 149 5 1 1 
-3.81892e+15 0 0 4.97118e+27 0.001 10 25000 1.543e+14 150 5 1 1 
-3.74177e+15 0 0 4.97118e+27 0.001 10 25000 1.543e+14 151 5 1 1 
-3.66462e+15 0 0 4.97118e+27 0.001 10 25000 1.543e+14 152 5 1 1 
-3.58747e+15 0 0 4.97118e+27 0.001 10 25000 1.543e+14 153 5 1 1 
-3.51032e+15 0 0 4.97118e+27 0.001 10 25000 1.543e+14 154 5 1 1 
-3.43317e+15 0 0 4.97118e+27 0.001 10 25000 1.543e+14 155 5 1 1 
-3.35602e+15 0 0 4.97118e+27 0.001 10 25000 1.543e+14 156 5 1 1 
-3.27887e+15 0 0 4.97118e+27 0.001 10 25000 1.543e+14 157 5 1 1 
-3.20172e+15 0 0 4.97118e+27 0.001 10 25000 1.543e+14 158 5 1 1 
-3.12457e+15 0 0 4.97118e+27 0.001 10 25000 1.543e+14 159 5 1 1 
-3.04742e+15 0 0 4.97118e+27 0.001 10 25000 1.543e+14 160 5 1 1 
-2.97027e+15 0 0 4.97118e+27 0.001 10 25000 1.543e+14 161 5 1 1 
-2.89312e+15 0 0 4.97118e+27 0.001 10 25000 1.543e+14 162 5 1 1 
-2.81597e+15 0 0 4.97118e+27 0.001 10 25000 1.543e+14 163 5 1 1 
-2.73882e+15 0 0 4.97118e+27 0.001 10 25000 1.543e+14 164 5 1 1 
-2.66167e+15 0 0 4.97118e+27 0.001 10 25000 1.543e+14 165 5 1 1 
-2.58452e+15 0 0 4.97118e+27 0.001 10 25000 1.543e+14 166 5 1 1 
-2.50737e+15 0 0 4.97118e+27 0.001 10 25000 1.543e+14 167 5 1 1 
-2.43022e+15 0 0 4.97118e+27 0.001 10 25000 1.543e+14 168 5 1 1 
-2.35307e+15 0 0 4.97118e+27 0.001 10 25000 1.543e+14 169 5 1 1 
-2.27592e+15 0 0 4.97118e+27 0.001 10 25000 1.543e+14 170 5 1 1 
-2.19877e+15 0 0 4.97118e+27 0.001 10 25000 1.543e+14 171 5 1 1 
-2.12162e+15 0 0 4.97118e+27 0.001 10 25000 1.543e+14 172 5 1 1 
-2.04447e+15 0 0 4.97118e+27 0.001 10 25000 1.543e+14 173 5 1 1 
-1.96732e+15 -1.36242e-44 0 4.97118e+27 0.001 10 25000 1.543e+14 174 5 1 1 
-1.89017e+15 -3.45342e-14 -3.63266e-55 4.97118e+27 0.001 10 25000 1.543e+14 175 5 1 1 
-1.81302e+15 -1.72251e-13 -3.63266e-55 4.97118e+27 0.001 10 25000 1.543e+14 176 5 1 1 
-1.73587e+15 -3.09375e-13 0 4.97118e+27 0.001 10 25000 1.543e+14 177 5 1 1 
-1.65872e+15 -4.45501e-13 0 4.97118e+27 0.001 10 25000 1.543e+14 178 5 1 1 
-1.58157e+15 -6.14927e-13 0 4.97118e+27 0.001 10 25000 1.543e+14 179 5 1 1 
-1.50442e+15 -7.65541e-13 -1.84198e-24 4.97118e+27 0.001 10 25000 1.543e+14 180 5 1 1 
-1.42727e+15 -9.31916e-13 1.84198e-24 4.97118e+27 0.001 10 25000 1.543e+14 181 5 1 1 
-1.35012e+15 -1.16437e-12 -1.84198e-24 4.97118e+27 0.001 10 25000 1.543e+14 182 5 1 1 
-1.27297e+15 -1.32342e-12 1.84198e-24 4.97118e+27 0.001 10 25000 1.543e+14 183 5 1 1 
-1.19582e+15 -1.47338e-12 -1.84198e-24 4.97118e+27 0.001 10 25000 1.543e+14 184 5 1 1 
-1.11867e+15 -1.73616e-12 1.84198e-24 4.97118e+27 0.001 10 25000 1.543e+14 185 5 1 1 
-1.04152e+15 -3.20413e-12 -1.84198e-24 4.97118e+27 0.001 10 25000 1.543e+14 186 4 1 1 
-9.64375e+14 1.8928e-13 -1.84198e-24 4.97118e+27 0.001 10 25000 1.543e+14 187 3 1 1 
-8.87225e+14 -3.57072e-13 -1.84198e-24 4.97118e+27 0.001 10 25000 1.543e+14 188 4 1 1 
-8.10075e+14 -2.41704e-12 -1.65778e-23 4.97118e+27 0.001 10 25000 1.543e+14 189 3 1 1 
-7.32925e+14 -8.43817e-13 3.68395e-23 4.97118e+27 0.001 10 25000 1.543e+14 190 4 1 1 
-6.55775e+14 -1.9672e-14 -2.02618e-23 4.97118e+27 0.001 10 25000 1.543e+14 191 5 1 1 
-5.78625e+14 -6.15057e-13 -1.84198e-24 4.97118e+27 0.001 10 25000 1.543e+14 192 5 1 1 
-5.01475e+14 -2.49224e-12 -1.0225e-38 4.97118e+27 0.001 10 25000 1.543e+14 193 4 1 1 
-4.24325e+14 4.19957e-13 1.84198e-24 4.97118e+27 0.001 10 25000 1.543e+14 194 3 1 1 
-3.47175e+14 -6.67588e-13 -1.84198e-24 4.97118e+27 0.001 10 25000 1.543e+14 195 3 1 1 
-2.70025e+14 -1.07054e-12 0 4.97118e+27 0.001 10 25000 1.543e+14 196 3 1 1 
-1.92875e+14 -5.8944e-14 3.68395e-24 4.97118e+27 0.001 10 25000 1.543e+14 197 3 1 1 
-1.15725e+14 -8.66153e-14 -1.84198e-24 4.97118e+27 0.001 10 25000 1.543e+14 198 3 1 1 
-3.8575e+13 -1.71884e-13 0 4.97118e+27 0.001 10 25000 1.543e+14 199 3 1 1 
3.8575e+13 -4.2534e-13 -1.84198e-24 4.97118e+27 0.001 10 25000 1.543e+14 200 5 1 1 
1.15725e+14 1.69829e-13 -1.84198e-24 4.97118e+27 0.001 10 25000 1.543e+14 201 3 1 1 
1.92875e+14 3.57782e-13 -1.84198e-24 4.97118e+27 0.001 10 25000 1.543e+14 202 4 1 1 
2.70025e+14 -7.48987e-13 -2.21037e-23 4.97118e+27 0.001 10 25000 1.543e+14 203 4 1 1 
3.47175e+14 -1.18119e-12 2.94716e-23 4.97118e+27 0.001 10 25000 1.543e+14 204 3 1 1 
4.24325e+14 -3.31861e-13 1.84198e-24 4.97118e+27 0.001 10 25000 1.543e+14 205 4 1 1 
5.01475e+14 4.54931e-13 -7.36791e-24 4.97118e+27 0.001 10 25000 1.543e+14 206 4 1 1 
5.78625e+14 -6.26449e-13 1.84198e-24 4.97118e+27 0.001 10 25000 1.543e+14 207 5 1 1 
6.55775e+14 3.23615e-13 -1.91719e-38 4.97118e+27 0.001 10 25000 1.543e+14 208 5 1 1 
7.32925e+14 -6.41709e-13 1.84198e-24 4.97118e+27 0.001 10 25000 1.543e+14 209 4 1 1 
8.10075e+14 2.115e-12 8.9469e-39 4.97118e+27 0.001 10 25000 1.543e+14 210 3 1 1 
8.87225e+14 9.03746e-13 1.84198e-24 4.97118e+27 0.001 10 25000 1.543e+14 211 3 1 1 
9.64375e+14 4.82525e-12 1.0225e-38 4.97118e+27 0.001 10 25000 1.543e+14 212 4 1 1 
1.04153e+15 3.17137e-12 1.84198e-24 4.97118e+27 0.001 10 25000 1.543e+14 213 5 1 1 
1.11868e+15 2.89536e-12 -1.27813e-39 4.97118e+27 0.001 10 25000 1.543e+14 214 5 1 1 
1.19583e+15 2.40168e-12 -3.68395e-24 4.97118e+27 0.001 10 25000 1.543e+14 215 5 1 1 
1.27298e+15 1.90135e-12 3.68395e-24 4.97118e+27 0.001 10 25000 1.543e+14 216 5 1 1 
1.35013e+15 1.46358e-12 7.26532e-55 4.97118e+27 0.001 10 25000 1.543e+14 217 5 1 1 
1.42728e+15 1.05752e-12 7.26532e-55 4.97118e+27 0.001 10 25000 1.543e+14 218 5 1 1 
1.50443e+15 8.20747e-13 7.26532e-55 4.97118e+27 0.001 10 25000 1.543e+14 219 5 1 1 
1.58158e+15 5.82877e-13 0 4.97118e+27 0.001 10 25000 1.543e+14 220 5 1 1 
1.65873e+15 4.29714e-13 1.84198e-24 4.97118e+27 0.001 10 25000 1.543e+14 221 5 1 1 
1.73588e+15 2.92732e-13 -1.84198e-24 4.97118e+27 0.001 10 25000 1.543e+14 222 5 1 1 
1.81303e+15 1.55185e-13 1.84198e-24 4.97118e+27 0.001 10 25000 1.543e+14 223 5 1 1 
1.89018e+15 1.32698e-43 3.63266e-55 4.97118e+27 0.001 10 25000 1.543e+14 224 5 1 1 
1.96733e+15 0 0 4.97118e+27 0.001 10 25000 1.543e+14 225 5 1 1 
2.04448e+15 0 0 4.97118e+27 0.001 10 25000 1.543e+14 226 5 1 1 
2.12163e+15 0 0 4.97118e+27 0.001 10 25000 1.543e+14 227 5 1 1 
2.19878e+15 0 0 4.97118e+27 0.001 10 25000 1.543e+14 228 5 1 1 
2.27593e+15 0 0 4.97118e+27 0.001 10 25000 1.543e+14 229 5 1 1 
2.35308e+15 0 0 4.97118e+27 0.001 10 25000 1.543e+14 230 5 1 1 
2.43023e+15 0 0 4.97118e+27 0.001 10 25000 1.543e+14 231 5 1 1 
2.50738e+15 0 0 4.97118e+27 0.001 10 25000 1.543e+14 232 5 1 1 
2.58453e+15 0 0 4.97118e+27 0.001 10 25000 1.543e+14 233 5 1 1 
2.66168e+15 0 0 4.97118e+27 0.001 10 25000 1.543e+14 234 5 1 1 
2.73883e+15 0 0 4.97118e+27 0.001 10 25000 1.543e+14 235 5 1 1 
2.81598e+15 0 0 4.97118e+27 0.001 10 25000 1.543e+14 236 5 1 1 
2.89313e+15 -7.72998e-43 -3.63266e-55 4.97118e+27 0.001 10 25000 1.543e+14 237 5 1 1 
2.97028e+15 -1.69188e-13 0 4.97118e+27 0.001 10 25000 1.543e+14 238 5 1 1 
3.04743e+15 -3.37357e-13 3.63266e-55 4.97118e+27 0.001 10 25000 1.543e+14 239 5 1 1 
3.12458e+15 1.58941e-12 0 4.97118e+27 0.001 10 25000 1.543e+14 240 5 1 1 
3.20173e+15 1.42405e-12 2.1796e-54 4.97118e+27 0.001 10 25000 1.543e+14 241 5 1 1 
3.27888e+15 3.34086e-12 1.84198e-24 4.97118e+27 0.001 10 25000 1.543e+14 242 5 1 1 
3.35603e+15 1.98982e-12 -1.84198e-24 4.97118e+27 0.001 10 25000 1.543e+14 243 5 1 1 
3.43318e+15 1.4148e-12 -3.63266e-54 4.97118e+27 0.001 10 25000 1.543e+14 244 5 1 1 
3.51033e+15 -1.68144e-12 -1.84198e-24 4.97118e+27 0.001 10 25000 1.543e+14 245 5 1 1 
3.58748e+15 1.20157e-12 5.52593e-24 4.97118e+27 0.001 10 25000 1.543e+14 246 5 1 1 
3.66463e+15 -1.76326e-12 3.68395e-24 4.97118e+27 0.001 10 25000 1.543e+14 247 5 1 1 
3.74178e+15 2.01938e-12 -7.36791e-24 4.97118e+27 0.001 10 25000 1.543e+14 248 5 1 1 
3.81893e+15 -5.99245e-13 -3.68395e-24 4.97118e+27 0.001 10 25000 1.543e+14 249 4 1 1 
3.89608e+15 5.99245e-13 3.68395e-24 4.97118e+27 0.001 10 25000 1.543e+14 250 4 1 1 
3.97323e+15 -2.01938e-12 7.36791e-24 4.97118e+27 0.001 10 25000 1.543e+14 251 5 1 1 
4.05038e+15 1.76326e-12 -3.68395e-24 4.97118e+27 0.001 10 25000 1.543e+14 252 5 1 1 
4.12753e+15 -1.20157e-12 -5.52593e-24 4.97118e+27 0.001 10 25000 1.543e+14 253 5 1 1 
4.20468e+15 1.68144e-12 1.84198e-24 4.97118e+27 0.001 10 25000 1.543e+14 254 5 1 1 
4.28183e+15 -1.4148e-12 3.63266e-54 4.97118e+27 0.001 10 25000 1.543e+14 255 5 1 1 
4.35898e+15 -1.98982e-12 1.84198e-24 4.97118e+27 0.001 10 25000 1.543e+14 256 5 1 1 
4.43613e+15 -3.34086e-12 -1.84198e-24 4.97118e+27 0.001 10 25000 1.543e+14 257 5 1 1 
4.51328e+15 -1.42405e-12 -2.1796e-54 4.97118e+27 0.001 10 25000 1.543e+14 258 5 1 1 
4.59043e+15 -1.58941e-12 0 4.97118e+27 0.001 10 25000 1.543e+14 259 5 1 1 
4.66758e+15 3.37357e-13 -3.63266e-55 4.97118e+27 0.001 10 25000 1.543e+14 260 5 1 1 
4.74473e+15 1.69188e-13 0 4.97118e+27 0.001 10 25000 1.543e+14 261 5 1 1 
4.82188e+15 7.72998e-43 3.63266e-55 4.97118e+27 0.001 10 25000 1.543e+14 262 5 1 1 
4.89903e+15 0 0 4.97118e+27 0.001 10 25000 1.543e+14 263 5 1 1 
4.97618e+15 0 0 4.97118e+27 0.001 10 25000 1.543e+14 264 5 1 1 
5.05333e+15 0 0 4.97118e+27 0.001 10 25000 1.543e+14 265 5 1 1 
5.13048e+15 0 0 4.97118e+27 0.001 10 25000 1.543e+14 266 5 1 1 
5.20763e+15 0 0 4.97118e+27 0.001 10 25000 1.543e+14 267 5 1 1 
5.28478e+15 0 0 4.97118e+27 0.001 10 25000 1.543e+14 268 5 1 1 
5.36193e+15 0 0 4.97118e+27 0.001 10 25000 1.543e+14 269 5 1 1 
5.43908e+15 0 0 4.97118e+27 0.001 10 25000 1.543e+14 270 5 1 1 
5.51623e+15 0 0 4.97118e+27 0.001 10 25000 1.543e+14 271 5 1 1 
5.59338e+15 0 0 4.97118e+27 0.001 10 25000 1.543e+14 272 5 1 1 
5.67053e+15 0 0 4.97118e+27 0.001 10 25000 1.543e+14 273 5 1 1 
5.74768e+15 0 0 4.97118e+27 0.001 10 25000 1.543e+14 274 5 1 1 
5.82483e+15 0 0 4.97118e+27 0.001 10 25000 1.543e+14 275 5 1 1 
5.90198e+15 0 0 4.97118e+27 0.001 10 25000 1.543e+14 276 5 1 1 
5.97913e+15 0 0 4.97118e+27 0.001 10 25000 1.543e+14 277 5 1 1 
6.05628e+15 0 0 4.97118e+27 0.001 10 25000 1.543e+14 278 5 1 1 
6.13343e+15 0 0 4.97118e+27 0.001 10 25000 1.543e+14 279 5 1 1 
6.21058e+15 -3.76784e-43 -3.63266e-55 4.97118e+27 0.001 10 25000 1.543e+14 280 5 1 1 
6.28773e+15 -6.85718e-14 -3.63266e-55 4.97118e+27 0.001 10 25000 1.543e+14 281 5 1 1 
6.36488e+15 -2.05192e-13 0 4.97118e+27 0.001 10 25000 1.543e+14 282 5 1 1 
6.44203e+15 -3.75697e-13 0 4.97118e+27 0.001 10 25000 1.543e+14 283 5 1 1 
6.51918e+15 -5.45239e-13 3.63266e-55 4.97118e+27 0.001 10 25000 1.543e+14 284 5 1 1 
6.59633e+15 -6.79199e-13 1.45306e-54 4.97118e+27 0.001 10 25000 1.543e+14 285 5 1 1 
6.67348e+15 5.67424e-13 3.68395e-24 4.97118e+27 0.001 10 25000 1.543e+14 286 5 1 1 
6.75063e+15 3.69286e-13 3.68395e-24 4.97118e+27 0.001 10 25000 1.543e+14 287 5 1 1 
6.82778e+15 3.99621e-12 1.84198e-24 4.97118e+27 0.001 10 25000 1.543e+14 288 5 1 1 
6.90493e+15 2.74678e-12 1.84198e-24 4.97118e+27 0.001 10 25000 1.543e+14 289 5 1 1 
6.98208e+15 2.08414e-12 3.63266e-55 4.97118e+27 0.001 10 25000 1.543e+14 290 5 1 1 
7.05923e+15 1.54432e-13 5.52593e-24 4.97118e+27 0.001 10 25000 1.543e+14 291 5 1 1 
7.13638e+15 3.81999e-12 1.84198e-24 4.97118e+27 0.001 10 25000 1.543e+14 292 5 1 1 
7.21353e+15 2.12937e-12 -5.52593e-24 4.97118e+27 0.001 10 25000 1.543e+14 293 5 1 1 
7.29068e+15 2.02813e-12 -3.68395e-24 4.97118e+27 0.001 10 25000 1.543e+14 294 5 1 1 
7.36783e+15 -1.91746e-12 -1.84198e-24 4.97118e+27 0.001 10 25000 1.543e+14 295 5 1 1 
7.44498e+15 5.71703e-12 1.84198e-24 4.97118e+27 0.001 10 25000 1.543e+14 296 5 1 1 
7.52213e+15 6.95359e-13 1.84198e-24 4.97118e+27 0.001 10 25000 1.543e+14 297 5 1 1 
7.59928e+15 -1.82461e-13 1.10519e-23 4.97118e+27 0.001 10 25000 1.543e+14 298 5 1 1 
7.67643e+15 -5.8608e-12 7.36791e-24 4.97118e+27 0.001 10 25000 1.543e+14 299 3 1 1 
7.75358e+15 5.8608e-12 -7.36791e-24 4.97118e+27 0.001 10 25000 1.543e+14 300 3 1 1 
7.83073e+15 1.82461e-13 -1.10519e-23 4.97118e+27 0.001 10 25000 1.543e+14 301 5 1 1 
7.90788e+15 -6.95359e-13 -1.84198e-24 4.97118e+27 0.001 10 25000 1.543e+14 302 5 1 1 
7.98503e+15 -5.71703e-12 -1.84198e-24 4.97118e+27 0.001 10 25000 1.543e+14 303 5 1 1 
8.06218e+15 1.91746e-12 1.84198e-24 4.97118e+27 0.001 10 25000 1.543e+14 304 5 1 1 
8.13933e+15 -2.02813e-12 3.68395e-24 4.97118e+27 0.001 10 25000 1.543e+14 305 5 1 1 
8.21648e+15 -2.12937e-12 5.52593e-24 4.97118e+27 0.001 10 25000 1.543e+14 306 5 1 1 
8.29363e+15 -3.81999e-12 -1.84198e-24 4.97118e+27 0.001 10 25000 1.543e+14 307 5 1 1 
8.37078e+15 -1.54432e-13 -5.52593e-24 4.97118e+27 0.001 10 25000 1.543e+14 308 5 1 1 
8.44793e+15 -2.08414e-12 1.81633e-54 4.97118e+27 0.001 10 25000 1.543e+14 309 5 1 1 
8.52508e+15 -2.66042e-12 7.36791e-24 4.97118e+27 0.001 10 25000 1.543e+14 310 5 1 1 
8.60223e+15 -4.18677e-12 -9.20989e-23 4.97118e+27 0.001 10 25000 1.543e+14 311 5 1 1 
8.67938e+15 -4.05623e-11 -1.98565e-21 4.97118e+27 0.001 10 25000 1.543e+14 312 4 1 1 
8.75653e+15 -2.76537e-10 -9.72564e-21 4.97118e+27 0.001 10 25000 1.543e+14 313 4 1 1 
8.83367e+15 -1.40543e-09 -4.53624e-20 4.97118e+27 0.001 10 25000 1.543e+14 314 4 1 1 
8.91082e+15 -6.54805e-09 -1.98283e-19 4.97118e+27 0.001 10 25000 1.543e+14 315 4 1 1 
8.98797e+15 -2.77576e-08 -7.80927e-19 4.97118e+27 0.001 10 25000 1.543e+14 316 4 1 1 
9.06512e+15 -1.08844e-07 -2.88506e-18 4.97118e+27 0.001 10 25000 1.543e+14 317 4 1 1 
9.14227e+15 -3.98854e-07 -9.97828e-18 4.97118e+27 0.001 10 25000 1.543e+14 318 4 1 1 
9.21942e+15 -1.37587e-06 -3.259e-17 4.97118e+27 0.001 10 25000 1.543e+14 319 4 1 1 
9.29657e+15 -4.49072e-06 -1.00887e-16 4.97118e+27 0.001 10 25000 1.543e+14 320 4 1 1 
9.37372e+15 -1.39236e-05 -2.96997e-16 4.97118e+27 0.001 10 25000 1.543e+14 321 4 1 1 
9.45087e+15 -4.11333e-05 -8.33549e-16 4.97118e+27 0.001 10 25000 1.543e+14 322 4 1 1 
9.52802e+15 -0.000116061 -2.23477e-15 4.97118e+27 0.001 10 25000 1.543e+14 323 4 1 1 
9.60517e+15 -0.000313373 -5.73248e-15 4.97118e+27 0.001 10 25000 1.543e+14 324 4 1 1 
9.68232e+15 -0.000810956 -1.40865e-14 4.97118e+27 0.001 10 25000 1.543e+14 325 4 1 1 
9.75947e+15 -0.00201394 -3.31933e-14 4.97118e+27 0.001 10 25000 1.543e+14 326 4 1 1 
9.83662e+15 -0.00480464 -7.50621e-14 4.97118e+27 0.001 10.0001 25000 1.54299e+14 327 4 1 1 
9.91377e+15 -0.0110209 -1.62995e-13 4.97118e+27 0.00100001 10.0001 25000.1 1.54299e+14 328 4 1 1 
9.99092e+15 -0.0243235 -3.40018e-13 4.97118e+27 0.00100002 10.0003 25000.2 1.54297e+14 329 4 1 1 
1.00681e+16 -0.0516809 -6.81587e-13 4.97118e+27 0.00100004 10.0005 25000.4 1.54294e+14 330 4 1 1 
1.01452e+16 -0.105762 -1.31304e-12 4.97118e+27 0.00100008 10.0011 25000.8 1.54288e+14 331 4 1 1 
1.02224e+16 -0.208527 -2.4307e-12 4.97118e+27 0.00100016 10.0022 25001.6 1.54275e+14 332 4 1 1 
1.02995e+16 -0.396194 -4.32237e-12 4.97118e+27 0.0010003 10.0042 25003 1.54253e+14 333 4 1 1 
1.03766e+16 -0.725376 -7.37779e-12 4.97118e+27 0.00100056 10.0078 25005.5 1.54214e+14 334 4 1 0.999999 
1.04537e+16 -1.27945 -1.20723e-11 4.97118e+27 0.00100099 10.0137 25009.8 1.54148e+14 335 4 1 0.999998 
1.05308e+16 -2.17293 -1.88988e-11 4.97118e+27 0.00100168 10.0234 25016.7 1.54041e+14 336 4 1 0.999996 
1.06077e+16 -3.54991 -2.822e-11 4.97118e+27 0.00100276 10.0385 25027.4 1.53876e+14 337 4 1 0.999992 
1.06846e+16 -5.57095 -4.0026e-11 4.97118e+27 0.00100434 10.0607 25043.3 1.53633e+14 338 4 1 0.999984 
1.07614e+16 -8.38289 -5.36331e-11 4.97118e+27 0.00100657 10.0919 25065.5 1.53293e+14 339 4 1 0.999973 
1.08379e+16 -12.0702 -6.74459e-11 4.97118e+27 0.00100952 10.1333 25094.9 1.52846e+14 340 4 1 0.999959 
1.09142e+16 -16.5969 -7.90025e-11 4.97118e+27 0.00101318 10.185 25131.4 1.52293e+14 341 4 1 0.999946 
1.09902e+16 -21.761 -8.54446e-11 4.97118e+27 0.00101743 10.245 25173.7 1.51657e+14 342 4 1 0.99994 
1.10659e+16 -27.1894 -8.44387e-11 4.97118e+27 0.00102199 10.3095 25219 1.5098e+14 343 4 1 0.999945 
1.11412e+16 -32.388 -7.49427e-11 4.97118e+27 0.00102647 10.373 25263.4 1.50321e+14 344 4 1 0.999961 
1.12162e+16 -36.7969 -5.56016e-11 4.97118e+27 0.00103035 10.4281 25301.8 1.49756e+14 345 4 1 0.999997 
1.1291e+16 -39.486 -1.45094e-11 4.97118e+27 0.00103226 10.4564 25321.5 1.49478e+14 346 3 1 1 
1.13657e+16 -34.5178 2.37395e-10 4.97118e+27 0.00102605 10.3707 25262.3 1.50383e+14 347 4 1 1.00001 
1.14413e+16 -9.15774 5.00097e-10 4.97118e+27 0.00100736 10.1051 25076 1.53173e+14 348 4 1 0.999294 
1.15189e+16 18.2879 3.09057e-10 4.97118e+27 0.000986619 9.8112 24865 1.56393e+14 349 4 1 0.998666 
1.15978e+16 32.3552 1.5129e-10 4.97118e+27 0.000973152 9.62546 24729.2 1.58557e+14 350 4 1 0.999382 
1.16774e+16 44.9612 2.30645e-10 4.97118e+27 0.00096158 9.46754 24613 1.60465e+14 351 4 1 0.999631 
1.17582e+16 63.8307 3.0114e-10 4.97118e+27 0.000946782 9.26387 24460.7 1.62973e+14 352 4 1 0.999376 
1.18404e+16 84.8543 2.93334e-10 4.97118e+27 0.000930303 9.0383 24288.9 1.6586e+14 353 4 1 0.999137 
1.19241e+16 105.309 2.79963e-10 4.97118e+27 0.000914017 8.81757 24117.9 1.68815e+14 354 4 1 0.99912 
1.20093e+16 125.921 2.81924e-10 4.97118e+27 0.000897853 8.60016 23946.6 1.71854e+14 355 4 1 0.999113 
1.2096e+16 147.218 2.85184e-10 4.97118e+27 0.000881471 8.38129 23770.9 1.75048e+14 356 4 1 0.999059 
1.21843e+16 169.089 2.85384e-10 4.97118e+27 0.000864884 8.16133 23591 1.78405e+14 357 4 1 0.998999 
1.22744e+16 191.461 2.84603e-10 4.97118e+27 0.000848176 7.94147 23407.6 1.8192e+14 358 4 1 0.998945 
1.23663e+16 214.377 2.84545e-10 4.97118e+27 0.000831356 7.72188 23220.9 1.856e+14 359 4 1 0.998891 
1.246e+16 237.777 2.84313e-10 4.97118e+27 0.000814411 7.50244 23030.4 1.89462e+14 360 4 1 0.99883 
1.25557e+16 261.766 2.83342e-10 4.97118e+27 0.000797359 7.28347 22836.4 1.93514e+14 361 4 1 0.998767 
1.26536e+16 286.281 2.82713e-10 4.97118e+27 0.000780211 7.06513 22638.7 1.97767e+14 362 4 1 0.998702 
1.27535e+16 311.373 2.81112e-10 4.97118e+27 0.000762979 6.84766 22437.4 2.02233e+14 363 4 1 0.998632 
1.28558e+16 337.035 2.7944e-10 4.97118e+27 0.000745691 6.63144 22232.7 2.06922e+14 364 4 1 0.998563 
1.29605e+16 363.213 2.7784e-10 4.97118e+27 0.000728353 6.41659 22024.5 2.11848e+14 365 4 1 0.998489 
1.30677e+16 389.898 2.74227e-10 4.97118e+27 0.000711019 6.20384 21813.4 2.17012e+14 366 4 1 0.998417 
1.31775e+16 417.037 2.70262e-10 4.97118e+27 0.000693769 5.99416 21600.2 2.22408e+14 367 4 1 0.998355 
1.32901e+16 444.399 2.62971e-10 4.97118e+27 0.00067673 5.78907 21386.4 2.28008e+14 368 4 1 0.998309 
1.34056e+16 471.663 2.52241e-10 4.97118e+27 0.000660122 5.59115 21175 2.33745e+14 369 4 1 0.998303 
1.35239e+16 498.248 2.36351e-10 4.97118e+27 0.000644235 5.40368 20969.7 2.39509e+14 370 4 1 0.998353 
1.36451e+16 523.49 2.13139e-10 4.97118e+27 0.000629465 5.23104 20776.1 2.45129e+14 371 4 1 0.998483 
1.37691e+16 546.558 1.8666e-10 4.97118e+27 0.000616137 5.07665 20599.1 2.50431e+14 372 4 1 0.998689 
1.38956e+16 567.217 1.64246e-10 4.97118e+27 0.000604214 4.93972 20438.8 2.55373e+14 373 4 1 0.998902 
1.40245e+16 586.717 1.61433e-10 4.97118e+27 0.000592987 4.81181 20286.3 2.60208e+14 374 4 1 0.999017 
1.41558e+16 607.61 1.78899e-10 4.97118e+27 0.000581324 4.6799 20125.9 2.65429e+14 375 4 1 0.998939 
1.42899e+16 631.22 1.91557e-10 4.97118e+27 0.000568843 4.53979 19952 2.71252e+14 376 4 1 0.998726 
1.44271e+16 654.73 1.66366e-10 4.97118e+27 0.000556857 4.40633 19782.6 2.77091e+14 377 4 1 0.998693 
1.45671e+16 672.736 9.88714e-11 4.97118e+27 0.000547817 4.30644 19653.5 2.81664e+14 378 4 1 0.99914 
1.47088e+16 680.54 1.45079e-11 4.97118e+27 0.000543533 4.25947 19592.1 2.83883e+14 379 4 1 0.99977 
1.4851e+16 680.163 -6.55703e-12 4.97118e+27 0.000542827 4.2519 19582.3 2.84253e+14 380 5 1 0.999993 
1.4993e+16 679.779 -4.9385e-12 4.97118e+27 0.000543068 4.25463 19586.1 2.84126e+14 381 4 1 0.999999 
1.51351e+16 678.964 -6.83994e-12 4.97118e+27 0.000543406 4.25838 19591.1 2.8395e+14 382 4 1 0.999998 
1.5277e+16 678.067 -6.49055e-12 4.97118e+27 0.000543853 4.26334 19597.8 2.83716e+14 383 4 1 0.999998 
1.54188e+16 677.215 -5.50563e-12 4.97118e+27 0.000544288 4.26817 19604.3 2.8349e+14 384 4 1 0.999999 
1.55605e+16 676.5 -4.43552e-12 4.97118e+27 0.000544667 4.27239 19610.1 2.83292e+14 385 4 1 0.999999 
1.57021e+16 675.934 -3.45415e-12 4.97118e+27 0.000544974 4.27583 19614.8 2.83133e+14 386 4 1 0.999999 
1.58436e+16 675.495 -2.63049e-12 4.97118e+27 0.000545211 4.27851 19618.6 2.8301e+14 387 4 1 1 
1.59851e+16 675.157 -2.02589e-12 4.97118e+27 0.00054539 4.28058 19621.6 2.82917e+14 388 4 1 1 
1.61265e+16 674.895 -1.60236e-12 4.97118e+27 0.000545526 4.28218 19624.1 2.82847e+14 389 4 1 1 
1.62679e+16 674.686 -1.30077e-12 4.97118e+27 0.000545628 4.28344 19626.2 2.82793e+14 390 4 1 1 
1.64093e+16 674.513 -1.09529e-12 4.97118e+27 0.000545706 4.28445 19628 2.82753e+14 391 4 1 1 
1.65507e+16 674.365 -9.57972e-13 4.97118e+27 0.000545768 4.2853 19629.7 2.82721e+14 392 4 1 1 
1.66921e+16 674.234 -8.55618e-13 4.97118e+27 0.000545814 4.28603 19631.4 2.82697e+14 393 4 1 1 
1.68334e+16 674.115 -7.69965e-13 4.97118e+27 0.000545837 4.28657 19633 2.82685e+14 394 3 1 1 
1.69747e+16 674.008 -6.93445e-13 4.97118e+27 0.000545783 4.28653 19634.8 2.82713e+14 395 4 1 1 
1.71161e+16 673.912 -6.21773e-13 4.97118e+27 0.000545406 4.28446 19638.8 2.82908e+14 396 4 1 0.999999 
1.72576e+16 673.826 -5.54081e-13 4.97118e+27 0.000543818 4.26737 19617.6 2.83735e+14 397 4 1 0.999988 
1.73998e+16 673.748 -4.89882e-13 4.97118e+27 0.000530726 4.11307 19374.7 2.90734e+14 398 4 1 0.999673 
1.75485e+16 673.675 -4.25861e-13 4.97118e+27 0.000506671 4.40004 21710.5 3.04537e+14 399 4 1 0.994717 
1.77046e+16 673.605 -3.63759e-13 4.97118e+27 0.000481158 4.15401 21583.4 3.20685e+14 400 4 1 0.993708 
1.78695e+16 673.537 -3.07421e-13 4.97118e+27 0.00045869 4.49861 24518.8 3.36393e+14 401 4 1 0.993702 
1.80412e+16 673.473 -2.57937e-13 4.97118e+27 0.000450087 4.30418 23907.5 3.42823e+14 402 5 1 0.998662 
1.82123e+16 673.414 -2.11434e-13 4.97118e+27 0.000451692 4.28757 23730.6 3.41604e+14 403 4 1 0.999967 
1.83828e+16 673.358 -1.6068e-13 4.97118e+27 0.00045332 4.28722 23643.4 3.40378e+14 404 4 1 0.999986 
1.85527e+16 673.301 -8.93932e-14 4.97118e+27 0.000454408 4.28858 23594.3 3.39562e+14 405 4 1 0.999994 
1.87223e+16 673.233 5.32359e-14 4.97118e+27 0.000455096 4.28928 23562.5 3.39049e+14 406 4 1 0.999998 
1.88918e+16 673.125 4.193e-13 4.97118e+27 0.000455527 4.28917 23539.6 3.38729e+14 407 4 1 1 
1.90611e+16 672.885 1.49054e-12 4.97118e+27 0.000455724 4.2876 23520.8 3.38582e+14 408 3 1 1 
1.92303e+16 672.213 4.90804e-12 4.97118e+27 0.000455532 4.28199 23499.8 3.38725e+14 409 4 1 1 
1.93998e+16 670.253 1.48232e-11 4.97118e+27 0.00045441 4.26488 23463.7 3.39562e+14 410 4 1 0.999991 
1.95699e+16 664.714 4.01092e-11 4.97118e+27 0.000451042 4.21889 23383.7 3.42097e+14 411 4 1 0.999902 
1.97419e+16 650.74 1.01165e-10 4.97118e+27 0.000442667 4.10793 23199.1 3.48569e+14 412 4 1 0.999356 
1.99185e+16 618.261 2.12573e-10 4.97118e+27 0.000425454 3.88335 22817.4 3.62671e+14 413 4 1 0.997039 
2.01048e+16 554.347 4.35904e-10 4.97118e+27 0.000394174 3.4817 22079.9 3.91451e+14 414 4 1 0.990502 
2.03112e+16 417.887 8.79725e-10 4.97118e+27 0.00034639 2.88588 20827.3 4.45451e+14 415 4 1 0.976479 
2.05542e+16 214.32 9.63138e-10 4.97118e+27 0.000296453 2.29726 19375.1 5.20488e+14 416 4 1 0.959811 
2.08363e+16 60.5946 4.80942e-10 4.97118e+27 0.00026437 1.94378 18383.9 5.83651e+14 417 4 1 0.970729 
2.11394e+16 6.86084 9.75908e-11 4.97118e+27 0.000252441 1.81959 18021 6.11233e+14 418 4 1 0.993468 
2.14476e+16 -0.364104 3.42522e-12 4.97118e+27 0.000250112 1.7961 17953.1 6.16923e+14 419 4 1 0.999678 
2.17563e+16 -0.0948074 -1.58444e-12 4.97118e+27 0.000249974 1.79474 17949.2 6.17265e+14 420 5 1 0.999999 
2.20649e+16 0.00853759 -4.28971e-15 4.97118e+27 0.000249999 1.79499 17950 6.17202e+14 421 4 1 1 
2.23735e+16 0.00326124 2.15599e-14 4.97118e+27 0.000250001 1.79501 17950 6.17198e+14 422 3 1 1 
2.26821e+16 0.00073883 5.59829e-15 4.97118e+27 0.00025 1.795 17950 6.172e+14 423 4 1 1 
2.29907e+16 0.000148364 1.199e-15 4.97118e+27 0.00025 1.795 17950 6.172e+14 424 4 1 1 
2.32993e+16 2.76243e-05 2.36729e-16 4.97118e+27 0.00025 1.795 17950 6.172e+14 425 4 1 1 
2.36079e+16 4.79882e-06 4.35705e-17 4.97118e+27 0.00025 1.795 17950 6.172e+14 426 4 1 1 
2.39165e+16 7.77045e-07 7.47839e-18 4.97118e+27 0.00025 1.795 17950 6.172e+14 427 4 1 1 
2.42251e+16 1.16981e-07 1.19421e-18 4.97118e+27 0.00025 1.795 17950 6.172e+14 428 4 1 1 
2.45337e+16 1.63031e-08 1.769e-19 4.97118e+27 0.00025 1.795 17950 6.172e+14 429 4 1 1 
2.48423e+16 2.10406e-09 2.42492e-20 4.97118e+27 0.00025 1.795 17950 6.172e+14 430 4 1 1 
2.51509e+16 2.46435e-10 3.05538e-21 4.97118e+27 0.00025 1.795 17950 6.172e+14 431 4 1 1 
2.54595e+16 1.95476e-11 3.50436e-22 4.97118e+27 0.00025 1.795 17950 6.172e+14 432 4 1 1 
2.57681e+16 9.97015e-13 1.24333e-23 4.97118e+27 0.00025 1.795 17950 6.172e+14 433 5 1 1 
2.60767e+16 1.03594e-13 1.84198e-24 4.97118e+27 0.00025 1.795 17950 6.172e+14 434 5 1 1 
2.63853e+16 2.55369e-44 3.63266e-55 4.97118e+27 0.00025 1.795 17950 6.172e+14 435 5 1 1 
2.66939e+16 0 0 4.97118e+27 0.00025 1.795 17950 6.172e+14 436 5 1 1 
2.70025e+16 0 0 4.97118e+27 0.00025 1.795 17950 6.172e+14 437 5 1 1 
2.73111e+16 0 0 4.97118e+27 0.00025 1.795 17950 6.172e+14 438 5 1 1 
2.76197e+16 -2.63786e-44 -9.08165e-56 4.97118e+27 0.00025 1.795 17950 6.172e+14 439 5 1 1 
2.79283e+16 -1.03619e-43 -1.81633e-55 4.97118e+27 0.00025 1.795 17950 6.172e+14 440 5 1 1 
2.82369e+16 -2.4573e-13 -4.60494e-25 4.97118e+27 0.00025 1.795 17950 6.172e+14 441 5 1 1 
2.85455e+16 -7.40185e-13 -9.20989e-25 4.97118e+27 0.00025 1.795 17950 6.172e+14 442 5 1 1 
2.88541e+16 -1.52009e-12 -9.20989e-25 4.97118e+27 0.00025 1.795 17950 6.172e+14 443 5 1 1 
2.91627e+16 -3.00408e-12 -1.38148e-24 4.97118e+27 0.00025 1.795 17950 6.172e+14 444 5 1 1 
2.94713e+16 -5.11655e-12 9.20989e-25 4.97118e+27 0.00025 1.795 17950 6.172e+14 445 5 1 1 
2.97799e+16 -4.85166e-12 6.90741e-24 4.97118e+27 0.00025 1.795 17950 6.172e+14 446 5 1 1 
3.00885e+16 -1.07521e-11 9.20989e-24 4.97118e+27 0.00025 1.795 17950 6.172e+14 447 5 1 1 
3.03971e+16 9.57182e-12 -8.2889e-24 4.97118e+27 0.00025 1.795 17950 6.172e+14 448 5 1 1 
3.07057e+16 -4.40101e-13 -6.90741e-24 4.97118e+27 0.00025 1.795 17950 6.172e+14 449 3 1 1 
3.10143e+16 4.40101e-13 6.90741e-24 4.97118e+27 0.00025 1.795 17950 6.172e+14 450 3 1 1 
3.13229e+16 -9.57182e-12 8.2889e-24 4.97118e+27 0.00025 1.795 17950 6.172e+14 451 5 1 1 
3.16315e+16 1.07521e-11 -9.20989e-24 4.97118e+27 0.00025 1.795 17950 6.172e+14 452 5 1 1 
3.19401e+16 4.85166e-12 -6.90741e-24 4.97118e+27 0.00025 1.795 17950 6.172e+14 453 5 1 1 
3.22487e+16 5.11655e-12 -9.20989e-25 4.97118e+27 0.00025 1.795 17950 6.172e+14 454 5 1 1 
3.25573e+16 3.00408e-12 1.38148e-24 4.97118e+27 0.00025 1.795 17950 6.172e+14 455 5 1 1 
3.28659e+16 1.52009e-12 9.20989e-25 4.97118e+27 0.00025 1.795 17950 6.172e+14 456 5 1 1 
3.31745e+16 7.40185e-13 9.20989e-25 4.97118e+27 0.00025 1.795 17950 6.172e+14 457 5 1 1 
3.34831e+16 2.4573e-13 4.60494e-25 4.97118e+27 0.00025 1.795 17950 6.172e+14 458 5 1 1 
3.37917e+16 1.03619e-43 1.81633e-55 4.97118e+27 0.00025 1.795 17950 6.172e+14 459 5 1 1 
3.41003e+16 2.63786e-44 9.08165e-56 4.97118e+27 0.00025 1.795 17950 6.172e+14 460 5 1 1 
3.44089e+16 0 0 4.97118e+27 0.00025 1.795 17950 6.172e+14 461 5 1 1 
3.47175e+16 0 0 4.97118e+27 0.00025 1.795 17950 6.172e+14 462 5 1 1 
3.50261e+16 -8.51544e-46 -9.08165e-56 4.97118e+27 0.00025 1.795 17950 6.172e+14 463 5 1 1 
3.53347e+16 -3.23468e-44 -5.44899e-55 4.97118e+27 0.00025 1.795 17950 6.172e+14 464 5 1 1 
3.56433e+16 -1.16541e-13 -2.30247e-24 4.97118e+27 0.00025 1.795 17950 6.172e+14 465 5 1 1 
3.59519e+16 -1.5365e-12 -1.28938e-23 4.97118e+27 0.00025 1.795 17950 6.172e+14 466 5 1 1 
3.62605e+16 -1.34142e-11 -2.87348e-22 4.97118e+27 0.00025 1.795 17950 6.172e+14 467 4 1 1 
3.65691e+16 -2.56612e-10 -3.17741e-21 4.97118e+27 0.00025 1.795 17950 6.172e+14 468 4 1 1 
3.68777e+16 -2.08809e-09 -2.41658e-20 4.97118e+27 0.00025 1.795 17950 6.172e+14 469 4 1 1 
3.71863e+16 -1.63187e-08 -1.76803e-19 4.97118e+27 0.00025 1.795 17950 6.172e+14 470 4 1 1 
3.74949e+16 -1.16974e-07 -1.1945e-18 4.97118e+27 0.00025 1.795 17950 6.172e+14 471 4 1 1 
3.78035e+16 -7.77056e-07 -7.47812e-18 4.97118e+27 0.00025 1.795 17950 6.172e+14 472 4 1 1 
3.81121e+16 -4.79883e-06 -4.35707e-17 4.97118e+27 0.00025 1.795 17950 6.172e+14 473 4 1 1 
3.84207e+16 -2.76243e-05 -2.36729e-16 4.97118e+27 0.00025 1.795 17950 6.172e+14 474 4 1 1 
3.87293e+16 -0.000148364 -1.199e-15 4.97118e+27 0.00025 1.795 17950 6.172e+14 475 4 1 1 
3.90379e+16 -0.00073883 -5.59829e-15 4.97118e+27 0.00025 1.795 17950 6.172e+14 476 4 1 1 
3.93465e+16 -0.00326124 -2.15599e-14 4.97118e+27 0.000250001 1.79501 17950 6.17198e+14 477 3 1 1 
3.96551e+16 -0.00853759 4.28971e-15 4.97118e+27 0.000249999 1.79499 17950 6.17202e+14 478 4 1 1 
3.99637e+16 0.0948074 1.58444e-12 4.97118e+27 0.000249974 1.79474 17949.2 6.17265e+14 479 5 1 0.999999 
4.02724e+16 0.364104 -3.42522e-12 4.97118e+27 0.000250112 1.7961 17953.1 6.16923e+14 480 4 1 0.999678 
4.05806e+16 -6.86084 -9.75908e-11 4.97118e+27 0.000252441 1.81959 18021 6.11233e+14 481 4 1 0.993468 
4.08837e+16 -60.5946 -4.80942e-10 4.97118e+27 0.00026437 1.94378 18383.9 5.83651e+14 482 4 1 0.970729 
4.11658e+16 -214.32 -9.63138e-10 4.97118e+27 0.000296453 2.29726 19375.1 5.20488e+14 483 4 1 0.959811 
4.14088e+16 -417.887 -8.79725e-10 4.97118e+27 0.00034639 2.88588 20827.3 4.45451e+14 484 4 1 0.976479 
4.16152e+16 -554.347 -4.35904e-10 4.97118e+27 0.000394174 3.4817 22079.9 3.91451e+14 485 4 1 0.990502 
4.18015e+16 -618.261 -2.12573e-10 4.97118e+27 0.000425454 3.88335 22817.4 3.62671e+14 486 4 1 0.997039 
4.19781e+16 -650.74 -1.01165e-10 4.97118e+27 0.000442667 4.10793 23199.1 3.48569e+14 487 4 1 0.999356 
4.21501e+16 -664.714 -4.01092e-11 4.97118e+27 0.000451042 4.21889 23383.7 3.42097e+14 488 4 1 0.999902 
4.23202e+16 -670.253 -1.48232e-11 4.97118e+27 0.00045441 4.26488 23463.7 3.39562e+14 489 4 1 0.999991 
4.24897e+16 -672.213 -4.90804e-12 4.97118e+27 0.000455532 4.28199 23499.8 3.38725e+14 490 4 1 1 
4.26589e+16 -672.885 -1.49054e-12 4.97118e+27 0.000455724 4.2876 23520.8 3.38582e+14 491 3 1 1 
4.28282e+16 -673.125 -4.193e-13 4.97118e+27 0.000455527 4.28917 23539.6 3.38729e+14 492 4 1 1 
4.29977e+16 -673.233 -5.32359e-14 4.97118e+27 0.000455096 4.28928 23562.5 3.39049e+14 493 4 1 0.999998 
4.31673e+16 -673.301 8.93932e-14 4.97118e+27 0.000454408 4.28858 23594.3 3.39562e+14 494 4 1 0.999994 
4.33372e+16 -673.358 1.6068e-13 4.97118e+27 0.00045332 4.28722 23643.4 3.40378e+14 495 4 1 0.999986 
4.35077e+16 -673.414 2.11434e-13 4.97118e+27 0.000451692 4.28757 23730.6 3.41604e+14 496 4 1 0.999967 
4.36788e+16 -673.473 2.57937e-13 4.97118e+27 0.000450087 4.30418 23907.5 3.42823e+14 497 5 1 0.998662 
4.38505e+16 -673.537 3.07421e-13 4.97118e+27 0.00045869 4.49861 24518.8 3.36393e+14 498 4 1 0.993702 
4.40154e+16 -673.605 3.63759e-13 4.97118e+27 0.000481158 4.15401 21583.4 3.20685e+14 499 4 1 0.993708 
