# Time [s]: 0.102804
# Columns: pos [m], vel [m/s], acc [m/s^2], mass [kg], dens [kg/m^3], pres [Pa], ene [J/kg], sml [m], id, neighbor, alpha, gradh, ...additional?
1.43299 -0.673708 0.0139536 0.0025 0.506652 0.439981 2.17102 0.0098687 0 4 1 0.994718 
1.43781 -0.673786 0.0160932 0.0025 0.530705 0.411284 1.93744 0.00942144 1 4 1 0.999674 
1.44241 -0.673869 0.0182493 0.0025 0.543793 0.42671 1.96173 0.00919467 2 4 1 0.999988 
1.447 -0.67396 0.0204478 0.0025 0.545379 0.428416 1.96384 0.00916794 3 4 1 0.999999 
1.45158 -0.674062 0.0227039 0.0025 0.545753 0.42862 1.96344 0.00916166 4 4 1 1 
1.45616 -0.674175 0.0251078 0.0025 0.545804 0.428621 1.96325 0.0091608 5 3 1 1 
1.46074 -0.6743 0.0279177 0.0025 0.545777 0.428562 1.96308 0.00916126 6 4 1 1 
1.46532 -0.674439 0.0315456 0.0025 0.545726 0.428484 1.96291 0.00916211 7 4 1 1 
1.4699 -0.674598 0.0365704 0.0025 0.545658 0.428392 1.96273 0.00916325 8 4 1 1 
1.47449 -0.674788 0.0441418 0.0025 0.54557 0.42828 1.96253 0.00916473 9 4 1 1 
1.47907 -0.675022 0.0555938 0.0025 0.545453 0.428138 1.9623 0.00916669 10 4 1 1 
1.48365 -0.675319 0.071522 0.0025 0.545298 0.427956 1.96203 0.00916931 11 4 1 1 
1.48824 -0.675706 0.0929976 0.0025 0.54509 0.427719 1.96169 0.00917279 12 4 1 1 
1.49283 -0.676212 0.122007 0.0025 0.544819 0.427413 1.96126 0.00917737 13 4 1 0.999999 
1.49742 -0.676856 0.156263 0.0025 0.544471 0.427024 1.96073 0.00918322 14 4 1 0.999999 
-0.497991 -0.677652 0.189499 0.0025 0.544052 0.426557 1.96009 0.0091903 15 4 1 0.999998 
-0.493394 -0.678565 0.208767 0.0025 0.543595 0.42605 1.95941 0.00919802 16 4 1 0.999998 
-0.488793 -0.679488 0.21643 0.0025 0.543175 0.425584 1.95878 0.00920513 17 4 1 0.999998 
-0.484189 -0.680028 0.0731978 0.0025 0.542885 0.425261 1.95834 0.00921006 18 5 1 0.999999 
-0.479583 -0.680856 0.237653 0.0025 0.542893 0.425255 1.95832 0.00920992 19 4 1 0.999925 
-0.474979 -0.677734 -1.89086 0.0025 0.545275 0.427852 1.96171 0.00916968 20 4 1 0.999417 
-0.470413 -0.663575 -4.45481 0.0025 0.552441 0.435747 1.97198 0.00905073 21 4 1 0.998791 
-0.465927 -0.641301 -5.84619 0.0025 0.563652 0.448187 1.9879 0.00887073 22 4 1 0.998632 
-0.461541 -0.616855 -5.8491 0.0025 0.57635 0.462395 2.00569 0.00867528 23 4 1 0.998835 
-0.457251 -0.594617 -5.18414 0.0025 0.588522 0.47612 2.02252 0.00849586 24 4 1 0.998987 
-0.453044 -0.574635 -5.01187 0.0025 0.599927 0.489077 2.03808 0.00833435 25 4 1 0.998929 
-0.448916 -0.554349 -5.56064 0.0025 0.611653 0.502503 2.05391 0.00817457 26 4 1 0.998722 
-0.444869 -0.531758 -6.42813 0.0025 0.624687 0.517554 2.07129 0.00800401 27 4 1 0.998491 
-0.440911 -0.506721 -7.22064 0.0025 0.63928 0.534559 2.09051 0.0078213 28 4 1 0.998324 
-0.437046 -0.479893 -7.80519 0.0025 0.65516 0.553241 2.11112 0.00763172 29 4 1 0.998241 
-0.433277 -0.452209 -8.22054 0.0025 0.671937 0.573177 2.13258 0.00744117 30 4 1 0.998231 
-0.429604 -0.424244 -8.47003 0.0025 0.689256 0.593966 2.15439 0.0072542 31 4 1 0.99827 
-0.426022 -0.396406 -8.63445 0.0025 0.706851 0.6153 2.17622 0.00707363 32 4 1 0.998334 
-0.422529 -0.369006 -8.73612 0.0025 0.72456 0.636988 2.19786 0.00690074 33 4 1 0.998407 
-0.41912 -0.342081 -8.81558 0.0025 0.742291 0.658916 2.21921 0.0067359 34 4 1 0.998483 
-0.415792 -0.315768 -8.88055 0.0025 0.760001 0.681028 2.24024 0.00657894 35 4 1 0.99856 
-0.41254 -0.290009 -8.91056 0.0025 0.777644 0.703262 2.26089 0.00642968 36 4 1 0.998635 
-0.409361 -0.264818 -8.94013 0.0025 0.795192 0.725578 2.28116 0.00628779 37 4 1 0.998704 
-0.406251 -0.240232 -8.97758 0.0025 0.812648 0.747974 2.30105 0.00615272 38 4 1 0.998773 
-0.403208 -0.216219 -8.97344 0.0025 0.82999 0.770414 2.32057 0.00602417 39 4 1 0.998836 
-0.400227 -0.192763 -9.00308 0.0025 0.847213 0.792886 2.3397 0.0059017 40 4 1 0.998896 
-0.397305 -0.169865 -8.99991 0.0025 0.864316 0.815384 2.35848 0.00578492 41 4 1 0.998955 
-0.394441 -0.147456 -8.98577 0.0025 0.881267 0.837859 2.37687 0.00567365 42 4 1 0.999019 
-0.391631 -0.125702 -8.88797 0.0025 0.898006 0.860222 2.39482 0.00556789 43 4 1 0.999071 
-0.388873 -0.104645 -8.87668 0.0025 0.914561 0.882491 2.41237 0.0054671 44 4 1 0.999072 
-0.386164 -0.0835721 -9.36166 0.0025 0.9313 0.905194 2.42995 0.00536884 45 4 1 0.999118 
-0.383503 -0.0620996 -9.33675 0.0025 0.94806 0.928155 2.4474 0.00527393 46 4 1 0.999407 
-0.380889 -0.0437154 -6.67256 0.0025 0.962636 0.948196 2.46236 0.00519407 47 4 1 0.999609 
-0.378309 -0.0314332 -5.04239 0.0025 0.974297 0.964085 2.47406 0.0051319 48 4 1 0.999223 
-0.375757 -0.014947 -11.3423 0.0025 0.989377 0.984996 2.48932 0.00505369 49 4 1 0.998578 
-0.373255 0.0147717 -15.3809 0.0025 1.01131 1.01615 2.5116 0.00494406 50 4 1 0.999497 
-0.370812 0.0371519 -5.16617 0.0025 1.0284 1.04038 2.52854 0.00486194 51 4 1 1.00002 
-0.368393 0.0395981 0.807482 0.0025 1.03253 1.04599 2.53239 0.00484245 52 3 1 1 
-0.36597 0.0363654 1.90177 0.0025 1.02993 1.04222 2.52978 0.00485468 53 4 1 0.999988 
-0.363538 0.0316446 2.45093 0.0025 1.02579 1.03634 2.52567 0.00487429 54 4 1 0.999955 
-0.361096 0.0262361 2.69206 0.0025 1.02116 1.02977 2.52108 0.00489639 55 4 1 0.999941 
-0.358642 0.0207114 2.66637 0.0025 1.01654 1.02324 2.51649 0.00491862 56 4 1 0.999938 
-0.356177 0.0155652 2.41324 0.0025 1.01233 1.0173 2.51229 0.0049391 57 4 1 0.999947 
-0.353703 0.0111459 2.0184 0.0025 1.00877 1.01228 2.50874 0.00495655 58 4 1 0.999961 
-0.35122 0.00761788 1.57312 0.0025 1.00596 1.00833 2.50594 0.0049704 59 4 1 0.999975 
-0.348732 0.00498001 1.15124 0.0025 1.00387 1.00541 2.50386 0.0049807 60 4 1 0.999986 
-0.34624 0.00312042 0.796242 0.0025 1.00242 1.00337 2.50241 0.00498794 61 4 1 0.999993 
-0.343744 0.00187737 0.523223 0.0025 1.00145 1.00202 2.50144 0.00499276 62 4 1 0.999997 
-0.341247 0.00108594 0.327947 0.0025 1.00084 1.00116 2.50083 0.00499582 63 4 1 0.999999 
-0.338748 0.000604435 0.196606 0.0025 1.00046 1.00065 2.50046 0.00499768 64 4 1 1 
-0.336249 0.000323877 0.112942 0.0025 1.00025 1.00035 2.50025 0.00499876 65 4 1 1 
-0.33375 0.000167095 0.0622386 0.0025 1.00013 1.00018 2.50013 0.00499936 66 4 1 1 
-0.33125 8.29967e-05 0.0329211 0.0025 1.00006 1.00009 2.50006 0.00499968 67 4 1 1 
-0.32875 3.96791e-05 0.016719 0.0025 1.00003 1.00004 2.50003 0.00499985 68 4 1 1 
-0.32625 1.82511e-05 0.00815198 0.0025 1.00001 1.00002 2.50001 0.00499993 69 4 1 1 
-0.32375 8.07253e-06 0.00381547 0.0025 1.00001 1.00001 2.50001 0.00499997 70 4 1 1 
-0.32125 3.43105e-06 0.00171356 0.0025 1 1 2.5 0.00499999 71 4 1 1 
-0.31875 1.40016e-06 0.000738041 0.0025 1 1 2.5 0.00499999 72 4 1 1 
-0.31625 5.48056e-07 0.000304628 0.0025 1 1 2.5 0.005 73 4 1 1 
-0.31375 2.05507e-07 0.00012038 0.0025 1 1 2.5 0.005 74 4 1 1 
-0.31125 7.37097e-08 4.54893e-05 0.0025 1 1 2.5 0.005 75 4 1 1 
-0.30875 2.52409e-08 1.64124e-05 0.0025 1 1 2.5 0.005 76 4 1 1 
-0.30625 8.23288e-09 5.64296e-06 0.0025 1 1 2.5 0.005 77 4 1 1 
-0.30375 2.55026e-09 1.84439e-06 0.0025 1 1 2.5 0.005 78 4 1 1 
-0.30125 7.47389e-10 5.71232e-07 0.0025 1 1 2.5 0.005 79 4 1 1 
-0.29875 2.06163e-10 1.66981e-07 0.0025 1 1 2.5 0.005 80 4 1 1 
-0.29625 5.31765e-11 4.57891e-08 0.0025 1 1 2.5 0.005 81 4 1 1 
-0.29375 1.26722e-11 1.16956e-08 0.0025 1 1 2.5 0.005 82 4 1 1 
-0.29125 2.76749e-12 2.75645e-09 0.0025 1 1 2.5 0.005 83 4 1 1 
-0.28875 5.40081e-13 5.82929e-10 0.0025 1 1 2.5 0.005 84 4 1 1 
-0.28625 8.68665e-14 1.0192e-10 0.0025 1 1 2.5 0.005 85 4 1 1 
-0.28375 8.37296e-15 2.38174e-11 0.0025 1 1 2.5 0.005 86 4 1 1 
-0.28125 -4.66106e-16 -1.53477e-12 0.0025 1 1 2.5 0.005 87 5 1 1 
-0.27875 -1.19791e-32 -3.9443e-29 0.0025 1 1 2.5 0.005 88 5 1 1 
-0.27625 0 0 0.0025 1 1 2.5 0.005 89 5 1 1 
-0.27375 0 0 0.0025 1 1 2.5 0.005 90 5 1 1 
-0.27125 0 0 0.0025 1 1 2.5 0.005 91 5 1 1 
-0.26875 0 0 0.0025 1 1 2.5 0.005 92 5 1 1 
-0.26625 0 0 0.0025 1 1 2.5 0.005 93 5 1 1 
-0.26375 0 0 0.0025 1 1 2.5 0.005 94 5 1 1 
-0.26125 0 0 0.0025 1 1 2.5 0.005 95 5 1 1 
-0.25875 0 0 0.0025 1 1 2.5 0.005 96 5 1 1 
-0.25625 0 0 0.0025 1 1 2.5 0.005 97 5 1 1 
-0.25375 0 0 0.0025 1 1 2.5 0.005 98 5 1 1 
-0.25125 0 0 0.0025 1 1 2.5 0.005 99 5 1 1 
-0.24875 0 0 0.0025 1 1 2.5 0.005 100 5 1 1 
-0.24625 0 0 0.0025 1 1 2.5 0.005 101 5 1 1 
-0.24375 0 0 0.0025 1 1 2.5 0.005 102 5 1 1 
-0.24125 0 0 0.0025 1 1 2.5 0.005 103 5 1 1 
-0.23875 0 0 0.0025 1 1 2.5 0.005 104 5 1 1 
-0.23625 0 0 0.0025 1 1 2.5 0.005 105 5 1 1 
-0.23375 0 0 0.0025 1 1 2.5 0.005 106 5 1 1 
-0.23125 0 0 0.0025 1 1 2.5 0.005 107 5 1 1 
-0.22875 0 0 0.0025 1 1 2.5 0.005 108 5 1 1 
-0.22625 0 0 0.0025 1 1 2.5 0.005 109 5 1 1 
-0.22375 0 0 0.0025 1 1 2.5 0.005 110 5 1 1 
-0.22125 0 0 0.0025 1 1 2.5 0.005 111 5 1 1 
-0.21875 0 0 0.0025 1 1 2.5 0.005 112 5 1 1 
-0.21625 0 0 0.0025 1 1 2.5 0.005 113 5 1 1 
-0.21375 0 0 0.0025 1 1 2.5 0.005 114 5 1 1 
-0.21125 0 0 0.0025 1 1 2.5 0.005 115 5 1 1 
-0.20875 0 0 0.0025 1 1 2.5 0.005 116 5 1 1 
-0.20625 0 0 0.0025 1 1 2.5 0.005 117 5 1 1 
-0.20375 0 0 0.0025 1 1 2.5 0.005 118 5 1 1 
-0.20125 0 0 0.0025 1 1 2.5 0.005 119 5 1 1 
-0.19875 0 0 0.0025 1 1 2.5 0.005 120 5 1 1 
-0.19625 0 0 0.0025 1 1 2.5 0.005 121 5 1 1 
-0.19375 0 0 0.0025 1 1 2.5 0.005 122 5 1 1 
-0.19125 0 0 0.0025 1 1 2.5 0.005 123 5 1 1 
-0.18875 0 0 0.0025 1 1 2.5 0.005 124 5 1 1 
-0.18625 0 0 0.0025 1 1 2.5 0.005 125 5 1 1 
-0.18375 0 0 0.0025 1 1 2.5 0.005 126 5 1 1 
-0.18125 0 0 0.0025 1 1 2.5 0.005 127 5 1 1 
-0.17875 0 0 0.0025 1 1 2.5 0.005 128 5 1 1 
-0.17625 0 0 0.0025 1 1 2.5 0.005 129 5 1 1 
-0.17375 0 0 0.0025 1 1 2.5 0.005 130 5 1 1 
-0.17125 0 0 0.0025 1 1 2.5 0.005 131 5 1 1 
-0.16875 0 0 0.0025 1 1 2.5 0.005 132 5 1 1 
-0.16625 0 0 0.0025 1 1 2.5 0.005 133 5 1 1 
-0.16375 0 0 0.0025 1 1 2.5 0.005 134 5 1 1 
-0.16125 0 0 0.0025 1 1 2.5 0.005 135 5 1 1 
-0.15875 0 0 0.0025 1 1 2.5 0.005 136 5 1 1 
-0.15625 0 0 0.0025 1 1 2.5 0.005 137 5 1 1 
-0.15375 0 0 0.0025 1 1 2.5 0.005 138 5 1 1 
-0.15125 0 0 0.0025 1 1 2.5 0.005 139 5 1 1 
-0.14875 0 0 0.0025 1 1 2.5 0.005 140 5 1 1 
-0.14625 0 0 0.0025 1 1 2.5 0.005 141 5 1 1 
-0.14375 0 0 0.0025 1 1 2.5 0.005 142 5 1 1 
-0.14125 0 0 0.0025 1 1 2.5 0.005 143 5 1 1 
-0.13875 0 0 0.0025 1 1 2.5 0.005 144 5 1 1 
-0.13625 0 0 0.0025 1 1 2.5 0.005 145 5 1 1 
-0.13375 0 0 0.0025 1 1 2.5 0.005 146 5 1 1 
-0.13125 0 0 0.0025 1 1 2.5 0.005 147 5 1 1 
-0.12875 0 0 0.0025 1 1 2.5 0.005 148 5 1 1 
-0.12625 0 0 0.0025 1 1 2.5 0.005 149 5 1 1 
-0.12375 0 0 0.0025 1 1 2.5 0.005 150 5 1 1 
-0.12125 0 0 0.0025 1 1 2.5 0.005 151 5 1 1 
-0.11875 0 0 0.0025 1 1 2.5 0.005 152 5 1 1 
-0.11625 0 0 0.0025 1 1 2.5 0.005 153 5 1 1 
-0.11375 0 0 0.0025 1 1 2.5 0.005 154 5 1 1 
-0.11125 0 0 0.0025 1 1 2.5 0.005 155 5 1 1 
-0.10875 0 0 0.0025 1 1 2.5 0.005 156 5 1 1 
-0.10625 0 0 0.0025 1 1 2.5 0.005 157 5 1 1 
-0.10375 0 0 0.0025 1 1 2.5 0.005 158 5 1 1 
-0.10125 0 0 0.0025 1 1 2.5 0.005 159 5 1 1 
-0.09875 0 0 0.0025 1 1 2.5 0.005 160 5 1 1 
-0.09625 0 0 0.0025 1 1 2.5 0.005 161 5 1 1 
-0.09375 0 0 0.0025 1 1 2.5 0.005 162 5 1 1 
-0.09125 0 0 0.0025 1 1 2.5 0.005 163 5 1 1 
-0.08875 0 0 0.0025 1 1 2.5 0.005 164 5 1 1 
-0.08625 0 0 0.0025 1 1 2.5 0.005 165 5 1 1 
-0.08375 0 0 0.0025 1 1 2.5 0.005 166 5 1 1 
-0.08125 0 0 0.0025 1 1 2.5 0.005 167 5 1 1 
-0.07875 0 0 0.0025 1 1 2.5 0.005 168 5 1 1 
-0.07625 0 0 0.0025 1 1 2.5 0.005 169 5 1 1 
-0.07375 0 0 0.0025 1 1 2.5 0.005 170 5 1 1 
-0.07125 0 0 0.0025 1 1 2.5 0.005 171 5 1 1 
-0.06875 0 0 0.0025 1 1 2.5 0.005 172 5 1 1 
-0.06625 0 0 0.0025 1 1 2.5 0.005 173 5 1 1 
-0.06375 -6.81068e-48 0 0.0025 1 1 2.5 0.005 174 5 1 1 
-0.06125 -3.45342e-17 -1.12104e-44 0.0025 1 1 2.5 0.005 175 5 1 1 
-0.05875 -1.54983e-16 -5.68434e-14 0.0025 1 1 2.5 0.005 176 5 1 1 
-0.05625 -2.92095e-16 5.68434e-14 0.0025 1 1 2.5 0.005 177 5 1 1 
-0.05375 -4.28255e-16 -5.68434e-14 0.0025 1 1 2.5 0.005 178 5 1 1 
-0.05125 -5.97655e-16 5.68434e-14 0.0025 1 1 2.5 0.005 179 5 1 1 
-0.04875 -7.65541e-16 -5.68434e-14 0.0025 1 1 2.5 0.005 180 5 1 1 
-0.04625 -9.31916e-16 5.68434e-14 0.0025 1 1 2.5 0.005 181 5 1 1 
-0.04375 -1.16437e-15 -5.68434e-14 0.0025 1 1 2.5 0.005 182 5 1 1 
-0.04125 -1.32342e-15 5.68434e-14 0.0025 1 1 2.5 0.005 183 5 1 1 
-0.03875 -1.49065e-15 3.9443e-29 0.0025 1 1 2.5 0.005 184 5 1 1 
-0.03625 -1.64988e-15 -5.52203e-28 0.0025 1 1 2.5 0.005 185 5 1 1 
-0.03375 -3.29041e-15 -3.15544e-28 0.0025 1 1 2.5 0.005 186 4 1 1 
-0.03125 2.41131e-16 6.31089e-28 0.0025 1 1 2.5 0.005 187 3 1 1 
-0.02875 -1.67195e-16 -1.13687e-13 0.0025 1 1 2.5 0.005 188 3 1 1 
-0.02625 -1.17406e-15 -5.68434e-14 0.0025 1 1 2.5 0.005 189 3 1 1 
-0.02375 -2.75992e-15 -1.7053e-13 0.0025 1 1 2.5 0.005 190 3 1 1 
-0.02125 9.8148e-16 1.7053e-13 0.0025 1 1 2.5 0.005 191 4 1 1 
-0.01875 -7.8766e-16 5.68434e-14 0.0025 1 1 2.5 0.005 192 5 1 1 
-0.01625 -2.38865e-15 -1.13687e-13 0.0025 1 1 2.5 0.005 193 4 1 1 
-0.01375 2.81818e-16 5.68434e-14 0.0025 1 1 2.5 0.005 194 3 1 1 
-0.01125 -6.3302e-16 5.68434e-14 0.0025 1 1 2.5 0.005 195 3 1 1 
-0.00875 -9.66971e-16 -1.13687e-13 0.0025 1 1 2.5 0.005 196 3 1 1 
-0.00625 -1.27939e-16 -1.13687e-13 0.0025 1 1 2.5 0.005 197 3 1 1 
-0.00375 -4.00509e-19 0 0.0025 1 1 2.5 0.005 198 3 1 1 
-0.00125 -7.24243e-16 2.27374e-13 0.0025 1 1 2.5 0.005 199 5 1 1 
0.00125 5.80255e-17 -1.7053e-13 0.0025 1 1 2.5 0.005 200 3 1 1 
0.00375 3.42478e-16 1.7053e-13 0.0025 1 1 2.5 0.005 201 3 1 1 
0.00625 2.71451e-16 -1.13687e-13 0.0025 1 1 2.5 0.005 202 5 1 1 
0.00875 -4.03645e-16 0 0.0025 1 1 2.5 0.005 203 3 1 1 
0.01125 -4.9053e-16 -1.13687e-13 0.0025 1 1 2.5 0.005 204 3 1 1 
0.01375 -1.45417e-15 -2.27374e-13 0.0025 1 1 2.5 0.005 205 3 1 1 
0.01625 8.0023e-16 1.13687e-13 0.0025 1 1 2.5 0.005 206 4 1 1 
0.01875 -9.19985e-16 2.27374e-13 0.0025 1 1 2.5 0.005 207 5 1 1 
0.02125 2.54563e-16 -5.91646e-28 0.0025 1 1 2.5 0.005 208 5 1 1 
0.02375 -7.45314e-16 5.68434e-14 0.0025 1 1 2.5 0.005 209 4 1 1 
0.02625 2.06322e-15 5.68434e-14 0.0025 1 1 2.5 0.005 210 3 1 1 
0.02875 8.51926e-16 -2.76101e-28 0.0025 1 1 2.5 0.005 211 3 1 1 
0.03125 4.80798e-15 -5.68434e-14 0.0025 1 1 2.5 0.005 212 4 1 1 
0.03375 3.17137e-15 5.68434e-14 0.0025 1 1 2.5 0.005 213 5 1 1 
0.03625 2.91264e-15 5.68434e-14 0.0025 1 1 2.5 0.005 214 5 1 1 
0.03875 2.36714e-15 -1.12104e-44 0.0025 1 1 2.5 0.005 215 5 1 1 
0.04125 1.86679e-15 2.24208e-44 0.0025 1 1 2.5 0.005 216 5 1 1 
0.04375 1.39454e-15 2.24208e-44 0.0025 1 1 2.5 0.005 217 5 1 1 
0.04625 1.02297e-15 2.24208e-44 0.0025 1 1 2.5 0.005 218 5 1 1 
0.04875 8.03502e-16 5.68434e-14 0.0025 1 1 2.5 0.005 219 5 1 1 
0.05125 5.65606e-16 -5.68434e-14 0.0025 1 1 2.5 0.005 220 5 1 1 
0.05375 3.95166e-16 5.68434e-14 0.0025 1 1 2.5 0.005 221 5 1 1 
0.05625 2.75487e-16 0 0.0025 1 1 2.5 0.005 222 5 1 1 
0.05875 1.37914e-16 1.12104e-44 0.0025 1 1 2.5 0.005 223 5 1 1 
0.06125 1.05457e-46 1.12104e-44 0.0025 1 1 2.5 0.005 224 5 1 1 
0.06375 0 0 0.0025 1 1 2.5 0.005 225 5 1 1 
0.06625 0 0 0.0025 1 1 2.5 0.005 226 5 1 1 
0.06875 0 0 0.0025 1 1 2.5 0.005 227 5 1 1 
0.07125 0 0 0.0025 1 1 2.5 0.005 228 5 1 1 
0.07375 0 0 0.0025 1 1 2.5 0.005 229 5 1 1 
0.07625 0 0 0.0025 1 1 2.5 0.005 230 5 1 1 
0.07875 0 0 0.0025 1 1 2.5 0.005 231 5 1 1 
0.08125 0 0 0.0025 1 1 2.5 0.005 232 5 1 1 
0.08375 0 0 0.0025 1 1 2.5 0.005 233 5 1 1 
0.08625 0 0 0.0025 1 1 2.5 0.005 234 5 1 1 
0.08875 0 0 0.0025 1 1 2.5 0.005 235 5 1 1 
0.09125 0 0 0.0025 1 1 2.5 0.005 236 5 1 1 
0.09375 -7.45757e-46 -1.12104e-44 0.0025 1 1 2.5 0.005 237 5 1 1 
0.09625 -1.69188e-16 0 0.0025 1 1 2.5 0.005 238 5 1 1 
0.09875 -3.37357e-16 1.12104e-44 0.0025 1 1 2.5 0.005 239 5 1 1 
0.10125 1.55489e-15 0 0.0025 1 1 2.5 0.005 240 5 1 1 
0.10375 1.38954e-15 6.72623e-44 0.0025 1 1 2.5 0.005 241 5 1 1 
0.10625 3.37536e-15 5.68434e-14 0.0025 1 1 2.5 0.005 242 5 1 1 
0.10875 2.02436e-15 -5.68434e-14 0.0025 1 1 2.5 0.005 243 5 1 1 
0.11125 1.4839e-15 -1.23314e-43 0.0025 1 1 2.5 0.005 244 5 1 1 
0.11375 -1.6124e-15 -5.68434e-14 0.0025 1 1 2.5 0.005 245 5 1 1 
0.11625 7.87178e-16 1.7053e-13 0.0025 1 1 2.5 0.005 246 5 1 1 
0.11875 -2.14316e-15 2.27374e-13 0.0025 1 1 2.5 0.005 247 5 1 1 
0.12125 2.58917e-15 -2.84217e-13 0.0025 1 1 2.5 0.005 248 5 1 1 
0.12375 -1.50274e-16 -2.27374e-13 0.0025 1 1 2.5 0.005 249 4 1 1 
0.12625 1.50274e-16 2.27374e-13 0.0025 1 1 2.5 0.005 250 4 1 1 
0.12875 -2.58917e-15 2.84217e-13 0.0025 1 1 2.5 0.005 251 5 1 1 
0.13125 2.14316e-15 -2.27374e-13 0.0025 1 1 2.5 0.005 252 5 1 1 
0.13375 -7.87178e-16 -1.7053e-13 0.0025 1 1 2.5 0.005 253 5 1 1 
0.13625 1.6124e-15 5.68434e-14 0.0025 1 1 2.5 0.005 254 5 1 1 
0.13875 -1.4839e-15 1.23314e-43 0.0025 1 1 2.5 0.005 255 5 1 1 
0.14125 -2.02436e-15 5.68434e-14 0.0025 1 1 2.5 0.005 256 5 1 1 
0.14375 -3.37536e-15 -5.68434e-14 0.0025 1 1 2.5 0.005 257 5 1 1 
0.14625 -1.38954e-15 -6.72623e-44 0.0025 1 1 2.5 0.005 258 5 1 1 
0.14875 -1.55489e-15 0 0.0025 1 1 2.5 0.005 259 5 1 1 
0.15125 3.37357e-16 -1.12104e-44 0.0025 1 1 2.5 0.005 260 5 1 1 
0.15375 1.69188e-16 0 0.0025 1 1 2.5 0.005 261 5 1 1 
0.15625 7.45757e-46 1.12104e-44 0.0025 1 1 2.5 0.005 262 5 1 1 
0.15875 0 0 0.0025 1 1 2.5 0.005 263 5 1 1 
0.16125 0 0 0.0025 1 1 2.5 0.005 264 5 1 1 
0.16375 0 0 0.0025 1 1 2.5 0.005 265 5 1 1 
0.16625 0 0 0.0025 1 1 2.5 0.005 266 5 1 1 
0.16875 0 0 0.0025 1 1 2.5 0.005 267 5 1 1 
0.17125 0 0 0.0025 1 1 2.5 0.005 268 5 1 1 
0.17375 0 0 0.0025 1 1 2.5 0.005 269 5 1 1 
0.17625 0 0 0.0025 1 1 2.5 0.005 270 5 1 1 
0.17875 0 0 0.0025 1 1 2.5 0.005 271 5 1 1 
0.18125 0 0 0.0025 1 1 2.5 0.005 272 5 1 1 
0.18375 0 0 0.0025 1 1 2.5 0.005 273 5 1 1 
0.18625 0 0 0.0025 1 1 2.5 0.005 274 5 1 1 
0.18875 0 0 0.0025 1 1 2.5 0.005 275 5 1 1 
0.19125 0 0 0.0025 1 1 2.5 0.005 276 5 1 1 
0.19375 0 0 0.0025 1 1 2.5 0.005 277 5 1 1 
0.19625 0 0 0.0025 1 1 2.5 0.005 278 5 1 1 
0.19875 0 0 0.0025 1 1 2.5 0.005 279 5 1 1 
0.20125 -3.49543e-46 -1.12104e-44 0.0025 1 1 2.5 0.005 280 5 1 1 
0.20375 -6.85718e-17 -1.12104e-44 0.0025 1 1 2.5 0.005 281 5 1 1 
0.20625 -2.05192e-16 0 0.0025 1 1 2.5 0.005 282 5 1 1 
0.20875 -3.75697e-16 0 0.0025 1 1 2.5 0.005 283 5 1 1 
0.21125 -5.45239e-16 1.12104e-44 0.0025 1 1 2.5 0.005 284 5 1 1 
0.21375 -6.79199e-16 3.36312e-44 0.0025 1 1 2.5 0.005 285 5 1 1 
0.21625 2.91162e-16 1.13687e-13 0.0025 1 1 2.5 0.005 286 5 1 1 
0.21875 1.10292e-16 5.68434e-14 0.0025 1 1 2.5 0.005 287 5 1 1 
0.22125 3.96168e-15 5.68434e-14 0.0025 1 1 2.5 0.005 288 5 1 1 
0.22375 2.52231e-15 1.13687e-13 0.0025 1 1 2.5 0.005 289 5 1 1 
0.22625 1.87699e-15 1.13687e-13 0.0025 1 1 2.5 0.005 290 5 1 1 
0.22875 -1.39124e-16 1.13687e-13 0.0025 1 1 2.5 0.005 291 5 1 1 
0.23125 3.71637e-15 5.68434e-14 0.0025 1 1 2.5 0.005 292 5 1 1 
0.23375 2.11211e-15 6.72623e-44 0.0025 1 1 2.5 0.005 293 5 1 1 
0.23625 2.52884e-15 -1.7053e-13 0.0025 1 1 2.5 0.005 294 5 1 1 
0.23875 -1.45123e-15 -3.41061e-13 0.0025 1 1 2.5 0.005 295 5 1 1 
0.24125 5.0781e-15 5.68434e-13 0.0025 1 1 2.5 0.005 296 5 1 1 
0.24375 2.98198e-16 3.41061e-13 0.0025 1 1 2.5 0.005 297 5 1 1 
0.24625 -3.5505e-16 -3.41061e-13 0.0025 1 1 2.5 0.005 298 5 1 1 
0.24875 -5.80893e-15 -2.84217e-13 0.0025 1 1 2.5 0.005 299 3 1 1 
0.25125 5.80893e-15 2.84217e-13 0.0025 1 1 2.5 0.005 300 3 1 1 
0.25375 3.5505e-16 3.41061e-13 0.0025 1 1 2.5 0.005 301 5 1 1 
0.25625 -2.98198e-16 -3.41061e-13 0.0025 1 1 2.5 0.005 302 5 1 1 
0.25875 -5.0781e-15 -5.68434e-13 0.0025 1 1 2.5 0.005 303 5 1 1 
0.26125 1.45123e-15 3.41061e-13 0.0025 1 1 2.5 0.005 304 5 1 1 
0.26375 -2.52884e-15 1.7053e-13 0.0025 1 1 2.5 0.005 305 5 1 1 
0.26625 -2.11211e-15 -6.72623e-44 0.0025 1 1 2.5 0.005 306 5 1 1 
0.26875 -3.71637e-15 -5.68434e-14 0.0025 1 1 2.5 0.005 307 5 1 1 
0.27125 1.39124e-16 -1.13687e-13 0.0025 1 1 2.5 0.005 308 5 1 1 
0.27375 -1.87699e-15 -1.13687e-13 0.0025 1 1 2.5 0.005 309 5 1 1 
0.27625 -2.52231e-15 -1.13687e-13 0.0025 1 1 2.5 0.005 310 5 1 1 
0.27875 -3.96168e-15 -5.68434e-14 0.0025 1 1 2.5 0.005 311 5 1 1 
0.28125 3.3855e-16 1.42109e-12 0.0025 1 1 2.5 0.005 312 5 1 1 
0.28375 -8.38788e-15 -2.37037e-11 0.0025 1 1 2.5 0.005 313 4 1 1 
0.28625 -8.66361e-14 -1.02148e-10 0.0025 1 1 2.5 0.005 314 4 1 1 
0.28875 -5.3976e-13 -5.82986e-10 0.0025 1 1 2.5 0.005 315 4 1 1 
0.29125 -2.76719e-12 -2.75645e-09 0.0025 1 1 2.5 0.005 316 4 1 1 
0.29375 -1.2672e-11 -1.16956e-08 0.0025 1 1 2.5 0.005 317 4 1 1 
0.29625 -5.31763e-11 -4.5789e-08 0.0025 1 1 2.5 0.005 318 4 1 1 
0.29875 -2.06163e-10 -1.66981e-07 0.0025 1 1 2.5 0.005 319 4 1 1 
0.30125 -7.47388e-10 -5.71232e-07 0.0025 1 1 2.5 0.005 320 4 1 1 
0.30375 -2.55026e-09 -1.84439e-06 0.0025 1 1 2.5 0.005 321 4 1 1 
0.30625 -8.23288e-09 -5.64296e-06 0.0025 1 1 2.5 0.005 322 4 1 1 
0.30875 -2.52409e-08 -1.64124e-05 0.0025 1 1 2.5 0.005 323 4 1 1 
0.31125 -7.37097e-08 -4.54893e-05 0.0025 1 1 2.5 0.005 324 4 1 1 
0.31375 -2.05507e-07 -0.00012038 0.0025 1 1 2.5 0.005 325 4 1 1 
0.31625 -5.48056e-07 -0.000304628 0.0025 1 1 2.5 0.005 326 4 1 1 
0.31875 -1.40016e-06 -0.000738041 0.0025 1 1 2.5 0.00499999 327 4 1 1 
0.32125 -3.43105e-06 -0.00171356 0.0025 1 1 2.5 0.00499999 328 4 1 1 
0.32375 -8.07253e-06 -0.00381547 0.0025 1.00001 1.00001 2.50001 0.00499997 329 4 1 1 
0.32625 -1.82511e-05 -0.00815198 0.0025 1.00001 1.00002 2.50001 0.00499993 330 4 1 1 
0.32875 -3.96791e-05 -0.016719 0.0025 1.00003 1.00004 2.50003 0.00499985 331 4 1 1 
0.33125 -8.29967e-05 -0.0329211 0.0025 1.00006 1.00009 2.50006 0.00499968 332 4 1 1 
0.33375 -0.000167095 -0.0622386 0.0025 1.00013 1.00018 2.50013 0.00499936 333 4 1 1 
0.336249 -0.000323877 -0.112942 0.0025 1.00025 1.00035 2.50025 0.00499876 334 4 1 1 
0.338748 -0.000604435 -0.196606 0.0025 1.00046 1.00065 2.50046 0.00499768 335 4 1 1 
0.341247 -0.00108594 -0.327947 0.0025 1.00084 1.00116 2.50083 0.00499582 336 4 1 0.999999 
0.343744 -0.00187737 -0.523223 0.0025 1.00145 1.00202 2.50144 0.00499276 337 4 1 0.999997 
0.34624 -0.00312042 -0.796242 0.0025 1.00242 1.00337 2.50241 0.00498794 338 4 1 0.999993 
0.348732 -0.00498001 -1.15124 0.0025 1.00387 1.00541 2.50386 0.0049807 339 4 1 0.999986 
0.35122 -0.00761788 -1.57312 0.0025 1.00596 1.00833 2.50594 0.0049704 340 4 1 0.999975 
0.353703 -0.0111459 -2.0184 0.0025 1.00877 1.01228 2.50874 0.00495655 341 4 1 0.999961 
0.356177 -0.0155652 -2.41324 0.0025 1.01233 1.0173 2.51229 0.0049391 342 4 1 0.999947 
0.358642 -0.0207114 -2.66637 0.0025 1.01654 1.02324 2.51649 0.00491862 343 4 1 0.999938 
0.361096 -0.0262361 -2.69206 0.0025 1.02116 1.02977 2.52108 0.00489639 344 4 1 0.999941 
0.363538 -0.0316446 -2.45093 0.0025 1.02579 1.03634 2.52567 0.00487429 345 4 1 0.999955 
0.36597 -0.0363654 -1.90177 0.0025 1.02993 1.04222 2.52978 0.00485468 346 4 1 0.999988 
0.368393 -0.0395981 -0.807482 0.0025 1.03253 1.04599 2.53239 0.00484245 347 3 1 1 
0.370812 -0.0371519 5.16617 0.0025 1.0284 1.04038 2.52854 0.00486194 348 4 1 1.00002 
0.373255 -0.0147717 15.3809 0.0025 1.01131 1.01615 2.5116 0.00494406 349 4 1 0.999497 
0.375757 0.014947 11.3423 0.0025 0.989377 0.984996 2.48932 0.00505369 350 4 1 0.998578 
0.378309 0.0314332 5.04239 0.0025 0.974297 0.964085 2.47406 0.0051319 351 4 1 0.999223 
0.380889 0.0437154 6.67256 0.0025 0.962636 0.948196 2.46236 0.00519407 352 4 1 0.999609 
0.383503 0.0620996 9.33675 0.0025 0.94806 0.928155 2.4474 0.00527393 353 4 1 0.999407 
0.386164 0.0835721 9.36166 0.0025 0.9313 0.905194 2.42995 0.00536884 354 4 1 0.999118 
0.388873 0.104645 8.87668 0.0025 0.914561 0.882491 2.41237 0.0054671 355 4 1 0.999072 
0.391631 0.125702 8.88797 0.0025 0.898006 0.860222 2.39482 0.00556789 356 4 1 0.999071 
0.394441 0.147456 8.98577 0.0025 0.881267 0.837859 2.37687 0.00567365 357 4 1 0.999019 
0.397305 0.169865 8.99991 0.0025 0.864316 0.815384 2.35848 0.00578492 358 4 1 0.998955 
0.400227 0.192763 9.00308 0.0025 0.847213 0.792886 2.3397 0.0059017 359 4 1 0.998896 
0.403208 0.216219 8.97344 0.0025 0.82999 0.770414 2.32057 0.00602417 360 4 1 0.998836 
0.406251 0.240232 8.97758 0.0025 0.812648 0.747974 2.30105 0.00615272 361 4 1 0.998773 
0.409361 0.264818 8.94013 0.0025 0.795192 0.725578 2.28116 0.00628779 362 4 1 0.998704 
0.41254 0.290009 8.91056 0.0025 0.777644 0.703262 2.26089 0.00642968 363 4 1 0.998635 
0.415792 0.315768 8.88055 0.0025 0.760001 0.681028 2.24024 0.00657894 364 4 1 0.99856 
0.41912 0.342081 8.81558 0.0025 0.742291 0.658916 2.21921 0.0067359 365 4 1 0.998483 
0.422529 0.369006 8.73612 0.0025 0.72456 0.636988 2.19786 0.00690074 366 4 1 0.998407 
0.426022 0.396406 8.63445 0.0025 0.706851 0.6153 2.17622 0.00707363 367 4 1 0.998334 
0.429604 0.424244 8.47003 0.0025 0.689256 0.593966 2.15439 0.0072542 368 4 1 0.99827 
0.433277 0.452209 8.22054 0.0025 0.671937 0.573177 2.13258 0.00744117 369 4 1 0.998231 
0.437046 0.479893 7.80519 0.0025 0.65516 0.553241 2.11112 0.00763172 370 4 1 0.998241 
0.440911 0.506721 7.22064 0.0025 0.63928 0.534559 2.09051 0.0078213 371 4 1 0.998324 
0.444869 0.531758 6.42813 0.0025 0.624687 0.517554 2.07129 0.00800401 372 4 1 0.998491 
0.448916 0.554349 5.56064 0.0025 0.611653 0.502503 2.05391 0.00817457 373 4 1 0.998722 
0.453044 0.574635 5.01187 0.0025 0.599927 0.489077 2.03808 0.00833435 374 4 1 0.998929 
0.457251 0.594617 5.18414 0.0025 0.588522 0.47612 2.02252 0.00849586 375 4 1 0.998987 
0.461541 0.616855 5.8491 0.0025 0.57635 0.462395 2.00569 0.00867528 376 4 1 0.998835 
0.465927 0.641301 5.84619 0.0025 0.563652 0.448187 1.9879 0.00887073 377 4 1 0.998632 
0.470413 0.663575 4.45481 0.0025 0.552441 0.435747 1.97198 0.00905073 378 4 1 0.998791 
0.474979 0.677734 1.89086 0.0025 0.545275 0.427852 1.96171 0.00916968 379 4 1 0.999417 
0.479583 0.680856 -0.237653 0.0025 0.542893 0.425255 1.95832 0.00920992 380 4 1 0.999925 
0.484189 0.680028 -0.0731978 0.0025 0.542885 0.425261 1.95834 0.00921006 381 5 1 0.999999 
0.488793 0.679488 -0.21643 0.0025 0.543175 0.425584 1.95878 0.00920513 382 4 1 0.999998 
0.493394 0.678565 -0.208767 0.0025 0.543595 0.42605 1.95941 0.00919802 383 4 1 0.999998 
0.497991 0.677652 -0.189499 0.0025 0.544052 0.426557 1.96009 0.0091903 384 4 1 0.999998 
0.502584 0.676856 -0.156263 0.0025 0.544471 0.427024 1.96073 0.00918322 385 4 1 0.999999 
0.507174 0.676212 -0.122007 0.0025 0.544819 0.427413 1.96126 0.00917737 386 4 1 0.999999 
0.511761 0.675706 -0.0929976 0.0025 0.54509 0.427719 1.96169 0.00917279 387 4 1 1 
0.516347 0.675319 -0.071522 0.0025 0.545298 0.427956 1.96203 0.00916931 388 4 1 1 
0.520931 0.675022 -0.0555938 0.0025 0.545453 0.428138 1.9623 0.00916669 389 4 1 1 
0.525514 0.674788 -0.0441418 0.0025 0.54557 0.42828 1.96253 0.00916473 390 4 1 1 
0.530095 0.674598 -0.0365704 0.0025 0.545658 0.428392 1.96273 0.00916325 391 4 1 1 
0.534677 0.674439 -0.0315456 0.0025 0.545726 0.428484 1.96291 0.00916211 392 4 1 1 
0.539258 0.6743 -0.0279177 0.0025 0.545777 0.428562 1.96308 0.00916126 393 4 1 1 
0.543838 0.674175 -0.0251078 0.0025 0.545804 0.428621 1.96325 0.0091608 394 3 1 1 
0.548418 0.674062 -0.0227039 0.0025 0.545753 0.42862 1.96344 0.00916166 395 4 1 1 
0.553 0.67396 -0.0204478 0.0025 0.545379 0.428416 1.96384 0.00916794 396 4 1 0.999999 
0.557586 0.673869 -0.0182493 0.0025 0.543793 0.42671 1.96173 0.00919467 397 4 1 0.999988 
0.562194 0.673786 -0.0160932 0.0025 0.530705 0.411284 1.93744 0.00942144 398 4 1 0.999674 
0.567013 0.673708 -0.0139536 0.0025 0.506652 0.439981 2.17102 0.0098687 399 4 1 0.994718 
0.57207 0.673633 -0.0119353 0.0025 0.481142 0.415382 2.15831 0.010392 400 4 1 0.993709 
0.577414 0.673561 -0.0101165 0.0025 0.458676 0.449842 2.45185 0.010901 401 4 1 0.993702 
0.582977 0.673493 -0.00848975 0.0025 0.450075 0.430402 2.39072 0.0111093 402 5 1 0.998662 
0.588523 0.67343 -0.00689142 0.0025 0.45168 0.428742 2.37304 0.0110698 403 4 1 0.999967 
0.594047 0.67337 -0.00500519 0.0025 0.453308 0.428706 2.36432 0.01103 404 4 1 0.999986 
0.599553 0.673307 -0.00216508 0.0025 0.454395 0.428841 2.3594 0.0110036 405 4 1 0.999994 
0.60505 0.673227 0.00381393 0.0025 0.455077 0.428902 2.35621 0.0109872 406 4 1 0.999998 
0.610541 0.673085 0.0202358 0.0025 0.455486 0.428863 2.35387 0.0109773 407 4 1 1 
0.616027 0.672746 0.0703896 0.0025 0.455613 0.428614 2.35185 0.0109742 408 3 1 1 
0.621515 0.671764 0.222347 0.0025 0.45521 0.427776 2.34932 0.0109839 409 4 1 1 
0.627011 0.6689 0.666826 0.0025 0.453514 0.425313 2.34452 0.011025 410 4 1 0.999978 
0.63254 0.661166 1.70751 0.0025 0.448784 0.418931 2.33365 0.0111412 411 4 1 0.999801 
0.638153 0.641837 4.23421 0.0025 0.437706 0.404328 2.30926 0.0114232 412 4 1 0.998847 
0.643967 0.6004 8.22215 0.0025 0.416182 0.376383 2.26074 0.012014 413 4 1 0.995315 
0.650182 0.516249 18.0777 0.0025 0.378529 0.328404 2.16873 0.013209 414 4 1 0.986562 
0.65724 0.347275 30.6189 0.0025 0.327367 0.265702 2.02911 0.0152734 415 4 1 0.969343 
0.66561 0.146877 25.4378 0.0025 0.282151 0.213683 1.89362 0.017721 416 4 1 0.959634 
0.675079 0.0314063 9.34897 0.0025 0.258183 0.18787 1.81937 0.0193661 417 4 1 0.980171 
0.684999 0.00188585 1.2561 0.0025 0.251016 0.180517 1.79792 0.019919 418 4 1 0.99734 
0.694999 -0.000388316 -0.0535349 0.0025 0.249989 0.179488 1.79497 0.0200008 419 4 1 0.999935 
0.705 -1.7248e-05 -0.0180358 0.0025 0.249986 0.179486 1.79496 0.0200011 420 5 1 1 
0.715 6.93146e-06 0.00102211 0.0025 0.250001 0.179501 1.795 0.0199999 421 3 1 1 
0.725 1.94194e-06 0.000422962 0.0025 0.25 0.1795 1.795 0.02 422 4 1 1 
0.735 4.14895e-07 9.98492e-05 0.0025 0.25 0.1795 1.795 0.02 423 4 1 1 
0.745 8.00903e-08 2.06135e-05 0.0025 0.25 0.1795 1.795 0.02 424 4 1 1 
0.755 1.43602e-08 3.92116e-06 0.0025 0.25 0.1795 1.795 0.02 425 4 1 1 
0.765 2.39798e-09 6.94628e-07 0.0025 0.25 0.1795 1.795 0.02 426 4 1 1 
0.775 3.72171e-10 1.14459e-07 0.0025 0.25 0.1795 1.795 0.02 427 4 1 1 
0.785 5.35316e-11 1.7492e-08 0.0025 0.25 0.1795 1.795 0.02 428 4 1 1 
0.795 7.09383e-12 2.46916e-09 0.0025 0.25 0.1795 1.795 0.02 429 4 1 1 
0.805 8.67674e-13 3.21407e-10 0.0025 0.25 0.1795 1.795 0.02 430 4 1 1 
0.815 9.26229e-14 4.10267e-11 0.0025 0.25 0.1795 1.795 0.02 431 4 1 1 
0.825 4.13395e-15 1.98952e-12 0.0025 0.25 0.1795 1.795 0.02 432 5 1 1 
0.835 5.26501e-16 2.55795e-13 0.0025 0.25 0.1795 1.795 0.02 433 5 1 1 
0.845 1.29495e-17 1.42109e-14 0.0025 0.25 0.1795 1.795 0.02 434 5 1 1 
0.855 7.66073e-48 2.8026e-45 0.0025 0.25 0.1795 1.795 0.02 435 5 1 1 
0.865 0 0 0.0025 0.25 0.1795 1.795 0.02 436 5 1 1 
0.875 0 0 0.0025 0.25 0.1795 1.795 0.02 437 5 1 1 
0.885 0 0 0.0025 0.25 0.1795 1.795 0.02 438 5 1 1 
0.895 -1.95682e-47 -2.8026e-45 0.0025 0.25 0.1795 1.795 0.02 439 5 1 1 
0.905 -8.99978e-47 -5.60519e-45 0.0025 0.25 0.1795 1.795 0.02 440 5 1 1 
0.915 -2.11197e-16 -1.42109e-14 0.0025 0.25 0.1795 1.795 0.02 441 5 1 1 
0.925 -6.71119e-16 -2.84217e-14 0.0025 0.25 0.1795 1.795 0.02 442 5 1 1 
0.935 -1.45103e-15 -2.84217e-14 0.0025 0.25 0.1795 1.795 0.02 443 5 1 1 
0.945 -2.90048e-15 -4.26326e-14 0.0025 0.25 0.1795 1.795 0.02 444 5 1 1 
0.955 -5.1813e-15 1.42109e-14 0.0025 0.25 0.1795 1.795 0.02 445 5 1 1 
0.965 -5.35669e-15 1.98952e-13 0.0025 0.25 0.1795 1.795 0.02 446 5 1 1 
0.975 -1.14082e-14 2.55795e-13 0.0025 0.25 0.1795 1.795 0.02 447 5 1 1 
0.985 1.01416e-14 -1.98952e-13 0.0025 0.25 0.1795 1.795 0.02 448 5 1 1 
0.995 6.49365e-17 -1.98952e-13 0.0025 0.25 0.1795 1.795 0.02 449 3 1 1 
1.005 -6.49365e-17 1.98952e-13 0.0025 0.25 0.1795 1.795 0.02 450 3 1 1 
1.015 -1.01416e-14 1.98952e-13 0.0025 0.25 0.1795 1.795 0.02 451 5 1 1 
1.025 1.14082e-14 -2.55795e-13 0.0025 0.25 0.1795 1.795 0.02 452 5 1 1 
1.035 5.35669e-15 -1.98952e-13 0.0025 0.25 0.1795 1.795 0.02 453 5 1 1 
1.045 5.1813e-15 -1.42109e-14 0.0025 0.25 0.1795 1.795 0.02 454 5 1 1 
1.055 2.90048e-15 4.26326e-14 0.0025 0.25 0.1795 1.795 0.02 455 5 1 1 
1.065 1.45103e-15 2.84217e-14 0.0025 0.25 0.1795 1.795 0.02 456 5 1 1 
1.075 6.71119e-16 2.84217e-14 0.0025 0.25 0.1795 1.795 0.02 457 5 1 1 
1.085 2.11197e-16 1.42109e-14 0.0025 0.25 0.1795 1.795 0.02 458 5 1 1 
1.095 8.99978e-47 5.60519e-45 0.0025 0.25 0.1795 1.795 0.02 459 5 1 1 
1.105 1.95682e-47 2.8026e-45 0.0025 0.25 0.1795 1.795 0.02 460 5 1 1 
1.115 0 0 0.0025 0.25 0.1795 1.795 0.02 461 5 1 1 
1.125 0 0 0.0025 0.25 0.1795 1.795 0.02 462 5 1 1 
1.135 0 0 0.0025 0.25 0.1795 1.795 0.02 463 5 1 1 
1.145 -9.36305e-48 -2.8026e-45 0.0025 0.25 0.1795 1.795 0.02 464 5 1 1 
1.155 -1.29495e-17 -1.42109e-14 0.0025 0.25 0.1795 1.795 0.02 465 5 1 1 
1.165 -4.96288e-16 -2.41585e-13 0.0025 0.25 0.1795 1.795 0.02 466 5 1 1 
1.175 -3.99984e-15 -1.89004e-12 0.0025 0.25 0.1795 1.795 0.02 467 5 1 1 
1.185 -9.06537e-14 -4.18083e-11 0.0025 0.25 0.1795 1.795 0.02 468 4 1 1 
1.195 -8.65427e-13 -3.17527e-10 0.0025 0.25 0.1795 1.795 0.02 469 4 1 1 
1.205 -7.10389e-12 -2.4736e-09 0.0025 0.25 0.1795 1.795 0.02 470 4 1 1 
1.215 -5.35196e-11 -1.74892e-08 0.0025 0.25 0.1795 1.795 0.02 471 4 1 1 
1.225 -3.72187e-10 -1.14462e-07 0.0025 0.25 0.1795 1.795 0.02 472 4 1 1 
1.235 -2.39799e-09 -6.94627e-07 0.0025 0.25 0.1795 1.795 0.02 473 4 1 1 
1.245 -1.43601e-08 -3.92116e-06 0.0025 0.25 0.1795 1.795 0.02 474 4 1 1 
1.255 -8.00903e-08 -2.06135e-05 0.0025 0.25 0.1795 1.795 0.02 475 4 1 1 
1.265 -4.14895e-07 -9.98492e-05 0.0025 0.25 0.1795 1.795 0.02 476 4 1 1 
1.275 -1.94194e-06 -0.000422962 0.0025 0.25 0.1795 1.795 0.02 477 4 1 1 
1.285 -6.93146e-06 -0.00102211 0.0025 0.250001 0.179501 1.795 0.0199999 478 3 1 1 
1.295 1.7248e-05 0.0180358 0.0025 0.249986 0.179486 1.79496 0.0200011 479 5 1 1 
1.305 0.000388316 0.0535349 0.0025 0.249989 0.179488 1.79497 0.0200008 480 4 1 0.999935 
1.315 -0.00188585 -1.2561 0.0025 0.251016 0.180517 1.79792 0.019919 481 4 1 0.99734 
1.32492 -0.0314063 -9.34897 0.0025 0.258183 0.18787 1.81937 0.0193661 482 4 1 0.980171 
1.33439 -0.146877 -25.4378 0.0025 0.282151 0.213683 1.89362 0.017721 483 4 1 0.959634 
1.34276 -0.347275 -30.6189 0.0025 0.327367 0.265702 2.02911 0.0152734 484 4 1 0.969343 
1.34982 -0.516249 -18.0777 0.0025 0.378529 0.328404 2.16873 0.013209 485 4 1 0.986562 
1.35603 -0.6004 -8.22215 0.0025 0.416182 0.376383 2.26074 0.012014 486 4 1 0.995315 
1.36185 -0.641837 -4.23421 0.0025 0.437706 0.404328 2.30926 0.0114232 487 4 1 0.998847 
1.36746 -0.661166 -1.70751 0.0025 0.448784 0.418931 2.33365 0.0111412 488 4 1 0.999801 
1.37299 -0.6689 -0.666826 0.0025 0.453514 0.425313 2.34452 0.011025 489 4 1 0.999978 
1.37849 -0.671764 -0.222347 0.0025 0.45521 0.427776 2.34932 0.0109839 490 4 1 1 
1.38397 -0.672746 -0.0703896 0.0025 0.455613 0.428614 2.35185 0.0109742 491 3 1 1 
1.38946 -0.673085 -0.0202358 0.0025 0.455486 0.428863 2.35387 0.0109773 492 4 1 1 
1.39495 -0.673227 -0.00381393 0.0025 0.455077 0.428902 2.35621 0.0109872 493 4 1 0.999998 
1.40045 -0.673307 0.00216508 0.0025 0.454395 0.428841 2.3594 0.0110036 494 4 1 0.999994 
1.40595 -0.67337 0.00500519 0.0025 0.453308 0.428706 2.36432 0.01103 495 4 1 0.999986 
1.41148 -0.67343 0.00689142 0.0025 0.45168 0.428742 2.37304 0.0110698 496 4 1 0.999967 
1.41702 -0.673493 0.00848975 0.0025 0.450075 0.430402 2.39072 0.0111093 497 5 1 0.998662 
1.42259 -0.673561 0.0101165 0.0025 0.458676 0.449842 2.45185 0.010901 498 4 1 0.993702 
1.42793 -0.673633 0.0119353 0.0025 0.481142 0.415382 2.15831 0.010392 499 4 1 0.993709 
