# Time [s]: 3.41639e+12
# Columns: pos [pc], vel [pc/s], acc [pc/s^2], mass [Msun], dens [g/cm^3], pres [barye], ene [erg/g], sml [pc], id, neighbor, alpha, gradh, ...additional?
4.40577e+16 -673.608 3.70249e-13 4.97118e+27 0.000506709 4.40049 21711.2 3.04514e+14 0 4 1 0.994715 
4.42064e+16 -673.671 4.22256e-13 4.97118e+27 0.000530769 4.11354 19375.4 2.9071e+14 1 4 1 0.999672 
4.43486e+16 -673.739 4.76502e-13 4.97118e+27 0.000543867 4.26791 19618.3 2.83709e+14 2 4 1 0.999988 
4.44901e+16 -673.814 5.36767e-13 4.97118e+27 0.000545462 4.28507 19639.6 2.82879e+14 3 4 1 0.999999 
4.46314e+16 -673.899 6.04025e-13 4.97118e+27 0.000545845 4.28722 19635.7 2.82681e+14 4 4 1 1 
4.47728e+16 -673.993 6.76957e-13 4.97118e+27 0.000545906 4.28733 19634 2.82649e+14 5 3 1 1 
4.49141e+16 -674.098 7.54338e-13 4.97118e+27 0.00054589 4.28687 19632.5 2.82658e+14 6 4 1 1 
4.50554e+16 -674.213 8.40306e-13 4.97118e+27 0.000545853 4.28624 19630.9 2.82677e+14 7 4 1 1 
4.51968e+16 -674.341 9.45155e-13 4.97118e+27 0.000545803 4.28551 19629.4 2.82703e+14 8 4 1 1 
4.53381e+16 -674.486 1.08062e-12 4.97118e+27 0.00054574 4.28467 19627.8 2.82735e+14 9 4 1 1 
4.54795e+16 -674.654 1.26936e-12 4.97118e+27 0.000545662 4.28367 19626 2.82776e+14 10 4 1 1 
4.56209e+16 -674.857 1.55343e-12 4.97118e+27 0.000545561 4.28245 19624.1 2.82828e+14 11 4 1 1 
4.57623e+16 -675.11 1.96471e-12 4.97118e+27 0.000545429 4.28091 19621.8 2.82897e+14 12 4 1 1 
4.59038e+16 -675.434 2.51952e-12 4.97118e+27 0.000545256 4.27893 19618.9 2.82986e+14 13 4 1 1 
4.60453e+16 -675.855 3.26899e-12 4.97118e+27 0.00054503 4.27637 19615.3 2.83104e+14 14 4 1 1 
4.61869e+16 -676.395 4.23589e-12 4.97118e+27 0.000544739 4.27311 19610.8 2.83255e+14 15 4 1 0.999999 
-1.53914e+16 -677.067 5.2661e-12 4.97118e+27 0.000544378 4.26909 19605.4 2.83443e+14 16 4 1 0.999999 
-1.52497e+16 -677.868 6.09563e-12 4.97118e+27 0.000543963 4.26449 19599.2 2.83659e+14 17 4 1 0.999998 
-1.51078e+16 -678.732 6.34868e-12 4.97118e+27 0.000543539 4.25979 19592.9 2.8388e+14 18 4 1 0.999998 
-1.49658e+16 -679.536 5.63728e-12 4.97118e+27 0.000543195 4.25597 19587.7 2.8406e+14 19 4 1 0.999999 
-1.48237e+16 -679.885 3.02385e-12 4.97118e+27 0.00054296 4.25334 19584.1 2.84183e+14 20 5 1 0.999998 
-1.46816e+16 -680.57 -1.37256e-12 4.97118e+27 0.000543258 4.25646 19588.1 2.84027e+14 21 4 1 0.999879 
-1.45397e+16 -675.565 -7.42921e-11 4.97118e+27 0.000546315 4.28991 19631.8 2.82438e+14 22 4 1 0.99937 
-1.43991e+16 -660.561 -1.44782e-10 4.97118e+27 0.000553884 4.37338 19740.2 2.78578e+14 23 4 1 0.99885 
-1.42611e+16 -638.896 -1.82301e-10 4.97118e+27 0.000564888 4.4956 19896.2 2.73151e+14 24 4 1 0.99874 
-1.4126e+16 -615.532 -1.80986e-10 4.97118e+27 0.000577093 4.63223 20067.1 2.67375e+14 25 4 1 0.998919 
-1.39937e+16 -594.166 -1.62583e-10 4.97118e+27 0.000588788 4.76417 20228.6 2.62064e+14 26 4 1 0.999066 
-1.38639e+16 -574.924 -1.55418e-10 4.97118e+27 0.000599739 4.8886 20378.1 2.57278e+14 27 4 1 0.999037 
-1.37364e+16 -555.655 -1.69601e-10 4.97118e+27 0.000610856 5.01584 20528.2 2.52596e+14 28 4 1 0.99888 
-1.36112e+16 -534.563 -1.92795e-10 4.97118e+27 0.000623032 5.15633 20690.8 2.4766e+14 29 4 1 0.998688 
-1.34887e+16 -511.282 -2.15975e-10 4.97118e+27 0.000636553 5.31367 20869.2 2.42399e+14 30 4 1 0.99854 
-1.33688e+16 -486.413 -2.33423e-10 4.97118e+27 0.000651249 5.4862 21060.6 2.3693e+14 31 4 1 0.998462 
-1.32517e+16 -460.635 -2.45602e-10 4.97118e+27 0.000666774 5.67017 21260 2.31413e+14 32 4 1 0.998442 
-1.31374e+16 -434.566 -2.5388e-10 4.97118e+27 0.000682826 5.86219 21463.2 2.25973e+14 33 4 1 0.998468 
-1.30257e+16 -408.501 -2.58555e-10 4.97118e+27 0.00069916 6.05945 21667.1 2.20693e+14 34 4 1 0.998515 
-1.29166e+16 -382.766 -2.62352e-10 4.97118e+27 0.000715625 6.26015 21869.7 2.15616e+14 35 4 1 0.998574 
-1.28101e+16 -357.465 -2.6466e-10 4.97118e+27 0.000732138 6.4633 22070.1 2.10753e+14 36 4 1 0.998638 
-1.27059e+16 -332.631 -2.66326e-10 4.97118e+27 0.000748633 6.66807 22267.6 2.06109e+14 37 4 1 0.9987 
-1.26039e+16 -308.313 -2.68062e-10 4.97118e+27 0.00076509 6.87417 22462.1 2.01676e+14 38 4 1 0.998764 
-1.25042e+16 -284.476 -2.68508e-10 4.97118e+27 0.000781476 7.08115 22653.3 1.97447e+14 39 4 1 0.998821 
-1.24065e+16 -261.155 -2.70137e-10 4.97118e+27 0.000797789 7.28894 22841.2 1.9341e+14 40 4 1 0.998878 
-1.23107e+16 -238.354 -2.70376e-10 4.97118e+27 0.000814023 7.49742 23026 1.89552e+14 41 4 1 0.998934 
-1.22169e+16 -216.029 -2.70818e-10 4.97118e+27 0.000830152 7.7062 23207.3 1.8587e+14 42 4 1 0.998985 
-1.21248e+16 -194.187 -2.71109e-10 4.97118e+27 0.000846178 7.91527 23385.5 1.82349e+14 43 4 1 0.999034 
-1.20345e+16 -172.823 -2.71273e-10 4.97118e+27 0.000862097 8.12451 23560.4 1.78982e+14 44 4 1 0.99908 
-1.19458e+16 -151.891 -2.716e-10 4.97118e+27 0.000877908 8.33388 23732.3 1.75759e+14 45 4 1 0.999126 
-1.18587e+16 -131.442 -2.71049e-10 4.97118e+27 0.000893593 8.54308 23901 1.72674e+14 46 4 1 0.99918 
-1.17731e+16 -111.594 -2.66419e-10 4.97118e+27 0.000909055 8.7507 24065.5 1.69737e+14 47 4 1 0.999216 
-1.1689e+16 -92.2765 -2.68217e-10 4.97118e+27 0.000924368 8.95761 24226.7 1.66925e+14 48 4 1 0.999201 
-1.16062e+16 -72.7022 -2.87327e-10 4.97118e+27 0.000939986 9.17039 24389.8 1.64151e+14 49 4 1 0.999269 
-1.15248e+16 -52.8945 -2.74163e-10 4.97118e+27 0.00095543 9.38281 24549.9 1.61498e+14 50 4 1 0.999555 
-1.14447e+16 -37.0048 -1.78256e-10 4.97118e+27 0.000968269 9.55944 24680.8 1.59357e+14 51 4 1 0.999668 
-1.13655e+16 -26.4738 -1.60484e-10 4.97118e+27 0.000978793 9.70283 24785.8 1.57643e+14 52 4 1 0.99922 
-1.12871e+16 -9.30501 -3.84381e-10 4.97118e+27 0.000993885 9.91335 24938.8 1.55249e+14 53 4 1 0.998769 
-1.12102e+16 19.4684 -4.44008e-10 4.97118e+27 0.00101473 10.21 25150.1 1.5206e+14 54 4 1 0.999701 
-1.1135e+16 37.3056 -1.04471e-10 4.97118e+27 0.00102902 10.4122 25291 1.49948e+14 55 4 1 1.00002 
-1.10602e+16 38.0866 2.7665e-11 4.97118e+27 0.00103144 10.4441 25312.9 1.49597e+14 56 3 1 1 
-1.09854e+16 34.8446 6.00362e-11 4.97118e+27 0.0010287 10.4047 25285.5 1.49995e+14 57 4 1 0.999984 
-1.09103e+16 30.3649 7.46641e-11 4.97118e+27 0.00102477 10.3489 25246.6 1.5057e+14 58 4 1 0.999959 
-1.08348e+16 25.2987 8.15035e-11 4.97118e+27 0.00102044 10.2875 25203.6 1.5121e+14 59 4 1 0.999948 
-1.0759e+16 20.1352 8.0692e-11 4.97118e+27 0.00101612 10.2264 25160.7 1.51853e+14 60 4 1 0.999946 
-1.0683e+16 15.3066 7.34671e-11 4.97118e+27 0.00101215 10.1705 25121.2 1.52447e+14 61 4 1 0.999953 
-1.06066e+16 11.1225 6.2108e-11 4.97118e+27 0.00100877 10.1229 25087.4 1.52959e+14 62 4 1 0.999965 
-1.053e+16 7.73727 4.91314e-11 4.97118e+27 0.00100606 10.0849 25060.5 1.5337e+14 63 4 1 0.999977 
-1.04532e+16 5.16249 3.66228e-11 4.97118e+27 0.00100403 10.0563 25040.1 1.53681e+14 64 4 1 0.999987 
-1.03763e+16 3.31009 2.58776e-11 4.97118e+27 0.00100257 10.0359 25025.6 1.53904e+14 65 4 1 0.999993 
-1.02993e+16 2.04289 1.74186e-11 4.97118e+27 0.00100158 10.0221 25015.7 1.54056e+14 66 4 1 0.999997 
-1.02223e+16 1.21514 1.12112e-11 4.97118e+27 0.00100094 10.0131 25009.3 1.54155e+14 67 4 1 0.999999 
-1.01452e+16 0.697194 6.91869e-12 4.97118e+27 0.00100054 10.0075 25005.3 1.54217e+14 68 4 1 0.999999 
-1.0068e+16 0.386063 4.1014e-12 4.97118e+27 0.0010003 10.0041 25002.9 1.54254e+14 69 4 1 1 
-9.99091e+15 0.206369 2.33827e-12 4.97118e+27 0.00100016 10.0022 25001.6 1.54276e+14 70 4 1 1 
-9.91377e+15 0.106493 1.28299e-12 4.97118e+27 0.00100008 10.0011 25000.8 1.54287e+14 71 4 1 1 
-9.83662e+15 0.0530444 6.77765e-13 4.97118e+27 0.00100004 10.0006 25000.4 1.54294e+14 72 4 1 1 
-9.75947e+15 0.0254966 3.44765e-13 4.97118e+27 0.00100002 10.0003 25000.2 1.54297e+14 73 4 1 1 
-9.68232e+15 0.0118221 1.68863e-13 4.97118e+27 0.00100001 10.0001 25000.1 1.54299e+14 74 4 1 1 
-9.60517e+15 0.00528531 7.96217e-14 4.97118e+27 0.001 10.0001 25000 1.54299e+14 75 4 1 1 
-9.52802e+15 0.002277 3.61302e-14 4.97118e+27 0.001 10 25000 1.543e+14 76 4 1 1 
-9.45087e+15 0.000944646 1.57707e-14 4.97118e+27 0.001 10 25000 1.543e+14 77 4 1 1 
-9.37372e+15 0.000377071 6.61772e-15 4.97118e+27 0.001 10 25000 1.543e+14 78 4 1 1 
-9.29657e+15 0.000144672 2.6675e-15 4.97118e+27 0.001 10 25000 1.543e+14 79 4 1 1 
-9.21942e+15 5.32874e-05 1.03185e-15 4.97118e+27 0.001 10 25000 1.543e+14 80 4 1 1 
-9.14227e+15 1.88146e-05 3.82578e-16 4.97118e+27 0.001 10 25000 1.543e+14 81 4 1 1 
-9.06512e+15 6.35631e-06 1.35755e-16 4.97118e+27 0.001 10 25000 1.543e+14 82 4 1 1 
-8.98797e+15 2.05006e-06 4.60154e-17 4.97118e+27 0.001 10 25000 1.543e+14 83 4 1 1 
-8.91082e+15 6.29457e-07 1.48643e-17 4.97118e+27 0.001 10 25000 1.543e+14 84 4 1 1 
-8.83367e+15 1.83301e-07 4.56089e-18 4.97118e+27 0.001 10 25000 1.543e+14 85 4 1 1 
-8.75652e+15 5.04032e-08 1.32577e-18 4.97118e+27 0.001 10 25000 1.543e+14 86 4 1 1 
-8.67937e+15 1.29951e-08 3.62052e-19 4.97118e+27 0.001 10 25000 1.543e+14 87 4 1 1 
-8.60222e+15 3.10842e-09 9.18594e-20 4.97118e+27 0.001 10 25000 1.543e+14 88 4 1 1 
-8.52507e+15 6.78201e-10 2.23211e-20 4.97118e+27 0.001 10 25000 1.543e+14 89 4 1 1 
-8.44792e+15 1.42421e-10 4.6602e-21 4.97118e+27 0.001 10 25000 1.543e+14 90 4 1 1 
-8.37077e+15 1.27599e-11 9.9651e-22 4.97118e+27 0.001 10 25000 1.543e+14 91 4 1 1 
-8.29362e+15 2.94015e-13 -2.39457e-23 4.97118e+27 0.001 10 25000 1.543e+14 92 5 1 1 
-8.21647e+15 6.90371e-14 7.36791e-24 4.97118e+27 0.001 10 25000 1.543e+14 93 5 1 1 
-8.13932e+15 1.36152e-44 1.45306e-54 4.97118e+27 0.001 10 25000 1.543e+14 94 5 1 1 
-8.06217e+15 0 0 4.97118e+27 0.001 10 25000 1.543e+14 95 5 1 1 
-7.98502e+15 0 0 4.97118e+27 0.001 10 25000 1.543e+14 96 5 1 1 
-7.90787e+15 0 0 4.97118e+27 0.001 10 25000 1.543e+14 97 5 1 1 
-7.83072e+15 0 0 4.97118e+27 0.001 10 25000 1.543e+14 98 5 1 1 
-7.75357e+15 0 0 4.97118e+27 0.001 10 25000 1.543e+14 99 5 1 1 
-7.67642e+15 0 0 4.97118e+27 0.001 10 25000 1.543e+14 100 5 1 1 
-7.59927e+15 0 0 4.97118e+27 0.001 10 25000 1.543e+14 101 5 1 1 
-7.52212e+15 0 0 4.97118e+27 0.001 10 25000 1.543e+14 102 5 1 1 
-7.44497e+15 0 0 4.97118e+27 0.001 10 25000 1.543e+14 103 5 1 1 
-7.36782e+15 0 0 4.97118e+27 0.001 10 25000 1.543e+14 104 5 1 1 
-7.29067e+15 0 0 4.97118e+27 0.001 10 25000 1.543e+14 105 5 1 1 
-7.21352e+15 0 0 4.97118e+27 0.001 10 25000 1.543e+14 106 5 1 1 
-7.13637e+15 0 0 4.97118e+27 0.001 10 25000 1.543e+14 107 5 1 1 
-7.05922e+15 0 0 4.97118e+27 0.001 10 25000 1.543e+14 108 5 1 1 
-6.98207e+15 0 0 4.97118e+27 0.001 10 25000 1.543e+14 109 5 1 1 
-6.90492e+15 0 0 4.97118e+27 0.001 10 25000 1.543e+14 110 5 1 1 
-6.82777e+15 0 0 4.97118e+27 0.001 10 25000 1.543e+14 111 5 1 1 
-6.75062e+15 0 0 4.97118e+27 0.001 10 25000 1.543e+14 112 5 1 1 
-6.67347e+15 0 0 4.97118e+27 0.001 10 25000 1.543e+14 113 5 1 1 
-6.59632e+15 0 0 4.97118e+27 0.001 10 25000 1.543e+14 114 5 1 1 
-6.51917e+15 0 0 4.97118e+27 0.001 10 25000 1.543e+14 115 5 1 1 
-6.44202e+15 0 0 4.97118e+27 0.001 10 25000 1.543e+14 116 5 1 1 
-6.36487e+15 0 0 4.97118e+27 0.001 10 25000 1.543e+14 117 5 1 1 
-6.28772e+15 0 0 4.97118e+27 0.001 10 25000 1.543e+14 118 5 1 1 
-6.21057e+15 0 0 4.97118e+27 0.001 10 25000 1.543e+14 119 5 1 1 
-6.13342e+15 0 0 4.97118e+27 0.001 10 25000 1.543e+14 120 5 1 1 
-6.05627e+15 0 0 4.97118e+27 0.001 10 25000 1.543e+14 121 5 1 1 
-5.97912e+15 0 0 4.97118e+27 0.001 10 25000 1.543e+14 122 5 1 1 
-5.90197e+15 0 0 4.97118e+27 0.001 10 25000 1.543e+14 123 5 1 1 
-5.82482e+15 0 0 4.97118e+27 0.001 10 25000 1.543e+14 124 5 1 1 
-5.74767e+15 0 0 4.97118e+27 0.001 10 25000 1.543e+14 125 5 1 1 
-5.67052e+15 0 0 4.97118e+27 0.001 10 25000 1.543e+14 126 5 1 1 
-5.59337e+15 0 0 4.97118e+27 0.001 10 25000 1.543e+14 127 5 1 1 
-5.51622e+15 0 0 4.97118e+27 0.001 10 25000 1.543e+14 128 5 1 1 
-5.43907e+15 0 0 4.97118e+27 0.001 10 25000 1.543e+14 129 5 1 1 
-5.36192e+15 0 0 4.97118e+27 0.001 10 25000 1.543e+14 130 5 1 1 
-5.28477e+15 0 0 4.97118e+27 0.001 10 25000 1.543e+14 131 5 1 1 
-5.20762e+15 0 0 4.97118e+27 0.001 10 25000 1.543e+14 132 5 1 1 
-5.13047e+15 0 0 4.97118e+27 0.001 10 25000 1.543e+14 133 5 1 1 
-5.05332e+15 0 0 4.97118e+27 0.001 10 25000 1.543e+14 134 5 1 1 
-4.97617e+15 0 0 4.97118e+27 0.001 10 25000 1.543e+14 135 5 1 1 
-4.89902e+15 0 0 4.97118e+27 0.001 10 25000 1.543e+14 136 5 1 1 
-4.82187e+15 0 0 4.97118e+27 0.001 10 25000 1.543e+14 137 5 1 1 
-4.74472e+15 0 0 4.97118e+27 0.001 10 25000 1.543e+14 138 5 1 1 
-4.66757e+15 0 0 4.97118e+27 0.001 10 25000 1.543e+14 139 5 1 1 
-4.59042e+15 0 0 4.97118e+27 0.001 10 25000 1.543e+14 140 5 1 1 
-4.51327e+15 0 0 4.97118e+27 0.001 10 25000 1.543e+14 141 5 1 1 
-4.43612e+15 0 0 4.97118e+27 0.001 10 25000 1.543e+14 142 5 1 1 
-4.35897e+15 0 0 4.97118e+27 0.001 10 25000 1.543e+14 143 5 1 1 
-4.28182e+15 0 0 4.97118e+27 0.001 10 25000 1.543e+14 144 5 1 1 
-4.20467e+15 0 0 4.97118e+27 0.001 10 25000 1.543e+14 145 5 1 1 
-4.12752e+15 0 0 4.97118e+27 0.001 10 25000 1.543e+14 146 5 1 1 
-4.05037e+15 0 0 4.97118e+27 0.001 10 25000 1.543e+14 147 5 1 1 
-3.97322e+15 0 0 4.97118e+27 0.001 10 25000 1.543e+14 148 5 1 1 
-3.89607e+15 0 0 4.97118e+27 0.001 10 25000 1.543e+14 149 5 1 1 
-3.81892e+15 0 0 4.97118e+27 0.001 10 25000 1.543e+14 150 5 1 1 
-3.74177e+15 0 0 4.97118e+27 0.001 10 25000 1.543e+14 151 5 1 1 
-3.66462e+15 0 0 4.97118e+27 0.001 10 25000 1.543e+14 152 5 1 1 
-3.58747e+15 0 0 4.97118e+27 0.001 10 25000 1.543e+14 153 5 1 1 
-3.51032e+15 0 0 4.97118e+27 0.001 10 25000 1.543e+14 154 5 1 1 
-3.43317e+15 0 0 4.97118e+27 0.001 10 25000 1.543e+14 155 5 1 1 
-3.35602e+15 0 0 4.97118e+27 0.001 10 25000 1.543e+14 156 5 1 1 
-3.27887e+15 0 0 4.97118e+27 0.001 10 25000 1.543e+14 157 5 1 1 
-3.20172e+15 0 0 4.97118e+27 0.001 10 25000 1.543e+14 158 5 1 1 
-3.12457e+15 0 0 4.97118e+27 0.001 10 25000 1.543e+14 159 5 1 1 
-3.04742e+15 0 0 4.97118e+27 0.001 10 25000 1.543e+14 160 5 1 1 
-2.97027e+15 0 0 4.97118e+27 0.001 10 25000 1.543e+14 161 5 1 1 
-2.89312e+15 0 0 4.97118e+27 0.001 10 25000 1.543e+14 162 5 1 1 
-2.81597e+15 0 0 4.97118e+27 0.001 10 25000 1.543e+14 163 5 1 1 
-2.73882e+15 0 0 4.97118e+27 0.001 10 25000 1.543e+14 164 5 1 1 
-2.66167e+15 0 0 4.97118e+27 0.001 10 25000 1.543e+14 165 5 1 1 
-2.58452e+15 0 0 4.97118e+27 0.001 10 25000 1.543e+14 166 5 1 1 
-2.50737e+15 0 0 4.97118e+27 0.001 10 25000 1.543e+14 167 5 1 1 
-2.43022e+15 0 0 4.97118e+27 0.001 10 25000 1.543e+14 168 5 1 1 
-2.35307e+15 0 0 4.97118e+27 0.001 10 25000 1.543e+14 169 5 1 1 
-2.27592e+15 0 0 4.97118e+27 0.001 10 25000 1.543e+14 170 5 1 1 
-2.19877e+15 0 0 4.97118e+27 0.001 10 25000 1.543e+14 171 5 1 1 
-2.12162e+15 0 0 4.97118e+27 0.001 10 25000 1.543e+14 172 5 1 1 
-2.04447e+15 0 0 4.97118e+27 0.001 10 25000 1.543e+14 173 5 1 1 
-1.96732e+15 -1.7028e-44 -3.63266e-55 4.97118e+27 0.001 10 25000 1.543e+14 174 5 1 1 
-1.89017e+15 -5.17935e-14 -1.84198e-24 4.97118e+27 0.001 10 25000 1.543e+14 175 5 1 1 
-1.81302e+15 -1.8955e-13 1.84198e-24 4.97118e+27 0.001 10 25000 1.543e+14 176 5 1 1 
-1.73587e+15 -3.26661e-13 -1.84198e-24 4.97118e+27 0.001 10 25000 1.543e+14 177 5 1 1 
-1.65872e+15 -4.62778e-13 1.84198e-24 4.97118e+27 0.001 10 25000 1.543e+14 178 5 1 1 
-1.58157e+15 -6.32217e-13 -1.84198e-24 4.97118e+27 0.001 10 25000 1.543e+14 179 5 1 1 
-1.50442e+15 -8.00111e-13 1.84198e-24 4.97118e+27 0.001 10 25000 1.543e+14 180 5 1 1 
-1.42727e+15 -9.66474e-13 -1.84198e-24 4.97118e+27 0.001 10 25000 1.543e+14 181 5 1 1 
-1.35012e+15 -1.16437e-12 1.84198e-24 4.97118e+27 0.001 10 25000 1.543e+14 182 5 1 1 
-1.27297e+15 -1.35798e-12 -1.84198e-24 4.97118e+27 0.001 10 25000 1.543e+14 183 5 1 1 
-1.19582e+15 -1.5598e-12 1.27813e-39 4.97118e+27 0.001 10 25000 1.543e+14 184 5 1 1 
-1.11867e+15 -1.83981e-12 -1.84198e-24 4.97118e+27 0.001 10 25000 1.543e+14 185 5 1 1 
-1.04152e+15 -3.22145e-12 -1.0225e-38 4.97118e+27 0.001 10 25000 1.543e+14 186 4 1 1 
-9.64375e+14 -4.84751e-13 -7.36791e-24 4.97118e+27 0.001 10 25000 1.543e+14 187 4 1 1 
-8.87225e+14 -2.34451e-12 -7.36791e-24 4.97118e+27 0.001 10 25000 1.543e+14 188 4 1 1 
-8.10075e+14 4.34645e-13 2.21037e-23 4.97118e+27 0.001 10 25000 1.543e+14 189 4 1 1 
-7.32925e+14 -8.35346e-14 4.60126e-38 4.97118e+27 0.001 10 25000 1.543e+14 190 4 1 1 
-6.55775e+14 -1.00478e-12 -3.68395e-24 4.97118e+27 0.001 10 25000 1.543e+14 191 5 1 1 
-5.78625e+14 -1.11624e-12 -3.68395e-24 4.97118e+27 0.001 10 25000 1.543e+14 192 5 1 1 
-5.01475e+14 -2.80328e-12 -3.68395e-24 4.97118e+27 0.001 10 25000 1.543e+14 193 4 1 1 
-4.24325e+14 5.06375e-13 2.04501e-38 4.97118e+27 0.001 10 25000 1.543e+14 194 3 1 1 
-3.47175e+14 -7.54006e-13 1.15032e-38 4.97118e+27 0.001 10 25000 1.543e+14 195 3 1 1 
-2.70025e+14 -1.07054e-12 0 4.97118e+27 0.001 10 25000 1.543e+14 196 3 1 1 
-1.92875e+14 3.21266e-13 0 4.97118e+27 0.001 10 25000 1.543e+14 197 3 1 1 
-1.15725e+14 1.03506e-13 3.68395e-24 4.97118e+27 0.001 10 25000 1.543e+14 198 3 1 1 
-3.8575e+13 -8.54432e-14 -9.20989e-24 4.97118e+27 0.001 10 25000 1.543e+14 199 3 1 1 
3.8575e+13 -2.87205e-13 5.52593e-24 4.97118e+27 0.001 10 25000 1.543e+14 200 3 1 1 
1.15725e+14 -3.13984e-13 1.84198e-24 4.97118e+27 0.001 10 25000 1.543e+14 201 3 1 1 
1.92875e+14 -5.75507e-13 1.84198e-24 4.97118e+27 0.001 10 25000 1.543e+14 202 5 1 1 
2.70025e+14 -9.73517e-13 -1.84198e-24 4.97118e+27 0.001 10 25000 1.543e+14 203 3 1 1 
3.47175e+14 1.11684e-14 1.84198e-24 4.97118e+27 0.001 10 25000 1.543e+14 204 3 1 1 
4.24325e+14 -2.07416e-14 -1.84198e-24 4.97118e+27 0.001 10 25000 1.543e+14 205 4 1 1 
5.01475e+14 -1.15413e-13 1.84198e-24 4.97118e+27 0.001 10 25000 1.543e+14 206 4 1 1 
5.78625e+14 -7.12854e-13 -3.68395e-24 4.97118e+27 0.001 10 25000 1.543e+14 207 5 1 1 
6.55775e+14 4.96399e-13 3.68395e-24 4.97118e+27 0.001 10 25000 1.543e+14 208 5 1 1 
7.32925e+14 -5.03414e-13 -1.84198e-24 4.97118e+27 0.001 10 25000 1.543e+14 209 4 1 1 
8.10075e+14 2.27054e-12 1.84198e-24 4.97118e+27 0.001 10 25000 1.543e+14 210 3 1 1 
8.87225e+14 1.05929e-12 -8.9469e-39 4.97118e+27 0.001 10 25000 1.543e+14 211 3 1 1 
9.64375e+14 4.8771e-12 1.84198e-24 4.97118e+27 0.001 10 25000 1.543e+14 212 4 1 1 
1.04153e+15 3.20593e-12 -1.84198e-24 4.97118e+27 0.001 10 25000 1.543e+14 213 5 1 1 
1.11868e+15 2.98179e-12 1.84198e-24 4.97118e+27 0.001 10 25000 1.543e+14 214 5 1 1 
1.19583e+15 2.43618e-12 3.63266e-55 4.97118e+27 0.001 10 25000 1.543e+14 215 5 1 1 
1.27298e+15 1.93597e-12 7.26532e-55 4.97118e+27 0.001 10 25000 1.543e+14 216 5 1 1 
1.35013e+15 1.5327e-12 0 4.97118e+27 0.001 10 25000 1.543e+14 217 5 1 1 
1.42728e+15 1.10934e-12 1.84198e-24 4.97118e+27 0.001 10 25000 1.543e+14 218 5 1 1 
1.50443e+15 8.72618e-13 -1.84198e-24 4.97118e+27 0.001 10 25000 1.543e+14 219 5 1 1 
1.58158e+15 6.34725e-13 1.84198e-24 4.97118e+27 0.001 10 25000 1.543e+14 220 5 1 1 
1.65873e+15 4.64282e-13 -1.84198e-24 4.97118e+27 0.001 10 25000 1.543e+14 221 5 1 1 
1.73588e+15 3.27304e-13 1.84198e-24 4.97118e+27 0.001 10 25000 1.543e+14 222 5 1 1 
1.81303e+15 1.89761e-13 -1.84198e-24 4.97118e+27 0.001 10 25000 1.543e+14 223 5 1 1 
1.89018e+15 5.18246e-14 1.84198e-24 4.97118e+27 0.001 10 25000 1.543e+14 224 5 1 1 
1.96733e+15 1.70367e-44 3.63266e-55 4.97118e+27 0.001 10 25000 1.543e+14 225 5 1 1 
2.04448e+15 0 0 4.97118e+27 0.001 10 25000 1.543e+14 226 5 1 1 
2.12163e+15 0 0 4.97118e+27 0.001 10 25000 1.543e+14 227 5 1 1 
2.19878e+15 0 0 4.97118e+27 0.001 10 25000 1.543e+14 228 5 1 1 
2.27593e+15 0 0 4.97118e+27 0.001 10 25000 1.543e+14 229 5 1 1 
2.35308e+15 0 0 4.97118e+27 0.001 10 25000 1.543e+14 230 5 1 1 
2.43023e+15 0 0 4.97118e+27 0.001 10 25000 1.543e+14 231 5 1 1 
2.50738e+15 0 0 4.97118e+27 0.001 10 25000 1.543e+14 232 5 1 1 
2.58453e+15 0 0 4.97118e+27 0.001 10 25000 1.543e+14 233 5 1 1 
2.66168e+15 0 0 4.97118e+27 0.001 10 25000 1.543e+14 234 5 1 1 
2.73883e+15 0 0 4.97118e+27 0.001 10 25000 1.543e+14 235 5 1 1 
2.81598e+15 0 0 4.97118e+27 0.001 10 25000 1.543e+14 236 5 1 1 
2.89313e+15 -8.34348e-43 -3.63266e-55 4.97118e+27 0.001 10 25000 1.543e+14 237 5 1 1 
2.97028e+15 -1.69188e-13 0 4.97118e+27 0.001 10 25000 1.543e+14 238 5 1 1 
3.04743e+15 -3.37357e-13 3.63266e-55 4.97118e+27 0.001 10 25000 1.543e+14 239 5 1 1 
3.12458e+15 1.58941e-12 0 4.97118e+27 0.001 10 25000 1.543e+14 240 5 1 1 
3.20173e+15 1.42405e-12 2.1796e-54 4.97118e+27 0.001 10 25000 1.543e+14 241 5 1 1 
3.27888e+15 3.20261e-12 -1.84198e-24 4.97118e+27 0.001 10 25000 1.543e+14 242 5 1 1 
3.35603e+15 1.50593e-12 -1.84198e-24 4.97118e+27 0.001 10 25000 1.543e+14 243 5 1 1 
3.43318e+15 1.27654e-12 -3.26939e-54 4.97118e+27 0.001 10 25000 1.543e+14 244 5 1 1 
3.51033e+15 -1.23212e-12 1.84198e-24 4.97118e+27 0.001 10 25000 1.543e+14 245 5 1 1 
3.58748e+15 2.13481e-12 5.52593e-24 4.97118e+27 0.001 10 25000 1.543e+14 246 5 1 1 
3.66463e+15 -1.1411e-12 3.68395e-24 4.97118e+27 0.001 10 25000 1.543e+14 247 5 1 1 
3.74178e+15 1.03429e-12 -5.52593e-24 4.97118e+27 0.001 10 25000 1.543e+14 248 5 1 1 
3.81893e+15 -1.48063e-12 -5.52593e-24 4.97118e+27 0.001 10 25000 1.543e+14 249 4 1 1 
3.89608e+15 1.48063e-12 5.52593e-24 4.97118e+27 0.001 10 25000 1.543e+14 250 4 1 1 
3.97323e+15 -1.03429e-12 5.52593e-24 4.97118e+27 0.001 10 25000 1.543e+14 251 5 1 1 
4.05038e+15 1.1411e-12 -3.68395e-24 4.97118e+27 0.001 10 25000 1.543e+14 252 5 1 1 
4.12753e+15 -2.13481e-12 -5.52593e-24 4.97118e+27 0.001 10 25000 1.543e+14 253 5 1 1 
4.20468e+15 1.23212e-12 -1.84198e-24 4.97118e+27 0.001 10 25000 1.543e+14 254 5 1 1 
4.28183e+15 -1.27654e-12 3.26939e-54 4.97118e+27 0.001 10 25000 1.543e+14 255 5 1 1 
4.35898e+15 -1.50593e-12 1.84198e-24 4.97118e+27 0.001 10 25000 1.543e+14 256 5 1 1 
4.43613e+15 -3.20261e-12 1.84198e-24 4.97118e+27 0.001 10 25000 1.543e+14 257 5 1 1 
4.51328e+15 -1.42405e-12 -2.1796e-54 4.97118e+27 0.001 10 25000 1.543e+14 258 5 1 1 
4.59043e+15 -1.58941e-12 0 4.97118e+27 0.001 10 25000 1.543e+14 259 5 1 1 
4.66758e+15 3.37357e-13 -3.63266e-55 4.97118e+27 0.001 10 25000 1.543e+14 260 5 1 1 
4.74473e+15 1.69188e-13 0 4.97118e+27 0.001 10 25000 1.543e+14 261 5 1 1 
4.82188e+15 8.34348e-43 3.63266e-55 4.97118e+27 0.001 10 25000 1.543e+14 262 5 1 1 
4.89903e+15 0 0 4.97118e+27 0.001 10 25000 1.543e+14 263 5 1 1 
4.97618e+15 0 0 4.97118e+27 0.001 10 25000 1.543e+14 264 5 1 1 
5.05333e+15 0 0 4.97118e+27 0.001 10 25000 1.543e+14 265 5 1 1 
5.13048e+15 0 0 4.97118e+27 0.001 10 25000 1.543e+14 266 5 1 1 
5.20763e+15 0 0 4.97118e+27 0.001 10 25000 1.543e+14 267 5 1 1 
5.28478e+15 0 0 4.97118e+27 0.001 10 25000 1.543e+14 268 5 1 1 
5.36193e+15 0 0 4.97118e+27 0.001 10 25000 1.543e+14 269 5 1 1 
5.43908e+15 0 0 4.97118e+27 0.001 10 25000 1.543e+14 270 5 1 1 
5.51623e+15 0 0 4.97118e+27 0.001 10 25000 1.543e+14 271 5 1 1 
5.59338e+15 0 0 4.97118e+27 0.001 10 25000 1.543e+14 272 5 1 1 
5.67053e+15 0 0 4.97118e+27 0.001 10 25000 1.543e+14 273 5 1 1 
5.74768e+15 0 0 4.97118e+27 0.001 10 25000 1.543e+14 274 5 1 1 
5.82483e+15 0 0 4.97118e+27 0.001 10 25000 1.543e+14 275 5 1 1 
5.90198e+15 0 0 4.97118e+27 0.001 10 25000 1.543e+14 276 5 1 1 
5.97913e+15 0 0 4.97118e+27 0.001 10 25000 1.543e+14 277 5 1 1 
6.05628e+15 0 0 4.97118e+27 0.001 10 25000 1.543e+14 278 5 1 1 
6.13343e+15 0 0 4.97118e+27 0.001 10 25000 1.543e+14 279 5 1 1 
6.21058e+15 -4.38134e-43 -3.63266e-55 4.97118e+27 0.001 10 25000 1.543e+14 280 5 1 1 
6.28773e+15 -6.85718e-14 -3.63266e-55 4.97118e+27 0.001 10 25000 1.543e+14 281 5 1 1 
6.36488e+15 -2.05192e-13 0 4.97118e+27 0.001 10 25000 1.543e+14 282 5 1 1 
6.44203e+15 -3.75697e-13 0 4.97118e+27 0.001 10 25000 1.543e+14 283 5 1 1 
6.51918e+15 -5.45239e-13 3.63266e-55 4.97118e+27 0.001 10 25000 1.543e+14 284 5 1 1 
6.59633e+15 -6.79199e-13 1.45306e-54 4.97118e+27 0.001 10 25000 1.543e+14 285 5 1 1 
6.67348e+15 1.18958e-12 3.68395e-24 4.97118e+27 0.001 10 25000 1.543e+14 286 5 1 1 
6.75063e+15 9.91446e-13 3.68395e-24 4.97118e+27 0.001 10 25000 1.543e+14 287 5 1 1 
6.82778e+15 4.28999e-12 -2.90613e-54 4.97118e+27 0.001 10 25000 1.543e+14 288 5 1 1 
6.90493e+15 3.0406e-12 3.68395e-24 4.97118e+27 0.001 10 25000 1.543e+14 289 5 1 1 
6.98208e+15 2.56801e-12 3.68395e-24 4.97118e+27 0.001 10 25000 1.543e+14 290 5 1 1 
7.05923e+15 6.38367e-13 1.84198e-24 4.97118e+27 0.001 10 25000 1.543e+14 291 5 1 1 
7.13638e+15 3.40524e-12 -5.52593e-24 4.97118e+27 0.001 10 25000 1.543e+14 292 5 1 1 
7.21353e+15 7.98613e-13 -7.36791e-24 4.97118e+27 0.001 10 25000 1.543e+14 293 5 1 1 
7.29068e+15 2.3392e-12 3.68395e-24 4.97118e+27 0.001 10 25000 1.543e+14 294 5 1 1 
7.36783e+15 -1.34711e-12 3.68395e-24 4.97118e+27 0.001 10 25000 1.543e+14 295 5 1 1 
7.44498e+15 4.35178e-12 -1.10519e-23 4.97118e+27 0.001 10 25000 1.543e+14 296 5 1 1 
7.52213e+15 -4.78047e-14 -1.10519e-23 4.97118e+27 0.001 10 25000 1.543e+14 297 5 1 1 
7.59928e+15 3.58503e-12 2.94716e-23 4.97118e+27 0.001 10 25000 1.543e+14 298 5 1 1 
7.67643e+15 -1.86863e-12 3.13136e-23 4.97118e+27 0.001 10 25000 1.543e+14 299 3 1 1 
7.75358e+15 1.86863e-12 -3.13136e-23 4.97118e+27 0.001 10 25000 1.543e+14 300 3 1 1 
7.83073e+15 -3.58503e-12 -2.94716e-23 4.97118e+27 0.001 10 25000 1.543e+14 301 5 1 1 
7.90788e+15 4.78047e-14 1.10519e-23 4.97118e+27 0.001 10 25000 1.543e+14 302 5 1 1 
7.98503e+15 -4.35178e-12 1.10519e-23 4.97118e+27 0.001 10 25000 1.543e+14 303 5 1 1 
8.06218e+15 1.34711e-12 -3.68395e-24 4.97118e+27 0.001 10 25000 1.543e+14 304 5 1 1 
8.13933e+15 -2.3392e-12 -3.68395e-24 4.97118e+27 0.001 10 25000 1.543e+14 305 5 1 1 
8.21648e+15 -8.15872e-13 5.52593e-24 4.97118e+27 0.001 10 25000 1.543e+14 306 5 1 1 
8.29363e+15 -3.33644e-12 3.49976e-23 4.97118e+27 0.001 10 25000 1.543e+14 307 5 1 1 
8.37078e+15 -1.39856e-11 -1.01309e-21 4.97118e+27 0.001 10 25000 1.543e+14 308 4 1 1 
8.44793e+15 -1.44799e-10 -4.65836e-21 4.97118e+27 0.001 10 25000 1.543e+14 309 4 1 1 
8.52508e+15 -6.80395e-10 -2.23192e-20 4.97118e+27 0.001 10 25000 1.543e+14 310 4 1 1 
8.60222e+15 -3.11088e-09 -9.18594e-20 4.97118e+27 0.001 10 25000 1.543e+14 311 4 1 1 
8.67937e+15 -1.29967e-08 -3.62048e-19 4.97118e+27 0.001 10 25000 1.543e+14 312 4 1 1 
8.75652e+15 -5.04044e-08 -1.32577e-18 4.97118e+27 0.001 10 25000 1.543e+14 313 4 1 1 
8.83367e+15 -1.83302e-07 -4.5609e-18 4.97118e+27 0.001 10 25000 1.543e+14 314 4 1 1 
8.91082e+15 -6.29458e-07 -1.48643e-17 4.97118e+27 0.001 10 25000 1.543e+14 315 4 1 1 
8.98797e+15 -2.05006e-06 -4.60154e-17 4.97118e+27 0.001 10 25000 1.543e+14 316 4 1 1 
9.06512e+15 -6.3563e-06 -1.35755e-16 4.97118e+27 0.001 10 25000 1.543e+14 317 4 1 1 
9.14227e+15 -1.88146e-05 -3.82578e-16 4.97118e+27 0.001 10 25000 1.543e+14 318 4 1 1 
9.21942e+15 -5.32874e-05 -1.03185e-15 4.97118e+27 0.001 10 25000 1.543e+14 319 4 1 1 
9.29657e+15 -0.000144672 -2.6675e-15 4.97118e+27 0.001 10 25000 1.543e+14 320 4 1 1 
9.37372e+15 -0.000377071 -6.61772e-15 4.97118e+27 0.001 10 25000 1.543e+14 321 4 1 1 
9.45087e+15 -0.000944646 -1.57707e-14 4.97118e+27 0.001 10 25000 1.543e+14 322 4 1 1 
9.52802e+15 -0.002277 -3.61302e-14 4.97118e+27 0.001 10 25000 1.543e+14 323 4 1 1 
9.60517e+15 -0.00528531 -7.96217e-14 4.97118e+27 0.001 10.0001 25000 1.54299e+14 324 4 1 1 
9.68232e+15 -0.0118221 -1.68863e-13 4.97118e+27 0.00100001 10.0001 25000.1 1.54299e+14 325 4 1 1 
9.75947e+15 -0.0254966 -3.44765e-13 4.97118e+27 0.00100002 10.0003 25000.2 1.54297e+14 326 4 1 1 
9.83662e+15 -0.0530444 -6.77765e-13 4.97118e+27 0.00100004 10.0006 25000.4 1.54294e+14 327 4 1 1 
9.91377e+15 -0.106493 -1.28299e-12 4.97118e+27 0.00100008 10.0011 25000.8 1.54287e+14 328 4 1 1 
9.99091e+15 -0.206369 -2.33827e-12 4.97118e+27 0.00100016 10.0022 25001.6 1.54276e+14 329 4 1 1 
1.0068e+16 -0.386063 -4.1014e-12 4.97118e+27 0.0010003 10.0041 25002.9 1.54254e+14 330 4 1 1 
1.01452e+16 -0.697194 -6.91869e-12 4.97118e+27 0.00100054 10.0075 25005.3 1.54217e+14 331 4 1 0.999999 
1.02223e+16 -1.21514 -1.12112e-11 4.97118e+27 0.00100094 10.0131 25009.3 1.54155e+14 332 4 1 0.999999 
1.02993e+16 -2.04289 -1.74186e-11 4.97118e+27 0.00100158 10.0221 25015.7 1.54056e+14 333 4 1 0.999997 
1.03763e+16 -3.31009 -2.58776e-11 4.97118e+27 0.00100257 10.0359 25025.6 1.53904e+14 334 4 1 0.999993 
1.04532e+16 -5.16249 -3.66228e-11 4.97118e+27 0.00100403 10.0563 25040.1 1.53681e+14 335 4 1 0.999987 
1.053e+16 -7.73727 -4.91314e-11 4.97118e+27 0.00100606 10.0849 25060.5 1.5337e+14 336 4 1 0.999977 
1.06066e+16 -11.1225 -6.2108e-11 4.97118e+27 0.00100877 10.1229 25087.4 1.52959e+14 337 4 1 0.999965 
1.0683e+16 -15.3066 -7.34671e-11 4.97118e+27 0.00101215 10.1705 25121.2 1.52447e+14 338 4 1 0.999953 
1.0759e+16 -20.1352 -8.0692e-11 4.97118e+27 0.00101612 10.2264 25160.7 1.51853e+14 339 4 1 0.999946 
1.08348e+16 -25.2987 -8.15035e-11 4.97118e+27 0.00102044 10.2875 25203.6 1.5121e+14 340 4 1 0.999948 
1.09103e+16 -30.3649 -7.46641e-11 4.97118e+27 0.00102477 10.3489 25246.6 1.5057e+14 341 4 1 0.999959 
1.09854e+16 -34.8446 -6.00362e-11 4.97118e+27 0.0010287 10.4047 25285.5 1.49995e+14 342 4 1 0.999984 
1.10602e+16 -38.0866 -2.7665e-11 4.97118e+27 0.00103144 10.4441 25312.9 1.49597e+14 343 3 1 1 
1.1135e+16 -37.3056 1.04471e-10 4.97118e+27 0.00102902 10.4122 25291 1.49948e+14 344 4 1 1.00002 
1.12102e+16 -19.4684 4.44008e-10 4.97118e+27 0.00101473 10.21 25150.1 1.5206e+14 345 4 1 0.999701 
1.12871e+16 9.30501 3.84381e-10 4.97118e+27 0.000993885 9.91335 24938.8 1.55249e+14 346 4 1 0.998769 
1.13655e+16 26.4738 1.60484e-10 4.97118e+27 0.000978793 9.70283 24785.8 1.57643e+14 347 4 1 0.99922 
1.14447e+16 37.0048 1.78256e-10 4.97118e+27 0.000968269 9.55944 24680.8 1.59357e+14 348 4 1 0.999668 
1.15248e+16 52.8945 2.74163e-10 4.97118e+27 0.00095543 9.38281 24549.9 1.61498e+14 349 4 1 0.999555 
1.16062e+16 72.7022 2.87327e-10 4.97118e+27 0.000939986 9.17039 24389.8 1.64151e+14 350 4 1 0.999269 
1.1689e+16 92.2765 2.68217e-10 4.97118e+27 0.000924368 8.95761 24226.7 1.66925e+14 351 4 1 0.999201 
1.17731e+16 111.594 2.66419e-10 4.97118e+27 0.000909055 8.7507 24065.5 1.69737e+14 352 4 1 0.999216 
1.18587e+16 131.442 2.71049e-10 4.97118e+27 0.000893593 8.54308 23901 1.72674e+14 353 4 1 0.99918 
1.19458e+16 151.891 2.716e-10 4.97118e+27 0.000877908 8.33388 23732.3 1.75759e+14 354 4 1 0.999126 
1.20345e+16 172.823 2.71273e-10 4.97118e+27 0.000862097 8.12451 23560.4 1.78982e+14 355 4 1 0.99908 
1.21248e+16 194.187 2.71109e-10 4.97118e+27 0.000846178 7.91527 23385.5 1.82349e+14 356 4 1 0.999034 
1.22169e+16 216.029 2.70818e-10 4.97118e+27 0.000830152 7.7062 23207.3 1.8587e+14 357 4 1 0.998985 
1.23107e+16 238.354 2.70376e-10 4.97118e+27 0.000814023 7.49742 23026 1.89552e+14 358 4 1 0.998934 
1.24065e+16 261.155 2.70137e-10 4.97118e+27 0.000797789 7.28894 22841.2 1.9341e+14 359 4 1 0.998878 
1.25042e+16 284.476 2.68508e-10 4.97118e+27 0.000781476 7.08115 22653.3 1.97447e+14 360 4 1 0.998821 
1.26039e+16 308.313 2.68062e-10 4.97118e+27 0.00076509 6.87417 22462.1 2.01676e+14 361 4 1 0.998764 
1.27059e+16 332.631 2.66326e-10 4.97118e+27 0.000748633 6.66807 22267.6 2.06109e+14 362 4 1 0.9987 
1.28101e+16 357.465 2.6466e-10 4.97118e+27 0.000732138 6.4633 22070.1 2.10753e+14 363 4 1 0.998638 
1.29166e+16 382.766 2.62352e-10 4.97118e+27 0.000715625 6.26015 21869.7 2.15616e+14 364 4 1 0.998574 
1.30257e+16 408.501 2.58555e-10 4.97118e+27 0.00069916 6.05945 21667.1 2.20693e+14 365 4 1 0.998515 
1.31374e+16 434.566 2.5388e-10 4.97118e+27 0.000682826 5.86219 21463.2 2.25973e+14 366 4 1 0.998468 
1.32517e+16 460.635 2.45602e-10 4.97118e+27 0.000666774 5.67017 21260 2.31413e+14 367 4 1 0.998442 
1.33688e+16 486.413 2.33423e-10 4.97118e+27 0.000651249 5.4862 21060.6 2.3693e+14 368 4 1 0.998462 
1.34887e+16 511.282 2.15975e-10 4.97118e+27 0.000636553 5.31367 20869.2 2.42399e+14 369 4 1 0.99854 
1.36112e+16 534.563 1.92795e-10 4.97118e+27 0.000623032 5.15633 20690.8 2.4766e+14 370 4 1 0.998688 
1.37364e+16 555.655 1.69601e-10 4.97118e+27 0.000610856 5.01584 20528.2 2.52596e+14 371 4 1 0.99888 
1.38639e+16 574.924 1.55418e-10 4.97118e+27 0.000599739 4.8886 20378.1 2.57278e+14 372 4 1 0.999037 
1.39937e+16 594.166 1.62583e-10 4.97118e+27 0.000588788 4.76417 20228.6 2.62064e+14 373 4 1 0.999066 
1.4126e+16 615.532 1.80986e-10 4.97118e+27 0.000577093 4.63223 20067.1 2.67375e+14 374 4 1 0.998919 
1.42611e+16 638.896 1.82301e-10 4.97118e+27 0.000564888 4.4956 19896.2 2.73151e+14 375 4 1 0.99874 
1.43991e+16 660.561 1.44782e-10 4.97118e+27 0.000553884 4.37338 19740.2 2.78578e+14 376 4 1 0.99885 
1.45397e+16 675.565 7.42921e-11 4.97118e+27 0.000546315 4.28991 19631.8 2.82438e+14 377 4 1 0.99937 
1.46816e+16 680.57 1.37256e-12 4.97118e+27 0.000543258 4.25646 19588.1 2.84027e+14 378 4 1 0.999879 
1.48237e+16 679.885 -3.02385e-12 4.97118e+27 0.00054296 4.25334 19584.1 2.84183e+14 379 5 1 0.999998 
1.49658e+16 679.536 -5.63728e-12 4.97118e+27 0.000543195 4.25597 19587.7 2.8406e+14 380 4 1 0.999999 
1.51078e+16 678.732 -6.34868e-12 4.97118e+27 0.000543539 4.25979 19592.9 2.8388e+14 381 4 1 0.999998 
1.52497e+16 677.868 -6.09563e-12 4.97118e+27 0.000543963 4.26449 19599.2 2.83659e+14 382 4 1 0.999998 
1.53914e+16 677.067 -5.2661e-12 4.97118e+27 0.000544378 4.26909 19605.4 2.83443e+14 383 4 1 0.999999 
1.55331e+16 676.395 -4.23589e-12 4.97118e+27 0.000544739 4.27311 19610.8 2.83255e+14 384 4 1 0.999999 
1.56747e+16 675.855 -3.26899e-12 4.97118e+27 0.00054503 4.27637 19615.3 2.83104e+14 385 4 1 1 
1.58162e+16 675.434 -2.51952e-12 4.97118e+27 0.000545256 4.27893 19618.9 2.82986e+14 386 4 1 1 
1.59577e+16 675.11 -1.96471e-12 4.97118e+27 0.000545429 4.28091 19621.8 2.82897e+14 387 4 1 1 
1.60991e+16 674.857 -1.55343e-12 4.97118e+27 0.000545561 4.28245 19624.1 2.82828e+14 388 4 1 1 
1.62405e+16 674.654 -1.26936e-12 4.97118e+27 0.000545662 4.28367 19626 2.82776e+14 389 4 1 1 
1.63819e+16 674.486 -1.08062e-12 4.97118e+27 0.00054574 4.28467 19627.8 2.82735e+14 390 4 1 1 
1.65232e+16 674.341 -9.45155e-13 4.97118e+27 0.000545803 4.28551 19629.4 2.82703e+14 391 4 1 1 
1.66646e+16 674.213 -8.40306e-13 4.97118e+27 0.000545853 4.28624 19630.9 2.82677e+14 392 4 1 1 
1.68059e+16 674.098 -7.54338e-13 4.97118e+27 0.00054589 4.28687 19632.5 2.82658e+14 393 4 1 1 
1.69472e+16 673.993 -6.76957e-13 4.97118e+27 0.000545906 4.28733 19634 2.82649e+14 394 3 1 1 
1.70886e+16 673.899 -6.04025e-13 4.97118e+27 0.000545845 4.28722 19635.7 2.82681e+14 395 4 1 1 
1.72299e+16 673.814 -5.36767e-13 4.97118e+27 0.000545462 4.28507 19639.6 2.82879e+14 396 4 1 0.999999 
1.73714e+16 673.739 -4.76502e-13 4.97118e+27 0.000543867 4.26791 19618.3 2.83709e+14 397 4 1 0.999988 
1.75136e+16 673.671 -4.22256e-13 4.97118e+27 0.000530769 4.11354 19375.4 2.9071e+14 398 4 1 0.999672 
1.76623e+16 673.608 -3.70249e-13 4.97118e+27 0.000506709 4.40049 21711.2 3.04514e+14 399 4 1 0.994715 
1.78184e+16 673.547 -3.19379e-13 4.97118e+27 0.00048119 4.15441 21584 3.20663e+14 400 4 1 0.993707 
1.79833e+16 673.488 -2.69936e-13 4.97118e+27 0.000458718 4.499 24519.4 3.36372e+14 401 4 1 0.9937 
1.81549e+16 673.432 -2.24572e-13 4.97118e+27 0.000450113 4.30453 23908 3.42803e+14 402 5 1 0.998661 
1.83261e+16 673.38 -1.86007e-13 4.97118e+27 0.000451716 4.28789 23731.1 3.41586e+14 403 4 1 0.999967 
1.84965e+16 673.332 -1.49387e-13 4.97118e+27 0.000453343 4.28752 23643.9 3.4036e+14 404 4 1 0.999986 
1.86664e+16 673.284 -1.04082e-13 4.97118e+27 0.000454433 4.28891 23594.8 3.39544e+14 405 4 1 0.999994 
1.8836e+16 673.234 -3.10561e-14 4.97118e+27 0.000455129 4.28971 23563.1 3.39025e+14 406 4 1 0.999997 
1.90054e+16 673.168 1.28815e-13 4.97118e+27 0.000455585 4.28993 23540.8 3.38686e+14 407 4 1 0.999999 
1.91747e+16 673.049 5.86455e-13 4.97118e+27 0.000455865 4.28946 23523.7 3.38477e+14 408 4 1 1 
1.93439e+16 672.76 1.96149e-12 4.97118e+27 0.000455934 4.28727 23508.1 3.38426e+14 409 3 1 1 
1.95131e+16 671.924 6.21185e-12 4.97118e+27 0.000455568 4.28009 23487.6 3.38698e+14 410 4 1 1 
1.96826e+16 669.486 1.85185e-11 4.97118e+27 0.000454099 4.25897 23447.2 3.39794e+14 411 4 1 0.999983 
1.98529e+16 662.79 4.81626e-11 4.97118e+27 0.000449996 4.20375 23353.9 3.42892e+14 412 4 1 0.99985 
2.00255e+16 646.084 1.20149e-10 4.97118e+27 0.000440201 4.07466 23140 3.50522e+14 413 4 1 0.999106 
2.02036e+16 608.953 2.39925e-10 4.97118e+27 0.00042078 3.8222 22707.3 3.667e+14 414 4 1 0.99619 
2.03926e+16 535.273 5.09641e-10 4.97118e+27 0.00038624 3.38062 21879.3 3.99493e+14 415 4 1 0.988559 
2.06046e+16 382.082 9.43064e-10 4.97118e+27 0.000336533 2.76634 20550 4.585e+14 416 4 1 0.972886 
2.08555e+16 178.603 8.97153e-10 4.97118e+27 0.000288822 2.21105 19141.1 5.3424e+14 417 4 1 0.959277 
2.1143e+16 44.3742 3.85352e-10 4.97118e+27 0.000260963 1.90776 18278.7 5.91272e+14 418 4 1 0.975581 
2.14478e+16 3.96157 6.48671e-11 4.97118e+27 0.000251631 1.81137 17997.2 6.132e+14 419 4 1 0.995736 
2.17563e+16 -0.394025 3.53568e-13 4.97118e+27 0.000250039 1.79537 17951.1 6.17104e+14 420 4 1 0.999846 
2.20649e+16 -0.0492668 -1.0055e-12 4.97118e+27 0.00024998 1.7948 17949.4 6.17248e+14 421 5 1 1 
2.23735e+16 0.00767162 2.10073e-14 4.97118e+27 0.00025 1.795 17950 6.172e+14 422 4 1 1 
2.26821e+16 0.00248251 1.69915e-14 4.97118e+27 0.000250001 1.79501 17950 6.17199e+14 423 3 1 1 
2.29907e+16 0.000555946 4.19386e-15 4.97118e+27 0.00025 1.795 17950 6.172e+14 424 4 1 1 
2.32993e+16 0.00011226 8.99893e-16 4.97118e+27 0.00025 1.795 17950 6.172e+14 425 4 1 1 
2.36079e+16 2.11496e-05 1.79155e-16 4.97118e+27 0.00025 1.795 17950 6.172e+14 426 4 1 1 
2.39165e+16 3.73444e-06 3.34111e-17 4.97118e+27 0.00025 1.795 17950 6.172e+14 427 4 1 1 
2.42251e+16 6.17038e-07 5.83595e-18 4.97118e+27 0.00025 1.795 17950 6.172e+14 428 4 1 1 
2.45337e+16 9.51399e-08 9.52183e-19 4.97118e+27 0.00025 1.795 17950 6.172e+14 429 4 1 1 
2.48423e+16 1.36489e-08 1.44677e-19 4.97118e+27 0.00025 1.795 17950 6.172e+14 430 4 1 1 
2.51509e+16 1.81082e-09 2.03704e-20 4.97118e+27 0.00025 1.795 17950 6.172e+14 431 4 1 1 
2.54595e+16 2.2472e-10 2.68837e-21 4.97118e+27 0.00025 1.795 17950 6.172e+14 432 4 1 1 
2.57681e+16 1.83545e-11 3.31095e-22 4.97118e+27 0.00025 1.795 17950 6.172e+14 433 4 1 1 
2.60767e+16 8.85533e-13 1.05914e-23 4.97118e+27 0.00025 1.795 17950 6.172e+14 434 5 1 1 
2.63853e+16 9.0724e-14 1.38148e-24 4.97118e+27 0.00025 1.795 17950 6.172e+14 435 5 1 1 
2.66939e+16 2.21513e-44 3.63266e-55 4.97118e+27 0.00025 1.795 17950 6.172e+14 436 5 1 1 
2.70025e+16 0 0 4.97118e+27 0.00025 1.795 17950 6.172e+14 437 5 1 1 
2.73111e+16 0 0 4.97118e+27 0.00025 1.795 17950 6.172e+14 438 5 1 1 
2.76197e+16 -4.1716e-44 -9.08165e-56 4.97118e+27 0.00025 1.795 17950 6.172e+14 439 5 1 1 
2.79283e+16 -1.45371e-43 -2.72449e-55 4.97118e+27 0.00025 1.795 17950 6.172e+14 440 5 1 1 
2.82369e+16 -3.36461e-13 -9.20989e-25 4.97118e+27 0.00025 1.795 17950 6.172e+14 441 5 1 1 
2.85455e+16 -8.82763e-13 -4.60494e-25 4.97118e+27 0.00025 1.795 17950 6.172e+14 442 5 1 1 
2.88541e+16 -1.67563e-12 -9.20989e-25 4.97118e+27 0.00025 1.795 17950 6.172e+14 443 5 1 1 
2.91627e+16 -3.09049e-12 -4.60494e-25 4.97118e+27 0.00025 1.795 17950 6.172e+14 444 5 1 1 
2.94713e+16 -5.06903e-12 4.60494e-25 4.97118e+27 0.00025 1.795 17950 6.172e+14 445 5 1 1 
2.97799e+16 -3.40429e-12 1.01309e-23 4.97118e+27 0.00025 1.795 17950 6.172e+14 446 5 1 1 
3.00885e+16 -9.16212e-12 9.20989e-24 4.97118e+27 0.00025 1.795 17950 6.172e+14 447 5 1 1 
3.03971e+16 7.98619e-12 -1.05914e-23 4.97118e+27 0.00025 1.795 17950 6.172e+14 448 5 1 1 
3.07057e+16 -1.77515e-12 -8.2889e-24 4.97118e+27 0.00025 1.795 17950 6.172e+14 449 3 1 1 
3.10143e+16 1.77515e-12 8.2889e-24 4.97118e+27 0.00025 1.795 17950 6.172e+14 450 3 1 1 
3.13229e+16 -7.98619e-12 1.05914e-23 4.97118e+27 0.00025 1.795 17950 6.172e+14 451 5 1 1 
3.16315e+16 9.16212e-12 -9.20989e-24 4.97118e+27 0.00025 1.795 17950 6.172e+14 452 5 1 1 
3.19401e+16 3.40429e-12 -1.01309e-23 4.97118e+27 0.00025 1.795 17950 6.172e+14 453 5 1 1 
3.22487e+16 5.06903e-12 -4.60494e-25 4.97118e+27 0.00025 1.795 17950 6.172e+14 454 5 1 1 
3.25573e+16 3.09049e-12 4.60494e-25 4.97118e+27 0.00025 1.795 17950 6.172e+14 455 5 1 1 
3.28659e+16 1.67563e-12 9.20989e-25 4.97118e+27 0.00025 1.795 17950 6.172e+14 456 5 1 1 
3.31745e+16 8.82763e-13 4.60494e-25 4.97118e+27 0.00025 1.795 17950 6.172e+14 457 5 1 1 
3.34831e+16 3.36461e-13 9.20989e-25 4.97118e+27 0.00025 1.795 17950 6.172e+14 458 5 1 1 
3.37917e+16 1.45371e-43 2.72449e-55 4.97118e+27 0.00025 1.795 17950 6.172e+14 459 5 1 1 
3.41003e+16 4.1716e-44 9.08165e-56 4.97118e+27 0.00025 1.795 17950 6.172e+14 460 5 1 1 
3.44089e+16 0 0 4.97118e+27 0.00025 1.795 17950 6.172e+14 461 5 1 1 
3.47175e+16 -8.50948e-46 -9.08165e-56 4.97118e+27 0.00025 1.795 17950 6.172e+14 462 5 1 1 
3.50261e+16 -3.06699e-44 -5.44899e-55 4.97118e+27 0.00025 1.795 17950 6.172e+14 463 5 1 1 
3.53347e+16 -1.1664e-13 -2.30247e-24 4.97118e+27 0.00025 1.795 17950 6.172e+14 464 5 1 1 
3.56433e+16 -1.42567e-12 -1.01309e-23 4.97118e+27 0.00025 1.795 17950 6.172e+14 465 5 1 1 
3.59519e+16 -1.23787e-11 -2.67087e-22 4.97118e+27 0.00025 1.795 17950 6.172e+14 466 4 1 1 
3.62605e+16 -2.24558e-10 -2.76343e-21 4.97118e+27 0.00025 1.795 17950 6.172e+14 467 4 1 1 
3.65691e+16 -1.81742e-09 -2.03916e-20 4.97118e+27 0.00025 1.795 17950 6.172e+14 468 4 1 1 
3.68777e+16 -1.36395e-08 -1.44586e-19 4.97118e+27 0.00025 1.795 17950 6.172e+14 469 4 1 1 
3.71863e+16 -9.5151e-08 -9.52274e-19 4.97118e+27 0.00025 1.795 17950 6.172e+14 470 4 1 1 
3.74949e+16 -6.17034e-07 -5.83593e-18 4.97118e+27 0.00025 1.795 17950 6.172e+14 471 4 1 1 
3.78035e+16 -3.73445e-06 -3.34111e-17 4.97118e+27 0.00025 1.795 17950 6.172e+14 472 4 1 1 
3.81121e+16 -2.11496e-05 -1.79154e-16 4.97118e+27 0.00025 1.795 17950 6.172e+14 473 4 1 1 
3.84207e+16 -0.00011226 -8.99893e-16 4.97118e+27 0.00025 1.795 17950 6.172e+14 474 4 1 1 
3.87293e+16 -0.000555945 -4.19386e-15 4.97118e+27 0.00025 1.795 17950 6.172e+14 475 4 1 1 
3.90379e+16 -0.00248251 -1.69915e-14 4.97118e+27 0.000250001 1.79501 17950 6.17199e+14 476 3 1 1 
3.93465e+16 -0.00767162 -2.10073e-14 4.97118e+27 0.00025 1.795 17950 6.172e+14 477 4 1 1 
3.96551e+16 0.0492668 1.0055e-12 4.97118e+27 0.00024998 1.7948 17949.4 6.17248e+14 478 5 1 1 
3.99637e+16 0.394025 -3.53568e-13 4.97118e+27 0.000250039 1.79537 17951.1 6.17104e+14 479 4 1 0.999846 
4.02722e+16 -3.96157 -6.48671e-11 4.97118e+27 0.000251631 1.81137 17997.2 6.132e+14 480 4 1 0.995736 
4.0577e+16 -44.3742 -3.85352e-10 4.97118e+27 0.000260963 1.90776 18278.7 5.91272e+14 481 4 1 0.975581 
4.08645e+16 -178.603 -8.97153e-10 4.97118e+27 0.000288822 2.21105 19141.1 5.3424e+14 482 4 1 0.959277 
4.11154e+16 -382.082 -9.43064e-10 4.97118e+27 0.000336533 2.76634 20550 4.585e+14 483 4 1 0.972886 
4.13274e+16 -535.273 -5.09641e-10 4.97118e+27 0.00038624 3.38062 21879.3 3.99493e+14 484 4 1 0.988559 
4.15164e+16 -608.953 -2.39925e-10 4.97118e+27 0.00042078 3.8222 22707.3 3.667e+14 485 4 1 0.99619 
4.16945e+16 -646.084 -1.20149e-10 4.97118e+27 0.000440201 4.07466 23140 3.50522e+14 486 4 1 0.999106 
4.18671e+16 -662.79 -4.81626e-11 4.97118e+27 0.000449996 4.20375 23353.9 3.42892e+14 487 4 1 0.99985 
4.20374e+16 -669.486 -1.85185e-11 4.97118e+27 0.000454099 4.25897 23447.2 3.39794e+14 488 4 1 0.999983 
4.22069e+16 -671.924 -6.21185e-12 4.97118e+27 0.000455568 4.28009 23487.6 3.38698e+14 489 4 1 1 
4.23761e+16 -672.76 -1.96149e-12 4.97118e+27 0.000455934 4.28727 23508.1 3.38426e+14 490 3 1 1 
4.25453e+16 -673.049 -5.86455e-13 4.97118e+27 0.000455865 4.28946 23523.7 3.38477e+14 491 4 1 1 
4.27146e+16 -673.168 -1.28815e-13 4.97118e+27 0.000455585 4.28993 23540.8 3.38686e+14 492 4 1 0.999999 
4.2884e+16 -673.234 3.10561e-14 4.97118e+27 0.000455129 4.28971 23563.1 3.39025e+14 493 4 1 0.999997 
4.30536e+16 -673.284 1.04082e-13 4.97118e+27 0.000454433 4.28891 23594.8 3.39544e+14 494 4 1 0.999994 
4.32235e+16 -673.332 1.49387e-13 4.97118e+27 0.000453343 4.28752 23643.9 3.4036e+14 495 4 1 0.999986 
4.33939e+16 -673.38 1.86007e-13 4.97118e+27 0.000451716 4.28789 23731.1 3.41586e+14 496 4 1 0.999967 
4.35651e+16 -673.432 2.24572e-13 4.97118e+27 0.000450113 4.30453 23908 3.42803e+14 497 5 1 0.998661 
4.37367e+16 -673.488 2.69936e-13 4.97118e+27 0.000458718 4.499 24519.4 3.36372e+14 498 4 1 0.9937 
4.39016e+16 -673.547 3.19379e-13 4.97118e+27 0.00048119 4.15441 21584 3.20663e+14 499 4 1 0.993707 
