# Time [s]: 0.112532
# Columns: pos [m], vel [m/s], acc [m/s^2], mass [kg], dens [kg/m^3], pres [Pa], ene [J/kg], sml [m], id, neighbor, alpha, gradh, ...additional?
1.42643 -0.673587 0.0108885 0.0025 0.50672 0.440063 2.17114 0.00986738 0 4 1 0.994715 
1.43125 -0.673648 0.0123867 0.0025 0.530783 0.411369 1.93756 0.00942005 1 4 1 0.999672 
1.43586 -0.673713 0.0139781 0.0025 0.543882 0.426808 1.96186 0.00919316 2 4 1 0.999988 
1.44044 -0.673785 0.0157681 0.0025 0.545479 0.428526 1.96399 0.00916626 3 4 1 0.999999 
1.44503 -0.673866 0.0177805 0.0025 0.545865 0.428743 1.9636 0.00915978 4 4 1 1 
1.4496 -0.673956 0.0199716 0.0025 0.545928 0.428757 1.96343 0.00915873 5 3 1 1 
1.45418 -0.674056 0.0223095 0.0025 0.545914 0.428713 1.96328 0.00915896 6 4 1 1 
1.45876 -0.674167 0.0248882 0.0025 0.545879 0.428652 1.96313 0.00915955 7 4 1 1 
1.46334 -0.674289 0.0278835 0.0025 0.545832 0.428583 1.96298 0.00916033 8 4 1 1 
1.46792 -0.674427 0.0315735 0.0025 0.545773 0.428503 1.96283 0.00916131 9 4 1 1 
1.4725 -0.674585 0.0367018 0.0025 0.545701 0.42841 1.96266 0.00916253 10 4 1 1 
1.47709 -0.674773 0.0443434 0.0025 0.545608 0.428298 1.96248 0.00916408 11 4 1 1 
1.48167 -0.675005 0.0552019 0.0025 0.545489 0.428157 1.96226 0.00916609 12 4 1 1 
1.48625 -0.675299 0.0702648 0.0025 0.545333 0.427977 1.962 0.00916871 13 4 1 1 
1.49084 -0.675679 0.0914305 0.0025 0.545129 0.427746 1.96167 0.00917214 14 4 1 1 
1.49542 -0.676167 0.118725 0.0025 0.544864 0.427449 1.96126 0.0091766 15 4 1 0.999999 
-0.499986 -0.676783 0.148568 0.0025 0.544532 0.427078 1.96076 0.0091822 16 4 1 0.999999 
-0.495393 -0.677534 0.176992 0.0025 0.544139 0.426643 1.96017 0.00918882 17 4 1 0.999999 
-0.490797 -0.678376 0.193854 0.0025 0.543719 0.426177 1.95955 0.00919592 18 4 1 0.999998 
-0.486197 -0.679196 0.191943 0.0025 0.543331 0.425746 1.95897 0.00920249 19 4 1 0.999998 
-0.481595 -0.679761 0.0668494 0.0025 0.543081 0.425469 1.95859 0.00920673 20 4 1 0.999999 
-0.476991 -0.680311 0.254656 0.0025 0.542994 0.425362 1.95844 0.00920821 21 5 1 0.999967 
-0.472386 -0.678786 -1.24945 0.0025 0.544559 0.427064 1.96066 0.00918174 22 4 1 0.999631 
-0.467809 -0.667945 -3.60006 0.0025 0.550148 0.433211 1.96867 0.00908846 23 4 1 0.999057 
-0.463297 -0.648821 -5.21189 0.0025 0.559828 0.443928 1.98246 0.00893131 24 4 1 0.998758 
-0.458876 -0.625827 -5.66683 0.0025 0.571659 0.457126 1.99912 0.00874647 25 4 1 0.998845 
-0.45455 -0.603519 -5.23341 0.0025 0.583601 0.470553 2.01572 0.00856749 26 4 1 0.999034 
-0.450308 -0.583643 -4.7801 0.0025 0.59473 0.483157 2.03099 0.00840717 27 4 1 0.99909 
-0.446142 -0.564904 -4.91325 0.0025 0.605527 0.495472 2.04564 0.00825726 28 4 1 0.998991 
-0.44205 -0.54502 -5.51095 0.0025 0.616977 0.508632 2.06102 0.00810403 29 4 1 0.99881 
-0.438037 -0.523072 -6.24743 0.0025 0.62967 0.52334 2.07787 0.00794067 30 4 1 0.998642 
-0.434108 -0.499246 -6.85138 0.0025 0.643625 0.539649 2.09616 0.0077685 31 4 1 0.998533 
-0.430267 -0.474221 -7.30036 0.0025 0.658554 0.557255 2.11547 0.00759239 32 4 1 0.998491 
-0.426515 -0.448643 -7.58315 0.0025 0.674126 0.575789 2.13534 0.00741701 33 4 1 0.998495 
-0.422849 -0.422895 -7.78825 0.0025 0.690079 0.594955 2.1554 0.00724554 34 4 1 0.99853 
-0.419268 -0.397383 -7.9154 0.0025 0.70624 0.614551 2.17545 0.00707975 35 4 1 0.998583 
-0.415769 -0.37222 -7.99635 0.0025 0.722478 0.634423 2.19532 0.00692062 36 4 1 0.998641 
-0.412347 -0.347495 -8.06375 0.0025 0.738728 0.654489 2.21493 0.00676839 37 4 1 0.998703 
-0.408999 -0.323262 -8.10322 0.0025 0.754948 0.674693 2.23425 0.00662297 38 4 1 0.998763 
-0.405723 -0.299475 -8.14737 0.0025 0.771115 0.695006 2.25326 0.00648412 39 4 1 0.99882 
-0.402514 -0.276238 -8.18365 0.0025 0.787225 0.715417 2.27197 0.00635142 40 4 1 0.998877 
-0.399371 -0.253453 -8.19814 0.0025 0.803255 0.735894 2.29036 0.00622467 41 4 1 0.998931 
-0.396289 -0.231159 -8.21651 0.0025 0.819192 0.756414 2.30843 0.00610358 42 4 1 0.998981 
-0.393267 -0.209338 -8.23002 0.0025 0.835035 0.776973 2.32618 0.00598777 43 4 1 0.999031 
-0.390301 -0.187977 -8.23091 0.0025 0.850775 0.797552 2.34362 0.00587699 44 4 1 0.999075 
-0.387389 -0.167077 -8.25337 0.0025 0.866419 0.818157 2.36076 0.00577088 45 4 1 0.999118 
-0.384529 -0.146625 -8.25485 0.0025 0.881964 0.838782 2.37761 0.00566917 46 4 1 0.999165 
-0.381719 -0.126582 -8.19697 0.0025 0.89735 0.859341 2.39411 0.00557196 47 4 1 0.999216 
-0.378957 -0.107159 -8.0853 0.0025 0.912515 0.879733 2.4102 0.00547936 48 4 1 0.999243 
-0.37624 -0.0882601 -8.19348 0.0025 0.927593 0.900137 2.42604 0.0053903 49 4 1 0.999226 
-0.373566 -0.0689016 -8.7868 0.0025 0.943005 0.921172 2.44212 0.0053022 50 4 1 0.999315 
-0.370937 -0.0495965 -8.1179 0.0025 0.958052 0.941894 2.45769 0.00521892 51 4 1 0.999605 
-0.368347 -0.034763 -5.00918 0.0025 0.970242 0.95865 2.47007 0.00515335 52 4 1 0.999666 
-0.365783 -0.0245452 -5.28906 0.0025 0.980624 0.972804 2.48042 0.0050988 53 4 1 0.99916 
-0.363248 -0.00609723 -12.5231 0.0025 0.99634 0.994806 2.49638 0.00501837 54 4 1 0.99885 
-0.360765 0.0224311 -12.7455 0.0025 1.01689 1.02406 2.51716 0.00491695 55 4 1 0.999797 
-0.358331 0.0376658 -2.2541 0.0025 1.02963 1.04205 2.52967 0.00485613 56 4 1 1.00002 
-0.355908 0.0375737 1.01224 0.0025 1.03106 1.04385 2.5309 0.00484939 57 3 1 1 
-0.353481 0.0342027 1.88055 0.0025 1.02816 1.0397 2.52801 0.00486306 58 4 1 0.999981 
-0.351045 0.0297181 2.29458 0.0025 1.02423 1.03412 2.52412 0.00488171 59 4 1 0.999959 
-0.348599 0.024701 2.48428 0.0025 1.01995 1.02805 2.51987 0.00490222 60 4 1 0.999949 
-0.346143 0.0196256 2.44202 0.0025 1.01571 1.02206 2.51566 0.00492269 61 4 1 0.999948 
-0.343677 0.0149044 2.21309 0.0025 1.01183 1.0166 2.5118 0.00494153 62 4 1 0.999955 
-0.341201 0.0108278 1.86524 0.0025 1.00854 1.01196 2.50851 0.00495767 63 4 1 0.999966 
-0.338719 0.00753639 1.4732 0.0025 1.00591 1.00827 2.50589 0.00497063 64 4 1 0.999978 
-0.336231 0.00503493 1.09775 0.0025 1.00393 1.00549 2.50391 0.00498044 65 4 1 0.999987 
-0.333739 0.00323468 0.776222 0.0025 1.00251 1.00351 2.5025 0.00498746 66 4 1 0.999993 
-0.331243 0.00200156 0.523326 0.0025 1.00155 1.00216 2.50154 0.00499226 67 4 1 0.999997 
-0.328746 0.00119437 0.337633 0.0025 1.00092 1.00128 2.50092 0.00499539 68 4 1 0.999999 
-0.326248 0.000687866 0.209 0.0025 1.00053 1.00074 2.50053 0.00499735 69 4 1 0.999999 
-0.323749 0.000382548 0.124354 0.0025 1.00029 1.00041 2.50029 0.00499853 70 4 1 1 
-0.321249 0.00020549 0.0712017 0.0025 1.00016 1.00022 2.50016 0.00499921 71 4 1 1 
-0.31875 0.000106618 0.0392595 0.0025 1.00008 1.00011 2.50008 0.00499959 72 4 1 1 
-0.31625 5.34267e-05 0.0208539 0.0025 1.00004 1.00006 2.50004 0.0049998 73 4 1 1 
-0.31375 2.58506e-05 0.0106729 0.0025 1.00002 1.00003 2.50002 0.0049999 74 4 1 1 
-0.31125 1.20731e-05 0.00526276 0.0025 1.00001 1.00001 2.50001 0.00499995 75 4 1 1 
-0.30875 5.4402e-06 0.00249984 0.0025 1 1.00001 2.5 0.00499998 76 4 1 1 
-0.30625 2.36387e-06 0.00114353 0.0025 1 1 2.5 0.00499999 77 4 1 1 
-0.30375 9.89837e-07 0.000503538 0.0025 1 1 2.5 0.005 78 4 1 1 
-0.30125 3.99111e-07 0.000213317 0.0025 1 1 2.5 0.005 79 4 1 1 
-0.29875 1.54812e-07 8.68791e-05 0.0025 1 1 2.5 0.005 80 4 1 1 
-0.29625 5.7704e-08 3.39868e-05 0.0025 1 1 2.5 0.005 81 4 1 1 
-0.29375 2.06396e-08 1.27563e-05 0.0025 1 1 2.5 0.005 82 4 1 1 
-0.29125 7.0723e-09 4.58736e-06 0.0025 1 1 2.5 0.005 83 4 1 1 
-0.28875 2.31681e-09 1.57784e-06 0.0025 1 1 2.5 0.005 84 4 1 1 
-0.28625 7.23719e-10 5.17983e-07 0.0025 1 1 2.5 0.005 85 4 1 1 
-0.28375 2.14895e-10 1.61837e-07 0.0025 1 1 2.5 0.005 86 4 1 1 
-0.28125 6.03719e-11 4.7952e-08 0.0025 1 1 2.5 0.005 87 4 1 1 
-0.27875 1.59527e-11 1.34167e-08 0.0025 1 1 2.5 0.005 88 4 1 1 
-0.27625 3.94101e-12 3.53145e-09 0.0025 1 1 2.5 0.005 89 4 1 1 
-0.27375 9.06683e-13 8.44693e-10 0.0025 1 1 2.5 0.005 90 4 1 1 
-0.27125 1.83551e-13 2.03841e-10 0.0025 1 1 2.5 0.005 91 4 1 1 
-0.26875 2.88395e-14 3.89377e-11 0.0025 1 1 2.5 0.005 92 4 1 1 
-0.26625 3.28477e-16 2.89901e-12 0.0025 1 1 2.5 0.005 93 5 1 1 
-0.26375 3.45908e-17 -3.9443e-29 0.0025 1 1 2.5 0.005 94 5 1 1 
-0.26125 1.36457e-47 0 0.0025 1 1 2.5 0.005 95 5 1 1 
-0.25875 0 0 0.0025 1 1 2.5 0.005 96 5 1 1 
-0.25625 0 0 0.0025 1 1 2.5 0.005 97 5 1 1 
-0.25375 0 0 0.0025 1 1 2.5 0.005 98 5 1 1 
-0.25125 0 0 0.0025 1 1 2.5 0.005 99 5 1 1 
-0.24875 0 0 0.0025 1 1 2.5 0.005 100 5 1 1 
-0.24625 0 0 0.0025 1 1 2.5 0.005 101 5 1 1 
-0.24375 0 0 0.0025 1 1 2.5 0.005 102 5 1 1 
-0.24125 0 0 0.0025 1 1 2.5 0.005 103 5 1 1 
-0.23875 0 0 0.0025 1 1 2.5 0.005 104 5 1 1 
-0.23625 0 0 0.0025 1 1 2.5 0.005 105 5 1 1 
-0.23375 0 0 0.0025 1 1 2.5 0.005 106 5 1 1 
-0.23125 0 0 0.0025 1 1 2.5 0.005 107 5 1 1 
-0.22875 0 0 0.0025 1 1 2.5 0.005 108 5 1 1 
-0.22625 0 0 0.0025 1 1 2.5 0.005 109 5 1 1 
-0.22375 0 0 0.0025 1 1 2.5 0.005 110 5 1 1 
-0.22125 0 0 0.0025 1 1 2.5 0.005 111 5 1 1 
-0.21875 0 0 0.0025 1 1 2.5 0.005 112 5 1 1 
-0.21625 0 0 0.0025 1 1 2.5 0.005 113 5 1 1 
-0.21375 0 0 0.0025 1 1 2.5 0.005 114 5 1 1 
-0.21125 0 0 0.0025 1 1 2.5 0.005 115 5 1 1 
-0.20875 0 0 0.0025 1 1 2.5 0.005 116 5 1 1 
-0.20625 0 0 0.0025 1 1 2.5 0.005 117 5 1 1 
-0.20375 0 0 0.0025 1 1 2.5 0.005 118 5 1 1 
-0.20125 0 0 0.0025 1 1 2.5 0.005 119 5 1 1 
-0.19875 0 0 0.0025 1 1 2.5 0.005 120 5 1 1 
-0.19625 0 0 0.0025 1 1 2.5 0.005 121 5 1 1 
-0.19375 0 0 0.0025 1 1 2.5 0.005 122 5 1 1 
-0.19125 0 0 0.0025 1 1 2.5 0.005 123 5 1 1 
-0.18875 0 0 0.0025 1 1 2.5 0.005 124 5 1 1 
-0.18625 0 0 0.0025 1 1 2.5 0.005 125 5 1 1 
-0.18375 0 0 0.0025 1 1 2.5 0.005 126 5 1 1 
-0.18125 0 0 0.0025 1 1 2.5 0.005 127 5 1 1 
-0.17875 0 0 0.0025 1 1 2.5 0.005 128 5 1 1 
-0.17625 0 0 0.0025 1 1 2.5 0.005 129 5 1 1 
-0.17375 0 0 0.0025 1 1 2.5 0.005 130 5 1 1 
-0.17125 0 0 0.0025 1 1 2.5 0.005 131 5 1 1 
-0.16875 0 0 0.0025 1 1 2.5 0.005 132 5 1 1 
-0.16625 0 0 0.0025 1 1 2.5 0.005 133 5 1 1 
-0.16375 0 0 0.0025 1 1 2.5 0.005 134 5 1 1 
-0.16125 0 0 0.0025 1 1 2.5 0.005 135 5 1 1 
-0.15875 0 0 0.0025 1 1 2.5 0.005 136 5 1 1 
-0.15625 0 0 0.0025 1 1 2.5 0.005 137 5 1 1 
-0.15375 0 0 0.0025 1 1 2.5 0.005 138 5 1 1 
-0.15125 0 0 0.0025 1 1 2.5 0.005 139 5 1 1 
-0.14875 0 0 0.0025 1 1 2.5 0.005 140 5 1 1 
-0.14625 0 0 0.0025 1 1 2.5 0.005 141 5 1 1 
-0.14375 0 0 0.0025 1 1 2.5 0.005 142 5 1 1 
-0.14125 0 0 0.0025 1 1 2.5 0.005 143 5 1 1 
-0.13875 0 0 0.0025 1 1 2.5 0.005 144 5 1 1 
-0.13625 0 0 0.0025 1 1 2.5 0.005 145 5 1 1 
-0.13375 0 0 0.0025 1 1 2.5 0.005 146 5 1 1 
-0.13125 0 0 0.0025 1 1 2.5 0.005 147 5 1 1 
-0.12875 0 0 0.0025 1 1 2.5 0.005 148 5 1 1 
-0.12625 0 0 0.0025 1 1 2.5 0.005 149 5 1 1 
-0.12375 0 0 0.0025 1 1 2.5 0.005 150 5 1 1 
-0.12125 0 0 0.0025 1 1 2.5 0.005 151 5 1 1 
-0.11875 0 0 0.0025 1 1 2.5 0.005 152 5 1 1 
-0.11625 0 0 0.0025 1 1 2.5 0.005 153 5 1 1 
-0.11375 0 0 0.0025 1 1 2.5 0.005 154 5 1 1 
-0.11125 0 0 0.0025 1 1 2.5 0.005 155 5 1 1 
-0.10875 0 0 0.0025 1 1 2.5 0.005 156 5 1 1 
-0.10625 0 0 0.0025 1 1 2.5 0.005 157 5 1 1 
-0.10375 0 0 0.0025 1 1 2.5 0.005 158 5 1 1 
-0.10125 0 0 0.0025 1 1 2.5 0.005 159 5 1 1 
-0.09875 0 0 0.0025 1 1 2.5 0.005 160 5 1 1 
-0.09625 0 0 0.0025 1 1 2.5 0.005 161 5 1 1 
-0.09375 0 0 0.0025 1 1 2.5 0.005 162 5 1 1 
-0.09125 0 0 0.0025 1 1 2.5 0.005 163 5 1 1 
-0.08875 0 0 0.0025 1 1 2.5 0.005 164 5 1 1 
-0.08625 0 0 0.0025 1 1 2.5 0.005 165 5 1 1 
-0.08375 0 0 0.0025 1 1 2.5 0.005 166 5 1 1 
-0.08125 0 0 0.0025 1 1 2.5 0.005 167 5 1 1 
-0.07875 0 0 0.0025 1 1 2.5 0.005 168 5 1 1 
-0.07625 0 0 0.0025 1 1 2.5 0.005 169 5 1 1 
-0.07375 0 0 0.0025 1 1 2.5 0.005 170 5 1 1 
-0.07125 0 0 0.0025 1 1 2.5 0.005 171 5 1 1 
-0.06875 0 0 0.0025 1 1 2.5 0.005 172 5 1 1 
-0.06625 0 0 0.0025 1 1 2.5 0.005 173 5 1 1 
-0.06375 -3.06736e-47 -1.12104e-44 0.0025 1 1 2.5 0.005 174 5 1 1 
-0.06125 -6.90833e-17 -1.12104e-44 0.0025 1 1 2.5 0.005 175 5 1 1 
-0.05875 -2.06851e-16 0 0.0025 1 1 2.5 0.005 176 5 1 1 
-0.05625 -3.43961e-16 0 0.0025 1 1 2.5 0.005 177 5 1 1 
-0.05375 -4.62778e-16 -5.68434e-14 0.0025 1 1 2.5 0.005 178 5 1 1 
-0.05125 -6.32217e-16 5.68434e-14 0.0025 1 1 2.5 0.005 179 5 1 1 
-0.04875 -8.00111e-16 -5.68434e-14 0.0025 1 1 2.5 0.005 180 5 1 1 
-0.04625 -9.66474e-16 5.68434e-14 0.0025 1 1 2.5 0.005 181 5 1 1 
-0.04375 -1.16437e-15 -5.68434e-14 0.0025 1 1 2.5 0.005 182 5 1 1 
-0.04125 -1.37528e-15 0 0.0025 1 1 2.5 0.005 183 5 1 1 
-0.03875 -1.59439e-15 3.9443e-29 0.0025 1 1 2.5 0.005 184 5 1 1 
-0.03625 -1.87439e-15 -5.68434e-14 0.0025 1 1 2.5 0.005 185 5 1 1 
-0.03375 -3.29065e-15 -3.15544e-28 0.0025 1 1 2.5 0.005 186 4 1 1 
-0.03125 -8.8258e-16 -1.7053e-13 0.0025 1 1 2.5 0.005 187 4 1 1 
-0.02875 -2.74234e-15 -1.7053e-13 0.0025 1 1 2.5 0.005 188 4 1 1 
-0.02625 1.35133e-15 2.84217e-13 0.0025 1 1 2.5 0.005 189 4 1 1 
-0.02375 3.75799e-17 1.7053e-13 0.0025 1 1 2.5 0.005 190 4 1 1 
-0.02125 -9.70157e-16 -1.13687e-13 0.0025 1 1 2.5 0.005 191 5 1 1 
-0.01875 -2.01583e-15 -4.54747e-13 0.0025 1 1 2.5 0.005 192 4 1 1 
-0.01625 -1.66139e-15 1.13687e-12 0.0025 1 1 2.5 0.005 193 3 1 1 
-0.01375 -3.58656e-16 -6.82121e-13 0.0025 1 1 2.5 0.005 194 4 1 1 
-0.01125 -6.15599e-16 -1.13687e-13 0.0025 1 1 2.5 0.005 195 3 1 1 
-0.00875 -1.07054e-15 3.54987e-28 0.0025 1 1 2.5 0.005 196 3 1 1 
-0.00625 4.25048e-16 1.13687e-13 0.0025 1 1 2.5 0.005 197 3 1 1 
-0.00375 1.03506e-16 -1.13687e-13 0.0025 1 1 2.5 0.005 198 3 1 1 
-0.00125 -2.41095e-16 -8.87469e-29 0.0025 1 1 2.5 0.005 199 3 1 1 
0.00125 -3.0455e-16 1.13687e-13 0.0025 1 1 2.5 0.005 200 3 1 1 
0.00375 -2.27438e-16 -1.13687e-13 0.0025 1 1 2.5 0.005 201 4 1 1 
0.00625 -3.85275e-16 1.13687e-13 0.0025 1 1 2.5 0.005 202 4 1 1 
0.00875 -1.0773e-15 -5.68434e-14 0.0025 1 1 2.5 0.005 203 3 1 1 
0.01125 4.57691e-17 5.68434e-14 0.0025 1 1 2.5 0.005 204 3 1 1 
0.01375 -3.45122e-18 -1.57772e-28 0.0025 1 1 2.5 0.005 205 4 1 1 
0.01625 -1.67304e-16 -1.13687e-13 0.0025 1 1 2.5 0.005 206 4 1 1 
0.01875 -8.16637e-16 2.07076e-28 0.0025 1 1 2.5 0.005 207 5 1 1 
0.02125 5.30979e-16 -5.91646e-28 0.0025 1 1 2.5 0.005 208 5 1 1 
0.02375 -4.34211e-16 5.68434e-14 0.0025 1 1 2.5 0.005 209 4 1 1 
0.02625 2.32243e-15 2.76101e-28 0.0025 1 1 2.5 0.005 210 3 1 1 
0.02875 1.11118e-15 5.68434e-14 0.0025 1 1 2.5 0.005 211 3 1 1 
0.03125 4.9117e-15 5.68434e-14 0.0025 1 1 2.5 0.005 212 4 1 1 
0.03375 3.24051e-15 -5.68434e-14 0.0025 1 1 2.5 0.005 213 5 1 1 
0.03625 2.94721e-15 5.68434e-14 0.0025 1 1 2.5 0.005 214 5 1 1 
0.03875 2.43616e-15 1.12104e-44 0.0025 1 1 2.5 0.005 215 5 1 1 
0.04125 2.00518e-15 0 0.0025 1 1 2.5 0.005 216 5 1 1 
0.04375 1.5327e-15 0 0.0025 1 1 2.5 0.005 217 5 1 1 
0.04625 1.12663e-15 2.24208e-44 0.0025 1 1 2.5 0.005 218 5 1 1 
0.04875 8.89919e-16 2.24208e-44 0.0025 1 1 2.5 0.005 219 5 1 1 
0.05125 6.52026e-16 0 0.0025 1 1 2.5 0.005 220 5 1 1 
0.05375 4.64282e-16 5.68434e-14 0.0025 1 1 2.5 0.005 221 5 1 1 
0.05625 3.44604e-16 0 0.0025 1 1 2.5 0.005 222 5 1 1 
0.05875 2.07062e-16 0 0.0025 1 1 2.5 0.005 223 5 1 1 
0.06125 6.91143e-17 1.12104e-44 0.0025 1 1 2.5 0.005 224 5 1 1 
0.06375 3.06823e-47 1.12104e-44 0.0025 1 1 2.5 0.005 225 5 1 1 
0.06625 0 0 0.0025 1 1 2.5 0.005 226 5 1 1 
0.06875 0 0 0.0025 1 1 2.5 0.005 227 5 1 1 
0.07125 0 0 0.0025 1 1 2.5 0.005 228 5 1 1 
0.07375 0 0 0.0025 1 1 2.5 0.005 229 5 1 1 
0.07625 0 0 0.0025 1 1 2.5 0.005 230 5 1 1 
0.07875 0 0 0.0025 1 1 2.5 0.005 231 5 1 1 
0.08125 0 0 0.0025 1 1 2.5 0.005 232 5 1 1 
0.08375 0 0 0.0025 1 1 2.5 0.005 233 5 1 1 
0.08625 0 0 0.0025 1 1 2.5 0.005 234 5 1 1 
0.08875 0 0 0.0025 1 1 2.5 0.005 235 5 1 1 
0.09125 0 0 0.0025 1 1 2.5 0.005 236 5 1 1 
0.09375 -8.54816e-46 -1.12104e-44 0.0025 1 1 2.5 0.005 237 5 1 1 
0.09625 -1.69188e-16 0 0.0025 1 1 2.5 0.005 238 5 1 1 
0.09875 -3.37357e-16 1.12104e-44 0.0025 1 1 2.5 0.005 239 5 1 1 
0.10125 1.58941e-15 0 0.0025 1 1 2.5 0.005 240 5 1 1 
0.10375 1.42405e-15 6.72623e-44 0.0025 1 1 2.5 0.005 241 5 1 1 
0.10625 3.11612e-15 -1.56945e-43 0.0025 1 1 2.5 0.005 242 5 1 1 
0.10875 1.43675e-15 -5.68434e-14 0.0025 1 1 2.5 0.005 243 5 1 1 
0.11125 1.25924e-15 -5.68434e-14 0.0025 1 1 2.5 0.005 244 5 1 1 
0.11375 -1.16294e-15 5.68434e-14 0.0025 1 1 2.5 0.005 245 5 1 1 
0.11625 2.39427e-15 1.13687e-13 0.0025 1 1 2.5 0.005 246 5 1 1 
0.11875 -8.81647e-16 1.7053e-13 0.0025 1 1 2.5 0.005 247 5 1 1 
0.12125 7.22942e-16 -1.7053e-13 0.0025 1 1 2.5 0.005 248 5 1 1 
0.12375 -1.79198e-15 -1.7053e-13 0.0025 1 1 2.5 0.005 249 4 1 1 
0.12625 1.79198e-15 1.7053e-13 0.0025 1 1 2.5 0.005 250 4 1 1 
0.12875 -7.22942e-16 1.7053e-13 0.0025 1 1 2.5 0.005 251 5 1 1 
0.13125 8.81647e-16 -1.7053e-13 0.0025 1 1 2.5 0.005 252 5 1 1 
0.13375 -2.39427e-15 -1.13687e-13 0.0025 1 1 2.5 0.005 253 5 1 1 
0.13625 1.16294e-15 -5.68434e-14 0.0025 1 1 2.5 0.005 254 5 1 1 
0.13875 -1.25924e-15 5.68434e-14 0.0025 1 1 2.5 0.005 255 5 1 1 
0.14125 -1.43675e-15 5.68434e-14 0.0025 1 1 2.5 0.005 256 5 1 1 
0.14375 -3.11612e-15 1.56945e-43 0.0025 1 1 2.5 0.005 257 5 1 1 
0.14625 -1.42405e-15 -6.72623e-44 0.0025 1 1 2.5 0.005 258 5 1 1 
0.14875 -1.58941e-15 0 0.0025 1 1 2.5 0.005 259 5 1 1 
0.15125 3.37357e-16 -1.12104e-44 0.0025 1 1 2.5 0.005 260 5 1 1 
0.15375 1.69188e-16 0 0.0025 1 1 2.5 0.005 261 5 1 1 
0.15625 8.54816e-46 1.12104e-44 0.0025 1 1 2.5 0.005 262 5 1 1 
0.15875 0 0 0.0025 1 1 2.5 0.005 263 5 1 1 
0.16125 0 0 0.0025 1 1 2.5 0.005 264 5 1 1 
0.16375 0 0 0.0025 1 1 2.5 0.005 265 5 1 1 
0.16625 0 0 0.0025 1 1 2.5 0.005 266 5 1 1 
0.16875 0 0 0.0025 1 1 2.5 0.005 267 5 1 1 
0.17125 0 0 0.0025 1 1 2.5 0.005 268 5 1 1 
0.17375 0 0 0.0025 1 1 2.5 0.005 269 5 1 1 
0.17625 0 0 0.0025 1 1 2.5 0.005 270 5 1 1 
0.17875 0 0 0.0025 1 1 2.5 0.005 271 5 1 1 
0.18125 0 0 0.0025 1 1 2.5 0.005 272 5 1 1 
0.18375 0 0 0.0025 1 1 2.5 0.005 273 5 1 1 
0.18625 0 0 0.0025 1 1 2.5 0.005 274 5 1 1 
0.18875 0 0 0.0025 1 1 2.5 0.005 275 5 1 1 
0.19125 0 0 0.0025 1 1 2.5 0.005 276 5 1 1 
0.19375 0 0 0.0025 1 1 2.5 0.005 277 5 1 1 
0.19625 0 0 0.0025 1 1 2.5 0.005 278 5 1 1 
0.19875 0 0 0.0025 1 1 2.5 0.005 279 5 1 1 
0.20125 -4.58602e-46 -1.12104e-44 0.0025 1 1 2.5 0.005 280 5 1 1 
0.20375 -6.85718e-17 -1.12104e-44 0.0025 1 1 2.5 0.005 281 5 1 1 
0.20625 -2.05192e-16 0 0.0025 1 1 2.5 0.005 282 5 1 1 
0.20875 -3.75697e-16 1.12104e-44 0.0025 1 1 2.5 0.005 283 5 1 1 
0.21125 -5.27939e-16 5.68434e-14 0.0025 1 1 2.5 0.005 284 5 1 1 
0.21375 -6.79199e-16 4.48416e-44 0.0025 1 1 2.5 0.005 285 5 1 1 
0.21625 1.37985e-15 5.68434e-14 0.0025 1 1 2.5 0.005 286 5 1 1 
0.21875 1.19901e-15 1.13687e-13 0.0025 1 1 2.5 0.005 287 5 1 1 
0.22125 4.39377e-15 1.13687e-13 0.0025 1 1 2.5 0.005 288 5 1 1 
0.22375 3.14438e-15 2.24208e-44 0.0025 1 1 2.5 0.005 289 5 1 1 
0.22625 2.70637e-15 1.13687e-13 0.0025 1 1 2.5 0.005 290 5 1 1 
0.22875 8.11352e-16 5.68434e-14 0.0025 1 1 2.5 0.005 291 5 1 1 
0.23125 3.09389e-15 -1.7053e-13 0.0025 1 1 2.5 0.005 292 5 1 1 
0.23375 4.00784e-16 -1.7053e-13 0.0025 1 1 2.5 0.005 293 5 1 1 
0.23625 2.49487e-15 5.68434e-14 0.0025 1 1 2.5 0.005 294 5 1 1 
0.23875 -1.10495e-15 1.13687e-13 0.0025 1 1 2.5 0.005 295 5 1 1 
0.24125 3.72909e-15 -3.41061e-13 0.0025 1 1 2.5 0.005 296 5 1 1 
0.24375 -5.84006e-16 -2.84217e-13 0.0025 1 1 2.5 0.005 297 5 1 1 
0.24625 5.15906e-15 8.52651e-13 0.0025 1 1 2.5 0.005 298 5 1 1 
0.24875 -1.3893e-16 8.52651e-13 0.0025 1 1 2.5 0.005 299 3 1 1 
0.25125 1.3893e-16 -8.52651e-13 0.0025 1 1 2.5 0.005 300 3 1 1 
0.25375 -5.15906e-15 -8.52651e-13 0.0025 1 1 2.5 0.005 301 5 1 1 
0.25625 5.84006e-16 2.84217e-13 0.0025 1 1 2.5 0.005 302 5 1 1 
0.25875 -3.72909e-15 3.41061e-13 0.0025 1 1 2.5 0.005 303 5 1 1 
0.26125 1.10495e-15 -1.13687e-13 0.0025 1 1 2.5 0.005 304 5 1 1 
0.26375 -2.51217e-15 -1.13687e-13 0.0025 1 1 2.5 0.005 305 5 1 1 
0.26625 -4.87241e-16 -2.50111e-12 0.0025 1 1 2.5 0.005 306 5 1 1 
0.26875 -3.1363e-14 -3.88241e-11 0.0025 1 1 2.5 0.005 307 4 1 1 
0.27125 -1.85244e-13 -2.03954e-10 0.0025 1 1 2.5 0.005 308 4 1 1 
0.27375 -9.09234e-13 -8.44864e-10 0.0025 1 1 2.5 0.005 309 4 1 1 
0.27625 -3.94305e-12 -3.53134e-09 0.0025 1 1 2.5 0.005 310 4 1 1 
0.27875 -1.5955e-11 -1.34165e-08 0.0025 1 1 2.5 0.005 311 4 1 1 
0.28125 -6.03735e-11 -4.7952e-08 0.0025 1 1 2.5 0.005 312 4 1 1 
0.28375 -2.14896e-10 -1.61837e-07 0.0025 1 1 2.5 0.005 313 4 1 1 
0.28625 -7.2372e-10 -5.17983e-07 0.0025 1 1 2.5 0.005 314 4 1 1 
0.28875 -2.31681e-09 -1.57784e-06 0.0025 1 1 2.5 0.005 315 4 1 1 
0.29125 -7.0723e-09 -4.58736e-06 0.0025 1 1 2.5 0.005 316 4 1 1 
0.29375 -2.06396e-08 -1.27563e-05 0.0025 1 1 2.5 0.005 317 4 1 1 
0.29625 -5.7704e-08 -3.39868e-05 0.0025 1 1 2.5 0.005 318 4 1 1 
0.29875 -1.54812e-07 -8.68791e-05 0.0025 1 1 2.5 0.005 319 4 1 1 
0.30125 -3.99111e-07 -0.000213317 0.0025 1 1 2.5 0.005 320 4 1 1 
0.30375 -9.89837e-07 -0.000503538 0.0025 1 1 2.5 0.005 321 4 1 1 
0.30625 -2.36387e-06 -0.00114353 0.0025 1 1 2.5 0.00499999 322 4 1 1 
0.30875 -5.4402e-06 -0.00249984 0.0025 1 1.00001 2.5 0.00499998 323 4 1 1 
0.31125 -1.20731e-05 -0.00526276 0.0025 1.00001 1.00001 2.50001 0.00499995 324 4 1 1 
0.31375 -2.58506e-05 -0.0106729 0.0025 1.00002 1.00003 2.50002 0.0049999 325 4 1 1 
0.31625 -5.34267e-05 -0.0208539 0.0025 1.00004 1.00006 2.50004 0.0049998 326 4 1 1 
0.31875 -0.000106618 -0.0392595 0.0025 1.00008 1.00011 2.50008 0.00499959 327 4 1 1 
0.321249 -0.00020549 -0.0712017 0.0025 1.00016 1.00022 2.50016 0.00499921 328 4 1 1 
0.323749 -0.000382548 -0.124354 0.0025 1.00029 1.00041 2.50029 0.00499853 329 4 1 1 
0.326248 -0.000687866 -0.209 0.0025 1.00053 1.00074 2.50053 0.00499735 330 4 1 0.999999 
0.328746 -0.00119437 -0.337633 0.0025 1.00092 1.00128 2.50092 0.00499539 331 4 1 0.999999 
0.331243 -0.00200156 -0.523326 0.0025 1.00155 1.00216 2.50154 0.00499226 332 4 1 0.999997 
0.333739 -0.00323468 -0.776222 0.0025 1.00251 1.00351 2.5025 0.00498746 333 4 1 0.999993 
0.336231 -0.00503493 -1.09775 0.0025 1.00393 1.00549 2.50391 0.00498044 334 4 1 0.999987 
0.338719 -0.00753639 -1.4732 0.0025 1.00591 1.00827 2.50589 0.00497063 335 4 1 0.999978 
0.341201 -0.0108278 -1.86524 0.0025 1.00854 1.01196 2.50851 0.00495767 336 4 1 0.999966 
0.343677 -0.0149044 -2.21309 0.0025 1.01183 1.0166 2.5118 0.00494153 337 4 1 0.999955 
0.346143 -0.0196256 -2.44202 0.0025 1.01571 1.02206 2.51566 0.00492269 338 4 1 0.999948 
0.348599 -0.024701 -2.48428 0.0025 1.01995 1.02805 2.51987 0.00490222 339 4 1 0.999949 
0.351045 -0.0297181 -2.29458 0.0025 1.02423 1.03412 2.52412 0.00488171 340 4 1 0.999959 
0.353481 -0.0342027 -1.88055 0.0025 1.02816 1.0397 2.52801 0.00486306 341 4 1 0.999981 
0.355908 -0.0375737 -1.01224 0.0025 1.03106 1.04385 2.5309 0.00484939 342 3 1 1 
0.358331 -0.0376658 2.2541 0.0025 1.02963 1.04205 2.52967 0.00485613 343 4 1 1.00002 
0.360765 -0.0224311 12.7455 0.0025 1.01689 1.02406 2.51716 0.00491695 344 4 1 0.999797 
0.363248 0.00609723 12.5231 0.0025 0.99634 0.994806 2.49638 0.00501837 345 4 1 0.99885 
0.365783 0.0245452 5.28906 0.0025 0.980624 0.972804 2.48042 0.0050988 346 4 1 0.99916 
0.368347 0.034763 5.00918 0.0025 0.970242 0.95865 2.47007 0.00515335 347 4 1 0.999666 
0.370937 0.0495965 8.1179 0.0025 0.958052 0.941894 2.45769 0.00521892 348 4 1 0.999605 
0.373566 0.0689016 8.7868 0.0025 0.943005 0.921172 2.44212 0.0053022 349 4 1 0.999315 
0.37624 0.0882601 8.19348 0.0025 0.927593 0.900137 2.42604 0.0053903 350 4 1 0.999226 
0.378957 0.107159 8.0853 0.0025 0.912515 0.879733 2.4102 0.00547936 351 4 1 0.999243 
0.381719 0.126582 8.19697 0.0025 0.89735 0.859341 2.39411 0.00557196 352 4 1 0.999216 
0.384529 0.146625 8.25485 0.0025 0.881964 0.838782 2.37761 0.00566917 353 4 1 0.999165 
0.387389 0.167077 8.25337 0.0025 0.866419 0.818157 2.36076 0.00577088 354 4 1 0.999118 
0.390301 0.187977 8.23091 0.0025 0.850775 0.797552 2.34362 0.00587699 355 4 1 0.999075 
0.393267 0.209338 8.23002 0.0025 0.835035 0.776973 2.32618 0.00598777 356 4 1 0.999031 
0.396289 0.231159 8.21651 0.0025 0.819192 0.756414 2.30843 0.00610358 357 4 1 0.998981 
0.399371 0.253453 8.19814 0.0025 0.803255 0.735894 2.29036 0.00622467 358 4 1 0.998931 
0.402514 0.276238 8.18365 0.0025 0.787225 0.715417 2.27197 0.00635142 359 4 1 0.998877 
0.405723 0.299475 8.14737 0.0025 0.771115 0.695006 2.25326 0.00648412 360 4 1 0.99882 
0.408999 0.323262 8.10322 0.0025 0.754948 0.674693 2.23425 0.00662297 361 4 1 0.998763 
0.412347 0.347495 8.06375 0.0025 0.738728 0.654489 2.21493 0.00676839 362 4 1 0.998703 
0.415769 0.37222 7.99635 0.0025 0.722478 0.634423 2.19532 0.00692062 363 4 1 0.998641 
0.419268 0.397383 7.9154 0.0025 0.70624 0.614551 2.17545 0.00707975 364 4 1 0.998583 
0.422849 0.422895 7.78825 0.0025 0.690079 0.594955 2.1554 0.00724554 365 4 1 0.99853 
0.426515 0.448643 7.58315 0.0025 0.674126 0.575789 2.13534 0.00741701 366 4 1 0.998495 
0.430267 0.474221 7.30036 0.0025 0.658554 0.557255 2.11547 0.00759239 367 4 1 0.998491 
0.434108 0.499246 6.85138 0.0025 0.643625 0.539649 2.09616 0.0077685 368 4 1 0.998533 
0.438037 0.523072 6.24743 0.0025 0.62967 0.52334 2.07787 0.00794067 369 4 1 0.998642 
0.44205 0.54502 5.51095 0.0025 0.616977 0.508632 2.06102 0.00810403 370 4 1 0.99881 
0.446142 0.564904 4.91325 0.0025 0.605527 0.495472 2.04564 0.00825726 371 4 1 0.998991 
0.450308 0.583643 4.7801 0.0025 0.59473 0.483157 2.03099 0.00840717 372 4 1 0.99909 
0.45455 0.603519 5.23341 0.0025 0.583601 0.470553 2.01572 0.00856749 373 4 1 0.999034 
0.458876 0.625827 5.66683 0.0025 0.571659 0.457126 1.99912 0.00874647 374 4 1 0.998845 
0.463297 0.648821 5.21189 0.0025 0.559828 0.443928 1.98246 0.00893131 375 4 1 0.998758 
0.467809 0.667945 3.60006 0.0025 0.550148 0.433211 1.96867 0.00908846 376 4 1 0.999057 
0.472386 0.678786 1.24945 0.0025 0.544559 0.427064 1.96066 0.00918174 377 4 1 0.999631 
0.476991 0.680311 -0.254656 0.0025 0.542994 0.425362 1.95844 0.00920821 378 5 1 0.999967 
0.481595 0.679761 -0.0668494 0.0025 0.543081 0.425469 1.95859 0.00920673 379 4 1 0.999999 
0.486197 0.679196 -0.191943 0.0025 0.543331 0.425746 1.95897 0.00920249 380 4 1 0.999998 
0.490797 0.678376 -0.193854 0.0025 0.543719 0.426177 1.95955 0.00919592 381 4 1 0.999998 
0.495393 0.677534 -0.176992 0.0025 0.544139 0.426643 1.96017 0.00918882 382 4 1 0.999999 
0.499986 0.676783 -0.148568 0.0025 0.544532 0.427078 1.96076 0.0091822 383 4 1 0.999999 
0.504575 0.676167 -0.118725 0.0025 0.544864 0.427449 1.96126 0.0091766 384 4 1 0.999999 
0.509163 0.675679 -0.0914305 0.0025 0.545129 0.427746 1.96167 0.00917214 385 4 1 1 
0.513748 0.675299 -0.0702648 0.0025 0.545333 0.427977 1.962 0.00916871 386 4 1 1 
0.518331 0.675005 -0.0552019 0.0025 0.545489 0.428157 1.96226 0.00916609 387 4 1 1 
0.522914 0.674773 -0.0443434 0.0025 0.545608 0.428298 1.96248 0.00916408 388 4 1 1 
0.527495 0.674585 -0.0367018 0.0025 0.545701 0.42841 1.96266 0.00916253 389 4 1 1 
0.532076 0.674427 -0.0315735 0.0025 0.545773 0.428503 1.96283 0.00916131 390 4 1 1 
0.536657 0.674289 -0.0278835 0.0025 0.545832 0.428583 1.96298 0.00916033 391 4 1 1 
0.541237 0.674167 -0.0248882 0.0025 0.545879 0.428652 1.96313 0.00915955 392 4 1 1 
0.545816 0.674056 -0.0223095 0.0025 0.545914 0.428713 1.96328 0.00915896 393 4 1 1 
0.550396 0.673956 -0.0199716 0.0025 0.545928 0.428757 1.96343 0.00915873 394 3 1 1 
0.554975 0.673866 -0.0177805 0.0025 0.545865 0.428743 1.9636 0.00915978 395 4 1 1 
0.559555 0.673785 -0.0157681 0.0025 0.545479 0.428526 1.96399 0.00916626 396 4 1 0.999999 
0.564141 0.673713 -0.0139781 0.0025 0.543882 0.426808 1.96186 0.00919316 397 4 1 0.999988 
0.568749 0.673648 -0.0123867 0.0025 0.530783 0.411369 1.93756 0.00942005 398 4 1 0.999672 
0.573566 0.673587 -0.0108885 0.0025 0.50672 0.440063 2.17114 0.00986738 399 4 1 0.994715 
0.578623 0.673529 -0.00943479 0.0025 0.4812 0.415453 2.15842 0.0103907 400 4 1 0.993706 
0.583966 0.673473 -0.00799814 0.0025 0.458727 0.449912 2.45196 0.0108997 401 4 1 0.9937 
0.589528 0.67342 -0.00665158 0.0025 0.450121 0.430463 2.39082 0.0111081 402 5 1 0.998661 
0.595074 0.67337 -0.00550716 0.0025 0.451723 0.428799 2.37313 0.0110687 403 4 1 0.999967 
0.600597 0.673323 -0.00444932 0.0025 0.45335 0.428762 2.36441 0.011029 404 4 1 0.999986 
0.606103 0.673279 -0.00322808 0.0025 0.45444 0.428901 2.3595 0.0110025 405 4 1 0.999994 
0.6116 0.673232 -0.00140738 0.0025 0.455137 0.428982 2.35633 0.0109857 406 4 1 0.999997 
0.617089 0.673173 0.00251243 0.0025 0.455598 0.42901 2.35411 0.0109746 407 4 1 0.999999 
0.622574 0.673077 0.0130461 0.0025 0.455893 0.428982 2.35243 0.0109675 408 4 1 1 
0.628057 0.672855 0.0442437 0.0025 0.456008 0.428824 2.35096 0.0109647 409 3 1 1 
0.633539 0.672228 0.143581 0.0025 0.455783 0.428292 2.3492 0.0109701 410 4 1 1 
0.639027 0.670395 0.429011 0.0025 0.454703 0.42669 2.34597 0.0109962 411 4 1 0.999992 
0.644535 0.665204 1.16928 0.0025 0.451525 0.422379 2.33858 0.0110736 412 4 1 0.999912 
0.650101 0.652121 2.92348 0.0025 0.443631 0.41194 2.32133 0.0112706 413 4 1 0.999427 
0.655808 0.62141 6.27126 0.0025 0.427247 0.390566 2.28523 0.0117028 414 4 1 0.99733 
0.661812 0.561027 12.5878 0.0025 0.397364 0.352166 2.21541 0.0125829 415 4 1 0.991241 
0.668425 0.432498 25.9784 0.0025 0.350789 0.293921 2.0946 0.0142536 416 4 1 0.978053 
0.676183 0.231686 30.2464 0.0025 0.300288 0.234082 1.94901 0.0166507 417 4 1 0.960694 
0.685229 0.0700092 16.2547 0.0025 0.266321 0.196451 1.8444 0.0187744 418 4 1 0.96873 
0.695014 0.00901391 3.63667 0.0025 0.252987 0.182515 1.80372 0.0197638 419 4 1 0.992117 
0.704998 -0.000224345 0.198664 0.0025 0.250183 0.179681 1.79552 0.0199854 420 4 1 0.99954 
0.715 -0.000129986 -0.0591727 0.0025 0.249972 0.179472 1.79492 0.0200022 421 5 1 0.999997 
0.725 7.43523e-06 -0.00126191 0.0025 0.249998 0.179498 1.79499 0.0200002 422 4 1 1 
0.735 3.58993e-06 0.000677163 0.0025 0.250001 0.179501 1.795 0.0199999 423 3 1 1 
0.745 8.47436e-07 0.000193151 0.0025 0.25 0.1795 1.795 0.02 424 4 1 1 
0.755 1.75671e-07 4.25992e-05 0.0025 0.25 0.1795 1.795 0.02 425 4 1 1 
0.765 3.39384e-08 8.68123e-06 0.0025 0.25 0.1795 1.795 0.02 426 4 1 1 
0.775 6.1531e-09 1.66063e-06 0.0025 0.25 0.1795 1.795 0.02 427 4 1 1 
0.785 1.04591e-09 2.98071e-07 0.0025 0.25 0.1795 1.795 0.02 428 4 1 1 
0.795 1.66265e-10 5.00805e-08 0.0025 0.25 0.1795 1.795 0.02 429 4 1 1 
0.805 2.46503e-11 7.85586e-09 0.0025 0.25 0.1795 1.795 0.02 430 4 1 1 
0.815 3.38811e-12 1.14267e-09 0.0025 0.25 0.1795 1.795 0.02 431 4 1 1 
0.825 4.37508e-13 1.56376e-10 0.0025 0.25 0.1795 1.795 0.02 432 4 1 1 
0.835 4.55078e-14 2.07763e-11 0.0025 0.25 0.1795 1.795 0.02 433 4 1 1 
0.845 2.03153e-15 9.66338e-13 0.0025 0.25 0.1795 1.795 0.02 434 5 1 1 
0.855 2.46408e-16 1.27898e-13 0.0025 0.25 0.1795 1.795 0.02 435 5 1 1 
0.865 5.79714e-47 2.8026e-44 0.0025 0.25 0.1795 1.795 0.02 436 5 1 1 
0.875 4.26441e-48 2.8026e-45 0.0025 0.25 0.1795 1.795 0.02 437 5 1 1 
0.885 0 0 0.0025 0.25 0.1795 1.795 0.02 438 5 1 1 
0.895 -4.68329e-47 -2.8026e-45 0.0025 0.25 0.1795 1.795 0.02 439 5 1 1 
0.905 -1.29728e-17 -1.42109e-14 0.0025 0.25 0.1795 1.795 0.02 440 5 1 1 
0.915 -3.62407e-16 -1.12104e-44 0.0025 0.25 0.1795 1.795 0.02 441 5 1 1 
0.925 -9.21682e-16 -2.84217e-14 0.0025 0.25 0.1795 1.795 0.02 442 5 1 1 
0.935 -1.72752e-15 -2.84217e-14 0.0025 0.25 0.1795 1.795 0.02 443 5 1 1 
0.945 -3.11644e-15 -1.42109e-14 0.0025 0.25 0.1795 1.795 0.02 444 5 1 1 
0.955 -5.04308e-15 1.42109e-14 0.0025 0.25 0.1795 1.795 0.02 445 5 1 1 
0.965 -2.82916e-15 3.2685e-13 0.0025 0.25 0.1795 1.795 0.02 446 5 1 1 
0.975 -8.63888e-15 2.98428e-13 0.0025 0.25 0.1795 1.795 0.02 447 5 1 1 
0.985 7.38512e-15 -3.41061e-13 0.0025 0.25 0.1795 1.795 0.02 448 5 1 1 
0.995 -2.24649e-15 -2.70006e-13 0.0025 0.25 0.1795 1.795 0.02 449 3 1 1 
1.005 2.24649e-15 2.70006e-13 0.0025 0.25 0.1795 1.795 0.02 450 3 1 1 
1.015 -7.38512e-15 3.41061e-13 0.0025 0.25 0.1795 1.795 0.02 451 5 1 1 
1.025 8.63888e-15 -2.98428e-13 0.0025 0.25 0.1795 1.795 0.02 452 5 1 1 
1.035 2.82916e-15 -3.2685e-13 0.0025 0.25 0.1795 1.795 0.02 453 5 1 1 
1.045 5.04308e-15 -1.42109e-14 0.0025 0.25 0.1795 1.795 0.02 454 5 1 1 
1.055 3.11644e-15 1.42109e-14 0.0025 0.25 0.1795 1.795 0.02 455 5 1 1 
1.065 1.72752e-15 2.84217e-14 0.0025 0.25 0.1795 1.795 0.02 456 5 1 1 
1.075 9.21682e-16 2.84217e-14 0.0025 0.25 0.1795 1.795 0.02 457 5 1 1 
1.085 3.62407e-16 1.12104e-44 0.0025 0.25 0.1795 1.795 0.02 458 5 1 1 
1.095 1.29728e-17 1.42109e-14 0.0025 0.25 0.1795 1.795 0.02 459 5 1 1 
1.105 4.68329e-47 2.8026e-45 0.0025 0.25 0.1795 1.795 0.02 460 5 1 1 
1.115 0 0 0.0025 0.25 0.1795 1.795 0.02 461 5 1 1 
1.125 -5.96781e-48 -2.8026e-45 0.0025 0.25 0.1795 1.795 0.02 462 5 1 1 
1.135 -6.81949e-47 -2.8026e-44 0.0025 0.25 0.1795 1.795 0.02 463 5 1 1 
1.145 -2.80969e-16 -1.27898e-13 0.0025 0.25 0.1795 1.795 0.02 464 5 1 1 
1.155 -2.2257e-15 -7.53175e-13 0.0025 0.25 0.1795 1.795 0.02 465 5 1 1 
1.165 -3.82349e-14 -2.05063e-11 0.0025 0.25 0.1795 1.795 0.02 466 4 1 1 
1.175 -4.39313e-13 -1.55808e-10 0.0025 0.25 0.1795 1.795 0.02 467 4 1 1 
1.185 -3.39442e-12 -1.14468e-09 0.0025 0.25 0.1795 1.795 0.02 468 4 1 1 
1.195 -2.4638e-11 -7.85357e-09 0.0025 0.25 0.1795 1.795 0.02 469 4 1 1 
1.205 -1.66283e-10 -5.00837e-08 0.0025 0.25 0.1795 1.795 0.02 470 4 1 1 
1.215 -1.0459e-09 -2.98066e-07 0.0025 0.25 0.1795 1.795 0.02 471 4 1 1 
1.225 -6.15312e-09 -1.66064e-06 0.0025 0.25 0.1795 1.795 0.02 472 4 1 1 
1.235 -3.39384e-08 -8.68122e-06 0.0025 0.25 0.1795 1.795 0.02 473 4 1 1 
1.245 -1.75671e-07 -4.25993e-05 0.0025 0.25 0.1795 1.795 0.02 474 4 1 1 
1.255 -8.47436e-07 -0.000193151 0.0025 0.25 0.1795 1.795 0.02 475 4 1 1 
1.265 -3.58993e-06 -0.000677163 0.0025 0.250001 0.179501 1.795 0.0199999 476 3 1 1 
1.275 -7.43523e-06 0.00126191 0.0025 0.249998 0.179498 1.79499 0.0200002 477 4 1 1 
1.285 0.000129986 0.0591727 0.0025 0.249972 0.179472 1.79492 0.0200022 478 5 1 0.999997 
1.295 0.000224345 -0.198664 0.0025 0.250183 0.179681 1.79552 0.0199854 479 4 1 0.99954 
1.30499 -0.00901391 -3.63667 0.0025 0.252987 0.182515 1.80372 0.0197638 480 4 1 0.992117 
1.31477 -0.0700092 -16.2547 0.0025 0.266321 0.196451 1.8444 0.0187744 481 4 1 0.96873 
1.32382 -0.231686 -30.2464 0.0025 0.300288 0.234082 1.94901 0.0166507 482 4 1 0.960694 
1.33158 -0.432498 -25.9784 0.0025 0.350789 0.293921 2.0946 0.0142536 483 4 1 0.978053 
1.33819 -0.561027 -12.5878 0.0025 0.397364 0.352166 2.21541 0.0125829 484 4 1 0.991241 
1.34419 -0.62141 -6.27126 0.0025 0.427247 0.390566 2.28523 0.0117028 485 4 1 0.99733 
1.3499 -0.652121 -2.92348 0.0025 0.443631 0.41194 2.32133 0.0112706 486 4 1 0.999427 
1.35546 -0.665204 -1.16928 0.0025 0.451525 0.422379 2.33858 0.0110736 487 4 1 0.999912 
1.36097 -0.670395 -0.429011 0.0025 0.454703 0.42669 2.34597 0.0109962 488 4 1 0.999992 
1.36646 -0.672228 -0.143581 0.0025 0.455783 0.428292 2.3492 0.0109701 489 4 1 1 
1.37194 -0.672855 -0.0442437 0.0025 0.456008 0.428824 2.35096 0.0109647 490 3 1 1 
1.37743 -0.673077 -0.0130461 0.0025 0.455893 0.428982 2.35243 0.0109675 491 4 1 1 
1.38291 -0.673173 -0.00251243 0.0025 0.455598 0.42901 2.35411 0.0109746 492 4 1 0.999999 
1.3884 -0.673232 0.00140738 0.0025 0.455137 0.428982 2.35633 0.0109857 493 4 1 0.999997 
1.3939 -0.673279 0.00322808 0.0025 0.45444 0.428901 2.3595 0.0110025 494 4 1 0.999994 
1.3994 -0.673323 0.00444932 0.0025 0.45335 0.428762 2.36441 0.011029 495 4 1 0.999986 
1.40493 -0.67337 0.00550716 0.0025 0.451723 0.428799 2.37313 0.0110687 496 4 1 0.999967 
1.41047 -0.67342 0.00665158 0.0025 0.450121 0.430463 2.39082 0.0111081 497 5 1 0.998661 
1.41603 -0.673473 0.00799814 0.0025 0.458727 0.449912 2.45196 0.0108997 498 4 1 0.9937 
1.42138 -0.673529 0.00943479 0.0025 0.4812 0.415453 2.15842 0.0103907 499 4 1 0.993706 
