# Time [s]: 3.45395e+12
# Columns: pos [pc], vel [pc/s], acc [pc/s^2], mass [Msun], dens [g/cm^3], pres [barye], ene [erg/g], sml [pc], id, neighbor, alpha, gradh, ...additional?
4.40324e+16 -673.594 3.5857e-13 4.97118e+27 0.000506716 4.40059 21711.3 3.0451e+14 0 4 1 0.994715 
4.41811e+16 -673.655 4.08229e-13 4.97118e+27 0.000530778 4.11364 19375.5 2.90705e+14 1 4 1 0.999672 
4.43233e+16 -673.721 4.60665e-13 4.97118e+27 0.000543877 4.26802 19618.5 2.83704e+14 2 4 1 0.999988 
4.44648e+16 -673.794 5.19419e-13 4.97118e+27 0.000545473 4.2852 19639.8 2.82874e+14 3 4 1 0.999999 
4.46061e+16 -673.877 5.85343e-13 4.97118e+27 0.000545858 4.28736 19635.9 2.82674e+14 4 4 1 1 
4.47475e+16 -673.968 6.57014e-13 4.97118e+27 0.000545921 4.28749 19634.2 2.82642e+14 5 3 1 1 
4.48888e+16 -674.07 7.33268e-13 4.97118e+27 0.000545906 4.28704 19632.7 2.82649e+14 6 4 1 1 
4.50301e+16 -674.182 8.17586e-13 4.97118e+27 0.00054587 4.28643 19631.2 2.82668e+14 7 4 1 1 
4.51714e+16 -674.306 9.17137e-13 4.97118e+27 0.000545822 4.28573 19629.7 2.82693e+14 8 4 1 1 
4.53128e+16 -674.446 1.04151e-12 4.97118e+27 0.000545762 4.28491 19628.1 2.82724e+14 9 4 1 1 
4.54542e+16 -674.608 1.2146e-12 4.97118e+27 0.000545688 4.28396 19626.4 2.82762e+14 10 4 1 1 
4.55956e+16 -674.801 1.4741e-12 4.97118e+27 0.000545593 4.28281 19624.5 2.82812e+14 11 4 1 1 
4.5737e+16 -675.039 1.84499e-12 4.97118e+27 0.00054547 4.28136 19622.3 2.82876e+14 12 4 1 1 
4.58784e+16 -675.342 2.35381e-12 4.97118e+27 0.000545308 4.2795 19619.6 2.82959e+14 13 4 1 1 
4.60199e+16 -675.736 3.06103e-12 4.97118e+27 0.000545097 4.27711 19616.3 2.83069e+14 14 4 1 1 
4.61615e+16 -676.241 3.97488e-12 4.97118e+27 0.000544824 4.27405 19612.1 2.83211e+14 15 4 1 0.999999 
-1.54169e+16 -676.875 4.96323e-12 4.97118e+27 0.000544482 4.27023 19606.9 2.83389e+14 16 4 1 0.999999 
-1.52751e+16 -677.643 5.85973e-12 4.97118e+27 0.000544082 4.26579 19600.9 2.83597e+14 17 4 1 0.999998 
-1.51333e+16 -678.494 6.30569e-12 4.97118e+27 0.000543659 4.26111 19594.6 2.83817e+14 18 4 1 0.999998 
-1.49913e+16 -679.313 6.15972e-12 4.97118e+27 0.000543283 4.25693 19589 2.84014e+14 19 4 1 0.999998 
-1.48492e+16 -679.799 1.8845e-12 4.97118e+27 0.00054304 4.25424 19585.3 2.84141e+14 20 5 1 0.999999 
-1.47072e+16 -680.451 6.74211e-12 4.97118e+27 0.000543043 4.25415 19585 2.84139e+14 21 4 1 0.999947 
-1.45651e+16 -677.923 -5.13744e-11 4.97118e+27 0.000545051 4.27603 19613.7 2.83093e+14 22 4 1 0.999549 
-1.44241e+16 -665.661 -1.26503e-10 4.97118e+27 0.000551304 4.34487 19703.3 2.79882e+14 23 4 1 0.998981 
-1.42852e+16 -645.599 -1.74193e-10 4.97118e+27 0.000561467 4.4575 19847.9 2.74816e+14 24 4 1 0.998743 
-1.41492e+16 -622.38 -1.83377e-10 4.97118e+27 0.000573467 4.59152 20016.5 2.69065e+14 25 4 1 0.998868 
-1.40161e+16 -600.357 -1.67145e-10 4.97118e+27 0.000585343 4.7252 20181.2 2.63606e+14 26 4 1 0.999049 
-1.38856e+16 -580.737 -1.54482e-10 4.97118e+27 0.000596393 4.85048 20332.6 2.58722e+14 27 4 1 0.999077 
-1.37574e+16 -561.885 -1.62283e-10 4.97118e+27 0.000607268 4.97466 20479.9 2.54089e+14 28 4 1 0.998957 
-1.36315e+16 -541.622 -1.83164e-10 4.97118e+27 0.000618943 5.10902 20636.4 2.49296e+14 29 4 1 0.99877 
-1.3508e+16 -519.227 -2.07028e-10 4.97118e+27 0.00063191 5.25948 20808.2 2.4418e+14 30 4 1 0.998607 
-1.33872e+16 -495.039 -2.2589e-10 4.97118e+27 0.000646116 5.42576 20994 2.38812e+14 31 4 1 0.998508 
-1.32692e+16 -469.748 -2.39667e-10 4.97118e+27 0.00066125 5.60451 21189.3 2.33346e+14 32 4 1 0.998474 
-1.31539e+16 -444.001 -2.48488e-10 4.97118e+27 0.000676987 5.79213 21389.6 2.27922e+14 33 4 1 0.998486 
-1.30412e+16 -418.135 -2.54454e-10 4.97118e+27 0.00069307 5.98568 21591.4 2.22633e+14 34 4 1 0.998524 
-1.29312e+16 -392.547 -2.58476e-10 4.97118e+27 0.000709334 6.18324 21792.6 2.17528e+14 35 4 1 0.998579 
-1.28237e+16 -367.336 -2.60952e-10 4.97118e+27 0.000725665 6.38344 21991.8 2.12633e+14 36 4 1 0.99864 
-1.27185e+16 -342.571 -2.62973e-10 4.97118e+27 0.000741997 6.58546 22188.5 2.07952e+14 37 4 1 0.998702 
-1.26157e+16 -318.313 -2.64413e-10 4.97118e+27 0.000758296 6.78886 22382.1 2.03483e+14 38 4 1 0.998763 
-1.2515e+16 -294.502 -2.65452e-10 4.97118e+27 0.000774536 6.99326 22572.6 1.99216e+14 39 4 1 0.99882 
-1.24165e+16 -271.241 -2.66894e-10 4.97118e+27 0.000790713 7.1986 22760 1.9514e+14 40 4 1 0.998877 
-1.23199e+16 -248.449 -2.67188e-10 4.97118e+27 0.000806812 7.4046 22944.1 1.91247e+14 41 4 1 0.998932 
-1.22252e+16 -226.143 -2.67768e-10 4.97118e+27 0.000822812 7.61098 23125 1.87528e+14 42 4 1 0.998983 
-1.21323e+16 -204.314 -2.68178e-10 4.97118e+27 0.000838717 7.81773 23302.8 1.83972e+14 43 4 1 0.999032 
-1.20412e+16 -182.953 -2.68164e-10 4.97118e+27 0.000854516 8.02465 23477.3 1.8057e+14 44 4 1 0.999076 
-1.19517e+16 -162.04 -2.68842e-10 4.97118e+27 0.000870215 8.2318 23648.9 1.77313e+14 45 4 1 0.999119 
-1.18639e+16 -141.586 -2.68977e-10 4.97118e+27 0.000885813 8.43912 23817.5 1.7419e+14 46 4 1 0.99917 
-1.17775e+16 -121.59 -2.65915e-10 4.97118e+27 0.00090123 8.64547 23982.5 1.7121e+14 47 4 1 0.99922 
-1.16926e+16 -102.231 -2.62715e-10 4.97118e+27 0.000916415 8.84998 24143.2 1.68373e+14 48 4 1 0.999231 
-1.16091e+16 -83.2108 -2.72101e-10 4.97118e+27 0.000931642 9.05643 24302.8 1.65622e+14 49 4 1 0.999222 
-1.1527e+16 -63.5238 -2.87837e-10 4.97118e+27 0.000947206 9.26945 24464.8 1.629e+14 50 4 1 0.999383 
-1.14462e+16 -44.873 -2.39856e-10 4.97118e+27 0.000961744 9.46987 24614.7 1.60438e+14 51 4 1 0.999663 
-1.13666e+16 -31.9103 -1.41406e-10 4.97118e+27 0.000973019 9.62426 24728.4 1.58579e+14 52 4 1 0.999579 
-1.12876e+16 -20.785 -2.28959e-10 4.97118e+27 0.000984278 9.77853 24841.1 1.56765e+14 53 4 1 0.998931 
-1.12098e+16 2.03634 -4.60181e-10 4.97118e+27 0.00100235 10.0334 25025 1.53939e+14 54 4 1 0.99908 
-1.11337e+16 29.3365 -3.2221e-10 4.97118e+27 0.00102199 10.3132 25222.3 1.50979e+14 55 4 1 0.999952 
-1.10588e+16 38.5051 -1.63176e-11 4.97118e+27 0.00103104 10.4397 25309.9 1.49655e+14 56 3 1 1 
-1.0984e+16 36.8296 4.64256e-11 4.97118e+27 0.00103045 10.4296 25302.8 1.49741e+14 57 4 1 1.00001 
-1.09091e+16 33.0129 6.57409e-11 4.97118e+27 0.0010271 10.3819 25269.6 1.50229e+14 58 4 1 0.999972 
-1.08338e+16 28.2915 7.75415e-11 4.97118e+27 0.001023 10.3237 25229 1.50832e+14 59 4 1 0.999954 
-1.07582e+16 23.1821 8.12236e-11 4.97118e+27 0.00101866 10.2624 25186 1.51473e+14 60 4 1 0.999947 
-1.06823e+16 18.1518 7.77873e-11 4.97118e+27 0.00101449 10.2034 25144.4 1.52097e+14 61 4 1 0.999949 
-1.06061e+16 13.5842 6.88407e-11 4.97118e+27 0.00101076 10.1509 25107.3 1.52658e+14 62 4 1 0.999958 
-1.05297e+16 9.7268 5.67789e-11 4.97118e+27 0.00100765 10.1072 25076.3 1.53128e+14 63 4 1 0.99997 
-1.0453e+16 6.67506 4.39686e-11 4.97118e+27 0.00100522 10.0731 25052.1 1.53498e+14 64 4 1 0.999981 
-1.03762e+16 4.39862 3.21761e-11 4.97118e+27 0.00100343 10.0479 25034.1 1.53773e+14 65 4 1 0.999989 
-1.02992e+16 2.78828 2.2375e-11 4.97118e+27 0.00100216 10.0302 25021.5 1.53967e+14 66 4 1 0.999995 
-1.02222e+16 1.7028 1.4851e-11 4.97118e+27 0.00100132 10.0184 25013.1 1.54097e+14 67 4 1 0.999998 
-1.01451e+16 1.00295 9.43962e-12 4.97118e+27 0.00100077 10.0108 25007.7 1.54181e+14 68 4 1 0.999999 
-1.0068e+16 0.570162 5.75949e-12 4.97118e+27 0.00100044 10.0061 25004.4 1.54232e+14 69 4 1 1 
-9.9909e+15 0.312969 3.37856e-12 4.97118e+27 0.00100024 10.0033 25002.4 1.54263e+14 70 4 1 1 
-9.91376e+15 0.165905 1.90735e-12 4.97118e+27 0.00100013 10.0018 25001.3 1.5428e+14 71 4 1 1 
-9.83662e+15 0.0849306 1.0369e-12 4.97118e+27 0.00100007 10.0009 25000.6 1.5429e+14 72 4 1 1 
-9.75947e+15 0.0419801 5.42971e-13 4.97118e+27 0.00100003 10.0004 25000.3 1.54295e+14 73 4 1 1 
-9.68232e+15 0.0200298 2.73894e-13 4.97118e+27 0.00100002 10.0002 25000.2 1.54298e+14 74 4 1 1 
-9.60517e+15 0.00922143 1.33082e-13 4.97118e+27 0.00100001 10.0001 25000.1 1.54299e+14 75 4 1 1 
-9.52802e+15 0.00409449 6.22717e-14 4.97118e+27 0.001 10 25000 1.543e+14 76 4 1 1 
-9.45087e+15 0.00175238 2.80508e-14 4.97118e+27 0.001 10 25000 1.543e+14 77 4 1 1 
-9.37372e+15 0.00072239 1.21583e-14 4.97118e+27 0.001 10 25000 1.543e+14 78 4 1 1 
-9.29657e+15 0.000286592 5.06757e-15 4.97118e+27 0.001 10 25000 1.543e+14 79 4 1 1 
-9.21942e+15 0.000109309 2.02947e-15 4.97118e+27 0.001 10 25000 1.543e+14 80 4 1 1 
-9.14227e+15 4.00325e-05 7.80168e-16 4.97118e+27 0.001 10 25000 1.543e+14 81 4 1 1 
-9.06512e+15 1.40566e-05 2.8753e-16 4.97118e+27 0.001 10 25000 1.543e+14 82 4 1 1 
-8.98797e+15 4.7234e-06 1.01438e-16 4.97118e+27 0.001 10 25000 1.543e+14 83 4 1 1 
-8.91082e+15 1.51546e-06 3.41902e-17 4.97118e+27 0.001 10 25000 1.543e+14 84 4 1 1 
-8.83367e+15 4.62904e-07 1.09841e-17 4.97118e+27 0.001 10 25000 1.543e+14 85 4 1 1 
-8.75652e+15 1.34148e-07 3.35292e-18 4.97118e+27 0.001 10 25000 1.543e+14 86 4 1 1 
-8.67937e+15 3.66836e-08 9.68243e-19 4.97118e+27 0.001 10 25000 1.543e+14 87 4 1 1 
-8.60222e+15 9.39388e-09 2.63561e-19 4.97118e+27 0.001 10 25000 1.543e+14 88 4 1 1 
-8.52507e+15 2.23944e-09 6.6733e-20 4.97118e+27 0.001 10 25000 1.543e+14 89 4 1 1 
-8.44792e+15 5.00453e-10 1.58797e-20 4.97118e+27 0.001 10 25000 1.543e+14 90 4 1 1 
-8.37077e+15 9.07172e-11 3.27872e-21 4.97118e+27 0.001 10 25000 1.543e+14 91 4 1 1 
-8.29362e+15 9.49767e-12 7.97576e-22 4.97118e+27 0.001 10 25000 1.543e+14 92 4 1 1 
-8.21647e+15 -1.90534e-13 -3.86815e-23 4.97118e+27 0.001 10 25000 1.543e+14 93 5 1 1 
-8.13932e+15 3.45908e-14 -1.27813e-39 4.97118e+27 0.001 10 25000 1.543e+14 94 5 1 1 
-8.06217e+15 1.02338e-44 3.63266e-55 4.97118e+27 0.001 10 25000 1.543e+14 95 5 1 1 
-7.98502e+15 0 0 4.97118e+27 0.001 10 25000 1.543e+14 96 5 1 1 
-7.90787e+15 0 0 4.97118e+27 0.001 10 25000 1.543e+14 97 5 1 1 
-7.83072e+15 0 0 4.97118e+27 0.001 10 25000 1.543e+14 98 5 1 1 
-7.75357e+15 0 0 4.97118e+27 0.001 10 25000 1.543e+14 99 5 1 1 
-7.67642e+15 0 0 4.97118e+27 0.001 10 25000 1.543e+14 100 5 1 1 
-7.59927e+15 0 0 4.97118e+27 0.001 10 25000 1.543e+14 101 5 1 1 
-7.52212e+15 0 0 4.97118e+27 0.001 10 25000 1.543e+14 102 5 1 1 
-7.44497e+15 0 0 4.97118e+27 0.001 10 25000 1.543e+14 103 5 1 1 
-7.36782e+15 0 0 4.97118e+27 0.001 10 25000 1.543e+14 104 5 1 1 
-7.29067e+15 0 0 4.97118e+27 0.001 10 25000 1.543e+14 105 5 1 1 
-7.21352e+15 0 0 4.97118e+27 0.001 10 25000 1.543e+14 106 5 1 1 
-7.13637e+15 0 0 4.97118e+27 0.001 10 25000 1.543e+14 107 5 1 1 
-7.05922e+15 0 0 4.97118e+27 0.001 10 25000 1.543e+14 108 5 1 1 
-6.98207e+15 0 0 4.97118e+27 0.001 10 25000 1.543e+14 109 5 1 1 
-6.90492e+15 0 0 4.97118e+27 0.001 10 25000 1.543e+14 110 5 1 1 
-6.82777e+15 0 0 4.97118e+27 0.001 10 25000 1.543e+14 111 5 1 1 
-6.75062e+15 0 0 4.97118e+27 0.001 10 25000 1.543e+14 112 5 1 1 
-6.67347e+15 0 0 4.97118e+27 0.001 10 25000 1.543e+14 113 5 1 1 
-6.59632e+15 0 0 4.97118e+27 0.001 10 25000 1.543e+14 114 5 1 1 
-6.51917e+15 0 0 4.97118e+27 0.001 10 25000 1.543e+14 115 5 1 1 
-6.44202e+15 0 0 4.97118e+27 0.001 10 25000 1.543e+14 116 5 1 1 
-6.36487e+15 0 0 4.97118e+27 0.001 10 25000 1.543e+14 117 5 1 1 
-6.28772e+15 0 0 4.97118e+27 0.001 10 25000 1.543e+14 118 5 1 1 
-6.21057e+15 0 0 4.97118e+27 0.001 10 25000 1.543e+14 119 5 1 1 
-6.13342e+15 0 0 4.97118e+27 0.001 10 25000 1.543e+14 120 5 1 1 
-6.05627e+15 0 0 4.97118e+27 0.001 10 25000 1.543e+14 121 5 1 1 
-5.97912e+15 0 0 4.97118e+27 0.001 10 25000 1.543e+14 122 5 1 1 
-5.90197e+15 0 0 4.97118e+27 0.001 10 25000 1.543e+14 123 5 1 1 
-5.82482e+15 0 0 4.97118e+27 0.001 10 25000 1.543e+14 124 5 1 1 
-5.74767e+15 0 0 4.97118e+27 0.001 10 25000 1.543e+14 125 5 1 1 
-5.67052e+15 0 0 4.97118e+27 0.001 10 25000 1.543e+14 126 5 1 1 
-5.59337e+15 0 0 4.97118e+27 0.001 10 25000 1.543e+14 127 5 1 1 
-5.51622e+15 0 0 4.97118e+27 0.001 10 25000 1.543e+14 128 5 1 1 
-5.43907e+15 0 0 4.97118e+27 0.001 10 25000 1.543e+14 129 5 1 1 
-5.36192e+15 0 0 4.97118e+27 0.001 10 25000 1.543e+14 130 5 1 1 
-5.28477e+15 0 0 4.97118e+27 0.001 10 25000 1.543e+14 131 5 1 1 
-5.20762e+15 0 0 4.97118e+27 0.001 10 25000 1.543e+14 132 5 1 1 
-5.13047e+15 0 0 4.97118e+27 0.001 10 25000 1.543e+14 133 5 1 1 
-5.05332e+15 0 0 4.97118e+27 0.001 10 25000 1.543e+14 134 5 1 1 
-4.97617e+15 0 0 4.97118e+27 0.001 10 25000 1.543e+14 135 5 1 1 
-4.89902e+15 0 0 4.97118e+27 0.001 10 25000 1.543e+14 136 5 1 1 
-4.82187e+15 0 0 4.97118e+27 0.001 10 25000 1.543e+14 137 5 1 1 
-4.74472e+15 0 0 4.97118e+27 0.001 10 25000 1.543e+14 138 5 1 1 
-4.66757e+15 0 0 4.97118e+27 0.001 10 25000 1.543e+14 139 5 1 1 
-4.59042e+15 0 0 4.97118e+27 0.001 10 25000 1.543e+14 140 5 1 1 
-4.51327e+15 0 0 4.97118e+27 0.001 10 25000 1.543e+14 141 5 1 1 
-4.43612e+15 0 0 4.97118e+27 0.001 10 25000 1.543e+14 142 5 1 1 
-4.35897e+15 0 0 4.97118e+27 0.001 10 25000 1.543e+14 143 5 1 1 
-4.28182e+15 0 0 4.97118e+27 0.001 10 25000 1.543e+14 144 5 1 1 
-4.20467e+15 0 0 4.97118e+27 0.001 10 25000 1.543e+14 145 5 1 1 
-4.12752e+15 0 0 4.97118e+27 0.001 10 25000 1.543e+14 146 5 1 1 
-4.05037e+15 0 0 4.97118e+27 0.001 10 25000 1.543e+14 147 5 1 1 
-3.97322e+15 0 0 4.97118e+27 0.001 10 25000 1.543e+14 148 5 1 1 
-3.89607e+15 0 0 4.97118e+27 0.001 10 25000 1.543e+14 149 5 1 1 
-3.81892e+15 0 0 4.97118e+27 0.001 10 25000 1.543e+14 150 5 1 1 
-3.74177e+15 0 0 4.97118e+27 0.001 10 25000 1.543e+14 151 5 1 1 
-3.66462e+15 0 0 4.97118e+27 0.001 10 25000 1.543e+14 152 5 1 1 
-3.58747e+15 0 0 4.97118e+27 0.001 10 25000 1.543e+14 153 5 1 1 
-3.51032e+15 0 0 4.97118e+27 0.001 10 25000 1.543e+14 154 5 1 1 
-3.43317e+15 0 0 4.97118e+27 0.001 10 25000 1.543e+14 155 5 1 1 
-3.35602e+15 0 0 4.97118e+27 0.001 10 25000 1.543e+14 156 5 1 1 
-3.27887e+15 0 0 4.97118e+27 0.001 10 25000 1.543e+14 157 5 1 1 
-3.20172e+15 0 0 4.97118e+27 0.001 10 25000 1.543e+14 158 5 1 1 
-3.12457e+15 0 0 4.97118e+27 0.001 10 25000 1.543e+14 159 5 1 1 
-3.04742e+15 0 0 4.97118e+27 0.001 10 25000 1.543e+14 160 5 1 1 
-2.97027e+15 0 0 4.97118e+27 0.001 10 25000 1.543e+14 161 5 1 1 
-2.89312e+15 0 0 4.97118e+27 0.001 10 25000 1.543e+14 162 5 1 1 
-2.81597e+15 0 0 4.97118e+27 0.001 10 25000 1.543e+14 163 5 1 1 
-2.73882e+15 0 0 4.97118e+27 0.001 10 25000 1.543e+14 164 5 1 1 
-2.66167e+15 0 0 4.97118e+27 0.001 10 25000 1.543e+14 165 5 1 1 
-2.58452e+15 0 0 4.97118e+27 0.001 10 25000 1.543e+14 166 5 1 1 
-2.50737e+15 0 0 4.97118e+27 0.001 10 25000 1.543e+14 167 5 1 1 
-2.43022e+15 0 0 4.97118e+27 0.001 10 25000 1.543e+14 168 5 1 1 
-2.35307e+15 0 0 4.97118e+27 0.001 10 25000 1.543e+14 169 5 1 1 
-2.27592e+15 0 0 4.97118e+27 0.001 10 25000 1.543e+14 170 5 1 1 
-2.19877e+15 0 0 4.97118e+27 0.001 10 25000 1.543e+14 171 5 1 1 
-2.12162e+15 0 0 4.97118e+27 0.001 10 25000 1.543e+14 172 5 1 1 
-2.04447e+15 0 0 4.97118e+27 0.001 10 25000 1.543e+14 173 5 1 1 
-1.96732e+15 -2.38498e-44 -3.63266e-55 4.97118e+27 0.001 10 25000 1.543e+14 174 5 1 1 
-1.89017e+15 -6.90833e-14 -3.63266e-55 4.97118e+27 0.001 10 25000 1.543e+14 175 5 1 1 
-1.81302e+15 -2.06851e-13 0 4.97118e+27 0.001 10 25000 1.543e+14 176 5 1 1 
-1.73587e+15 -3.26661e-13 -1.84198e-24 4.97118e+27 0.001 10 25000 1.543e+14 177 5 1 1 
-1.65872e+15 -4.62778e-13 1.84198e-24 4.97118e+27 0.001 10 25000 1.543e+14 178 5 1 1 
-1.58157e+15 -6.32217e-13 -1.84198e-24 4.97118e+27 0.001 10 25000 1.543e+14 179 5 1 1 
-1.50442e+15 -8.00111e-13 1.84198e-24 4.97118e+27 0.001 10 25000 1.543e+14 180 5 1 1 
-1.42727e+15 -9.66474e-13 -1.84198e-24 4.97118e+27 0.001 10 25000 1.543e+14 181 5 1 1 
-1.35012e+15 -1.16437e-12 1.84198e-24 4.97118e+27 0.001 10 25000 1.543e+14 182 5 1 1 
-1.27297e+15 -1.35798e-12 -1.84198e-24 4.97118e+27 0.001 10 25000 1.543e+14 183 5 1 1 
-1.19582e+15 -1.59439e-12 1.27813e-39 4.97118e+27 0.001 10 25000 1.543e+14 184 5 1 1 
-1.11867e+15 -1.87439e-12 1.84198e-24 4.97118e+27 0.001 10 25000 1.543e+14 185 5 1 1 
-1.04152e+15 -3.25605e-12 -3.68395e-24 4.97118e+27 0.001 10 25000 1.543e+14 186 4 1 1 
-9.64375e+14 -7.61477e-13 -7.36791e-24 4.97118e+27 0.001 10 25000 1.543e+14 187 4 1 1 
-8.87225e+14 -2.62124e-12 -7.36791e-24 4.97118e+27 0.001 10 25000 1.543e+14 188 4 1 1 
-8.10075e+14 1.14373e-12 1.28938e-23 4.97118e+27 0.001 10 25000 1.543e+14 189 4 1 1 
-7.32925e+14 -6.62223e-14 5.52593e-24 4.97118e+27 0.001 10 25000 1.543e+14 190 4 1 1 
-6.55775e+14 -9.87458e-13 5.52593e-24 4.97118e+27 0.001 10 25000 1.543e+14 191 5 1 1 
-5.78625e+14 -1.54872e-12 -3.49976e-23 4.97118e+27 0.001 10 25000 1.543e+14 192 4 1 1 
-5.01475e+14 -2.45721e-12 4.78914e-23 4.97118e+27 0.001 10 25000 1.543e+14 193 3 1 1 
-4.24325e+14 1.77656e-13 -3.49976e-23 4.97118e+27 0.001 10 25000 1.543e+14 194 4 1 1 
-3.47175e+14 -6.67501e-13 9.20989e-24 4.97118e+27 0.001 10 25000 1.543e+14 195 3 1 1 
-2.70025e+14 -1.07054e-12 7.9883e-39 4.97118e+27 0.001 10 25000 1.543e+14 196 3 1 1 
-1.92875e+14 3.90448e-13 0 4.97118e+27 0.001 10 25000 1.543e+14 197 3 1 1 
-1.15725e+14 1.03506e-13 3.68395e-24 4.97118e+27 0.001 10 25000 1.543e+14 198 3 1 1 
-3.8575e+13 -2.06494e-13 -3.68395e-24 4.97118e+27 0.001 10 25000 1.543e+14 199 3 1 1 
3.8575e+13 -2.69949e-13 -7.36791e-24 4.97118e+27 0.001 10 25000 1.543e+14 200 3 1 1 
1.15725e+14 -3.3124e-13 1.47358e-23 4.97118e+27 0.001 10 25000 1.543e+14 201 3 1 1 
1.92875e+14 -3.85275e-13 -3.68395e-24 4.97118e+27 0.001 10 25000 1.543e+14 202 5 1 1 
2.70025e+14 -1.0427e-12 -1.84198e-24 4.97118e+27 0.001 10 25000 1.543e+14 203 3 1 1 
3.47175e+14 1.11684e-14 1.84198e-24 4.97118e+27 0.001 10 25000 1.543e+14 204 3 1 1 
4.24325e+14 1.38491e-14 -1.84198e-24 4.97118e+27 0.001 10 25000 1.543e+14 205 4 1 1 
5.01475e+14 -1.50004e-13 1.84198e-24 4.97118e+27 0.001 10 25000 1.543e+14 206 4 1 1 
5.78625e+14 -7.82036e-13 -3.68395e-24 4.97118e+27 0.001 10 25000 1.543e+14 207 5 1 1 
6.55775e+14 5.30979e-13 -1.91719e-38 4.97118e+27 0.001 10 25000 1.543e+14 208 5 1 1 
7.32925e+14 -4.68812e-13 1.84198e-24 4.97118e+27 0.001 10 25000 1.543e+14 209 4 1 1 
8.10075e+14 2.30513e-12 1.84198e-24 4.97118e+27 0.001 10 25000 1.543e+14 210 3 1 1 
8.87225e+14 1.09388e-12 -8.9469e-39 4.97118e+27 0.001 10 25000 1.543e+14 211 3 1 1 
9.64375e+14 4.8771e-12 1.84198e-24 4.97118e+27 0.001 10 25000 1.543e+14 212 4 1 1 
1.04153e+15 3.27511e-12 -1.84198e-24 4.97118e+27 0.001 10 25000 1.543e+14 213 5 1 1 
1.11868e+15 2.91261e-12 1.84198e-24 4.97118e+27 0.001 10 25000 1.543e+14 214 5 1 1 
1.19583e+15 2.47076e-12 -3.68395e-24 4.97118e+27 0.001 10 25000 1.543e+14 215 5 1 1 
1.27298e+15 1.97058e-12 3.68395e-24 4.97118e+27 0.001 10 25000 1.543e+14 216 5 1 1 
1.35013e+15 1.5327e-12 7.26532e-55 4.97118e+27 0.001 10 25000 1.543e+14 217 5 1 1 
1.42728e+15 1.12663e-12 7.26532e-55 4.97118e+27 0.001 10 25000 1.543e+14 218 5 1 1 
1.50443e+15 8.89919e-13 7.26532e-55 4.97118e+27 0.001 10 25000 1.543e+14 219 5 1 1 
1.58158e+15 6.34725e-13 1.84198e-24 4.97118e+27 0.001 10 25000 1.543e+14 220 5 1 1 
1.65873e+15 4.64282e-13 -1.84198e-24 4.97118e+27 0.001 10 25000 1.543e+14 221 5 1 1 
1.73588e+15 3.27304e-13 1.84198e-24 4.97118e+27 0.001 10 25000 1.543e+14 222 5 1 1 
1.81303e+15 2.07062e-13 0 4.97118e+27 0.001 10 25000 1.543e+14 223 5 1 1 
1.89018e+15 6.91143e-14 3.63266e-55 4.97118e+27 0.001 10 25000 1.543e+14 224 5 1 1 
1.96733e+15 2.38585e-44 3.63266e-55 4.97118e+27 0.001 10 25000 1.543e+14 225 5 1 1 
2.04448e+15 0 0 4.97118e+27 0.001 10 25000 1.543e+14 226 5 1 1 
2.12163e+15 0 0 4.97118e+27 0.001 10 25000 1.543e+14 227 5 1 1 
2.19878e+15 0 0 4.97118e+27 0.001 10 25000 1.543e+14 228 5 1 1 
2.27593e+15 0 0 4.97118e+27 0.001 10 25000 1.543e+14 229 5 1 1 
2.35308e+15 0 0 4.97118e+27 0.001 10 25000 1.543e+14 230 5 1 1 
2.43023e+15 0 0 4.97118e+27 0.001 10 25000 1.543e+14 231 5 1 1 
2.50738e+15 0 0 4.97118e+27 0.001 10 25000 1.543e+14 232 5 1 1 
2.58453e+15 0 0 4.97118e+27 0.001 10 25000 1.543e+14 233 5 1 1 
2.66168e+15 0 0 4.97118e+27 0.001 10 25000 1.543e+14 234 5 1 1 
2.73883e+15 0 0 4.97118e+27 0.001 10 25000 1.543e+14 235 5 1 1 
2.81598e+15 0 0 4.97118e+27 0.001 10 25000 1.543e+14 236 5 1 1 
2.89313e+15 -8.47992e-43 -3.63266e-55 4.97118e+27 0.001 10 25000 1.543e+14 237 5 1 1 
2.97028e+15 -1.69188e-13 0 4.97118e+27 0.001 10 25000 1.543e+14 238 5 1 1 
3.04743e+15 -3.37357e-13 3.63266e-55 4.97118e+27 0.001 10 25000 1.543e+14 239 5 1 1 
3.12458e+15 1.58941e-12 0 4.97118e+27 0.001 10 25000 1.543e+14 240 5 1 1 
3.20173e+15 1.42405e-12 2.1796e-54 4.97118e+27 0.001 10 25000 1.543e+14 241 5 1 1 
3.27888e+15 3.13342e-12 -1.84198e-24 4.97118e+27 0.001 10 25000 1.543e+14 242 5 1 1 
3.35603e+15 1.45405e-12 1.45306e-54 4.97118e+27 0.001 10 25000 1.543e+14 243 5 1 1 
3.43318e+15 1.27654e-12 -3.26939e-54 4.97118e+27 0.001 10 25000 1.543e+14 244 5 1 1 
3.51033e+15 -1.18024e-12 1.30776e-53 4.97118e+27 0.001 10 25000 1.543e+14 245 5 1 1 
3.58748e+15 2.30776e-12 5.52593e-24 4.97118e+27 0.001 10 25000 1.543e+14 246 5 1 1 
3.66463e+15 -9.68149e-13 3.68395e-24 4.97118e+27 0.001 10 25000 1.543e+14 247 5 1 1 
3.74178e+15 8.26744e-13 -5.52593e-24 4.97118e+27 0.001 10 25000 1.543e+14 248 5 1 1 
3.81893e+15 -1.68818e-12 -5.52593e-24 4.97118e+27 0.001 10 25000 1.543e+14 249 4 1 1 
3.89608e+15 1.68818e-12 5.52593e-24 4.97118e+27 0.001 10 25000 1.543e+14 250 4 1 1 
3.97323e+15 -8.26744e-13 5.52593e-24 4.97118e+27 0.001 10 25000 1.543e+14 251 5 1 1 
4.05038e+15 9.68149e-13 -3.68395e-24 4.97118e+27 0.001 10 25000 1.543e+14 252 5 1 1 
4.12753e+15 -2.30776e-12 -5.52593e-24 4.97118e+27 0.001 10 25000 1.543e+14 253 5 1 1 
4.20468e+15 1.18024e-12 -1.30776e-53 4.97118e+27 0.001 10 25000 1.543e+14 254 5 1 1 
4.28183e+15 -1.27654e-12 3.26939e-54 4.97118e+27 0.001 10 25000 1.543e+14 255 5 1 1 
4.35898e+15 -1.45405e-12 -1.45306e-54 4.97118e+27 0.001 10 25000 1.543e+14 256 5 1 1 
4.43613e+15 -3.13342e-12 1.84198e-24 4.97118e+27 0.001 10 25000 1.543e+14 257 5 1 1 
4.51328e+15 -1.42405e-12 -2.1796e-54 4.97118e+27 0.001 10 25000 1.543e+14 258 5 1 1 
4.59043e+15 -1.58941e-12 0 4.97118e+27 0.001 10 25000 1.543e+14 259 5 1 1 
4.66758e+15 3.37357e-13 -3.63266e-55 4.97118e+27 0.001 10 25000 1.543e+14 260 5 1 1 
4.74473e+15 1.69188e-13 0 4.97118e+27 0.001 10 25000 1.543e+14 261 5 1 1 
4.82188e+15 8.47992e-43 3.63266e-55 4.97118e+27 0.001 10 25000 1.543e+14 262 5 1 1 
4.89903e+15 0 0 4.97118e+27 0.001 10 25000 1.543e+14 263 5 1 1 
4.97618e+15 0 0 4.97118e+27 0.001 10 25000 1.543e+14 264 5 1 1 
5.05333e+15 0 0 4.97118e+27 0.001 10 25000 1.543e+14 265 5 1 1 
5.13048e+15 0 0 4.97118e+27 0.001 10 25000 1.543e+14 266 5 1 1 
5.20763e+15 0 0 4.97118e+27 0.001 10 25000 1.543e+14 267 5 1 1 
5.28478e+15 0 0 4.97118e+27 0.001 10 25000 1.543e+14 268 5 1 1 
5.36193e+15 0 0 4.97118e+27 0.001 10 25000 1.543e+14 269 5 1 1 
5.43908e+15 0 0 4.97118e+27 0.001 10 25000 1.543e+14 270 5 1 1 
5.51623e+15 0 0 4.97118e+27 0.001 10 25000 1.543e+14 271 5 1 1 
5.59338e+15 0 0 4.97118e+27 0.001 10 25000 1.543e+14 272 5 1 1 
5.67053e+15 0 0 4.97118e+27 0.001 10 25000 1.543e+14 273 5 1 1 
5.74768e+15 0 0 4.97118e+27 0.001 10 25000 1.543e+14 274 5 1 1 
5.82483e+15 0 0 4.97118e+27 0.001 10 25000 1.543e+14 275 5 1 1 
5.90198e+15 0 0 4.97118e+27 0.001 10 25000 1.543e+14 276 5 1 1 
5.97913e+15 0 0 4.97118e+27 0.001 10 25000 1.543e+14 277 5 1 1 
6.05628e+15 0 0 4.97118e+27 0.001 10 25000 1.543e+14 278 5 1 1 
6.13343e+15 0 0 4.97118e+27 0.001 10 25000 1.543e+14 279 5 1 1 
6.21058e+15 -4.51778e-43 -3.63266e-55 4.97118e+27 0.001 10 25000 1.543e+14 280 5 1 1 
6.28773e+15 -6.85718e-14 -3.63266e-55 4.97118e+27 0.001 10 25000 1.543e+14 281 5 1 1 
6.36488e+15 -2.05192e-13 0 4.97118e+27 0.001 10 25000 1.543e+14 282 5 1 1 
6.44203e+15 -3.75697e-13 0 4.97118e+27 0.001 10 25000 1.543e+14 283 5 1 1 
6.51918e+15 -5.45239e-13 3.63266e-55 4.97118e+27 0.001 10 25000 1.543e+14 284 5 1 1 
6.59633e+15 -6.79199e-13 1.45306e-54 4.97118e+27 0.001 10 25000 1.543e+14 285 5 1 1 
6.67348e+15 1.32795e-12 3.68395e-24 4.97118e+27 0.001 10 25000 1.543e+14 286 5 1 1 
6.75063e+15 1.12981e-12 3.68395e-24 4.97118e+27 0.001 10 25000 1.543e+14 287 5 1 1 
6.82778e+15 4.35917e-12 -2.1796e-54 4.97118e+27 0.001 10 25000 1.543e+14 288 5 1 1 
6.90493e+15 3.10978e-12 3.68395e-24 4.97118e+27 0.001 10 25000 1.543e+14 289 5 1 1 
6.98208e+15 2.67177e-12 -3.63266e-55 4.97118e+27 0.001 10 25000 1.543e+14 290 5 1 1 
7.05923e+15 7.42151e-13 5.52593e-24 4.97118e+27 0.001 10 25000 1.543e+14 291 5 1 1 
7.13638e+15 3.19769e-12 -5.52593e-24 4.97118e+27 0.001 10 25000 1.543e+14 292 5 1 1 
7.21353e+15 5.21887e-13 -7.36791e-24 4.97118e+27 0.001 10 25000 1.543e+14 293 5 1 1 
7.29068e+15 2.46027e-12 1.84198e-24 4.97118e+27 0.001 10 25000 1.543e+14 294 5 1 1 
7.36783e+15 -1.19145e-12 5.52593e-24 4.97118e+27 0.001 10 25000 1.543e+14 295 5 1 1 
7.44498e+15 3.93669e-12 -1.10519e-23 4.97118e+27 0.001 10 25000 1.543e+14 296 5 1 1 
7.52213e+15 -4.11002e-13 -9.20989e-24 4.97118e+27 0.001 10 25000 1.543e+14 297 5 1 1 
7.59928e+15 4.64005e-12 2.76297e-23 4.97118e+27 0.001 10 25000 1.543e+14 298 5 1 1 
7.67643e+15 -6.92542e-13 3.13136e-23 4.97118e+27 0.001 10 25000 1.543e+14 299 3 1 1 
7.75358e+15 6.92542e-13 -3.13136e-23 4.97118e+27 0.001 10 25000 1.543e+14 300 3 1 1 
7.83073e+15 -4.64005e-12 -2.76297e-23 4.97118e+27 0.001 10 25000 1.543e+14 301 5 1 1 
7.90788e+15 4.11002e-13 9.20989e-24 4.97118e+27 0.001 10 25000 1.543e+14 302 5 1 1 
7.98503e+15 -3.93669e-12 1.10519e-23 4.97118e+27 0.001 10 25000 1.543e+14 303 5 1 1 
8.06218e+15 1.19145e-12 -5.52593e-24 4.97118e+27 0.001 10 25000 1.543e+14 304 5 1 1 
8.13933e+15 -2.46027e-12 -1.84198e-24 4.97118e+27 0.001 10 25000 1.543e+14 305 5 1 1 
8.21648e+15 -1.41234e-13 4.42075e-23 4.97118e+27 0.001 10 25000 1.543e+14 306 5 1 1 
8.29363e+15 -1.22115e-11 -7.80998e-22 4.97118e+27 0.001 10 25000 1.543e+14 307 4 1 1 
8.37078e+15 -9.22888e-11 -3.28793e-21 4.97118e+27 0.001 10 25000 1.543e+14 308 4 1 1 
8.44793e+15 -5.02935e-10 -1.58815e-20 4.97118e+27 0.001 10 25000 1.543e+14 309 4 1 1 
8.52507e+15 -2.24151e-09 -6.6733e-20 4.97118e+27 0.001 10 25000 1.543e+14 310 4 1 1 
8.60222e+15 -9.39627e-09 -2.63557e-19 4.97118e+27 0.001 10 25000 1.543e+14 311 4 1 1 
8.67937e+15 -3.66852e-08 -9.68245e-19 4.97118e+27 0.001 10 25000 1.543e+14 312 4 1 1 
8.75652e+15 -1.34149e-07 -3.35292e-18 4.97118e+27 0.001 10 25000 1.543e+14 313 4 1 1 
8.83367e+15 -4.62906e-07 -1.09841e-17 4.97118e+27 0.001 10 25000 1.543e+14 314 4 1 1 
8.91082e+15 -1.51546e-06 -3.41903e-17 4.97118e+27 0.001 10 25000 1.543e+14 315 4 1 1 
8.98797e+15 -4.7234e-06 -1.01438e-16 4.97118e+27 0.001 10 25000 1.543e+14 316 4 1 1 
9.06512e+15 -1.40566e-05 -2.8753e-16 4.97118e+27 0.001 10 25000 1.543e+14 317 4 1 1 
9.14227e+15 -4.00325e-05 -7.80168e-16 4.97118e+27 0.001 10 25000 1.543e+14 318 4 1 1 
9.21942e+15 -0.000109309 -2.02947e-15 4.97118e+27 0.001 10 25000 1.543e+14 319 4 1 1 
9.29657e+15 -0.000286592 -5.06757e-15 4.97118e+27 0.001 10 25000 1.543e+14 320 4 1 1 
9.37372e+15 -0.00072239 -1.21583e-14 4.97118e+27 0.001 10 25000 1.543e+14 321 4 1 1 
9.45087e+15 -0.00175238 -2.80508e-14 4.97118e+27 0.001 10 25000 1.543e+14 322 4 1 1 
9.52802e+15 -0.00409449 -6.22717e-14 4.97118e+27 0.001 10 25000 1.543e+14 323 4 1 1 
9.60517e+15 -0.00922143 -1.33082e-13 4.97118e+27 0.00100001 10.0001 25000.1 1.54299e+14 324 4 1 1 
9.68232e+15 -0.0200298 -2.73894e-13 4.97118e+27 0.00100002 10.0002 25000.2 1.54298e+14 325 4 1 1 
9.75947e+15 -0.0419801 -5.42971e-13 4.97118e+27 0.00100003 10.0004 25000.3 1.54295e+14 326 4 1 1 
9.83662e+15 -0.0849306 -1.0369e-12 4.97118e+27 0.00100007 10.0009 25000.6 1.5429e+14 327 4 1 1 
9.91376e+15 -0.165905 -1.90735e-12 4.97118e+27 0.00100013 10.0018 25001.3 1.5428e+14 328 4 1 1 
9.9909e+15 -0.312969 -3.37856e-12 4.97118e+27 0.00100024 10.0033 25002.4 1.54263e+14 329 4 1 1 
1.0068e+16 -0.570162 -5.75949e-12 4.97118e+27 0.00100044 10.0061 25004.4 1.54232e+14 330 4 1 1 
1.01451e+16 -1.00295 -9.43962e-12 4.97118e+27 0.00100077 10.0108 25007.7 1.54181e+14 331 4 1 0.999999 
1.02222e+16 -1.7028 -1.4851e-11 4.97118e+27 0.00100132 10.0184 25013.1 1.54097e+14 332 4 1 0.999998 
1.02992e+16 -2.78828 -2.2375e-11 4.97118e+27 0.00100216 10.0302 25021.5 1.53967e+14 333 4 1 0.999995 
1.03762e+16 -4.39862 -3.21761e-11 4.97118e+27 0.00100343 10.0479 25034.1 1.53773e+14 334 4 1 0.999989 
1.0453e+16 -6.67506 -4.39686e-11 4.97118e+27 0.00100522 10.0731 25052.1 1.53498e+14 335 4 1 0.999981 
1.05297e+16 -9.7268 -5.67789e-11 4.97118e+27 0.00100765 10.1072 25076.3 1.53128e+14 336 4 1 0.99997 
1.06061e+16 -13.5842 -6.88407e-11 4.97118e+27 0.00101076 10.1509 25107.3 1.52658e+14 337 4 1 0.999958 
1.06823e+16 -18.1518 -7.77873e-11 4.97118e+27 0.00101449 10.2034 25144.4 1.52097e+14 338 4 1 0.999949 
1.07582e+16 -23.1821 -8.12236e-11 4.97118e+27 0.00101866 10.2624 25186 1.51473e+14 339 4 1 0.999947 
1.08338e+16 -28.2915 -7.75415e-11 4.97118e+27 0.001023 10.3237 25229 1.50832e+14 340 4 1 0.999954 
1.09091e+16 -33.0129 -6.57409e-11 4.97118e+27 0.0010271 10.3819 25269.6 1.50229e+14 341 4 1 0.999972 
1.0984e+16 -36.8296 -4.64256e-11 4.97118e+27 0.00103045 10.4296 25302.8 1.49741e+14 342 4 1 1.00001 
1.10588e+16 -38.5051 1.63176e-11 4.97118e+27 0.00103104 10.4397 25309.9 1.49655e+14 343 3 1 1 
1.11337e+16 -29.3365 3.2221e-10 4.97118e+27 0.00102199 10.3132 25222.3 1.50979e+14 344 4 1 0.999952 
1.12098e+16 -2.03634 4.60181e-10 4.97118e+27 0.00100235 10.0334 25025 1.53939e+14 345 4 1 0.99908 
1.12876e+16 20.785 2.28959e-10 4.97118e+27 0.000984278 9.77853 24841.1 1.56765e+14 346 4 1 0.998931 
1.13666e+16 31.9103 1.41406e-10 4.97118e+27 0.000973019 9.62426 24728.4 1.58579e+14 347 4 1 0.999579 
1.14462e+16 44.873 2.39856e-10 4.97118e+27 0.000961744 9.46987 24614.7 1.60438e+14 348 4 1 0.999663 
1.1527e+16 63.5238 2.87837e-10 4.97118e+27 0.000947206 9.26945 24464.8 1.629e+14 349 4 1 0.999383 
1.16091e+16 83.2108 2.72101e-10 4.97118e+27 0.000931642 9.05643 24302.8 1.65622e+14 350 4 1 0.999222 
1.16926e+16 102.231 2.62715e-10 4.97118e+27 0.000916415 8.84998 24143.2 1.68373e+14 351 4 1 0.999231 
1.17775e+16 121.59 2.65915e-10 4.97118e+27 0.00090123 8.64547 23982.5 1.7121e+14 352 4 1 0.99922 
1.18639e+16 141.586 2.68977e-10 4.97118e+27 0.000885813 8.43912 23817.5 1.7419e+14 353 4 1 0.99917 
1.19517e+16 162.04 2.68842e-10 4.97118e+27 0.000870215 8.2318 23648.9 1.77313e+14 354 4 1 0.999119 
1.20412e+16 182.953 2.68164e-10 4.97118e+27 0.000854516 8.02465 23477.3 1.8057e+14 355 4 1 0.999076 
1.21323e+16 204.314 2.68178e-10 4.97118e+27 0.000838717 7.81773 23302.8 1.83972e+14 356 4 1 0.999032 
1.22252e+16 226.143 2.67768e-10 4.97118e+27 0.000822812 7.61098 23125 1.87528e+14 357 4 1 0.998983 
1.23199e+16 248.449 2.67188e-10 4.97118e+27 0.000806812 7.4046 22944.1 1.91247e+14 358 4 1 0.998932 
1.24165e+16 271.241 2.66894e-10 4.97118e+27 0.000790713 7.1986 22760 1.9514e+14 359 4 1 0.998877 
1.2515e+16 294.502 2.65452e-10 4.97118e+27 0.000774536 6.99326 22572.6 1.99216e+14 360 4 1 0.99882 
1.26157e+16 318.313 2.64413e-10 4.97118e+27 0.000758296 6.78886 22382.1 2.03483e+14 361 4 1 0.998763 
1.27185e+16 342.571 2.62973e-10 4.97118e+27 0.000741997 6.58546 22188.5 2.07952e+14 362 4 1 0.998702 
1.28237e+16 367.336 2.60952e-10 4.97118e+27 0.000725665 6.38344 21991.8 2.12633e+14 363 4 1 0.99864 
1.29312e+16 392.547 2.58476e-10 4.97118e+27 0.000709334 6.18324 21792.6 2.17528e+14 364 4 1 0.998579 
1.30412e+16 418.135 2.54454e-10 4.97118e+27 0.00069307 5.98568 21591.4 2.22633e+14 365 4 1 0.998524 
1.31539e+16 444.001 2.48488e-10 4.97118e+27 0.000676987 5.79213 21389.6 2.27922e+14 366 4 1 0.998486 
1.32692e+16 469.748 2.39667e-10 4.97118e+27 0.00066125 5.60451 21189.3 2.33346e+14 367 4 1 0.998474 
1.33872e+16 495.039 2.2589e-10 4.97118e+27 0.000646116 5.42576 20994 2.38812e+14 368 4 1 0.998508 
1.3508e+16 519.227 2.07028e-10 4.97118e+27 0.00063191 5.25948 20808.2 2.4418e+14 369 4 1 0.998607 
1.36315e+16 541.622 1.83164e-10 4.97118e+27 0.000618943 5.10902 20636.4 2.49296e+14 370 4 1 0.99877 
1.37574e+16 561.885 1.62283e-10 4.97118e+27 0.000607268 4.97466 20479.9 2.54089e+14 371 4 1 0.998957 
1.38856e+16 580.737 1.54482e-10 4.97118e+27 0.000596393 4.85048 20332.6 2.58722e+14 372 4 1 0.999077 
1.40161e+16 600.357 1.67145e-10 4.97118e+27 0.000585343 4.7252 20181.2 2.63606e+14 373 4 1 0.999049 
1.41492e+16 622.38 1.83377e-10 4.97118e+27 0.000573467 4.59152 20016.5 2.69065e+14 374 4 1 0.998868 
1.42852e+16 645.599 1.74193e-10 4.97118e+27 0.000561467 4.4575 19847.9 2.74816e+14 375 4 1 0.998743 
1.44241e+16 665.661 1.26503e-10 4.97118e+27 0.000551304 4.34487 19703.3 2.79882e+14 376 4 1 0.998981 
1.45651e+16 677.923 5.13744e-11 4.97118e+27 0.000545051 4.27603 19613.7 2.83093e+14 377 4 1 0.999549 
1.47072e+16 680.451 -6.74211e-12 4.97118e+27 0.000543043 4.25415 19585 2.84139e+14 378 4 1 0.999947 
1.48492e+16 679.799 -1.8845e-12 4.97118e+27 0.00054304 4.25424 19585.3 2.84141e+14 379 5 1 0.999999 
1.49913e+16 679.313 -6.15972e-12 4.97118e+27 0.000543283 4.25693 19589 2.84014e+14 380 4 1 0.999998 
1.51333e+16 678.494 -6.30569e-12 4.97118e+27 0.000543659 4.26111 19594.6 2.83817e+14 381 4 1 0.999998 
1.52751e+16 677.643 -5.85973e-12 4.97118e+27 0.000544082 4.26579 19600.9 2.83597e+14 382 4 1 0.999998 
1.54169e+16 676.875 -4.96323e-12 4.97118e+27 0.000544482 4.27023 19606.9 2.83389e+14 383 4 1 0.999999 
1.55585e+16 676.241 -3.97488e-12 4.97118e+27 0.000544824 4.27405 19612.1 2.83211e+14 384 4 1 0.999999 
1.57001e+16 675.736 -3.06103e-12 4.97118e+27 0.000545097 4.27711 19616.3 2.83069e+14 385 4 1 1 
1.58416e+16 675.342 -2.35381e-12 4.97118e+27 0.000545308 4.2795 19619.6 2.82959e+14 386 4 1 1 
1.5983e+16 675.039 -1.84499e-12 4.97118e+27 0.00054547 4.28136 19622.3 2.82876e+14 387 4 1 1 
1.61244e+16 674.801 -1.4741e-12 4.97118e+27 0.000545593 4.28281 19624.5 2.82812e+14 388 4 1 1 
1.62658e+16 674.608 -1.2146e-12 4.97118e+27 0.000545688 4.28396 19626.4 2.82762e+14 389 4 1 1 
1.64072e+16 674.446 -1.04151e-12 4.97118e+27 0.000545762 4.28491 19628.1 2.82724e+14 390 4 1 1 
1.65486e+16 674.306 -9.17137e-13 4.97118e+27 0.000545822 4.28573 19629.7 2.82693e+14 391 4 1 1 
1.66899e+16 674.182 -8.17586e-13 4.97118e+27 0.00054587 4.28643 19631.2 2.82668e+14 392 4 1 1 
1.68312e+16 674.07 -7.33268e-13 4.97118e+27 0.000545906 4.28704 19632.7 2.82649e+14 393 4 1 1 
1.69725e+16 673.968 -6.57014e-13 4.97118e+27 0.000545921 4.28749 19634.2 2.82642e+14 394 3 1 1 
1.71139e+16 673.877 -5.85343e-13 4.97118e+27 0.000545858 4.28736 19635.9 2.82674e+14 395 4 1 1 
1.72552e+16 673.794 -5.19419e-13 4.97118e+27 0.000545473 4.2852 19639.8 2.82874e+14 396 4 1 0.999999 
1.73967e+16 673.721 -4.60665e-13 4.97118e+27 0.000543877 4.26802 19618.5 2.83704e+14 397 4 1 0.999988 
1.75389e+16 673.655 -4.08229e-13 4.97118e+27 0.000530778 4.11364 19375.5 2.90705e+14 398 4 1 0.999672 
1.76876e+16 673.594 -3.5857e-13 4.97118e+27 0.000506716 4.40059 21711.3 3.0451e+14 399 4 1 0.994715 
1.78436e+16 673.535 -3.10243e-13 4.97118e+27 0.000481197 4.15449 21584.1 3.20659e+14 400 4 1 0.993706 
1.80085e+16 673.478 -2.62697e-13 4.97118e+27 0.000458724 4.49908 24519.5 3.36368e+14 401 4 1 0.9937 
1.81802e+16 673.424 -2.18443e-13 4.97118e+27 0.000450118 4.3046 23908.2 3.42799e+14 402 5 1 0.998661 
1.83513e+16 673.373 -1.80913e-13 4.97118e+27 0.000451721 4.28796 23731.2 3.41583e+14 403 4 1 0.999967 
1.85218e+16 673.326 -1.4594e-13 4.97118e+27 0.000453348 4.28759 23644 3.40357e+14 404 4 1 0.999986 
1.86917e+16 673.28 -1.04559e-13 4.97118e+27 0.000454438 4.28897 23594.9 3.3954e+14 405 4 1 0.999994 
1.88613e+16 673.232 -4.13845e-14 4.97118e+27 0.000455134 4.28978 23563.3 3.39021e+14 406 4 1 0.999997 
1.90307e+16 673.172 9.55155e-14 4.97118e+27 0.000455594 4.29005 23541 3.38679e+14 407 4 1 0.999999 
1.92e+16 673.069 4.72441e-13 4.97118e+27 0.000455884 4.28971 23524.1 3.38463e+14 408 4 1 1 
1.93692e+16 672.827 1.59059e-12 4.97118e+27 0.000455986 4.28795 23509.2 3.38388e+14 409 3 1 1 
1.95384e+16 672.136 5.1268e-12 4.97118e+27 0.000455718 4.28207 23490.7 3.38586e+14 410 4 1 1 
1.97078e+16 670.12 1.53104e-11 4.97118e+27 0.000454519 4.26449 23455.9 3.3948e+14 411 4 1 0.999989 
1.98779e+16 664.462 4.10499e-11 4.97118e+27 0.000451055 4.21763 23376 3.42087e+14 412 4 1 0.999895 
2.00499e+16 650.266 1.02743e-10 4.97118e+27 0.000442559 4.10541 23190.5 3.48654e+14 413 4 1 0.999334 
2.02266e+16 617.484 2.14758e-10 4.97118e+27 0.000425206 3.87929 22806.8 3.62883e+14 414 4 1 0.996985 
2.0413e+16 553.07 4.39274e-10 4.97118e+27 0.000393804 3.4764 22067.1 3.9182e+14 415 4 1 0.990407 
2.06196e+16 416.336 8.79022e-10 4.97118e+27 0.000346054 2.88148 20815.8 4.45884e+14 416 4 1 0.976386 
2.08628e+16 213.485 9.57786e-10 4.97118e+27 0.000296301 2.29542 19369.4 5.20754e+14 417 4 1 0.959939 
2.1145e+16 60.5718 4.78084e-10 4.97118e+27 0.000264363 1.94367 18383.4 5.83667e+14 418 4 1 0.970922 
2.1448e+16 6.99017 9.76246e-11 4.97118e+27 0.000252463 1.81981 18021.6 6.11179e+14 419 4 1 0.993497 
2.17562e+16 -0.32062 3.81289e-12 4.97118e+27 0.000250121 1.79619 17953.4 6.16901e+14 420 4 1 0.999675 
2.20649e+16 -0.0972337 -1.56969e-12 4.97118e+27 0.000249975 1.79474 17949.3 6.17263e+14 421 5 1 0.999999 
2.23735e+16 0.00792498 -1.12521e-14 4.97118e+27 0.000249999 1.79499 17950 6.17202e+14 422 4 1 1 
2.26821e+16 0.00319023 2.06136e-14 4.97118e+27 0.000250001 1.79501 17950 6.17198e+14 423 3 1 1 
2.29907e+16 0.000737076 5.49113e-15 4.97118e+27 0.00025 1.795 17950 6.172e+14 424 4 1 1 
2.32993e+16 0.000151457 1.19767e-15 4.97118e+27 0.00025 1.795 17950 6.172e+14 425 4 1 1 
2.36079e+16 2.90209e-05 2.42264e-16 4.97118e+27 0.00025 1.795 17950 6.172e+14 426 4 1 1 
2.39165e+16 5.21602e-06 4.59598e-17 4.97118e+27 0.00025 1.795 17950 6.172e+14 427 4 1 1 
2.42251e+16 8.78406e-07 8.17589e-18 4.97118e+27 0.00025 1.795 17950 6.172e+14 428 4 1 1 
2.45337e+16 1.38245e-07 1.36049e-18 4.97118e+27 0.00025 1.795 17950 6.172e+14 429 4 1 1 
2.48423e+16 2.02756e-08 2.11212e-19 4.97118e+27 0.00025 1.795 17950 6.172e+14 430 4 1 1 
2.51509e+16 2.75497e-09 3.03834e-20 4.97118e+27 0.00025 1.795 17950 6.172e+14 431 4 1 1 
2.54595e+16 3.51365e-10 4.10439e-21 4.97118e+27 0.00025 1.795 17950 6.172e+14 432 4 1 1 
2.57681e+16 3.41328e-11 5.37857e-22 4.97118e+27 0.00025 1.795 17950 6.172e+14 433 4 1 1 
2.60767e+16 1.53414e-12 2.16432e-23 4.97118e+27 0.00025 1.795 17950 6.172e+14 434 5 1 1 
2.63853e+16 1.77207e-13 3.22346e-24 4.97118e+27 0.00025 1.795 17950 6.172e+14 435 5 1 1 
2.66939e+16 4.26179e-44 7.26532e-55 4.97118e+27 0.00025 1.795 17950 6.172e+14 436 5 1 1 
2.70025e+16 2.55846e-45 9.08165e-56 4.97118e+27 0.00025 1.795 17950 6.172e+14 437 5 1 1 
2.73111e+16 0 0 4.97118e+27 0.00025 1.795 17950 6.172e+14 438 5 1 1 
2.76197e+16 -4.51269e-44 -9.08165e-56 4.97118e+27 0.00025 1.795 17950 6.172e+14 439 5 1 1 
2.79283e+16 -8.64769e-15 -2.72449e-55 4.97118e+27 0.00025 1.795 17950 6.172e+14 440 5 1 1 
2.82369e+16 -3.53757e-13 -9.20989e-25 4.97118e+27 0.00025 1.795 17950 6.172e+14 441 5 1 1 
2.85455e+16 -9.08706e-13 -4.60494e-25 4.97118e+27 0.00025 1.795 17950 6.172e+14 442 5 1 1 
2.88541e+16 -1.71022e-12 -9.20989e-25 4.97118e+27 0.00025 1.795 17950 6.172e+14 443 5 1 1 
2.91627e+16 -3.10779e-12 -4.60494e-25 4.97118e+27 0.00025 1.795 17950 6.172e+14 444 5 1 1 
2.94713e+16 -5.05173e-12 4.60494e-25 4.97118e+27 0.00025 1.795 17950 6.172e+14 445 5 1 1 
2.97799e+16 -3.02379e-12 1.01309e-23 4.97118e+27 0.00025 1.795 17950 6.172e+14 446 5 1 1 
3.00885e+16 -8.81621e-12 9.20989e-24 4.97118e+27 0.00025 1.795 17950 6.172e+14 447 5 1 1 
3.03971e+16 7.5884e-12 -1.05914e-23 4.97118e+27 0.00025 1.795 17950 6.172e+14 448 5 1 1 
3.07057e+16 -2.08646e-12 -8.2889e-24 4.97118e+27 0.00025 1.795 17950 6.172e+14 449 3 1 1 
3.10143e+16 2.08646e-12 8.2889e-24 4.97118e+27 0.00025 1.795 17950 6.172e+14 450 3 1 1 
3.13229e+16 -7.5884e-12 1.05914e-23 4.97118e+27 0.00025 1.795 17950 6.172e+14 451 5 1 1 
3.16315e+16 8.81621e-12 -9.20989e-24 4.97118e+27 0.00025 1.795 17950 6.172e+14 452 5 1 1 
3.19401e+16 3.02379e-12 -1.01309e-23 4.97118e+27 0.00025 1.795 17950 6.172e+14 453 5 1 1 
3.22487e+16 5.05173e-12 -4.60494e-25 4.97118e+27 0.00025 1.795 17950 6.172e+14 454 5 1 1 
3.25573e+16 3.10779e-12 4.60494e-25 4.97118e+27 0.00025 1.795 17950 6.172e+14 455 5 1 1 
3.28659e+16 1.71022e-12 9.20989e-25 4.97118e+27 0.00025 1.795 17950 6.172e+14 456 5 1 1 
3.31745e+16 9.08706e-13 4.60494e-25 4.97118e+27 0.00025 1.795 17950 6.172e+14 457 5 1 1 
3.34831e+16 3.53757e-13 9.20989e-25 4.97118e+27 0.00025 1.795 17950 6.172e+14 458 5 1 1 
3.37917e+16 8.64769e-15 2.72449e-55 4.97118e+27 0.00025 1.795 17950 6.172e+14 459 5 1 1 
3.41003e+16 4.51269e-44 9.08165e-56 4.97118e+27 0.00025 1.795 17950 6.172e+14 460 5 1 1 
3.44089e+16 0 0 4.97118e+27 0.00025 1.795 17950 6.172e+14 461 5 1 1 
3.47175e+16 -4.26186e-45 -9.08165e-56 4.97118e+27 0.00025 1.795 17950 6.172e+14 462 5 1 1 
3.50261e+16 -5.28413e-44 -7.26532e-55 4.97118e+27 0.00025 1.795 17950 6.172e+14 463 5 1 1 
3.53347e+16 -2.11767e-13 -3.22346e-24 4.97118e+27 0.00025 1.795 17950 6.172e+14 464 5 1 1 
3.56433e+16 -1.85375e-12 -1.51963e-23 4.97118e+27 0.00025 1.795 17950 6.172e+14 465 5 1 1 
3.59519e+16 -2.70978e-11 -5.2128e-22 4.97118e+27 0.00025 1.795 17950 6.172e+14 466 4 1 1 
3.62605e+16 -3.52997e-10 -4.14123e-21 4.97118e+27 0.00025 1.795 17950 6.172e+14 467 4 1 1 
3.65691e+16 -2.76093e-09 -3.03558e-20 4.97118e+27 0.00025 1.795 17950 6.172e+14 468 4 1 1 
3.68777e+16 -2.02644e-08 -2.11175e-19 4.97118e+27 0.00025 1.795 17950 6.172e+14 469 4 1 1 
3.71863e+16 -1.38261e-07 -1.36066e-18 4.97118e+27 0.00025 1.795 17950 6.172e+14 470 4 1 1 
3.74949e+16 -8.78397e-07 -8.17567e-18 4.97118e+27 0.00025 1.795 17950 6.172e+14 471 4 1 1 
3.78035e+16 -5.21603e-06 -4.59599e-17 4.97118e+27 0.00025 1.795 17950 6.172e+14 472 4 1 1 
3.81121e+16 -2.90209e-05 -2.42263e-16 4.97118e+27 0.00025 1.795 17950 6.172e+14 473 4 1 1 
3.84207e+16 -0.000151457 -1.19767e-15 4.97118e+27 0.00025 1.795 17950 6.172e+14 474 4 1 1 
3.87293e+16 -0.000737076 -5.49113e-15 4.97118e+27 0.00025 1.795 17950 6.172e+14 475 4 1 1 
3.90379e+16 -0.00319023 -2.06136e-14 4.97118e+27 0.000250001 1.79501 17950 6.17198e+14 476 3 1 1 
3.93465e+16 -0.00792498 1.12521e-14 4.97118e+27 0.000249999 1.79499 17950 6.17202e+14 477 4 1 1 
3.96551e+16 0.0972337 1.56969e-12 4.97118e+27 0.000249975 1.79474 17949.3 6.17263e+14 478 5 1 0.999999 
3.99638e+16 0.32062 -3.81289e-12 4.97118e+27 0.000250121 1.79619 17953.4 6.16901e+14 479 4 1 0.999675 
4.0272e+16 -6.99017 -9.76246e-11 4.97118e+27 0.000252463 1.81981 18021.6 6.11179e+14 480 4 1 0.993497 
4.0575e+16 -60.5718 -4.78084e-10 4.97118e+27 0.000264363 1.94367 18383.4 5.83667e+14 481 4 1 0.970922 
4.08572e+16 -213.485 -9.57786e-10 4.97118e+27 0.000296301 2.29542 19369.4 5.20754e+14 482 4 1 0.959939 
4.11004e+16 -416.336 -8.79022e-10 4.97118e+27 0.000346054 2.88148 20815.8 4.45884e+14 483 4 1 0.976386 
4.1307e+16 -553.07 -4.39274e-10 4.97118e+27 0.000393804 3.4764 22067.1 3.9182e+14 484 4 1 0.990407 
4.14934e+16 -617.484 -2.14758e-10 4.97118e+27 0.000425206 3.87929 22806.8 3.62883e+14 485 4 1 0.996985 
4.16701e+16 -650.266 -1.02743e-10 4.97118e+27 0.000442559 4.10541 23190.5 3.48654e+14 486 4 1 0.999334 
4.18421e+16 -664.462 -4.10499e-11 4.97118e+27 0.000451055 4.21763 23376 3.42087e+14 487 4 1 0.999895 
4.20122e+16 -670.12 -1.53104e-11 4.97118e+27 0.000454519 4.26449 23455.9 3.3948e+14 488 4 1 0.999989 
4.21816e+16 -672.136 -5.1268e-12 4.97118e+27 0.000455718 4.28207 23490.7 3.38586e+14 489 4 1 1 
4.23508e+16 -672.827 -1.59059e-12 4.97118e+27 0.000455986 4.28795 23509.2 3.38388e+14 490 3 1 1 
4.252e+16 -673.069 -4.72441e-13 4.97118e+27 0.000455884 4.28971 23524.1 3.38463e+14 491 4 1 1 
4.26893e+16 -673.172 -9.55155e-14 4.97118e+27 0.000455594 4.29005 23541 3.38679e+14 492 4 1 0.999999 
4.28587e+16 -673.232 4.13845e-14 4.97118e+27 0.000455134 4.28978 23563.3 3.39021e+14 493 4 1 0.999997 
4.30283e+16 -673.28 1.04559e-13 4.97118e+27 0.000454438 4.28897 23594.9 3.3954e+14 494 4 1 0.999994 
4.31982e+16 -673.326 1.4594e-13 4.97118e+27 0.000453348 4.28759 23644 3.40357e+14 495 4 1 0.999986 
4.33687e+16 -673.373 1.80913e-13 4.97118e+27 0.000451721 4.28796 23731.2 3.41583e+14 496 4 1 0.999967 
4.35398e+16 -673.424 2.18443e-13 4.97118e+27 0.000450118 4.3046 23908.2 3.42799e+14 497 5 1 0.998661 
4.37115e+16 -673.478 2.62697e-13 4.97118e+27 0.000458724 4.49908 24519.5 3.36368e+14 498 4 1 0.9937 
4.38764e+16 -673.535 3.10243e-13 4.97118e+27 0.000481197 4.15449 21584.1 3.20659e+14 499 4 1 0.993706 
