# Time [s]: 3.3038e+12
# Columns: pos [pc], vel [pc/s], acc [pc/s^2], mass [Msun], dens [g/cm^3], pres [barye], ene [erg/g], sml [pc], id, neighbor, alpha, gradh, ...additional?
4.41336e+16 -673.651 4.06802e-13 4.97118e+27 0.000506684 4.4002 21710.7 3.04529e+14 0 4 1 0.994716 
4.42822e+16 -673.721 4.66669e-13 4.97118e+27 0.000530741 4.11323 19375 2.90726e+14 1 4 1 0.999673 
4.44244e+16 -673.795 5.27137e-13 4.97118e+27 0.000543835 4.26756 19617.9 2.83726e+14 2 4 1 0.999988 
4.4566e+16 -673.878 5.9223e-13 4.97118e+27 0.000545426 4.28467 19639.1 2.82898e+14 3 4 1 0.999999 
4.47073e+16 -673.97 6.62683e-13 4.97118e+27 0.000545805 4.28677 19635.1 2.82702e+14 4 4 1 1 
4.48487e+16 -674.073 7.38358e-13 4.97118e+27 0.000545861 4.28684 19633.4 2.82673e+14 5 3 1 1 
4.499e+16 -674.186 8.20669e-13 4.97118e+27 0.00054584 4.28632 19631.8 2.82683e+14 6 4 1 1 
4.51313e+16 -674.312 9.15132e-13 4.97118e+27 0.000545797 4.28563 19630.1 2.82706e+14 7 4 1 1 
4.52727e+16 -674.453 1.03914e-12 4.97118e+27 0.00054574 4.28483 19628.5 2.82735e+14 8 4 1 1 
4.54141e+16 -674.615 1.2183e-12 4.97118e+27 0.000545668 4.28388 19626.8 2.82773e+14 9 4 1 1 
4.55555e+16 -674.808 1.47415e-12 4.97118e+27 0.000545574 4.28271 19624.8 2.82821e+14 10 4 1 1 
4.56969e+16 -675.048 1.84289e-12 4.97118e+27 0.000545452 4.28126 19622.5 2.82884e+14 11 4 1 1 
4.58384e+16 -675.354 2.38308e-12 4.97118e+27 0.000545291 4.27939 19619.8 2.82968e+14 12 4 1 1 
4.59799e+16 -675.75 3.11091e-12 4.97118e+27 0.000545077 4.27697 19616.3 2.83079e+14 13 4 1 1 
4.61214e+16 -676.263 4.00279e-12 4.97118e+27 0.000544799 4.27384 19612 2.83223e+14 14 4 1 0.999999 
4.62631e+16 -676.918 5.06011e-12 4.97118e+27 0.000544451 4.26996 19606.7 2.83405e+14 15 4 1 0.999999 
-1.53152e+16 -677.711 6.14829e-12 4.97118e+27 0.000544038 4.26536 19600.5 2.8362e+14 16 4 1 0.999998 
-1.51733e+16 -678.585 6.60049e-12 4.97118e+27 0.000543594 4.26044 19593.8 2.83852e+14 17 4 1 0.999998 
-1.50313e+16 -679.455 6.32959e-12 4.97118e+27 0.000543203 4.2561 19588 2.84056e+14 18 4 1 0.999998 
-1.48892e+16 -679.945 2.23057e-12 4.97118e+27 0.000542946 4.25324 19584.1 2.8419e+14 19 5 1 0.999999 
-1.47471e+16 -680.698 5.8179e-12 4.97118e+27 0.000543013 4.25383 19584.7 2.84155e+14 20 4 1 0.999921 
-1.46051e+16 -677.268 -6.21619e-11 4.97118e+27 0.000545456 4.28049 19619.6 2.82882e+14 21 4 1 0.999438 
-1.44642e+16 -663.386 -1.40203e-10 4.97118e+27 0.000552503 4.35813 19720.6 2.79274e+14 22 4 1 0.998854 
-1.43258e+16 -641.817 -1.83702e-10 4.97118e+27 0.000563403 4.47907 19875.3 2.73872e+14 23 4 1 0.998687 
-1.41903e+16 -617.894 -1.85957e-10 4.97118e+27 0.000575803 4.61777 20049.2 2.67974e+14 24 4 1 0.998864 
-1.40578e+16 -595.933 -1.66595e-10 4.97118e+27 0.000587787 4.75286 20215 2.6251e+14 25 4 1 0.999024 
-1.39278e+16 -576.272 -1.58324e-10 4.97118e+27 0.000598982 4.87998 20367.9 2.57604e+14 26 4 1 0.999 
-1.38001e+16 -556.651 -1.72334e-10 4.97118e+27 0.00061031 5.00958 20520.9 2.52822e+14 27 4 1 0.998828 
-1.36749e+16 -535.046 -1.97537e-10 4.97118e+27 0.00062275 5.15307 20687.1 2.47772e+14 28 4 1 0.998615 
-1.35523e+16 -511.17 -2.22582e-10 4.97118e+27 0.000636644 5.31474 20870.5 2.42365e+14 29 4 1 0.998454 
-1.34325e+16 -485.542 -2.40785e-10 4.97118e+27 0.000651788 5.49257 21067.6 2.36733e+14 30 4 1 0.99837 
-1.33156e+16 -458.948 -2.53889e-10 4.97118e+27 0.00066781 5.68252 21273.2 2.31054e+14 31 4 1 0.99835 
-1.32014e+16 -432.03 -2.62358e-10 4.97118e+27 0.000684387 5.88098 21482.9 2.25457e+14 32 4 1 0.998376 
-1.30901e+16 -405.157 -2.67956e-10 4.97118e+27 0.00070127 6.08508 21693.2 2.20029e+14 33 4 1 0.998429 
-1.29814e+16 -378.674 -2.71429e-10 4.97118e+27 0.000718292 6.29286 21902.3 2.14815e+14 34 4 1 0.998496 
-1.28752e+16 -352.596 -2.73533e-10 4.97118e+27 0.000735342 6.50295 22108.8 2.09834e+14 35 4 1 0.998565 
-1.27715e+16 -327.042 -2.75667e-10 4.97118e+27 0.000752373 6.71476 22312.1 2.05085e+14 36 4 1 0.998632 
-1.26701e+16 -302.042 -2.77228e-10 4.97118e+27 0.000769363 6.92799 22512.3 2.00556e+14 37 4 1 0.998701 
-1.25709e+16 -277.562 -2.78014e-10 4.97118e+27 0.000786279 7.14217 22708.9 1.96241e+14 38 4 1 0.998764 
-1.24738e+16 -253.644 -2.7934e-10 4.97118e+27 0.000803113 7.35715 22902.1 1.92127e+14 39 4 1 0.998828 
-1.23788e+16 -230.239 -2.79149e-10 4.97118e+27 0.000819844 7.5726 23091.7 1.88207e+14 40 4 1 0.998886 
-1.22856e+16 -207.355 -2.80114e-10 4.97118e+27 0.000836464 7.78837 23277.8 1.84467e+14 41 4 1 0.998941 
-1.21943e+16 -185.01 -2.80303e-10 4.97118e+27 0.000852984 8.00454 23460.6 1.80894e+14 42 4 1 0.998993 
-1.21047e+16 -163.146 -2.80542e-10 4.97118e+27 0.000869386 8.22085 23640 1.77482e+14 43 4 1 0.999045 
-1.20168e+16 -141.749 -2.80125e-10 4.97118e+27 0.000885654 8.43703 23815.9 1.74222e+14 44 4 1 0.999102 
-1.19305e+16 -120.949 -2.76763e-10 4.97118e+27 0.000901717 8.65201 23987.7 1.71118e+14 45 4 1 0.999151 
-1.18457e+16 -100.801 -2.7543e-10 4.97118e+27 0.00091758 8.86571 24155.5 1.6816e+14 46 4 1 0.999148 
-1.17623e+16 -80.6598 -2.9137e-10 4.97118e+27 0.00093363 9.08361 24323.7 1.65269e+14 47 4 1 0.999178 
-1.16804e+16 -60.0423 -2.93981e-10 4.97118e+27 0.000949802 9.30537 24491.9 1.62455e+14 48 4 1 0.999441 
-1.15998e+16 -42.1153 -2.12053e-10 4.97118e+27 0.000963954 9.50017 24637.1 1.6007e+14 49 4 1 0.999652 
-1.15203e+16 -30.324 -1.50271e-10 4.97118e+27 0.00097506 9.65159 24748.4 1.58247e+14 50 4 1 0.999333 
-1.14416e+16 -15.411 -3.35218e-10 4.97118e+27 0.000989006 9.84465 24889.2 1.56015e+14 51 4 1 0.998676 
-1.13643e+16 12.7771 -4.8819e-10 4.97118e+27 0.00100995 10.1419 25102.1 1.5278e+14 52 4 1 0.999446 
-1.12888e+16 35.7781 -1.89754e-10 4.97118e+27 0.00102725 10.3875 25274 1.50207e+14 53 4 1 1.00002 
-1.12141e+16 39.0451 2.21333e-11 4.97118e+27 0.00103206 10.4533 25319.3 1.49507e+14 54 3 1 1 
-1.11393e+16 36.138 5.66114e-11 4.97118e+27 0.00102979 10.4203 25296.4 1.49836e+14 55 4 1 0.999992 
-1.10642e+16 31.7021 7.50264e-11 4.97118e+27 0.00102589 10.3648 25257.7 1.50406e+14 56 4 1 0.999961 
-1.09889e+16 26.5442 8.34732e-11 4.97118e+27 0.00102146 10.302 25213.8 1.51058e+14 57 4 1 0.999946 
-1.09132e+16 21.2039 8.38538e-11 4.97118e+27 0.00101698 10.2386 25169.2 1.51724e+14 58 4 1 0.999942 
-1.08371e+16 16.1538 7.7113e-11 4.97118e+27 0.00101283 10.18 25127.9 1.52346e+14 59 4 1 0.999949 
-1.07608e+16 11.7445 6.56119e-11 4.97118e+27 0.00100926 10.1297 25092.3 1.52884e+14 60 4 1 0.999961 
-1.06843e+16 8.16121 5.20809e-11 4.97118e+27 0.0010064 10.0895 25063.7 1.5332e+14 61 4 1 0.999974 
-1.06075e+16 5.43107 3.88516e-11 4.97118e+27 0.00100423 10.0592 25042.2 1.53649e+14 62 4 1 0.999985 
-1.05306e+16 3.46816 2.74129e-11 4.97118e+27 0.00100269 10.0376 25026.8 1.53886e+14 63 4 1 0.999992 
-1.04536e+16 2.12891 1.83906e-11 4.97118e+27 0.00100165 10.023 25016.4 1.54046e+14 64 4 1 0.999996 
-1.03766e+16 1.25791 1.17784e-11 4.97118e+27 0.00100097 10.0135 25009.6 1.5415e+14 65 4 1 0.999998 
-1.02995e+16 0.716099 7.22238e-12 4.97118e+27 0.00100055 10.0077 25005.5 1.54215e+14 66 4 1 0.999999 
-1.02223e+16 0.392978 4.24851e-12 4.97118e+27 0.0010003 10.0042 25003 1.54253e+14 67 4 1 1 
-1.01452e+16 0.20794 2.40047e-12 4.97118e+27 0.00100016 10.0022 25001.6 1.54275e+14 68 4 1 1 
-1.00681e+16 0.106094 1.3037e-12 4.97118e+27 0.00100008 10.0011 25000.8 1.54287e+14 69 4 1 1 
-9.99092e+15 0.052186 6.80838e-13 4.97118e+27 0.00100004 10.0006 25000.4 1.54294e+14 70 4 1 1 
-9.91377e+15 0.02474 3.41932e-13 4.97118e+27 0.00100002 10.0003 25000.2 1.54297e+14 71 4 1 1 
-9.83662e+15 0.0112991 1.65132e-13 4.97118e+27 0.00100001 10.0001 25000.1 1.54299e+14 72 4 1 1 
-9.75947e+15 0.00496889 7.66675e-14 4.97118e+27 0.001 10.0001 25000 1.54299e+14 73 4 1 1 
-9.68232e+15 0.00210259 3.42065e-14 4.97118e+27 0.001 10 25000 1.543e+14 74 4 1 1 
-9.60517e+15 0.000855424 1.46583e-14 4.97118e+27 0.001 10 25000 1.543e+14 75 4 1 1 
-9.52802e+15 0.000334287 6.02874e-15 4.97118e+27 0.001 10 25000 1.543e+14 76 4 1 1 
-9.45087e+15 0.000125331 2.3776e-15 4.97118e+27 0.001 10 25000 1.543e+14 77 4 1 1 
-9.37372e+15 4.50168e-05 8.98088e-16 4.97118e+27 0.001 10 25000 1.543e+14 78 4 1 1 
-9.29657e+15 1.54633e-05 3.24446e-16 4.97118e+27 0.001 10 25000 1.543e+14 79 4 1 1 
-9.21942e+15 5.06872e-06 1.11899e-16 4.97118e+27 0.001 10 25000 1.543e+14 80 4 1 1 
-9.14227e+15 1.58114e-06 3.67606e-17 4.97118e+27 0.001 10 25000 1.543e+14 81 4 1 1 
-9.06512e+15 4.67738e-07 1.14683e-17 4.97118e+27 0.001 10 25000 1.543e+14 82 4 1 1 
-8.98797e+15 1.30598e-07 3.38611e-18 4.97118e+27 0.001 10 25000 1.543e+14 83 4 1 1 
-8.91082e+15 3.42274e-08 9.40554e-19 4.97118e+27 0.001 10 25000 1.543e+14 84 4 1 1 
-8.83367e+15 8.32882e-09 2.44301e-19 4.97118e+27 0.001 10 25000 1.543e+14 85 4 1 1 
-8.75652e+15 1.86626e-09 5.89709e-20 4.97118e+27 0.001 10 25000 1.543e+14 86 4 1 1 
-8.67937e+15 3.73144e-10 1.22952e-20 4.97118e+27 0.001 10 25000 1.543e+14 87 4 1 1 
-8.60222e+15 6.90803e-11 3.18662e-21 4.97118e+27 0.001 10 25000 1.543e+14 88 4 1 1 
-8.52507e+15 1.8312e-12 1.06835e-22 4.97118e+27 0.001 10 25000 1.543e+14 89 5 1 1 
-8.44792e+15 2.07319e-13 2.21037e-23 4.97118e+27 0.001 10 25000 1.543e+14 90 5 1 1 
-8.37077e+15 4.08865e-44 4.35919e-54 4.97118e+27 0.001 10 25000 1.543e+14 91 5 1 1 
-8.29362e+15 0 0 4.97118e+27 0.001 10 25000 1.543e+14 92 5 1 1 
-8.21647e+15 0 0 4.97118e+27 0.001 10 25000 1.543e+14 93 5 1 1 
-8.13932e+15 0 0 4.97118e+27 0.001 10 25000 1.543e+14 94 5 1 1 
-8.06217e+15 0 0 4.97118e+27 0.001 10 25000 1.543e+14 95 5 1 1 
-7.98502e+15 0 0 4.97118e+27 0.001 10 25000 1.543e+14 96 5 1 1 
-7.90787e+15 0 0 4.97118e+27 0.001 10 25000 1.543e+14 97 5 1 1 
-7.83072e+15 0 0 4.97118e+27 0.001 10 25000 1.543e+14 98 5 1 1 
-7.75357e+15 0 0 4.97118e+27 0.001 10 25000 1.543e+14 99 5 1 1 
-7.67642e+15 0 0 4.97118e+27 0.001 10 25000 1.543e+14 100 5 1 1 
-7.59927e+15 0 0 4.97118e+27 0.001 10 25000 1.543e+14 101 5 1 1 
-7.52212e+15 0 0 4.97118e+27 0.001 10 25000 1.543e+14 102 5 1 1 
-7.44497e+15 0 0 4.97118e+27 0.001 10 25000 1.543e+14 103 5 1 1 
-7.36782e+15 0 0 4.97118e+27 0.001 10 25000 1.543e+14 104 5 1 1 
-7.29067e+15 0 0 4.97118e+27 0.001 10 25000 1.543e+14 105 5 1 1 
-7.21352e+15 0 0 4.97118e+27 0.001 10 25000 1.543e+14 106 5 1 1 
-7.13637e+15 0 0 4.97118e+27 0.001 10 25000 1.543e+14 107 5 1 1 
-7.05922e+15 0 0 4.97118e+27 0.001 10 25000 1.543e+14 108 5 1 1 
-6.98207e+15 0 0 4.97118e+27 0.001 10 25000 1.543e+14 109 5 1 1 
-6.90492e+15 0 0 4.97118e+27 0.001 10 25000 1.543e+14 110 5 1 1 
-6.82777e+15 0 0 4.97118e+27 0.001 10 25000 1.543e+14 111 5 1 1 
-6.75062e+15 0 0 4.97118e+27 0.001 10 25000 1.543e+14 112 5 1 1 
-6.67347e+15 0 0 4.97118e+27 0.001 10 25000 1.543e+14 113 5 1 1 
-6.59632e+15 0 0 4.97118e+27 0.001 10 25000 1.543e+14 114 5 1 1 
-6.51917e+15 0 0 4.97118e+27 0.001 10 25000 1.543e+14 115 5 1 1 
-6.44202e+15 0 0 4.97118e+27 0.001 10 25000 1.543e+14 116 5 1 1 
-6.36487e+15 0 0 4.97118e+27 0.001 10 25000 1.543e+14 117 5 1 1 
-6.28772e+15 0 0 4.97118e+27 0.001 10 25000 1.543e+14 118 5 1 1 
-6.21057e+15 0 0 4.97118e+27 0.001 10 25000 1.543e+14 119 5 1 1 
-6.13342e+15 0 0 4.97118e+27 0.001 10 25000 1.543e+14 120 5 1 1 
-6.05627e+15 0 0 4.97118e+27 0.001 10 25000 1.543e+14 121 5 1 1 
-5.97912e+15 0 0 4.97118e+27 0.001 10 25000 1.543e+14 122 5 1 1 
-5.90197e+15 0 0 4.97118e+27 0.001 10 25000 1.543e+14 123 5 1 1 
-5.82482e+15 0 0 4.97118e+27 0.001 10 25000 1.543e+14 124 5 1 1 
-5.74767e+15 0 0 4.97118e+27 0.001 10 25000 1.543e+14 125 5 1 1 
-5.67052e+15 0 0 4.97118e+27 0.001 10 25000 1.543e+14 126 5 1 1 
-5.59337e+15 0 0 4.97118e+27 0.001 10 25000 1.543e+14 127 5 1 1 
-5.51622e+15 0 0 4.97118e+27 0.001 10 25000 1.543e+14 128 5 1 1 
-5.43907e+15 0 0 4.97118e+27 0.001 10 25000 1.543e+14 129 5 1 1 
-5.36192e+15 0 0 4.97118e+27 0.001 10 25000 1.543e+14 130 5 1 1 
-5.28477e+15 0 0 4.97118e+27 0.001 10 25000 1.543e+14 131 5 1 1 
-5.20762e+15 0 0 4.97118e+27 0.001 10 25000 1.543e+14 132 5 1 1 
-5.13047e+15 0 0 4.97118e+27 0.001 10 25000 1.543e+14 133 5 1 1 
-5.05332e+15 0 0 4.97118e+27 0.001 10 25000 1.543e+14 134 5 1 1 
-4.97617e+15 0 0 4.97118e+27 0.001 10 25000 1.543e+14 135 5 1 1 
-4.89902e+15 0 0 4.97118e+27 0.001 10 25000 1.543e+14 136 5 1 1 
-4.82187e+15 0 0 4.97118e+27 0.001 10 25000 1.543e+14 137 5 1 1 
-4.74472e+15 0 0 4.97118e+27 0.001 10 25000 1.543e+14 138 5 1 1 
-4.66757e+15 0 0 4.97118e+27 0.001 10 25000 1.543e+14 139 5 1 1 
-4.59042e+15 0 0 4.97118e+27 0.001 10 25000 1.543e+14 140 5 1 1 
-4.51327e+15 0 0 4.97118e+27 0.001 10 25000 1.543e+14 141 5 1 1 
-4.43612e+15 0 0 4.97118e+27 0.001 10 25000 1.543e+14 142 5 1 1 
-4.35897e+15 0 0 4.97118e+27 0.001 10 25000 1.543e+14 143 5 1 1 
-4.28182e+15 0 0 4.97118e+27 0.001 10 25000 1.543e+14 144 5 1 1 
-4.20467e+15 0 0 4.97118e+27 0.001 10 25000 1.543e+14 145 5 1 1 
-4.12752e+15 0 0 4.97118e+27 0.001 10 25000 1.543e+14 146 5 1 1 
-4.05037e+15 0 0 4.97118e+27 0.001 10 25000 1.543e+14 147 5 1 1 
-3.97322e+15 0 0 4.97118e+27 0.001 10 25000 1.543e+14 148 5 1 1 
-3.89607e+15 0 0 4.97118e+27 0.001 10 25000 1.543e+14 149 5 1 1 
-3.81892e+15 0 0 4.97118e+27 0.001 10 25000 1.543e+14 150 5 1 1 
-3.74177e+15 0 0 4.97118e+27 0.001 10 25000 1.543e+14 151 5 1 1 
-3.66462e+15 0 0 4.97118e+27 0.001 10 25000 1.543e+14 152 5 1 1 
-3.58747e+15 0 0 4.97118e+27 0.001 10 25000 1.543e+14 153 5 1 1 
-3.51032e+15 0 0 4.97118e+27 0.001 10 25000 1.543e+14 154 5 1 1 
-3.43317e+15 0 0 4.97118e+27 0.001 10 25000 1.543e+14 155 5 1 1 
-3.35602e+15 0 0 4.97118e+27 0.001 10 25000 1.543e+14 156 5 1 1 
-3.27887e+15 0 0 4.97118e+27 0.001 10 25000 1.543e+14 157 5 1 1 
-3.20172e+15 0 0 4.97118e+27 0.001 10 25000 1.543e+14 158 5 1 1 
-3.12457e+15 0 0 4.97118e+27 0.001 10 25000 1.543e+14 159 5 1 1 
-3.04742e+15 0 0 4.97118e+27 0.001 10 25000 1.543e+14 160 5 1 1 
-2.97027e+15 0 0 4.97118e+27 0.001 10 25000 1.543e+14 161 5 1 1 
-2.89312e+15 0 0 4.97118e+27 0.001 10 25000 1.543e+14 162 5 1 1 
-2.81597e+15 0 0 4.97118e+27 0.001 10 25000 1.543e+14 163 5 1 1 
-2.73882e+15 0 0 4.97118e+27 0.001 10 25000 1.543e+14 164 5 1 1 
-2.66167e+15 0 0 4.97118e+27 0.001 10 25000 1.543e+14 165 5 1 1 
-2.58452e+15 0 0 4.97118e+27 0.001 10 25000 1.543e+14 166 5 1 1 
-2.50737e+15 0 0 4.97118e+27 0.001 10 25000 1.543e+14 167 5 1 1 
-2.43022e+15 0 0 4.97118e+27 0.001 10 25000 1.543e+14 168 5 1 1 
-2.35307e+15 0 0 4.97118e+27 0.001 10 25000 1.543e+14 169 5 1 1 
-2.27592e+15 0 0 4.97118e+27 0.001 10 25000 1.543e+14 170 5 1 1 
-2.19877e+15 0 0 4.97118e+27 0.001 10 25000 1.543e+14 171 5 1 1 
-2.12162e+15 0 0 4.97118e+27 0.001 10 25000 1.543e+14 172 5 1 1 
-2.04447e+15 0 0 4.97118e+27 0.001 10 25000 1.543e+14 173 5 1 1 
-1.96732e+15 -1.36242e-44 0 4.97118e+27 0.001 10 25000 1.543e+14 174 5 1 1 
-1.89017e+15 -3.45342e-14 -3.63266e-55 4.97118e+27 0.001 10 25000 1.543e+14 175 5 1 1 
-1.81302e+15 -1.72251e-13 -3.63266e-55 4.97118e+27 0.001 10 25000 1.543e+14 176 5 1 1 
-1.73587e+15 -3.09375e-13 0 4.97118e+27 0.001 10 25000 1.543e+14 177 5 1 1 
-1.65872e+15 -4.45501e-13 0 4.97118e+27 0.001 10 25000 1.543e+14 178 5 1 1 
-1.58157e+15 -6.14927e-13 0 4.97118e+27 0.001 10 25000 1.543e+14 179 5 1 1 
-1.50442e+15 -7.82825e-13 0 4.97118e+27 0.001 10 25000 1.543e+14 180 5 1 1 
-1.42727e+15 -9.66474e-13 -1.84198e-24 4.97118e+27 0.001 10 25000 1.543e+14 181 5 1 1 
-1.35012e+15 -1.16437e-12 1.84198e-24 4.97118e+27 0.001 10 25000 1.543e+14 182 5 1 1 
-1.27297e+15 -1.32342e-12 -1.84198e-24 4.97118e+27 0.001 10 25000 1.543e+14 183 5 1 1 
-1.19582e+15 -1.49066e-12 1.27813e-39 4.97118e+27 0.001 10 25000 1.543e+14 184 5 1 1 
-1.11867e+15 -1.70158e-12 -1.84198e-24 4.97118e+27 0.001 10 25000 1.543e+14 185 5 1 1 
-1.04152e+15 -3.20414e-12 1.84198e-24 4.97118e+27 0.001 10 25000 1.543e+14 186 4 1 1 
-9.64375e+14 5.10264e-14 1.84198e-24 4.97118e+27 0.001 10 25000 1.543e+14 187 4 1 1 
-8.87225e+14 -8.92687e-13 -4.05235e-23 4.97118e+27 0.001 10 25000 1.543e+14 188 4 1 1 
-8.10075e+14 -2.67639e-12 4.78914e-23 4.97118e+27 0.001 10 25000 1.543e+14 189 4 1 1 
-7.32925e+14 5.21469e-13 -9.20989e-24 4.97118e+27 0.001 10 25000 1.543e+14 190 4 1 1 
-6.55775e+14 -6.07284e-13 1.84198e-24 4.97118e+27 0.001 10 25000 1.543e+14 191 5 1 1 
-5.78625e+14 -8.05133e-13 -3.68395e-24 4.97118e+27 0.001 10 25000 1.543e+14 192 5 1 1 
-5.01475e+14 -2.52679e-12 -3.68395e-24 4.97118e+27 0.001 10 25000 1.543e+14 193 4 1 1 
-4.24325e+14 4.71807e-13 2.04501e-38 4.97118e+27 0.001 10 25000 1.543e+14 194 3 1 1 
-3.47175e+14 -7.19438e-13 1.15032e-38 4.97118e+27 0.001 10 25000 1.543e+14 195 3 1 1 
-2.70025e+14 -1.07054e-12 0 4.97118e+27 0.001 10 25000 1.543e+14 196 3 1 1 
-1.92875e+14 1.1387e-13 0 4.97118e+27 0.001 10 25000 1.543e+14 197 3 1 1 
-1.15725e+14 -1.55746e-13 1.84198e-24 4.97118e+27 0.001 10 25000 1.543e+14 198 3 1 1 
-3.8575e+13 1.81842e-14 5.52593e-24 4.97118e+27 0.001 10 25000 1.543e+14 199 3 1 1 
3.8575e+13 -1.14303e-13 5.52593e-24 4.97118e+27 0.001 10 25000 1.543e+14 200 5 1 1 
1.15725e+14 -4.52244e-13 -1.28938e-23 4.97118e+27 0.001 10 25000 1.543e+14 201 5 1 1 
1.92875e+14 -5.10002e-15 -7.36791e-24 4.97118e+27 0.001 10 25000 1.543e+14 202 4 1 1 
2.70025e+14 -1.50936e-12 -1.10519e-23 4.97118e+27 0.001 10 25000 1.543e+14 203 4 1 1 
3.47175e+14 1.14893e-13 1.65778e-23 4.97118e+27 0.001 10 25000 1.543e+14 204 3 1 1 
4.24325e+14 -2.28182e-13 5.52593e-24 4.97118e+27 0.001 10 25000 1.543e+14 205 4 1 1 
5.01475e+14 1.78429e-13 -3.68395e-24 4.97118e+27 0.001 10 25000 1.543e+14 206 4 1 1 
5.78625e+14 -6.09164e-13 6.71017e-39 4.97118e+27 0.001 10 25000 1.543e+14 207 5 1 1 
6.55775e+14 3.92745e-13 -1.91719e-38 4.97118e+27 0.001 10 25000 1.543e+14 208 5 1 1 
7.32925e+14 -6.07156e-13 1.84198e-24 4.97118e+27 0.001 10 25000 1.543e+14 209 4 1 1 
8.10075e+14 2.16684e-12 1.84198e-24 4.97118e+27 0.001 10 25000 1.543e+14 210 3 1 1 
8.87225e+14 9.55587e-13 -8.9469e-39 4.97118e+27 0.001 10 25000 1.543e+14 211 3 1 1 
9.64375e+14 4.84253e-12 1.84198e-24 4.97118e+27 0.001 10 25000 1.543e+14 212 4 1 1 
1.04153e+15 3.17137e-12 -1.84198e-24 4.97118e+27 0.001 10 25000 1.543e+14 213 5 1 1 
1.11868e+15 2.91265e-12 1.84198e-24 4.97118e+27 0.001 10 25000 1.543e+14 214 5 1 1 
1.19583e+15 2.43623e-12 -3.63266e-55 4.97118e+27 0.001 10 25000 1.543e+14 215 5 1 1 
1.27298e+15 1.93592e-12 7.26532e-55 4.97118e+27 0.001 10 25000 1.543e+14 216 5 1 1 
1.35013e+15 1.46358e-12 7.26532e-55 4.97118e+27 0.001 10 25000 1.543e+14 217 5 1 1 
1.42728e+15 1.07479e-12 1.84198e-24 4.97118e+27 0.001 10 25000 1.543e+14 218 5 1 1 
1.50443e+15 8.38028e-13 -1.84198e-24 4.97118e+27 0.001 10 25000 1.543e+14 219 5 1 1 
1.58158e+15 6.00162e-13 1.84198e-24 4.97118e+27 0.001 10 25000 1.543e+14 220 5 1 1 
1.65873e+15 4.29714e-13 -1.84198e-24 4.97118e+27 0.001 10 25000 1.543e+14 221 5 1 1 
1.73588e+15 2.92732e-13 1.84198e-24 4.97118e+27 0.001 10 25000 1.543e+14 222 5 1 1 
1.81303e+15 1.72462e-13 0 4.97118e+27 0.001 10 25000 1.543e+14 223 5 1 1 
1.89018e+15 3.45653e-14 3.63266e-55 4.97118e+27 0.001 10 25000 1.543e+14 224 5 1 1 
1.96733e+15 1.0224e-44 3.63266e-55 4.97118e+27 0.001 10 25000 1.543e+14 225 5 1 1 
2.04448e+15 0 0 4.97118e+27 0.001 10 25000 1.543e+14 226 5 1 1 
2.12163e+15 0 0 4.97118e+27 0.001 10 25000 1.543e+14 227 5 1 1 
2.19878e+15 0 0 4.97118e+27 0.001 10 25000 1.543e+14 228 5 1 1 
2.27593e+15 0 0 4.97118e+27 0.001 10 25000 1.543e+14 229 5 1 1 
2.35308e+15 0 0 4.97118e+27 0.001 10 25000 1.543e+14 230 5 1 1 
2.43023e+15 0 0 4.97118e+27 0.001 10 25000 1.543e+14 231 5 1 1 
2.50738e+15 0 0 4.97118e+27 0.001 10 25000 1.543e+14 232 5 1 1 
2.58453e+15 0 0 4.97118e+27 0.001 10 25000 1.543e+14 233 5 1 1 
2.66168e+15 0 0 4.97118e+27 0.001 10 25000 1.543e+14 234 5 1 1 
2.73883e+15 0 0 4.97118e+27 0.001 10 25000 1.543e+14 235 5 1 1 
2.81598e+15 0 0 4.97118e+27 0.001 10 25000 1.543e+14 236 5 1 1 
2.89313e+15 -7.93446e-43 -3.63266e-55 4.97118e+27 0.001 10 25000 1.543e+14 237 5 1 1 
2.97028e+15 -1.69188e-13 0 4.97118e+27 0.001 10 25000 1.543e+14 238 5 1 1 
3.04743e+15 -3.37357e-13 3.63266e-55 4.97118e+27 0.001 10 25000 1.543e+14 239 5 1 1 
3.12458e+15 1.58941e-12 0 4.97118e+27 0.001 10 25000 1.543e+14 240 5 1 1 
3.20173e+15 1.42405e-12 2.1796e-54 4.97118e+27 0.001 10 25000 1.543e+14 241 5 1 1 
3.27888e+15 3.35814e-12 -5.08572e-54 4.97118e+27 0.001 10 25000 1.543e+14 242 5 1 1 
3.35603e+15 1.76519e-12 -3.68395e-24 4.97118e+27 0.001 10 25000 1.543e+14 243 5 1 1 
3.43318e+15 1.31111e-12 -3.68395e-24 4.97118e+27 0.001 10 25000 1.543e+14 244 5 1 1 
3.51033e+15 -1.47409e-12 5.52593e-24 4.97118e+27 0.001 10 25000 1.543e+14 245 5 1 1 
3.58748e+15 1.51262e-12 5.52593e-24 4.97118e+27 0.001 10 25000 1.543e+14 246 5 1 1 
3.66463e+15 -1.55589e-12 3.68395e-24 4.97118e+27 0.001 10 25000 1.543e+14 247 5 1 1 
3.74178e+15 1.65648e-12 -5.52593e-24 4.97118e+27 0.001 10 25000 1.543e+14 248 5 1 1 
3.81893e+15 -8.58446e-13 -5.52593e-24 4.97118e+27 0.001 10 25000 1.543e+14 249 4 1 1 
3.89608e+15 8.58446e-13 5.52593e-24 4.97118e+27 0.001 10 25000 1.543e+14 250 4 1 1 
3.97323e+15 -1.65648e-12 5.52593e-24 4.97118e+27 0.001 10 25000 1.543e+14 251 5 1 1 
4.05038e+15 1.55589e-12 -3.68395e-24 4.97118e+27 0.001 10 25000 1.543e+14 252 5 1 1 
4.12753e+15 -1.51262e-12 -5.52593e-24 4.97118e+27 0.001 10 25000 1.543e+14 253 5 1 1 
4.20468e+15 1.47409e-12 -5.52593e-24 4.97118e+27 0.001 10 25000 1.543e+14 254 5 1 1 
4.28183e+15 -1.31111e-12 3.68395e-24 4.97118e+27 0.001 10 25000 1.543e+14 255 5 1 1 
4.35898e+15 -1.76519e-12 3.68395e-24 4.97118e+27 0.001 10 25000 1.543e+14 256 5 1 1 
4.43613e+15 -3.35814e-12 5.08572e-54 4.97118e+27 0.001 10 25000 1.543e+14 257 5 1 1 
4.51328e+15 -1.42405e-12 -2.1796e-54 4.97118e+27 0.001 10 25000 1.543e+14 258 5 1 1 
4.59043e+15 -1.58941e-12 0 4.97118e+27 0.001 10 25000 1.543e+14 259 5 1 1 
4.66758e+15 3.37357e-13 -3.63266e-55 4.97118e+27 0.001 10 25000 1.543e+14 260 5 1 1 
4.74473e+15 1.69188e-13 0 4.97118e+27 0.001 10 25000 1.543e+14 261 5 1 1 
4.82188e+15 7.93446e-43 3.63266e-55 4.97118e+27 0.001 10 25000 1.543e+14 262 5 1 1 
4.89903e+15 0 0 4.97118e+27 0.001 10 25000 1.543e+14 263 5 1 1 
4.97618e+15 0 0 4.97118e+27 0.001 10 25000 1.543e+14 264 5 1 1 
5.05333e+15 0 0 4.97118e+27 0.001 10 25000 1.543e+14 265 5 1 1 
5.13048e+15 0 0 4.97118e+27 0.001 10 25000 1.543e+14 266 5 1 1 
5.20763e+15 0 0 4.97118e+27 0.001 10 25000 1.543e+14 267 5 1 1 
5.28478e+15 0 0 4.97118e+27 0.001 10 25000 1.543e+14 268 5 1 1 
5.36193e+15 0 0 4.97118e+27 0.001 10 25000 1.543e+14 269 5 1 1 
5.43908e+15 0 0 4.97118e+27 0.001 10 25000 1.543e+14 270 5 1 1 
5.51623e+15 0 0 4.97118e+27 0.001 10 25000 1.543e+14 271 5 1 1 
5.59338e+15 0 0 4.97118e+27 0.001 10 25000 1.543e+14 272 5 1 1 
5.67053e+15 0 0 4.97118e+27 0.001 10 25000 1.543e+14 273 5 1 1 
5.74768e+15 0 0 4.97118e+27 0.001 10 25000 1.543e+14 274 5 1 1 
5.82483e+15 0 0 4.97118e+27 0.001 10 25000 1.543e+14 275 5 1 1 
5.90198e+15 0 0 4.97118e+27 0.001 10 25000 1.543e+14 276 5 1 1 
5.97913e+15 0 0 4.97118e+27 0.001 10 25000 1.543e+14 277 5 1 1 
6.05628e+15 0 0 4.97118e+27 0.001 10 25000 1.543e+14 278 5 1 1 
6.13343e+15 0 0 4.97118e+27 0.001 10 25000 1.543e+14 279 5 1 1 
6.21058e+15 -3.97233e-43 -3.63266e-55 4.97118e+27 0.001 10 25000 1.543e+14 280 5 1 1 
6.28773e+15 -6.85718e-14 -3.63266e-55 4.97118e+27 0.001 10 25000 1.543e+14 281 5 1 1 
6.36488e+15 -2.05192e-13 0 4.97118e+27 0.001 10 25000 1.543e+14 282 5 1 1 
6.44203e+15 -3.75697e-13 0 4.97118e+27 0.001 10 25000 1.543e+14 283 5 1 1 
6.51918e+15 -5.45239e-13 3.63266e-55 4.97118e+27 0.001 10 25000 1.543e+14 284 5 1 1 
6.59633e+15 -6.79199e-13 1.45306e-54 4.97118e+27 0.001 10 25000 1.543e+14 285 5 1 1 
6.67348e+15 7.74792e-13 3.68395e-24 4.97118e+27 0.001 10 25000 1.543e+14 286 5 1 1 
6.75063e+15 5.76654e-13 3.68395e-24 4.97118e+27 0.001 10 25000 1.543e+14 287 5 1 1 
6.82778e+15 4.08261e-12 3.68395e-24 4.97118e+27 0.001 10 25000 1.543e+14 288 5 1 1 
6.90493e+15 2.83319e-12 7.26532e-55 4.97118e+27 0.001 10 25000 1.543e+14 289 5 1 1 
6.98208e+15 2.22239e-12 3.68395e-24 4.97118e+27 0.001 10 25000 1.543e+14 290 5 1 1 
7.05923e+15 3.618e-13 1.84198e-24 4.97118e+27 0.001 10 25000 1.543e+14 291 5 1 1 
7.13638e+15 3.82e-12 -1.84198e-24 4.97118e+27 0.001 10 25000 1.543e+14 292 5 1 1 
7.21353e+15 1.80105e-12 -7.36791e-24 4.97118e+27 0.001 10 25000 1.543e+14 293 5 1 1 
7.29068e+15 1.9417e-12 1.84198e-24 4.97118e+27 0.001 10 25000 1.543e+14 294 5 1 1 
7.36783e+15 -1.91747e-12 1.84198e-24 4.97118e+27 0.001 10 25000 1.543e+14 295 5 1 1 
7.44498e+15 5.52698e-12 -7.36791e-24 4.97118e+27 0.001 10 25000 1.543e+14 296 5 1 1 
7.52213e+15 7.81759e-13 1.27813e-39 4.97118e+27 0.001 10 25000 1.543e+14 297 5 1 1 
7.59928e+15 6.12428e-13 1.84198e-23 4.97118e+27 0.001 10 25000 1.543e+14 298 5 1 1 
7.67643e+15 -5.01408e-12 2.02618e-23 4.97118e+27 0.001 10 25000 1.543e+14 299 3 1 1 
7.75358e+15 5.01408e-12 -2.02618e-23 4.97118e+27 0.001 10 25000 1.543e+14 300 3 1 1 
7.83073e+15 -6.12428e-13 -1.84198e-23 4.97118e+27 0.001 10 25000 1.543e+14 301 5 1 1 
7.90788e+15 -7.81759e-13 -1.27813e-39 4.97118e+27 0.001 10 25000 1.543e+14 302 5 1 1 
7.98503e+15 -5.52698e-12 7.36791e-24 4.97118e+27 0.001 10 25000 1.543e+14 303 5 1 1 
8.06218e+15 1.91747e-12 -1.84198e-24 4.97118e+27 0.001 10 25000 1.543e+14 304 5 1 1 
8.13933e+15 -1.9417e-12 -1.84198e-24 4.97118e+27 0.001 10 25000 1.543e+14 305 5 1 1 
8.21648e+15 -1.80105e-12 7.36791e-24 4.97118e+27 0.001 10 25000 1.543e+14 306 5 1 1 
8.29363e+15 -3.82e-12 1.84198e-24 4.97118e+27 0.001 10 25000 1.543e+14 307 5 1 1 
8.37078e+15 -2.92685e-13 -1.84198e-24 4.97118e+27 0.001 10 25000 1.543e+14 308 5 1 1 
8.44793e+15 -2.39515e-12 -2.57877e-23 4.97118e+27 0.001 10 25000 1.543e+14 309 5 1 1 
8.52508e+15 -4.31886e-12 -1.03151e-22 4.97118e+27 0.001 10 25000 1.543e+14 310 5 1 1 
8.60223e+15 -7.2023e-11 -3.18294e-21 4.97118e+27 0.001 10 25000 1.543e+14 311 4 1 1 
8.67938e+15 -3.74636e-10 -1.23007e-20 4.97118e+27 0.001 10 25000 1.543e+14 312 4 1 1 
8.75652e+15 -1.86691e-09 -5.89764e-20 4.97118e+27 0.001 10 25000 1.543e+14 313 4 1 1 
8.83367e+15 -8.32911e-09 -2.44305e-19 4.97118e+27 0.001 10 25000 1.543e+14 314 4 1 1 
8.91082e+15 -3.42275e-08 -9.4056e-19 4.97118e+27 0.001 10 25000 1.543e+14 315 4 1 1 
8.98797e+15 -1.30598e-07 -3.38611e-18 4.97118e+27 0.001 10 25000 1.543e+14 316 4 1 1 
9.06512e+15 -4.67737e-07 -1.14683e-17 4.97118e+27 0.001 10 25000 1.543e+14 317 4 1 1 
9.14227e+15 -1.58114e-06 -3.67606e-17 4.97118e+27 0.001 10 25000 1.543e+14 318 4 1 1 
9.21942e+15 -5.06872e-06 -1.11899e-16 4.97118e+27 0.001 10 25000 1.543e+14 319 4 1 1 
9.29657e+15 -1.54633e-05 -3.24446e-16 4.97118e+27 0.001 10 25000 1.543e+14 320 4 1 1 
9.37372e+15 -4.50168e-05 -8.98088e-16 4.97118e+27 0.001 10 25000 1.543e+14 321 4 1 1 
9.45087e+15 -0.000125331 -2.3776e-15 4.97118e+27 0.001 10 25000 1.543e+14 322 4 1 1 
9.52802e+15 -0.000334287 -6.02874e-15 4.97118e+27 0.001 10 25000 1.543e+14 323 4 1 1 
9.60517e+15 -0.000855424 -1.46583e-14 4.97118e+27 0.001 10 25000 1.543e+14 324 4 1 1 
9.68232e+15 -0.00210259 -3.42065e-14 4.97118e+27 0.001 10 25000 1.543e+14 325 4 1 1 
9.75947e+15 -0.00496889 -7.66675e-14 4.97118e+27 0.001 10.0001 25000 1.54299e+14 326 4 1 1 
9.83662e+15 -0.0112991 -1.65132e-13 4.97118e+27 0.00100001 10.0001 25000.1 1.54299e+14 327 4 1 1 
9.91377e+15 -0.02474 -3.41932e-13 4.97118e+27 0.00100002 10.0003 25000.2 1.54297e+14 328 4 1 1 
9.99092e+15 -0.052186 -6.80838e-13 4.97118e+27 0.00100004 10.0006 25000.4 1.54294e+14 329 4 1 1 
1.00681e+16 -0.106094 -1.3037e-12 4.97118e+27 0.00100008 10.0011 25000.8 1.54287e+14 330 4 1 1 
1.01452e+16 -0.20794 -2.40047e-12 4.97118e+27 0.00100016 10.0022 25001.6 1.54275e+14 331 4 1 1 
1.02223e+16 -0.392978 -4.24851e-12 4.97118e+27 0.0010003 10.0042 25003 1.54253e+14 332 4 1 1 
1.02995e+16 -0.716099 -7.22238e-12 4.97118e+27 0.00100055 10.0077 25005.5 1.54215e+14 333 4 1 0.999999 
1.03766e+16 -1.25791 -1.17784e-11 4.97118e+27 0.00100097 10.0135 25009.6 1.5415e+14 334 4 1 0.999998 
1.04536e+16 -2.12891 -1.83906e-11 4.97118e+27 0.00100165 10.023 25016.4 1.54046e+14 335 4 1 0.999996 
1.05306e+16 -3.46816 -2.74129e-11 4.97118e+27 0.00100269 10.0376 25026.8 1.53886e+14 336 4 1 0.999992 
1.06075e+16 -5.43107 -3.88516e-11 4.97118e+27 0.00100423 10.0592 25042.2 1.53649e+14 337 4 1 0.999985 
1.06843e+16 -8.16121 -5.20809e-11 4.97118e+27 0.0010064 10.0895 25063.7 1.5332e+14 338 4 1 0.999974 
1.07608e+16 -11.7445 -6.56119e-11 4.97118e+27 0.00100926 10.1297 25092.3 1.52884e+14 339 4 1 0.999961 
1.08371e+16 -16.1538 -7.7113e-11 4.97118e+27 0.00101283 10.18 25127.9 1.52346e+14 340 4 1 0.999949 
1.09132e+16 -21.2039 -8.38538e-11 4.97118e+27 0.00101698 10.2386 25169.2 1.51724e+14 341 4 1 0.999942 
1.09889e+16 -26.5442 -8.34732e-11 4.97118e+27 0.00102146 10.302 25213.8 1.51058e+14 342 4 1 0.999946 
1.10642e+16 -31.7021 -7.50264e-11 4.97118e+27 0.00102589 10.3648 25257.7 1.50406e+14 343 4 1 0.999961 
1.11393e+16 -36.138 -5.66114e-11 4.97118e+27 0.00102979 10.4203 25296.4 1.49836e+14 344 4 1 0.999992 
1.12141e+16 -39.0451 -2.21333e-11 4.97118e+27 0.00103206 10.4533 25319.3 1.49507e+14 345 3 1 1 
1.12888e+16 -35.7781 1.89754e-10 4.97118e+27 0.00102725 10.3875 25274 1.50207e+14 346 4 1 1.00002 
1.13643e+16 -12.7771 4.8819e-10 4.97118e+27 0.00100995 10.1419 25102.1 1.5278e+14 347 4 1 0.999446 
1.14416e+16 15.411 3.35218e-10 4.97118e+27 0.000989006 9.84465 24889.2 1.56015e+14 348 4 1 0.998676 
1.15203e+16 30.324 1.50271e-10 4.97118e+27 0.00097506 9.65159 24748.4 1.58247e+14 349 4 1 0.999333 
1.15998e+16 42.1153 2.12053e-10 4.97118e+27 0.000963954 9.50017 24637.1 1.6007e+14 350 4 1 0.999652 
1.16804e+16 60.0423 2.93981e-10 4.97118e+27 0.000949802 9.30537 24491.9 1.62455e+14 351 4 1 0.999441 
1.17623e+16 80.6598 2.9137e-10 4.97118e+27 0.00093363 9.08361 24323.7 1.65269e+14 352 4 1 0.999178 
1.18457e+16 100.801 2.7543e-10 4.97118e+27 0.00091758 8.86571 24155.5 1.6816e+14 353 4 1 0.999148 
1.19305e+16 120.949 2.76763e-10 4.97118e+27 0.000901717 8.65201 23987.7 1.71118e+14 354 4 1 0.999151 
1.20168e+16 141.749 2.80125e-10 4.97118e+27 0.000885654 8.43703 23815.9 1.74222e+14 355 4 1 0.999102 
1.21047e+16 163.146 2.80542e-10 4.97118e+27 0.000869386 8.22085 23640 1.77482e+14 356 4 1 0.999045 
1.21943e+16 185.01 2.80303e-10 4.97118e+27 0.000852984 8.00454 23460.6 1.80894e+14 357 4 1 0.998993 
1.22856e+16 207.355 2.80114e-10 4.97118e+27 0.000836464 7.78837 23277.8 1.84467e+14 358 4 1 0.998941 
1.23788e+16 230.239 2.79149e-10 4.97118e+27 0.000819844 7.5726 23091.7 1.88207e+14 359 4 1 0.998886 
1.24738e+16 253.644 2.7934e-10 4.97118e+27 0.000803113 7.35715 22902.1 1.92127e+14 360 4 1 0.998828 
1.25709e+16 277.562 2.78014e-10 4.97118e+27 0.000786279 7.14217 22708.9 1.96241e+14 361 4 1 0.998764 
1.26701e+16 302.042 2.77228e-10 4.97118e+27 0.000769363 6.92799 22512.3 2.00556e+14 362 4 1 0.998701 
1.27715e+16 327.042 2.75667e-10 4.97118e+27 0.000752373 6.71476 22312.1 2.05085e+14 363 4 1 0.998632 
1.28752e+16 352.596 2.73533e-10 4.97118e+27 0.000735342 6.50295 22108.8 2.09834e+14 364 4 1 0.998565 
1.29814e+16 378.674 2.71429e-10 4.97118e+27 0.000718292 6.29286 21902.3 2.14815e+14 365 4 1 0.998496 
1.30901e+16 405.157 2.67956e-10 4.97118e+27 0.00070127 6.08508 21693.2 2.20029e+14 366 4 1 0.998429 
1.32014e+16 432.03 2.62358e-10 4.97118e+27 0.000684387 5.88098 21482.9 2.25457e+14 367 4 1 0.998376 
1.33156e+16 458.948 2.53889e-10 4.97118e+27 0.00066781 5.68252 21273.2 2.31054e+14 368 4 1 0.99835 
1.34325e+16 485.542 2.40785e-10 4.97118e+27 0.000651788 5.49257 21067.6 2.36733e+14 369 4 1 0.99837 
1.35523e+16 511.17 2.22582e-10 4.97118e+27 0.000636644 5.31474 20870.5 2.42365e+14 370 4 1 0.998454 
1.36749e+16 535.046 1.97537e-10 4.97118e+27 0.00062275 5.15307 20687.1 2.47772e+14 371 4 1 0.998615 
1.38001e+16 556.651 1.72334e-10 4.97118e+27 0.00061031 5.00958 20520.9 2.52822e+14 372 4 1 0.998828 
1.39278e+16 576.272 1.58324e-10 4.97118e+27 0.000598982 4.87998 20367.9 2.57604e+14 373 4 1 0.999 
1.40578e+16 595.933 1.66595e-10 4.97118e+27 0.000587787 4.75286 20215 2.6251e+14 374 4 1 0.999024 
1.41903e+16 617.894 1.85957e-10 4.97118e+27 0.000575803 4.61777 20049.2 2.67974e+14 375 4 1 0.998864 
1.43258e+16 641.817 1.83702e-10 4.97118e+27 0.000563403 4.47907 19875.3 2.73872e+14 376 4 1 0.998687 
1.44642e+16 663.386 1.40203e-10 4.97118e+27 0.000552503 4.35813 19720.6 2.79274e+14 377 4 1 0.998854 
1.46051e+16 677.268 6.21619e-11 4.97118e+27 0.000545456 4.28049 19619.6 2.82882e+14 378 4 1 0.999438 
1.47471e+16 680.698 -5.8179e-12 4.97118e+27 0.000543013 4.25383 19584.7 2.84155e+14 379 4 1 0.999921 
1.48892e+16 679.945 -2.23057e-12 4.97118e+27 0.000542946 4.25324 19584.1 2.8419e+14 380 5 1 0.999999 
1.50313e+16 679.455 -6.32959e-12 4.97118e+27 0.000543203 4.2561 19588 2.84056e+14 381 4 1 0.999998 
1.51733e+16 678.585 -6.60049e-12 4.97118e+27 0.000543594 4.26044 19593.8 2.83852e+14 382 4 1 0.999998 
1.53152e+16 677.711 -6.14829e-12 4.97118e+27 0.000544038 4.26536 19600.5 2.8362e+14 383 4 1 0.999998 
1.54569e+16 676.918 -5.06011e-12 4.97118e+27 0.000544451 4.26996 19606.7 2.83405e+14 384 4 1 0.999999 
1.55986e+16 676.263 -4.00279e-12 4.97118e+27 0.000544799 4.27384 19612 2.83223e+14 385 4 1 0.999999 
1.57401e+16 675.75 -3.11091e-12 4.97118e+27 0.000545077 4.27697 19616.3 2.83079e+14 386 4 1 1 
1.58816e+16 675.354 -2.38308e-12 4.97118e+27 0.000545291 4.27939 19619.8 2.82968e+14 387 4 1 1 
1.60231e+16 675.048 -1.84289e-12 4.97118e+27 0.000545452 4.28126 19622.5 2.82884e+14 388 4 1 1 
1.61645e+16 674.808 -1.47415e-12 4.97118e+27 0.000545574 4.28271 19624.8 2.82821e+14 389 4 1 1 
1.63059e+16 674.615 -1.2183e-12 4.97118e+27 0.000545668 4.28388 19626.8 2.82773e+14 390 4 1 1 
1.64473e+16 674.453 -1.03914e-12 4.97118e+27 0.00054574 4.28483 19628.5 2.82735e+14 391 4 1 1 
1.65887e+16 674.312 -9.15132e-13 4.97118e+27 0.000545797 4.28563 19630.1 2.82706e+14 392 4 1 1 
1.673e+16 674.186 -8.20669e-13 4.97118e+27 0.00054584 4.28632 19631.8 2.82683e+14 393 4 1 1 
1.68713e+16 674.073 -7.38358e-13 4.97118e+27 0.000545861 4.28684 19633.4 2.82673e+14 394 3 1 1 
1.70127e+16 673.97 -6.62683e-13 4.97118e+27 0.000545805 4.28677 19635.1 2.82702e+14 395 4 1 1 
1.7154e+16 673.878 -5.9223e-13 4.97118e+27 0.000545426 4.28467 19639.1 2.82898e+14 396 4 1 0.999999 
1.72956e+16 673.795 -5.27137e-13 4.97118e+27 0.000543835 4.26756 19617.9 2.83726e+14 397 4 1 0.999988 
1.74378e+16 673.721 -4.66669e-13 4.97118e+27 0.000530741 4.11323 19375 2.90726e+14 398 4 1 0.999673 
1.75864e+16 673.651 -4.06802e-13 4.97118e+27 0.000506684 4.4002 21710.7 3.04529e+14 399 4 1 0.994716 
1.77425e+16 673.585 -3.48111e-13 4.97118e+27 0.000481169 4.15415 21583.6 3.20677e+14 400 4 1 0.993708 
1.79074e+16 673.52 -2.93808e-13 4.97118e+27 0.000458699 4.49875 24519 3.36386e+14 401 4 1 0.993701 
1.80791e+16 673.458 -2.45814e-13 4.97118e+27 0.000450096 4.3043 23907.7 3.42816e+14 402 5 1 0.998662 
1.82502e+16 673.402 -2.02589e-13 4.97118e+27 0.0004517 4.28768 23730.8 3.41598e+14 403 4 1 0.999967 
1.84207e+16 673.349 -1.57963e-13 4.97118e+27 0.000453328 4.28732 23643.6 3.40372e+14 404 4 1 0.999986 
1.85906e+16 673.296 -9.76336e-14 4.97118e+27 0.000454417 4.2887 23594.5 3.39556e+14 405 4 1 0.999994 
1.87602e+16 673.235 1.69388e-14 4.97118e+27 0.000455109 4.28944 23562.7 3.3904e+14 406 4 1 0.999998 
1.89296e+16 673.145 2.90662e-13 4.97118e+27 0.00045555 4.28948 23540.1 3.38711e+14 407 4 1 1 
1.90989e+16 672.957 1.08988e-12 4.97118e+27 0.000455784 4.28839 23522 3.38537e+14 408 3 1 1 
1.92682e+16 672.453 3.65159e-12 4.97118e+27 0.000455705 4.28426 23503.4 3.38596e+14 409 4 1 1 
1.94375e+16 670.977 1.10671e-11 4.97118e+27 0.000454904 4.27138 23473.9 3.39192e+14 410 4 1 0.999996 
1.96074e+16 666.72 3.14531e-11 4.97118e+27 0.00045232 4.23564 23410.3 3.4113e+14 411 4 1 0.999944 
1.97787e+16 655.788 7.89086e-11 4.97118e+27 0.000445645 4.14683 23262.4 3.4624e+14 412 4 1 0.999595 
1.99537e+16 629.284 1.79579e-10 4.97118e+27 0.00043121 3.95783 22944.8 3.5783e+14 413 4 1 0.997965 
2.01367e+16 576.363 3.49922e-10 4.97118e+27 0.000404362 3.6115 22326.2 3.81589e+14 414 4 1 0.992827 
2.0336e+16 464.106 7.59685e-10 4.97118e+27 0.000360467 3.05849 21210.4 4.28056e+14 415 4 1 0.981261 
2.05678e+16 270.122 1.01147e-09 4.97118e+27 0.000308891 2.43994 19749.1 4.9953e+14 416 4 1 0.962867 
2.08405e+16 91.8336 6.29696e-10 4.97118e+27 0.000270815 2.01278 18583.8 5.69762e+14 417 4 1 0.964638 
2.11399e+16 14.2046 1.67156e-10 4.97118e+27 0.000254275 1.83831 18075.5 6.06823e+14 418 4 1 0.988764 
2.14476e+16 0.0829932 1.33335e-11 4.97118e+27 0.000250348 1.79846 17959.9 6.16341e+14 419 4 1 0.999127 
2.17563e+16 -0.212583 -2.38774e-12 4.97118e+27 0.000249969 1.79469 17949.1 6.17276e+14 420 5 1 0.999991 
2.20649e+16 0.00527697 -1.30633e-13 4.97118e+27 0.000249996 1.79496 17949.9 6.17211e+14 421 4 1 1 
2.23735e+16 0.00457499 2.39389e-14 4.97118e+27 0.000250001 1.79501 17950 6.17198e+14 422 3 1 1 
2.26821e+16 0.00112497 8.22024e-15 4.97118e+27 0.00025 1.795 17950 6.17199e+14 423 4 1 1 
2.29907e+16 0.000232884 1.84292e-15 4.97118e+27 0.00025 1.795 17950 6.172e+14 424 4 1 1 
2.32993e+16 4.45411e-05 3.73085e-16 4.97118e+27 0.00025 1.795 17950 6.172e+14 425 4 1 1 
2.36079e+16 7.95922e-06 7.05443e-17 4.97118e+27 0.00025 1.795 17950 6.172e+14 426 4 1 1 
2.39165e+16 1.32831e-06 1.24658e-17 4.97118e+27 0.00025 1.795 17950 6.172e+14 427 4 1 1 
2.42251e+16 2.06558e-07 2.05399e-18 4.97118e+27 0.00025 1.795 17950 6.172e+14 428 4 1 1 
2.45337e+16 2.98282e-08 3.14772e-19 4.97118e+27 0.00025 1.795 17950 6.172e+14 429 4 1 1 
2.48423e+16 3.99284e-09 4.4591e-20 4.97118e+27 0.00025 1.795 17950 6.172e+14 430 4 1 1 
2.51509e+16 4.88905e-10 5.87314e-21 4.97118e+27 0.00025 1.795 17950 6.172e+14 431 4 1 1 
2.54595e+16 5.03622e-11 7.50606e-22 4.97118e+27 0.00025 1.795 17950 6.172e+14 432 4 1 1 
2.57681e+16 2.1202e-12 3.36161e-23 4.97118e+27 0.00025 1.795 17950 6.172e+14 433 5 1 1 
2.60767e+16 2.67753e-13 4.60494e-24 4.97118e+27 0.00025 1.795 17950 6.172e+14 434 5 1 1 
2.63853e+16 6.21712e-44 9.98981e-55 4.97118e+27 0.00025 1.795 17950 6.172e+14 435 5 1 1 
2.66939e+16 4.25982e-45 9.08165e-56 4.97118e+27 0.00025 1.795 17950 6.172e+14 436 5 1 1 
2.70025e+16 0 0 4.97118e+27 0.00025 1.795 17950 6.172e+14 437 5 1 1 
2.73111e+16 0 0 4.97118e+27 0.00025 1.795 17950 6.172e+14 438 5 1 1 
2.76197e+16 -3.14906e-44 -9.08165e-56 4.97118e+27 0.00025 1.795 17950 6.172e+14 439 5 1 1 
2.79283e+16 -1.14694e-43 -2.72449e-55 4.97118e+27 0.00025 1.795 17950 6.172e+14 440 5 1 1 
2.82369e+16 -2.71651e-13 -4.60494e-25 4.97118e+27 0.00025 1.795 17950 6.172e+14 441 5 1 1 
2.85455e+16 -7.92027e-13 -9.20989e-25 4.97118e+27 0.00025 1.795 17950 6.172e+14 442 5 1 1 
2.88541e+16 -1.57193e-12 -9.20989e-25 4.97118e+27 0.00025 1.795 17950 6.172e+14 443 5 1 1 
2.91627e+16 -3.03864e-12 -4.60494e-25 4.97118e+27 0.00025 1.795 17950 6.172e+14 444 5 1 1 
2.94713e+16 -5.10791e-12 2.90613e-54 4.97118e+27 0.00025 1.795 17950 6.172e+14 445 5 1 1 
2.97799e+16 -4.42828e-12 7.8284e-24 4.97118e+27 0.00025 1.795 17950 6.172e+14 446 5 1 1 
3.00885e+16 -1.02077e-11 1.01309e-23 4.97118e+27 0.00025 1.795 17950 6.172e+14 447 5 1 1 
3.03971e+16 9.08797e-12 -9.20989e-24 4.97118e+27 0.00025 1.795 17950 6.172e+14 448 5 1 1 
3.07057e+16 -8.72115e-13 -7.8284e-24 4.97118e+27 0.00025 1.795 17950 6.172e+14 449 3 1 1 
3.10143e+16 8.72115e-13 7.8284e-24 4.97118e+27 0.00025 1.795 17950 6.172e+14 450 3 1 1 
3.13229e+16 -9.08797e-12 9.20989e-24 4.97118e+27 0.00025 1.795 17950 6.172e+14 451 5 1 1 
3.16315e+16 1.02077e-11 -1.01309e-23 4.97118e+27 0.00025 1.795 17950 6.172e+14 452 5 1 1 
3.19401e+16 4.42828e-12 -7.8284e-24 4.97118e+27 0.00025 1.795 17950 6.172e+14 453 5 1 1 
3.22487e+16 5.10791e-12 -2.90613e-54 4.97118e+27 0.00025 1.795 17950 6.172e+14 454 5 1 1 
3.25573e+16 3.03864e-12 4.60494e-25 4.97118e+27 0.00025 1.795 17950 6.172e+14 455 5 1 1 
3.28659e+16 1.57193e-12 9.20989e-25 4.97118e+27 0.00025 1.795 17950 6.172e+14 456 5 1 1 
3.31745e+16 7.92027e-13 9.20989e-25 4.97118e+27 0.00025 1.795 17950 6.172e+14 457 5 1 1 
3.34831e+16 2.71651e-13 4.60494e-25 4.97118e+27 0.00025 1.795 17950 6.172e+14 458 5 1 1 
3.37917e+16 1.14694e-43 2.72449e-55 4.97118e+27 0.00025 1.795 17950 6.172e+14 459 5 1 1 
3.41003e+16 3.14906e-44 9.08165e-56 4.97118e+27 0.00025 1.795 17950 6.172e+14 460 5 1 1 
3.44089e+16 0 0 4.97118e+27 0.00025 1.795 17950 6.172e+14 461 5 1 1 
3.47175e+16 0 0 4.97118e+27 0.00025 1.795 17950 6.172e+14 462 5 1 1 
3.50261e+16 -5.96355e-45 -9.08165e-56 4.97118e+27 0.00025 1.795 17950 6.172e+14 463 5 1 1 
3.53347e+16 -7.15378e-44 -9.08165e-55 4.97118e+27 0.00025 1.795 17950 6.172e+14 464 5 1 1 
3.56433e+16 -2.85021e-13 -4.60494e-24 4.97118e+27 0.00025 1.795 17950 6.172e+14 465 5 1 1 
3.59519e+16 -2.59488e-12 -3.08531e-23 4.97118e+27 0.00025 1.795 17950 6.172e+14 466 5 1 1 
3.62605e+16 -4.13256e-11 -7.06859e-22 4.97118e+27 0.00025 1.795 17950 6.172e+14 467 4 1 1 
3.65691e+16 -5.03078e-10 -5.92196e-21 4.97118e+27 0.00025 1.795 17950 6.172e+14 468 4 1 1 
3.68777e+16 -3.97655e-09 -4.46339e-20 4.97118e+27 0.00025 1.795 17950 6.172e+14 469 4 1 1 
3.71863e+16 -2.98387e-08 -3.14685e-19 4.97118e+27 0.00025 1.795 17950 6.172e+14 470 4 1 1 
3.74949e+16 -2.0656e-07 -2.05399e-18 4.97118e+27 0.00025 1.795 17950 6.172e+14 471 4 1 1 
3.78035e+16 -1.32831e-06 -1.24659e-17 4.97118e+27 0.00025 1.795 17950 6.172e+14 472 4 1 1 
3.81121e+16 -7.95924e-06 -7.05443e-17 4.97118e+27 0.00025 1.795 17950 6.172e+14 473 4 1 1 
3.84207e+16 -4.45411e-05 -3.73085e-16 4.97118e+27 0.00025 1.795 17950 6.172e+14 474 4 1 1 
3.87293e+16 -0.000232884 -1.84292e-15 4.97118e+27 0.00025 1.795 17950 6.172e+14 475 4 1 1 
3.90379e+16 -0.00112497 -8.22024e-15 4.97118e+27 0.00025 1.795 17950 6.17199e+14 476 4 1 1 
3.93465e+16 -0.00457499 -2.39389e-14 4.97118e+27 0.000250001 1.79501 17950 6.17198e+14 477 3 1 1 
3.96551e+16 -0.00527697 1.30633e-13 4.97118e+27 0.000249996 1.79496 17949.9 6.17211e+14 478 4 1 1 
3.99637e+16 0.212583 2.38774e-12 4.97118e+27 0.000249969 1.79469 17949.1 6.17276e+14 479 5 1 0.999991 
4.02724e+16 -0.0829932 -1.33335e-11 4.97118e+27 0.000250348 1.79846 17959.9 6.16341e+14 480 4 1 0.999127 
4.05801e+16 -14.2046 -1.67156e-10 4.97118e+27 0.000254275 1.83831 18075.5 6.06823e+14 481 4 1 0.988764 
4.08795e+16 -91.8336 -6.29696e-10 4.97118e+27 0.000270815 2.01278 18583.8 5.69762e+14 482 4 1 0.964638 
4.11522e+16 -270.122 -1.01147e-09 4.97118e+27 0.000308891 2.43994 19749.1 4.9953e+14 483 4 1 0.962867 
4.1384e+16 -464.106 -7.59685e-10 4.97118e+27 0.000360467 3.05849 21210.4 4.28056e+14 484 4 1 0.981261 
4.15833e+16 -576.363 -3.49922e-10 4.97118e+27 0.000404362 3.6115 22326.2 3.81589e+14 485 4 1 0.992827 
4.17663e+16 -629.284 -1.79579e-10 4.97118e+27 0.00043121 3.95783 22944.8 3.5783e+14 486 4 1 0.997965 
4.19413e+16 -655.788 -7.89086e-11 4.97118e+27 0.000445645 4.14683 23262.4 3.4624e+14 487 4 1 0.999595 
4.21126e+16 -666.72 -3.14531e-11 4.97118e+27 0.00045232 4.23564 23410.3 3.4113e+14 488 4 1 0.999944 
4.22825e+16 -670.977 -1.10671e-11 4.97118e+27 0.000454904 4.27138 23473.9 3.39192e+14 489 4 1 0.999996 
4.24518e+16 -672.453 -3.65159e-12 4.97118e+27 0.000455705 4.28426 23503.4 3.38596e+14 490 4 1 1 
4.26211e+16 -672.957 -1.08988e-12 4.97118e+27 0.000455784 4.28839 23522 3.38537e+14 491 3 1 1 
4.27904e+16 -673.145 -2.90662e-13 4.97118e+27 0.00045555 4.28948 23540.1 3.38711e+14 492 4 1 1 
4.29598e+16 -673.235 -1.69388e-14 4.97118e+27 0.000455109 4.28944 23562.7 3.3904e+14 493 4 1 0.999998 
4.31294e+16 -673.296 9.76336e-14 4.97118e+27 0.000454417 4.2887 23594.5 3.39556e+14 494 4 1 0.999994 
4.32993e+16 -673.349 1.57963e-13 4.97118e+27 0.000453328 4.28732 23643.6 3.40372e+14 495 4 1 0.999986 
4.34698e+16 -673.402 2.02589e-13 4.97118e+27 0.0004517 4.28768 23730.8 3.41598e+14 496 4 1 0.999967 
4.36409e+16 -673.458 2.45814e-13 4.97118e+27 0.000450096 4.3043 23907.7 3.42816e+14 497 5 1 0.998662 
4.38126e+16 -673.52 2.93808e-13 4.97118e+27 0.000458699 4.49875 24519 3.36386e+14 498 4 1 0.993701 
4.39775e+16 -673.585 3.48111e-13 4.97118e+27 0.000481169 4.15415 21583.6 3.20677e+14 499 4 1 0.993708 
