# Time [s]: 3.43516e+12
# Columns: pos [pc], vel [pc/s], acc [pc/s^2], mass [Msun], dens [g/cm^3], pres [barye], ene [erg/g], sml [pc], id, neighbor, alpha, gradh, ...additional?
4.40451e+16 -673.601 3.64376e-13 4.97118e+27 0.000506712 4.40054 21711.2 3.04512e+14 0 4 1 0.994715 
4.41937e+16 -673.663 4.15189e-13 4.97118e+27 0.000530774 4.11359 19375.4 2.90708e+14 1 4 1 0.999672 
4.43359e+16 -673.73 4.68518e-13 4.97118e+27 0.000543872 4.26797 19618.4 2.83706e+14 2 4 1 0.999988 
4.44774e+16 -673.804 5.28024e-13 4.97118e+27 0.000545468 4.28513 19639.7 2.82877e+14 3 4 1 0.999999 
4.46188e+16 -673.888 5.94632e-13 4.97118e+27 0.000545852 4.28729 19635.8 2.82677e+14 4 4 1 1 
4.47601e+16 -673.981 6.66948e-13 4.97118e+27 0.000545913 4.28741 19634.1 2.82646e+14 5 3 1 1 
4.49014e+16 -674.084 7.4374e-13 4.97118e+27 0.000545898 4.28696 19632.6 2.82653e+14 6 4 1 1 
4.50428e+16 -674.198 8.28851e-13 4.97118e+27 0.000545861 4.28633 19631 2.82672e+14 7 4 1 1 
4.51841e+16 -674.324 9.30999e-13 4.97118e+27 0.000545813 4.28562 19629.5 2.82698e+14 8 4 1 1 
4.53255e+16 -674.466 1.06068e-12 4.97118e+27 0.000545751 4.28479 19628 2.82729e+14 9 4 1 1 
4.54668e+16 -674.631 1.24125e-12 4.97118e+27 0.000545675 4.28382 19626.2 2.82769e+14 10 4 1 1 
4.56082e+16 -674.829 1.5129e-12 4.97118e+27 0.000545577 4.28263 19624.3 2.8282e+14 11 4 1 1 
4.57497e+16 -675.074 1.90365e-12 4.97118e+27 0.00054545 4.28114 19622.1 2.82886e+14 12 4 1 1 
4.58911e+16 -675.387 2.43468e-12 4.97118e+27 0.000545282 4.27922 19619.3 2.82973e+14 13 4 1 1 
4.60326e+16 -675.794 3.16303e-12 4.97118e+27 0.000545064 4.27675 19615.8 2.83086e+14 14 4 1 1 
4.61742e+16 -676.317 4.10453e-12 4.97118e+27 0.000544782 4.27359 19611.5 2.83233e+14 15 4 1 0.999999 
-1.54041e+16 -676.97 5.11407e-12 4.97118e+27 0.00054443 4.26967 19606.1 2.83416e+14 16 4 1 0.999999 
-1.52624e+16 -677.755 5.98072e-12 4.97118e+27 0.000544023 4.26515 19600 2.83628e+14 17 4 1 0.999998 
-1.51205e+16 -678.613 6.32509e-12 4.97118e+27 0.000543599 4.26045 19593.7 2.83849e+14 18 4 1 0.999998 
-1.49785e+16 -679.427 5.97956e-12 4.97118e+27 0.000543237 4.25644 19588.3 2.84038e+14 19 4 1 0.999999 
-1.48365e+16 -679.837 2.12131e-12 4.97118e+27 0.000542999 4.25379 19584.7 2.84162e+14 20 5 1 0.999999 
-1.46944e+16 -680.549 3.63608e-12 4.97118e+27 0.000543129 4.25507 19586.2 2.84095e+14 21 4 1 0.999917 
-1.45524e+16 -676.851 -6.2719e-11 4.97118e+27 0.000545635 4.28243 19622 2.8279e+14 22 4 1 0.999462 
-1.44116e+16 -663.196 -1.35902e-10 4.97118e+27 0.000552551 4.35864 19721.1 2.7925e+14 23 4 1 0.998912 
-1.42731e+16 -642.284 -1.78678e-10 4.97118e+27 0.000563156 4.4763 19871.7 2.73991e+14 24 4 1 0.998737 
-1.41375e+16 -618.944 -1.82466e-10 4.97118e+27 0.00057528 4.61187 20041.8 2.68217e+14 25 4 1 0.998894 
-1.40049e+16 -597.239 -1.64773e-10 4.97118e+27 0.000587072 4.74474 20205 2.6283e+14 26 4 1 0.99906 
-1.38747e+16 -577.834 -1.54645e-10 4.97118e+27 0.000598062 4.86947 20355.3 2.58e+14 27 4 1 0.999059 
-1.37468e+16 -558.803 -1.65764e-10 4.97118e+27 0.000609043 4.99502 20503.8 2.53348e+14 28 4 1 0.998919 
-1.36213e+16 -538.137 -1.87916e-10 4.97118e+27 0.000620961 5.13235 20663.3 2.48486e+14 29 4 1 0.998729 
-1.34983e+16 -515.295 -2.11544e-10 4.97118e+27 0.000634204 5.28624 20838.4 2.43297e+14 30 4 1 0.998573 
-1.3378e+16 -490.76 -2.29696e-10 4.97118e+27 0.000648658 5.45567 21027 2.37876e+14 31 4 1 0.998484 
-1.32604e+16 -465.218 -2.42675e-10 4.97118e+27 0.000663991 5.63706 21224.4 2.32383e+14 32 4 1 0.998458 
-1.31456e+16 -439.307 -2.51213e-10 4.97118e+27 0.000679888 5.82691 21426.2 2.26949e+14 33 4 1 0.998477 
-1.30334e+16 -413.336 -2.56507e-10 4.97118e+27 0.000696098 6.02232 21629 2.21664e+14 34 4 1 0.99852 
-1.29239e+16 -387.673 -2.6043e-10 4.97118e+27 0.000712463 6.22146 21831 2.16573e+14 35 4 1 0.998576 
-1.28168e+16 -362.416 -2.62802e-10 4.97118e+27 0.000728886 6.42314 22030.8 2.11693e+14 36 4 1 0.998639 
-1.27121e+16 -337.615 -2.64642e-10 4.97118e+27 0.000745299 6.62653 22227.9 2.07031e+14 37 4 1 0.998701 
-1.26098e+16 -313.328 -2.66252e-10 4.97118e+27 0.000761677 6.83128 22422 2.02579e+14 38 4 1 0.998764 
-1.25095e+16 -289.502 -2.6694e-10 4.97118e+27 0.00077799 7.03697 22612.8 1.98332e+14 39 4 1 0.998821 
-1.24114e+16 -266.212 -2.68551e-10 4.97118e+27 0.000794235 7.24352 22800.4 1.94275e+14 40 4 1 0.998878 
-1.23152e+16 -243.415 -2.6876e-10 4.97118e+27 0.000810402 7.45077 22984.9 1.90399e+14 41 4 1 0.998933 
-1.2221e+16 -221.099 -2.69291e-10 4.97118e+27 0.000826466 7.65834 23166.1 1.86699e+14 42 4 1 0.998984 
-1.21285e+16 -199.262 -2.69649e-10 4.97118e+27 0.000842432 7.86625 23344 1.8316e+14 43 4 1 0.999033 
-1.20378e+16 -177.901 -2.69686e-10 4.97118e+27 0.00085829 8.07433 23518.8 1.79776e+14 44 4 1 0.999078 
-1.19487e+16 -156.977 -2.70228e-10 4.97118e+27 0.000874045 8.28258 23690.5 1.76535e+14 45 4 1 0.999122 
-1.18613e+16 -136.522 -2.70197e-10 4.97118e+27 0.000889691 8.49089 23859.2 1.73431e+14 46 4 1 0.999175 
-1.17753e+16 -116.593 -2.66104e-10 4.97118e+27 0.000905132 8.6979 24023.9 1.70472e+14 47 4 1 0.99922 
-1.16908e+16 -97.2779 -2.64607e-10 4.97118e+27 0.000920362 8.90334 24184.7 1.67651e+14 48 4 1 0.999216 
-1.16076e+16 -78.0263 -2.79875e-10 4.97118e+27 0.000935776 9.11282 24345.9 1.6489e+14 49 4 1 0.999234 
-1.15259e+16 -58.1432 -2.85015e-10 4.97118e+27 0.000951375 9.32688 24508 1.62186e+14 50 4 1 0.999468 
-1.14454e+16 -40.6484 -2.0992e-10 4.97118e+27 0.000965152 9.51674 24649.4 1.59871e+14 51 4 1 0.999687 
-1.1366e+16 -29.2807 -1.38558e-10 4.97118e+27 0.000975792 9.66192 24755.9 1.58128e+14 52 4 1 0.99943 
-1.12873e+16 -15.7728 -3.04673e-10 4.97118e+27 0.000988681 9.84001 24885.8 1.56067e+14 53 4 1 0.998774 
-1.12099e+16 10.8312 -4.76172e-10 4.97118e+27 0.00100863 10.1229 25088.6 1.52981e+14 54 4 1 0.9994 
-1.11343e+16 34.3446 -2.10985e-10 4.97118e+27 0.00102608 10.3709 25262.5 1.50378e+14 55 4 1 1.00001 
-1.10595e+16 38.5023 1.66189e-11 4.97118e+27 0.00103156 10.4463 25314.4 1.49579e+14 56 3 1 1 
-1.09847e+16 35.9007 5.24738e-11 4.97118e+27 0.00102964 10.4181 25294.8 1.49858e+14 57 4 1 0.999996 
-1.09097e+16 31.7304 7.08067e-11 4.97118e+27 0.00102597 10.3658 25258.4 1.50395e+14 58 4 1 0.999965 
-1.08343e+16 26.8132 7.98456e-11 4.97118e+27 0.00102173 10.3057 25216.4 1.51019e+14 59 4 1 0.999951 
-1.07586e+16 21.6557 8.1288e-11 4.97118e+27 0.00101738 10.2443 25173.3 1.51664e+14 60 4 1 0.999946 
-1.06827e+16 16.7084 7.58819e-11 4.97118e+27 0.0010133 10.1867 25132.6 1.52275e+14 61 4 1 0.999951 
-1.06064e+16 12.3213 6.56143e-11 4.97118e+27 0.00100974 10.1365 25097.1 1.52812e+14 62 4 1 0.999961 
-1.05298e+16 8.69581 5.29873e-11 4.97118e+27 0.00100683 10.0956 25068.1 1.53253e+14 63 4 1 0.999973 
-1.04531e+16 5.88404 4.02483e-11 4.97118e+27 0.0010046 10.0643 25045.8 1.53594e+14 64 4 1 0.999984 
-1.03762e+16 3.82461 2.89368e-11 4.97118e+27 0.00100298 10.0415 25029.6 1.53842e+14 65 4 1 0.999991 
-1.02993e+16 2.3922 1.97949e-11 4.97118e+27 0.00100185 10.0259 25018.5 1.54014e+14 66 4 1 0.999996 
-1.02222e+16 1.4418 1.29369e-11 4.97118e+27 0.00100111 10.0155 25011.1 1.54128e+14 67 4 1 0.999998 
-1.01451e+16 0.838187 8.10213e-12 4.97118e+27 0.00100065 10.009 25006.4 1.542e+14 68 4 1 0.999999 
-1.0068e+16 0.470298 4.87266e-12 4.97118e+27 0.00100036 10.005 25003.6 1.54244e+14 69 4 1 1 
-9.9909e+15 0.254767 2.81793e-12 4.97118e+27 0.0010002 10.0027 25001.9 1.5427e+14 70 4 1 1 
-9.91376e+15 0.133258 1.56842e-12 4.97118e+27 0.0010001 10.0014 25001 1.54284e+14 71 4 1 1 
-9.83662e+15 0.0672962 8.40564e-13 4.97118e+27 0.00100005 10.0007 25000.5 1.54292e+14 72 4 1 1 
-9.75947e+15 0.0328051 4.33854e-13 4.97118e+27 0.00100003 10.0003 25000.2 1.54296e+14 73 4 1 1 
-9.68232e+15 0.0154315 2.1567e-13 4.97118e+27 0.00100001 10.0002 25000.1 1.54298e+14 74 4 1 1 
-9.60517e+15 0.00700175 1.0324e-13 4.97118e+27 0.00100001 10.0001 25000.1 1.54299e+14 75 4 1 1 
-9.52802e+15 0.00306272 4.75773e-14 4.97118e+27 0.001 10 25000 1.543e+14 76 4 1 1 
-9.45087e+15 0.00129073 2.10994e-14 4.97118e+27 0.001 10 25000 1.543e+14 77 4 1 1 
-9.37372e+15 0.000523662 8.99956e-15 4.97118e+27 0.001 10 25000 1.543e+14 78 4 1 1 
-9.29657e+15 0.000204341 3.68936e-15 4.97118e+27 0.001 10 25000 1.543e+14 79 4 1 1 
-9.21942e+15 7.66055e-05 1.45237e-15 4.97118e+27 0.001 10 25000 1.543e+14 80 4 1 1 
-9.14227e+15 2.75535e-05 5.48429e-16 4.97118e+27 0.001 10 25000 1.543e+14 81 4 1 1 
-9.06512e+15 9.49264e-06 1.98378e-16 4.97118e+27 0.001 10 25000 1.543e+14 82 4 1 1 
-8.98797e+15 3.1261e-06 6.86208e-17 4.97118e+27 0.001 10 25000 1.543e+14 83 4 1 1 
-8.91082e+15 9.81585e-07 2.26499e-17 4.97118e+27 0.001 10 25000 1.543e+14 84 4 1 1 
-8.83367e+15 2.92902e-07 7.11547e-18 4.97118e+27 0.001 10 25000 1.543e+14 85 4 1 1 
-8.75652e+15 8.27449e-08 2.11977e-18 4.97118e+27 0.001 10 25000 1.543e+14 86 4 1 1 
-8.67937e+15 2.19896e-08 5.96178e-19 4.97118e+27 0.001 10 25000 1.543e+14 87 4 1 1 
-8.60222e+15 5.44402e-09 1.56966e-19 4.97118e+27 0.001 10 25000 1.543e+14 88 4 1 1 
-8.52507e+15 1.25006e-09 3.86023e-20 4.97118e+27 0.001 10 25000 1.543e+14 89 4 1 1 
-8.44792e+15 2.68706e-10 8.7936e-21 4.97118e+27 0.001 10 25000 1.543e+14 90 4 1 1 
-8.37077e+15 4.10114e-11 2.01328e-21 4.97118e+27 0.001 10 25000 1.543e+14 91 4 1 1 
-8.29362e+15 1.03747e-12 1.03151e-22 4.97118e+27 0.001 10 25000 1.543e+14 92 5 1 1 
-8.21647e+15 1.55486e-13 1.84198e-24 4.97118e+27 0.001 10 25000 1.543e+14 93 5 1 1 
-8.13932e+15 1.72897e-14 1.84198e-24 4.97118e+27 0.001 10 25000 1.543e+14 94 5 1 1 
-8.06217e+15 3.4098e-45 3.63266e-55 4.97118e+27 0.001 10 25000 1.543e+14 95 5 1 1 
-7.98502e+15 0 0 4.97118e+27 0.001 10 25000 1.543e+14 96 5 1 1 
-7.90787e+15 0 0 4.97118e+27 0.001 10 25000 1.543e+14 97 5 1 1 
-7.83072e+15 0 0 4.97118e+27 0.001 10 25000 1.543e+14 98 5 1 1 
-7.75357e+15 0 0 4.97118e+27 0.001 10 25000 1.543e+14 99 5 1 1 
-7.67642e+15 0 0 4.97118e+27 0.001 10 25000 1.543e+14 100 5 1 1 
-7.59927e+15 0 0 4.97118e+27 0.001 10 25000 1.543e+14 101 5 1 1 
-7.52212e+15 0 0 4.97118e+27 0.001 10 25000 1.543e+14 102 5 1 1 
-7.44497e+15 0 0 4.97118e+27 0.001 10 25000 1.543e+14 103 5 1 1 
-7.36782e+15 0 0 4.97118e+27 0.001 10 25000 1.543e+14 104 5 1 1 
-7.29067e+15 0 0 4.97118e+27 0.001 10 25000 1.543e+14 105 5 1 1 
-7.21352e+15 0 0 4.97118e+27 0.001 10 25000 1.543e+14 106 5 1 1 
-7.13637e+15 0 0 4.97118e+27 0.001 10 25000 1.543e+14 107 5 1 1 
-7.05922e+15 0 0 4.97118e+27 0.001 10 25000 1.543e+14 108 5 1 1 
-6.98207e+15 0 0 4.97118e+27 0.001 10 25000 1.543e+14 109 5 1 1 
-6.90492e+15 0 0 4.97118e+27 0.001 10 25000 1.543e+14 110 5 1 1 
-6.82777e+15 0 0 4.97118e+27 0.001 10 25000 1.543e+14 111 5 1 1 
-6.75062e+15 0 0 4.97118e+27 0.001 10 25000 1.543e+14 112 5 1 1 
-6.67347e+15 0 0 4.97118e+27 0.001 10 25000 1.543e+14 113 5 1 1 
-6.59632e+15 0 0 4.97118e+27 0.001 10 25000 1.543e+14 114 5 1 1 
-6.51917e+15 0 0 4.97118e+27 0.001 10 25000 1.543e+14 115 5 1 1 
-6.44202e+15 0 0 4.97118e+27 0.001 10 25000 1.543e+14 116 5 1 1 
-6.36487e+15 0 0 4.97118e+27 0.001 10 25000 1.543e+14 117 5 1 1 
-6.28772e+15 0 0 4.97118e+27 0.001 10 25000 1.543e+14 118 5 1 1 
-6.21057e+15 0 0 4.97118e+27 0.001 10 25000 1.543e+14 119 5 1 1 
-6.13342e+15 0 0 4.97118e+27 0.001 10 25000 1.543e+14 120 5 1 1 
-6.05627e+15 0 0 4.97118e+27 0.001 10 25000 1.543e+14 121 5 1 1 
-5.97912e+15 0 0 4.97118e+27 0.001 10 25000 1.543e+14 122 5 1 1 
-5.90197e+15 0 0 4.97118e+27 0.001 10 25000 1.543e+14 123 5 1 1 
-5.82482e+15 0 0 4.97118e+27 0.001 10 25000 1.543e+14 124 5 1 1 
-5.74767e+15 0 0 4.97118e+27 0.001 10 25000 1.543e+14 125 5 1 1 
-5.67052e+15 0 0 4.97118e+27 0.001 10 25000 1.543e+14 126 5 1 1 
-5.59337e+15 0 0 4.97118e+27 0.001 10 25000 1.543e+14 127 5 1 1 
-5.51622e+15 0 0 4.97118e+27 0.001 10 25000 1.543e+14 128 5 1 1 
-5.43907e+15 0 0 4.97118e+27 0.001 10 25000 1.543e+14 129 5 1 1 
-5.36192e+15 0 0 4.97118e+27 0.001 10 25000 1.543e+14 130 5 1 1 
-5.28477e+15 0 0 4.97118e+27 0.001 10 25000 1.543e+14 131 5 1 1 
-5.20762e+15 0 0 4.97118e+27 0.001 10 25000 1.543e+14 132 5 1 1 
-5.13047e+15 0 0 4.97118e+27 0.001 10 25000 1.543e+14 133 5 1 1 
-5.05332e+15 0 0 4.97118e+27 0.001 10 25000 1.543e+14 134 5 1 1 
-4.97617e+15 0 0 4.97118e+27 0.001 10 25000 1.543e+14 135 5 1 1 
-4.89902e+15 0 0 4.97118e+27 0.001 10 25000 1.543e+14 136 5 1 1 
-4.82187e+15 0 0 4.97118e+27 0.001 10 25000 1.543e+14 137 5 1 1 
-4.74472e+15 0 0 4.97118e+27 0.001 10 25000 1.543e+14 138 5 1 1 
-4.66757e+15 0 0 4.97118e+27 0.001 10 25000 1.543e+14 139 5 1 1 
-4.59042e+15 0 0 4.97118e+27 0.001 10 25000 1.543e+14 140 5 1 1 
-4.51327e+15 0 0 4.97118e+27 0.001 10 25000 1.543e+14 141 5 1 1 
-4.43612e+15 0 0 4.97118e+27 0.001 10 25000 1.543e+14 142 5 1 1 
-4.35897e+15 0 0 4.97118e+27 0.001 10 25000 1.543e+14 143 5 1 1 
-4.28182e+15 0 0 4.97118e+27 0.001 10 25000 1.543e+14 144 5 1 1 
-4.20467e+15 0 0 4.97118e+27 0.001 10 25000 1.543e+14 145 5 1 1 
-4.12752e+15 0 0 4.97118e+27 0.001 10 25000 1.543e+14 146 5 1 1 
-4.05037e+15 0 0 4.97118e+27 0.001 10 25000 1.543e+14 147 5 1 1 
-3.97322e+15 0 0 4.97118e+27 0.001 10 25000 1.543e+14 148 5 1 1 
-3.89607e+15 0 0 4.97118e+27 0.001 10 25000 1.543e+14 149 5 1 1 
-3.81892e+15 0 0 4.97118e+27 0.001 10 25000 1.543e+14 150 5 1 1 
-3.74177e+15 0 0 4.97118e+27 0.001 10 25000 1.543e+14 151 5 1 1 
-3.66462e+15 0 0 4.97118e+27 0.001 10 25000 1.543e+14 152 5 1 1 
-3.58747e+15 0 0 4.97118e+27 0.001 10 25000 1.543e+14 153 5 1 1 
-3.51032e+15 0 0 4.97118e+27 0.001 10 25000 1.543e+14 154 5 1 1 
-3.43317e+15 0 0 4.97118e+27 0.001 10 25000 1.543e+14 155 5 1 1 
-3.35602e+15 0 0 4.97118e+27 0.001 10 25000 1.543e+14 156 5 1 1 
-3.27887e+15 0 0 4.97118e+27 0.001 10 25000 1.543e+14 157 5 1 1 
-3.20172e+15 0 0 4.97118e+27 0.001 10 25000 1.543e+14 158 5 1 1 
-3.12457e+15 0 0 4.97118e+27 0.001 10 25000 1.543e+14 159 5 1 1 
-3.04742e+15 0 0 4.97118e+27 0.001 10 25000 1.543e+14 160 5 1 1 
-2.97027e+15 0 0 4.97118e+27 0.001 10 25000 1.543e+14 161 5 1 1 
-2.89312e+15 0 0 4.97118e+27 0.001 10 25000 1.543e+14 162 5 1 1 
-2.81597e+15 0 0 4.97118e+27 0.001 10 25000 1.543e+14 163 5 1 1 
-2.73882e+15 0 0 4.97118e+27 0.001 10 25000 1.543e+14 164 5 1 1 
-2.66167e+15 0 0 4.97118e+27 0.001 10 25000 1.543e+14 165 5 1 1 
-2.58452e+15 0 0 4.97118e+27 0.001 10 25000 1.543e+14 166 5 1 1 
-2.50737e+15 0 0 4.97118e+27 0.001 10 25000 1.543e+14 167 5 1 1 
-2.43022e+15 0 0 4.97118e+27 0.001 10 25000 1.543e+14 168 5 1 1 
-2.35307e+15 0 0 4.97118e+27 0.001 10 25000 1.543e+14 169 5 1 1 
-2.27592e+15 0 0 4.97118e+27 0.001 10 25000 1.543e+14 170 5 1 1 
-2.19877e+15 0 0 4.97118e+27 0.001 10 25000 1.543e+14 171 5 1 1 
-2.12162e+15 0 0 4.97118e+27 0.001 10 25000 1.543e+14 172 5 1 1 
-2.04447e+15 0 0 4.97118e+27 0.001 10 25000 1.543e+14 173 5 1 1 
-1.96732e+15 -2.04378e-44 0 4.97118e+27 0.001 10 25000 1.543e+14 174 5 1 1 
-1.89017e+15 -6.90833e-14 -3.63266e-55 4.97118e+27 0.001 10 25000 1.543e+14 175 5 1 1 
-1.81302e+15 -1.8955e-13 -1.84198e-24 4.97118e+27 0.001 10 25000 1.543e+14 176 5 1 1 
-1.73587e+15 -3.26661e-13 1.84198e-24 4.97118e+27 0.001 10 25000 1.543e+14 177 5 1 1 
-1.65872e+15 -4.62778e-13 -1.84198e-24 4.97118e+27 0.001 10 25000 1.543e+14 178 5 1 1 
-1.58157e+15 -6.32217e-13 1.84198e-24 4.97118e+27 0.001 10 25000 1.543e+14 179 5 1 1 
-1.50442e+15 -8.00111e-13 -1.84198e-24 4.97118e+27 0.001 10 25000 1.543e+14 180 5 1 1 
-1.42727e+15 -9.66474e-13 1.84198e-24 4.97118e+27 0.001 10 25000 1.543e+14 181 5 1 1 
-1.35012e+15 -1.16437e-12 -1.84198e-24 4.97118e+27 0.001 10 25000 1.543e+14 182 5 1 1 
-1.27297e+15 -1.35798e-12 1.84198e-24 4.97118e+27 0.001 10 25000 1.543e+14 183 5 1 1 
-1.19582e+15 -1.57709e-12 -1.84198e-24 4.97118e+27 0.001 10 25000 1.543e+14 184 5 1 1 
-1.11867e+15 -1.87439e-12 -1.84198e-24 4.97118e+27 0.001 10 25000 1.543e+14 185 5 1 1 
-1.04152e+15 -3.22145e-12 -1.0225e-38 4.97118e+27 0.001 10 25000 1.543e+14 186 4 1 1 
-9.64375e+14 -6.23069e-13 -7.36791e-24 4.97118e+27 0.001 10 25000 1.543e+14 187 4 1 1 
-8.87225e+14 -2.48283e-12 -7.36791e-24 4.97118e+27 0.001 10 25000 1.543e+14 188 4 1 1 
-8.10075e+14 8.32309e-13 2.02618e-23 4.97118e+27 0.001 10 25000 1.543e+14 189 4 1 1 
-7.32925e+14 -1.00824e-13 -1.84198e-24 4.97118e+27 0.001 10 25000 1.543e+14 190 4 1 1 
-6.55775e+14 -1.03936e-12 1.91719e-38 4.97118e+27 0.001 10 25000 1.543e+14 191 5 1 1 
-5.78625e+14 -1.18539e-12 -3.68395e-24 4.97118e+27 0.001 10 25000 1.543e+14 192 5 1 1 
-5.01475e+14 -2.87243e-12 -3.68395e-24 4.97118e+27 0.001 10 25000 1.543e+14 193 4 1 1 
-4.24325e+14 5.06375e-13 2.04501e-38 4.97118e+27 0.001 10 25000 1.543e+14 194 3 1 1 
-3.47175e+14 -7.54006e-13 1.15032e-38 4.97118e+27 0.001 10 25000 1.543e+14 195 3 1 1 
-2.70025e+14 -1.07054e-12 0 4.97118e+27 0.001 10 25000 1.543e+14 196 3 1 1 
-1.92875e+14 3.55846e-13 3.68395e-24 4.97118e+27 0.001 10 25000 1.543e+14 197 3 1 1 
-1.15725e+14 1.03506e-13 -3.68395e-24 4.97118e+27 0.001 10 25000 1.543e+14 198 3 1 1 
-3.8575e+13 -1.71892e-13 -2.87579e-39 4.97118e+27 0.001 10 25000 1.543e+14 199 3 1 1 
3.8575e+13 -2.18046e-13 1.84198e-24 4.97118e+27 0.001 10 25000 1.543e+14 200 3 1 1 
1.15725e+14 -3.83143e-13 -9.20989e-24 4.97118e+27 0.001 10 25000 1.543e+14 201 4 1 1 
1.92875e+14 -4.54479e-13 1.10519e-23 4.97118e+27 0.001 10 25000 1.543e+14 202 5 1 1 
2.70025e+14 -1.0081e-12 -1.84198e-24 4.97118e+27 0.001 10 25000 1.543e+14 203 3 1 1 
3.47175e+14 1.11684e-14 -1.84198e-24 4.97118e+27 0.001 10 25000 1.543e+14 204 3 1 1 
4.24325e+14 -3.45187e-15 3.68395e-24 4.97118e+27 0.001 10 25000 1.543e+14 205 4 1 1 
5.01475e+14 -1.32703e-13 -3.68395e-24 4.97118e+27 0.001 10 25000 1.543e+14 206 4 1 1 
5.78625e+14 -7.47434e-13 6.71017e-39 4.97118e+27 0.001 10 25000 1.543e+14 207 5 1 1 
6.55775e+14 5.30979e-13 -1.91719e-38 4.97118e+27 0.001 10 25000 1.543e+14 208 5 1 1 
7.32925e+14 -5.03414e-13 1.84198e-24 4.97118e+27 0.001 10 25000 1.543e+14 209 4 1 1 
8.10075e+14 2.28783e-12 8.9469e-39 4.97118e+27 0.001 10 25000 1.543e+14 210 3 1 1 
8.87225e+14 1.07658e-12 1.84198e-24 4.97118e+27 0.001 10 25000 1.543e+14 211 3 1 1 
9.64375e+14 4.8771e-12 -1.84198e-24 4.97118e+27 0.001 10 25000 1.543e+14 212 4 1 1 
1.04153e+15 3.24051e-12 5.52593e-24 4.97118e+27 0.001 10 25000 1.543e+14 213 5 1 1 
1.11868e+15 2.94721e-12 -5.52593e-24 4.97118e+27 0.001 10 25000 1.543e+14 214 5 1 1 
1.19583e+15 2.47076e-12 3.68395e-24 4.97118e+27 0.001 10 25000 1.543e+14 215 5 1 1 
1.27298e+15 1.93597e-12 7.26532e-55 4.97118e+27 0.001 10 25000 1.543e+14 216 5 1 1 
1.35013e+15 1.5327e-12 0 4.97118e+27 0.001 10 25000 1.543e+14 217 5 1 1 
1.42728e+15 1.12663e-12 7.26532e-55 4.97118e+27 0.001 10 25000 1.543e+14 218 5 1 1 
1.50443e+15 8.72618e-13 1.84198e-24 4.97118e+27 0.001 10 25000 1.543e+14 219 5 1 1 
1.58158e+15 6.34725e-13 -1.84198e-24 4.97118e+27 0.001 10 25000 1.543e+14 220 5 1 1 
1.65873e+15 4.64282e-13 1.84198e-24 4.97118e+27 0.001 10 25000 1.543e+14 221 5 1 1 
1.73588e+15 3.27304e-13 -1.84198e-24 4.97118e+27 0.001 10 25000 1.543e+14 222 5 1 1 
1.81303e+15 1.89761e-13 1.84198e-24 4.97118e+27 0.001 10 25000 1.543e+14 223 5 1 1 
1.89018e+15 6.91143e-14 3.63266e-55 4.97118e+27 0.001 10 25000 1.543e+14 224 5 1 1 
1.96733e+15 2.04465e-44 0 4.97118e+27 0.001 10 25000 1.543e+14 225 5 1 1 
2.04448e+15 0 0 4.97118e+27 0.001 10 25000 1.543e+14 226 5 1 1 
2.12163e+15 0 0 4.97118e+27 0.001 10 25000 1.543e+14 227 5 1 1 
2.19878e+15 0 0 4.97118e+27 0.001 10 25000 1.543e+14 228 5 1 1 
2.27593e+15 0 0 4.97118e+27 0.001 10 25000 1.543e+14 229 5 1 1 
2.35308e+15 0 0 4.97118e+27 0.001 10 25000 1.543e+14 230 5 1 1 
2.43023e+15 0 0 4.97118e+27 0.001 10 25000 1.543e+14 231 5 1 1 
2.50738e+15 0 0 4.97118e+27 0.001 10 25000 1.543e+14 232 5 1 1 
2.58453e+15 0 0 4.97118e+27 0.001 10 25000 1.543e+14 233 5 1 1 
2.66168e+15 0 0 4.97118e+27 0.001 10 25000 1.543e+14 234 5 1 1 
2.73883e+15 0 0 4.97118e+27 0.001 10 25000 1.543e+14 235 5 1 1 
2.81598e+15 0 0 4.97118e+27 0.001 10 25000 1.543e+14 236 5 1 1 
2.89313e+15 -8.41168e-43 -3.63266e-55 4.97118e+27 0.001 10 25000 1.543e+14 237 5 1 1 
2.97028e+15 -1.69188e-13 0 4.97118e+27 0.001 10 25000 1.543e+14 238 5 1 1 
3.04743e+15 -3.37357e-13 3.63266e-55 4.97118e+27 0.001 10 25000 1.543e+14 239 5 1 1 
3.12458e+15 1.58941e-12 0 4.97118e+27 0.001 10 25000 1.543e+14 240 5 1 1 
3.20173e+15 1.42405e-12 2.1796e-54 4.97118e+27 0.001 10 25000 1.543e+14 241 5 1 1 
3.27888e+15 3.16803e-12 -1.84198e-24 4.97118e+27 0.001 10 25000 1.543e+14 242 5 1 1 
3.35603e+15 1.47135e-12 -1.84198e-24 4.97118e+27 0.001 10 25000 1.543e+14 243 5 1 1 
3.43318e+15 1.27654e-12 -3.26939e-54 4.97118e+27 0.001 10 25000 1.543e+14 244 5 1 1 
3.51033e+15 -1.19754e-12 1.84198e-24 4.97118e+27 0.001 10 25000 1.543e+14 245 5 1 1 
3.58748e+15 2.22126e-12 3.68395e-24 4.97118e+27 0.001 10 25000 1.543e+14 246 5 1 1 
3.66463e+15 -1.05465e-12 5.52593e-24 4.97118e+27 0.001 10 25000 1.543e+14 247 5 1 1 
3.74178e+15 9.3055e-13 -5.52593e-24 4.97118e+27 0.001 10 25000 1.543e+14 248 5 1 1 
3.81893e+15 -1.58437e-12 -5.52593e-24 4.97118e+27 0.001 10 25000 1.543e+14 249 4 1 1 
3.89608e+15 1.58437e-12 5.52593e-24 4.97118e+27 0.001 10 25000 1.543e+14 250 4 1 1 
3.97323e+15 -9.3055e-13 5.52593e-24 4.97118e+27 0.001 10 25000 1.543e+14 251 5 1 1 
4.05038e+15 1.05465e-12 -5.52593e-24 4.97118e+27 0.001 10 25000 1.543e+14 252 5 1 1 
4.12753e+15 -2.22126e-12 -3.68395e-24 4.97118e+27 0.001 10 25000 1.543e+14 253 5 1 1 
4.20468e+15 1.19754e-12 -1.84198e-24 4.97118e+27 0.001 10 25000 1.543e+14 254 5 1 1 
4.28183e+15 -1.27654e-12 3.26939e-54 4.97118e+27 0.001 10 25000 1.543e+14 255 5 1 1 
4.35898e+15 -1.47135e-12 1.84198e-24 4.97118e+27 0.001 10 25000 1.543e+14 256 5 1 1 
4.43613e+15 -3.16803e-12 1.84198e-24 4.97118e+27 0.001 10 25000 1.543e+14 257 5 1 1 
4.51328e+15 -1.42405e-12 -2.1796e-54 4.97118e+27 0.001 10 25000 1.543e+14 258 5 1 1 
4.59043e+15 -1.58941e-12 0 4.97118e+27 0.001 10 25000 1.543e+14 259 5 1 1 
4.66758e+15 3.37357e-13 -3.63266e-55 4.97118e+27 0.001 10 25000 1.543e+14 260 5 1 1 
4.74473e+15 1.69188e-13 0 4.97118e+27 0.001 10 25000 1.543e+14 261 5 1 1 
4.82188e+15 8.41168e-43 3.63266e-55 4.97118e+27 0.001 10 25000 1.543e+14 262 5 1 1 
4.89903e+15 0 0 4.97118e+27 0.001 10 25000 1.543e+14 263 5 1 1 
4.97618e+15 0 0 4.97118e+27 0.001 10 25000 1.543e+14 264 5 1 1 
5.05333e+15 0 0 4.97118e+27 0.001 10 25000 1.543e+14 265 5 1 1 
5.13048e+15 0 0 4.97118e+27 0.001 10 25000 1.543e+14 266 5 1 1 
5.20763e+15 0 0 4.97118e+27 0.001 10 25000 1.543e+14 267 5 1 1 
5.28478e+15 0 0 4.97118e+27 0.001 10 25000 1.543e+14 268 5 1 1 
5.36193e+15 0 0 4.97118e+27 0.001 10 25000 1.543e+14 269 5 1 1 
5.43908e+15 0 0 4.97118e+27 0.001 10 25000 1.543e+14 270 5 1 1 
5.51623e+15 0 0 4.97118e+27 0.001 10 25000 1.543e+14 271 5 1 1 
5.59338e+15 0 0 4.97118e+27 0.001 10 25000 1.543e+14 272 5 1 1 
5.67053e+15 0 0 4.97118e+27 0.001 10 25000 1.543e+14 273 5 1 1 
5.74768e+15 0 0 4.97118e+27 0.001 10 25000 1.543e+14 274 5 1 1 
5.82483e+15 0 0 4.97118e+27 0.001 10 25000 1.543e+14 275 5 1 1 
5.90198e+15 0 0 4.97118e+27 0.001 10 25000 1.543e+14 276 5 1 1 
5.97913e+15 0 0 4.97118e+27 0.001 10 25000 1.543e+14 277 5 1 1 
6.05628e+15 0 0 4.97118e+27 0.001 10 25000 1.543e+14 278 5 1 1 
6.13343e+15 0 0 4.97118e+27 0.001 10 25000 1.543e+14 279 5 1 1 
6.21058e+15 -4.44954e-43 -3.63266e-55 4.97118e+27 0.001 10 25000 1.543e+14 280 5 1 1 
6.28773e+15 -6.85718e-14 -3.63266e-55 4.97118e+27 0.001 10 25000 1.543e+14 281 5 1 1 
6.36488e+15 -2.05192e-13 0 4.97118e+27 0.001 10 25000 1.543e+14 282 5 1 1 
6.44203e+15 -3.75697e-13 0 4.97118e+27 0.001 10 25000 1.543e+14 283 5 1 1 
6.51918e+15 -5.45239e-13 3.63266e-55 4.97118e+27 0.001 10 25000 1.543e+14 284 5 1 1 
6.59633e+15 -6.79199e-13 1.45306e-54 4.97118e+27 0.001 10 25000 1.543e+14 285 5 1 1 
6.67348e+15 1.25874e-12 3.68395e-24 4.97118e+27 0.001 10 25000 1.543e+14 286 5 1 1 
6.75063e+15 1.0606e-12 3.68395e-24 4.97118e+27 0.001 10 25000 1.543e+14 287 5 1 1 
6.82778e+15 4.32457e-12 3.68395e-24 4.97118e+27 0.001 10 25000 1.543e+14 288 5 1 1 
6.90493e+15 3.07518e-12 7.26532e-55 4.97118e+27 0.001 10 25000 1.543e+14 289 5 1 1 
6.98208e+15 2.63717e-12 3.68395e-24 4.97118e+27 0.001 10 25000 1.543e+14 290 5 1 1 
7.05923e+15 6.72947e-13 1.84198e-24 4.97118e+27 0.001 10 25000 1.543e+14 291 5 1 1 
7.13638e+15 3.3015e-12 -5.52593e-24 4.97118e+27 0.001 10 25000 1.543e+14 292 5 1 1 
7.21353e+15 6.60295e-13 -7.36791e-24 4.97118e+27 0.001 10 25000 1.543e+14 293 5 1 1 
7.29068e+15 2.40836e-12 3.68395e-24 4.97118e+27 0.001 10 25000 1.543e+14 294 5 1 1 
7.36783e+15 -1.27796e-12 3.68395e-24 4.97118e+27 0.001 10 25000 1.543e+14 295 5 1 1 
7.44498e+15 4.1443e-12 -1.10519e-23 4.97118e+27 0.001 10 25000 1.543e+14 296 5 1 1 
7.52213e+15 -2.37992e-13 -9.20989e-24 4.97118e+27 0.001 10 25000 1.543e+14 297 5 1 1 
7.59928e+15 4.12101e-12 2.76297e-23 4.97118e+27 0.001 10 25000 1.543e+14 298 5 1 1 
7.67643e+15 -1.28078e-12 3.13136e-23 4.97118e+27 0.001 10 25000 1.543e+14 299 3 1 1 
7.75358e+15 1.28078e-12 -3.13136e-23 4.97118e+27 0.001 10 25000 1.543e+14 300 3 1 1 
7.83073e+15 -4.12101e-12 -2.76297e-23 4.97118e+27 0.001 10 25000 1.543e+14 301 5 1 1 
7.90788e+15 2.37992e-13 9.20989e-24 4.97118e+27 0.001 10 25000 1.543e+14 302 5 1 1 
7.98503e+15 -4.1443e-12 1.10519e-23 4.97118e+27 0.001 10 25000 1.543e+14 303 5 1 1 
8.06218e+15 1.27796e-12 -3.68395e-24 4.97118e+27 0.001 10 25000 1.543e+14 304 5 1 1 
8.13933e+15 -2.40836e-12 -3.68395e-24 4.97118e+27 0.001 10 25000 1.543e+14 305 5 1 1 
8.21648e+15 -6.60264e-13 1.10519e-23 4.97118e+27 0.001 10 25000 1.543e+14 306 5 1 1 
8.29363e+15 -3.94158e-12 -9.94668e-23 4.97118e+27 0.001 10 25000 1.543e+14 307 5 1 1 
8.37078e+15 -4.24446e-11 -2.01881e-21 4.97118e+27 0.001 10 25000 1.543e+14 308 4 1 1 
8.44793e+15 -2.71118e-10 -8.79913e-21 4.97118e+27 0.001 10 25000 1.543e+14 309 4 1 1 
8.52507e+15 -1.25218e-09 -3.85968e-20 4.97118e+27 0.001 10 25000 1.543e+14 310 4 1 1 
8.60222e+15 -5.44646e-09 -1.56964e-19 4.97118e+27 0.001 10 25000 1.543e+14 311 4 1 1 
8.67937e+15 -2.19911e-08 -5.96178e-19 4.97118e+27 0.001 10 25000 1.543e+14 312 4 1 1 
8.75652e+15 -8.27462e-08 -2.11978e-18 4.97118e+27 0.001 10 25000 1.543e+14 313 4 1 1 
8.83367e+15 -2.92903e-07 -7.11547e-18 4.97118e+27 0.001 10 25000 1.543e+14 314 4 1 1 
8.91082e+15 -9.81585e-07 -2.26499e-17 4.97118e+27 0.001 10 25000 1.543e+14 315 4 1 1 
8.98797e+15 -3.1261e-06 -6.86208e-17 4.97118e+27 0.001 10 25000 1.543e+14 316 4 1 1 
9.06512e+15 -9.49264e-06 -1.98378e-16 4.97118e+27 0.001 10 25000 1.543e+14 317 4 1 1 
9.14227e+15 -2.75535e-05 -5.48429e-16 4.97118e+27 0.001 10 25000 1.543e+14 318 4 1 1 
9.21942e+15 -7.66055e-05 -1.45237e-15 4.97118e+27 0.001 10 25000 1.543e+14 319 4 1 1 
9.29657e+15 -0.000204341 -3.68936e-15 4.97118e+27 0.001 10 25000 1.543e+14 320 4 1 1 
9.37372e+15 -0.000523662 -8.99956e-15 4.97118e+27 0.001 10 25000 1.543e+14 321 4 1 1 
9.45087e+15 -0.00129073 -2.10994e-14 4.97118e+27 0.001 10 25000 1.543e+14 322 4 1 1 
9.52802e+15 -0.00306272 -4.75773e-14 4.97118e+27 0.001 10 25000 1.543e+14 323 4 1 1 
9.60517e+15 -0.00700175 -1.0324e-13 4.97118e+27 0.00100001 10.0001 25000.1 1.54299e+14 324 4 1 1 
9.68232e+15 -0.0154315 -2.1567e-13 4.97118e+27 0.00100001 10.0002 25000.1 1.54298e+14 325 4 1 1 
9.75947e+15 -0.0328051 -4.33854e-13 4.97118e+27 0.00100003 10.0003 25000.2 1.54296e+14 326 4 1 1 
9.83662e+15 -0.0672962 -8.40564e-13 4.97118e+27 0.00100005 10.0007 25000.5 1.54292e+14 327 4 1 1 
9.91376e+15 -0.133258 -1.56842e-12 4.97118e+27 0.0010001 10.0014 25001 1.54284e+14 328 4 1 1 
9.9909e+15 -0.254767 -2.81793e-12 4.97118e+27 0.0010002 10.0027 25001.9 1.5427e+14 329 4 1 1 
1.0068e+16 -0.470298 -4.87266e-12 4.97118e+27 0.00100036 10.005 25003.6 1.54244e+14 330 4 1 1 
1.01451e+16 -0.838187 -8.10213e-12 4.97118e+27 0.00100065 10.009 25006.4 1.542e+14 331 4 1 0.999999 
1.02222e+16 -1.4418 -1.29369e-11 4.97118e+27 0.00100111 10.0155 25011.1 1.54128e+14 332 4 1 0.999998 
1.02993e+16 -2.3922 -1.97949e-11 4.97118e+27 0.00100185 10.0259 25018.5 1.54014e+14 333 4 1 0.999996 
1.03762e+16 -3.82461 -2.89368e-11 4.97118e+27 0.00100298 10.0415 25029.6 1.53842e+14 334 4 1 0.999991 
1.04531e+16 -5.88404 -4.02483e-11 4.97118e+27 0.0010046 10.0643 25045.8 1.53594e+14 335 4 1 0.999984 
1.05298e+16 -8.69581 -5.29873e-11 4.97118e+27 0.00100683 10.0956 25068.1 1.53253e+14 336 4 1 0.999973 
1.06064e+16 -12.3213 -6.56143e-11 4.97118e+27 0.00100974 10.1365 25097.1 1.52812e+14 337 4 1 0.999961 
1.06827e+16 -16.7084 -7.58819e-11 4.97118e+27 0.0010133 10.1867 25132.6 1.52275e+14 338 4 1 0.999951 
1.07586e+16 -21.6557 -8.1288e-11 4.97118e+27 0.00101738 10.2443 25173.3 1.51664e+14 339 4 1 0.999946 
1.08343e+16 -26.8132 -7.98456e-11 4.97118e+27 0.00102173 10.3057 25216.4 1.51019e+14 340 4 1 0.999951 
1.09097e+16 -31.7304 -7.08067e-11 4.97118e+27 0.00102597 10.3658 25258.4 1.50395e+14 341 4 1 0.999965 
1.09847e+16 -35.9007 -5.24738e-11 4.97118e+27 0.00102964 10.4181 25294.8 1.49858e+14 342 4 1 0.999996 
1.10595e+16 -38.5023 -1.66189e-11 4.97118e+27 0.00103156 10.4463 25314.4 1.49579e+14 343 3 1 1 
1.11343e+16 -34.3446 2.10985e-10 4.97118e+27 0.00102608 10.3709 25262.5 1.50378e+14 344 4 1 1.00001 
1.12099e+16 -10.8312 4.76172e-10 4.97118e+27 0.00100863 10.1229 25088.6 1.52981e+14 345 4 1 0.9994 
1.12873e+16 15.7728 3.04673e-10 4.97118e+27 0.000988681 9.84001 24885.8 1.56067e+14 346 4 1 0.998774 
1.1366e+16 29.2807 1.38558e-10 4.97118e+27 0.000975792 9.66192 24755.9 1.58128e+14 347 4 1 0.99943 
1.14454e+16 40.6484 2.0992e-10 4.97118e+27 0.000965152 9.51674 24649.4 1.59871e+14 348 4 1 0.999687 
1.15259e+16 58.1432 2.85015e-10 4.97118e+27 0.000951375 9.32688 24508 1.62186e+14 349 4 1 0.999468 
1.16076e+16 78.0263 2.79875e-10 4.97118e+27 0.000935776 9.11282 24345.9 1.6489e+14 350 4 1 0.999234 
1.16908e+16 97.2779 2.64607e-10 4.97118e+27 0.000920362 8.90334 24184.7 1.67651e+14 351 4 1 0.999216 
1.17753e+16 116.593 2.66104e-10 4.97118e+27 0.000905132 8.6979 24023.9 1.70472e+14 352 4 1 0.99922 
1.18613e+16 136.522 2.70197e-10 4.97118e+27 0.000889691 8.49089 23859.2 1.73431e+14 353 4 1 0.999175 
1.19487e+16 156.977 2.70228e-10 4.97118e+27 0.000874045 8.28258 23690.5 1.76535e+14 354 4 1 0.999122 
1.20378e+16 177.901 2.69686e-10 4.97118e+27 0.00085829 8.07433 23518.8 1.79776e+14 355 4 1 0.999078 
1.21285e+16 199.262 2.69649e-10 4.97118e+27 0.000842432 7.86625 23344 1.8316e+14 356 4 1 0.999033 
1.2221e+16 221.099 2.69291e-10 4.97118e+27 0.000826466 7.65834 23166.1 1.86699e+14 357 4 1 0.998984 
1.23152e+16 243.415 2.6876e-10 4.97118e+27 0.000810402 7.45077 22984.9 1.90399e+14 358 4 1 0.998933 
1.24114e+16 266.212 2.68551e-10 4.97118e+27 0.000794235 7.24352 22800.4 1.94275e+14 359 4 1 0.998878 
1.25095e+16 289.502 2.6694e-10 4.97118e+27 0.00077799 7.03697 22612.8 1.98332e+14 360 4 1 0.998821 
1.26098e+16 313.328 2.66252e-10 4.97118e+27 0.000761677 6.83128 22422 2.02579e+14 361 4 1 0.998764 
1.27121e+16 337.615 2.64642e-10 4.97118e+27 0.000745299 6.62653 22227.9 2.07031e+14 362 4 1 0.998701 
1.28168e+16 362.416 2.62802e-10 4.97118e+27 0.000728886 6.42314 22030.8 2.11693e+14 363 4 1 0.998639 
1.29239e+16 387.673 2.6043e-10 4.97118e+27 0.000712463 6.22146 21831 2.16573e+14 364 4 1 0.998576 
1.30334e+16 413.336 2.56507e-10 4.97118e+27 0.000696098 6.02232 21629 2.21664e+14 365 4 1 0.99852 
1.31456e+16 439.307 2.51213e-10 4.97118e+27 0.000679888 5.82691 21426.2 2.26949e+14 366 4 1 0.998477 
1.32604e+16 465.218 2.42675e-10 4.97118e+27 0.000663991 5.63706 21224.4 2.32383e+14 367 4 1 0.998458 
1.3378e+16 490.76 2.29696e-10 4.97118e+27 0.000648658 5.45567 21027 2.37876e+14 368 4 1 0.998484 
1.34983e+16 515.295 2.11544e-10 4.97118e+27 0.000634204 5.28624 20838.4 2.43297e+14 369 4 1 0.998573 
1.36213e+16 538.137 1.87916e-10 4.97118e+27 0.000620961 5.13235 20663.3 2.48486e+14 370 4 1 0.998729 
1.37468e+16 558.803 1.65764e-10 4.97118e+27 0.000609043 4.99502 20503.8 2.53348e+14 371 4 1 0.998919 
1.38747e+16 577.834 1.54645e-10 4.97118e+27 0.000598062 4.86947 20355.3 2.58e+14 372 4 1 0.999059 
1.40049e+16 597.239 1.64773e-10 4.97118e+27 0.000587072 4.74474 20205 2.6283e+14 373 4 1 0.99906 
1.41375e+16 618.944 1.82466e-10 4.97118e+27 0.00057528 4.61187 20041.8 2.68217e+14 374 4 1 0.998894 
1.42731e+16 642.284 1.78678e-10 4.97118e+27 0.000563156 4.4763 19871.7 2.73991e+14 375 4 1 0.998737 
1.44116e+16 663.196 1.35902e-10 4.97118e+27 0.000552551 4.35864 19721.1 2.7925e+14 376 4 1 0.998912 
1.45524e+16 676.851 6.2719e-11 4.97118e+27 0.000545635 4.28243 19622 2.8279e+14 377 4 1 0.999462 
1.46944e+16 680.549 -3.63608e-12 4.97118e+27 0.000543129 4.25507 19586.2 2.84095e+14 378 4 1 0.999917 
1.48365e+16 679.837 -2.12131e-12 4.97118e+27 0.000542999 4.25379 19584.7 2.84162e+14 379 5 1 0.999999 
1.49785e+16 679.427 -5.97956e-12 4.97118e+27 0.000543237 4.25644 19588.3 2.84038e+14 380 4 1 0.999999 
1.51205e+16 678.613 -6.32509e-12 4.97118e+27 0.000543599 4.26045 19593.7 2.83849e+14 381 4 1 0.999998 
1.52624e+16 677.755 -5.98072e-12 4.97118e+27 0.000544023 4.26515 19600 2.83628e+14 382 4 1 0.999998 
1.54041e+16 676.97 -5.11407e-12 4.97118e+27 0.00054443 4.26967 19606.1 2.83416e+14 383 4 1 0.999999 
1.55458e+16 676.317 -4.10453e-12 4.97118e+27 0.000544782 4.27359 19611.5 2.83233e+14 384 4 1 0.999999 
1.56874e+16 675.794 -3.16303e-12 4.97118e+27 0.000545064 4.27675 19615.8 2.83086e+14 385 4 1 1 
1.58289e+16 675.387 -2.43468e-12 4.97118e+27 0.000545282 4.27922 19619.3 2.82973e+14 386 4 1 1 
1.59703e+16 675.074 -1.90365e-12 4.97118e+27 0.00054545 4.28114 19622.1 2.82886e+14 387 4 1 1 
1.61118e+16 674.829 -1.5129e-12 4.97118e+27 0.000545577 4.28263 19624.3 2.8282e+14 388 4 1 1 
1.62532e+16 674.631 -1.24125e-12 4.97118e+27 0.000545675 4.28382 19626.2 2.82769e+14 389 4 1 1 
1.63945e+16 674.466 -1.06068e-12 4.97118e+27 0.000545751 4.28479 19628 2.82729e+14 390 4 1 1 
1.65359e+16 674.324 -9.30999e-13 4.97118e+27 0.000545813 4.28562 19629.5 2.82698e+14 391 4 1 1 
1.66772e+16 674.198 -8.28851e-13 4.97118e+27 0.000545861 4.28633 19631 2.82672e+14 392 4 1 1 
1.68186e+16 674.084 -7.4374e-13 4.97118e+27 0.000545898 4.28696 19632.6 2.82653e+14 393 4 1 1 
1.69599e+16 673.981 -6.66948e-13 4.97118e+27 0.000545913 4.28741 19634.1 2.82646e+14 394 3 1 1 
1.71012e+16 673.888 -5.94632e-13 4.97118e+27 0.000545852 4.28729 19635.8 2.82677e+14 395 4 1 1 
1.72426e+16 673.804 -5.28024e-13 4.97118e+27 0.000545468 4.28513 19639.7 2.82877e+14 396 4 1 0.999999 
1.73841e+16 673.73 -4.68518e-13 4.97118e+27 0.000543872 4.26797 19618.4 2.83706e+14 397 4 1 0.999988 
1.75263e+16 673.663 -4.15189e-13 4.97118e+27 0.000530774 4.11359 19375.4 2.90708e+14 398 4 1 0.999672 
1.76749e+16 673.601 -3.64376e-13 4.97118e+27 0.000506712 4.40054 21711.2 3.04512e+14 399 4 1 0.994715 
1.7831e+16 673.541 -3.14793e-13 4.97118e+27 0.000481194 4.15445 21584.1 3.20661e+14 400 4 1 0.993706 
1.79959e+16 673.483 -2.66282e-13 4.97118e+27 0.000458721 4.49904 24519.5 3.3637e+14 401 4 1 0.9937 
1.81675e+16 673.428 -2.21452e-13 4.97118e+27 0.000450115 4.30456 23908.1 3.42801e+14 402 5 1 0.998661 
1.83387e+16 673.377 -1.83431e-13 4.97118e+27 0.000451718 4.28792 23731.2 3.41584e+14 403 4 1 0.999967 
1.85091e+16 673.329 -1.47683e-13 4.97118e+27 0.000453346 4.28756 23644 3.40358e+14 404 4 1 0.999986 
1.86791e+16 673.282 -1.0439e-13 4.97118e+27 0.000454436 4.28894 23594.9 3.39542e+14 405 4 1 0.999994 
1.88487e+16 673.233 -3.65439e-14 4.97118e+27 0.000455132 4.28974 23563.2 3.39023e+14 406 4 1 0.999997 
1.90181e+16 673.17 1.1123e-13 4.97118e+27 0.000455589 4.28999 23540.9 3.38682e+14 407 4 1 0.999999 
1.91874e+16 673.059 5.26899e-13 4.97118e+27 0.000455875 4.28959 23523.9 3.3847e+14 408 4 1 1 
1.93566e+16 672.795 1.76595e-12 4.97118e+27 0.000455961 4.28762 23508.7 3.38406e+14 409 3 1 1 
1.95258e+16 672.035 5.64488e-12 4.97118e+27 0.000455647 4.28113 23489.2 3.3864e+14 410 4 1 1 
1.96952e+16 669.818 1.68485e-11 4.97118e+27 0.000454318 4.26185 23451.7 3.3963e+14 411 4 1 0.999987 
1.98654e+16 663.659 4.44622e-11 4.97118e+27 0.000450547 4.21097 23365.4 3.42473e+14 412 4 1 0.999874 
2.00377e+16 648.256 1.11233e-10 4.97118e+27 0.000441416 4.0905 23166.1 3.49557e+14 413 4 1 0.999227 
2.0215e+16 613.335 2.26928e-10 4.97118e+27 0.000423052 3.85148 22758.6 3.64731e+14 414 4 1 0.996605 
2.04027e+16 544.499 4.73243e-10 4.97118e+27 0.000390094 3.42936 21975.5 3.95546e+14 415 4 1 0.989514 
2.06119e+16 399.504 9.1301e-10 4.97118e+27 0.000341295 2.82376 20683.6 4.52102e+14 416 4 1 0.974657 
2.0859e+16 195.754 9.29969e-10 4.97118e+27 0.000292475 2.25212 19252.9 5.27566e+14 417 4 1 0.959459 
2.11439e+16 52.035 4.30797e-10 4.97118e+27 0.000262579 1.92479 18328.4 5.87633e+14 418 4 1 0.973221 
2.14479e+16 5.32159 8.00235e-11 4.97118e+27 0.000252013 1.81525 18008.4 6.1227e+14 419 4 1 0.994701 
2.17562e+16 -0.373575 1.82508e-12 4.97118e+27 0.000250074 1.79573 17952.1 6.17017e+14 420 4 1 0.999774 
2.20649e+16 -0.0705937 -1.26658e-12 4.97118e+27 0.000249977 1.79477 17949.4 6.17256e+14 421 5 1 0.999999 
2.23735e+16 0.00794971 8.61898e-15 4.97118e+27 0.00025 1.795 17950 6.17201e+14 422 4 1 1 
2.26821e+16 0.00281925 1.8883e-14 4.97118e+27 0.000250001 1.79501 17950 6.17199e+14 423 3 1 1 
2.29907e+16 0.000640391 4.80257e-15 4.97118e+27 0.00025 1.795 17950 6.172e+14 424 4 1 1 
2.32993e+16 0.000130454 1.03844e-15 4.97118e+27 0.00025 1.795 17950 6.172e+14 425 4 1 1 
2.36079e+16 2.47877e-05 2.08432e-16 4.97118e+27 0.00025 1.795 17950 6.172e+14 426 4 1 1 
2.39165e+16 4.41607e-06 3.92075e-17 4.97118e+27 0.00025 1.795 17950 6.172e+14 427 4 1 1 
2.42251e+16 7.36694e-07 6.91168e-18 4.97118e+27 0.00025 1.795 17950 6.172e+14 428 4 1 1 
2.45337e+16 1.14768e-07 1.13895e-18 4.97118e+27 0.00025 1.795 17950 6.172e+14 429 4 1 1 
2.48423e+16 1.66488e-08 1.74921e-19 4.97118e+27 0.00025 1.795 17950 6.172e+14 430 4 1 1 
2.51509e+16 2.23573e-09 2.48975e-20 4.97118e+27 0.00025 1.795 17950 6.172e+14 431 4 1 1 
2.54595e+16 2.81374e-10 3.34733e-21 4.97118e+27 0.00025 1.795 17950 6.172e+14 432 4 1 1 
2.57681e+16 2.52704e-11 4.05695e-22 4.97118e+27 0.00025 1.795 17950 6.172e+14 433 4 1 1 
2.60767e+16 1.15785e-12 1.84198e-23 4.97118e+27 0.00025 1.795 17950 6.172e+14 434 5 1 1 
2.63853e+16 1.25303e-13 2.30247e-24 4.97118e+27 0.00025 1.795 17950 6.172e+14 435 5 1 1 
2.66939e+16 3.06758e-44 5.44899e-55 4.97118e+27 0.00025 1.795 17950 6.172e+14 436 5 1 1 
2.70025e+16 8.5245e-46 9.08165e-56 4.97118e+27 0.00025 1.795 17950 6.172e+14 437 5 1 1 
2.73111e+16 0 0 4.97118e+27 0.00025 1.795 17950 6.172e+14 438 5 1 1 
2.76197e+16 -4.34209e-44 -9.08165e-56 4.97118e+27 0.00025 1.795 17950 6.172e+14 439 5 1 1 
2.79283e+16 -4.32244e-15 -4.60494e-25 4.97118e+27 0.00025 1.795 17950 6.172e+14 440 5 1 1 
2.82369e+16 -3.45106e-13 -3.63266e-55 4.97118e+27 0.00025 1.795 17950 6.172e+14 441 5 1 1 
2.85455e+16 -8.9573e-13 -9.20989e-25 4.97118e+27 0.00025 1.795 17950 6.172e+14 442 5 1 1 
2.88541e+16 -1.69292e-12 -9.20989e-25 4.97118e+27 0.00025 1.795 17950 6.172e+14 443 5 1 1 
2.91627e+16 -3.09914e-12 -4.60494e-25 4.97118e+27 0.00025 1.795 17950 6.172e+14 444 5 1 1 
2.94713e+16 -5.06038e-12 4.60494e-25 4.97118e+27 0.00025 1.795 17950 6.172e+14 445 5 1 1 
2.97799e+16 -3.2141e-12 1.01309e-23 4.97118e+27 0.00025 1.795 17950 6.172e+14 446 5 1 1 
3.00885e+16 -8.98922e-12 9.20989e-24 4.97118e+27 0.00025 1.795 17950 6.172e+14 447 5 1 1 
3.03971e+16 7.78736e-12 -1.05914e-23 4.97118e+27 0.00025 1.795 17950 6.172e+14 448 5 1 1 
3.07057e+16 -1.93076e-12 -8.2889e-24 4.97118e+27 0.00025 1.795 17950 6.172e+14 449 3 1 1 
3.10143e+16 1.93076e-12 8.2889e-24 4.97118e+27 0.00025 1.795 17950 6.172e+14 450 3 1 1 
3.13229e+16 -7.78736e-12 1.05914e-23 4.97118e+27 0.00025 1.795 17950 6.172e+14 451 5 1 1 
3.16315e+16 8.98922e-12 -9.20989e-24 4.97118e+27 0.00025 1.795 17950 6.172e+14 452 5 1 1 
3.19401e+16 3.2141e-12 -1.01309e-23 4.97118e+27 0.00025 1.795 17950 6.172e+14 453 5 1 1 
3.22487e+16 5.06038e-12 -4.60494e-25 4.97118e+27 0.00025 1.795 17950 6.172e+14 454 5 1 1 
3.25573e+16 3.09914e-12 4.60494e-25 4.97118e+27 0.00025 1.795 17950 6.172e+14 455 5 1 1 
3.28659e+16 1.69292e-12 9.20989e-25 4.97118e+27 0.00025 1.795 17950 6.172e+14 456 5 1 1 
3.31745e+16 8.9573e-13 9.20989e-25 4.97118e+27 0.00025 1.795 17950 6.172e+14 457 5 1 1 
3.34831e+16 3.45106e-13 3.63266e-55 4.97118e+27 0.00025 1.795 17950 6.172e+14 458 5 1 1 
3.37917e+16 4.32244e-15 4.60494e-25 4.97118e+27 0.00025 1.795 17950 6.172e+14 459 5 1 1 
3.41003e+16 4.34209e-44 9.08165e-56 4.97118e+27 0.00025 1.795 17950 6.172e+14 460 5 1 1 
3.44089e+16 0 0 4.97118e+27 0.00025 1.795 17950 6.172e+14 461 5 1 1 
3.47175e+16 -2.55585e-45 -9.08165e-56 4.97118e+27 0.00025 1.795 17950 6.172e+14 462 5 1 1 
3.50261e+16 -4.08993e-44 -5.44899e-55 4.97118e+27 0.00025 1.795 17950 6.172e+14 463 5 1 1 
3.53347e+16 -1.59864e-13 -2.30247e-24 4.97118e+27 0.00025 1.795 17950 6.172e+14 464 5 1 1 
3.56433e+16 -1.61586e-12 -1.01309e-23 4.97118e+27 0.00025 1.795 17950 6.172e+14 465 5 1 1 
3.59519e+16 -1.85424e-11 -3.89578e-22 4.97118e+27 0.00025 1.795 17950 6.172e+14 466 4 1 1 
3.62605e+16 -2.82288e-10 -3.38694e-21 4.97118e+27 0.00025 1.795 17950 6.172e+14 467 4 1 1 
3.65691e+16 -2.24224e-09 -2.48672e-20 4.97118e+27 0.00025 1.795 17950 6.172e+14 468 4 1 1 
3.68777e+16 -1.66382e-08 -1.74886e-19 4.97118e+27 0.00025 1.795 17950 6.172e+14 469 4 1 1 
3.71863e+16 -1.14782e-07 -1.13909e-18 4.97118e+27 0.00025 1.795 17950 6.172e+14 470 4 1 1 
3.74949e+16 -7.36688e-07 -6.91153e-18 4.97118e+27 0.00025 1.795 17950 6.172e+14 471 4 1 1 
3.78035e+16 -4.41608e-06 -3.92076e-17 4.97118e+27 0.00025 1.795 17950 6.172e+14 472 4 1 1 
3.81121e+16 -2.47877e-05 -2.08432e-16 4.97118e+27 0.00025 1.795 17950 6.172e+14 473 4 1 1 
3.84207e+16 -0.000130454 -1.03845e-15 4.97118e+27 0.00025 1.795 17950 6.172e+14 474 4 1 1 
3.87293e+16 -0.000640391 -4.80257e-15 4.97118e+27 0.00025 1.795 17950 6.172e+14 475 4 1 1 
3.90379e+16 -0.00281925 -1.8883e-14 4.97118e+27 0.000250001 1.79501 17950 6.17199e+14 476 3 1 1 
3.93465e+16 -0.00794971 -8.61898e-15 4.97118e+27 0.00025 1.795 17950 6.17201e+14 477 4 1 1 
3.96551e+16 0.0705937 1.26658e-12 4.97118e+27 0.000249977 1.79477 17949.4 6.17256e+14 478 5 1 0.999999 
3.99638e+16 0.373575 -1.82508e-12 4.97118e+27 0.000250074 1.79573 17952.1 6.17017e+14 479 4 1 0.999774 
4.02721e+16 -5.32159 -8.00235e-11 4.97118e+27 0.000252013 1.81525 18008.4 6.1227e+14 480 4 1 0.994701 
4.05761e+16 -52.035 -4.30797e-10 4.97118e+27 0.000262579 1.92479 18328.4 5.87633e+14 481 4 1 0.973221 
4.0861e+16 -195.754 -9.29969e-10 4.97118e+27 0.000292475 2.25212 19252.9 5.27566e+14 482 4 1 0.959459 
4.11081e+16 -399.504 -9.1301e-10 4.97118e+27 0.000341295 2.82376 20683.6 4.52102e+14 483 4 1 0.974657 
4.13173e+16 -544.499 -4.73243e-10 4.97118e+27 0.000390094 3.42936 21975.5 3.95546e+14 484 4 1 0.989514 
4.1505e+16 -613.335 -2.26928e-10 4.97118e+27 0.000423052 3.85148 22758.6 3.64731e+14 485 4 1 0.996605 
4.16823e+16 -648.256 -1.11233e-10 4.97118e+27 0.000441416 4.0905 23166.1 3.49557e+14 486 4 1 0.999227 
4.18546e+16 -663.659 -4.44622e-11 4.97118e+27 0.000450547 4.21097 23365.4 3.42473e+14 487 4 1 0.999874 
4.20248e+16 -669.818 -1.68485e-11 4.97118e+27 0.000454318 4.26185 23451.7 3.3963e+14 488 4 1 0.999987 
4.21942e+16 -672.035 -5.64488e-12 4.97118e+27 0.000455647 4.28113 23489.2 3.3864e+14 489 4 1 1 
4.23634e+16 -672.795 -1.76595e-12 4.97118e+27 0.000455961 4.28762 23508.7 3.38406e+14 490 3 1 1 
4.25326e+16 -673.059 -5.26899e-13 4.97118e+27 0.000455875 4.28959 23523.9 3.3847e+14 491 4 1 1 
4.27019e+16 -673.17 -1.1123e-13 4.97118e+27 0.000455589 4.28999 23540.9 3.38682e+14 492 4 1 0.999999 
4.28713e+16 -673.233 3.65439e-14 4.97118e+27 0.000455132 4.28974 23563.2 3.39023e+14 493 4 1 0.999997 
4.30409e+16 -673.282 1.0439e-13 4.97118e+27 0.000454436 4.28894 23594.9 3.39542e+14 494 4 1 0.999994 
4.32109e+16 -673.329 1.47683e-13 4.97118e+27 0.000453346 4.28756 23644 3.40358e+14 495 4 1 0.999986 
4.33813e+16 -673.377 1.83431e-13 4.97118e+27 0.000451718 4.28792 23731.2 3.41584e+14 496 4 1 0.999967 
4.35525e+16 -673.428 2.21452e-13 4.97118e+27 0.000450115 4.30456 23908.1 3.42801e+14 497 5 1 0.998661 
4.37241e+16 -673.483 2.66282e-13 4.97118e+27 0.000458721 4.49904 24519.5 3.3637e+14 498 4 1 0.9937 
4.3889e+16 -673.541 3.14793e-13 4.97118e+27 0.000481194 4.15445 21584.1 3.20661e+14 499 4 1 0.993706 
