# Time [s]: 0.11314
# Columns: pos [m], vel [m/s], acc [m/s^2], mass [kg], dens [kg/m^3], pres [Pa], ene [J/kg], sml [m], id, neighbor, alpha, gradh, ...additional?
1.42602 -0.673581 0.0107139 0.0025 0.506724 0.440068 2.17114 0.00986731 0 4 1 0.994714 
1.43084 -0.67364 0.0121793 0.0025 0.530787 0.411373 1.93756 0.00941998 1 4 1 0.999672 
1.43545 -0.673704 0.0137444 0.0025 0.543887 0.426813 1.96186 0.00919308 2 4 1 0.999988 
1.44003 -0.673775 0.0155114 0.0025 0.545484 0.428532 1.964 0.00916616 3 4 1 0.999999 
1.44462 -0.673855 0.017501 0.0025 0.545871 0.42875 1.96361 0.00915968 4 4 1 1 
1.44919 -0.673944 0.0196708 0.0025 0.545934 0.428764 1.96344 0.00915861 5 3 1 1 
1.45377 -0.674043 0.0219944 0.0025 0.545921 0.428721 1.96329 0.00915883 6 4 1 1 
1.45835 -0.674152 0.0245499 0.0025 0.545887 0.428661 1.96314 0.00915941 7 4 1 1 
1.46293 -0.674272 0.0274722 0.0025 0.545841 0.428593 1.96299 0.00916018 8 4 1 1 
1.46751 -0.674408 0.0310288 0.0025 0.545784 0.428515 1.96284 0.00916114 9 4 1 1 
1.47209 -0.674563 0.0359598 0.0025 0.545713 0.428424 1.96268 0.00916233 10 4 1 1 
1.47668 -0.674747 0.0432432 0.0025 0.545623 0.428314 1.9625 0.00916383 11 4 1 1 
1.48126 -0.674972 0.0535442 0.0025 0.545508 0.428177 1.96229 0.00916578 12 4 1 1 
1.48584 -0.675257 0.0680102 0.0025 0.545357 0.428004 1.96203 0.00916831 13 4 1 1 
1.49043 -0.675625 0.0885047 0.0025 0.54516 0.42778 1.96172 0.00917162 14 4 1 1 
1.49501 -0.676096 0.114853 0.0025 0.544903 0.427492 1.96132 0.00917594 15 4 1 0.999999 
1.4996 -0.676694 0.144048 0.0025 0.54458 0.427132 1.96083 0.00918138 16 4 1 0.999999 
-0.495806 -0.677428 0.173095 0.0025 0.544196 0.426706 1.96025 0.00918786 17 4 1 0.999999 
-0.49121 -0.678259 0.192773 0.0025 0.543779 0.426243 1.95963 0.00919491 18 4 1 0.999998 
-0.486611 -0.67908 0.19146 0.0025 0.543382 0.425803 1.95904 0.00920162 19 4 1 0.999998 
-0.482008 -0.679715 0.0864037 0.0025 0.54312 0.425513 1.95865 0.00920606 20 4 1 0.999999 
-0.477405 -0.680153 0.262812 0.0025 0.542973 0.425341 1.95841 0.00920856 21 5 1 0.999981 
-0.4728 -0.67945 -0.934787 0.0025 0.544154 0.42662 1.96008 0.00918858 22 4 1 0.999706 
-0.468216 -0.670039 -3.28475 0.0025 0.549086 0.432039 1.96715 0.00910604 23 4 1 0.999138 
-0.463693 -0.651935 -5.02454 0.0025 0.558247 0.442171 1.98022 0.00895661 24 4 1 0.998782 
-0.459258 -0.629271 -5.65231 0.0025 0.569864 0.455116 1.99661 0.00877403 25 4 1 0.998823 
-0.454918 -0.606727 -5.30729 0.0025 0.581849 0.468576 2.0133 0.00859329 26 4 1 0.999015 
-0.450664 -0.586561 -4.80912 0.0025 0.593069 0.48127 2.02872 0.00843072 27 4 1 0.999099 
-0.446487 -0.567869 -4.83267 0.0025 0.603817 0.493516 2.04333 0.00828065 28 4 1 0.999023 
-0.442383 -0.548332 -5.37581 0.0025 0.615061 0.506423 2.05845 0.00812927 29 4 1 0.998851 
-0.438357 -0.526831 -6.10455 0.0025 0.627486 0.5208 2.07498 0.0079683 30 4 1 0.998678 
-0.434413 -0.503378 -6.72974 0.0025 0.641185 0.536787 2.09298 0.00779806 31 4 1 0.99856 
-0.430557 -0.478634 -7.20122 0.0025 0.655905 0.554118 2.11206 0.00762306 32 4 1 0.998509 
-0.426789 -0.453231 -7.4975 0.0025 0.671307 0.572421 2.13176 0.00744816 33 4 1 0.998506 
-0.423108 -0.427614 -7.72247 0.0025 0.687127 0.591394 2.15171 0.00727668 34 4 1 0.998536 
-0.419512 -0.402181 -7.85357 0.0025 0.703181 0.610828 2.17168 0.00711055 35 4 1 0.998586 
-0.415997 -0.377069 -7.94027 0.0025 0.719326 0.630551 2.19148 0.00695095 36 4 1 0.998643 
-0.41256 -0.352386 -8.01153 0.0025 0.735493 0.65048 2.21105 0.00679816 37 4 1 0.998704 
-0.409197 -0.328176 -8.04785 0.0025 0.751634 0.67055 2.23032 0.00665218 38 4 1 0.998762 
-0.405907 -0.30442 -8.10308 0.0025 0.767729 0.690738 2.2493 0.00651271 39 4 1 0.99882 
-0.402684 -0.281202 -8.13034 0.0025 0.783771 0.711026 2.26798 0.00637942 40 4 1 0.998876 
-0.399526 -0.258428 -8.15178 0.0025 0.799732 0.731379 2.28634 0.0062521 41 4 1 0.99893 
-0.396431 -0.236144 -8.16994 0.0025 0.815606 0.751782 2.30438 0.00613041 42 4 1 0.998981 
-0.393395 -0.214332 -8.18362 0.0025 0.831387 0.772225 2.32211 0.00601404 43 4 1 0.999029 
-0.390417 -0.192972 -8.18854 0.0025 0.84707 0.792693 2.33953 0.0059027 44 4 1 0.999073 
-0.387492 -0.172086 -8.20953 0.0025 0.862658 0.81319 2.35665 0.00579604 45 4 1 0.999117 
-0.38462 -0.151633 -8.2049 0.0025 0.878145 0.833702 2.37348 0.00569382 46 4 1 0.999161 
-0.381798 -0.131565 -8.181 0.0025 0.893495 0.854176 2.38999 0.005596 47 4 1 0.99921 
-0.379024 -0.112078 -8.08102 0.0025 0.908648 0.874522 2.40612 0.00550268 48 4 1 0.99925 
-0.376295 -0.093202 -8.04863 0.0025 0.923625 0.894754 2.42189 0.00541345 49 4 1 0.99924 
-0.37361 -0.0741874 -8.58576 0.0025 0.938836 0.915459 2.43778 0.00532574 50 4 1 0.999271 
-0.370969 -0.0546709 -8.5597 0.0025 0.954133 0.936484 2.45365 0.00524036 51 4 1 0.999524 
-0.368369 -0.0380948 -5.94135 0.0025 0.967289 0.954614 2.4671 0.00516908 52 4 1 0.999702 
-0.365799 -0.0274632 -4.30131 0.0025 0.977537 0.968582 2.47734 0.0051149 53 4 1 0.99938 
-0.363254 -0.0130081 -10.1903 0.0025 0.990939 0.987172 2.49087 0.00504572 54 4 1 0.998788 
-0.360753 0.0142074 -14.2829 0.0025 1.01105 1.01575 2.5113 0.00494534 55 4 1 0.999536 
-0.358308 0.0354199 -5.12748 0.0025 1.02716 1.0386 2.52728 0.00486781 56 4 1 1.00002 
-0.355885 0.0380891 0.681461 0.0025 1.03134 1.0443 2.53121 0.00484805 57 3 1 1 
-0.35346 0.035282 1.66656 0.0025 1.02912 1.04107 2.52897 0.00485852 58 4 1 0.999992 
-0.351027 0.0310816 2.18665 0.0025 1.02542 1.03581 2.5253 0.00487604 59 4 1 0.999964 
-0.348584 0.0261989 2.4386 0.0025 1.02122 1.02986 2.52114 0.00489611 60 4 1 0.999951 
-0.346131 0.0211187 2.4652 0.0025 1.01695 1.02381 2.51689 0.00491667 61 4 1 0.999948 
-0.343667 0.0162741 2.28884 0.0025 1.01295 1.01818 2.51291 0.00493607 62 4 1 0.999953 
-0.341195 0.0119954 1.97226 0.0025 1.00948 1.01328 2.50945 0.00495305 63 4 1 0.999963 
-0.338714 0.00846826 1.58951 0.0025 1.00665 1.00931 2.50663 0.00496696 64 4 1 0.999975 
-0.336228 0.00573602 1.20649 0.0025 1.00448 1.00627 2.50447 0.00497769 65 4 1 0.999985 
-0.333736 0.00373488 0.86775 0.0025 1.00291 1.00406 2.50289 0.00498551 66 4 1 0.999992 
-0.331242 0.00234164 0.594385 0.0025 1.00182 1.00253 2.50181 0.00499094 67 4 1 0.999996 
-0.328746 0.00141554 0.389283 0.0025 1.00109 1.00152 2.50109 0.00499454 68 4 1 0.999998 
-0.326248 0.000825845 0.244488 0.0025 1.00064 1.00089 2.50063 0.00499682 69 4 1 0.999999 
-0.323749 0.000465277 0.147545 0.0025 1.00036 1.0005 2.50036 0.00499821 70 4 1 1 
-0.321249 0.000253221 0.0856754 0.0025 1.00019 1.00027 2.50019 0.00499903 71 4 1 1 
-0.31875 0.00013314 0.0479083 0.0025 1.0001 1.00014 2.5001 0.00499949 72 4 1 1 
-0.31625 6.76249e-05 0.0258105 0.0025 1.00005 1.00007 2.50005 0.00499974 73 4 1 1 
-0.31375 3.31751e-05 0.0134001 0.0025 1.00003 1.00004 2.50003 0.00499987 74 4 1 1 
-0.31125 1.57142e-05 0.00670432 0.0025 1.00001 1.00002 2.50001 0.00499994 75 4 1 1 
-0.30875 7.18422e-06 0.00323214 0.0025 1.00001 1.00001 2.50001 0.00499997 76 4 1 1 
-0.30625 3.16852e-06 0.00150108 0.0025 1 1 2.5 0.00499999 77 4 1 1 
-0.30375 1.3473e-06 0.000671331 0.0025 1 1 2.5 0.00499999 78 4 1 1 
-0.30125 5.51941e-07 0.000288981 0.0025 1 1 2.5 0.005 79 4 1 1 
-0.29875 2.17652e-07 0.000119653 0.0025 1 1 2.5 0.005 80 4 1 1 
-0.29625 8.25323e-08 4.7615e-05 0.0025 1 1 2.5 0.005 81 4 1 1 
-0.29375 3.00561e-08 1.81925e-05 0.0025 1 1 2.5 0.005 82 4 1 1 
-0.29125 1.04961e-08 6.66535e-06 0.0025 1 1 2.5 0.005 83 4 1 1 
-0.28875 3.50828e-09 2.3381e-06 0.0025 1 1 2.5 0.005 84 4 1 1 
-0.28625 1.11979e-09 7.83754e-07 0.0025 1 1 2.5 0.005 85 4 1 1 
-0.28375 3.40323e-10 2.504e-07 0.0025 1 1 2.5 0.005 86 4 1 1 
-0.28125 9.8099e-11 7.60434e-08 0.0025 1 1 2.5 0.005 87 4 1 1 
-0.27875 2.66824e-11 2.18481e-08 0.0025 1 1 2.5 0.005 88 4 1 1 
-0.27625 6.81616e-12 5.91814e-09 0.0025 1 1 2.5 0.005 89 4 1 1 
-0.27375 1.61678e-12 1.48913e-09 0.0025 1 1 2.5 0.005 90 4 1 1 
-0.27125 3.48202e-13 3.37309e-10 0.0025 1 1 2.5 0.005 91 4 1 1 
-0.26875 7.00542e-14 9.65201e-11 0.0025 1 1 2.5 0.005 92 4 1 1 
-0.26625 2.31744e-15 3.63798e-12 0.0025 1 1 2.5 0.005 93 5 1 1 
-0.26375 2.76725e-16 7.95808e-13 0.0025 1 1 2.5 0.005 94 5 1 1 
-0.26125 6.82201e-47 1.79366e-43 0.0025 1 1 2.5 0.005 95 5 1 1 
-0.25875 0 0 0.0025 1 1 2.5 0.005 96 5 1 1 
-0.25625 0 0 0.0025 1 1 2.5 0.005 97 5 1 1 
-0.25375 0 0 0.0025 1 1 2.5 0.005 98 5 1 1 
-0.25125 0 0 0.0025 1 1 2.5 0.005 99 5 1 1 
-0.24875 0 0 0.0025 1 1 2.5 0.005 100 5 1 1 
-0.24625 0 0 0.0025 1 1 2.5 0.005 101 5 1 1 
-0.24375 0 0 0.0025 1 1 2.5 0.005 102 5 1 1 
-0.24125 0 0 0.0025 1 1 2.5 0.005 103 5 1 1 
-0.23875 0 0 0.0025 1 1 2.5 0.005 104 5 1 1 
-0.23625 0 0 0.0025 1 1 2.5 0.005 105 5 1 1 
-0.23375 0 0 0.0025 1 1 2.5 0.005 106 5 1 1 
-0.23125 0 0 0.0025 1 1 2.5 0.005 107 5 1 1 
-0.22875 0 0 0.0025 1 1 2.5 0.005 108 5 1 1 
-0.22625 0 0 0.0025 1 1 2.5 0.005 109 5 1 1 
-0.22375 0 0 0.0025 1 1 2.5 0.005 110 5 1 1 
-0.22125 0 0 0.0025 1 1 2.5 0.005 111 5 1 1 
-0.21875 0 0 0.0025 1 1 2.5 0.005 112 5 1 1 
-0.21625 0 0 0.0025 1 1 2.5 0.005 113 5 1 1 
-0.21375 0 0 0.0025 1 1 2.5 0.005 114 5 1 1 
-0.21125 0 0 0.0025 1 1 2.5 0.005 115 5 1 1 
-0.20875 0 0 0.0025 1 1 2.5 0.005 116 5 1 1 
-0.20625 0 0 0.0025 1 1 2.5 0.005 117 5 1 1 
-0.20375 0 0 0.0025 1 1 2.5 0.005 118 5 1 1 
-0.20125 0 0 0.0025 1 1 2.5 0.005 119 5 1 1 
-0.19875 0 0 0.0025 1 1 2.5 0.005 120 5 1 1 
-0.19625 0 0 0.0025 1 1 2.5 0.005 121 5 1 1 
-0.19375 0 0 0.0025 1 1 2.5 0.005 122 5 1 1 
-0.19125 0 0 0.0025 1 1 2.5 0.005 123 5 1 1 
-0.18875 0 0 0.0025 1 1 2.5 0.005 124 5 1 1 
-0.18625 0 0 0.0025 1 1 2.5 0.005 125 5 1 1 
-0.18375 0 0 0.0025 1 1 2.5 0.005 126 5 1 1 
-0.18125 0 0 0.0025 1 1 2.5 0.005 127 5 1 1 
-0.17875 0 0 0.0025 1 1 2.5 0.005 128 5 1 1 
-0.17625 0 0 0.0025 1 1 2.5 0.005 129 5 1 1 
-0.17375 0 0 0.0025 1 1 2.5 0.005 130 5 1 1 
-0.17125 0 0 0.0025 1 1 2.5 0.005 131 5 1 1 
-0.16875 0 0 0.0025 1 1 2.5 0.005 132 5 1 1 
-0.16625 0 0 0.0025 1 1 2.5 0.005 133 5 1 1 
-0.16375 0 0 0.0025 1 1 2.5 0.005 134 5 1 1 
-0.16125 0 0 0.0025 1 1 2.5 0.005 135 5 1 1 
-0.15875 0 0 0.0025 1 1 2.5 0.005 136 5 1 1 
-0.15625 0 0 0.0025 1 1 2.5 0.005 137 5 1 1 
-0.15375 0 0 0.0025 1 1 2.5 0.005 138 5 1 1 
-0.15125 0 0 0.0025 1 1 2.5 0.005 139 5 1 1 
-0.14875 0 0 0.0025 1 1 2.5 0.005 140 5 1 1 
-0.14625 0 0 0.0025 1 1 2.5 0.005 141 5 1 1 
-0.14375 0 0 0.0025 1 1 2.5 0.005 142 5 1 1 
-0.14125 0 0 0.0025 1 1 2.5 0.005 143 5 1 1 
-0.13875 0 0 0.0025 1 1 2.5 0.005 144 5 1 1 
-0.13625 0 0 0.0025 1 1 2.5 0.005 145 5 1 1 
-0.13375 0 0 0.0025 1 1 2.5 0.005 146 5 1 1 
-0.13125 0 0 0.0025 1 1 2.5 0.005 147 5 1 1 
-0.12875 0 0 0.0025 1 1 2.5 0.005 148 5 1 1 
-0.12625 0 0 0.0025 1 1 2.5 0.005 149 5 1 1 
-0.12375 0 0 0.0025 1 1 2.5 0.005 150 5 1 1 
-0.12125 0 0 0.0025 1 1 2.5 0.005 151 5 1 1 
-0.11875 0 0 0.0025 1 1 2.5 0.005 152 5 1 1 
-0.11625 0 0 0.0025 1 1 2.5 0.005 153 5 1 1 
-0.11375 0 0 0.0025 1 1 2.5 0.005 154 5 1 1 
-0.11125 0 0 0.0025 1 1 2.5 0.005 155 5 1 1 
-0.10875 0 0 0.0025 1 1 2.5 0.005 156 5 1 1 
-0.10625 0 0 0.0025 1 1 2.5 0.005 157 5 1 1 
-0.10375 0 0 0.0025 1 1 2.5 0.005 158 5 1 1 
-0.10125 0 0 0.0025 1 1 2.5 0.005 159 5 1 1 
-0.09875 0 0 0.0025 1 1 2.5 0.005 160 5 1 1 
-0.09625 0 0 0.0025 1 1 2.5 0.005 161 5 1 1 
-0.09375 0 0 0.0025 1 1 2.5 0.005 162 5 1 1 
-0.09125 0 0 0.0025 1 1 2.5 0.005 163 5 1 1 
-0.08875 0 0 0.0025 1 1 2.5 0.005 164 5 1 1 
-0.08625 0 0 0.0025 1 1 2.5 0.005 165 5 1 1 
-0.08375 0 0 0.0025 1 1 2.5 0.005 166 5 1 1 
-0.08125 0 0 0.0025 1 1 2.5 0.005 167 5 1 1 
-0.07875 0 0 0.0025 1 1 2.5 0.005 168 5 1 1 
-0.07625 0 0 0.0025 1 1 2.5 0.005 169 5 1 1 
-0.07375 0 0 0.0025 1 1 2.5 0.005 170 5 1 1 
-0.07125 0 0 0.0025 1 1 2.5 0.005 171 5 1 1 
-0.06875 0 0 0.0025 1 1 2.5 0.005 172 5 1 1 
-0.06625 0 0 0.0025 1 1 2.5 0.005 173 5 1 1 
-0.06375 -3.74954e-47 -1.12104e-44 0.0025 1 1 2.5 0.005 174 5 1 1 
-0.06125 -6.90833e-17 -1.12104e-44 0.0025 1 1 2.5 0.005 175 5 1 1 
-0.05875 -2.06851e-16 0 0.0025 1 1 2.5 0.005 176 5 1 1 
-0.05625 -3.43961e-16 0 0.0025 1 1 2.5 0.005 177 5 1 1 
-0.05375 -4.80074e-16 0 0.0025 1 1 2.5 0.005 178 5 1 1 
-0.05125 -6.32217e-16 -5.68434e-14 0.0025 1 1 2.5 0.005 179 5 1 1 
-0.04875 -8.00111e-16 5.68434e-14 0.0025 1 1 2.5 0.005 180 5 1 1 
-0.04625 -9.66474e-16 -5.68434e-14 0.0025 1 1 2.5 0.005 181 5 1 1 
-0.04375 -1.16437e-15 5.68434e-14 0.0025 1 1 2.5 0.005 182 5 1 1 
-0.04125 -1.39258e-15 -5.68434e-14 0.0025 1 1 2.5 0.005 183 5 1 1 
-0.03875 -1.59439e-15 3.9443e-29 0.0025 1 1 2.5 0.005 184 5 1 1 
-0.03625 -1.90898e-15 -5.68434e-14 0.0025 1 1 2.5 0.005 185 5 1 1 
-0.03375 -3.29065e-15 -3.15544e-28 0.0025 1 1 2.5 0.005 186 4 1 1 
-0.03125 -9.86351e-16 -1.7053e-13 0.0025 1 1 2.5 0.005 187 4 1 1 
-0.02875 -2.84611e-15 -1.7053e-13 0.0025 1 1 2.5 0.005 188 4 1 1 
-0.02625 1.52428e-15 2.84217e-13 0.0025 1 1 2.5 0.005 189 4 1 1 
-0.02375 1.06761e-16 5.68434e-14 0.0025 1 1 2.5 0.005 190 4 1 1 
-0.02125 -9.87453e-16 5.68434e-14 0.0025 1 1 2.5 0.005 191 5 1 1 
-0.01875 -2.30985e-15 -5.11591e-13 0.0025 1 1 2.5 0.005 192 4 1 1 
-0.01625 -9.86877e-16 1.08002e-12 0.0025 1 1 2.5 0.005 193 3 1 1 
-0.01375 -7.91038e-16 -7.38964e-13 0.0025 1 1 2.5 0.005 194 4 1 1 
-0.01125 -6.5019e-16 0 0.0025 1 1 2.5 0.005 195 3 1 1 
-0.00875 -1.07054e-15 3.54987e-28 0.0025 1 1 2.5 0.005 196 3 1 1 
-0.00625 4.59639e-16 0 0.0025 1 1 2.5 0.005 197 3 1 1 
-0.00375 1.70297e-17 -1.7053e-13 0.0025 1 1 2.5 0.005 198 3 1 1 
-0.00125 -2.23799e-16 5.68434e-14 0.0025 1 1 2.5 0.005 199 3 1 1 
0.00125 -1.66188e-16 3.41061e-13 0.0025 1 1 2.5 0.005 200 4 1 1 
0.00375 -2.79323e-16 -5.68434e-14 0.0025 1 1 2.5 0.005 201 4 1 1 
0.00625 -3.67979e-16 -5.68434e-14 0.0025 1 1 2.5 0.005 202 4 1 1 
0.00875 -1.11189e-15 -5.68434e-14 0.0025 1 1 2.5 0.005 203 3 1 1 
0.01125 8.03597e-17 5.68434e-14 0.0025 1 1 2.5 0.005 204 3 1 1 
0.01375 -2.07465e-17 -5.68434e-14 0.0025 1 1 2.5 0.005 205 4 1 1 
0.01625 -2.1919e-16 -5.68434e-14 0.0025 1 1 2.5 0.005 206 4 1 1 
0.01875 -8.16637e-16 2.07076e-28 0.0025 1 1 2.5 0.005 207 5 1 1 
0.02125 5.65569e-16 1.13687e-13 0.0025 1 1 2.5 0.005 208 5 1 1 
0.02375 -4.34211e-16 -5.68434e-14 0.0025 1 1 2.5 0.005 209 4 1 1 
0.02625 2.33973e-15 5.68434e-14 0.0025 1 1 2.5 0.005 210 3 1 1 
0.02875 1.12847e-15 -2.76101e-28 0.0025 1 1 2.5 0.005 211 3 1 1 
0.03125 4.9117e-15 -5.68434e-14 0.0025 1 1 2.5 0.005 212 4 1 1 
0.03375 3.24051e-15 5.68434e-14 0.0025 1 1 2.5 0.005 213 5 1 1 
0.03625 2.9818e-15 5.68434e-14 0.0025 1 1 2.5 0.005 214 5 1 1 
0.03875 2.43616e-15 1.12104e-44 0.0025 1 1 2.5 0.005 215 5 1 1 
0.04125 2.00518e-15 2.24208e-44 0.0025 1 1 2.5 0.005 216 5 1 1 
0.04375 1.5327e-15 0 0.0025 1 1 2.5 0.005 217 5 1 1 
0.04625 1.12663e-15 2.24208e-44 0.0025 1 1 2.5 0.005 218 5 1 1 
0.04875 8.89919e-16 2.24208e-44 0.0025 1 1 2.5 0.005 219 5 1 1 
0.05125 6.69321e-16 5.68434e-14 0.0025 1 1 2.5 0.005 220 5 1 1 
0.05375 4.81577e-16 0 0.0025 1 1 2.5 0.005 221 5 1 1 
0.05625 3.44604e-16 0 0.0025 1 1 2.5 0.005 222 5 1 1 
0.05875 2.07062e-16 0 0.0025 1 1 2.5 0.005 223 5 1 1 
0.06125 6.91143e-17 1.12104e-44 0.0025 1 1 2.5 0.005 224 5 1 1 
0.06375 3.75041e-47 1.12104e-44 0.0025 1 1 2.5 0.005 225 5 1 1 
0.06625 0 0 0.0025 1 1 2.5 0.005 226 5 1 1 
0.06875 0 0 0.0025 1 1 2.5 0.005 227 5 1 1 
0.07125 0 0 0.0025 1 1 2.5 0.005 228 5 1 1 
0.07375 0 0 0.0025 1 1 2.5 0.005 229 5 1 1 
0.07625 0 0 0.0025 1 1 2.5 0.005 230 5 1 1 
0.07875 0 0 0.0025 1 1 2.5 0.005 231 5 1 1 
0.08125 0 0 0.0025 1 1 2.5 0.005 232 5 1 1 
0.08375 0 0 0.0025 1 1 2.5 0.005 233 5 1 1 
0.08625 0 0 0.0025 1 1 2.5 0.005 234 5 1 1 
0.08875 0 0 0.0025 1 1 2.5 0.005 235 5 1 1 
0.09125 0 0 0.0025 1 1 2.5 0.005 236 5 1 1 
0.09375 -8.61637e-46 -1.12104e-44 0.0025 1 1 2.5 0.005 237 5 1 1 
0.09625 -1.69188e-16 0 0.0025 1 1 2.5 0.005 238 5 1 1 
0.09875 -3.37357e-16 1.12104e-44 0.0025 1 1 2.5 0.005 239 5 1 1 
0.10125 1.58941e-15 0 0.0025 1 1 2.5 0.005 240 5 1 1 
0.10375 1.42405e-15 6.72623e-44 0.0025 1 1 2.5 0.005 241 5 1 1 
0.10625 3.09883e-15 -5.68434e-14 0.0025 1 1 2.5 0.005 242 5 1 1 
0.10875 1.43675e-15 5.68434e-14 0.0025 1 1 2.5 0.005 243 5 1 1 
0.11125 1.22465e-15 -5.68434e-14 0.0025 1 1 2.5 0.005 244 5 1 1 
0.11375 -1.14565e-15 3.92364e-43 0.0025 1 1 2.5 0.005 245 5 1 1 
0.11625 2.48074e-15 1.7053e-13 0.0025 1 1 2.5 0.005 246 5 1 1 
0.11875 -7.95171e-16 1.13687e-13 0.0025 1 1 2.5 0.005 247 5 1 1 
0.12125 6.1917e-16 -1.7053e-13 0.0025 1 1 2.5 0.005 248 5 1 1 
0.12375 -1.89575e-15 -1.7053e-13 0.0025 1 1 2.5 0.005 249 4 1 1 
0.12625 1.89575e-15 1.7053e-13 0.0025 1 1 2.5 0.005 250 4 1 1 
0.12875 -6.1917e-16 1.7053e-13 0.0025 1 1 2.5 0.005 251 5 1 1 
0.13125 7.95171e-16 -1.13687e-13 0.0025 1 1 2.5 0.005 252 5 1 1 
0.13375 -2.48074e-15 -1.7053e-13 0.0025 1 1 2.5 0.005 253 5 1 1 
0.13625 1.14565e-15 -3.92364e-43 0.0025 1 1 2.5 0.005 254 5 1 1 
0.13875 -1.22465e-15 5.68434e-14 0.0025 1 1 2.5 0.005 255 5 1 1 
0.14125 -1.43675e-15 -5.68434e-14 0.0025 1 1 2.5 0.005 256 5 1 1 
0.14375 -3.09883e-15 5.68434e-14 0.0025 1 1 2.5 0.005 257 5 1 1 
0.14625 -1.42405e-15 -6.72623e-44 0.0025 1 1 2.5 0.005 258 5 1 1 
0.14875 -1.58941e-15 0 0.0025 1 1 2.5 0.005 259 5 1 1 
0.15125 3.37357e-16 -1.12104e-44 0.0025 1 1 2.5 0.005 260 5 1 1 
0.15375 1.69188e-16 0 0.0025 1 1 2.5 0.005 261 5 1 1 
0.15625 8.61637e-46 1.12104e-44 0.0025 1 1 2.5 0.005 262 5 1 1 
0.15875 0 0 0.0025 1 1 2.5 0.005 263 5 1 1 
0.16125 0 0 0.0025 1 1 2.5 0.005 264 5 1 1 
0.16375 0 0 0.0025 1 1 2.5 0.005 265 5 1 1 
0.16625 0 0 0.0025 1 1 2.5 0.005 266 5 1 1 
0.16875 0 0 0.0025 1 1 2.5 0.005 267 5 1 1 
0.17125 0 0 0.0025 1 1 2.5 0.005 268 5 1 1 
0.17375 0 0 0.0025 1 1 2.5 0.005 269 5 1 1 
0.17625 0 0 0.0025 1 1 2.5 0.005 270 5 1 1 
0.17875 0 0 0.0025 1 1 2.5 0.005 271 5 1 1 
0.18125 0 0 0.0025 1 1 2.5 0.005 272 5 1 1 
0.18375 0 0 0.0025 1 1 2.5 0.005 273 5 1 1 
0.18625 0 0 0.0025 1 1 2.5 0.005 274 5 1 1 
0.18875 0 0 0.0025 1 1 2.5 0.005 275 5 1 1 
0.19125 0 0 0.0025 1 1 2.5 0.005 276 5 1 1 
0.19375 0 0 0.0025 1 1 2.5 0.005 277 5 1 1 
0.19625 0 0 0.0025 1 1 2.5 0.005 278 5 1 1 
0.19875 0 0 0.0025 1 1 2.5 0.005 279 5 1 1 
0.20125 -4.65423e-46 -1.12104e-44 0.0025 1 1 2.5 0.005 280 5 1 1 
0.20375 -6.85718e-17 -1.12104e-44 0.0025 1 1 2.5 0.005 281 5 1 1 
0.20625 -2.05192e-16 0 0.0025 1 1 2.5 0.005 282 5 1 1 
0.20875 -3.75697e-16 1.12104e-44 0.0025 1 1 2.5 0.005 283 5 1 1 
0.21125 -4.93348e-16 5.68434e-14 0.0025 1 1 2.5 0.005 284 5 1 1 
0.21375 -6.61904e-16 5.68434e-14 0.0025 1 1 2.5 0.005 285 5 1 1 
0.21625 1.43173e-15 1.13687e-13 0.0025 1 1 2.5 0.005 286 5 1 1 
0.21875 1.2336e-15 8.96831e-44 0.0025 1 1 2.5 0.005 287 5 1 1 
0.22125 4.42837e-15 -7.84727e-44 0.0025 1 1 2.5 0.005 288 5 1 1 
0.22375 3.17897e-15 1.13687e-13 0.0025 1 1 2.5 0.005 289 5 1 1 
0.22625 2.77556e-15 1.13687e-13 0.0025 1 1 2.5 0.005 290 5 1 1 
0.22875 8.45943e-16 5.68434e-14 0.0025 1 1 2.5 0.005 291 5 1 1 
0.23125 2.99012e-15 -1.7053e-13 0.0025 1 1 2.5 0.005 292 5 1 1 
0.23375 2.97012e-16 -1.7053e-13 0.0025 1 1 2.5 0.005 293 5 1 1 
0.23625 2.54675e-15 1.13687e-13 0.0025 1 1 2.5 0.005 294 5 1 1 
0.23875 -1.05306e-15 5.68434e-14 0.0025 1 1 2.5 0.005 295 5 1 1 
0.24125 3.52154e-15 -3.41061e-13 0.0025 1 1 2.5 0.005 296 5 1 1 
0.24375 -7.56959e-16 -2.84217e-13 0.0025 1 1 2.5 0.005 297 5 1 1 
0.24625 5.64332e-15 7.38964e-13 0.0025 1 1 2.5 0.005 298 5 1 1 
0.24875 3.28043e-16 6.82121e-13 0.0025 1 1 2.5 0.005 299 3 1 1 
0.25125 -3.28043e-16 -6.82121e-13 0.0025 1 1 2.5 0.005 300 3 1 1 
0.25375 -5.64332e-15 -7.38964e-13 0.0025 1 1 2.5 0.005 301 5 1 1 
0.25625 7.56959e-16 2.84217e-13 0.0025 1 1 2.5 0.005 302 5 1 1 
0.25875 -3.52154e-15 3.41061e-13 0.0025 1 1 2.5 0.005 303 5 1 1 
0.26125 1.03577e-15 -1.13687e-13 0.0025 1 1 2.5 0.005 304 5 1 1 
0.26375 -2.66782e-15 -3.97904e-13 0.0025 1 1 2.5 0.005 305 5 1 1 
0.26625 -2.44161e-15 -3.9222e-12 0.0025 1 1 2.5 0.005 306 5 1 1 
0.26875 -7.2422e-14 -9.61222e-11 0.0025 1 1 2.5 0.005 307 4 1 1 
0.27125 -3.49981e-13 -3.37479e-10 0.0025 1 1 2.5 0.005 308 4 1 1 
0.27375 -1.61941e-12 -1.48924e-09 0.0025 1 1 2.5 0.005 309 4 1 1 
0.27625 -6.81813e-12 -5.91803e-09 0.0025 1 1 2.5 0.005 310 4 1 1 
0.27875 -2.66847e-11 -2.18481e-08 0.0025 1 1 2.5 0.005 311 4 1 1 
0.28125 -9.81006e-11 -7.60436e-08 0.0025 1 1 2.5 0.005 312 4 1 1 
0.28375 -3.40324e-10 -2.504e-07 0.0025 1 1 2.5 0.005 313 4 1 1 
0.28625 -1.11979e-09 -7.83754e-07 0.0025 1 1 2.5 0.005 314 4 1 1 
0.28875 -3.50828e-09 -2.3381e-06 0.0025 1 1 2.5 0.005 315 4 1 1 
0.29125 -1.04961e-08 -6.66535e-06 0.0025 1 1 2.5 0.005 316 4 1 1 
0.29375 -3.00561e-08 -1.81925e-05 0.0025 1 1 2.5 0.005 317 4 1 1 
0.29625 -8.25323e-08 -4.7615e-05 0.0025 1 1 2.5 0.005 318 4 1 1 
0.29875 -2.17652e-07 -0.000119653 0.0025 1 1 2.5 0.005 319 4 1 1 
0.30125 -5.51941e-07 -0.000288981 0.0025 1 1 2.5 0.005 320 4 1 1 
0.30375 -1.3473e-06 -0.000671331 0.0025 1 1 2.5 0.00499999 321 4 1 1 
0.30625 -3.16852e-06 -0.00150108 0.0025 1 1 2.5 0.00499999 322 4 1 1 
0.30875 -7.18422e-06 -0.00323214 0.0025 1.00001 1.00001 2.50001 0.00499997 323 4 1 1 
0.31125 -1.57142e-05 -0.00670432 0.0025 1.00001 1.00002 2.50001 0.00499994 324 4 1 1 
0.31375 -3.31751e-05 -0.0134001 0.0025 1.00003 1.00004 2.50003 0.00499987 325 4 1 1 
0.31625 -6.76249e-05 -0.0258105 0.0025 1.00005 1.00007 2.50005 0.00499974 326 4 1 1 
0.31875 -0.00013314 -0.0479083 0.0025 1.0001 1.00014 2.5001 0.00499949 327 4 1 1 
0.321249 -0.000253221 -0.0856754 0.0025 1.00019 1.00027 2.50019 0.00499903 328 4 1 1 
0.323749 -0.000465277 -0.147545 0.0025 1.00036 1.0005 2.50036 0.00499821 329 4 1 1 
0.326248 -0.000825845 -0.244488 0.0025 1.00064 1.00089 2.50063 0.00499682 330 4 1 0.999999 
0.328746 -0.00141554 -0.389283 0.0025 1.00109 1.00152 2.50109 0.00499454 331 4 1 0.999998 
0.331242 -0.00234164 -0.594385 0.0025 1.00182 1.00253 2.50181 0.00499094 332 4 1 0.999996 
0.333736 -0.00373488 -0.86775 0.0025 1.00291 1.00406 2.50289 0.00498551 333 4 1 0.999992 
0.336228 -0.00573602 -1.20649 0.0025 1.00448 1.00627 2.50447 0.00497769 334 4 1 0.999985 
0.338714 -0.00846826 -1.58951 0.0025 1.00665 1.00931 2.50663 0.00496696 335 4 1 0.999975 
0.341195 -0.0119954 -1.97226 0.0025 1.00948 1.01328 2.50945 0.00495305 336 4 1 0.999963 
0.343667 -0.0162741 -2.28884 0.0025 1.01295 1.01818 2.51291 0.00493607 337 4 1 0.999953 
0.346131 -0.0211187 -2.4652 0.0025 1.01695 1.02381 2.51689 0.00491667 338 4 1 0.999948 
0.348584 -0.0261989 -2.4386 0.0025 1.02122 1.02986 2.52114 0.00489611 339 4 1 0.999951 
0.351027 -0.0310816 -2.18665 0.0025 1.02542 1.03581 2.5253 0.00487604 340 4 1 0.999964 
0.35346 -0.035282 -1.66656 0.0025 1.02912 1.04107 2.52897 0.00485852 341 4 1 0.999992 
0.355885 -0.0380891 -0.681461 0.0025 1.03134 1.0443 2.53121 0.00484805 342 3 1 1 
0.358308 -0.0354199 5.12748 0.0025 1.02716 1.0386 2.52728 0.00486781 343 4 1 1.00002 
0.360753 -0.0142074 14.2829 0.0025 1.01105 1.01575 2.5113 0.00494534 344 4 1 0.999536 
0.363254 0.0130081 10.1903 0.0025 0.990939 0.987172 2.49087 0.00504572 345 4 1 0.998788 
0.365799 0.0274632 4.30131 0.0025 0.977537 0.968582 2.47734 0.0051149 346 4 1 0.99938 
0.368369 0.0380948 5.94135 0.0025 0.967289 0.954614 2.4671 0.00516908 347 4 1 0.999702 
0.370969 0.0546709 8.5597 0.0025 0.954133 0.936484 2.45365 0.00524036 348 4 1 0.999524 
0.37361 0.0741874 8.58576 0.0025 0.938836 0.915459 2.43778 0.00532574 349 4 1 0.999271 
0.376295 0.093202 8.04863 0.0025 0.923625 0.894754 2.42189 0.00541345 350 4 1 0.99924 
0.379024 0.112078 8.08102 0.0025 0.908648 0.874522 2.40612 0.00550268 351 4 1 0.99925 
0.381798 0.131565 8.181 0.0025 0.893495 0.854176 2.38999 0.005596 352 4 1 0.99921 
0.38462 0.151633 8.2049 0.0025 0.878145 0.833702 2.37348 0.00569382 353 4 1 0.999161 
0.387492 0.172086 8.20953 0.0025 0.862658 0.81319 2.35665 0.00579604 354 4 1 0.999117 
0.390417 0.192972 8.18854 0.0025 0.84707 0.792693 2.33953 0.0059027 355 4 1 0.999073 
0.393395 0.214332 8.18362 0.0025 0.831387 0.772225 2.32211 0.00601404 356 4 1 0.999029 
0.396431 0.236144 8.16994 0.0025 0.815606 0.751782 2.30438 0.00613041 357 4 1 0.998981 
0.399526 0.258428 8.15178 0.0025 0.799732 0.731379 2.28634 0.0062521 358 4 1 0.99893 
0.402684 0.281202 8.13034 0.0025 0.783771 0.711026 2.26798 0.00637942 359 4 1 0.998876 
0.405907 0.30442 8.10308 0.0025 0.767729 0.690738 2.2493 0.00651271 360 4 1 0.99882 
0.409197 0.328176 8.04785 0.0025 0.751634 0.67055 2.23032 0.00665218 361 4 1 0.998762 
0.41256 0.352386 8.01153 0.0025 0.735493 0.65048 2.21105 0.00679816 362 4 1 0.998704 
0.415997 0.377069 7.94027 0.0025 0.719326 0.630551 2.19148 0.00695095 363 4 1 0.998643 
0.419512 0.402181 7.85357 0.0025 0.703181 0.610828 2.17168 0.00711055 364 4 1 0.998586 
0.423108 0.427614 7.72247 0.0025 0.687127 0.591394 2.15171 0.00727668 365 4 1 0.998536 
0.426789 0.453231 7.4975 0.0025 0.671307 0.572421 2.13176 0.00744816 366 4 1 0.998506 
0.430557 0.478634 7.20122 0.0025 0.655905 0.554118 2.11206 0.00762306 367 4 1 0.998509 
0.434413 0.503378 6.72974 0.0025 0.641185 0.536787 2.09298 0.00779806 368 4 1 0.99856 
0.438357 0.526831 6.10455 0.0025 0.627486 0.5208 2.07498 0.0079683 369 4 1 0.998678 
0.442383 0.548332 5.37581 0.0025 0.615061 0.506423 2.05845 0.00812927 370 4 1 0.998851 
0.446487 0.567869 4.83267 0.0025 0.603817 0.493516 2.04333 0.00828065 371 4 1 0.999023 
0.450664 0.586561 4.80912 0.0025 0.593069 0.48127 2.02872 0.00843072 372 4 1 0.999099 
0.454918 0.606727 5.30729 0.0025 0.581849 0.468576 2.0133 0.00859329 373 4 1 0.999015 
0.459258 0.629271 5.65231 0.0025 0.569864 0.455116 1.99661 0.00877403 374 4 1 0.998823 
0.463693 0.651935 5.02454 0.0025 0.558247 0.442171 1.98022 0.00895661 375 4 1 0.998782 
0.468216 0.670039 3.28475 0.0025 0.549086 0.432039 1.96715 0.00910604 376 4 1 0.999138 
0.4728 0.67945 0.934787 0.0025 0.544154 0.42662 1.96008 0.00918858 377 4 1 0.999706 
0.477405 0.680153 -0.262812 0.0025 0.542973 0.425341 1.95841 0.00920856 378 5 1 0.999981 
0.482008 0.679715 -0.0864037 0.0025 0.54312 0.425513 1.95865 0.00920606 379 4 1 0.999999 
0.486611 0.67908 -0.19146 0.0025 0.543382 0.425803 1.95904 0.00920162 380 4 1 0.999998 
0.49121 0.678259 -0.192773 0.0025 0.543779 0.426243 1.95963 0.00919491 381 4 1 0.999998 
0.495806 0.677428 -0.173095 0.0025 0.544196 0.426706 1.96025 0.00918786 382 4 1 0.999999 
0.500398 0.676694 -0.144048 0.0025 0.54458 0.427132 1.96083 0.00918138 383 4 1 0.999999 
0.504987 0.676096 -0.114853 0.0025 0.544903 0.427492 1.96132 0.00917594 384 4 1 0.999999 
0.509574 0.675625 -0.0885047 0.0025 0.54516 0.42778 1.96172 0.00917162 385 4 1 1 
0.514159 0.675257 -0.0680102 0.0025 0.545357 0.428004 1.96203 0.00916831 386 4 1 1 
0.518742 0.674972 -0.0535442 0.0025 0.545508 0.428177 1.96229 0.00916578 387 4 1 1 
0.523324 0.674747 -0.0432432 0.0025 0.545623 0.428314 1.9625 0.00916383 388 4 1 1 
0.527906 0.674563 -0.0359598 0.0025 0.545713 0.428424 1.96268 0.00916233 389 4 1 1 
0.532487 0.674408 -0.0310288 0.0025 0.545784 0.428515 1.96284 0.00916114 390 4 1 1 
0.537067 0.674272 -0.0274722 0.0025 0.545841 0.428593 1.96299 0.00916018 391 4 1 1 
0.541647 0.674152 -0.0245499 0.0025 0.545887 0.428661 1.96314 0.00915941 392 4 1 1 
0.546226 0.674043 -0.0219944 0.0025 0.545921 0.428721 1.96329 0.00915883 393 4 1 1 
0.550806 0.673944 -0.0196708 0.0025 0.545934 0.428764 1.96344 0.00915861 394 3 1 1 
0.555385 0.673855 -0.017501 0.0025 0.545871 0.42875 1.96361 0.00915968 395 4 1 1 
0.559965 0.673775 -0.0155114 0.0025 0.545484 0.428532 1.964 0.00916616 396 4 1 0.999999 
0.564551 0.673704 -0.0137444 0.0025 0.543887 0.426813 1.96186 0.00919308 397 4 1 0.999988 
0.569158 0.67364 -0.0121793 0.0025 0.530787 0.411373 1.93756 0.00941998 398 4 1 0.999672 
0.573976 0.673581 -0.0107139 0.0025 0.506724 0.440068 2.17114 0.00986731 399 4 1 0.994714 
0.579033 0.673524 -0.0092966 0.0025 0.481203 0.415456 2.15842 0.0103906 400 4 1 0.993706 
0.584376 0.673469 -0.00789123 0.0025 0.458729 0.449916 2.45197 0.0108997 401 4 1 0.9937 
0.589938 0.673415 -0.00656504 0.0025 0.450123 0.430466 2.39083 0.0111081 402 5 1 0.998661 
0.595484 0.673366 -0.00543327 0.0025 0.451726 0.428802 2.37313 0.0110687 403 4 1 0.999967 
0.601007 0.673321 -0.00439476 0.0025 0.453353 0.428765 2.36441 0.0110289 404 4 1 0.999986 
0.606513 0.673277 -0.00322593 0.0025 0.454443 0.428904 2.3595 0.0110025 405 4 1 0.999994 
0.612009 0.673231 -0.00151969 0.0025 0.45514 0.428985 2.35634 0.0109856 406 4 1 0.999997 
0.617499 0.673175 0.00211985 0.0025 0.455601 0.429015 2.35411 0.0109745 407 4 1 0.999999 
0.622984 0.673085 0.0116505 0.0025 0.4559 0.428992 2.35244 0.0109673 408 4 1 1 
0.628466 0.672881 0.0399157 0.0025 0.456029 0.428851 2.35101 0.0109642 409 3 1 1 
0.633948 0.672311 0.130175 0.0025 0.455843 0.42837 2.34933 0.0109687 410 4 1 1 
0.639435 0.670644 0.389386 0.0025 0.454872 0.426912 2.34631 0.0109921 411 4 1 0.999993 
0.64494 0.665887 1.07854 0.0025 0.451958 0.422946 2.33948 0.011063 412 4 1 0.999927 
0.650498 0.653829 2.6923 0.0025 0.444635 0.41325 2.32346 0.0112452 413 4 1 0.999508 
0.656187 0.625122 5.92929 0.0025 0.42918 0.393066 2.28951 0.0116501 414 4 1 0.997642 
0.662155 0.568417 11.7014 0.0025 0.400772 0.356507 2.22365 0.0124759 415 4 1 0.992021 
0.668693 0.447934 24.7534 0.0025 0.355482 0.299671 2.10737 0.0140654 416 4 1 0.979645 
0.676329 0.250246 30.7546 0.0025 0.304422 0.238822 1.96144 0.0164246 417 4 1 0.961698 
0.685275 0.080365 17.781 0.0025 0.268458 0.198738 1.85103 0.0186249 418 4 1 0.966691 
0.695021 0.0114428 4.34618 0.0025 0.253595 0.183135 1.80552 0.0197165 419 4 1 0.99056 
0.704998 -7.2475e-05 0.300478 0.0025 0.250261 0.179759 1.79574 0.0199791 420 4 1 0.99936 
0.715 -0.000168741 -0.0682008 0.0025 0.249971 0.179471 1.79492 0.0200023 421 5 1 0.999995 
0.725 6.27118e-06 -0.0025639 0.0025 0.249997 0.179497 1.79499 0.0200002 422 4 1 1 
0.735 4.00763e-06 0.000695665 0.0025 0.250001 0.179501 1.795 0.0199999 423 3 1 1 
0.745 9.72858e-07 0.000219066 0.0025 0.25 0.1795 1.795 0.02 424 4 1 1 
0.755 2.03559e-07 4.90568e-05 0.0025 0.25 0.1795 1.795 0.02 425 4 1 1 
0.765 3.9644e-08 1.00708e-05 0.0025 0.25 0.1795 1.795 0.02 426 4 1 1 
0.775 7.24926e-09 1.94205e-06 0.0025 0.25 0.1795 1.795 0.02 427 4 1 1 
0.785 1.2436e-09 3.51667e-07 0.0025 0.25 0.1795 1.795 0.02 428 4 1 1 
0.795 1.99652e-10 5.96495e-08 0.0025 0.25 0.1795 1.795 0.02 429 4 1 1 
0.805 2.99165e-11 9.45226e-09 0.0025 0.25 0.1795 1.795 0.02 430 4 1 1 
0.815 4.15964e-12 1.39309e-09 0.0025 0.25 0.1795 1.795 0.02 431 4 1 1 
0.825 5.42819e-13 1.89743e-10 0.0025 0.25 0.1795 1.795 0.02 432 4 1 1 
0.835 6.00402e-14 2.69864e-11 0.0025 0.25 0.1795 1.795 0.02 433 4 1 1 
0.845 2.69307e-15 1.20792e-12 0.0025 0.25 0.1795 1.795 0.02 434 5 1 1 
0.855 3.41532e-16 1.84741e-13 0.0025 0.25 0.1795 1.795 0.02 435 5 1 1 
0.865 7.84368e-47 3.92364e-44 0.0025 0.25 0.1795 1.795 0.02 436 5 1 1 
0.875 5.96986e-48 2.8026e-45 0.0025 0.25 0.1795 1.795 0.02 437 5 1 1 
0.885 0 0 0.0025 0.25 0.1795 1.795 0.02 438 5 1 1 
0.895 -4.85383e-47 -2.8026e-45 0.0025 0.25 0.1795 1.795 0.02 439 5 1 1 
0.905 -2.16204e-17 -1.42109e-14 0.0025 0.25 0.1795 1.795 0.02 440 5 1 1 
0.915 -3.66731e-16 -1.42109e-14 0.0025 0.25 0.1795 1.795 0.02 441 5 1 1 
0.925 -9.34653e-16 -1.42109e-14 0.0025 0.25 0.1795 1.795 0.02 442 5 1 1 
0.935 -1.74482e-15 -2.84217e-14 0.0025 0.25 0.1795 1.795 0.02 443 5 1 1 
0.945 -3.12509e-15 -1.42109e-14 0.0025 0.25 0.1795 1.795 0.02 444 5 1 1 
0.955 -5.03443e-15 1.42109e-14 0.0025 0.25 0.1795 1.795 0.02 445 5 1 1 
0.965 -2.62594e-15 3.41061e-13 0.0025 0.25 0.1795 1.795 0.02 446 5 1 1 
0.975 -8.4616e-15 2.84217e-13 0.0025 0.25 0.1795 1.795 0.02 447 5 1 1 
0.985 7.17758e-15 -3.41061e-13 0.0025 0.25 0.1795 1.795 0.02 448 5 1 1 
0.995 -2.4108e-15 -2.70006e-13 0.0025 0.25 0.1795 1.795 0.02 449 3 1 1 
1.005 2.4108e-15 2.70006e-13 0.0025 0.25 0.1795 1.795 0.02 450 3 1 1 
1.015 -7.17758e-15 3.41061e-13 0.0025 0.25 0.1795 1.795 0.02 451 5 1 1 
1.025 8.4616e-15 -2.84217e-13 0.0025 0.25 0.1795 1.795 0.02 452 5 1 1 
1.035 2.62594e-15 -3.41061e-13 0.0025 0.25 0.1795 1.795 0.02 453 5 1 1 
1.045 5.03443e-15 -1.42109e-14 0.0025 0.25 0.1795 1.795 0.02 454 5 1 1 
1.055 3.12509e-15 1.42109e-14 0.0025 0.25 0.1795 1.795 0.02 455 5 1 1 
1.065 1.74482e-15 2.84217e-14 0.0025 0.25 0.1795 1.795 0.02 456 5 1 1 
1.075 9.34653e-16 1.42109e-14 0.0025 0.25 0.1795 1.795 0.02 457 5 1 1 
1.085 3.66731e-16 1.42109e-14 0.0025 0.25 0.1795 1.795 0.02 458 5 1 1 
1.095 2.16204e-17 1.42109e-14 0.0025 0.25 0.1795 1.795 0.02 459 5 1 1 
1.105 4.85383e-47 2.8026e-45 0.0025 0.25 0.1795 1.795 0.02 460 5 1 1 
1.115 0 0 0.0025 0.25 0.1795 1.795 0.02 461 5 1 1 
1.125 -7.67326e-48 -2.8026e-45 0.0025 0.25 0.1795 1.795 0.02 462 5 1 1 
1.135 -4.32382e-18 -1.42109e-14 0.0025 0.25 0.1795 1.795 0.02 463 5 1 1 
1.145 -3.67445e-16 -1.56319e-13 0.0025 0.25 0.1795 1.795 0.02 464 5 1 1 
1.155 -2.81807e-15 -1.19371e-12 0.0025 0.25 0.1795 1.795 0.02 465 5 1 1 
1.165 -5.21057e-14 -2.50822e-11 0.0025 0.25 0.1795 1.795 0.02 466 4 1 1 
1.175 -5.45186e-13 -1.92159e-10 0.0025 0.25 0.1795 1.795 0.02 467 4 1 1 
1.185 -4.16665e-12 -1.39335e-09 0.0025 0.25 0.1795 1.795 0.02 468 4 1 1 
1.195 -2.99025e-11 -9.44894e-09 0.0025 0.25 0.1795 1.795 0.02 469 4 1 1 
1.205 -1.99673e-10 -5.9655e-08 0.0025 0.25 0.1795 1.795 0.02 470 4 1 1 
1.215 -1.24359e-09 -3.51663e-07 0.0025 0.25 0.1795 1.795 0.02 471 4 1 1 
1.225 -7.24928e-09 -1.94205e-06 0.0025 0.25 0.1795 1.795 0.02 472 4 1 1 
1.235 -3.9644e-08 -1.00708e-05 0.0025 0.25 0.1795 1.795 0.02 473 4 1 1 
1.245 -2.03559e-07 -4.90568e-05 0.0025 0.25 0.1795 1.795 0.02 474 4 1 1 
1.255 -9.72858e-07 -0.000219066 0.0025 0.25 0.1795 1.795 0.02 475 4 1 1 
1.265 -4.00763e-06 -0.000695665 0.0025 0.250001 0.179501 1.795 0.0199999 476 3 1 1 
1.275 -6.27118e-06 0.0025639 0.0025 0.249997 0.179497 1.79499 0.0200002 477 4 1 1 
1.285 0.000168741 0.0682008 0.0025 0.249971 0.179471 1.79492 0.0200023 478 5 1 0.999995 
1.295 7.2475e-05 -0.300478 0.0025 0.250261 0.179759 1.79574 0.0199791 479 4 1 0.99936 
1.30498 -0.0114428 -4.34618 0.0025 0.253595 0.183135 1.80552 0.0197165 480 4 1 0.99056 
1.31473 -0.080365 -17.781 0.0025 0.268458 0.198738 1.85103 0.0186249 481 4 1 0.966691 
1.32367 -0.250246 -30.7546 0.0025 0.304422 0.238822 1.96144 0.0164246 482 4 1 0.961698 
1.33131 -0.447934 -24.7534 0.0025 0.355482 0.299671 2.10737 0.0140654 483 4 1 0.979645 
1.33784 -0.568417 -11.7014 0.0025 0.400772 0.356507 2.22365 0.0124759 484 4 1 0.992021 
1.34381 -0.625122 -5.92929 0.0025 0.42918 0.393066 2.28951 0.0116501 485 4 1 0.997642 
1.3495 -0.653829 -2.6923 0.0025 0.444635 0.41325 2.32346 0.0112452 486 4 1 0.999508 
1.35506 -0.665887 -1.07854 0.0025 0.451958 0.422946 2.33948 0.011063 487 4 1 0.999927 
1.36057 -0.670644 -0.389386 0.0025 0.454872 0.426912 2.34631 0.0109921 488 4 1 0.999993 
1.36605 -0.672311 -0.130175 0.0025 0.455843 0.42837 2.34933 0.0109687 489 4 1 1 
1.37153 -0.672881 -0.0399157 0.0025 0.456029 0.428851 2.35101 0.0109642 490 3 1 1 
1.37702 -0.673085 -0.0116505 0.0025 0.4559 0.428992 2.35244 0.0109673 491 4 1 1 
1.3825 -0.673175 -0.00211985 0.0025 0.455601 0.429015 2.35411 0.0109745 492 4 1 0.999999 
1.38799 -0.673231 0.00151969 0.0025 0.45514 0.428985 2.35634 0.0109856 493 4 1 0.999997 
1.39349 -0.673277 0.00322593 0.0025 0.454443 0.428904 2.3595 0.0110025 494 4 1 0.999994 
1.39899 -0.673321 0.00439476 0.0025 0.453353 0.428765 2.36441 0.0110289 495 4 1 0.999986 
1.40452 -0.673366 0.00543327 0.0025 0.451726 0.428802 2.37313 0.0110687 496 4 1 0.999967 
1.41006 -0.673415 0.00656504 0.0025 0.450123 0.430466 2.39083 0.0111081 497 5 1 0.998661 
1.41562 -0.673469 0.00789123 0.0025 0.458729 0.449916 2.45197 0.0108997 498 4 1 0.9937 
1.42097 -0.673524 0.0092966 0.0025 0.481203 0.415456 2.15842 0.0103906 499 4 1 0.993706 
