# Time [s]: 3.84873e+12
# Columns: pos [pc], vel [pc/s], acc [pc/s^2], mass [Msun], dens [g/cm^3], pres [barye], ene [erg/g], sml [pc], id, neighbor, alpha, gradh, ...additional?
4.37665e+16 -673.474 2.55668e-13 4.97118e+27 0.000506785 4.40142 21712.5 3.04469e+14 0 4 1 0.994712 
4.39152e+16 -673.519 2.89346e-13 4.97118e+27 0.000530857 4.1145 19376.7 2.90662e+14 1 4 1 0.99967 
4.40573e+16 -673.568 3.26526e-13 4.97118e+27 0.000543968 4.26901 19619.8 2.83657e+14 2 4 1 0.999987 
4.41988e+16 -673.621 3.69433e-13 4.97118e+27 0.000545575 4.28631 19641.3 2.82821e+14 3 4 1 0.999999 
4.43401e+16 -673.68 4.18907e-13 4.97118e+27 0.000545972 4.28861 19637.5 2.82615e+14 4 4 1 1 
4.44814e+16 -673.747 4.74704e-13 4.97118e+27 0.000546047 4.28888 19636 2.82576e+14 5 3 1 1 
4.46227e+16 -673.821 5.35973e-13 4.97118e+27 0.000546046 4.28859 19634.7 2.82577e+14 6 4 1 1 
4.4764e+16 -673.903 6.02429e-13 4.97118e+27 0.000546026 4.28814 19633.4 2.82587e+14 7 4 1 1 
4.49053e+16 -673.995 6.74592e-13 4.97118e+27 0.000545995 4.28763 19632.2 2.82603e+14 8 4 1 1 
4.50466e+16 -674.097 7.52651e-13 4.97118e+27 0.000545956 4.28704 19630.9 2.82623e+14 9 4 1 1 
4.51879e+16 -674.21 8.405e-13 4.97118e+27 0.000545909 4.28639 19629.6 2.82648e+14 10 4 1 1 
4.53293e+16 -674.338 9.51164e-13 4.97118e+27 0.000545852 4.28565 19628.3 2.82677e+14 11 4 1 1 
4.54706e+16 -674.483 1.0995e-12 4.97118e+27 0.000545783 4.2848 19626.8 2.82713e+14 12 4 1 1 
4.5612e+16 -674.653 1.29805e-12 4.97118e+27 0.000545698 4.28378 19625.2 2.82757e+14 13 4 1 1 
4.57534e+16 -674.859 1.57738e-12 4.97118e+27 0.000545591 4.28254 19623.4 2.82813e+14 14 4 1 1 
4.58948e+16 -675.116 1.98582e-12 4.97118e+27 0.000545455 4.28098 19621.1 2.82883e+14 15 4 1 1 
4.60362e+16 -675.442 2.54425e-12 4.97118e+27 0.000545279 4.27899 19618.4 2.82974e+14 16 4 1 1 
4.61778e+16 -675.857 3.24569e-12 4.97118e+27 0.000545053 4.27647 19614.9 2.83092e+14 17 4 1 1 
-1.54007e+16 -676.383 4.08658e-12 4.97118e+27 0.000544771 4.27332 19610.6 2.83238e+14 18 4 1 0.999999 
-1.5259e+16 -677.024 4.96322e-12 4.97118e+27 0.000544431 4.26955 19605.5 2.83415e+14 19 4 1 0.999999 
-1.51172e+16 -677.758 5.59661e-12 4.97118e+27 0.000544053 4.26535 19599.9 2.83612e+14 20 4 1 0.999999 
-1.49754e+16 -678.523 5.52254e-12 4.97118e+27 0.000543677 4.2612 19594.3 2.83808e+14 21 4 1 0.999999 
-1.48334e+16 -679.219 4.95069e-12 4.97118e+27 0.000543377 4.25787 19589.9 2.83965e+14 22 4 1 0.999999 
-1.46914e+16 -679.527 1.75025e-12 4.97118e+27 0.000543187 4.25576 19587 2.84064e+14 23 5 1 0.999999 
-1.45494e+16 -680.086 2.09717e-12 4.97118e+27 0.000543325 4.25715 19588.7 2.83992e+14 24 4 1 0.999937 
-1.44074e+16 -676.802 -5.40695e-11 4.97118e+27 0.00054551 4.28102 19620 2.82855e+14 25 4 1 0.999591 
-1.42665e+16 -665.107 -1.17122e-10 4.97118e+27 0.000551507 4.34706 19705.9 2.79779e+14 26 4 1 0.999127 
-1.41276e+16 -646.626 -1.59353e-10 4.97118e+27 0.000560898 4.4511 19839.5 2.75095e+14 27 4 1 0.998895 
-1.39914e+16 -625.131 -1.71983e-10 4.97118e+27 0.000572059 4.57567 19996.5 2.69727e+14 28 4 1 0.99896 
-1.38579e+16 -604.065 -1.61484e-10 4.97118e+27 0.000583342 4.70254 20153.4 2.6451e+14 29 4 1 0.999125 
-1.37269e+16 -585.129 -1.47349e-10 4.97118e+27 0.000593906 4.82215 20298.4 2.59806e+14 30 4 1 0.999203 
-1.35981e+16 -567.431 -1.47127e-10 4.97118e+27 0.000604012 4.93734 20435.7 2.55459e+14 31 4 1 0.999152 
-1.34714e+16 -549.284 -1.61134e-10 4.97118e+27 0.000614477 5.05746 20576.5 2.51108e+14 32 4 1 0.999028 
-1.33469e+16 -529.542 -1.79755e-10 4.97118e+27 0.000625875 5.18926 20728.3 2.46535e+14 33 4 1 0.998893 
-1.32248e+16 -508.192 -1.97424e-10 4.97118e+27 0.000638328 5.33438 20892.3 2.41725e+14 34 4 1 0.998797 
-1.31052e+16 -485.664 -2.10208e-10 4.97118e+27 0.00065166 5.49101 21065.7 2.3678e+14 35 4 1 0.998747 
-1.2988e+16 -462.53 -2.19658e-10 4.97118e+27 0.000665609 5.65626 21244.9 2.31818e+14 36 4 1 0.998738 
-1.28733e+16 -439.19 -2.25737e-10 4.97118e+27 0.000679951 5.82762 21426.8 2.26928e+14 37 4 1 0.998758 
-1.27611e+16 -415.862 -2.29785e-10 4.97118e+27 0.00069451 6.00305 21609.1 2.22171e+14 38 4 1 0.998792 
-1.26511e+16 -392.813 -2.32731e-10 4.97118e+27 0.000709178 6.18129 21790.5 2.17576e+14 39 4 1 0.998834 
-1.25435e+16 -370.065 -2.3469e-10 4.97118e+27 0.000723886 6.3615 21970.1 2.13155e+14 40 4 1 0.99888 
-1.24379e+16 -347.736 -2.36372e-10 4.97118e+27 0.000738592 6.54315 22147.5 2.08911e+14 41 4 1 0.998927 
-1.23345e+16 -325.787 -2.37396e-10 4.97118e+27 0.000753268 6.72588 22322.5 2.04841e+14 42 4 1 0.998973 
-1.22331e+16 -304.215 -2.38286e-10 4.97118e+27 0.000767892 6.90939 22494.8 2.0094e+14 43 4 1 0.999015 
-1.21336e+16 -283.082 -2.39648e-10 4.97118e+27 0.000782472 7.09374 22664.6 1.97195e+14 44 4 1 0.999059 
-1.20359e+16 -262.335 -2.39846e-10 4.97118e+27 0.000796992 7.2787 22831.9 1.93603e+14 45 4 1 0.999099 
-1.19399e+16 -241.979 -2.40804e-10 4.97118e+27 0.000811442 7.46411 22996.6 1.90155e+14 46 4 1 0.999138 
-1.18457e+16 -222.031 -2.40923e-10 4.97118e+27 0.000825822 7.64994 23158.7 1.86844e+14 47 4 1 0.999176 
-1.17531e+16 -202.425 -2.41211e-10 4.97118e+27 0.000840116 7.83595 23318.2 1.83665e+14 48 4 1 0.99921 
-1.1662e+16 -183.229 -2.41764e-10 4.97118e+27 0.000854337 8.02226 23475.2 1.80608e+14 49 4 1 0.999244 
-1.15725e+16 -164.388 -2.41677e-10 4.97118e+27 0.000868476 8.20874 23629.8 1.77668e+14 50 4 1 0.999277 
-1.14843e+16 -145.907 -2.41685e-10 4.97118e+27 0.000882523 8.39521 23781.9 1.7484e+14 51 4 1 0.999306 
-1.13976e+16 -127.748 -2.42188e-10 4.97118e+27 0.000896486 8.58175 23931.7 1.72117e+14 52 4 1 0.999342 
-1.13122e+16 -109.978 -2.3976e-10 4.97118e+27 0.000910308 8.76759 24078.6 1.69503e+14 53 4 1 0.999382 
-1.12281e+16 -92.7667 -2.35264e-10 4.97118e+27 0.000923901 8.95134 24221.7 1.67009e+14 54 4 1 0.999393 
-1.11452e+16 -75.9315 -2.42084e-10 4.97118e+27 0.000937483 9.13596 24363.4 1.6459e+14 55 4 1 0.99937 
-1.10635e+16 -58.4453 -2.61122e-10 4.97118e+27 0.000951478 9.32783 24508.6 1.62169e+14 56 4 1 0.999465 
-1.0983e+16 -41.1407 -2.30593e-10 4.97118e+27 0.000964927 9.51369 24647.1 1.59908e+14 57 4 1 0.999718 
-1.09036e+16 -28.7099 -1.30764e-10 4.97118e+27 0.000975379 9.6574 24752.6 1.58195e+14 58 4 1 0.999733 
-1.08248e+16 -20.0089 -1.61619e-10 4.97118e+27 0.000984522 9.78215 24843.5 1.56726e+14 59 4 1 0.999258 
-1.07469e+16 -2.30546 -3.87084e-10 4.97118e+27 0.000999285 9.98954 24993.4 1.5441e+14 60 4 1 0.999067 
-1.06704e+16 23.7689 -3.59672e-10 4.97118e+27 0.00101801 10.2563 25182.4 1.5157e+14 61 4 1 0.999868 
-1.05953e+16 36.2907 -5.21798e-11 4.97118e+27 0.00102885 10.409 25288.6 1.49973e+14 62 4 1 1.00001 
-1.05204e+16 35.8377 3.24408e-11 4.97118e+27 0.00102969 10.4189 25295.4 1.49851e+14 63 3 1 1 
-1.04454e+16 32.7529 5.49021e-11 4.97118e+27 0.00102702 10.3808 25268.8 1.50241e+14 64 4 1 0.999983 
-1.03702e+16 28.715 6.68142e-11 4.97118e+27 0.00102348 10.3305 25233.7 1.50761e+14 65 4 1 0.999966 
-1.02947e+16 24.182 7.27942e-11 4.97118e+27 0.00101959 10.2755 25195.2 1.51335e+14 66 4 1 0.999958 
-1.02188e+16 19.5481 7.24654e-11 4.97118e+27 0.0010157 10.2206 25156.5 1.51914e+14 67 4 1 0.999956 
-1.01427e+16 15.1664 6.68987e-11 4.97118e+27 0.00101209 10.1697 25120.6 1.52457e+14 68 4 1 0.999961 
-1.00664e+16 11.3002 5.77278e-11 4.97118e+27 0.00100895 10.1254 25089.3 1.52931e+14 69 4 1 0.99997 
-9.98981e+15 8.09547 4.68847e-11 4.97118e+27 0.00100637 10.0892 25063.6 1.53323e+14 70 4 1 0.999979 
-9.91306e+15 5.58506 3.60563e-11 4.97118e+27 0.00100438 10.0612 25043.6 1.53628e+14 71 4 1 0.999987 
-9.83618e+15 3.71662 2.63958e-11 4.97118e+27 0.0010029 10.0405 25028.9 1.53854e+14 72 4 1 0.999993 
-9.75921e+15 2.38913 1.84765e-11 4.97118e+27 0.00100186 10.0259 25018.5 1.54014e+14 73 4 1 0.999996 
-9.68217e+15 1.48533 1.24099e-11 4.97118e+27 0.00100115 10.0161 25011.5 1.54123e+14 74 4 1 0.999998 
-9.60509e+15 0.893892 8.01927e-12 4.97118e+27 0.00100069 10.0096 25006.9 1.54193e+14 75 4 1 0.999999 
-9.52798e+15 0.521054 4.99515e-12 4.97118e+27 0.0010004 10.0056 25004 1.54238e+14 76 4 1 1 
-9.45085e+15 0.294287 3.00317e-12 4.97118e+27 0.00100023 10.0032 25002.2 1.54265e+14 77 4 1 1 
-9.37371e+15 0.161073 1.74424e-12 4.97118e+27 0.00100012 10.0017 25001.2 1.54281e+14 78 4 1 1 
-9.29657e+15 0.0854377 9.79167e-13 4.97118e+27 0.00100007 10.0009 25000.6 1.5429e+14 79 4 1 1 
-9.21942e+15 0.0439153 5.31457e-13 4.97118e+27 0.00100003 10.0005 25000.3 1.54295e+14 80 4 1 1 
-9.14227e+15 0.0218699 2.78933e-13 4.97118e+27 0.00100002 10.0002 25000.2 1.54297e+14 81 4 1 1 
-9.06512e+15 0.0105497 1.41565e-13 4.97118e+27 0.00100001 10.0001 25000.1 1.54299e+14 82 4 1 1 
-8.98797e+15 0.00492789 6.94703e-14 4.97118e+27 0.001 10.0001 25000 1.54299e+14 83 4 1 1 
-8.91082e+15 0.00222815 3.29571e-14 4.97118e+27 0.001 10 25000 1.543e+14 84 4 1 1 
-8.83367e+15 0.000974757 1.51107e-14 4.97118e+27 0.001 10 25000 1.543e+14 85 4 1 1 
-8.75652e+15 0.000412364 6.69348e-15 4.97118e+27 0.001 10 25000 1.543e+14 86 4 1 1 
-8.67937e+15 0.000168586 2.86316e-15 4.97118e+27 0.001 10 25000 1.543e+14 87 4 1 1 
-8.60222e+15 6.6557e-05 1.18198e-15 4.97118e+27 0.001 10 25000 1.543e+14 88 4 1 1 
-8.52507e+15 2.53516e-05 4.70586e-16 4.97118e+27 0.001 10 25000 1.543e+14 89 4 1 1 
-8.44792e+15 9.30673e-06 1.80531e-16 4.97118e+27 0.001 10 25000 1.543e+14 90 4 1 1 
-8.37077e+15 3.28862e-06 6.66625e-17 4.97118e+27 0.001 10 25000 1.543e+14 91 4 1 1 
-8.29362e+15 1.11684e-06 2.36636e-17 4.97118e+27 0.001 10 25000 1.543e+14 92 4 1 1 
-8.21647e+15 3.63821e-07 8.0613e-18 4.97118e+27 0.001 10 25000 1.543e+14 93 4 1 1 
-8.13932e+15 1.13445e-07 2.63121e-18 4.97118e+27 0.001 10 25000 1.543e+14 94 4 1 1 
-8.06217e+15 3.37408e-08 8.20435e-19 4.97118e+27 0.001 10 25000 1.543e+14 95 4 1 1 
-7.98502e+15 9.53714e-09 2.4334e-19 4.97118e+27 0.001 10 25000 1.543e+14 96 4 1 1 
-7.90787e+15 2.56576e-09 6.86487e-20 4.97118e+27 0.001 10 25000 1.543e+14 97 4 1 1 
-7.83072e+15 6.46053e-10 1.82872e-20 4.97118e+27 0.001 10 25000 1.543e+14 98 4 1 1 
-7.75357e+15 1.46969e-10 4.62705e-21 4.97118e+27 0.001 10 25000 1.543e+14 99 4 1 1 
-7.67642e+15 2.9051e-11 1.18255e-21 4.97118e+27 0.001 10 25000 1.543e+14 100 4 1 1 
-7.59927e+15 4.16007e-13 9.94668e-23 4.97118e+27 0.001 10 25000 1.543e+14 101 5 1 1 
-7.52212e+15 3.4655e-14 -1.27813e-39 4.97118e+27 0.001 10 25000 1.543e+14 102 5 1 1 
-7.44497e+15 1.36712e-44 0 4.97118e+27 0.001 10 25000 1.543e+14 103 5 1 1 
-7.36782e+15 0 0 4.97118e+27 0.001 10 25000 1.543e+14 104 5 1 1 
-7.29067e+15 0 0 4.97118e+27 0.001 10 25000 1.543e+14 105 5 1 1 
-7.21352e+15 0 0 4.97118e+27 0.001 10 25000 1.543e+14 106 5 1 1 
-7.13637e+15 0 0 4.97118e+27 0.001 10 25000 1.543e+14 107 5 1 1 
-7.05922e+15 0 0 4.97118e+27 0.001 10 25000 1.543e+14 108 5 1 1 
-6.98207e+15 0 0 4.97118e+27 0.001 10 25000 1.543e+14 109 5 1 1 
-6.90492e+15 0 0 4.97118e+27 0.001 10 25000 1.543e+14 110 5 1 1 
-6.82777e+15 0 0 4.97118e+27 0.001 10 25000 1.543e+14 111 5 1 1 
-6.75062e+15 0 0 4.97118e+27 0.001 10 25000 1.543e+14 112 5 1 1 
-6.67347e+15 0 0 4.97118e+27 0.001 10 25000 1.543e+14 113 5 1 1 
-6.59632e+15 0 0 4.97118e+27 0.001 10 25000 1.543e+14 114 5 1 1 
-6.51917e+15 0 0 4.97118e+27 0.001 10 25000 1.543e+14 115 5 1 1 
-6.44202e+15 0 0 4.97118e+27 0.001 10 25000 1.543e+14 116 5 1 1 
-6.36487e+15 0 0 4.97118e+27 0.001 10 25000 1.543e+14 117 5 1 1 
-6.28772e+15 0 0 4.97118e+27 0.001 10 25000 1.543e+14 118 5 1 1 
-6.21057e+15 0 0 4.97118e+27 0.001 10 25000 1.543e+14 119 5 1 1 
-6.13342e+15 0 0 4.97118e+27 0.001 10 25000 1.543e+14 120 5 1 1 
-6.05627e+15 0 0 4.97118e+27 0.001 10 25000 1.543e+14 121 5 1 1 
-5.97912e+15 0 0 4.97118e+27 0.001 10 25000 1.543e+14 122 5 1 1 
-5.90197e+15 0 0 4.97118e+27 0.001 10 25000 1.543e+14 123 5 1 1 
-5.82482e+15 0 0 4.97118e+27 0.001 10 25000 1.543e+14 124 5 1 1 
-5.74767e+15 0 0 4.97118e+27 0.001 10 25000 1.543e+14 125 5 1 1 
-5.67052e+15 0 0 4.97118e+27 0.001 10 25000 1.543e+14 126 5 1 1 
-5.59337e+15 0 0 4.97118e+27 0.001 10 25000 1.543e+14 127 5 1 1 
-5.51622e+15 0 0 4.97118e+27 0.001 10 25000 1.543e+14 128 5 1 1 
-5.43907e+15 0 0 4.97118e+27 0.001 10 25000 1.543e+14 129 5 1 1 
-5.36192e+15 0 0 4.97118e+27 0.001 10 25000 1.543e+14 130 5 1 1 
-5.28477e+15 0 0 4.97118e+27 0.001 10 25000 1.543e+14 131 5 1 1 
-5.20762e+15 0 0 4.97118e+27 0.001 10 25000 1.543e+14 132 5 1 1 
-5.13047e+15 0 0 4.97118e+27 0.001 10 25000 1.543e+14 133 5 1 1 
-5.05332e+15 0 0 4.97118e+27 0.001 10 25000 1.543e+14 134 5 1 1 
-4.97617e+15 0 0 4.97118e+27 0.001 10 25000 1.543e+14 135 5 1 1 
-4.89902e+15 0 0 4.97118e+27 0.001 10 25000 1.543e+14 136 5 1 1 
-4.82187e+15 0 0 4.97118e+27 0.001 10 25000 1.543e+14 137 5 1 1 
-4.74472e+15 0 0 4.97118e+27 0.001 10 25000 1.543e+14 138 5 1 1 
-4.66757e+15 0 0 4.97118e+27 0.001 10 25000 1.543e+14 139 5 1 1 
-4.59042e+15 0 0 4.97118e+27 0.001 10 25000 1.543e+14 140 5 1 1 
-4.51327e+15 0 0 4.97118e+27 0.001 10 25000 1.543e+14 141 5 1 1 
-4.43612e+15 0 0 4.97118e+27 0.001 10 25000 1.543e+14 142 5 1 1 
-4.35897e+15 0 0 4.97118e+27 0.001 10 25000 1.543e+14 143 5 1 1 
-4.28182e+15 0 0 4.97118e+27 0.001 10 25000 1.543e+14 144 5 1 1 
-4.20467e+15 0 0 4.97118e+27 0.001 10 25000 1.543e+14 145 5 1 1 
-4.12752e+15 0 0 4.97118e+27 0.001 10 25000 1.543e+14 146 5 1 1 
-4.05037e+15 0 0 4.97118e+27 0.001 10 25000 1.543e+14 147 5 1 1 
-3.97322e+15 0 0 4.97118e+27 0.001 10 25000 1.543e+14 148 5 1 1 
-3.89607e+15 0 0 4.97118e+27 0.001 10 25000 1.543e+14 149 5 1 1 
-3.81892e+15 0 0 4.97118e+27 0.001 10 25000 1.543e+14 150 5 1 1 
-3.74177e+15 0 0 4.97118e+27 0.001 10 25000 1.543e+14 151 5 1 1 
-3.66462e+15 0 0 4.97118e+27 0.001 10 25000 1.543e+14 152 5 1 1 
-3.58747e+15 0 0 4.97118e+27 0.001 10 25000 1.543e+14 153 5 1 1 
-3.51032e+15 0 0 4.97118e+27 0.001 10 25000 1.543e+14 154 5 1 1 
-3.43317e+15 0 0 4.97118e+27 0.001 10 25000 1.543e+14 155 5 1 1 
-3.35602e+15 0 0 4.97118e+27 0.001 10 25000 1.543e+14 156 5 1 1 
-3.27887e+15 0 0 4.97118e+27 0.001 10 25000 1.543e+14 157 5 1 1 
-3.20172e+15 0 0 4.97118e+27 0.001 10 25000 1.543e+14 158 5 1 1 
-3.12457e+15 0 0 4.97118e+27 0.001 10 25000 1.543e+14 159 5 1 1 
-3.04742e+15 0 0 4.97118e+27 0.001 10 25000 1.543e+14 160 5 1 1 
-2.97027e+15 0 0 4.97118e+27 0.001 10 25000 1.543e+14 161 5 1 1 
-2.89312e+15 0 0 4.97118e+27 0.001 10 25000 1.543e+14 162 5 1 1 
-2.81597e+15 0 0 4.97118e+27 0.001 10 25000 1.543e+14 163 5 1 1 
-2.73882e+15 0 0 4.97118e+27 0.001 10 25000 1.543e+14 164 5 1 1 
-2.66167e+15 0 0 4.97118e+27 0.001 10 25000 1.543e+14 165 5 1 1 
-2.58452e+15 0 0 4.97118e+27 0.001 10 25000 1.543e+14 166 5 1 1 
-2.50737e+15 0 0 4.97118e+27 0.001 10 25000 1.543e+14 167 5 1 1 
-2.43022e+15 0 0 4.97118e+27 0.001 10 25000 1.543e+14 168 5 1 1 
-2.35307e+15 0 0 4.97118e+27 0.001 10 25000 1.543e+14 169 5 1 1 
-2.27592e+15 0 0 4.97118e+27 0.001 10 25000 1.543e+14 170 5 1 1 
-2.19877e+15 0 0 4.97118e+27 0.001 10 25000 1.543e+14 171 5 1 1 
-2.12162e+15 0 0 4.97118e+27 0.001 10 25000 1.543e+14 172 5 1 1 
-2.04447e+15 0 0 4.97118e+27 0.001 10 25000 1.543e+14 173 5 1 1 
-1.96732e+15 -1.6726e-43 -3.63266e-55 4.97118e+27 0.001 10 25000 1.543e+14 174 5 1 1 
-1.89017e+15 -1.03713e-13 -3.63266e-55 4.97118e+27 0.001 10 25000 1.543e+14 175 5 1 1 
-1.81302e+15 -2.41496e-13 0 4.97118e+27 0.001 10 25000 1.543e+14 176 5 1 1 
-1.73587e+15 -3.78578e-13 0 4.97118e+27 0.001 10 25000 1.543e+14 177 5 1 1 
-1.65872e+15 -5.32035e-13 -1.84198e-24 4.97118e+27 0.001 10 25000 1.543e+14 178 5 1 1 
-1.58157e+15 -7.0149e-13 1.84198e-24 4.97118e+27 0.001 10 25000 1.543e+14 179 5 1 1 
-1.50442e+15 -8.69386e-13 -1.84198e-24 4.97118e+27 0.001 10 25000 1.543e+14 180 5 1 1 
-1.42727e+15 -1.05306e-12 0 4.97118e+27 0.001 10 25000 1.543e+14 181 5 1 1 
-1.35012e+15 -1.28559e-12 -7.26532e-55 4.97118e+27 0.001 10 25000 1.543e+14 182 5 1 1 
-1.27297e+15 -1.54843e-12 -1.0898e-54 4.97118e+27 0.001 10 25000 1.543e+14 183 5 1 1 
-1.19582e+15 -2.06198e-12 -1.84198e-24 4.97118e+27 0.001 10 25000 1.543e+14 184 5 1 1 
-1.11867e+15 -2.20308e-12 1.10519e-23 4.97118e+27 0.001 10 25000 1.543e+14 185 5 1 1 
-1.04152e+15 -4.95217e-12 1.10519e-23 4.97118e+27 0.001 10 25000 1.543e+14 186 4 1 1 
-9.64375e+14 2.07962e-12 -7.36791e-24 4.97118e+27 0.001 10 25000 1.543e+14 187 3 1 1 
-8.87225e+14 -1.06524e-12 -1.10519e-23 4.97118e+27 0.001 10 25000 1.543e+14 188 4 1 1 
-8.10075e+14 -1.38427e-12 -5.52593e-24 4.97118e+27 0.001 10 25000 1.543e+14 189 3 1 1 
-7.32925e+14 -2.83774e-12 -5.52593e-24 4.97118e+27 0.001 10 25000 1.543e+14 190 3 1 1 
-6.55775e+14 1.12713e-12 5.52593e-24 4.97118e+27 0.001 10 25000 1.543e+14 191 4 1 1 
-5.78625e+14 -7.18166e-13 -1.84198e-24 4.97118e+27 0.001 10 25000 1.543e+14 192 5 1 1 
-5.01475e+14 -2.35503e-12 -1.15032e-38 4.97118e+27 0.001 10 25000 1.543e+14 193 4 1 1 
-4.24325e+14 -4.58128e-14 3.68395e-24 4.97118e+27 0.001 10 25000 1.543e+14 194 3 1 1 
-3.47175e+14 -6.15612e-13 8.62737e-39 4.97118e+27 0.001 10 25000 1.543e+14 195 3 1 1 
-2.70025e+14 -8.62325e-13 1.59766e-39 4.97118e+27 0.001 10 25000 1.543e+14 196 4 1 1 
-1.92875e+14 -7.52531e-13 3.68395e-24 4.97118e+27 0.001 10 25000 1.543e+14 197 4 1 1 
-1.15725e+14 -3.63607e-13 -5.52593e-24 4.97118e+27 0.001 10 25000 1.543e+14 198 5 1 1 
-3.8575e+13 -1.20632e-13 1.84198e-24 4.97118e+27 0.001 10 25000 1.543e+14 199 4 1 1 
3.8575e+13 -1.14488e-13 -1.84198e-24 4.97118e+27 0.001 10 25000 1.543e+14 200 3 1 1 
1.15725e+14 -5.4341e-14 1.27813e-39 4.97118e+27 0.001 10 25000 1.543e+14 201 3 1 1 
1.92875e+14 -4.37058e-13 -1.84198e-24 4.97118e+27 0.001 10 25000 1.543e+14 202 5 1 1 
2.70025e+14 -1.04247e-12 1.84198e-24 4.97118e+27 0.001 10 25000 1.543e+14 203 3 1 1 
3.47175e+14 1.10736e-14 -1.84198e-24 4.97118e+27 0.001 10 25000 1.543e+14 204 3 1 1 
4.24325e+14 -1.24657e-13 1.84198e-24 4.97118e+27 0.001 10 25000 1.543e+14 205 4 1 1 
5.01475e+14 -4.26955e-13 -1.84198e-24 4.97118e+27 0.001 10 25000 1.543e+14 206 4 1 1 
5.78625e+14 -1.09366e-12 6.71017e-39 4.97118e+27 0.001 10 25000 1.543e+14 207 5 1 1 
6.55775e+14 8.77235e-13 -1.91719e-38 4.97118e+27 0.001 10 25000 1.543e+14 208 5 1 1 
7.32925e+14 -8.78896e-14 1.84198e-24 4.97118e+27 0.001 10 25000 1.543e+14 209 4 1 1 
8.10075e+14 2.66872e-12 8.9469e-39 4.97118e+27 0.001 10 25000 1.543e+14 210 3 1 1 
8.87225e+14 1.45747e-12 1.84198e-24 4.97118e+27 0.001 10 25000 1.543e+14 211 3 1 1 
9.64375e+14 5.01562e-12 -1.84198e-24 4.97118e+27 0.001 10 25000 1.543e+14 212 4 1 1 
1.04153e+15 3.37905e-12 5.52593e-24 4.97118e+27 0.001 10 25000 1.543e+14 213 5 1 1 
1.11868e+15 3.08566e-12 -5.52593e-24 4.97118e+27 0.001 10 25000 1.543e+14 214 5 1 1 
1.19583e+15 2.6093e-12 3.68395e-24 4.97118e+27 0.001 10 25000 1.543e+14 215 5 1 1 
1.27298e+15 2.07444e-12 7.26532e-55 4.97118e+27 0.001 10 25000 1.543e+14 216 5 1 1 
1.35013e+15 1.60196e-12 7.26532e-55 4.97118e+27 0.001 10 25000 1.543e+14 217 5 1 1 
1.42728e+15 1.23051e-12 7.26532e-55 4.97118e+27 0.001 10 25000 1.543e+14 218 5 1 1 
1.50443e+15 1.01111e-12 1.84198e-24 4.97118e+27 0.001 10 25000 1.543e+14 219 5 1 1 
1.58158e+15 7.73246e-13 -1.84198e-24 4.97118e+27 0.001 10 25000 1.543e+14 220 5 1 1 
1.65873e+15 5.68165e-13 1.84198e-24 4.97118e+27 0.001 10 25000 1.543e+14 221 5 1 1 
1.73588e+15 4.31195e-13 -1.84198e-24 4.97118e+27 0.001 10 25000 1.543e+14 222 5 1 1 
1.81303e+15 2.93632e-13 1.84198e-24 4.97118e+27 0.001 10 25000 1.543e+14 223 5 1 1 
1.89018e+15 1.3836e-13 3.63266e-55 4.97118e+27 0.001 10 25000 1.543e+14 224 5 1 1 
1.96733e+15 1.67269e-43 3.63266e-55 4.97118e+27 0.001 10 25000 1.543e+14 225 5 1 1 
2.04448e+15 0 0 4.97118e+27 0.001 10 25000 1.543e+14 226 5 1 1 
2.12163e+15 0 0 4.97118e+27 0.001 10 25000 1.543e+14 227 5 1 1 
2.19878e+15 0 0 4.97118e+27 0.001 10 25000 1.543e+14 228 5 1 1 
2.27593e+15 0 0 4.97118e+27 0.001 10 25000 1.543e+14 229 5 1 1 
2.35308e+15 0 0 4.97118e+27 0.001 10 25000 1.543e+14 230 5 1 1 
2.43023e+15 0 0 4.97118e+27 0.001 10 25000 1.543e+14 231 5 1 1 
2.50738e+15 0 0 4.97118e+27 0.001 10 25000 1.543e+14 232 5 1 1 
2.58453e+15 0 0 4.97118e+27 0.001 10 25000 1.543e+14 233 5 1 1 
2.66168e+15 0 0 4.97118e+27 0.001 10 25000 1.543e+14 234 5 1 1 
2.73883e+15 0 0 4.97118e+27 0.001 10 25000 1.543e+14 235 5 1 1 
2.81598e+15 0 0 4.97118e+27 0.001 10 25000 1.543e+14 236 5 1 1 
2.89313e+15 -9.91402e-43 -3.63266e-55 4.97118e+27 0.001 10 25000 1.543e+14 237 5 1 1 
2.97028e+15 -1.69188e-13 0 4.97118e+27 0.001 10 25000 1.543e+14 238 5 1 1 
3.04743e+15 -3.37357e-13 3.63266e-55 4.97118e+27 0.001 10 25000 1.543e+14 239 5 1 1 
3.12458e+15 1.58941e-12 0 4.97118e+27 0.001 10 25000 1.543e+14 240 5 1 1 
3.20173e+15 1.42405e-12 2.1796e-54 4.97118e+27 0.001 10 25000 1.543e+14 241 5 1 1 
3.27888e+15 2.94304e-12 -5.08572e-54 4.97118e+27 0.001 10 25000 1.543e+14 242 5 1 1 
3.35603e+15 1.28096e-12 2.1796e-54 4.97118e+27 0.001 10 25000 1.543e+14 243 5 1 1 
3.43318e+15 1.17275e-12 -3.26939e-54 4.97118e+27 0.001 10 25000 1.543e+14 244 5 1 1 
3.51033e+15 -1.14565e-12 1.2351e-53 4.97118e+27 0.001 10 25000 1.543e+14 245 5 1 1 
3.58748e+15 3.25987e-12 -1.34408e-53 4.97118e+27 0.001 10 25000 1.543e+14 246 5 1 1 
3.66463e+15 1.84471e-14 1.84198e-24 4.97118e+27 0.001 10 25000 1.543e+14 247 5 1 1 
3.74178e+15 -3.50377e-13 -1.84198e-24 4.97118e+27 0.001 10 25000 1.543e+14 248 5 1 1 
3.81893e+15 -2.96917e-12 -1.84198e-24 4.97118e+27 0.001 10 25000 1.543e+14 249 4 1 1 
3.89608e+15 2.96917e-12 1.84198e-24 4.97118e+27 0.001 10 25000 1.543e+14 250 4 1 1 
3.97323e+15 3.50377e-13 1.84198e-24 4.97118e+27 0.001 10 25000 1.543e+14 251 5 1 1 
4.05038e+15 -1.84471e-14 -1.84198e-24 4.97118e+27 0.001 10 25000 1.543e+14 252 5 1 1 
4.12753e+15 -3.25987e-12 1.34408e-53 4.97118e+27 0.001 10 25000 1.543e+14 253 5 1 1 
4.20468e+15 1.14565e-12 -1.2351e-53 4.97118e+27 0.001 10 25000 1.543e+14 254 5 1 1 
4.28183e+15 -1.17275e-12 3.26939e-54 4.97118e+27 0.001 10 25000 1.543e+14 255 5 1 1 
4.35898e+15 -1.28096e-12 -2.1796e-54 4.97118e+27 0.001 10 25000 1.543e+14 256 5 1 1 
4.43613e+15 -2.94304e-12 5.08572e-54 4.97118e+27 0.001 10 25000 1.543e+14 257 5 1 1 
4.51328e+15 -1.42405e-12 -2.1796e-54 4.97118e+27 0.001 10 25000 1.543e+14 258 5 1 1 
4.59043e+15 -1.58941e-12 0 4.97118e+27 0.001 10 25000 1.543e+14 259 5 1 1 
4.66758e+15 3.37357e-13 -3.63266e-55 4.97118e+27 0.001 10 25000 1.543e+14 260 5 1 1 
4.74473e+15 1.69188e-13 0 4.97118e+27 0.001 10 25000 1.543e+14 261 5 1 1 
4.82188e+15 9.91402e-43 3.63266e-55 4.97118e+27 0.001 10 25000 1.543e+14 262 5 1 1 
4.89903e+15 0 0 4.97118e+27 0.001 10 25000 1.543e+14 263 5 1 1 
4.97618e+15 0 0 4.97118e+27 0.001 10 25000 1.543e+14 264 5 1 1 
5.05333e+15 0 0 4.97118e+27 0.001 10 25000 1.543e+14 265 5 1 1 
5.13048e+15 0 0 4.97118e+27 0.001 10 25000 1.543e+14 266 5 1 1 
5.20763e+15 0 0 4.97118e+27 0.001 10 25000 1.543e+14 267 5 1 1 
5.28478e+15 0 0 4.97118e+27 0.001 10 25000 1.543e+14 268 5 1 1 
5.36193e+15 0 0 4.97118e+27 0.001 10 25000 1.543e+14 269 5 1 1 
5.43908e+15 0 0 4.97118e+27 0.001 10 25000 1.543e+14 270 5 1 1 
5.51623e+15 0 0 4.97118e+27 0.001 10 25000 1.543e+14 271 5 1 1 
5.59338e+15 0 0 4.97118e+27 0.001 10 25000 1.543e+14 272 5 1 1 
5.67053e+15 0 0 4.97118e+27 0.001 10 25000 1.543e+14 273 5 1 1 
5.74768e+15 0 0 4.97118e+27 0.001 10 25000 1.543e+14 274 5 1 1 
5.82483e+15 0 0 4.97118e+27 0.001 10 25000 1.543e+14 275 5 1 1 
5.90198e+15 0 0 4.97118e+27 0.001 10 25000 1.543e+14 276 5 1 1 
5.97913e+15 0 0 4.97118e+27 0.001 10 25000 1.543e+14 277 5 1 1 
6.05628e+15 0 0 4.97118e+27 0.001 10 25000 1.543e+14 278 5 1 1 
6.13343e+15 0 0 4.97118e+27 0.001 10 25000 1.543e+14 279 5 1 1 
6.21058e+15 -5.95188e-43 -3.63266e-55 4.97118e+27 0.001 10 25000 1.543e+14 280 5 1 1 
6.28773e+15 -6.85718e-14 -3.63266e-55 4.97118e+27 0.001 10 25000 1.543e+14 281 5 1 1 
6.36488e+15 -2.05192e-13 3.63266e-55 4.97118e+27 0.001 10 25000 1.543e+14 282 5 1 1 
6.44203e+15 -3.75697e-13 3.63266e-55 4.97118e+27 0.001 10 25000 1.543e+14 283 5 1 1 
6.51918e+15 1.64639e-13 1.84198e-24 4.97118e+27 0.001 10 25000 1.543e+14 284 5 1 1 
6.59633e+15 -3.91657e-15 1.84198e-24 4.97118e+27 0.001 10 25000 1.543e+14 285 5 1 1 
6.67348e+15 2.08972e-12 3.63266e-55 4.97118e+27 0.001 10 25000 1.543e+14 286 5 1 1 
6.75063e+15 1.89159e-12 3.68395e-24 4.97118e+27 0.001 10 25000 1.543e+14 287 5 1 1 
6.82778e+15 5.12099e-12 3.68395e-24 4.97118e+27 0.001 10 25000 1.543e+14 288 5 1 1 
6.90493e+15 3.87157e-12 7.26532e-55 4.97118e+27 0.001 10 25000 1.543e+14 289 5 1 1 
6.98208e+15 3.4334e-12 -3.63266e-54 4.97118e+27 0.001 10 25000 1.543e+14 290 5 1 1 
7.05923e+15 1.55571e-12 4.35919e-54 4.97118e+27 0.001 10 25000 1.543e+14 291 5 1 1 
7.13638e+15 1.39735e-12 -1.84198e-24 4.97118e+27 0.001 10 25000 1.543e+14 292 5 1 1 
7.21353e+15 -1.43438e-12 -1.84198e-24 4.97118e+27 0.001 10 25000 1.543e+14 293 5 1 1 
7.29068e+15 3.46441e-12 1.84198e-24 4.97118e+27 0.001 10 25000 1.543e+14 294 5 1 1 
7.36783e+15 -8.3417e-14 1.84198e-24 4.97118e+27 0.001 10 25000 1.543e+14 295 5 1 1 
7.44498e+15 2.60452e-12 1.84198e-24 4.97118e+27 0.001 10 25000 1.543e+14 296 5 1 1 
7.52213e+15 -2.81688e-12 -3.68395e-24 4.97118e+27 0.001 10 25000 1.543e+14 297 5 1 1 
7.59928e+15 2.35026e-12 -1.27096e-22 4.97118e+27 0.001 10 25000 1.543e+14 298 5 1 1 
7.67643e+15 -2.96591e-11 -1.18255e-21 4.97118e+27 0.001 10 25000 1.543e+14 299 4 1 1 
7.75358e+15 -1.44871e-10 -4.616e-21 4.97118e+27 0.001 10 25000 1.543e+14 300 4 1 1 
7.83072e+15 -6.4669e-10 -1.8265e-20 4.97118e+27 0.001 10 25000 1.543e+14 301 4 1 1 
7.90787e+15 -2.5649e-09 -6.86505e-20 4.97118e+27 0.001 10 25000 1.543e+14 302 4 1 1 
7.98502e+15 -9.53925e-09 -2.43344e-19 4.97118e+27 0.001 10 25000 1.543e+14 303 4 1 1 
8.06217e+15 -3.37423e-08 -8.20468e-19 4.97118e+27 0.001 10 25000 1.543e+14 304 4 1 1 
8.13932e+15 -1.13451e-07 -2.63124e-18 4.97118e+27 0.001 10 25000 1.543e+14 305 4 1 1 
8.21647e+15 -3.63839e-07 -8.06133e-18 4.97118e+27 0.001 10 25000 1.543e+14 306 4 1 1 
8.29362e+15 -1.11683e-06 -2.36634e-17 4.97118e+27 0.001 10 25000 1.543e+14 307 4 1 1 
8.37077e+15 -3.28861e-06 -6.66626e-17 4.97118e+27 0.001 10 25000 1.543e+14 308 4 1 1 
8.44792e+15 -9.30671e-06 -1.80531e-16 4.97118e+27 0.001 10 25000 1.543e+14 309 4 1 1 
8.52507e+15 -2.53516e-05 -4.70586e-16 4.97118e+27 0.001 10 25000 1.543e+14 310 4 1 1 
8.60222e+15 -6.6557e-05 -1.18198e-15 4.97118e+27 0.001 10 25000 1.543e+14 311 4 1 1 
8.67937e+15 -0.000168586 -2.86316e-15 4.97118e+27 0.001 10 25000 1.543e+14 312 4 1 1 
8.75652e+15 -0.000412364 -6.69348e-15 4.97118e+27 0.001 10 25000 1.543e+14 313 4 1 1 
8.83367e+15 -0.000974757 -1.51107e-14 4.97118e+27 0.001 10 25000 1.543e+14 314 4 1 1 
8.91082e+15 -0.00222815 -3.29571e-14 4.97118e+27 0.001 10 25000 1.543e+14 315 4 1 1 
8.98797e+15 -0.00492789 -6.94703e-14 4.97118e+27 0.001 10.0001 25000 1.54299e+14 316 4 1 1 
9.06512e+15 -0.0105497 -1.41565e-13 4.97118e+27 0.00100001 10.0001 25000.1 1.54299e+14 317 4 1 1 
9.14227e+15 -0.0218699 -2.78933e-13 4.97118e+27 0.00100002 10.0002 25000.2 1.54297e+14 318 4 1 1 
9.21942e+15 -0.0439153 -5.31457e-13 4.97118e+27 0.00100003 10.0005 25000.3 1.54295e+14 319 4 1 1 
9.29657e+15 -0.0854377 -9.79167e-13 4.97118e+27 0.00100007 10.0009 25000.6 1.5429e+14 320 4 1 1 
9.37371e+15 -0.161073 -1.74424e-12 4.97118e+27 0.00100012 10.0017 25001.2 1.54281e+14 321 4 1 1 
9.45085e+15 -0.294287 -3.00317e-12 4.97118e+27 0.00100023 10.0032 25002.2 1.54265e+14 322 4 1 1 
9.52798e+15 -0.521054 -4.99515e-12 4.97118e+27 0.0010004 10.0056 25004 1.54238e+14 323 4 1 1 
9.60509e+15 -0.893892 -8.01927e-12 4.97118e+27 0.00100069 10.0096 25006.9 1.54193e+14 324 4 1 0.999999 
9.68217e+15 -1.48533 -1.24099e-11 4.97118e+27 0.00100115 10.0161 25011.5 1.54123e+14 325 4 1 0.999998 
9.75921e+15 -2.38913 -1.84765e-11 4.97118e+27 0.00100186 10.0259 25018.5 1.54014e+14 326 4 1 0.999996 
9.83618e+15 -3.71662 -2.63958e-11 4.97118e+27 0.0010029 10.0405 25028.9 1.53854e+14 327 4 1 0.999993 
9.91306e+15 -5.58506 -3.60563e-11 4.97118e+27 0.00100438 10.0612 25043.6 1.53628e+14 328 4 1 0.999987 
9.98981e+15 -8.09547 -4.68847e-11 4.97118e+27 0.00100637 10.0892 25063.6 1.53323e+14 329 4 1 0.999979 
1.00664e+16 -11.3002 -5.77278e-11 4.97118e+27 0.00100895 10.1254 25089.3 1.52931e+14 330 4 1 0.99997 
1.01427e+16 -15.1664 -6.68987e-11 4.97118e+27 0.00101209 10.1697 25120.6 1.52457e+14 331 4 1 0.999961 
1.02188e+16 -19.5481 -7.24654e-11 4.97118e+27 0.0010157 10.2206 25156.5 1.51914e+14 332 4 1 0.999956 
1.02947e+16 -24.182 -7.27942e-11 4.97118e+27 0.00101959 10.2755 25195.2 1.51335e+14 333 4 1 0.999958 
1.03702e+16 -28.715 -6.68142e-11 4.97118e+27 0.00102348 10.3305 25233.7 1.50761e+14 334 4 1 0.999966 
1.04454e+16 -32.7529 -5.49021e-11 4.97118e+27 0.00102702 10.3808 25268.8 1.50241e+14 335 4 1 0.999983 
1.05204e+16 -35.8377 -3.24408e-11 4.97118e+27 0.00102969 10.4189 25295.4 1.49851e+14 336 3 1 1 
1.05953e+16 -36.2907 5.21798e-11 4.97118e+27 0.00102885 10.409 25288.6 1.49973e+14 337 4 1 1.00001 
1.06704e+16 -23.7689 3.59672e-10 4.97118e+27 0.00101801 10.2563 25182.4 1.5157e+14 338 4 1 0.999868 
1.07469e+16 2.30546 3.87084e-10 4.97118e+27 0.000999285 9.98954 24993.4 1.5441e+14 339 4 1 0.999067 
1.08248e+16 20.0089 1.61619e-10 4.97118e+27 0.000984522 9.78215 24843.5 1.56726e+14 340 4 1 0.999258 
1.09036e+16 28.7099 1.30764e-10 4.97118e+27 0.000975379 9.6574 24752.6 1.58195e+14 341 4 1 0.999733 
1.0983e+16 41.1407 2.30593e-10 4.97118e+27 0.000964927 9.51369 24647.1 1.59908e+14 342 4 1 0.999718 
1.10635e+16 58.4453 2.61122e-10 4.97118e+27 0.000951478 9.32783 24508.6 1.62169e+14 343 4 1 0.999465 
1.11452e+16 75.9315 2.42084e-10 4.97118e+27 0.000937483 9.13596 24363.4 1.6459e+14 344 4 1 0.99937 
1.12281e+16 92.7667 2.35264e-10 4.97118e+27 0.000923901 8.95134 24221.7 1.67009e+14 345 4 1 0.999393 
1.13122e+16 109.978 2.3976e-10 4.97118e+27 0.000910308 8.76759 24078.6 1.69503e+14 346 4 1 0.999382 
1.13976e+16 127.748 2.42188e-10 4.97118e+27 0.000896486 8.58175 23931.7 1.72117e+14 347 4 1 0.999342 
1.14843e+16 145.907 2.41685e-10 4.97118e+27 0.000882523 8.39521 23781.9 1.7484e+14 348 4 1 0.999306 
1.15725e+16 164.388 2.41677e-10 4.97118e+27 0.000868476 8.20874 23629.8 1.77668e+14 349 4 1 0.999277 
1.1662e+16 183.229 2.41764e-10 4.97118e+27 0.000854337 8.02226 23475.2 1.80608e+14 350 4 1 0.999244 
1.17531e+16 202.425 2.41211e-10 4.97118e+27 0.000840116 7.83595 23318.2 1.83665e+14 351 4 1 0.99921 
1.18457e+16 222.031 2.40923e-10 4.97118e+27 0.000825822 7.64994 23158.7 1.86844e+14 352 4 1 0.999176 
1.19399e+16 241.979 2.40804e-10 4.97118e+27 0.000811442 7.46411 22996.6 1.90155e+14 353 4 1 0.999138 
1.20359e+16 262.335 2.39846e-10 4.97118e+27 0.000796992 7.2787 22831.9 1.93603e+14 354 4 1 0.999099 
1.21336e+16 283.082 2.39648e-10 4.97118e+27 0.000782472 7.09374 22664.6 1.97195e+14 355 4 1 0.999059 
1.22331e+16 304.215 2.38286e-10 4.97118e+27 0.000767892 6.90939 22494.8 2.0094e+14 356 4 1 0.999015 
1.23345e+16 325.787 2.37396e-10 4.97118e+27 0.000753268 6.72588 22322.5 2.04841e+14 357 4 1 0.998973 
1.24379e+16 347.736 2.36372e-10 4.97118e+27 0.000738592 6.54315 22147.5 2.08911e+14 358 4 1 0.998927 
1.25435e+16 370.065 2.3469e-10 4.97118e+27 0.000723886 6.3615 21970.1 2.13155e+14 359 4 1 0.99888 
1.26511e+16 392.813 2.32731e-10 4.97118e+27 0.000709178 6.18129 21790.5 2.17576e+14 360 4 1 0.998834 
1.27611e+16 415.862 2.29785e-10 4.97118e+27 0.00069451 6.00305 21609.1 2.22171e+14 361 4 1 0.998792 
1.28733e+16 439.19 2.25737e-10 4.97118e+27 0.000679951 5.82762 21426.8 2.26928e+14 362 4 1 0.998758 
1.2988e+16 462.53 2.19658e-10 4.97118e+27 0.000665609 5.65626 21244.9 2.31818e+14 363 4 1 0.998738 
1.31052e+16 485.664 2.10208e-10 4.97118e+27 0.00065166 5.49101 21065.7 2.3678e+14 364 4 1 0.998747 
1.32248e+16 508.192 1.97424e-10 4.97118e+27 0.000638328 5.33438 20892.3 2.41725e+14 365 4 1 0.998797 
1.33469e+16 529.542 1.79755e-10 4.97118e+27 0.000625875 5.18926 20728.3 2.46535e+14 366 4 1 0.998893 
1.34714e+16 549.284 1.61134e-10 4.97118e+27 0.000614477 5.05746 20576.5 2.51108e+14 367 4 1 0.999028 
1.35981e+16 567.431 1.47127e-10 4.97118e+27 0.000604012 4.93734 20435.7 2.55459e+14 368 4 1 0.999152 
1.37269e+16 585.129 1.47349e-10 4.97118e+27 0.000593906 4.82215 20298.4 2.59806e+14 369 4 1 0.999203 
1.38579e+16 604.065 1.61484e-10 4.97118e+27 0.000583342 4.70254 20153.4 2.6451e+14 370 4 1 0.999125 
1.39914e+16 625.131 1.71983e-10 4.97118e+27 0.000572059 4.57567 19996.5 2.69727e+14 371 4 1 0.99896 
1.41276e+16 646.626 1.59353e-10 4.97118e+27 0.000560898 4.4511 19839.5 2.75095e+14 372 4 1 0.998895 
1.42665e+16 665.107 1.17122e-10 4.97118e+27 0.000551507 4.34706 19705.9 2.79779e+14 373 4 1 0.999127 
1.44074e+16 676.802 5.40695e-11 4.97118e+27 0.00054551 4.28102 19620 2.82855e+14 374 4 1 0.999591 
1.45494e+16 680.086 -2.09717e-12 4.97118e+27 0.000543325 4.25715 19588.7 2.83992e+14 375 4 1 0.999937 
1.46914e+16 679.527 -1.75025e-12 4.97118e+27 0.000543187 4.25576 19587 2.84064e+14 376 5 1 0.999999 
1.48334e+16 679.219 -4.95069e-12 4.97118e+27 0.000543377 4.25787 19589.9 2.83965e+14 377 4 1 0.999999 
1.49754e+16 678.523 -5.52254e-12 4.97118e+27 0.000543677 4.2612 19594.3 2.83808e+14 378 4 1 0.999999 
1.51172e+16 677.758 -5.59661e-12 4.97118e+27 0.000544053 4.26535 19599.9 2.83612e+14 379 4 1 0.999999 
1.5259e+16 677.024 -4.96322e-12 4.97118e+27 0.000544431 4.26955 19605.5 2.83415e+14 380 4 1 0.999999 
1.54007e+16 676.383 -4.08658e-12 4.97118e+27 0.000544771 4.27332 19610.6 2.83238e+14 381 4 1 0.999999 
1.55422e+16 675.857 -3.24569e-12 4.97118e+27 0.000545053 4.27647 19614.9 2.83092e+14 382 4 1 1 
1.56838e+16 675.442 -2.54425e-12 4.97118e+27 0.000545279 4.27899 19618.4 2.82974e+14 383 4 1 1 
1.58252e+16 675.116 -1.98582e-12 4.97118e+27 0.000545455 4.28098 19621.1 2.82883e+14 384 4 1 1 
1.59666e+16 674.859 -1.57738e-12 4.97118e+27 0.000545591 4.28254 19623.4 2.82813e+14 385 4 1 1 
1.6108e+16 674.653 -1.29805e-12 4.97118e+27 0.000545698 4.28378 19625.2 2.82757e+14 386 4 1 1 
1.62494e+16 674.483 -1.0995e-12 4.97118e+27 0.000545783 4.2848 19626.8 2.82713e+14 387 4 1 1 
1.63907e+16 674.338 -9.51164e-13 4.97118e+27 0.000545852 4.28565 19628.3 2.82677e+14 388 4 1 1 
1.65321e+16 674.21 -8.405e-13 4.97118e+27 0.000545909 4.28639 19629.6 2.82648e+14 389 4 1 1 
1.66734e+16 674.097 -7.52651e-13 4.97118e+27 0.000545956 4.28704 19630.9 2.82623e+14 390 4 1 1 
1.68147e+16 673.995 -6.74592e-13 4.97118e+27 0.000545995 4.28763 19632.2 2.82603e+14 391 4 1 1 
1.6956e+16 673.903 -6.02429e-13 4.97118e+27 0.000546026 4.28814 19633.4 2.82587e+14 392 4 1 1 
1.70973e+16 673.821 -5.35973e-13 4.97118e+27 0.000546046 4.28859 19634.7 2.82577e+14 393 4 1 1 
1.72386e+16 673.747 -4.74704e-13 4.97118e+27 0.000546047 4.28888 19636 2.82576e+14 394 3 1 1 
1.73799e+16 673.68 -4.18907e-13 4.97118e+27 0.000545972 4.28861 19637.5 2.82615e+14 395 4 1 1 
1.75212e+16 673.621 -3.69433e-13 4.97118e+27 0.000545575 4.28631 19641.3 2.82821e+14 396 4 1 0.999999 
1.76627e+16 673.568 -3.26526e-13 4.97118e+27 0.000543968 4.26901 19619.8 2.83657e+14 397 4 1 0.999987 
1.78048e+16 673.519 -2.89346e-13 4.97118e+27 0.000530857 4.1145 19376.7 2.90662e+14 398 4 1 0.99967 
1.79535e+16 673.474 -2.55668e-13 4.97118e+27 0.000506785 4.40142 21712.5 3.04469e+14 399 4 1 0.994712 
1.81095e+16 673.43 -2.24827e-13 4.97118e+27 0.000481256 4.1552 21585.2 3.20619e+14 400 4 1 0.993704 
1.82744e+16 673.388 -1.9592e-13 4.97118e+27 0.000458776 4.49979 24520.7 3.3633e+14 401 4 1 0.993698 
1.8446e+16 673.348 -1.67862e-13 4.97118e+27 0.000450165 4.30523 23909.2 3.42763e+14 402 5 1 0.99866 
1.86172e+16 673.31 -1.40922e-13 4.97118e+27 0.000451765 4.28854 23732.2 3.41549e+14 403 4 1 0.999967 
1.87876e+16 673.275 -1.15154e-13 4.97118e+27 0.00045339 4.28814 23644.9 3.40325e+14 404 4 1 0.999986 
1.89575e+16 673.241 -9.05889e-14 4.97118e+27 0.000454479 4.28952 23595.8 3.39509e+14 405 4 1 0.999994 
1.91271e+16 673.208 -6.58225e-14 4.97118e+27 0.000455178 4.29036 23564.2 3.38988e+14 406 4 1 0.999997 
1.92965e+16 673.175 -3.31322e-14 4.97118e+27 0.000455649 4.29078 23542.1 3.38638e+14 407 4 1 0.999999 
1.94657e+16 673.137 2.75155e-14 4.97118e+27 0.000455979 4.29096 23526.1 3.38393e+14 408 4 1 0.999999 
1.96349e+16 673.084 1.73136e-13 4.97118e+27 0.000456209 4.29088 23513.8 3.38222e+14 409 4 1 1 
1.9804e+16 672.978 6.12836e-13 4.97118e+27 0.000456341 4.29025 23503.5 3.38124e+14 410 3 1 1 
1.9973e+16 672.706 1.93988e-12 4.97118e+27 0.000456313 4.28804 23492.8 3.38145e+14 411 4 1 1 
2.01421e+16 671.909 6.02902e-12 4.97118e+27 0.000455897 4.28113 23476.3 3.38454e+14 412 4 1 0.999999 
2.03115e+16 669.595 1.76753e-11 4.97118e+27 0.000454456 4.26106 23440.3 3.39527e+14 413 4 1 0.999983 
2.04816e+16 663.237 4.60278e-11 4.97118e+27 0.000450538 4.2088 23353.8 3.42479e+14 414 4 1 0.999862 
2.06539e+16 647.476 1.13708e-10 4.97118e+27 0.000441222 4.08635 23152.8 3.49711e+14 415 4 1 0.999189 
2.08314e+16 612.079 2.30446e-10 4.97118e+27 0.000422646 3.84501 22742.1 3.65081e+14 416 4 1 0.996518 
2.10194e+16 542.468 4.781e-10 4.97118e+27 0.000389521 3.42127 21955.9 3.96127e+14 417 4 1 0.989367 
2.12289e+16 397.199 9.10875e-10 4.97118e+27 0.000340808 2.81744 20666.8 4.52747e+14 418 4 1 0.974539 
2.14762e+16 194.653 9.21785e-10 4.97118e+27 0.000292278 2.24974 19245.5 5.27921e+14 419 4 1 0.959691 
2.17612e+16 52.0806 4.27078e-10 4.97118e+27 0.000262582 1.92479 18328.2 5.87625e+14 420 4 1 0.973491 
2.20651e+16 5.51972 8.02698e-11 4.97118e+27 0.000252048 1.8156 18009.4 6.12184e+14 421 4 1 0.99473 
2.23734e+16 -0.313424 2.38553e-12 4.97118e+27 0.000250087 1.79586 17952.5 6.16984e+14 422 4 1 0.999769 
2.26821e+16 -0.0742246 -1.24992e-12 4.97118e+27 0.000249979 1.79478 17949.4 6.17253e+14 423 5 1 0.999999 
2.29907e+16 0.00706347 -8.59235e-16 4.97118e+27 0.000249999 1.79499 17950 6.17201e+14 424 4 1 1 
2.32993e+16 0.00269926 1.75095e-14 4.97118e+27 0.000250001 1.79501 17950 6.17199e+14 425 3 1 1 
2.36079e+16 0.000632479 4.61527e-15 4.97118e+27 0.00025 1.795 17950 6.172e+14 426 4 1 1 
2.39165e+16 0.000133826 1.02721e-15 4.97118e+27 0.00025 1.795 17950 6.172e+14 427 4 1 1 
2.42251e+16 2.66817e-05 2.14555e-16 4.97118e+27 0.00025 1.795 17950 6.172e+14 428 4 1 1 
2.45337e+16 5.03689e-06 4.24579e-17 4.97118e+27 0.00025 1.795 17950 6.172e+14 429 4 1 1 
2.48423e+16 8.98708e-07 7.95371e-18 4.97118e+27 0.00025 1.795 17950 6.172e+14 430 4 1 1 
2.51509e+16 1.51127e-07 1.40618e-18 4.97118e+27 0.00025 1.795 17950 6.172e+14 431 4 1 1 
2.54595e+16 2.39067e-08 2.34048e-19 4.97118e+27 0.00025 1.795 17950 6.172e+14 432 4 1 1 
2.57681e+16 3.5407e-09 3.64799e-20 4.97118e+27 0.00025 1.795 17950 6.172e+14 433 4 1 1 
2.60767e+16 4.90726e-10 5.33575e-21 4.97118e+27 0.00025 1.795 17950 6.172e+14 434 4 1 1 
2.63853e+16 5.98019e-11 7.90208e-22 4.97118e+27 0.00025 1.795 17950 6.172e+14 435 4 1 1 
2.66939e+16 2.91075e-12 4.42075e-23 4.97118e+27 0.00025 1.795 17950 6.172e+14 436 5 1 1 
2.70025e+16 3.55205e-13 5.52593e-24 4.97118e+27 0.00025 1.795 17950 6.172e+14 437 5 1 1 
2.73111e+16 4.33377e-15 4.60494e-25 4.97118e+27 0.00025 1.795 17950 6.172e+14 438 5 1 1 
2.76197e+16 -7.49987e-44 0 4.97118e+27 0.00025 1.795 17950 6.172e+14 439 5 1 1 
2.79283e+16 -1.86117e-13 -4.60494e-25 4.97118e+27 0.00025 1.795 17950 6.172e+14 440 5 1 1 
2.82369e+16 -5.31228e-13 -4.60494e-25 4.97118e+27 0.00025 1.795 17950 6.172e+14 441 5 1 1 
2.85455e+16 -1.09915e-12 -4.60494e-25 4.97118e+27 0.00025 1.795 17950 6.172e+14 442 5 1 1 
2.88541e+16 -2.04782e-12 -4.54082e-55 4.97118e+27 0.00025 1.795 17950 6.172e+14 443 5 1 1 
2.91627e+16 -3.27659e-12 -9.20989e-25 4.97118e+27 0.00025 1.795 17950 6.172e+14 444 5 1 1 
2.94713e+16 -4.90893e-12 4.90409e-54 4.97118e+27 0.00025 1.795 17950 6.172e+14 445 5 1 1 
2.97799e+16 1.01894e-12 1.01309e-23 4.97118e+27 0.00025 1.795 17950 6.172e+14 446 5 1 1 
3.00885e+16 -4.86862e-12 1.01309e-23 4.97118e+27 0.00025 1.795 17950 6.172e+14 447 5 1 1 
3.03971e+16 3.36824e-12 -1.01309e-23 4.97118e+27 0.00025 1.795 17950 6.172e+14 448 5 1 1 
3.07057e+16 -5.51466e-12 -9.20989e-24 4.97118e+27 0.00025 1.795 17950 6.172e+14 449 3 1 1 
3.10143e+16 5.51466e-12 9.20989e-24 4.97118e+27 0.00025 1.795 17950 6.172e+14 450 3 1 1 
3.13229e+16 -3.36824e-12 1.01309e-23 4.97118e+27 0.00025 1.795 17950 6.172e+14 451 5 1 1 
3.16315e+16 4.86862e-12 -1.01309e-23 4.97118e+27 0.00025 1.795 17950 6.172e+14 452 5 1 1 
3.19401e+16 -1.01894e-12 -1.01309e-23 4.97118e+27 0.00025 1.795 17950 6.172e+14 453 5 1 1 
3.22487e+16 4.90893e-12 -4.90409e-54 4.97118e+27 0.00025 1.795 17950 6.172e+14 454 5 1 1 
3.25573e+16 3.27659e-12 9.20989e-25 4.97118e+27 0.00025 1.795 17950 6.172e+14 455 5 1 1 
3.28659e+16 2.04782e-12 4.54082e-55 4.97118e+27 0.00025 1.795 17950 6.172e+14 456 5 1 1 
3.31745e+16 1.09915e-12 4.60494e-25 4.97118e+27 0.00025 1.795 17950 6.172e+14 457 5 1 1 
3.34831e+16 5.31228e-13 4.60494e-25 4.97118e+27 0.00025 1.795 17950 6.172e+14 458 5 1 1 
3.37917e+16 1.86117e-13 4.60494e-25 4.97118e+27 0.00025 1.795 17950 6.172e+14 459 5 1 1 
3.41003e+16 7.32899e-44 0 4.97118e+27 0.00025 1.795 17950 6.172e+14 460 5 1 1 
3.44089e+16 -4.33377e-15 -4.60494e-25 4.97118e+27 0.00025 1.795 17950 6.172e+14 461 5 1 1 
3.47175e+16 -3.68198e-13 -5.06544e-24 4.97118e+27 0.00025 1.795 17950 6.172e+14 462 5 1 1 
3.50261e+16 -2.88867e-12 -3.54581e-23 4.97118e+27 0.00025 1.795 17950 6.172e+14 463 5 1 1 
3.53347e+16 -5.15656e-11 -7.76393e-22 4.97118e+27 0.00025 1.795 17950 6.172e+14 464 4 1 1 
3.56433e+16 -4.87517e-10 -5.36752e-21 4.97118e+27 0.00025 1.795 17950 6.172e+14 465 4 1 1 
3.59519e+16 -3.57238e-09 -3.64389e-20 4.97118e+27 0.00025 1.795 17950 6.172e+14 466 4 1 1 
3.62605e+16 -2.38467e-08 -2.33995e-19 4.97118e+27 0.00025 1.795 17950 6.172e+14 467 4 1 1 
3.65691e+16 -1.51159e-07 -1.40626e-18 4.97118e+27 0.00025 1.795 17950 6.172e+14 468 4 1 1 
3.68777e+16 -8.98727e-07 -7.95381e-18 4.97118e+27 0.00025 1.795 17950 6.172e+14 469 4 1 1 
3.71863e+16 -5.03686e-06 -4.24578e-17 4.97118e+27 0.00025 1.795 17950 6.172e+14 470 4 1 1 
3.74949e+16 -2.66817e-05 -2.14554e-16 4.97118e+27 0.00025 1.795 17950 6.172e+14 471 4 1 1 
3.78035e+16 -0.000133826 -1.02721e-15 4.97118e+27 0.00025 1.795 17950 6.172e+14 472 4 1 1 
3.81121e+16 -0.000632479 -4.61527e-15 4.97118e+27 0.00025 1.795 17950 6.172e+14 473 4 1 1 
3.84207e+16 -0.00269926 -1.75095e-14 4.97118e+27 0.000250001 1.79501 17950 6.17199e+14 474 3 1 1 
3.87293e+16 -0.00706347 8.59235e-16 4.97118e+27 0.000249999 1.79499 17950 6.17201e+14 475 4 1 1 
3.90379e+16 0.0742246 1.24992e-12 4.97118e+27 0.000249979 1.79478 17949.4 6.17253e+14 476 5 1 0.999999 
3.93466e+16 0.313424 -2.38553e-12 4.97118e+27 0.000250087 1.79586 17952.5 6.16984e+14 477 4 1 0.999769 
3.96549e+16 -5.51972 -8.02698e-11 4.97118e+27 0.000252048 1.8156 18009.4 6.12184e+14 478 4 1 0.99473 
3.99588e+16 -52.0806 -4.27078e-10 4.97118e+27 0.000262582 1.92479 18328.2 5.87625e+14 479 4 1 0.973491 
4.02438e+16 -194.653 -9.21785e-10 4.97118e+27 0.000292278 2.24974 19245.5 5.27921e+14 480 4 1 0.959691 
4.04911e+16 -397.199 -9.10875e-10 4.97118e+27 0.000340808 2.81744 20666.8 4.52747e+14 481 4 1 0.974539 
4.07006e+16 -542.468 -4.781e-10 4.97118e+27 0.000389521 3.42127 21955.9 3.96127e+14 482 4 1 0.989367 
4.08886e+16 -612.079 -2.30446e-10 4.97118e+27 0.000422646 3.84501 22742.1 3.65081e+14 483 4 1 0.996518 
4.10661e+16 -647.476 -1.13708e-10 4.97118e+27 0.000441222 4.08635 23152.8 3.49711e+14 484 4 1 0.999189 
4.12384e+16 -663.237 -4.60278e-11 4.97118e+27 0.000450538 4.2088 23353.8 3.42479e+14 485 4 1 0.999862 
4.14085e+16 -669.595 -1.76753e-11 4.97118e+27 0.000454456 4.26106 23440.3 3.39527e+14 486 4 1 0.999983 
4.15779e+16 -671.909 -6.02902e-12 4.97118e+27 0.000455897 4.28113 23476.3 3.38454e+14 487 4 1 0.999999 
4.1747e+16 -672.706 -1.93988e-12 4.97118e+27 0.000456313 4.28804 23492.8 3.38145e+14 488 4 1 1 
4.1916e+16 -672.978 -6.12836e-13 4.97118e+27 0.000456341 4.29025 23503.5 3.38124e+14 489 3 1 1 
4.20851e+16 -673.084 -1.73136e-13 4.97118e+27 0.000456209 4.29088 23513.8 3.38222e+14 490 4 1 1 
4.22543e+16 -673.137 -2.75155e-14 4.97118e+27 0.000455979 4.29096 23526.1 3.38393e+14 491 4 1 0.999999 
4.24235e+16 -673.175 3.31322e-14 4.97118e+27 0.000455649 4.29078 23542.1 3.38638e+14 492 4 1 0.999999 
4.25929e+16 -673.208 6.58225e-14 4.97118e+27 0.000455178 4.29036 23564.2 3.38988e+14 493 4 1 0.999997 
4.27625e+16 -673.241 9.05889e-14 4.97118e+27 0.000454479 4.28952 23595.8 3.39509e+14 494 4 1 0.999994 
4.29324e+16 -673.275 1.15154e-13 4.97118e+27 0.00045339 4.28814 23644.9 3.40325e+14 495 4 1 0.999986 
4.31028e+16 -673.31 1.40922e-13 4.97118e+27 0.000451765 4.28854 23732.2 3.41549e+14 496 4 1 0.999967 
4.3274e+16 -673.348 1.67862e-13 4.97118e+27 0.000450165 4.30523 23909.2 3.42763e+14 497 5 1 0.99866 
4.34456e+16 -673.388 1.9592e-13 4.97118e+27 0.000458776 4.49979 24520.7 3.3633e+14 498 4 1 0.993698 
4.36105e+16 -673.43 2.24827e-13 4.97118e+27 0.000481256 4.1552 21585.2 3.20619e+14 499 4 1 0.993704 
