# Time [s]: 3.77347e+12
# Columns: pos [pc], vel [pc/s], acc [pc/s^2], mass [Msun], dens [g/cm^3], pres [barye], ene [erg/g], sml [pc], id, neighbor, alpha, gradh, ...additional?
4.38172e+16 -673.494 2.72287e-13 4.97118e+27 0.000506773 4.40128 21712.3 3.04476e+14 0 4 1 0.994712 
4.39658e+16 -673.542 3.08213e-13 4.97118e+27 0.000530844 4.11435 19376.5 2.90669e+14 1 4 1 0.999671 
4.4108e+16 -673.593 3.47887e-13 4.97118e+27 0.000543953 4.26885 19619.6 2.83664e+14 2 4 1 0.999987 
4.42495e+16 -673.65 3.93642e-13 4.97118e+27 0.000545558 4.28612 19641 2.8283e+14 3 4 1 0.999999 
4.43908e+16 -673.713 4.46216e-13 4.97118e+27 0.000545953 4.2884 19637.2 2.82625e+14 4 4 1 1 
4.45321e+16 -673.783 5.05552e-13 4.97118e+27 0.000546026 4.28865 19635.7 2.82587e+14 5 3 1 1 
4.46734e+16 -673.862 5.70668e-13 4.97118e+27 0.000546023 4.28833 19634.4 2.82589e+14 6 4 1 1 
4.48147e+16 -673.95 6.40329e-13 4.97118e+27 0.000545999 4.28785 19633 2.82601e+14 7 4 1 1 
4.4956e+16 -674.047 7.15525e-13 4.97118e+27 0.000545966 4.28731 19631.7 2.82618e+14 8 4 1 1 
4.50973e+16 -674.155 7.98773e-13 4.97118e+27 0.000545924 4.28669 19630.4 2.8264e+14 9 4 1 1 
4.52387e+16 -674.276 8.94224e-13 4.97118e+27 0.000545873 4.28599 19629.1 2.82667e+14 10 4 1 1 
4.538e+16 -674.412 1.01643e-12 4.97118e+27 0.000545811 4.2852 19627.7 2.82699e+14 11 4 1 1 
4.55214e+16 -674.569 1.1906e-12 4.97118e+27 0.000545735 4.28427 19626.2 2.82738e+14 12 4 1 1 
4.56628e+16 -674.755 1.4354e-12 4.97118e+27 0.00054564 4.28315 19624.4 2.82787e+14 13 4 1 1 
4.58042e+16 -674.984 1.77078e-12 4.97118e+27 0.00054552 4.28175 19622.4 2.8285e+14 14 4 1 1 
4.59456e+16 -675.275 2.24538e-12 4.97118e+27 0.000545365 4.27999 19619.8 2.8293e+14 15 4 1 1 
4.60871e+16 -675.646 2.89798e-12 4.97118e+27 0.000545164 4.27773 19616.7 2.83034e+14 16 4 1 1 
4.62286e+16 -676.118 3.69504e-12 4.97118e+27 0.000544908 4.27487 19612.8 2.83167e+14 17 4 1 0.999999 
-1.53497e+16 -676.709 4.57253e-12 4.97118e+27 0.000544592 4.27136 19608.1 2.83331e+14 18 4 1 0.999999 
-1.5208e+16 -677.415 5.40953e-12 4.97118e+27 0.000544225 4.26728 19602.6 2.83523e+14 19 4 1 0.999999 
-1.50662e+16 -678.189 5.82852e-12 4.97118e+27 0.000543834 4.26295 19596.8 2.83726e+14 20 4 1 0.999998 
-1.49243e+16 -678.937 5.53148e-12 4.97118e+27 0.000543474 4.25896 19591.4 2.83914e+14 21 4 1 0.999999 
-1.47823e+16 -679.515 2.53236e-12 4.97118e+27 0.000543245 4.25643 19588 2.84034e+14 22 4 1 0.999999 
-1.46403e+16 -679.857 7.38048e-12 4.97118e+27 0.000543111 4.25488 19585.8 2.84104e+14 23 5 1 0.999987 
-1.44982e+16 -679.345 -2.51976e-11 4.97118e+27 0.000544096 4.26555 19599.7 2.83589e+14 24 4 1 0.999776 
-1.43567e+16 -671.278 -9.26666e-11 4.97118e+27 0.000548381 4.3126 19661.2 2.81374e+14 25 4 1 0.999294 
-1.42168e+16 -655.118 -1.47225e-10 4.97118e+27 0.000556594 4.40335 19778.5 2.77222e+14 26 4 1 0.998926 
-1.40794e+16 -634.082 -1.72379e-10 4.97118e+27 0.000567371 4.52325 19930.9 2.71956e+14 27 4 1 0.998883 
-1.39448e+16 -612.237 -1.6944e-10 4.97118e+27 0.000578898 4.65247 20091.9 2.66541e+14 28 4 1 0.999044 
-1.38129e+16 -592.224 -1.53331e-10 4.97118e+27 0.000589892 4.77662 20243.5 2.61573e+14 29 4 1 0.999169 
-1.36832e+16 -574.085 -1.47193e-10 4.97118e+27 0.000600214 4.89397 20384.3 2.57075e+14 30 4 1 0.999162 
-1.35558e+16 -556.031 -1.56793e-10 4.97118e+27 0.000610593 5.01278 20524.5 2.52705e+14 31 4 1 0.999047 
-1.34305e+16 -536.596 -1.76265e-10 4.97118e+27 0.00062179 5.14192 20674.1 2.48154e+14 32 4 1 0.998901 
-1.33076e+16 -515.434 -1.95147e-10 4.97118e+27 0.000634099 5.28497 20836.8 2.43337e+14 33 4 1 0.998783 
-1.31871e+16 -492.833 -2.1045e-10 4.97118e+27 0.000647399 5.44082 21010.5 2.38338e+14 34 4 1 0.998716 
-1.30692e+16 -469.435 -2.20966e-10 4.97118e+27 0.000661429 5.6066 21191.4 2.33283e+14 35 4 1 0.998694 
-1.29538e+16 -445.665 -2.2838e-10 4.97118e+27 0.000675931 5.77944 21376.1 2.28278e+14 36 4 1 0.998703 
-1.28409e+16 -421.897 -2.33659e-10 4.97118e+27 0.000690723 5.95729 21561.9 2.23389e+14 37 4 1 0.998738 
-1.27304e+16 -398.326 -2.36281e-10 4.97118e+27 0.000705654 6.13835 21747.1 2.18662e+14 38 4 1 0.99878 
-1.26222e+16 -375.056 -2.39015e-10 4.97118e+27 0.000720637 6.32157 21930.6 2.14116e+14 39 4 1 0.998829 
-1.25163e+16 -352.193 -2.40324e-10 4.97118e+27 0.000735627 6.50642 22111.9 2.09753e+14 40 4 1 0.998877 
-1.24125e+16 -329.73 -2.42055e-10 4.97118e+27 0.000750593 6.69247 22290.7 2.05571e+14 41 4 1 0.998924 
-1.23107e+16 -307.701 -2.43175e-10 4.97118e+27 0.000765526 6.87961 22467.1 2.01561e+14 42 4 1 0.998973 
-1.22109e+16 -286.085 -2.4368e-10 4.97118e+27 0.000780397 7.06742 22640.6 1.9772e+14 43 4 1 0.999018 
-1.21129e+16 -264.852 -2.44649e-10 4.97118e+27 0.000795201 7.25581 22811.4 1.94039e+14 44 4 1 0.99906 
-1.20168e+16 -244.077 -2.4542e-10 4.97118e+27 0.000809945 7.44484 22979.6 1.90507e+14 45 4 1 0.999102 
-1.19224e+16 -223.68 -2.45501e-10 4.97118e+27 0.000824609 7.63423 23145.1 1.87119e+14 46 4 1 0.99914 
-1.18297e+16 -203.691 -2.46319e-10 4.97118e+27 0.000839196 7.82394 23308 1.83866e+14 47 4 1 0.999179 
-1.17385e+16 -184.098 -2.45998e-10 4.97118e+27 0.000853697 8.01386 23468.2 1.80743e+14 48 4 1 0.999215 
-1.16489e+16 -164.857 -2.46324e-10 4.97118e+27 0.000868103 8.20381 23625.8 1.77744e+14 49 4 1 0.999248 
-1.15608e+16 -146.017 -2.46633e-10 4.97118e+27 0.000882428 8.39395 23780.9 1.74858e+14 50 4 1 0.99928 
-1.14741e+16 -127.519 -2.46782e-10 4.97118e+27 0.000896663 8.58415 23933.7 1.72082e+14 51 4 1 0.99932 
-1.13887e+16 -109.432 -2.43711e-10 4.97118e+27 0.000910735 8.77334 24083.2 1.69424e+14 52 4 1 0.99936 
-1.13046e+16 -91.9492 -2.39985e-10 4.97118e+27 0.000924581 8.96053 24228.8 1.66886e+14 53 4 1 0.999364 
-1.12218e+16 -74.69 -2.4971e-10 4.97118e+27 0.000938485 9.14966 24373.9 1.64414e+14 54 4 1 0.999347 
-1.11402e+16 -56.6792 -2.66416e-10 4.97118e+27 0.000952782 9.34588 24522.2 1.61947e+14 55 4 1 0.999485 
-1.10598e+16 -39.5691 -2.19959e-10 4.97118e+27 0.000966125 9.53027 24659.4 1.5971e+14 56 4 1 0.999735 
-1.09805e+16 -28.0059 -1.2242e-10 4.97118e+27 0.000976244 9.66899 24761.1 1.58055e+14 57 4 1 0.999672 
-1.09018e+16 -18.3945 -2.01018e-10 4.97118e+27 0.000986168 9.80489 24860.1 1.56464e+14 58 4 1 0.999107 
-1.0824e+16 2.20023 -4.23449e-10 4.97118e+27 0.00100259 10.0365 25027.1 1.53902e+14 59 4 1 0.999173 
-1.07479e+16 27.827 -3.10013e-10 4.97118e+27 0.001021 10.2988 25212.1 1.51127e+14 60 4 1 0.999945 
-1.06729e+16 37.0051 -2.11884e-11 4.97118e+27 0.00102983 10.4224 25297.9 1.49831e+14 61 3 1 1 
-1.0598e+16 35.6622 4.05171e-11 4.97118e+27 0.00102954 10.4167 25293.8 1.49873e+14 62 4 1 1.00001 
-1.0523e+16 32.2651 5.87401e-11 4.97118e+27 0.00102656 10.3743 25264.3 1.50308e+14 63 4 1 0.999978 
-1.04477e+16 28.0097 7.00304e-11 4.97118e+27 0.00102285 10.3216 25227.5 1.50854e+14 64 4 1 0.999963 
-1.03721e+16 23.3358 7.46028e-11 4.97118e+27 0.00101886 10.2652 25187.9 1.51444e+14 65 4 1 0.999955 
-1.02963e+16 18.6466 7.29272e-11 4.97118e+27 0.00101495 10.2099 25149 1.52028e+14 66 4 1 0.999955 
-1.02201e+16 14.2901 6.6141e-11 4.97118e+27 0.00101137 10.1595 25113.4 1.52566e+14 67 4 1 0.999962 
-1.01437e+16 10.5118 5.61006e-11 4.97118e+27 0.00100831 10.1164 25082.9 1.53029e+14 68 4 1 0.999971 
-1.00671e+16 7.43211 4.48082e-11 4.97118e+27 0.00100584 10.0817 25058.2 1.53404e+14 69 4 1 0.999981 
-9.9903e+15 5.05893 3.39037e-11 4.97118e+27 0.00100396 10.0553 25039.4 1.53692e+14 70 4 1 0.999989 
-9.91339e+15 3.32071 2.44291e-11 4.97118e+27 0.00100259 10.0361 25025.8 1.53902e+14 71 4 1 0.999994 
-9.8364e+15 2.10501 1.6835e-11 4.97118e+27 0.00100163 10.0228 25016.3 1.54048e+14 72 4 1 0.999997 
-9.75934e+15 1.29011 1.11333e-11 4.97118e+27 0.001001 10.0139 25009.9 1.54146e+14 73 4 1 0.999999 
-9.68225e+15 0.765064 7.08307e-12 4.97118e+27 0.00100059 10.0082 25005.9 1.54209e+14 74 4 1 0.999999 
-9.60514e+15 0.439241 4.34283e-12 4.97118e+27 0.00100034 10.0047 25003.4 1.54248e+14 75 4 1 1 
-9.528e+15 0.244213 2.56917e-12 4.97118e+27 0.00100019 10.0026 25001.9 1.54271e+14 76 4 1 1 
-9.45086e+15 0.131505 1.46761e-12 4.97118e+27 0.0010001 10.0014 25001 1.54284e+14 77 4 1 1 
-9.37372e+15 0.0685832 8.0989e-13 4.97118e+27 0.00100005 10.0007 25000.5 1.54292e+14 78 4 1 1 
-9.29657e+15 0.0346367 4.31861e-13 4.97118e+27 0.00100003 10.0004 25000.3 1.54296e+14 79 4 1 1 
-9.21942e+15 0.0169359 2.22536e-13 4.97118e+27 0.00100001 10.0002 25000.1 1.54298e+14 80 4 1 1 
-9.14227e+15 0.00801511 1.1081e-13 4.97118e+27 0.00100001 10.0001 25000.1 1.54299e+14 81 4 1 1 
-9.06512e+15 0.00367014 5.33108e-14 4.97118e+27 0.001 10 25000 1.543e+14 82 4 1 1 
-8.98797e+15 0.00162532 2.47746e-14 4.97118e+27 0.001 10 25000 1.543e+14 83 4 1 1 
-8.91082e+15 0.000695749 1.11175e-14 4.97118e+27 0.001 10 25000 1.543e+14 84 4 1 1 
-8.83367e+15 0.00028771 4.8153e-15 4.97118e+27 0.001 10 25000 1.543e+14 85 4 1 1 
-8.75652e+15 0.000114849 2.01195e-15 4.97118e+27 0.001 10 25000 1.543e+14 86 4 1 1 
-8.67937e+15 4.42172e-05 8.1038e-16 4.97118e+27 0.001 10 25000 1.543e+14 87 4 1 1 
-8.60222e+15 1.64019e-05 3.14391e-16 4.97118e+27 0.001 10 25000 1.543e+14 88 4 1 1 
-8.52507e+15 5.85457e-06 1.17358e-16 4.97118e+27 0.001 10 25000 1.543e+14 89 4 1 1 
-8.44792e+15 2.00785e-06 4.20994e-17 4.97118e+27 0.001 10 25000 1.543e+14 90 4 1 1 
-8.37077e+15 6.60454e-07 1.44894e-17 4.97118e+27 0.001 10 25000 1.543e+14 91 4 1 1 
-8.29362e+15 2.0785e-07 4.77661e-18 4.97118e+27 0.001 10 25000 1.543e+14 92 4 1 1 
-8.21647e+15 6.24285e-08 1.5038e-18 4.97118e+27 0.001 10 25000 1.543e+14 93 4 1 1 
-8.13932e+15 1.78218e-08 4.51417e-19 4.97118e+27 0.001 10 25000 1.543e+14 94 4 1 1 
-8.06217e+15 4.8117e-09 1.27826e-19 4.97118e+27 0.001 10 25000 1.543e+14 95 4 1 1 
-7.98502e+15 1.2302e-09 3.4456e-20 4.97118e+27 0.001 10 25000 1.543e+14 96 4 1 1 
-7.90787e+15 2.91671e-10 8.74571e-21 4.97118e+27 0.001 10 25000 1.543e+14 97 4 1 1 
-7.83072e+15 6.34012e-11 2.46825e-21 4.97118e+27 0.001 10 25000 1.543e+14 98 4 1 1 
-7.75357e+15 2.94638e-12 1.5841e-22 4.97118e+27 0.001 10 25000 1.543e+14 99 5 1 1 
-7.67642e+15 3.46578e-13 3.31556e-23 4.97118e+27 0.001 10 25000 1.543e+14 100 5 1 1 
-7.59927e+15 7.51779e-44 6.53879e-54 4.97118e+27 0.001 10 25000 1.543e+14 101 5 1 1 
-7.52212e+15 0 0 4.97118e+27 0.001 10 25000 1.543e+14 102 5 1 1 
-7.44497e+15 0 0 4.97118e+27 0.001 10 25000 1.543e+14 103 5 1 1 
-7.36782e+15 0 0 4.97118e+27 0.001 10 25000 1.543e+14 104 5 1 1 
-7.29067e+15 0 0 4.97118e+27 0.001 10 25000 1.543e+14 105 5 1 1 
-7.21352e+15 0 0 4.97118e+27 0.001 10 25000 1.543e+14 106 5 1 1 
-7.13637e+15 0 0 4.97118e+27 0.001 10 25000 1.543e+14 107 5 1 1 
-7.05922e+15 0 0 4.97118e+27 0.001 10 25000 1.543e+14 108 5 1 1 
-6.98207e+15 0 0 4.97118e+27 0.001 10 25000 1.543e+14 109 5 1 1 
-6.90492e+15 0 0 4.97118e+27 0.001 10 25000 1.543e+14 110 5 1 1 
-6.82777e+15 0 0 4.97118e+27 0.001 10 25000 1.543e+14 111 5 1 1 
-6.75062e+15 0 0 4.97118e+27 0.001 10 25000 1.543e+14 112 5 1 1 
-6.67347e+15 0 0 4.97118e+27 0.001 10 25000 1.543e+14 113 5 1 1 
-6.59632e+15 0 0 4.97118e+27 0.001 10 25000 1.543e+14 114 5 1 1 
-6.51917e+15 0 0 4.97118e+27 0.001 10 25000 1.543e+14 115 5 1 1 
-6.44202e+15 0 0 4.97118e+27 0.001 10 25000 1.543e+14 116 5 1 1 
-6.36487e+15 0 0 4.97118e+27 0.001 10 25000 1.543e+14 117 5 1 1 
-6.28772e+15 0 0 4.97118e+27 0.001 10 25000 1.543e+14 118 5 1 1 
-6.21057e+15 0 0 4.97118e+27 0.001 10 25000 1.543e+14 119 5 1 1 
-6.13342e+15 0 0 4.97118e+27 0.001 10 25000 1.543e+14 120 5 1 1 
-6.05627e+15 0 0 4.97118e+27 0.001 10 25000 1.543e+14 121 5 1 1 
-5.97912e+15 0 0 4.97118e+27 0.001 10 25000 1.543e+14 122 5 1 1 
-5.90197e+15 0 0 4.97118e+27 0.001 10 25000 1.543e+14 123 5 1 1 
-5.82482e+15 0 0 4.97118e+27 0.001 10 25000 1.543e+14 124 5 1 1 
-5.74767e+15 0 0 4.97118e+27 0.001 10 25000 1.543e+14 125 5 1 1 
-5.67052e+15 0 0 4.97118e+27 0.001 10 25000 1.543e+14 126 5 1 1 
-5.59337e+15 0 0 4.97118e+27 0.001 10 25000 1.543e+14 127 5 1 1 
-5.51622e+15 0 0 4.97118e+27 0.001 10 25000 1.543e+14 128 5 1 1 
-5.43907e+15 0 0 4.97118e+27 0.001 10 25000 1.543e+14 129 5 1 1 
-5.36192e+15 0 0 4.97118e+27 0.001 10 25000 1.543e+14 130 5 1 1 
-5.28477e+15 0 0 4.97118e+27 0.001 10 25000 1.543e+14 131 5 1 1 
-5.20762e+15 0 0 4.97118e+27 0.001 10 25000 1.543e+14 132 5 1 1 
-5.13047e+15 0 0 4.97118e+27 0.001 10 25000 1.543e+14 133 5 1 1 
-5.05332e+15 0 0 4.97118e+27 0.001 10 25000 1.543e+14 134 5 1 1 
-4.97617e+15 0 0 4.97118e+27 0.001 10 25000 1.543e+14 135 5 1 1 
-4.89902e+15 0 0 4.97118e+27 0.001 10 25000 1.543e+14 136 5 1 1 
-4.82187e+15 0 0 4.97118e+27 0.001 10 25000 1.543e+14 137 5 1 1 
-4.74472e+15 0 0 4.97118e+27 0.001 10 25000 1.543e+14 138 5 1 1 
-4.66757e+15 0 0 4.97118e+27 0.001 10 25000 1.543e+14 139 5 1 1 
-4.59042e+15 0 0 4.97118e+27 0.001 10 25000 1.543e+14 140 5 1 1 
-4.51327e+15 0 0 4.97118e+27 0.001 10 25000 1.543e+14 141 5 1 1 
-4.43612e+15 0 0 4.97118e+27 0.001 10 25000 1.543e+14 142 5 1 1 
-4.35897e+15 0 0 4.97118e+27 0.001 10 25000 1.543e+14 143 5 1 1 
-4.28182e+15 0 0 4.97118e+27 0.001 10 25000 1.543e+14 144 5 1 1 
-4.20467e+15 0 0 4.97118e+27 0.001 10 25000 1.543e+14 145 5 1 1 
-4.12752e+15 0 0 4.97118e+27 0.001 10 25000 1.543e+14 146 5 1 1 
-4.05037e+15 0 0 4.97118e+27 0.001 10 25000 1.543e+14 147 5 1 1 
-3.97322e+15 0 0 4.97118e+27 0.001 10 25000 1.543e+14 148 5 1 1 
-3.89607e+15 0 0 4.97118e+27 0.001 10 25000 1.543e+14 149 5 1 1 
-3.81892e+15 0 0 4.97118e+27 0.001 10 25000 1.543e+14 150 5 1 1 
-3.74177e+15 0 0 4.97118e+27 0.001 10 25000 1.543e+14 151 5 1 1 
-3.66462e+15 0 0 4.97118e+27 0.001 10 25000 1.543e+14 152 5 1 1 
-3.58747e+15 0 0 4.97118e+27 0.001 10 25000 1.543e+14 153 5 1 1 
-3.51032e+15 0 0 4.97118e+27 0.001 10 25000 1.543e+14 154 5 1 1 
-3.43317e+15 0 0 4.97118e+27 0.001 10 25000 1.543e+14 155 5 1 1 
-3.35602e+15 0 0 4.97118e+27 0.001 10 25000 1.543e+14 156 5 1 1 
-3.27887e+15 0 0 4.97118e+27 0.001 10 25000 1.543e+14 157 5 1 1 
-3.20172e+15 0 0 4.97118e+27 0.001 10 25000 1.543e+14 158 5 1 1 
-3.12457e+15 0 0 4.97118e+27 0.001 10 25000 1.543e+14 159 5 1 1 
-3.04742e+15 0 0 4.97118e+27 0.001 10 25000 1.543e+14 160 5 1 1 
-2.97027e+15 0 0 4.97118e+27 0.001 10 25000 1.543e+14 161 5 1 1 
-2.89312e+15 0 0 4.97118e+27 0.001 10 25000 1.543e+14 162 5 1 1 
-2.81597e+15 0 0 4.97118e+27 0.001 10 25000 1.543e+14 163 5 1 1 
-2.73882e+15 0 0 4.97118e+27 0.001 10 25000 1.543e+14 164 5 1 1 
-2.66167e+15 0 0 4.97118e+27 0.001 10 25000 1.543e+14 165 5 1 1 
-2.58452e+15 0 0 4.97118e+27 0.001 10 25000 1.543e+14 166 5 1 1 
-2.50737e+15 0 0 4.97118e+27 0.001 10 25000 1.543e+14 167 5 1 1 
-2.43022e+15 0 0 4.97118e+27 0.001 10 25000 1.543e+14 168 5 1 1 
-2.35307e+15 0 0 4.97118e+27 0.001 10 25000 1.543e+14 169 5 1 1 
-2.27592e+15 0 0 4.97118e+27 0.001 10 25000 1.543e+14 170 5 1 1 
-2.19877e+15 0 0 4.97118e+27 0.001 10 25000 1.543e+14 171 5 1 1 
-2.12162e+15 0 0 4.97118e+27 0.001 10 25000 1.543e+14 172 5 1 1 
-2.04447e+15 0 0 4.97118e+27 0.001 10 25000 1.543e+14 173 5 1 1 
-1.96732e+15 -1.3992e-43 -3.63266e-55 4.97118e+27 0.001 10 25000 1.543e+14 174 5 1 1 
-1.89017e+15 -1.03713e-13 -3.63266e-55 4.97118e+27 0.001 10 25000 1.543e+14 175 5 1 1 
-1.81302e+15 -2.41496e-13 0 4.97118e+27 0.001 10 25000 1.543e+14 176 5 1 1 
-1.73587e+15 -3.78578e-13 0 4.97118e+27 0.001 10 25000 1.543e+14 177 5 1 1 
-1.65872e+15 -5.147e-13 0 4.97118e+27 0.001 10 25000 1.543e+14 178 5 1 1 
-1.58157e+15 -6.84159e-13 0 4.97118e+27 0.001 10 25000 1.543e+14 179 5 1 1 
-1.50442e+15 -8.34736e-13 -1.84198e-24 4.97118e+27 0.001 10 25000 1.543e+14 180 5 1 1 
-1.42727e+15 -1.0184e-12 0 4.97118e+27 0.001 10 25000 1.543e+14 181 5 1 1 
-1.35012e+15 -1.25094e-12 -7.26532e-55 4.97118e+27 0.001 10 25000 1.543e+14 182 5 1 1 
-1.27297e+15 -1.47912e-12 -1.81633e-54 4.97118e+27 0.001 10 25000 1.543e+14 183 5 1 1 
-1.19582e+15 -1.99265e-12 -1.84198e-24 4.97118e+27 0.001 10 25000 1.543e+14 184 5 1 1 
-1.11867e+15 -2.53239e-12 -1.84198e-24 4.97118e+27 0.001 10 25000 1.543e+14 185 5 1 1 
-1.04152e+15 -5.52407e-12 5.52593e-24 4.97118e+27 0.001 10 25000 1.543e+14 186 4 1 1 
-9.64375e+14 2.09701e-12 5.52593e-24 4.97118e+27 0.001 10 25000 1.543e+14 187 3 1 1 
-8.87225e+14 -4.76015e-13 -3.68395e-24 4.97118e+27 0.001 10 25000 1.543e+14 188 4 1 1 
-8.10075e+14 -8.64407e-13 -9.20989e-24 4.97118e+27 0.001 10 25000 1.543e+14 189 3 1 1 
-7.32925e+14 -2.30054e-12 -7.36791e-24 4.97118e+27 0.001 10 25000 1.543e+14 190 3 1 1 
-6.55775e+14 4.34003e-13 1.28938e-23 4.97118e+27 0.001 10 25000 1.543e+14 191 4 1 1 
-5.78625e+14 -7.52837e-13 -1.84198e-24 4.97118e+27 0.001 10 25000 1.543e+14 192 5 1 1 
-5.01475e+14 -2.11243e-12 -3.68395e-24 4.97118e+27 0.001 10 25000 1.543e+14 193 4 1 1 
-4.24325e+14 -4.96368e-13 3.68395e-24 4.97118e+27 0.001 10 25000 1.543e+14 194 3 1 1 
-3.47175e+14 -2.34363e-13 3.68395e-24 4.97118e+27 0.001 10 25000 1.543e+14 195 4 1 1 
-2.70025e+14 -1.24365e-12 -1.10519e-23 4.97118e+27 0.001 10 25000 1.543e+14 196 5 1 1 
-1.92875e+14 -5.79153e-13 2.21037e-23 4.97118e+27 0.001 10 25000 1.543e+14 197 3 1 1 
-1.15725e+14 -3.80917e-13 -1.10519e-23 4.97118e+27 0.001 10 25000 1.543e+14 198 5 1 1 
-3.8575e+13 6.23193e-16 -7.36791e-24 4.97118e+27 0.001 10 25000 1.543e+14 199 3 1 1 
3.8575e+13 -2.78312e-14 1.59766e-39 4.97118e+27 0.001 10 25000 1.543e+14 200 3 1 1 
1.15725e+14 -7.16681e-14 1.84198e-24 4.97118e+27 0.001 10 25000 1.543e+14 201 3 1 1 
1.92875e+14 -4.71709e-13 -1.84198e-24 4.97118e+27 0.001 10 25000 1.543e+14 202 5 1 1 
2.70025e+14 -1.04247e-12 1.84198e-24 4.97118e+27 0.001 10 25000 1.543e+14 203 3 1 1 
3.47175e+14 4.57208e-14 1.84198e-24 4.97118e+27 0.001 10 25000 1.543e+14 204 3 1 1 
4.24325e+14 -1.07323e-13 -3.68395e-24 4.97118e+27 0.001 10 25000 1.543e+14 205 4 1 1 
5.01475e+14 -4.09613e-13 1.91719e-38 4.97118e+27 0.001 10 25000 1.543e+14 206 4 1 1 
5.78625e+14 -1.02435e-12 6.71017e-39 4.97118e+27 0.001 10 25000 1.543e+14 207 5 1 1 
6.55775e+14 8.07934e-13 -1.91719e-38 4.97118e+27 0.001 10 25000 1.543e+14 208 5 1 1 
7.32925e+14 -1.57222e-13 1.84198e-24 4.97118e+27 0.001 10 25000 1.543e+14 209 4 1 1 
8.10075e+14 2.5994e-12 8.9469e-39 4.97118e+27 0.001 10 25000 1.543e+14 210 3 1 1 
8.87225e+14 1.38815e-12 1.84198e-24 4.97118e+27 0.001 10 25000 1.543e+14 211 3 1 1 
9.64375e+14 4.98095e-12 1.84198e-24 4.97118e+27 0.001 10 25000 1.543e+14 212 4 1 1 
1.04153e+15 3.30974e-12 -1.84198e-24 4.97118e+27 0.001 10 25000 1.543e+14 213 5 1 1 
1.11868e+15 3.08567e-12 1.84198e-24 4.97118e+27 0.001 10 25000 1.543e+14 214 5 1 1 
1.19583e+15 2.57463e-12 -3.63266e-55 4.97118e+27 0.001 10 25000 1.543e+14 215 5 1 1 
1.27298e+15 2.07444e-12 7.26532e-55 4.97118e+27 0.001 10 25000 1.543e+14 216 5 1 1 
1.35013e+15 1.60196e-12 7.26532e-55 4.97118e+27 0.001 10 25000 1.543e+14 217 5 1 1 
1.42728e+15 1.23051e-12 7.26532e-55 4.97118e+27 0.001 10 25000 1.543e+14 218 5 1 1 
1.50443e+15 9.76444e-13 1.84198e-24 4.97118e+27 0.001 10 25000 1.543e+14 219 5 1 1 
1.58158e+15 7.38591e-13 -1.84198e-24 4.97118e+27 0.001 10 25000 1.543e+14 220 5 1 1 
1.65873e+15 5.33514e-13 1.84198e-24 4.97118e+27 0.001 10 25000 1.543e+14 221 5 1 1 
1.73588e+15 4.13864e-13 0 4.97118e+27 0.001 10 25000 1.543e+14 222 5 1 1 
1.81303e+15 2.76297e-13 0 4.97118e+27 0.001 10 25000 1.543e+14 223 5 1 1 
1.89018e+15 1.3836e-13 3.63266e-55 4.97118e+27 0.001 10 25000 1.543e+14 224 5 1 1 
1.96733e+15 1.39928e-43 3.63266e-55 4.97118e+27 0.001 10 25000 1.543e+14 225 5 1 1 
2.04448e+15 0 0 4.97118e+27 0.001 10 25000 1.543e+14 226 5 1 1 
2.12163e+15 0 0 4.97118e+27 0.001 10 25000 1.543e+14 227 5 1 1 
2.19878e+15 0 0 4.97118e+27 0.001 10 25000 1.543e+14 228 5 1 1 
2.27593e+15 0 0 4.97118e+27 0.001 10 25000 1.543e+14 229 5 1 1 
2.35308e+15 0 0 4.97118e+27 0.001 10 25000 1.543e+14 230 5 1 1 
2.43023e+15 0 0 4.97118e+27 0.001 10 25000 1.543e+14 231 5 1 1 
2.50738e+15 0 0 4.97118e+27 0.001 10 25000 1.543e+14 232 5 1 1 
2.58453e+15 0 0 4.97118e+27 0.001 10 25000 1.543e+14 233 5 1 1 
2.66168e+15 0 0 4.97118e+27 0.001 10 25000 1.543e+14 234 5 1 1 
2.73883e+15 0 0 4.97118e+27 0.001 10 25000 1.543e+14 235 5 1 1 
2.81598e+15 0 0 4.97118e+27 0.001 10 25000 1.543e+14 236 5 1 1 
2.89313e+15 -9.64062e-43 -3.63266e-55 4.97118e+27 0.001 10 25000 1.543e+14 237 5 1 1 
2.97028e+15 -1.69188e-13 0 4.97118e+27 0.001 10 25000 1.543e+14 238 5 1 1 
3.04743e+15 -3.37357e-13 3.63266e-55 4.97118e+27 0.001 10 25000 1.543e+14 239 5 1 1 
3.12458e+15 1.58941e-12 0 4.97118e+27 0.001 10 25000 1.543e+14 240 5 1 1 
3.20173e+15 1.42405e-12 2.1796e-54 4.97118e+27 0.001 10 25000 1.543e+14 241 5 1 1 
3.27888e+15 2.94304e-12 -5.08572e-54 4.97118e+27 0.001 10 25000 1.543e+14 242 5 1 1 
3.35603e+15 1.28096e-12 2.1796e-54 4.97118e+27 0.001 10 25000 1.543e+14 243 5 1 1 
3.43318e+15 1.17275e-12 -3.26939e-54 4.97118e+27 0.001 10 25000 1.543e+14 244 5 1 1 
3.51033e+15 -1.14565e-12 1.2351e-53 4.97118e+27 0.001 10 25000 1.543e+14 245 5 1 1 
3.58748e+15 3.13856e-12 1.84198e-24 4.97118e+27 0.001 10 25000 1.543e+14 246 5 1 1 
3.66463e+15 -1.61922e-14 1.84198e-24 4.97118e+27 0.001 10 25000 1.543e+14 247 5 1 1 
3.74178e+15 -2.29077e-13 -3.68395e-24 4.97118e+27 0.001 10 25000 1.543e+14 248 5 1 1 
3.81893e+15 -2.79589e-12 -1.84198e-24 4.97118e+27 0.001 10 25000 1.543e+14 249 4 1 1 
3.89608e+15 2.79589e-12 1.84198e-24 4.97118e+27 0.001 10 25000 1.543e+14 250 4 1 1 
3.97323e+15 2.29077e-13 3.68395e-24 4.97118e+27 0.001 10 25000 1.543e+14 251 5 1 1 
4.05038e+15 1.61922e-14 -1.84198e-24 4.97118e+27 0.001 10 25000 1.543e+14 252 5 1 1 
4.12753e+15 -3.13856e-12 -1.84198e-24 4.97118e+27 0.001 10 25000 1.543e+14 253 5 1 1 
4.20468e+15 1.14565e-12 -1.2351e-53 4.97118e+27 0.001 10 25000 1.543e+14 254 5 1 1 
4.28183e+15 -1.17275e-12 3.26939e-54 4.97118e+27 0.001 10 25000 1.543e+14 255 5 1 1 
4.35898e+15 -1.28096e-12 -2.1796e-54 4.97118e+27 0.001 10 25000 1.543e+14 256 5 1 1 
4.43613e+15 -2.94304e-12 5.08572e-54 4.97118e+27 0.001 10 25000 1.543e+14 257 5 1 1 
4.51328e+15 -1.42405e-12 -2.1796e-54 4.97118e+27 0.001 10 25000 1.543e+14 258 5 1 1 
4.59043e+15 -1.58941e-12 0 4.97118e+27 0.001 10 25000 1.543e+14 259 5 1 1 
4.66758e+15 3.37357e-13 -3.63266e-55 4.97118e+27 0.001 10 25000 1.543e+14 260 5 1 1 
4.74473e+15 1.69188e-13 0 4.97118e+27 0.001 10 25000 1.543e+14 261 5 1 1 
4.82188e+15 9.64062e-43 3.63266e-55 4.97118e+27 0.001 10 25000 1.543e+14 262 5 1 1 
4.89903e+15 0 0 4.97118e+27 0.001 10 25000 1.543e+14 263 5 1 1 
4.97618e+15 0 0 4.97118e+27 0.001 10 25000 1.543e+14 264 5 1 1 
5.05333e+15 0 0 4.97118e+27 0.001 10 25000 1.543e+14 265 5 1 1 
5.13048e+15 0 0 4.97118e+27 0.001 10 25000 1.543e+14 266 5 1 1 
5.20763e+15 0 0 4.97118e+27 0.001 10 25000 1.543e+14 267 5 1 1 
5.28478e+15 0 0 4.97118e+27 0.001 10 25000 1.543e+14 268 5 1 1 
5.36193e+15 0 0 4.97118e+27 0.001 10 25000 1.543e+14 269 5 1 1 
5.43908e+15 0 0 4.97118e+27 0.001 10 25000 1.543e+14 270 5 1 1 
5.51623e+15 0 0 4.97118e+27 0.001 10 25000 1.543e+14 271 5 1 1 
5.59338e+15 0 0 4.97118e+27 0.001 10 25000 1.543e+14 272 5 1 1 
5.67053e+15 0 0 4.97118e+27 0.001 10 25000 1.543e+14 273 5 1 1 
5.74768e+15 0 0 4.97118e+27 0.001 10 25000 1.543e+14 274 5 1 1 
5.82483e+15 0 0 4.97118e+27 0.001 10 25000 1.543e+14 275 5 1 1 
5.90198e+15 0 0 4.97118e+27 0.001 10 25000 1.543e+14 276 5 1 1 
5.97913e+15 0 0 4.97118e+27 0.001 10 25000 1.543e+14 277 5 1 1 
6.05628e+15 0 0 4.97118e+27 0.001 10 25000 1.543e+14 278 5 1 1 
6.13343e+15 0 0 4.97118e+27 0.001 10 25000 1.543e+14 279 5 1 1 
6.21058e+15 -5.67848e-43 -3.63266e-55 4.97118e+27 0.001 10 25000 1.543e+14 280 5 1 1 
6.28773e+15 -6.85718e-14 -3.63266e-55 4.97118e+27 0.001 10 25000 1.543e+14 281 5 1 1 
6.36488e+15 -2.05192e-13 3.63266e-55 4.97118e+27 0.001 10 25000 1.543e+14 282 5 1 1 
6.44203e+15 -3.75697e-13 3.63266e-55 4.97118e+27 0.001 10 25000 1.543e+14 283 5 1 1 
6.51918e+15 2.60045e-14 1.84198e-24 4.97118e+27 0.001 10 25000 1.543e+14 284 5 1 1 
6.59633e+15 -1.42551e-13 1.84198e-24 4.97118e+27 0.001 10 25000 1.543e+14 285 5 1 1 
6.67348e+15 1.95109e-12 3.63266e-55 4.97118e+27 0.001 10 25000 1.543e+14 286 5 1 1 
6.75063e+15 1.75295e-12 3.68395e-24 4.97118e+27 0.001 10 25000 1.543e+14 287 5 1 1 
6.82778e+15 4.98235e-12 3.68395e-24 4.97118e+27 0.001 10 25000 1.543e+14 288 5 1 1 
6.90493e+15 3.73293e-12 7.26532e-55 4.97118e+27 0.001 10 25000 1.543e+14 289 5 1 1 
6.98208e+15 3.4334e-12 -3.63266e-54 4.97118e+27 0.001 10 25000 1.543e+14 290 5 1 1 
7.05923e+15 1.48641e-12 3.68395e-24 4.97118e+27 0.001 10 25000 1.543e+14 291 5 1 1 
7.13638e+15 1.53597e-12 -5.52593e-24 4.97118e+27 0.001 10 25000 1.543e+14 292 5 1 1 
7.21353e+15 -1.17445e-12 -3.68395e-24 4.97118e+27 0.001 10 25000 1.543e+14 293 5 1 1 
7.29068e+15 3.32578e-12 1.84198e-24 4.97118e+27 0.001 10 25000 1.543e+14 294 5 1 1 
7.36783e+15 -2.74033e-13 3.68395e-24 4.97118e+27 0.001 10 25000 1.543e+14 295 5 1 1 
7.44498e+15 2.60453e-12 1.84198e-24 4.97118e+27 0.001 10 25000 1.543e+14 296 5 1 1 
7.52213e+15 -2.7649e-12 -1.84198e-24 4.97118e+27 0.001 10 25000 1.543e+14 297 5 1 1 
7.59928e+15 4.41257e-12 -2.21037e-23 4.97118e+27 0.001 10 25000 1.543e+14 298 5 1 1 
7.67643e+15 -4.52122e-13 -3.49976e-23 4.97118e+27 0.001 10 25000 1.543e+14 299 3 1 1 
7.75358e+15 -1.97491e-12 -1.45516e-22 4.97118e+27 0.001 10 25000 1.543e+14 300 4 1 1 
7.83073e+15 -6.5701e-11 -2.44246e-21 4.97118e+27 0.001 10 25000 1.543e+14 301 4 1 1 
7.90788e+15 -2.90932e-10 -8.74939e-21 4.97118e+27 0.001 10 25000 1.543e+14 302 4 1 1 
7.98502e+15 -1.23175e-09 -3.44634e-20 4.97118e+27 0.001 10 25000 1.543e+14 303 4 1 1 
8.06217e+15 -4.81187e-09 -1.27833e-19 4.97118e+27 0.001 10 25000 1.543e+14 304 4 1 1 
8.13932e+15 -1.78245e-08 -4.51367e-19 4.97118e+27 0.001 10 25000 1.543e+14 305 4 1 1 
8.21647e+15 -6.24361e-08 -1.50438e-18 4.97118e+27 0.001 10 25000 1.543e+14 306 4 1 1 
8.29362e+15 -2.07859e-07 -4.77553e-18 4.97118e+27 0.001 10 25000 1.543e+14 307 4 1 1 
8.37077e+15 -6.60429e-07 -1.44905e-17 4.97118e+27 0.001 10 25000 1.543e+14 308 4 1 1 
8.44792e+15 -2.00786e-06 -4.20983e-17 4.97118e+27 0.001 10 25000 1.543e+14 309 4 1 1 
8.52507e+15 -5.85458e-06 -1.17359e-16 4.97118e+27 0.001 10 25000 1.543e+14 310 4 1 1 
8.60222e+15 -1.64019e-05 -3.14391e-16 4.97118e+27 0.001 10 25000 1.543e+14 311 4 1 1 
8.67937e+15 -4.42172e-05 -8.1038e-16 4.97118e+27 0.001 10 25000 1.543e+14 312 4 1 1 
8.75652e+15 -0.000114849 -2.01195e-15 4.97118e+27 0.001 10 25000 1.543e+14 313 4 1 1 
8.83367e+15 -0.00028771 -4.8153e-15 4.97118e+27 0.001 10 25000 1.543e+14 314 4 1 1 
8.91082e+15 -0.000695749 -1.11175e-14 4.97118e+27 0.001 10 25000 1.543e+14 315 4 1 1 
8.98797e+15 -0.00162532 -2.47746e-14 4.97118e+27 0.001 10 25000 1.543e+14 316 4 1 1 
9.06512e+15 -0.00367014 -5.33108e-14 4.97118e+27 0.001 10 25000 1.543e+14 317 4 1 1 
9.14227e+15 -0.00801511 -1.1081e-13 4.97118e+27 0.00100001 10.0001 25000.1 1.54299e+14 318 4 1 1 
9.21942e+15 -0.0169359 -2.22536e-13 4.97118e+27 0.00100001 10.0002 25000.1 1.54298e+14 319 4 1 1 
9.29657e+15 -0.0346367 -4.31861e-13 4.97118e+27 0.00100003 10.0004 25000.3 1.54296e+14 320 4 1 1 
9.37372e+15 -0.0685832 -8.0989e-13 4.97118e+27 0.00100005 10.0007 25000.5 1.54292e+14 321 4 1 1 
9.45086e+15 -0.131505 -1.46761e-12 4.97118e+27 0.0010001 10.0014 25001 1.54284e+14 322 4 1 1 
9.528e+15 -0.244213 -2.56917e-12 4.97118e+27 0.00100019 10.0026 25001.9 1.54271e+14 323 4 1 1 
9.60514e+15 -0.439241 -4.34283e-12 4.97118e+27 0.00100034 10.0047 25003.4 1.54248e+14 324 4 1 1 
9.68225e+15 -0.765064 -7.08307e-12 4.97118e+27 0.00100059 10.0082 25005.9 1.54209e+14 325 4 1 0.999999 
9.75934e+15 -1.29011 -1.11333e-11 4.97118e+27 0.001001 10.0139 25009.9 1.54146e+14 326 4 1 0.999999 
9.8364e+15 -2.10501 -1.6835e-11 4.97118e+27 0.00100163 10.0228 25016.3 1.54048e+14 327 4 1 0.999997 
9.91339e+15 -3.32071 -2.44291e-11 4.97118e+27 0.00100259 10.0361 25025.8 1.53902e+14 328 4 1 0.999994 
9.9903e+15 -5.05893 -3.39037e-11 4.97118e+27 0.00100396 10.0553 25039.4 1.53692e+14 329 4 1 0.999989 
1.00671e+16 -7.43211 -4.48082e-11 4.97118e+27 0.00100584 10.0817 25058.2 1.53404e+14 330 4 1 0.999981 
1.01437e+16 -10.5118 -5.61006e-11 4.97118e+27 0.00100831 10.1164 25082.9 1.53029e+14 331 4 1 0.999971 
1.02201e+16 -14.2901 -6.6141e-11 4.97118e+27 0.00101137 10.1595 25113.4 1.52566e+14 332 4 1 0.999962 
1.02963e+16 -18.6466 -7.29272e-11 4.97118e+27 0.00101495 10.2099 25149 1.52028e+14 333 4 1 0.999955 
1.03721e+16 -23.3358 -7.46028e-11 4.97118e+27 0.00101886 10.2652 25187.9 1.51444e+14 334 4 1 0.999955 
1.04477e+16 -28.0097 -7.00304e-11 4.97118e+27 0.00102285 10.3216 25227.5 1.50854e+14 335 4 1 0.999963 
1.0523e+16 -32.2651 -5.87401e-11 4.97118e+27 0.00102656 10.3743 25264.3 1.50308e+14 336 4 1 0.999978 
1.0598e+16 -35.6622 -4.05171e-11 4.97118e+27 0.00102954 10.4167 25293.8 1.49873e+14 337 4 1 1.00001 
1.06729e+16 -37.0051 2.11884e-11 4.97118e+27 0.00102983 10.4224 25297.9 1.49831e+14 338 3 1 1 
1.07479e+16 -27.827 3.10013e-10 4.97118e+27 0.001021 10.2988 25212.1 1.51127e+14 339 4 1 0.999945 
1.0824e+16 -2.20023 4.23449e-10 4.97118e+27 0.00100259 10.0365 25027.1 1.53902e+14 340 4 1 0.999173 
1.09018e+16 18.3945 2.01018e-10 4.97118e+27 0.000986168 9.80489 24860.1 1.56464e+14 341 4 1 0.999107 
1.09805e+16 28.0059 1.2242e-10 4.97118e+27 0.000976244 9.66899 24761.1 1.58055e+14 342 4 1 0.999672 
1.10598e+16 39.5691 2.19959e-10 4.97118e+27 0.000966125 9.53027 24659.4 1.5971e+14 343 4 1 0.999735 
1.11402e+16 56.6792 2.66416e-10 4.97118e+27 0.000952782 9.34588 24522.2 1.61947e+14 344 4 1 0.999485 
1.12218e+16 74.69 2.4971e-10 4.97118e+27 0.000938485 9.14966 24373.9 1.64414e+14 345 4 1 0.999347 
1.13046e+16 91.9492 2.39985e-10 4.97118e+27 0.000924581 8.96053 24228.8 1.66886e+14 346 4 1 0.999364 
1.13887e+16 109.432 2.43711e-10 4.97118e+27 0.000910735 8.77334 24083.2 1.69424e+14 347 4 1 0.99936 
1.14741e+16 127.519 2.46782e-10 4.97118e+27 0.000896663 8.58415 23933.7 1.72082e+14 348 4 1 0.99932 
1.15608e+16 146.017 2.46633e-10 4.97118e+27 0.000882428 8.39395 23780.9 1.74858e+14 349 4 1 0.99928 
1.16489e+16 164.857 2.46324e-10 4.97118e+27 0.000868103 8.20381 23625.8 1.77744e+14 350 4 1 0.999248 
1.17385e+16 184.098 2.45998e-10 4.97118e+27 0.000853697 8.01386 23468.2 1.80743e+14 351 4 1 0.999215 
1.18297e+16 203.691 2.46319e-10 4.97118e+27 0.000839196 7.82394 23308 1.83866e+14 352 4 1 0.999179 
1.19224e+16 223.68 2.45501e-10 4.97118e+27 0.000824609 7.63423 23145.1 1.87119e+14 353 4 1 0.99914 
1.20168e+16 244.077 2.4542e-10 4.97118e+27 0.000809945 7.44484 22979.6 1.90507e+14 354 4 1 0.999102 
1.21129e+16 264.852 2.44649e-10 4.97118e+27 0.000795201 7.25581 22811.4 1.94039e+14 355 4 1 0.99906 
1.22109e+16 286.085 2.4368e-10 4.97118e+27 0.000780397 7.06742 22640.6 1.9772e+14 356 4 1 0.999018 
1.23107e+16 307.701 2.43175e-10 4.97118e+27 0.000765526 6.87961 22467.1 2.01561e+14 357 4 1 0.998973 
1.24125e+16 329.73 2.42055e-10 4.97118e+27 0.000750593 6.69247 22290.7 2.05571e+14 358 4 1 0.998924 
1.25163e+16 352.193 2.40324e-10 4.97118e+27 0.000735627 6.50642 22111.9 2.09753e+14 359 4 1 0.998877 
1.26222e+16 375.056 2.39015e-10 4.97118e+27 0.000720637 6.32157 21930.6 2.14116e+14 360 4 1 0.998829 
1.27304e+16 398.326 2.36281e-10 4.97118e+27 0.000705654 6.13835 21747.1 2.18662e+14 361 4 1 0.99878 
1.28409e+16 421.897 2.33659e-10 4.97118e+27 0.000690723 5.95729 21561.9 2.23389e+14 362 4 1 0.998738 
1.29538e+16 445.665 2.2838e-10 4.97118e+27 0.000675931 5.77944 21376.1 2.28278e+14 363 4 1 0.998703 
1.30692e+16 469.435 2.20966e-10 4.97118e+27 0.000661429 5.6066 21191.4 2.33283e+14 364 4 1 0.998694 
1.31871e+16 492.833 2.1045e-10 4.97118e+27 0.000647399 5.44082 21010.5 2.38338e+14 365 4 1 0.998716 
1.33076e+16 515.434 1.95147e-10 4.97118e+27 0.000634099 5.28497 20836.8 2.43337e+14 366 4 1 0.998783 
1.34305e+16 536.596 1.76265e-10 4.97118e+27 0.00062179 5.14192 20674.1 2.48154e+14 367 4 1 0.998901 
1.35558e+16 556.031 1.56793e-10 4.97118e+27 0.000610593 5.01278 20524.5 2.52705e+14 368 4 1 0.999047 
1.36832e+16 574.085 1.47193e-10 4.97118e+27 0.000600214 4.89397 20384.3 2.57075e+14 369 4 1 0.999162 
1.38129e+16 592.224 1.53331e-10 4.97118e+27 0.000589892 4.77662 20243.5 2.61573e+14 370 4 1 0.999169 
1.39448e+16 612.237 1.6944e-10 4.97118e+27 0.000578898 4.65247 20091.9 2.66541e+14 371 4 1 0.999044 
1.40794e+16 634.082 1.72379e-10 4.97118e+27 0.000567371 4.52325 19930.9 2.71956e+14 372 4 1 0.998883 
1.42168e+16 655.118 1.47225e-10 4.97118e+27 0.000556594 4.40335 19778.5 2.77222e+14 373 4 1 0.998926 
1.43567e+16 671.278 9.26666e-11 4.97118e+27 0.000548381 4.3126 19661.2 2.81374e+14 374 4 1 0.999294 
1.44982e+16 679.345 2.51976e-11 4.97118e+27 0.000544096 4.26555 19599.7 2.83589e+14 375 4 1 0.999776 
1.46403e+16 679.857 -7.38048e-12 4.97118e+27 0.000543111 4.25488 19585.8 2.84104e+14 376 5 1 0.999987 
1.47823e+16 679.515 -2.53236e-12 4.97118e+27 0.000543245 4.25643 19588 2.84034e+14 377 4 1 0.999999 
1.49243e+16 678.937 -5.53148e-12 4.97118e+27 0.000543474 4.25896 19591.4 2.83914e+14 378 4 1 0.999999 
1.50662e+16 678.189 -5.82852e-12 4.97118e+27 0.000543834 4.26295 19596.8 2.83726e+14 379 4 1 0.999998 
1.5208e+16 677.415 -5.40953e-12 4.97118e+27 0.000544225 4.26728 19602.6 2.83523e+14 380 4 1 0.999999 
1.53497e+16 676.709 -4.57253e-12 4.97118e+27 0.000544592 4.27136 19608.1 2.83331e+14 381 4 1 0.999999 
1.54914e+16 676.118 -3.69504e-12 4.97118e+27 0.000544908 4.27487 19612.8 2.83167e+14 382 4 1 0.999999 
1.56329e+16 675.646 -2.89798e-12 4.97118e+27 0.000545164 4.27773 19616.7 2.83034e+14 383 4 1 1 
1.57744e+16 675.275 -2.24538e-12 4.97118e+27 0.000545365 4.27999 19619.8 2.8293e+14 384 4 1 1 
1.59158e+16 674.984 -1.77078e-12 4.97118e+27 0.00054552 4.28175 19622.4 2.8285e+14 385 4 1 1 
1.60572e+16 674.755 -1.4354e-12 4.97118e+27 0.00054564 4.28315 19624.4 2.82787e+14 386 4 1 1 
1.61986e+16 674.569 -1.1906e-12 4.97118e+27 0.000545735 4.28427 19626.2 2.82738e+14 387 4 1 1 
1.634e+16 674.412 -1.01643e-12 4.97118e+27 0.000545811 4.2852 19627.7 2.82699e+14 388 4 1 1 
1.64813e+16 674.276 -8.94224e-13 4.97118e+27 0.000545873 4.28599 19629.1 2.82667e+14 389 4 1 1 
1.66227e+16 674.155 -7.98773e-13 4.97118e+27 0.000545924 4.28669 19630.4 2.8264e+14 390 4 1 1 
1.6764e+16 674.047 -7.15525e-13 4.97118e+27 0.000545966 4.28731 19631.7 2.82618e+14 391 4 1 1 
1.69053e+16 673.95 -6.40329e-13 4.97118e+27 0.000545999 4.28785 19633 2.82601e+14 392 4 1 1 
1.70466e+16 673.862 -5.70668e-13 4.97118e+27 0.000546023 4.28833 19634.4 2.82589e+14 393 4 1 1 
1.71879e+16 673.783 -5.05552e-13 4.97118e+27 0.000546026 4.28865 19635.7 2.82587e+14 394 3 1 1 
1.73292e+16 673.713 -4.46216e-13 4.97118e+27 0.000545953 4.2884 19637.2 2.82625e+14 395 4 1 1 
1.74705e+16 673.65 -3.93642e-13 4.97118e+27 0.000545558 4.28612 19641 2.8283e+14 396 4 1 0.999999 
1.7612e+16 673.593 -3.47887e-13 4.97118e+27 0.000543953 4.26885 19619.6 2.83664e+14 397 4 1 0.999987 
1.77542e+16 673.542 -3.08213e-13 4.97118e+27 0.000530844 4.11435 19376.5 2.90669e+14 398 4 1 0.999671 
1.79028e+16 673.494 -2.72287e-13 4.97118e+27 0.000506773 4.40128 21712.3 3.04476e+14 399 4 1 0.994712 
1.80588e+16 673.448 -2.39185e-13 4.97118e+27 0.000481246 4.15508 21585 3.20626e+14 400 4 1 0.993704 
1.82237e+16 673.403 -2.07721e-13 4.97118e+27 0.000458767 4.49967 24520.5 3.36336e+14 401 4 1 0.993698 
1.83954e+16 673.361 -1.76769e-13 4.97118e+27 0.000450157 4.30512 23909 3.42769e+14 402 5 1 0.99866 
1.85665e+16 673.321 -1.47233e-13 4.97118e+27 0.000451758 4.28844 23732 3.41555e+14 403 4 1 0.999967 
1.87369e+16 673.284 -1.19911e-13 4.97118e+27 0.000453383 4.28805 23644.7 3.4033e+14 404 4 1 0.999986 
1.89068e+16 673.248 -9.40505e-14 4.97118e+27 0.000454472 4.28943 23595.7 3.39515e+14 405 4 1 0.999994 
1.90764e+16 673.213 -6.61611e-14 4.97118e+27 0.000455171 4.29027 23564 3.38993e+14 406 4 1 0.999997 
1.92458e+16 673.177 -2.64989e-14 4.97118e+27 0.000455642 4.29068 23542 3.38643e+14 407 4 1 0.999999 
1.94151e+16 673.134 5.73861e-14 4.97118e+27 0.000455969 4.29082 23525.9 3.384e+14 408 4 1 0.999999 
1.95842e+16 673.067 2.68735e-13 4.97118e+27 0.00045619 4.29063 23513.4 3.38236e+14 409 4 1 1 
1.97533e+16 672.921 9.15201e-13 4.97118e+27 0.000456295 4.28965 23502.6 3.38158e+14 410 3 1 1 
1.99224e+16 672.525 2.92892e-12 4.97118e+27 0.000456181 4.28631 23490.1 3.38243e+14 411 4 1 1 
2.00915e+16 671.357 8.82732e-12 4.97118e+27 0.000455515 4.27611 23468.5 3.38738e+14 412 4 1 0.999997 
2.02611e+16 667.986 2.54515e-11 4.97118e+27 0.00045342 4.24747 23418.8 3.40303e+14 413 4 1 0.999963 
2.04319e+16 659.15 6.35455e-11 4.97118e+27 0.000447987 4.17541 23300.4 3.4443e+14 414 4 1 0.999731 
2.06056e+16 637.517 1.51734e-10 4.97118e+27 0.000435802 4.01582 23036 3.5406e+14 415 4 1 0.998578 
2.07861e+16 592.575 2.91244e-10 4.97118e+27 0.000412679 3.71683 22514.5 3.73898e+14 416 4 1 0.994587 
2.098e+16 500.768 6.34369e-10 4.97118e+27 0.00037324 3.2165 21542.4 4.13407e+14 417 4 1 0.985096 
2.12017e+16 324.892 9.97839e-10 4.97118e+27 0.000321975 2.59258 20130.8 4.79229e+14 418 4 1 0.967531 
2.14641e+16 130.766 7.66571e-10 4.97118e+27 0.000278843 2.10016 18832.1 5.53358e+14 419 4 1 0.960949 
2.17583e+16 26.4009 2.6149e-10 4.97118e+27 0.000257058 1.86699 18159.3 6.00253e+14 420 4 1 0.982786 
2.20649e+16 1.46416 3.24819e-11 4.97118e+27 0.000250839 1.80339 17974.1 6.15135e+14 421 4 1 0.997946 
2.23735e+16 -0.315125 -1.52047e-12 4.97118e+27 0.00024999 1.79489 17949.7 6.17225e+14 422 4 1 0.999955 
2.26821e+16 -0.0130907 -4.5627e-13 4.97118e+27 0.000249989 1.79489 17949.7 6.17227e+14 423 5 1 1 
2.29907e+16 0.00567444 2.69691e-14 4.97118e+27 0.000250001 1.79501 17950 6.17198e+14 424 3 1 1 
2.32993e+16 0.00162564 1.1121e-14 4.97118e+27 0.00025 1.795 17950 6.17199e+14 425 4 1 1 
2.36079e+16 0.00036293 2.7041e-15 4.97118e+27 0.00025 1.795 17950 6.172e+14 426 4 1 1 
2.39165e+16 7.45246e-05 5.85893e-16 4.97118e+27 0.00025 1.795 17950 6.172e+14 427 4 1 1 
2.42251e+16 1.44421e-05 1.19058e-16 4.97118e+27 0.00025 1.795 17950 6.172e+14 428 4 1 1 
2.45337e+16 2.64514e-06 2.28958e-17 4.97118e+27 0.00025 1.795 17950 6.172e+14 429 4 1 1 
2.48423e+16 4.56706e-07 4.15747e-18 4.97118e+27 0.00025 1.795 17950 6.172e+14 430 4 1 1 
2.51509e+16 7.41229e-08 7.10477e-19 4.97118e+27 0.00025 1.795 17950 6.172e+14 431 4 1 1 
2.54595e+16 1.12917e-08 1.14002e-19 4.97118e+27 0.00025 1.795 17950 6.172e+14 432 4 1 1 
2.57681e+16 1.60538e-09 1.71092e-20 4.97118e+27 0.00025 1.795 17950 6.172e+14 433 4 1 1 
2.60767e+16 2.13934e-10 2.38352e-21 4.97118e+27 0.00025 1.795 17950 6.172e+14 434 4 1 1 
2.63853e+16 1.93186e-11 3.32477e-22 4.97118e+27 0.00025 1.795 17950 6.172e+14 435 4 1 1 
2.66939e+16 1.03471e-12 1.15124e-23 4.97118e+27 0.00025 1.795 17950 6.172e+14 436 5 1 1 
2.70025e+16 1.03914e-13 1.84198e-24 4.97118e+27 0.00025 1.795 17950 6.172e+14 437 5 1 1 
2.73111e+16 1.96403e-44 2.72449e-55 4.97118e+27 0.00025 1.795 17950 6.172e+14 438 5 1 1 
2.76197e+16 -7.41444e-44 -9.08165e-56 4.97118e+27 0.00025 1.795 17950 6.172e+14 439 5 1 1 
2.79283e+16 -1.51459e-13 -4.60494e-25 4.97118e+27 0.00025 1.795 17950 6.172e+14 440 5 1 1 
2.82369e+16 -4.96569e-13 -4.60494e-25 4.97118e+27 0.00025 1.795 17950 6.172e+14 441 5 1 1 
2.85455e+16 -1.06449e-12 -4.60494e-25 4.97118e+27 0.00025 1.795 17950 6.172e+14 442 5 1 1 
2.88541e+16 -2.00449e-12 -9.20989e-25 4.97118e+27 0.00025 1.795 17950 6.172e+14 443 5 1 1 
2.91627e+16 -3.25059e-12 1.81633e-55 4.97118e+27 0.00025 1.795 17950 6.172e+14 444 5 1 1 
2.94713e+16 -4.90893e-12 4.72246e-54 4.97118e+27 0.00025 1.795 17950 6.172e+14 445 5 1 1 
2.97799e+16 2.56451e-13 1.01309e-23 4.97118e+27 0.00025 1.795 17950 6.172e+14 446 5 1 1 
3.00885e+16 -5.63111e-12 1.01309e-23 4.97118e+27 0.00025 1.795 17950 6.172e+14 447 5 1 1 
3.03971e+16 4.13073e-12 -1.01309e-23 4.97118e+27 0.00025 1.795 17950 6.172e+14 448 5 1 1 
3.07057e+16 -4.82149e-12 -9.20989e-24 4.97118e+27 0.00025 1.795 17950 6.172e+14 449 3 1 1 
3.10143e+16 4.82149e-12 9.20989e-24 4.97118e+27 0.00025 1.795 17950 6.172e+14 450 3 1 1 
3.13229e+16 -4.13073e-12 1.01309e-23 4.97118e+27 0.00025 1.795 17950 6.172e+14 451 5 1 1 
3.16315e+16 5.63111e-12 -1.01309e-23 4.97118e+27 0.00025 1.795 17950 6.172e+14 452 5 1 1 
3.19401e+16 -2.56451e-13 -1.01309e-23 4.97118e+27 0.00025 1.795 17950 6.172e+14 453 5 1 1 
3.22487e+16 4.90893e-12 -4.72246e-54 4.97118e+27 0.00025 1.795 17950 6.172e+14 454 5 1 1 
3.25573e+16 3.25059e-12 -1.81633e-55 4.97118e+27 0.00025 1.795 17950 6.172e+14 455 5 1 1 
3.28659e+16 2.00449e-12 9.20989e-25 4.97118e+27 0.00025 1.795 17950 6.172e+14 456 5 1 1 
3.31745e+16 1.06449e-12 4.60494e-25 4.97118e+27 0.00025 1.795 17950 6.172e+14 457 5 1 1 
3.34831e+16 4.96569e-13 4.60494e-25 4.97118e+27 0.00025 1.795 17950 6.172e+14 458 5 1 1 
3.37917e+16 1.51459e-13 4.60494e-25 4.97118e+27 0.00025 1.795 17950 6.172e+14 459 5 1 1 
3.41003e+16 7.32899e-44 0 4.97118e+27 0.00025 1.795 17950 6.172e+14 460 5 1 1 
3.44089e+16 -2.64699e-44 -4.54082e-55 4.97118e+27 0.00025 1.795 17950 6.172e+14 461 5 1 1 
3.47175e+16 -1.16909e-13 -2.30247e-24 4.97118e+27 0.00025 1.795 17950 6.172e+14 462 5 1 1 
3.50261e+16 -1.55419e-12 -1.05914e-23 4.97118e+27 0.00025 1.795 17950 6.172e+14 463 5 1 1 
3.53347e+16 -1.28801e-11 -2.59258e-22 4.97118e+27 0.00025 1.795 17950 6.172e+14 464 4 1 1 
3.56433e+16 -2.08104e-10 -2.49588e-21 4.97118e+27 0.00025 1.795 17950 6.172e+14 465 4 1 1 
3.59519e+16 -1.63409e-09 -1.71414e-20 4.97118e+27 0.00025 1.795 17950 6.172e+14 466 4 1 1 
3.62605e+16 -1.1245e-08 -1.13788e-19 4.97118e+27 0.00025 1.795 17950 6.172e+14 467 4 1 1 
3.65691e+16 -7.41457e-08 -7.10633e-19 4.97118e+27 0.00025 1.795 17950 6.172e+14 468 4 1 1 
3.68777e+16 -4.56719e-07 -4.15751e-18 4.97118e+27 0.00025 1.795 17950 6.172e+14 469 4 1 1 
3.71863e+16 -2.64512e-06 -2.28957e-17 4.97118e+27 0.00025 1.795 17950 6.172e+14 470 4 1 1 
3.74949e+16 -1.44422e-05 -1.19059e-16 4.97118e+27 0.00025 1.795 17950 6.172e+14 471 4 1 1 
3.78035e+16 -7.45246e-05 -5.85893e-16 4.97118e+27 0.00025 1.795 17950 6.172e+14 472 4 1 1 
3.81121e+16 -0.00036293 -2.7041e-15 4.97118e+27 0.00025 1.795 17950 6.172e+14 473 4 1 1 
3.84207e+16 -0.00162564 -1.1121e-14 4.97118e+27 0.00025 1.795 17950 6.17199e+14 474 4 1 1 
3.87293e+16 -0.00567444 -2.69691e-14 4.97118e+27 0.000250001 1.79501 17950 6.17198e+14 475 3 1 1 
3.90379e+16 0.0130907 4.5627e-13 4.97118e+27 0.000249989 1.79489 17949.7 6.17227e+14 476 5 1 1 
3.93465e+16 0.315125 1.52047e-12 4.97118e+27 0.00024999 1.79489 17949.7 6.17225e+14 477 4 1 0.999955 
3.96551e+16 -1.46416 -3.24819e-11 4.97118e+27 0.000250839 1.80339 17974.1 6.15135e+14 478 4 1 0.997946 
3.99617e+16 -26.4009 -2.6149e-10 4.97118e+27 0.000257058 1.86699 18159.3 6.00253e+14 479 4 1 0.982786 
4.02559e+16 -130.766 -7.66571e-10 4.97118e+27 0.000278843 2.10016 18832.1 5.53358e+14 480 4 1 0.960949 
4.05183e+16 -324.892 -9.97839e-10 4.97118e+27 0.000321975 2.59258 20130.8 4.79229e+14 481 4 1 0.967531 
4.074e+16 -500.768 -6.34369e-10 4.97118e+27 0.00037324 3.2165 21542.4 4.13407e+14 482 4 1 0.985096 
4.09339e+16 -592.575 -2.91244e-10 4.97118e+27 0.000412679 3.71683 22514.5 3.73898e+14 483 4 1 0.994587 
4.11144e+16 -637.517 -1.51734e-10 4.97118e+27 0.000435802 4.01582 23036 3.5406e+14 484 4 1 0.998578 
4.12881e+16 -659.15 -6.35455e-11 4.97118e+27 0.000447987 4.17541 23300.4 3.4443e+14 485 4 1 0.999731 
4.14589e+16 -667.986 -2.54515e-11 4.97118e+27 0.00045342 4.24747 23418.8 3.40303e+14 486 4 1 0.999963 
4.16285e+16 -671.357 -8.82732e-12 4.97118e+27 0.000455515 4.27611 23468.5 3.38738e+14 487 4 1 0.999997 
4.17976e+16 -672.525 -2.92892e-12 4.97118e+27 0.000456181 4.28631 23490.1 3.38243e+14 488 4 1 1 
4.19667e+16 -672.921 -9.15201e-13 4.97118e+27 0.000456295 4.28965 23502.6 3.38158e+14 489 3 1 1 
4.21358e+16 -673.067 -2.68735e-13 4.97118e+27 0.00045619 4.29063 23513.4 3.38236e+14 490 4 1 1 
4.23049e+16 -673.134 -5.73861e-14 4.97118e+27 0.000455969 4.29082 23525.9 3.384e+14 491 4 1 0.999999 
4.24742e+16 -673.177 2.64989e-14 4.97118e+27 0.000455642 4.29068 23542 3.38643e+14 492 4 1 0.999999 
4.26436e+16 -673.213 6.61611e-14 4.97118e+27 0.000455171 4.29027 23564 3.38993e+14 493 4 1 0.999997 
4.28132e+16 -673.248 9.40505e-14 4.97118e+27 0.000454472 4.28943 23595.7 3.39515e+14 494 4 1 0.999994 
4.29831e+16 -673.284 1.19911e-13 4.97118e+27 0.000453383 4.28805 23644.7 3.4033e+14 495 4 1 0.999986 
4.31535e+16 -673.321 1.47233e-13 4.97118e+27 0.000451758 4.28844 23732 3.41555e+14 496 4 1 0.999967 
4.33246e+16 -673.361 1.76769e-13 4.97118e+27 0.000450157 4.30512 23909 3.42769e+14 497 5 1 0.99866 
4.34963e+16 -673.403 2.07721e-13 4.97118e+27 0.000458767 4.49967 24520.5 3.36336e+14 498 4 1 0.993698 
4.36612e+16 -673.448 2.39185e-13 4.97118e+27 0.000481246 4.15508 21585 3.20626e+14 499 4 1 0.993704 
