# Time [s]: 3.81109e+12
# Columns: pos [pc], vel [pc/s], acc [pc/s^2], mass [Msun], dens [g/cm^3], pres [barye], ene [erg/g], sml [pc], id, neighbor, alpha, gradh, ...additional?
4.37919e+16 -673.484 2.63804e-13 4.97118e+27 0.000506779 4.40135 21712.4 3.04472e+14 0 4 1 0.994712 
4.39405e+16 -673.531 2.98583e-13 4.97118e+27 0.000530851 4.11442 19376.6 2.90666e+14 1 4 1 0.999671 
4.40827e+16 -673.58 3.36986e-13 4.97118e+27 0.00054396 4.26893 19619.7 2.8366e+14 2 4 1 0.999987 
4.42242e+16 -673.635 3.81292e-13 4.97118e+27 0.000545566 4.28622 19641.1 2.82825e+14 3 4 1 0.999999 
4.43655e+16 -673.696 4.32322e-13 4.97118e+27 0.000545962 4.28851 19637.4 2.8262e+14 4 4 1 1 
4.45068e+16 -673.765 4.89927e-13 4.97118e+27 0.000546037 4.28876 19635.9 2.82582e+14 5 3 1 1 
4.46481e+16 -673.841 5.5312e-13 4.97118e+27 0.000546035 4.28846 19634.6 2.82583e+14 6 4 1 1 
4.47894e+16 -673.926 6.21158e-13 4.97118e+27 0.000546013 4.288 19633.2 2.82594e+14 7 4 1 1 
4.49307e+16 -674.021 6.94887e-13 4.97118e+27 0.000545981 4.28747 19632 2.82611e+14 8 4 1 1 
4.5072e+16 -674.126 7.75431e-13 4.97118e+27 0.00054594 4.28687 19630.7 2.82632e+14 9 4 1 1 
4.52133e+16 -674.242 8.66561e-13 4.97118e+27 0.000545891 4.28619 19629.3 2.82657e+14 10 4 1 1 
4.53546e+16 -674.374 9.82541e-13 4.97118e+27 0.000545832 4.28543 19628 2.82688e+14 11 4 1 1 
4.5496e+16 -674.525 1.14352e-12 4.97118e+27 0.000545759 4.28454 19626.5 2.82725e+14 12 4 1 1 
4.56374e+16 -674.703 1.36389e-12 4.97118e+27 0.00054567 4.28347 19624.8 2.82772e+14 13 4 1 1 
4.57788e+16 -674.92 1.66911e-12 4.97118e+27 0.000545556 4.28216 19622.9 2.82831e+14 14 4 1 1 
4.59202e+16 -675.193 2.11006e-12 4.97118e+27 0.000545411 4.2805 19620.5 2.82906e+14 15 4 1 1 
4.60617e+16 -675.541 2.71569e-12 4.97118e+27 0.000545224 4.27838 19617.6 2.83003e+14 16 4 1 1 
4.62032e+16 -675.984 3.46364e-12 4.97118e+27 0.000544983 4.27569 19613.9 2.83128e+14 17 4 1 0.999999 
-1.53752e+16 -676.542 4.32606e-12 4.97118e+27 0.000544684 4.27236 19609.4 2.83284e+14 18 4 1 0.999999 
-1.52335e+16 -677.215 5.19239e-12 4.97118e+27 0.00054433 4.26844 19604.1 2.83468e+14 19 4 1 0.999999 
-1.50917e+16 -677.972 5.74252e-12 4.97118e+27 0.000543944 4.26416 19598.3 2.83669e+14 20 4 1 0.999999 
-1.49498e+16 -678.73 5.50165e-12 4.97118e+27 0.000543573 4.26006 19592.8 2.83862e+14 21 4 1 0.999999 
-1.48079e+16 -679.39 4.06888e-12 4.97118e+27 0.000543309 4.25713 19588.9 2.84e+14 22 4 1 0.999999 
-1.46658e+16 -679.63 4.04112e-12 4.97118e+27 0.000543132 4.25513 19586.2 2.84093e+14 23 5 1 0.999997 
-1.45238e+16 -679.98 -8.60867e-12 4.97118e+27 0.000543605 4.26018 19592.7 2.83846e+14 24 4 1 0.999872 
-1.4382e+16 -674.403 -7.34362e-11 4.97118e+27 0.000546771 4.29488 19638.1 2.82202e+14 25 4 1 0.999445 
-1.42416e+16 -660.395 -1.33051e-10 4.97118e+27 0.000553908 4.3736 19740.2 2.78566e+14 26 4 1 0.999015 
-1.41034e+16 -640.475 -1.6714e-10 4.97118e+27 0.000564061 4.48632 19884.2 2.73552e+14 27 4 1 0.998877 
-1.3968e+16 -618.658 -1.71697e-10 4.97118e+27 0.000575474 4.61398 20044.2 2.68127e+14 28 4 1 0.999 
-1.38353e+16 -598.066 -1.57262e-10 4.97118e+27 0.000586639 4.73979 20198.8 2.63024e+14 29 4 1 0.999153 
-1.37049e+16 -579.604 -1.46409e-10 4.97118e+27 0.000597053 4.85795 20341.4 2.58436e+14 30 4 1 0.999189 
-1.35768e+16 -561.821 -1.51187e-10 4.97118e+27 0.000607248 4.97439 20479.4 2.54097e+14 31 4 1 0.999104 
-1.34508e+16 -543.081 -1.68511e-10 4.97118e+27 0.000618049 5.09866 20624.3 2.49656e+14 32 4 1 0.998965 
-1.33271e+16 -522.631 -1.87439e-10 4.97118e+27 0.000629896 5.236 20781.5 2.44961e+14 33 4 1 0.998836 
-1.32058e+16 -500.633 -2.04143e-10 4.97118e+27 0.00064278 5.38654 20950.4 2.40051e+14 34 4 1 0.998755 
-1.3087e+16 -477.649 -2.15662e-10 4.97118e+27 0.00065647 5.54784 21127.7 2.35045e+14 35 4 1 0.998719 
-1.29708e+16 -454.178 -2.24115e-10 4.97118e+27 0.000670702 5.71695 21309.8 2.30057e+14 36 4 1 0.998719 
-1.2857e+16 -430.616 -2.29819e-10 4.97118e+27 0.000685277 5.89163 21493.8 2.25164e+14 37 4 1 0.998747 
-1.27456e+16 -407.153 -2.32971e-10 4.97118e+27 0.000700025 6.0699 21677.6 2.20421e+14 38 4 1 0.998785 
-1.26365e+16 -383.992 -2.35965e-10 4.97118e+27 0.000714853 6.25065 21860 2.15849e+14 39 4 1 0.998831 
-1.25297e+16 -361.18 -2.3742e-10 4.97118e+27 0.000729703 6.43318 22040.5 2.11456e+14 40 4 1 0.998878 
-1.2425e+16 -338.785 -2.39256e-10 4.97118e+27 0.000744538 6.61702 22218.6 2.07243e+14 41 4 1 0.998925 
-1.23224e+16 -316.796 -2.40306e-10 4.97118e+27 0.000759345 6.80197 22394.3 2.03202e+14 42 4 1 0.998973 
-1.22218e+16 -295.199 -2.40846e-10 4.97118e+27 0.00077409 6.98759 22567.2 1.99331e+14 43 4 1 0.999016 
-1.21231e+16 -274.012 -2.42255e-10 4.97118e+27 0.000788782 7.17395 22737.5 1.95618e+14 44 4 1 0.999059 
-1.20262e+16 -253.257 -2.42568e-10 4.97118e+27 0.000803415 7.36095 22905.3 1.92055e+14 45 4 1 0.9991 
-1.1931e+16 -232.872 -2.43121e-10 4.97118e+27 0.000817971 7.54832 23070.4 1.88638e+14 46 4 1 0.999139 
-1.18375e+16 -212.91 -2.43714e-10 4.97118e+27 0.000832456 7.73611 23232.9 1.85355e+14 47 4 1 0.999178 
-1.17456e+16 -193.304 -2.43443e-10 4.97118e+27 0.000846852 7.92405 23392.8 1.82204e+14 48 4 1 0.999212 
-1.16553e+16 -174.083 -2.44139e-10 4.97118e+27 0.000861164 8.11216 23550.1 1.79176e+14 49 4 1 0.999246 
-1.15664e+16 -155.247 -2.44051e-10 4.97118e+27 0.000875397 8.30047 23705 1.76263e+14 50 4 1 0.999278 
-1.1479e+16 -136.759 -2.44359e-10 4.97118e+27 0.00088954 8.48882 23857.4 1.7346e+14 51 4 1 0.999311 
-1.1393e+16 -118.602 -2.43616e-10 4.97118e+27 0.000903574 8.67692 24007.3 1.70766e+14 52 4 1 0.999352 
-1.13082e+16 -100.96 -2.39366e-10 4.97118e+27 0.000917407 8.86343 24153.5 1.68191e+14 53 4 1 0.999383 
-1.12248e+16 -83.8606 -2.3875e-10 4.97118e+27 0.000931069 9.04862 24296.6 1.65723e+14 54 4 1 0.999365 
-1.11425e+16 -66.5511 -2.56669e-10 4.97118e+27 0.00094501 9.23893 24441.6 1.63279e+14 55 4 1 0.999385 
-1.10615e+16 -48.6269 -2.57108e-10 4.97118e+27 0.0009591 9.43312 24587.4 1.6088e+14 56 4 1 0.999609 
-1.09816e+16 -33.4896 -1.73508e-10 4.97118e+27 0.000971111 9.59896 24709.9 1.5889e+14 57 4 1 0.999769 
-1.09026e+16 -24.1897 -1.1925e-10 4.97118e+27 0.000980195 9.72279 24800.3 1.57418e+14 58 4 1 0.999504 
-1.08242e+16 -11.5152 -2.96385e-10 4.97118e+27 0.000992133 9.88836 24920.6 1.55523e+14 59 4 1 0.998957 
-1.07471e+16 13.4871 -4.32577e-10 4.97118e+27 0.00101065 10.1515 25108.7 1.52674e+14 60 4 1 0.999563 
-1.06715e+16 33.801 -1.6714e-10 4.97118e+27 0.00102597 10.3689 25260.9 1.50395e+14 61 4 1 1.00001 
-1.05967e+16 36.723 1.84689e-11 4.97118e+27 0.00103025 10.4274 25301.3 1.49769e+14 62 3 1 1 
-1.05217e+16 34.2839 4.74993e-11 4.97118e+27 0.00102836 10.3999 25282.1 1.50045e+14 63 4 1 0.999995 
-1.04466e+16 30.526 6.35875e-11 4.97118e+27 0.00102504 10.3527 25249.2 1.5053e+14 64 4 1 0.999971 
-1.03712e+16 26.0973 7.18862e-11 4.97118e+27 0.00102121 10.2985 25211.3 1.51095e+14 65 4 1 0.99996 
-1.02955e+16 21.4149 7.39652e-11 4.97118e+27 0.00101725 10.2425 25172 1.51683e+14 66 4 1 0.999955 
-1.02195e+16 16.8586 7.0194e-11 4.97118e+27 0.00101348 10.1892 25134.4 1.52248e+14 67 4 1 0.999958 
-1.01433e+16 12.7365 6.205e-11 4.97118e+27 0.00101011 10.1417 25100.8 1.52756e+14 68 4 1 0.999966 
-1.00668e+16 9.2437 5.14675e-11 4.97118e+27 0.00100729 10.1021 25072.7 1.53183e+14 69 4 1 0.999975 
-9.99008e+15 6.45439 4.03139e-11 4.97118e+27 0.00100507 10.0709 25050.5 1.53522e+14 70 4 1 0.999984 
-9.91325e+15 4.34305 2.99894e-11 4.97118e+27 0.00100339 10.0474 25033.8 1.53778e+14 71 4 1 0.999991 
-9.83631e+15 2.82063 2.12897e-11 4.97118e+27 0.0010022 10.0306 25021.9 1.53962e+14 72 4 1 0.999995 
-9.75929e+15 1.77044 1.44797e-11 4.97118e+27 0.00100137 10.0192 25013.7 1.54088e+14 73 4 1 0.999998 
-9.68222e+15 1.07507 9.46331e-12 4.97118e+27 0.00100083 10.0116 25008.3 1.54172e+14 74 4 1 0.999999 
-9.60512e+15 0.632011 5.95616e-12 4.97118e+27 0.00100049 10.0068 25004.8 1.54225e+14 75 4 1 1 
-9.52799e+15 0.359857 3.61569e-12 4.97118e+27 0.00100028 10.0039 25002.8 1.54257e+14 76 4 1 1 
-9.45086e+15 0.198496 2.11914e-12 4.97118e+27 0.00100015 10.0021 25001.5 1.54276e+14 77 4 1 1 
-9.37372e+15 0.106077 1.19991e-12 4.97118e+27 0.00100008 10.0011 25000.8 1.54287e+14 78 4 1 1 
-9.29657e+15 0.0549174 6.56629e-13 4.97118e+27 0.00100004 10.0006 25000.4 1.54294e+14 79 4 1 1 
-9.21942e+15 0.0275395 3.47343e-13 4.97118e+27 0.00100002 10.0003 25000.2 1.54297e+14 80 4 1 1 
-9.14227e+15 0.013374 1.77616e-13 4.97118e+27 0.00100001 10.0001 25000.1 1.54298e+14 81 4 1 1 
-9.06512e+15 0.00628779 8.77933e-14 4.97118e+27 0.001 10.0001 25000 1.54299e+14 82 4 1 1 
-8.98797e+15 0.0028609 4.19397e-14 4.97118e+27 0.001 10 25000 1.543e+14 83 4 1 1 
-8.91082e+15 0.00125917 1.93581e-14 4.97118e+27 0.001 10 25000 1.543e+14 84 4 1 1 
-8.83367e+15 0.000535811 8.6302e-15 4.97118e+27 0.001 10 25000 1.543e+14 85 4 1 1 
-8.75652e+15 0.000220299 3.71452e-15 4.97118e+27 0.001 10 25000 1.543e+14 86 4 1 1 
-8.67937e+15 8.74511e-05 1.54263e-15 4.97118e+27 0.001 10 25000 1.543e+14 87 4 1 1 
-8.60222e+15 3.34876e-05 6.17718e-16 4.97118e+27 0.001 10 25000 1.543e+14 88 4 1 1 
-8.52507e+15 1.2357e-05 2.38296e-16 4.97118e+27 0.001 10 25000 1.543e+14 89 4 1 1 
-8.44792e+15 4.38839e-06 8.8469e-17 4.97118e+27 0.001 10 25000 1.543e+14 90 4 1 1 
-8.37077e+15 1.49762e-06 3.15672e-17 4.97118e+27 0.001 10 25000 1.543e+14 91 4 1 1 
-8.29362e+15 4.90216e-07 1.08101e-17 4.97118e+27 0.001 10 25000 1.543e+14 92 4 1 1 
-8.21647e+15 1.53555e-07 3.54469e-18 4.97118e+27 0.001 10 25000 1.543e+14 93 4 1 1 
-8.13932e+15 4.59079e-08 1.1113e-18 4.97118e+27 0.001 10 25000 1.543e+14 94 4 1 1 
-8.06217e+15 1.30315e-08 3.31307e-19 4.97118e+27 0.001 10 25000 1.543e+14 95 4 1 1 
-7.98502e+15 3.5032e-09 9.34951e-20 4.97118e+27 0.001 10 25000 1.543e+14 96 4 1 1 
-7.90787e+15 9.02374e-10 2.56587e-20 4.97118e+27 0.001 10 25000 1.543e+14 97 4 1 1 
-7.83072e+15 2.0784e-10 5.79302e-21 4.97118e+27 0.001 10 25000 1.543e+14 98 4 1 1 
-7.75357e+15 4.08179e-11 1.96723e-21 4.97118e+27 0.001 10 25000 1.543e+14 99 4 1 1 
-7.67642e+15 1.28209e-12 9.20989e-23 4.97118e+27 0.001 10 25000 1.543e+14 100 5 1 1 
-7.59927e+15 1.90577e-13 1.84198e-24 4.97118e+27 0.001 10 25000 1.543e+14 101 5 1 1 
-7.52212e+15 1.73236e-14 1.84198e-24 4.97118e+27 0.001 10 25000 1.543e+14 102 5 1 1 
-7.44497e+15 3.41649e-45 3.63266e-55 4.97118e+27 0.001 10 25000 1.543e+14 103 5 1 1 
-7.36782e+15 0 0 4.97118e+27 0.001 10 25000 1.543e+14 104 5 1 1 
-7.29067e+15 0 0 4.97118e+27 0.001 10 25000 1.543e+14 105 5 1 1 
-7.21352e+15 0 0 4.97118e+27 0.001 10 25000 1.543e+14 106 5 1 1 
-7.13637e+15 0 0 4.97118e+27 0.001 10 25000 1.543e+14 107 5 1 1 
-7.05922e+15 0 0 4.97118e+27 0.001 10 25000 1.543e+14 108 5 1 1 
-6.98207e+15 0 0 4.97118e+27 0.001 10 25000 1.543e+14 109 5 1 1 
-6.90492e+15 0 0 4.97118e+27 0.001 10 25000 1.543e+14 110 5 1 1 
-6.82777e+15 0 0 4.97118e+27 0.001 10 25000 1.543e+14 111 5 1 1 
-6.75062e+15 0 0 4.97118e+27 0.001 10 25000 1.543e+14 112 5 1 1 
-6.67347e+15 0 0 4.97118e+27 0.001 10 25000 1.543e+14 113 5 1 1 
-6.59632e+15 0 0 4.97118e+27 0.001 10 25000 1.543e+14 114 5 1 1 
-6.51917e+15 0 0 4.97118e+27 0.001 10 25000 1.543e+14 115 5 1 1 
-6.44202e+15 0 0 4.97118e+27 0.001 10 25000 1.543e+14 116 5 1 1 
-6.36487e+15 0 0 4.97118e+27 0.001 10 25000 1.543e+14 117 5 1 1 
-6.28772e+15 0 0 4.97118e+27 0.001 10 25000 1.543e+14 118 5 1 1 
-6.21057e+15 0 0 4.97118e+27 0.001 10 25000 1.543e+14 119 5 1 1 
-6.13342e+15 0 0 4.97118e+27 0.001 10 25000 1.543e+14 120 5 1 1 
-6.05627e+15 0 0 4.97118e+27 0.001 10 25000 1.543e+14 121 5 1 1 
-5.97912e+15 0 0 4.97118e+27 0.001 10 25000 1.543e+14 122 5 1 1 
-5.90197e+15 0 0 4.97118e+27 0.001 10 25000 1.543e+14 123 5 1 1 
-5.82482e+15 0 0 4.97118e+27 0.001 10 25000 1.543e+14 124 5 1 1 
-5.74767e+15 0 0 4.97118e+27 0.001 10 25000 1.543e+14 125 5 1 1 
-5.67052e+15 0 0 4.97118e+27 0.001 10 25000 1.543e+14 126 5 1 1 
-5.59337e+15 0 0 4.97118e+27 0.001 10 25000 1.543e+14 127 5 1 1 
-5.51622e+15 0 0 4.97118e+27 0.001 10 25000 1.543e+14 128 5 1 1 
-5.43907e+15 0 0 4.97118e+27 0.001 10 25000 1.543e+14 129 5 1 1 
-5.36192e+15 0 0 4.97118e+27 0.001 10 25000 1.543e+14 130 5 1 1 
-5.28477e+15 0 0 4.97118e+27 0.001 10 25000 1.543e+14 131 5 1 1 
-5.20762e+15 0 0 4.97118e+27 0.001 10 25000 1.543e+14 132 5 1 1 
-5.13047e+15 0 0 4.97118e+27 0.001 10 25000 1.543e+14 133 5 1 1 
-5.05332e+15 0 0 4.97118e+27 0.001 10 25000 1.543e+14 134 5 1 1 
-4.97617e+15 0 0 4.97118e+27 0.001 10 25000 1.543e+14 135 5 1 1 
-4.89902e+15 0 0 4.97118e+27 0.001 10 25000 1.543e+14 136 5 1 1 
-4.82187e+15 0 0 4.97118e+27 0.001 10 25000 1.543e+14 137 5 1 1 
-4.74472e+15 0 0 4.97118e+27 0.001 10 25000 1.543e+14 138 5 1 1 
-4.66757e+15 0 0 4.97118e+27 0.001 10 25000 1.543e+14 139 5 1 1 
-4.59042e+15 0 0 4.97118e+27 0.001 10 25000 1.543e+14 140 5 1 1 
-4.51327e+15 0 0 4.97118e+27 0.001 10 25000 1.543e+14 141 5 1 1 
-4.43612e+15 0 0 4.97118e+27 0.001 10 25000 1.543e+14 142 5 1 1 
-4.35897e+15 0 0 4.97118e+27 0.001 10 25000 1.543e+14 143 5 1 1 
-4.28182e+15 0 0 4.97118e+27 0.001 10 25000 1.543e+14 144 5 1 1 
-4.20467e+15 0 0 4.97118e+27 0.001 10 25000 1.543e+14 145 5 1 1 
-4.12752e+15 0 0 4.97118e+27 0.001 10 25000 1.543e+14 146 5 1 1 
-4.05037e+15 0 0 4.97118e+27 0.001 10 25000 1.543e+14 147 5 1 1 
-3.97322e+15 0 0 4.97118e+27 0.001 10 25000 1.543e+14 148 5 1 1 
-3.89607e+15 0 0 4.97118e+27 0.001 10 25000 1.543e+14 149 5 1 1 
-3.81892e+15 0 0 4.97118e+27 0.001 10 25000 1.543e+14 150 5 1 1 
-3.74177e+15 0 0 4.97118e+27 0.001 10 25000 1.543e+14 151 5 1 1 
-3.66462e+15 0 0 4.97118e+27 0.001 10 25000 1.543e+14 152 5 1 1 
-3.58747e+15 0 0 4.97118e+27 0.001 10 25000 1.543e+14 153 5 1 1 
-3.51032e+15 0 0 4.97118e+27 0.001 10 25000 1.543e+14 154 5 1 1 
-3.43317e+15 0 0 4.97118e+27 0.001 10 25000 1.543e+14 155 5 1 1 
-3.35602e+15 0 0 4.97118e+27 0.001 10 25000 1.543e+14 156 5 1 1 
-3.27887e+15 0 0 4.97118e+27 0.001 10 25000 1.543e+14 157 5 1 1 
-3.20172e+15 0 0 4.97118e+27 0.001 10 25000 1.543e+14 158 5 1 1 
-3.12457e+15 0 0 4.97118e+27 0.001 10 25000 1.543e+14 159 5 1 1 
-3.04742e+15 0 0 4.97118e+27 0.001 10 25000 1.543e+14 160 5 1 1 
-2.97027e+15 0 0 4.97118e+27 0.001 10 25000 1.543e+14 161 5 1 1 
-2.89312e+15 0 0 4.97118e+27 0.001 10 25000 1.543e+14 162 5 1 1 
-2.81597e+15 0 0 4.97118e+27 0.001 10 25000 1.543e+14 163 5 1 1 
-2.73882e+15 0 0 4.97118e+27 0.001 10 25000 1.543e+14 164 5 1 1 
-2.66167e+15 0 0 4.97118e+27 0.001 10 25000 1.543e+14 165 5 1 1 
-2.58452e+15 0 0 4.97118e+27 0.001 10 25000 1.543e+14 166 5 1 1 
-2.50737e+15 0 0 4.97118e+27 0.001 10 25000 1.543e+14 167 5 1 1 
-2.43022e+15 0 0 4.97118e+27 0.001 10 25000 1.543e+14 168 5 1 1 
-2.35307e+15 0 0 4.97118e+27 0.001 10 25000 1.543e+14 169 5 1 1 
-2.27592e+15 0 0 4.97118e+27 0.001 10 25000 1.543e+14 170 5 1 1 
-2.19877e+15 0 0 4.97118e+27 0.001 10 25000 1.543e+14 171 5 1 1 
-2.12162e+15 0 0 4.97118e+27 0.001 10 25000 1.543e+14 172 5 1 1 
-2.04447e+15 0 0 4.97118e+27 0.001 10 25000 1.543e+14 173 5 1 1 
-1.96732e+15 -1.53587e-43 -3.63266e-55 4.97118e+27 0.001 10 25000 1.543e+14 174 5 1 1 
-1.89017e+15 -1.03713e-13 -3.63266e-55 4.97118e+27 0.001 10 25000 1.543e+14 175 5 1 1 
-1.81302e+15 -2.41496e-13 0 4.97118e+27 0.001 10 25000 1.543e+14 176 5 1 1 
-1.73587e+15 -3.78578e-13 0 4.97118e+27 0.001 10 25000 1.543e+14 177 5 1 1 
-1.65872e+15 -5.147e-13 0 4.97118e+27 0.001 10 25000 1.543e+14 178 5 1 1 
-1.58157e+15 -6.84159e-13 0 4.97118e+27 0.001 10 25000 1.543e+14 179 5 1 1 
-1.50442e+15 -8.69386e-13 -1.84198e-24 4.97118e+27 0.001 10 25000 1.543e+14 180 5 1 1 
-1.42727e+15 -1.03572e-12 1.84198e-24 4.97118e+27 0.001 10 25000 1.543e+14 181 5 1 1 
-1.35012e+15 -1.26826e-12 -1.84198e-24 4.97118e+27 0.001 10 25000 1.543e+14 182 5 1 1 
-1.27297e+15 -1.51377e-12 -3.68395e-24 4.97118e+27 0.001 10 25000 1.543e+14 183 5 1 1 
-1.19582e+15 -2.02731e-12 1.84198e-24 4.97118e+27 0.001 10 25000 1.543e+14 184 5 1 1 
-1.11867e+15 -2.48042e-12 3.68395e-24 4.97118e+27 0.001 10 25000 1.543e+14 185 5 1 1 
-1.04152e+15 -5.29884e-12 7.36791e-24 4.97118e+27 0.001 10 25000 1.543e+14 186 4 1 1 
-9.64375e+14 2.21829e-12 6.26283e-38 4.97118e+27 0.001 10 25000 1.543e+14 187 3 1 1 
-8.87225e+14 -7.18567e-13 -7.36791e-24 4.97118e+27 0.001 10 25000 1.543e+14 188 4 1 1 
-8.10075e+14 -1.15894e-12 -7.36791e-24 4.97118e+27 0.001 10 25000 1.543e+14 189 3 1 1 
-7.32925e+14 -2.57774e-12 -7.36791e-24 4.97118e+27 0.001 10 25000 1.543e+14 190 3 1 1 
-6.55775e+14 8.67139e-13 1.10519e-23 4.97118e+27 0.001 10 25000 1.543e+14 191 4 1 1 
-5.78625e+14 -7.70164e-13 0 4.97118e+27 0.001 10 25000 1.543e+14 192 5 1 1 
-5.01475e+14 -2.25103e-12 -3.68395e-24 4.97118e+27 0.001 10 25000 1.543e+14 193 4 1 1 
-4.24325e+14 -2.8847e-13 1.10519e-23 4.97118e+27 0.001 10 25000 1.543e+14 194 3 1 1 
-3.47175e+14 -3.20967e-13 -2.02618e-23 4.97118e+27 0.001 10 25000 1.543e+14 195 3 1 1 
-2.70025e+14 -1.36496e-12 2.39457e-23 4.97118e+27 0.001 10 25000 1.543e+14 196 5 1 1 
-1.92875e+14 -3.53887e-13 -1.65778e-23 4.97118e+27 0.001 10 25000 1.543e+14 197 5 1 1 
-1.15725e+14 -3.80931e-13 3.68395e-24 4.97118e+27 0.001 10 25000 1.543e+14 198 3 1 1 
-3.8575e+13 -1.89965e-13 1.84198e-24 4.97118e+27 0.001 10 25000 1.543e+14 199 4 1 1 
3.8575e+13 -4.51549e-14 -1.84198e-24 4.97118e+27 0.001 10 25000 1.543e+14 200 3 1 1 
1.15725e+14 -5.4341e-14 1.27813e-39 4.97118e+27 0.001 10 25000 1.543e+14 201 3 1 1 
1.92875e+14 -4.37058e-13 -1.84198e-24 4.97118e+27 0.001 10 25000 1.543e+14 202 5 1 1 
2.70025e+14 -1.04247e-12 1.84198e-24 4.97118e+27 0.001 10 25000 1.543e+14 203 3 1 1 
3.47175e+14 1.10736e-14 -1.84198e-24 4.97118e+27 0.001 10 25000 1.543e+14 204 3 1 1 
4.24325e+14 -1.07326e-13 -5.11251e-39 4.97118e+27 0.001 10 25000 1.543e+14 205 4 1 1 
5.01475e+14 -4.09617e-13 3.68395e-24 4.97118e+27 0.001 10 25000 1.543e+14 206 4 1 1 
5.78625e+14 -1.059e-12 -3.68395e-24 4.97118e+27 0.001 10 25000 1.543e+14 207 5 1 1 
6.55775e+14 8.77235e-13 -1.91719e-38 4.97118e+27 0.001 10 25000 1.543e+14 208 5 1 1 
7.32925e+14 -1.57222e-13 1.84198e-24 4.97118e+27 0.001 10 25000 1.543e+14 209 4 1 1 
8.10075e+14 2.63405e-12 8.9469e-39 4.97118e+27 0.001 10 25000 1.543e+14 210 3 1 1 
8.87225e+14 1.4228e-12 1.84198e-24 4.97118e+27 0.001 10 25000 1.543e+14 211 3 1 1 
9.64375e+14 4.98095e-12 1.84198e-24 4.97118e+27 0.001 10 25000 1.543e+14 212 4 1 1 
1.04153e+15 3.37904e-12 -1.84198e-24 4.97118e+27 0.001 10 25000 1.543e+14 213 5 1 1 
1.11868e+15 3.08567e-12 1.84198e-24 4.97118e+27 0.001 10 25000 1.543e+14 214 5 1 1 
1.19583e+15 2.57463e-12 -3.63266e-55 4.97118e+27 0.001 10 25000 1.543e+14 215 5 1 1 
1.27298e+15 2.07444e-12 7.26532e-55 4.97118e+27 0.001 10 25000 1.543e+14 216 5 1 1 
1.35013e+15 1.60196e-12 7.26532e-55 4.97118e+27 0.001 10 25000 1.543e+14 217 5 1 1 
1.42728e+15 1.23051e-12 7.26532e-55 4.97118e+27 0.001 10 25000 1.543e+14 218 5 1 1 
1.50443e+15 9.93771e-13 7.26532e-55 4.97118e+27 0.001 10 25000 1.543e+14 219 5 1 1 
1.58158e+15 7.55914e-13 0 4.97118e+27 0.001 10 25000 1.543e+14 220 5 1 1 
1.65873e+15 5.68165e-13 1.84198e-24 4.97118e+27 0.001 10 25000 1.543e+14 221 5 1 1 
1.73588e+15 4.13864e-13 0 4.97118e+27 0.001 10 25000 1.543e+14 222 5 1 1 
1.81303e+15 2.76297e-13 0 4.97118e+27 0.001 10 25000 1.543e+14 223 5 1 1 
1.89018e+15 1.3836e-13 3.63266e-55 4.97118e+27 0.001 10 25000 1.543e+14 224 5 1 1 
1.96733e+15 1.53596e-43 3.63266e-55 4.97118e+27 0.001 10 25000 1.543e+14 225 5 1 1 
2.04448e+15 0 0 4.97118e+27 0.001 10 25000 1.543e+14 226 5 1 1 
2.12163e+15 0 0 4.97118e+27 0.001 10 25000 1.543e+14 227 5 1 1 
2.19878e+15 0 0 4.97118e+27 0.001 10 25000 1.543e+14 228 5 1 1 
2.27593e+15 0 0 4.97118e+27 0.001 10 25000 1.543e+14 229 5 1 1 
2.35308e+15 0 0 4.97118e+27 0.001 10 25000 1.543e+14 230 5 1 1 
2.43023e+15 0 0 4.97118e+27 0.001 10 25000 1.543e+14 231 5 1 1 
2.50738e+15 0 0 4.97118e+27 0.001 10 25000 1.543e+14 232 5 1 1 
2.58453e+15 0 0 4.97118e+27 0.001 10 25000 1.543e+14 233 5 1 1 
2.66168e+15 0 0 4.97118e+27 0.001 10 25000 1.543e+14 234 5 1 1 
2.73883e+15 0 0 4.97118e+27 0.001 10 25000 1.543e+14 235 5 1 1 
2.81598e+15 0 0 4.97118e+27 0.001 10 25000 1.543e+14 236 5 1 1 
2.89313e+15 -9.77729e-43 -3.63266e-55 4.97118e+27 0.001 10 25000 1.543e+14 237 5 1 1 
2.97028e+15 -1.69188e-13 0 4.97118e+27 0.001 10 25000 1.543e+14 238 5 1 1 
3.04743e+15 -3.37357e-13 3.63266e-55 4.97118e+27 0.001 10 25000 1.543e+14 239 5 1 1 
3.12458e+15 1.58941e-12 0 4.97118e+27 0.001 10 25000 1.543e+14 240 5 1 1 
3.20173e+15 1.42405e-12 2.1796e-54 4.97118e+27 0.001 10 25000 1.543e+14 241 5 1 1 
3.27888e+15 2.94304e-12 -5.08572e-54 4.97118e+27 0.001 10 25000 1.543e+14 242 5 1 1 
3.35603e+15 1.28096e-12 2.1796e-54 4.97118e+27 0.001 10 25000 1.543e+14 243 5 1 1 
3.43318e+15 1.17275e-12 -3.26939e-54 4.97118e+27 0.001 10 25000 1.543e+14 244 5 1 1 
3.51033e+15 -1.14565e-12 1.2351e-53 4.97118e+27 0.001 10 25000 1.543e+14 245 5 1 1 
3.58748e+15 3.19053e-12 -1.27143e-53 4.97118e+27 0.001 10 25000 1.543e+14 246 5 1 1 
3.66463e+15 3.57822e-14 3.68395e-24 4.97118e+27 0.001 10 25000 1.543e+14 247 5 1 1 
3.74178e+15 -2.98379e-13 -3.68395e-24 4.97118e+27 0.001 10 25000 1.543e+14 248 5 1 1 
3.81893e+15 -2.89984e-12 -1.84198e-24 4.97118e+27 0.001 10 25000 1.543e+14 249 4 1 1 
3.89608e+15 2.89984e-12 1.84198e-24 4.97118e+27 0.001 10 25000 1.543e+14 250 4 1 1 
3.97323e+15 2.98379e-13 3.68395e-24 4.97118e+27 0.001 10 25000 1.543e+14 251 5 1 1 
4.05038e+15 -3.57822e-14 -3.68395e-24 4.97118e+27 0.001 10 25000 1.543e+14 252 5 1 1 
4.12753e+15 -3.19053e-12 1.27143e-53 4.97118e+27 0.001 10 25000 1.543e+14 253 5 1 1 
4.20468e+15 1.14565e-12 -1.2351e-53 4.97118e+27 0.001 10 25000 1.543e+14 254 5 1 1 
4.28183e+15 -1.17275e-12 3.26939e-54 4.97118e+27 0.001 10 25000 1.543e+14 255 5 1 1 
4.35898e+15 -1.28096e-12 -2.1796e-54 4.97118e+27 0.001 10 25000 1.543e+14 256 5 1 1 
4.43613e+15 -2.94304e-12 5.08572e-54 4.97118e+27 0.001 10 25000 1.543e+14 257 5 1 1 
4.51328e+15 -1.42405e-12 -2.1796e-54 4.97118e+27 0.001 10 25000 1.543e+14 258 5 1 1 
4.59043e+15 -1.58941e-12 0 4.97118e+27 0.001 10 25000 1.543e+14 259 5 1 1 
4.66758e+15 3.37357e-13 -3.63266e-55 4.97118e+27 0.001 10 25000 1.543e+14 260 5 1 1 
4.74473e+15 1.69188e-13 0 4.97118e+27 0.001 10 25000 1.543e+14 261 5 1 1 
4.82188e+15 9.77729e-43 3.63266e-55 4.97118e+27 0.001 10 25000 1.543e+14 262 5 1 1 
4.89903e+15 0 0 4.97118e+27 0.001 10 25000 1.543e+14 263 5 1 1 
4.97618e+15 0 0 4.97118e+27 0.001 10 25000 1.543e+14 264 5 1 1 
5.05333e+15 0 0 4.97118e+27 0.001 10 25000 1.543e+14 265 5 1 1 
5.13048e+15 0 0 4.97118e+27 0.001 10 25000 1.543e+14 266 5 1 1 
5.20763e+15 0 0 4.97118e+27 0.001 10 25000 1.543e+14 267 5 1 1 
5.28478e+15 0 0 4.97118e+27 0.001 10 25000 1.543e+14 268 5 1 1 
5.36193e+15 0 0 4.97118e+27 0.001 10 25000 1.543e+14 269 5 1 1 
5.43908e+15 0 0 4.97118e+27 0.001 10 25000 1.543e+14 270 5 1 1 
5.51623e+15 0 0 4.97118e+27 0.001 10 25000 1.543e+14 271 5 1 1 
5.59338e+15 0 0 4.97118e+27 0.001 10 25000 1.543e+14 272 5 1 1 
5.67053e+15 0 0 4.97118e+27 0.001 10 25000 1.543e+14 273 5 1 1 
5.74768e+15 0 0 4.97118e+27 0.001 10 25000 1.543e+14 274 5 1 1 
5.82483e+15 0 0 4.97118e+27 0.001 10 25000 1.543e+14 275 5 1 1 
5.90198e+15 0 0 4.97118e+27 0.001 10 25000 1.543e+14 276 5 1 1 
5.97913e+15 0 0 4.97118e+27 0.001 10 25000 1.543e+14 277 5 1 1 
6.05628e+15 0 0 4.97118e+27 0.001 10 25000 1.543e+14 278 5 1 1 
6.13343e+15 0 0 4.97118e+27 0.001 10 25000 1.543e+14 279 5 1 1 
6.21058e+15 -5.81515e-43 -3.63266e-55 4.97118e+27 0.001 10 25000 1.543e+14 280 5 1 1 
6.28773e+15 -6.85718e-14 -3.63266e-55 4.97118e+27 0.001 10 25000 1.543e+14 281 5 1 1 
6.36488e+15 -2.05192e-13 3.63266e-55 4.97118e+27 0.001 10 25000 1.543e+14 282 5 1 1 
6.44203e+15 -3.75697e-13 3.63266e-55 4.97118e+27 0.001 10 25000 1.543e+14 283 5 1 1 
6.51918e+15 9.5306e-14 1.84198e-24 4.97118e+27 0.001 10 25000 1.543e+14 284 5 1 1 
6.59633e+15 -7.32494e-14 1.84198e-24 4.97118e+27 0.001 10 25000 1.543e+14 285 5 1 1 
6.67348e+15 2.02039e-12 3.63266e-55 4.97118e+27 0.001 10 25000 1.543e+14 286 5 1 1 
6.75063e+15 1.82225e-12 3.68395e-24 4.97118e+27 0.001 10 25000 1.543e+14 287 5 1 1 
6.82778e+15 5.05165e-12 3.68395e-24 4.97118e+27 0.001 10 25000 1.543e+14 288 5 1 1 
6.90493e+15 3.80224e-12 7.26532e-55 4.97118e+27 0.001 10 25000 1.543e+14 289 5 1 1 
6.98208e+15 3.4334e-12 -3.63266e-54 4.97118e+27 0.001 10 25000 1.543e+14 290 5 1 1 
7.05923e+15 1.55571e-12 3.68395e-24 4.97118e+27 0.001 10 25000 1.543e+14 291 5 1 1 
7.13638e+15 1.43201e-12 -5.52593e-24 4.97118e+27 0.001 10 25000 1.543e+14 292 5 1 1 
7.21353e+15 -1.33038e-12 -1.84198e-24 4.97118e+27 0.001 10 25000 1.543e+14 293 5 1 1 
7.29068e+15 3.41241e-12 -1.0898e-53 4.97118e+27 0.001 10 25000 1.543e+14 294 5 1 1 
7.36783e+15 -1.70081e-13 3.68395e-24 4.97118e+27 0.001 10 25000 1.543e+14 295 5 1 1 
7.44498e+15 2.62185e-12 -1.27143e-53 4.97118e+27 0.001 10 25000 1.543e+14 296 5 1 1 
7.52213e+15 -2.79955e-12 -1.84198e-24 4.97118e+27 0.001 10 25000 1.543e+14 297 5 1 1 
7.59928e+15 3.42502e-12 -2.39457e-23 4.97118e+27 0.001 10 25000 1.543e+14 298 5 1 1 
7.67643e+15 -1.68217e-12 -9.57828e-23 4.97118e+27 0.001 10 25000 1.543e+14 299 4 1 1 
7.75358e+15 -3.92401e-11 -1.9525e-21 4.97118e+27 0.001 10 25000 1.543e+14 300 4 1 1 
7.83073e+15 -2.09187e-10 -5.77644e-21 4.97118e+27 0.001 10 25000 1.543e+14 301 4 1 1 
7.90787e+15 -9.01687e-10 -2.56532e-20 4.97118e+27 0.001 10 25000 1.543e+14 302 4 1 1 
7.98502e+15 -3.50499e-09 -9.35025e-20 4.97118e+27 0.001 10 25000 1.543e+14 303 4 1 1 
8.06217e+15 -1.3032e-08 -3.31337e-19 4.97118e+27 0.001 10 25000 1.543e+14 304 4 1 1 
8.13932e+15 -4.59121e-08 -1.11131e-18 4.97118e+27 0.001 10 25000 1.543e+14 305 4 1 1 
8.21647e+15 -1.5357e-07 -3.54485e-18 4.97118e+27 0.001 10 25000 1.543e+14 306 4 1 1 
8.29362e+15 -4.90207e-07 -1.08097e-17 4.97118e+27 0.001 10 25000 1.543e+14 307 4 1 1 
8.37077e+15 -1.49761e-06 -3.15675e-17 4.97118e+27 0.001 10 25000 1.543e+14 308 4 1 1 
8.44792e+15 -4.38838e-06 -8.84687e-17 4.97118e+27 0.001 10 25000 1.543e+14 309 4 1 1 
8.52507e+15 -1.23571e-05 -2.38296e-16 4.97118e+27 0.001 10 25000 1.543e+14 310 4 1 1 
8.60222e+15 -3.34876e-05 -6.17718e-16 4.97118e+27 0.001 10 25000 1.543e+14 311 4 1 1 
8.67937e+15 -8.74511e-05 -1.54263e-15 4.97118e+27 0.001 10 25000 1.543e+14 312 4 1 1 
8.75652e+15 -0.000220299 -3.71452e-15 4.97118e+27 0.001 10 25000 1.543e+14 313 4 1 1 
8.83367e+15 -0.000535811 -8.6302e-15 4.97118e+27 0.001 10 25000 1.543e+14 314 4 1 1 
8.91082e+15 -0.00125917 -1.93581e-14 4.97118e+27 0.001 10 25000 1.543e+14 315 4 1 1 
8.98797e+15 -0.0028609 -4.19397e-14 4.97118e+27 0.001 10 25000 1.543e+14 316 4 1 1 
9.06512e+15 -0.00628779 -8.77933e-14 4.97118e+27 0.001 10.0001 25000 1.54299e+14 317 4 1 1 
9.14227e+15 -0.013374 -1.77616e-13 4.97118e+27 0.00100001 10.0001 25000.1 1.54298e+14 318 4 1 1 
9.21942e+15 -0.0275395 -3.47343e-13 4.97118e+27 0.00100002 10.0003 25000.2 1.54297e+14 319 4 1 1 
9.29657e+15 -0.0549174 -6.56629e-13 4.97118e+27 0.00100004 10.0006 25000.4 1.54294e+14 320 4 1 1 
9.37372e+15 -0.106077 -1.19991e-12 4.97118e+27 0.00100008 10.0011 25000.8 1.54287e+14 321 4 1 1 
9.45086e+15 -0.198496 -2.11914e-12 4.97118e+27 0.00100015 10.0021 25001.5 1.54276e+14 322 4 1 1 
9.52799e+15 -0.359857 -3.61569e-12 4.97118e+27 0.00100028 10.0039 25002.8 1.54257e+14 323 4 1 1 
9.60512e+15 -0.632011 -5.95616e-12 4.97118e+27 0.00100049 10.0068 25004.8 1.54225e+14 324 4 1 1 
9.68222e+15 -1.07507 -9.46331e-12 4.97118e+27 0.00100083 10.0116 25008.3 1.54172e+14 325 4 1 0.999999 
9.75929e+15 -1.77044 -1.44797e-11 4.97118e+27 0.00100137 10.0192 25013.7 1.54088e+14 326 4 1 0.999998 
9.83631e+15 -2.82063 -2.12897e-11 4.97118e+27 0.0010022 10.0306 25021.9 1.53962e+14 327 4 1 0.999995 
9.91325e+15 -4.34305 -2.99894e-11 4.97118e+27 0.00100339 10.0474 25033.8 1.53778e+14 328 4 1 0.999991 
9.99008e+15 -6.45439 -4.03139e-11 4.97118e+27 0.00100507 10.0709 25050.5 1.53522e+14 329 4 1 0.999984 
1.00668e+16 -9.2437 -5.14675e-11 4.97118e+27 0.00100729 10.1021 25072.7 1.53183e+14 330 4 1 0.999975 
1.01433e+16 -12.7365 -6.205e-11 4.97118e+27 0.00101011 10.1417 25100.8 1.52756e+14 331 4 1 0.999966 
1.02195e+16 -16.8586 -7.0194e-11 4.97118e+27 0.00101348 10.1892 25134.4 1.52248e+14 332 4 1 0.999958 
1.02955e+16 -21.4149 -7.39652e-11 4.97118e+27 0.00101725 10.2425 25172 1.51683e+14 333 4 1 0.999955 
1.03712e+16 -26.0973 -7.18862e-11 4.97118e+27 0.00102121 10.2985 25211.3 1.51095e+14 334 4 1 0.99996 
1.04466e+16 -30.526 -6.35875e-11 4.97118e+27 0.00102504 10.3527 25249.2 1.5053e+14 335 4 1 0.999971 
1.05217e+16 -34.2839 -4.74993e-11 4.97118e+27 0.00102836 10.3999 25282.1 1.50045e+14 336 4 1 0.999995 
1.05967e+16 -36.723 -1.84689e-11 4.97118e+27 0.00103025 10.4274 25301.3 1.49769e+14 337 3 1 1 
1.06715e+16 -33.801 1.6714e-10 4.97118e+27 0.00102597 10.3689 25260.9 1.50395e+14 338 4 1 1.00001 
1.07471e+16 -13.4871 4.32577e-10 4.97118e+27 0.00101065 10.1515 25108.7 1.52674e+14 339 4 1 0.999563 
1.08242e+16 11.5152 2.96385e-10 4.97118e+27 0.000992133 9.88836 24920.6 1.55523e+14 340 4 1 0.998957 
1.09026e+16 24.1897 1.1925e-10 4.97118e+27 0.000980195 9.72279 24800.3 1.57418e+14 341 4 1 0.999504 
1.09816e+16 33.4896 1.73508e-10 4.97118e+27 0.000971111 9.59896 24709.9 1.5889e+14 342 4 1 0.999769 
1.10615e+16 48.6269 2.57108e-10 4.97118e+27 0.0009591 9.43312 24587.4 1.6088e+14 343 4 1 0.999609 
1.11425e+16 66.5511 2.56669e-10 4.97118e+27 0.00094501 9.23893 24441.6 1.63279e+14 344 4 1 0.999385 
1.12248e+16 83.8606 2.3875e-10 4.97118e+27 0.000931069 9.04862 24296.6 1.65723e+14 345 4 1 0.999365 
1.13082e+16 100.96 2.39366e-10 4.97118e+27 0.000917407 8.86343 24153.5 1.68191e+14 346 4 1 0.999383 
1.1393e+16 118.602 2.43616e-10 4.97118e+27 0.000903574 8.67692 24007.3 1.70766e+14 347 4 1 0.999352 
1.1479e+16 136.759 2.44359e-10 4.97118e+27 0.00088954 8.48882 23857.4 1.7346e+14 348 4 1 0.999311 
1.15664e+16 155.247 2.44051e-10 4.97118e+27 0.000875397 8.30047 23705 1.76263e+14 349 4 1 0.999278 
1.16553e+16 174.083 2.44139e-10 4.97118e+27 0.000861164 8.11216 23550.1 1.79176e+14 350 4 1 0.999246 
1.17456e+16 193.304 2.43443e-10 4.97118e+27 0.000846852 7.92405 23392.8 1.82204e+14 351 4 1 0.999212 
1.18375e+16 212.91 2.43714e-10 4.97118e+27 0.000832456 7.73611 23232.9 1.85355e+14 352 4 1 0.999178 
1.1931e+16 232.872 2.43121e-10 4.97118e+27 0.000817971 7.54832 23070.4 1.88638e+14 353 4 1 0.999139 
1.20262e+16 253.257 2.42568e-10 4.97118e+27 0.000803415 7.36095 22905.3 1.92055e+14 354 4 1 0.9991 
1.21231e+16 274.012 2.42255e-10 4.97118e+27 0.000788782 7.17395 22737.5 1.95618e+14 355 4 1 0.999059 
1.22218e+16 295.199 2.40846e-10 4.97118e+27 0.00077409 6.98759 22567.2 1.99331e+14 356 4 1 0.999016 
1.23224e+16 316.796 2.40306e-10 4.97118e+27 0.000759345 6.80197 22394.3 2.03202e+14 357 4 1 0.998973 
1.2425e+16 338.785 2.39256e-10 4.97118e+27 0.000744538 6.61702 22218.6 2.07243e+14 358 4 1 0.998925 
1.25297e+16 361.18 2.3742e-10 4.97118e+27 0.000729703 6.43318 22040.5 2.11456e+14 359 4 1 0.998878 
1.26365e+16 383.992 2.35965e-10 4.97118e+27 0.000714853 6.25065 21860 2.15849e+14 360 4 1 0.998831 
1.27456e+16 407.153 2.32971e-10 4.97118e+27 0.000700025 6.0699 21677.6 2.20421e+14 361 4 1 0.998785 
1.2857e+16 430.616 2.29819e-10 4.97118e+27 0.000685277 5.89163 21493.8 2.25164e+14 362 4 1 0.998747 
1.29708e+16 454.178 2.24115e-10 4.97118e+27 0.000670702 5.71695 21309.8 2.30057e+14 363 4 1 0.998719 
1.3087e+16 477.649 2.15662e-10 4.97118e+27 0.00065647 5.54784 21127.7 2.35045e+14 364 4 1 0.998719 
1.32058e+16 500.633 2.04143e-10 4.97118e+27 0.00064278 5.38654 20950.4 2.40051e+14 365 4 1 0.998755 
1.33271e+16 522.631 1.87439e-10 4.97118e+27 0.000629896 5.236 20781.5 2.44961e+14 366 4 1 0.998836 
1.34508e+16 543.081 1.68511e-10 4.97118e+27 0.000618049 5.09866 20624.3 2.49656e+14 367 4 1 0.998965 
1.35768e+16 561.821 1.51187e-10 4.97118e+27 0.000607248 4.97439 20479.4 2.54097e+14 368 4 1 0.999104 
1.37049e+16 579.604 1.46409e-10 4.97118e+27 0.000597053 4.85795 20341.4 2.58436e+14 369 4 1 0.999189 
1.38353e+16 598.066 1.57262e-10 4.97118e+27 0.000586639 4.73979 20198.8 2.63024e+14 370 4 1 0.999153 
1.3968e+16 618.658 1.71697e-10 4.97118e+27 0.000575474 4.61398 20044.2 2.68127e+14 371 4 1 0.999 
1.41034e+16 640.475 1.6714e-10 4.97118e+27 0.000564061 4.48632 19884.2 2.73552e+14 372 4 1 0.998877 
1.42416e+16 660.395 1.33051e-10 4.97118e+27 0.000553908 4.3736 19740.2 2.78566e+14 373 4 1 0.999015 
1.4382e+16 674.403 7.34362e-11 4.97118e+27 0.000546771 4.29488 19638.1 2.82202e+14 374 4 1 0.999445 
1.45238e+16 679.98 8.60867e-12 4.97118e+27 0.000543605 4.26018 19592.7 2.83846e+14 375 4 1 0.999872 
1.46658e+16 679.63 -4.04112e-12 4.97118e+27 0.000543132 4.25513 19586.2 2.84093e+14 376 5 1 0.999997 
1.48079e+16 679.39 -4.06888e-12 4.97118e+27 0.000543309 4.25713 19588.9 2.84e+14 377 4 1 0.999999 
1.49498e+16 678.73 -5.50165e-12 4.97118e+27 0.000543573 4.26006 19592.8 2.83862e+14 378 4 1 0.999999 
1.50917e+16 677.972 -5.74252e-12 4.97118e+27 0.000543944 4.26416 19598.3 2.83669e+14 379 4 1 0.999999 
1.52335e+16 677.215 -5.19239e-12 4.97118e+27 0.00054433 4.26844 19604.1 2.83468e+14 380 4 1 0.999999 
1.53752e+16 676.542 -4.32606e-12 4.97118e+27 0.000544684 4.27236 19609.4 2.83284e+14 381 4 1 0.999999 
1.55168e+16 675.984 -3.46364e-12 4.97118e+27 0.000544983 4.27569 19613.9 2.83128e+14 382 4 1 0.999999 
1.56583e+16 675.541 -2.71569e-12 4.97118e+27 0.000545224 4.27838 19617.6 2.83003e+14 383 4 1 1 
1.57998e+16 675.193 -2.11006e-12 4.97118e+27 0.000545411 4.2805 19620.5 2.82906e+14 384 4 1 1 
1.59412e+16 674.92 -1.66911e-12 4.97118e+27 0.000545556 4.28216 19622.9 2.82831e+14 385 4 1 1 
1.60826e+16 674.703 -1.36389e-12 4.97118e+27 0.00054567 4.28347 19624.8 2.82772e+14 386 4 1 1 
1.6224e+16 674.525 -1.14352e-12 4.97118e+27 0.000545759 4.28454 19626.5 2.82725e+14 387 4 1 1 
1.63654e+16 674.374 -9.82541e-13 4.97118e+27 0.000545832 4.28543 19628 2.82688e+14 388 4 1 1 
1.65067e+16 674.242 -8.66561e-13 4.97118e+27 0.000545891 4.28619 19629.3 2.82657e+14 389 4 1 1 
1.6648e+16 674.126 -7.75431e-13 4.97118e+27 0.00054594 4.28687 19630.7 2.82632e+14 390 4 1 1 
1.67893e+16 674.021 -6.94887e-13 4.97118e+27 0.000545981 4.28747 19632 2.82611e+14 391 4 1 1 
1.69306e+16 673.926 -6.21158e-13 4.97118e+27 0.000546013 4.288 19633.2 2.82594e+14 392 4 1 1 
1.70719e+16 673.841 -5.5312e-13 4.97118e+27 0.000546035 4.28846 19634.6 2.82583e+14 393 4 1 1 
1.72132e+16 673.765 -4.89927e-13 4.97118e+27 0.000546037 4.28876 19635.9 2.82582e+14 394 3 1 1 
1.73545e+16 673.696 -4.32322e-13 4.97118e+27 0.000545962 4.28851 19637.4 2.8262e+14 395 4 1 1 
1.74958e+16 673.635 -3.81292e-13 4.97118e+27 0.000545566 4.28622 19641.1 2.82825e+14 396 4 1 0.999999 
1.76373e+16 673.58 -3.36986e-13 4.97118e+27 0.00054396 4.26893 19619.7 2.8366e+14 397 4 1 0.999987 
1.77795e+16 673.531 -2.98583e-13 4.97118e+27 0.000530851 4.11442 19376.6 2.90666e+14 398 4 1 0.999671 
1.79281e+16 673.484 -2.63804e-13 4.97118e+27 0.000506779 4.40135 21712.4 3.04472e+14 399 4 1 0.994712 
1.80842e+16 673.439 -2.31876e-13 4.97118e+27 0.000481251 4.15514 21585.1 3.20623e+14 400 4 1 0.993704 
1.82491e+16 673.396 -2.01757e-13 4.97118e+27 0.000458771 4.49973 24520.6 3.36333e+14 401 4 1 0.993698 
1.84207e+16 673.354 -1.723e-13 4.97118e+27 0.000450161 4.30517 23909.1 3.42766e+14 402 5 1 0.99866 
1.85918e+16 673.316 -1.44061e-13 4.97118e+27 0.000451761 4.28849 23732.1 3.41552e+14 403 4 1 0.999967 
1.87622e+16 673.279 -1.17492e-13 4.97118e+27 0.000453387 4.2881 23644.8 3.40328e+14 404 4 1 0.999986 
1.89322e+16 673.245 -9.227e-14 4.97118e+27 0.000454476 4.28948 23595.7 3.39512e+14 405 4 1 0.999994 
1.91018e+16 673.211 -6.6127e-14 4.97118e+27 0.000455175 4.29032 23564.1 3.3899e+14 406 4 1 0.999997 
1.92711e+16 673.176 -3.02987e-14 4.97118e+27 0.000455645 4.29073 23542 3.3864e+14 407 4 1 0.999999 
1.94404e+16 673.136 4.1079e-14 4.97118e+27 0.000455974 4.29089 23526 3.38396e+14 408 4 1 0.999999 
1.96095e+16 673.076 2.15521e-13 4.97118e+27 0.0004562 4.29077 23513.6 3.38229e+14 409 4 1 1 
1.97786e+16 672.952 7.49807e-13 4.97118e+27 0.000456321 4.28998 23503.1 3.3814e+14 410 3 1 1 
1.99477e+16 672.625 2.3843e-12 4.97118e+27 0.000456253 4.28726 23491.6 3.38189e+14 411 4 1 1 
2.01168e+16 671.659 7.29488e-12 4.97118e+27 0.000455724 4.27886 23472.8 3.38582e+14 412 4 1 0.999998 
2.02863e+16 668.863 2.12815e-11 4.97118e+27 0.000453981 4.25484 23430.5 3.39882e+14 413 4 1 0.999975 
2.04567e+16 661.357 5.40176e-11 4.97118e+27 0.00044936 4.19338 23329.2 3.43377e+14 414 4 1 0.999806 
2.06297e+16 642.854 1.32095e-10 4.97118e+27 0.000438671 4.05313 23098 3.51744e+14 415 4 1 0.998921 
2.08085e+16 602.895 2.58124e-10 4.97118e+27 0.000417922 3.78417 22635.1 3.69208e+14 416 4 1 0.995633 
2.09993e+16 523.087 5.52761e-10 4.97118e+27 0.000381641 3.32184 21758 4.04306e+14 417 4 1 0.987374 
2.12146e+16 361.86 9.64542e-10 4.97118e+27 0.000331322 2.7035 20399.3 4.65711e+14 418 4 1 0.971012 
2.14695e+16 161.236 8.51612e-10 4.97118e+27 0.000285191 2.17036 19028.2 5.41041e+14 419 4 1 0.959699 
2.17595e+16 37.6775 3.39315e-10 4.97118e+27 0.000259523 1.89265 18234.3 5.94553e+14 420 4 1 0.978191 
2.2065e+16 3.04389 5.23844e-11 4.97118e+27 0.00025134 1.80843 17988.7 6.1391e+14 421 4 1 0.996624 
2.23735e+16 -0.350283 -2.22245e-13 4.97118e+27 0.000250023 1.79522 17950.6 6.17143e+14 422 4 1 0.999894 
2.26821e+16 -0.0362152 -7.87672e-13 4.97118e+27 0.000249984 1.79484 17949.5 6.1724e+14 423 5 1 1 
2.29907e+16 0.00661796 2.16705e-14 4.97118e+27 0.00025 1.795 17950 6.17199e+14 424 4 1 1 
2.32993e+16 0.0021013 1.42293e-14 4.97118e+27 0.00025 1.795 17950 6.17199e+14 425 3 1 1 
2.36079e+16 0.00047975 3.53403e-15 4.97118e+27 0.00025 1.795 17950 6.172e+14 426 4 1 1 
2.39165e+16 0.000100036 7.76715e-16 4.97118e+27 0.00025 1.795 17950 6.172e+14 427 4 1 1 
2.42251e+16 1.96664e-05 1.60107e-16 4.97118e+27 0.00025 1.795 17950 6.172e+14 428 4 1 1 
2.45337e+16 3.65766e-06 3.12384e-17 4.97118e+27 0.00025 1.795 17950 6.172e+14 429 4 1 1 
2.48423e+16 6.42147e-07 5.76287e-18 4.97118e+27 0.00025 1.795 17950 6.172e+14 430 4 1 1 
2.51509e+16 1.06112e-07 1.00198e-18 4.97118e+27 0.00025 1.795 17950 6.172e+14 431 4 1 1 
2.54595e+16 1.64767e-08 1.63775e-19 4.97118e+27 0.00025 1.795 17950 6.172e+14 432 4 1 1 
2.57681e+16 2.3912e-09 2.50532e-20 4.97118e+27 0.00025 1.795 17950 6.172e+14 433 4 1 1 
2.60767e+16 3.25552e-10 3.56791e-21 4.97118e+27 0.00025 1.795 17950 6.172e+14 434 4 1 1 
2.63853e+16 3.49675e-11 5.29108e-22 4.97118e+27 0.00025 1.795 17950 6.172e+14 435 4 1 1 
2.66939e+16 1.70173e-12 2.16432e-23 4.97118e+27 0.00025 1.795 17950 6.172e+14 436 5 1 1 
2.70025e+16 1.94871e-13 3.22346e-24 4.97118e+27 0.00025 1.795 17950 6.172e+14 437 5 1 1 
2.73111e+16 3.6724e-44 6.35715e-55 4.97118e+27 0.00025 1.795 17950 6.172e+14 438 5 1 1 
2.76197e+16 -7.49987e-44 0 4.97118e+27 0.00025 1.795 17950 6.172e+14 439 5 1 1 
2.79283e+16 -1.68784e-13 -4.60494e-25 4.97118e+27 0.00025 1.795 17950 6.172e+14 440 5 1 1 
2.82369e+16 -5.13894e-13 -4.60494e-25 4.97118e+27 0.00025 1.795 17950 6.172e+14 441 5 1 1 
2.85455e+16 -1.08182e-12 -4.60494e-25 4.97118e+27 0.00025 1.795 17950 6.172e+14 442 5 1 1 
2.88541e+16 -2.03048e-12 -4.54082e-55 4.97118e+27 0.00025 1.795 17950 6.172e+14 443 5 1 1 
2.91627e+16 -3.25925e-12 -9.20989e-25 4.97118e+27 0.00025 1.795 17950 6.172e+14 444 5 1 1 
2.94713e+16 -4.90893e-12 4.81327e-54 4.97118e+27 0.00025 1.795 17950 6.172e+14 445 5 1 1 
2.97799e+16 6.37609e-13 1.01309e-23 4.97118e+27 0.00025 1.795 17950 6.172e+14 446 5 1 1 
3.00885e+16 -5.24995e-12 1.01309e-23 4.97118e+27 0.00025 1.795 17950 6.172e+14 447 5 1 1 
3.03971e+16 3.74958e-12 -1.01309e-23 4.97118e+27 0.00025 1.795 17950 6.172e+14 448 5 1 1 
3.07057e+16 -5.16799e-12 -9.20989e-24 4.97118e+27 0.00025 1.795 17950 6.172e+14 449 3 1 1 
3.10143e+16 5.16799e-12 9.20989e-24 4.97118e+27 0.00025 1.795 17950 6.172e+14 450 3 1 1 
3.13229e+16 -3.74958e-12 1.01309e-23 4.97118e+27 0.00025 1.795 17950 6.172e+14 451 5 1 1 
3.16315e+16 5.24995e-12 -1.01309e-23 4.97118e+27 0.00025 1.795 17950 6.172e+14 452 5 1 1 
3.19401e+16 -6.37609e-13 -1.01309e-23 4.97118e+27 0.00025 1.795 17950 6.172e+14 453 5 1 1 
3.22487e+16 4.90893e-12 -4.81327e-54 4.97118e+27 0.00025 1.795 17950 6.172e+14 454 5 1 1 
3.25573e+16 3.25925e-12 9.20989e-25 4.97118e+27 0.00025 1.795 17950 6.172e+14 455 5 1 1 
3.28659e+16 2.03048e-12 4.54082e-55 4.97118e+27 0.00025 1.795 17950 6.172e+14 456 5 1 1 
3.31745e+16 1.08182e-12 4.60494e-25 4.97118e+27 0.00025 1.795 17950 6.172e+14 457 5 1 1 
3.34831e+16 5.13894e-13 4.60494e-25 4.97118e+27 0.00025 1.795 17950 6.172e+14 458 5 1 1 
3.37917e+16 1.68784e-13 4.60494e-25 4.97118e+27 0.00025 1.795 17950 6.172e+14 459 5 1 1 
3.41003e+16 7.32899e-44 0 4.97118e+27 0.00025 1.795 17950 6.172e+14 460 5 1 1 
3.44089e+16 -4.69707e-44 -6.35715e-55 4.97118e+27 0.00025 1.795 17950 6.172e+14 461 5 1 1 
3.47175e+16 -2.12198e-13 -3.22346e-24 4.97118e+27 0.00025 1.795 17950 6.172e+14 462 5 1 1 
3.50261e+16 -1.98299e-12 -1.47358e-23 4.97118e+27 0.00025 1.795 17950 6.172e+14 463 5 1 1 
3.53347e+16 -2.73422e-11 -5.10228e-22 4.97118e+27 0.00025 1.795 17950 6.172e+14 464 4 1 1 
3.56433e+16 -3.21307e-10 -3.59001e-21 4.97118e+27 0.00025 1.795 17950 6.172e+14 465 4 1 1 
3.59519e+16 -2.42234e-09 -2.51232e-20 4.97118e+27 0.00025 1.795 17950 6.172e+14 466 4 1 1 
3.62605e+16 -1.64223e-08 -1.63547e-19 4.97118e+27 0.00025 1.795 17950 6.172e+14 467 4 1 1 
3.65691e+16 -1.0614e-07 -1.00215e-18 4.97118e+27 0.00025 1.795 17950 6.172e+14 468 4 1 1 
3.68777e+16 -6.42163e-07 -5.76292e-18 4.97118e+27 0.00025 1.795 17950 6.172e+14 469 4 1 1 
3.71863e+16 -3.65764e-06 -3.12383e-17 4.97118e+27 0.00025 1.795 17950 6.172e+14 470 4 1 1 
3.74949e+16 -1.96664e-05 -1.60107e-16 4.97118e+27 0.00025 1.795 17950 6.172e+14 471 4 1 1 
3.78035e+16 -0.000100036 -7.76715e-16 4.97118e+27 0.00025 1.795 17950 6.172e+14 472 4 1 1 
3.81121e+16 -0.00047975 -3.53403e-15 4.97118e+27 0.00025 1.795 17950 6.172e+14 473 4 1 1 
3.84207e+16 -0.0021013 -1.42293e-14 4.97118e+27 0.00025 1.795 17950 6.17199e+14 474 3 1 1 
3.87293e+16 -0.00661796 -2.16705e-14 4.97118e+27 0.00025 1.795 17950 6.17199e+14 475 4 1 1 
3.90379e+16 0.0362152 7.87672e-13 4.97118e+27 0.000249984 1.79484 17949.5 6.1724e+14 476 5 1 1 
3.93465e+16 0.350283 2.22245e-13 4.97118e+27 0.000250023 1.79522 17950.6 6.17143e+14 477 4 1 0.999894 
3.9655e+16 -3.04389 -5.23844e-11 4.97118e+27 0.00025134 1.80843 17988.7 6.1391e+14 478 4 1 0.996624 
3.99605e+16 -37.6775 -3.39315e-10 4.97118e+27 0.000259523 1.89265 18234.3 5.94553e+14 479 4 1 0.978191 
4.02505e+16 -161.236 -8.51612e-10 4.97118e+27 0.000285191 2.17036 19028.2 5.41041e+14 480 4 1 0.959699 
4.05054e+16 -361.86 -9.64542e-10 4.97118e+27 0.000331322 2.7035 20399.3 4.65711e+14 481 4 1 0.971012 
4.07207e+16 -523.087 -5.52761e-10 4.97118e+27 0.000381641 3.32184 21758 4.04306e+14 482 4 1 0.987374 
4.09115e+16 -602.895 -2.58124e-10 4.97118e+27 0.000417922 3.78417 22635.1 3.69208e+14 483 4 1 0.995633 
4.10903e+16 -642.854 -1.32095e-10 4.97118e+27 0.000438671 4.05313 23098 3.51744e+14 484 4 1 0.998921 
4.12633e+16 -661.357 -5.40176e-11 4.97118e+27 0.00044936 4.19338 23329.2 3.43377e+14 485 4 1 0.999806 
4.14337e+16 -668.863 -2.12815e-11 4.97118e+27 0.000453981 4.25484 23430.5 3.39882e+14 486 4 1 0.999975 
4.16032e+16 -671.659 -7.29488e-12 4.97118e+27 0.000455724 4.27886 23472.8 3.38582e+14 487 4 1 0.999998 
4.17723e+16 -672.625 -2.3843e-12 4.97118e+27 0.000456253 4.28726 23491.6 3.38189e+14 488 4 1 1 
4.19414e+16 -672.952 -7.49807e-13 4.97118e+27 0.000456321 4.28998 23503.1 3.3814e+14 489 3 1 1 
4.21105e+16 -673.076 -2.15521e-13 4.97118e+27 0.0004562 4.29077 23513.6 3.38229e+14 490 4 1 1 
4.22796e+16 -673.136 -4.1079e-14 4.97118e+27 0.000455974 4.29089 23526 3.38396e+14 491 4 1 0.999999 
4.24489e+16 -673.176 3.02987e-14 4.97118e+27 0.000455645 4.29073 23542 3.3864e+14 492 4 1 0.999999 
4.26182e+16 -673.211 6.6127e-14 4.97118e+27 0.000455175 4.29032 23564.1 3.3899e+14 493 4 1 0.999997 
4.27878e+16 -673.245 9.227e-14 4.97118e+27 0.000454476 4.28948 23595.7 3.39512e+14 494 4 1 0.999994 
4.29578e+16 -673.279 1.17492e-13 4.97118e+27 0.000453387 4.2881 23644.8 3.40328e+14 495 4 1 0.999986 
4.31282e+16 -673.316 1.44061e-13 4.97118e+27 0.000451761 4.28849 23732.1 3.41552e+14 496 4 1 0.999967 
4.32993e+16 -673.354 1.723e-13 4.97118e+27 0.000450161 4.30517 23909.1 3.42766e+14 497 5 1 0.99866 
4.34709e+16 -673.396 2.01757e-13 4.97118e+27 0.000458771 4.49973 24520.6 3.36333e+14 498 4 1 0.993698 
4.36358e+16 -673.439 2.31876e-13 4.97118e+27 0.000481251 4.15514 21585.1 3.20623e+14 499 4 1 0.993704 
