# Time [s]: 3.69825e+12
# Columns: pos [pc], vel [pc/s], acc [pc/s^2], mass [Msun], dens [g/cm^3], pres [barye], ene [erg/g], sml [pc], id, neighbor, alpha, gradh, ...additional?
4.38679e+16 -673.515 2.90321e-13 4.97118e+27 0.000506761 4.40113 21712.1 3.04483e+14 0 4 1 0.994713 
4.40165e+16 -673.566 3.28718e-13 4.97118e+27 0.00053083 4.1142 19376.3 2.90677e+14 1 4 1 0.999671 
4.41587e+16 -673.62 3.71075e-13 4.97118e+27 0.000543937 4.26867 19619.3 2.83673e+14 2 4 1 0.999988 
4.43002e+16 -673.68 4.19866e-13 4.97118e+27 0.00054554 4.28593 19640.8 2.82839e+14 3 4 1 0.999999 
4.44415e+16 -673.748 4.75545e-13 4.97118e+27 0.000545933 4.28818 19636.9 2.82636e+14 4 4 1 1 
4.45828e+16 -673.823 5.38068e-13 4.97118e+27 0.000546003 4.2884 19635.4 2.82599e+14 5 3 1 1 
4.47241e+16 -673.906 6.06818e-13 4.97118e+27 0.000545998 4.28805 19634 2.82602e+14 6 4 1 1 
4.48654e+16 -673.999 6.79966e-13 4.97118e+27 0.000545972 4.28755 19632.6 2.82615e+14 7 4 1 1 
4.50067e+16 -674.102 7.58144e-13 4.97118e+27 0.000545935 4.28697 19631.3 2.82634e+14 8 4 1 1 
4.51481e+16 -674.217 8.47214e-13 4.97118e+27 0.00054589 4.28631 19629.9 2.82658e+14 9 4 1 1 
4.52894e+16 -674.345 9.54728e-13 4.97118e+27 0.000545834 4.28557 19628.5 2.82687e+14 10 4 1 1 
4.54307e+16 -674.491 1.09426e-12 4.97118e+27 0.000545767 4.28471 19627 2.82722e+14 11 4 1 1 
4.55721e+16 -674.663 1.29699e-12 4.97118e+27 0.000545683 4.2837 19625.4 2.82765e+14 12 4 1 1 
4.57135e+16 -674.869 1.59608e-12 4.97118e+27 0.000545577 4.28245 19623.5 2.8282e+14 13 4 1 1 
4.58549e+16 -675.126 2.00597e-12 4.97118e+27 0.00054544 4.28088 19621.2 2.82891e+14 14 4 1 1 
4.59964e+16 -675.455 2.55552e-12 4.97118e+27 0.000545262 4.27887 19618.4 2.82983e+14 15 4 1 1 
4.61379e+16 -675.879 3.29529e-12 4.97118e+27 0.000545034 4.2763 19614.8 2.83102e+14 16 4 1 1 
4.62795e+16 -676.415 4.19053e-12 4.97118e+27 0.000544745 4.27308 19610.5 2.83252e+14 17 4 1 0.999999 
-1.52988e+16 -677.072 5.08113e-12 4.97118e+27 0.000544396 4.2692 19605.2 2.83433e+14 18 4 1 0.999999 
-1.51571e+16 -677.836 5.7842e-12 4.97118e+27 0.000544005 4.26487 19599.4 2.83637e+14 19 4 1 0.999998 
-1.50152e+16 -678.629 5.84331e-12 4.97118e+27 0.000543615 4.26055 19593.6 2.83841e+14 20 4 1 0.999998 
-1.48732e+16 -679.344 5.04303e-12 4.97118e+27 0.000543304 4.2571 19589 2.84003e+14 21 4 1 0.999999 
-1.47312e+16 -679.651 2.16139e-12 4.97118e+27 0.000543107 4.2549 19585.9 2.84106e+14 22 5 1 0.999999 
-1.45891e+16 -680.251 -2.35961e-13 4.97118e+27 0.000543344 4.25737 19589.1 2.83982e+14 23 4 1 0.999911 
-1.44472e+16 -676.052 -6.35034e-11 4.97118e+27 0.000545951 4.28588 19626.4 2.82626e+14 24 4 1 0.999501 
-1.43065e+16 -662.929 -1.2857e-10 4.97118e+27 0.000552633 4.35952 19722.1 2.79209e+14 25 4 1 0.999018 
-1.4168e+16 -643.18 -1.68592e-10 4.97118e+27 0.000562686 4.47102 19864.9 2.7422e+14 26 4 1 0.998837 
-1.40322e+16 -620.949 -1.75321e-10 4.97118e+27 0.000574256 4.60033 20027.3 2.68695e+14 27 4 1 0.998951 
-1.38993e+16 -599.782 -1.61259e-10 4.97118e+27 0.000585669 4.72884 20185.5 2.63459e+14 28 4 1 0.999116 
-1.37687e+16 -580.888 -1.49079e-10 4.97118e+27 0.000596313 4.84953 20331.3 2.58757e+14 29 4 1 0.999157 
-1.36405e+16 -562.796 -1.5402e-10 4.97118e+27 0.000606705 4.96819 20472.2 2.54324e+14 30 4 1 0.999069 
-1.35144e+16 -543.704 -1.7157e-10 4.97118e+27 0.000617717 5.09483 20619.9 2.49791e+14 31 4 1 0.998918 
-1.33907e+16 -522.743 -1.92115e-10 4.97118e+27 0.000629827 5.2352 20780.6 2.44988e+14 32 4 1 0.998776 
-1.32694e+16 -500.191 -2.09966e-10 4.97118e+27 0.000643051 5.38974 20954 2.3995e+14 33 4 1 0.998687 
-1.31507e+16 -476.56 -2.2209e-10 4.97118e+27 0.000657133 5.5557 21136.3 2.34808e+14 34 4 1 0.998649 
-1.30345e+16 -452.431 -2.30998e-10 4.97118e+27 0.000671785 5.72989 21323.6 2.29686e+14 35 4 1 0.998652 
-1.2921e+16 -428.175 -2.36625e-10 4.97118e+27 0.000686789 5.90985 21512.8 2.24669e+14 36 4 1 0.99868 
-1.28099e+16 -404.057 -2.40546e-10 4.97118e+27 0.000701979 6.09365 21701.8 2.19807e+14 37 4 1 0.998722 
-1.27011e+16 -380.29 -2.43307e-10 4.97118e+27 0.000717257 6.28011 21889.5 2.15125e+14 38 4 1 0.998773 
-1.25947e+16 -356.862 -2.44732e-10 4.97118e+27 0.000732545 6.46829 22074.9 2.10636e+14 39 4 1 0.998824 
-1.24905e+16 -333.883 -2.46566e-10 4.97118e+27 0.000747811 6.65779 22257.7 2.06336e+14 40 4 1 0.998875 
-1.23883e+16 -311.316 -2.47582e-10 4.97118e+27 0.000763042 6.84838 22437.9 2.02217e+14 41 4 1 0.998925 
-1.22882e+16 -289.2 -2.48746e-10 4.97118e+27 0.00077822 7.03984 22615.3 1.98273e+14 42 4 1 0.998972 
-1.219e+16 -267.528 -2.49703e-10 4.97118e+27 0.000793342 7.23209 22790.1 1.94494e+14 43 4 1 0.99902 
-1.20937e+16 -246.266 -2.49698e-10 4.97118e+27 0.000808382 7.42475 22961.9 1.90875e+14 44 4 1 0.999063 
-1.19992e+16 -225.414 -2.5065e-10 4.97118e+27 0.00082334 7.61778 23130.9 1.87407e+14 45 4 1 0.999104 
-1.19063e+16 -205.012 -2.50988e-10 4.97118e+27 0.000838224 7.81128 23297.2 1.8408e+14 46 4 1 0.999145 
-1.18151e+16 -184.988 -2.5092e-10 4.97118e+27 0.000853015 8.00491 23460.7 1.80888e+14 47 4 1 0.999182 
-1.17254e+16 -165.384 -2.51539e-10 4.97118e+27 0.000867719 8.19873 23621.6 1.77823e+14 48 4 1 0.999219 
-1.16372e+16 -146.154 -2.51183e-10 4.97118e+27 0.000882328 8.39263 23779.9 1.74878e+14 49 4 1 0.999254 
-1.15505e+16 -127.275 -2.51372e-10 4.97118e+27 0.000896829 8.58638 23935.5 1.72051e+14 50 4 1 0.999296 
-1.14652e+16 -108.876 -2.48027e-10 4.97118e+27 0.00091116 8.77908 24087.7 1.69345e+14 51 4 1 0.999335 
-1.13811e+16 -91.0994 -2.45202e-10 4.97118e+27 0.000925281 8.97002 24236.2 1.6676e+14 52 4 1 0.999332 
-1.12984e+16 -73.3723 -2.5838e-10 4.97118e+27 0.000939541 9.16411 24384.9 1.64229e+14 53 4 1 0.999328 
-1.12169e+16 -54.9119 -2.69829e-10 4.97118e+27 0.000954118 9.36439 24536.1 1.6172e+14 54 4 1 0.999514 
-1.11367e+16 -38.1353 -2.05934e-10 4.97118e+27 0.000967249 9.54576 24670.8 1.59525e+14 55 4 1 0.999741 
-1.10574e+16 -27.3027 -1.20872e-10 4.97118e+27 0.000977126 9.68076 24769.7 1.57912e+14 56 4 1 0.999584 
-1.09787e+16 -16.2626 -2.48688e-10 4.97118e+27 0.000988148 9.83247 24880.2 1.56151e+14 57 4 1 0.99897 
-1.09012e+16 7.08781 -4.46589e-10 4.97118e+27 0.0010061 10.0866 25062.8 1.53365e+14 58 4 1 0.999321 
-1.08254e+16 31.295 -2.50875e-10 4.97118e+27 0.00102369 10.337 25238.8 1.50729e+14 59 4 1 0.999992 
-1.07505e+16 37.4134 2.04481e-12 4.97118e+27 0.00103049 10.4314 25304.1 1.49734e+14 60 3 1 1 
-1.06756e+16 35.3975 4.5882e-11 4.97118e+27 0.0010293 10.4132 25291.4 1.49908e+14 61 4 1 1 
-1.06006e+16 31.7175 6.27759e-11 4.97118e+27 0.00102605 10.367 25259.2 1.50382e+14 62 4 1 0.999973 
-1.05252e+16 27.2552 7.29716e-11 4.97118e+27 0.00102218 10.3121 25220.8 1.50952e+14 63 4 1 0.999959 
-1.04496e+16 22.4553 7.61717e-11 4.97118e+27 0.00101811 10.2545 25180.4 1.51556e+14 64 4 1 0.999953 
-1.03737e+16 17.7285 7.30974e-11 4.97118e+27 0.00101418 10.199 25141.3 1.52143e+14 65 4 1 0.999955 
-1.02975e+16 13.4151 6.5112e-11 4.97118e+27 0.00101065 10.1493 25106.2 1.52674e+14 66 4 1 0.999962 
-1.0221e+16 9.73879 5.42755e-11 4.97118e+27 0.00100768 10.1076 25076.6 1.53124e+14 67 4 1 0.999973 
-1.01443e+16 6.79298 4.26222e-11 4.97118e+27 0.00100533 10.0745 25053.1 1.53482e+14 68 4 1 0.999982 
-1.00675e+16 4.56043 3.17222e-11 4.97118e+27 0.00100356 10.0498 25035.5 1.53752e+14 69 4 1 0.99999 
-9.9906e+15 2.95162 2.24915e-11 4.97118e+27 0.0010023 10.0321 25022.9 1.53947e+14 70 4 1 0.999995 
-9.91358e+15 1.84432 1.52549e-11 4.97118e+27 0.00100143 10.0199 25014.2 1.5408e+14 71 4 1 0.999997 
-9.83652e+15 1.11377 9.92947e-12 4.97118e+27 0.00100086 10.012 25008.6 1.54167e+14 72 4 1 0.999999 
-9.75941e+15 0.65053 6.21696e-12 4.97118e+27 0.0010005 10.007 25005 1.54223e+14 73 4 1 1 
-9.68229e+15 0.367662 3.75027e-12 4.97118e+27 0.00100028 10.0039 25002.8 1.54256e+14 74 4 1 1 
-9.60516e+15 0.201114 2.18194e-12 4.97118e+27 0.00100015 10.0021 25001.5 1.54276e+14 75 4 1 1 
-9.52802e+15 0.10648 1.22519e-12 4.97118e+27 0.00100008 10.0011 25000.8 1.54287e+14 76 4 1 1 
-9.45087e+15 0.0545637 6.64221e-13 4.97118e+27 0.00100004 10.0006 25000.4 1.54294e+14 77 4 1 1 
-9.37372e+15 0.0270562 3.47732e-13 4.97118e+27 0.00100002 10.0003 25000.2 1.54297e+14 78 4 1 1 
-9.29657e+15 0.0129792 1.75797e-13 4.97118e+27 0.00100001 10.0001 25000.1 1.54298e+14 79 4 1 1 
-9.21942e+15 0.00602141 8.58167e-14 4.97118e+27 0.001 10.0001 25000 1.54299e+14 80 4 1 1 
-9.14227e+15 0.00270047 4.04424e-14 4.97118e+27 0.001 10 25000 1.543e+14 81 4 1 1 
-9.06512e+15 0.00117018 1.8394e-14 4.97118e+27 0.001 10 25000 1.543e+14 82 4 1 1 
-8.98797e+15 0.00048964 8.07072e-15 4.97118e+27 0.001 10 25000 1.543e+14 83 4 1 1 
-8.91082e+15 0.000197697 3.4144e-15 4.97118e+27 0.001 10 25000 1.543e+14 84 4 1 1 
-8.83367e+15 7.69586e-05 1.39187e-15 4.97118e+27 0.001 10 25000 1.543e+14 85 4 1 1 
-8.75652e+15 2.88538e-05 5.46269e-16 4.97118e+27 0.001 10 25000 1.543e+14 86 4 1 1 
-8.67937e+15 1.04066e-05 2.06209e-16 4.97118e+27 0.001 10 25000 1.543e+14 87 4 1 1 
-8.60222e+15 3.60528e-06 7.47774e-17 4.97118e+27 0.001 10 25000 1.543e+14 88 4 1 1 
-8.52507e+15 1.19757e-06 2.60092e-17 4.97118e+27 0.001 10 25000 1.543e+14 89 4 1 1 
-8.44792e+15 3.80612e-07 8.6611e-18 4.97118e+27 0.001 10 25000 1.543e+14 90 4 1 1 
-8.37077e+15 1.15394e-07 2.75542e-18 4.97118e+27 0.001 10 25000 1.543e+14 91 4 1 1 
-8.29362e+15 3.32453e-08 8.34508e-19 4.97118e+27 0.001 10 25000 1.543e+14 92 4 1 1 
-8.21647e+15 9.07919e-09 2.39564e-19 4.97118e+27 0.001 10 25000 1.543e+14 93 4 1 1 
-8.13932e+15 2.32161e-09 6.5066e-20 4.97118e+27 0.001 10 25000 1.543e+14 94 4 1 1 
-8.06217e+15 5.67085e-10 1.6342e-20 4.97118e+27 0.001 10 25000 1.543e+14 95 4 1 1 
-7.98502e+15 1.28382e-10 4.28076e-21 4.97118e+27 0.001 10 25000 1.543e+14 96 4 1 1 
-7.90787e+15 1.33335e-11 8.98885e-22 4.97118e+27 0.001 10 25000 1.543e+14 97 4 1 1 
-7.83072e+15 5.19436e-13 -7.36791e-24 4.97118e+27 0.001 10 25000 1.543e+14 98 5 1 1 
-7.75357e+15 6.92686e-14 7.36791e-24 4.97118e+27 0.001 10 25000 1.543e+14 99 5 1 1 
-7.67642e+15 1.36608e-44 1.45306e-54 4.97118e+27 0.001 10 25000 1.543e+14 100 5 1 1 
-7.59927e+15 0 0 4.97118e+27 0.001 10 25000 1.543e+14 101 5 1 1 
-7.52212e+15 0 0 4.97118e+27 0.001 10 25000 1.543e+14 102 5 1 1 
-7.44497e+15 0 0 4.97118e+27 0.001 10 25000 1.543e+14 103 5 1 1 
-7.36782e+15 0 0 4.97118e+27 0.001 10 25000 1.543e+14 104 5 1 1 
-7.29067e+15 0 0 4.97118e+27 0.001 10 25000 1.543e+14 105 5 1 1 
-7.21352e+15 0 0 4.97118e+27 0.001 10 25000 1.543e+14 106 5 1 1 
-7.13637e+15 0 0 4.97118e+27 0.001 10 25000 1.543e+14 107 5 1 1 
-7.05922e+15 0 0 4.97118e+27 0.001 10 25000 1.543e+14 108 5 1 1 
-6.98207e+15 0 0 4.97118e+27 0.001 10 25000 1.543e+14 109 5 1 1 
-6.90492e+15 0 0 4.97118e+27 0.001 10 25000 1.543e+14 110 5 1 1 
-6.82777e+15 0 0 4.97118e+27 0.001 10 25000 1.543e+14 111 5 1 1 
-6.75062e+15 0 0 4.97118e+27 0.001 10 25000 1.543e+14 112 5 1 1 
-6.67347e+15 0 0 4.97118e+27 0.001 10 25000 1.543e+14 113 5 1 1 
-6.59632e+15 0 0 4.97118e+27 0.001 10 25000 1.543e+14 114 5 1 1 
-6.51917e+15 0 0 4.97118e+27 0.001 10 25000 1.543e+14 115 5 1 1 
-6.44202e+15 0 0 4.97118e+27 0.001 10 25000 1.543e+14 116 5 1 1 
-6.36487e+15 0 0 4.97118e+27 0.001 10 25000 1.543e+14 117 5 1 1 
-6.28772e+15 0 0 4.97118e+27 0.001 10 25000 1.543e+14 118 5 1 1 
-6.21057e+15 0 0 4.97118e+27 0.001 10 25000 1.543e+14 119 5 1 1 
-6.13342e+15 0 0 4.97118e+27 0.001 10 25000 1.543e+14 120 5 1 1 
-6.05627e+15 0 0 4.97118e+27 0.001 10 25000 1.543e+14 121 5 1 1 
-5.97912e+15 0 0 4.97118e+27 0.001 10 25000 1.543e+14 122 5 1 1 
-5.90197e+15 0 0 4.97118e+27 0.001 10 25000 1.543e+14 123 5 1 1 
-5.82482e+15 0 0 4.97118e+27 0.001 10 25000 1.543e+14 124 5 1 1 
-5.74767e+15 0 0 4.97118e+27 0.001 10 25000 1.543e+14 125 5 1 1 
-5.67052e+15 0 0 4.97118e+27 0.001 10 25000 1.543e+14 126 5 1 1 
-5.59337e+15 0 0 4.97118e+27 0.001 10 25000 1.543e+14 127 5 1 1 
-5.51622e+15 0 0 4.97118e+27 0.001 10 25000 1.543e+14 128 5 1 1 
-5.43907e+15 0 0 4.97118e+27 0.001 10 25000 1.543e+14 129 5 1 1 
-5.36192e+15 0 0 4.97118e+27 0.001 10 25000 1.543e+14 130 5 1 1 
-5.28477e+15 0 0 4.97118e+27 0.001 10 25000 1.543e+14 131 5 1 1 
-5.20762e+15 0 0 4.97118e+27 0.001 10 25000 1.543e+14 132 5 1 1 
-5.13047e+15 0 0 4.97118e+27 0.001 10 25000 1.543e+14 133 5 1 1 
-5.05332e+15 0 0 4.97118e+27 0.001 10 25000 1.543e+14 134 5 1 1 
-4.97617e+15 0 0 4.97118e+27 0.001 10 25000 1.543e+14 135 5 1 1 
-4.89902e+15 0 0 4.97118e+27 0.001 10 25000 1.543e+14 136 5 1 1 
-4.82187e+15 0 0 4.97118e+27 0.001 10 25000 1.543e+14 137 5 1 1 
-4.74472e+15 0 0 4.97118e+27 0.001 10 25000 1.543e+14 138 5 1 1 
-4.66757e+15 0 0 4.97118e+27 0.001 10 25000 1.543e+14 139 5 1 1 
-4.59042e+15 0 0 4.97118e+27 0.001 10 25000 1.543e+14 140 5 1 1 
-4.51327e+15 0 0 4.97118e+27 0.001 10 25000 1.543e+14 141 5 1 1 
-4.43612e+15 0 0 4.97118e+27 0.001 10 25000 1.543e+14 142 5 1 1 
-4.35897e+15 0 0 4.97118e+27 0.001 10 25000 1.543e+14 143 5 1 1 
-4.28182e+15 0 0 4.97118e+27 0.001 10 25000 1.543e+14 144 5 1 1 
-4.20467e+15 0 0 4.97118e+27 0.001 10 25000 1.543e+14 145 5 1 1 
-4.12752e+15 0 0 4.97118e+27 0.001 10 25000 1.543e+14 146 5 1 1 
-4.05037e+15 0 0 4.97118e+27 0.001 10 25000 1.543e+14 147 5 1 1 
-3.97322e+15 0 0 4.97118e+27 0.001 10 25000 1.543e+14 148 5 1 1 
-3.89607e+15 0 0 4.97118e+27 0.001 10 25000 1.543e+14 149 5 1 1 
-3.81892e+15 0 0 4.97118e+27 0.001 10 25000 1.543e+14 150 5 1 1 
-3.74177e+15 0 0 4.97118e+27 0.001 10 25000 1.543e+14 151 5 1 1 
-3.66462e+15 0 0 4.97118e+27 0.001 10 25000 1.543e+14 152 5 1 1 
-3.58747e+15 0 0 4.97118e+27 0.001 10 25000 1.543e+14 153 5 1 1 
-3.51032e+15 0 0 4.97118e+27 0.001 10 25000 1.543e+14 154 5 1 1 
-3.43317e+15 0 0 4.97118e+27 0.001 10 25000 1.543e+14 155 5 1 1 
-3.35602e+15 0 0 4.97118e+27 0.001 10 25000 1.543e+14 156 5 1 1 
-3.27887e+15 0 0 4.97118e+27 0.001 10 25000 1.543e+14 157 5 1 1 
-3.20172e+15 0 0 4.97118e+27 0.001 10 25000 1.543e+14 158 5 1 1 
-3.12457e+15 0 0 4.97118e+27 0.001 10 25000 1.543e+14 159 5 1 1 
-3.04742e+15 0 0 4.97118e+27 0.001 10 25000 1.543e+14 160 5 1 1 
-2.97027e+15 0 0 4.97118e+27 0.001 10 25000 1.543e+14 161 5 1 1 
-2.89312e+15 0 0 4.97118e+27 0.001 10 25000 1.543e+14 162 5 1 1 
-2.81597e+15 0 0 4.97118e+27 0.001 10 25000 1.543e+14 163 5 1 1 
-2.73882e+15 0 0 4.97118e+27 0.001 10 25000 1.543e+14 164 5 1 1 
-2.66167e+15 0 0 4.97118e+27 0.001 10 25000 1.543e+14 165 5 1 1 
-2.58452e+15 0 0 4.97118e+27 0.001 10 25000 1.543e+14 166 5 1 1 
-2.50737e+15 0 0 4.97118e+27 0.001 10 25000 1.543e+14 167 5 1 1 
-2.43022e+15 0 0 4.97118e+27 0.001 10 25000 1.543e+14 168 5 1 1 
-2.35307e+15 0 0 4.97118e+27 0.001 10 25000 1.543e+14 169 5 1 1 
-2.27592e+15 0 0 4.97118e+27 0.001 10 25000 1.543e+14 170 5 1 1 
-2.19877e+15 0 0 4.97118e+27 0.001 10 25000 1.543e+14 171 5 1 1 
-2.12162e+15 0 0 4.97118e+27 0.001 10 25000 1.543e+14 172 5 1 1 
-2.04447e+15 0 0 4.97118e+27 0.001 10 25000 1.543e+14 173 5 1 1 
-1.96732e+15 -1.12595e-43 -3.63266e-55 4.97118e+27 0.001 10 25000 1.543e+14 174 5 1 1 
-1.89017e+15 -1.03713e-13 -3.63266e-55 4.97118e+27 0.001 10 25000 1.543e+14 175 5 1 1 
-1.81302e+15 -2.2417e-13 -1.84198e-24 4.97118e+27 0.001 10 25000 1.543e+14 176 5 1 1 
-1.73587e+15 -3.61278e-13 1.84198e-24 4.97118e+27 0.001 10 25000 1.543e+14 177 5 1 1 
-1.65872e+15 -4.97381e-13 -1.84198e-24 4.97118e+27 0.001 10 25000 1.543e+14 178 5 1 1 
-1.58157e+15 -6.66828e-13 1.84198e-24 4.97118e+27 0.001 10 25000 1.543e+14 179 5 1 1 
-1.50442e+15 -8.34736e-13 -1.84198e-24 4.97118e+27 0.001 10 25000 1.543e+14 180 5 1 1 
-1.42727e+15 -1.00107e-12 1.84198e-24 4.97118e+27 0.001 10 25000 1.543e+14 181 5 1 1 
-1.35012e+15 -1.23362e-12 -1.84198e-24 4.97118e+27 0.001 10 25000 1.543e+14 182 5 1 1 
-1.27297e+15 -1.44449e-12 -1.0898e-54 4.97118e+27 0.001 10 25000 1.543e+14 183 5 1 1 
-1.19582e+15 -1.78485e-12 -1.84198e-24 4.97118e+27 0.001 10 25000 1.543e+14 184 5 1 1 
-1.11867e+15 -2.32456e-12 -5.52593e-24 4.97118e+27 0.001 10 25000 1.543e+14 185 5 1 1 
-1.04152e+15 -5.35097e-12 -5.52593e-24 4.97118e+27 0.001 10 25000 1.543e+14 186 4 1 1 
-9.64375e+14 1.02331e-12 2.02618e-23 4.97118e+27 0.001 10 25000 1.543e+14 187 3 1 1 
-8.87225e+14 -3.37435e-13 2.30063e-38 4.97118e+27 0.001 10 25000 1.543e+14 188 4 1 1 
-8.10075e+14 -3.62138e-13 -7.36791e-24 4.97118e+27 0.001 10 25000 1.543e+14 189 3 1 1 
-7.32925e+14 -1.48656e-12 -1.28938e-23 4.97118e+27 0.001 10 25000 1.543e+14 190 3 1 1 
-6.55775e+14 -8.99509e-13 2.21037e-23 4.97118e+27 0.001 10 25000 1.543e+14 191 4 1 1 
-5.78625e+14 -3.19888e-13 -1.10519e-23 4.97118e+27 0.001 10 25000 1.543e+14 192 5 1 1 
-5.01475e+14 -1.76607e-12 -3.68395e-24 4.97118e+27 0.001 10 25000 1.543e+14 193 4 1 1 
-4.24325e+14 -6.69567e-13 1.75743e-38 4.97118e+27 0.001 10 25000 1.543e+14 194 3 1 1 
-3.47175e+14 -1.01364e-12 1.28938e-23 4.97118e+27 0.001 10 25000 1.543e+14 195 4 1 1 
-2.70025e+14 -6.20207e-13 0 4.97118e+27 0.001 10 25000 1.543e+14 196 5 1 1 
-1.92875e+14 -6.6576e-13 -9.20989e-24 4.97118e+27 0.001 10 25000 1.543e+14 197 4 1 1 
-1.15725e+14 -3.46843e-14 2.87579e-39 4.97118e+27 0.001 10 25000 1.543e+14 198 3 1 1 
-3.8575e+13 -1.72276e-13 -3.68395e-24 4.97118e+27 0.001 10 25000 1.543e+14 199 3 1 1 
3.8575e+13 1.79854e-13 -1.27813e-39 4.97118e+27 0.001 10 25000 1.543e+14 200 3 1 1 
1.15725e+14 -1.58248e-13 -3.68395e-24 4.97118e+27 0.001 10 25000 1.543e+14 201 4 1 1 
1.92875e+14 -2.81259e-13 3.68395e-24 4.97118e+27 0.001 10 25000 1.543e+14 202 5 1 1 
2.70025e+14 -1.25027e-12 1.84198e-24 4.97118e+27 0.001 10 25000 1.543e+14 203 3 1 1 
3.47175e+14 8.03597e-14 -1.84198e-24 4.97118e+27 0.001 10 25000 1.543e+14 204 3 1 1 
4.24325e+14 -7.26811e-14 3.68395e-24 4.97118e+27 0.001 10 25000 1.543e+14 205 4 1 1 
5.01475e+14 -3.40342e-13 -3.68395e-24 4.97118e+27 0.001 10 25000 1.543e+14 206 4 1 1 
5.78625e+14 -1.02435e-12 6.71017e-39 4.97118e+27 0.001 10 25000 1.543e+14 207 5 1 1 
6.55775e+14 7.38682e-13 -1.91719e-38 4.97118e+27 0.001 10 25000 1.543e+14 208 5 1 1 
7.32925e+14 -2.26523e-13 1.84198e-24 4.97118e+27 0.001 10 25000 1.543e+14 209 4 1 1 
8.10075e+14 2.53013e-12 8.9469e-39 4.97118e+27 0.001 10 25000 1.543e+14 210 3 1 1 
8.87225e+14 1.31887e-12 1.84198e-24 4.97118e+27 0.001 10 25000 1.543e+14 211 3 1 1 
9.64375e+14 4.98095e-12 1.84198e-24 4.97118e+27 0.001 10 25000 1.543e+14 212 4 1 1 
1.04153e+15 3.30974e-12 -1.84198e-24 4.97118e+27 0.001 10 25000 1.543e+14 213 5 1 1 
1.11868e+15 3.05101e-12 -1.84198e-24 4.97118e+27 0.001 10 25000 1.543e+14 214 5 1 1 
1.19583e+15 2.53999e-12 3.68395e-24 4.97118e+27 0.001 10 25000 1.543e+14 215 5 1 1 
1.27298e+15 2.00518e-12 7.26532e-55 4.97118e+27 0.001 10 25000 1.543e+14 216 5 1 1 
1.35013e+15 1.60196e-12 0 4.97118e+27 0.001 10 25000 1.543e+14 217 5 1 1 
1.42728e+15 1.19586e-12 7.26532e-55 4.97118e+27 0.001 10 25000 1.543e+14 218 5 1 1 
1.50443e+15 9.59144e-13 7.26532e-55 4.97118e+27 0.001 10 25000 1.543e+14 219 5 1 1 
1.58158e+15 7.21264e-13 0 4.97118e+27 0.001 10 25000 1.543e+14 220 5 1 1 
1.65873e+15 5.33514e-13 1.84198e-24 4.97118e+27 0.001 10 25000 1.543e+14 221 5 1 1 
1.73588e+15 3.96533e-13 -1.84198e-24 4.97118e+27 0.001 10 25000 1.543e+14 222 5 1 1 
1.81303e+15 2.58977e-13 1.84198e-24 4.97118e+27 0.001 10 25000 1.543e+14 223 5 1 1 
1.89018e+15 1.03734e-13 3.63266e-55 4.97118e+27 0.001 10 25000 1.543e+14 224 5 1 1 
1.96733e+15 1.12604e-43 3.63266e-55 4.97118e+27 0.001 10 25000 1.543e+14 225 5 1 1 
2.04448e+15 0 0 4.97118e+27 0.001 10 25000 1.543e+14 226 5 1 1 
2.12163e+15 0 0 4.97118e+27 0.001 10 25000 1.543e+14 227 5 1 1 
2.19878e+15 0 0 4.97118e+27 0.001 10 25000 1.543e+14 228 5 1 1 
2.27593e+15 0 0 4.97118e+27 0.001 10 25000 1.543e+14 229 5 1 1 
2.35308e+15 0 0 4.97118e+27 0.001 10 25000 1.543e+14 230 5 1 1 
2.43023e+15 0 0 4.97118e+27 0.001 10 25000 1.543e+14 231 5 1 1 
2.50738e+15 0 0 4.97118e+27 0.001 10 25000 1.543e+14 232 5 1 1 
2.58453e+15 0 0 4.97118e+27 0.001 10 25000 1.543e+14 233 5 1 1 
2.66168e+15 0 0 4.97118e+27 0.001 10 25000 1.543e+14 234 5 1 1 
2.73883e+15 0 0 4.97118e+27 0.001 10 25000 1.543e+14 235 5 1 1 
2.81598e+15 0 0 4.97118e+27 0.001 10 25000 1.543e+14 236 5 1 1 
2.89313e+15 -9.36737e-43 -3.63266e-55 4.97118e+27 0.001 10 25000 1.543e+14 237 5 1 1 
2.97028e+15 -1.69188e-13 0 4.97118e+27 0.001 10 25000 1.543e+14 238 5 1 1 
3.04743e+15 -3.37357e-13 3.63266e-55 4.97118e+27 0.001 10 25000 1.543e+14 239 5 1 1 
3.12458e+15 1.58941e-12 0 4.97118e+27 0.001 10 25000 1.543e+14 240 5 1 1 
3.20173e+15 1.42405e-12 2.1796e-54 4.97118e+27 0.001 10 25000 1.543e+14 241 5 1 1 
3.27888e+15 2.96036e-12 -1.84198e-24 4.97118e+27 0.001 10 25000 1.543e+14 242 5 1 1 
3.35603e+15 1.28096e-12 1.81633e-54 4.97118e+27 0.001 10 25000 1.543e+14 243 5 1 1 
3.43318e+15 1.15543e-12 1.84198e-24 4.97118e+27 0.001 10 25000 1.543e+14 244 5 1 1 
3.51033e+15 -1.14565e-12 1.27143e-53 4.97118e+27 0.001 10 25000 1.543e+14 245 5 1 1 
3.58748e+15 3.01733e-12 -1.19878e-53 4.97118e+27 0.001 10 25000 1.543e+14 246 5 1 1 
3.66463e+15 -1.7207e-13 3.68395e-24 4.97118e+27 0.001 10 25000 1.543e+14 247 5 1 1 
3.74178e+15 -2.12496e-14 -3.68395e-24 4.97118e+27 0.001 10 25000 1.543e+14 248 5 1 1 
3.81893e+15 -2.58806e-12 -1.84198e-24 4.97118e+27 0.001 10 25000 1.543e+14 249 4 1 1 
3.89608e+15 2.58806e-12 1.84198e-24 4.97118e+27 0.001 10 25000 1.543e+14 250 4 1 1 
3.97323e+15 2.12496e-14 3.68395e-24 4.97118e+27 0.001 10 25000 1.543e+14 251 5 1 1 
4.05038e+15 1.7207e-13 -3.68395e-24 4.97118e+27 0.001 10 25000 1.543e+14 252 5 1 1 
4.12753e+15 -3.01733e-12 1.19878e-53 4.97118e+27 0.001 10 25000 1.543e+14 253 5 1 1 
4.20468e+15 1.14565e-12 -1.27143e-53 4.97118e+27 0.001 10 25000 1.543e+14 254 5 1 1 
4.28183e+15 -1.15543e-12 -1.84198e-24 4.97118e+27 0.001 10 25000 1.543e+14 255 5 1 1 
4.35898e+15 -1.28096e-12 -1.81633e-54 4.97118e+27 0.001 10 25000 1.543e+14 256 5 1 1 
4.43613e+15 -2.96036e-12 1.84198e-24 4.97118e+27 0.001 10 25000 1.543e+14 257 5 1 1 
4.51328e+15 -1.42405e-12 -2.1796e-54 4.97118e+27 0.001 10 25000 1.543e+14 258 5 1 1 
4.59043e+15 -1.58941e-12 0 4.97118e+27 0.001 10 25000 1.543e+14 259 5 1 1 
4.66758e+15 3.37357e-13 -3.63266e-55 4.97118e+27 0.001 10 25000 1.543e+14 260 5 1 1 
4.74473e+15 1.69188e-13 0 4.97118e+27 0.001 10 25000 1.543e+14 261 5 1 1 
4.82188e+15 9.36737e-43 3.63266e-55 4.97118e+27 0.001 10 25000 1.543e+14 262 5 1 1 
4.89903e+15 0 0 4.97118e+27 0.001 10 25000 1.543e+14 263 5 1 1 
4.97618e+15 0 0 4.97118e+27 0.001 10 25000 1.543e+14 264 5 1 1 
5.05333e+15 0 0 4.97118e+27 0.001 10 25000 1.543e+14 265 5 1 1 
5.13048e+15 0 0 4.97118e+27 0.001 10 25000 1.543e+14 266 5 1 1 
5.20763e+15 0 0 4.97118e+27 0.001 10 25000 1.543e+14 267 5 1 1 
5.28478e+15 0 0 4.97118e+27 0.001 10 25000 1.543e+14 268 5 1 1 
5.36193e+15 0 0 4.97118e+27 0.001 10 25000 1.543e+14 269 5 1 1 
5.43908e+15 0 0 4.97118e+27 0.001 10 25000 1.543e+14 270 5 1 1 
5.51623e+15 0 0 4.97118e+27 0.001 10 25000 1.543e+14 271 5 1 1 
5.59338e+15 0 0 4.97118e+27 0.001 10 25000 1.543e+14 272 5 1 1 
5.67053e+15 0 0 4.97118e+27 0.001 10 25000 1.543e+14 273 5 1 1 
5.74768e+15 0 0 4.97118e+27 0.001 10 25000 1.543e+14 274 5 1 1 
5.82483e+15 0 0 4.97118e+27 0.001 10 25000 1.543e+14 275 5 1 1 
5.90198e+15 0 0 4.97118e+27 0.001 10 25000 1.543e+14 276 5 1 1 
5.97913e+15 0 0 4.97118e+27 0.001 10 25000 1.543e+14 277 5 1 1 
6.05628e+15 0 0 4.97118e+27 0.001 10 25000 1.543e+14 278 5 1 1 
6.13343e+15 0 0 4.97118e+27 0.001 10 25000 1.543e+14 279 5 1 1 
6.21058e+15 -5.40523e-43 -3.63266e-55 4.97118e+27 0.001 10 25000 1.543e+14 280 5 1 1 
6.28773e+15 -6.85718e-14 -3.63266e-55 4.97118e+27 0.001 10 25000 1.543e+14 281 5 1 1 
6.36488e+15 -2.05192e-13 3.63266e-55 4.97118e+27 0.001 10 25000 1.543e+14 282 5 1 1 
6.44203e+15 -3.75697e-13 3.63266e-55 4.97118e+27 0.001 10 25000 1.543e+14 283 5 1 1 
6.51918e+15 -1.12547e-13 1.84198e-24 4.97118e+27 0.001 10 25000 1.543e+14 284 5 1 1 
6.59633e+15 -2.81103e-13 1.84198e-24 4.97118e+27 0.001 10 25000 1.543e+14 285 5 1 1 
6.67348e+15 1.81253e-12 3.63266e-55 4.97118e+27 0.001 10 25000 1.543e+14 286 5 1 1 
6.75063e+15 1.6144e-12 3.68395e-24 4.97118e+27 0.001 10 25000 1.543e+14 287 5 1 1 
6.82778e+15 4.8438e-12 3.68395e-24 4.97118e+27 0.001 10 25000 1.543e+14 288 5 1 1 
6.90493e+15 3.59438e-12 7.26532e-55 4.97118e+27 0.001 10 25000 1.543e+14 289 5 1 1 
6.98208e+15 3.29485e-12 -2.90613e-54 4.97118e+27 0.001 10 25000 1.543e+14 290 5 1 1 
7.05923e+15 1.34786e-12 3.68395e-24 4.97118e+27 0.001 10 25000 1.543e+14 291 5 1 1 
7.13638e+15 1.88234e-12 -5.52593e-24 4.97118e+27 0.001 10 25000 1.543e+14 292 5 1 1 
7.21353e+15 -8.28073e-13 -3.68395e-24 4.97118e+27 0.001 10 25000 1.543e+14 293 5 1 1 
7.29068e+15 3.11795e-12 1.84198e-24 4.97118e+27 0.001 10 25000 1.543e+14 294 5 1 1 
7.36783e+15 -4.81861e-13 3.68395e-24 4.97118e+27 0.001 10 25000 1.543e+14 295 5 1 1 
7.44498e+15 2.36208e-12 1.84198e-24 4.97118e+27 0.001 10 25000 1.543e+14 296 5 1 1 
7.52213e+15 -2.4878e-12 -5.52593e-24 4.97118e+27 0.001 10 25000 1.543e+14 297 5 1 1 
7.59928e+15 6.07516e-12 -1.84198e-23 4.97118e+27 0.001 10 25000 1.543e+14 298 5 1 1 
7.67643e+15 5.69893e-13 -1.10519e-23 4.97118e+27 0.001 10 25000 1.543e+14 299 3 1 1 
7.75358e+15 -5.69893e-13 1.10519e-23 4.97118e+27 0.001 10 25000 1.543e+14 300 3 1 1 
7.83073e+15 -5.86733e-12 6.26272e-23 4.97118e+27 0.001 10 25000 1.543e+14 301 5 1 1 
7.90788e+15 -1.12267e-11 -9.33882e-22 4.97118e+27 0.001 10 25000 1.543e+14 302 4 1 1 
7.98503e+15 -1.29566e-10 -4.2826e-21 4.97118e+27 0.001 10 25000 1.543e+14 303 4 1 1 
8.06218e+15 -5.67054e-10 -1.6342e-20 4.97118e+27 0.001 10 25000 1.543e+14 304 4 1 1 
8.13932e+15 -2.32363e-09 -6.50513e-20 4.97118e+27 0.001 10 25000 1.543e+14 305 4 1 1 
8.21647e+15 -9.07924e-09 -2.3965e-19 4.97118e+27 0.001 10 25000 1.543e+14 306 4 1 1 
8.29362e+15 -3.32595e-08 -8.34613e-19 4.97118e+27 0.001 10 25000 1.543e+14 307 4 1 1 
8.37077e+15 -1.15375e-07 -2.7551e-18 4.97118e+27 0.001 10 25000 1.543e+14 308 4 1 1 
8.44792e+15 -3.80626e-07 -8.66115e-18 4.97118e+27 0.001 10 25000 1.543e+14 309 4 1 1 
8.52507e+15 -1.19757e-06 -2.60093e-17 4.97118e+27 0.001 10 25000 1.543e+14 310 4 1 1 
8.60222e+15 -3.60528e-06 -7.47774e-17 4.97118e+27 0.001 10 25000 1.543e+14 311 4 1 1 
8.67937e+15 -1.04066e-05 -2.06209e-16 4.97118e+27 0.001 10 25000 1.543e+14 312 4 1 1 
8.75652e+15 -2.88538e-05 -5.46269e-16 4.97118e+27 0.001 10 25000 1.543e+14 313 4 1 1 
8.83367e+15 -7.69586e-05 -1.39187e-15 4.97118e+27 0.001 10 25000 1.543e+14 314 4 1 1 
8.91082e+15 -0.000197698 -3.4144e-15 4.97118e+27 0.001 10 25000 1.543e+14 315 4 1 1 
8.98797e+15 -0.00048964 -8.07072e-15 4.97118e+27 0.001 10 25000 1.543e+14 316 4 1 1 
9.06512e+15 -0.00117018 -1.8394e-14 4.97118e+27 0.001 10 25000 1.543e+14 317 4 1 1 
9.14227e+15 -0.00270047 -4.04424e-14 4.97118e+27 0.001 10 25000 1.543e+14 318 4 1 1 
9.21942e+15 -0.00602141 -8.58167e-14 4.97118e+27 0.001 10.0001 25000 1.54299e+14 319 4 1 1 
9.29657e+15 -0.0129792 -1.75797e-13 4.97118e+27 0.00100001 10.0001 25000.1 1.54298e+14 320 4 1 1 
9.37372e+15 -0.0270562 -3.47732e-13 4.97118e+27 0.00100002 10.0003 25000.2 1.54297e+14 321 4 1 1 
9.45087e+15 -0.0545637 -6.64221e-13 4.97118e+27 0.00100004 10.0006 25000.4 1.54294e+14 322 4 1 1 
9.52802e+15 -0.10648 -1.22519e-12 4.97118e+27 0.00100008 10.0011 25000.8 1.54287e+14 323 4 1 1 
9.60516e+15 -0.201114 -2.18194e-12 4.97118e+27 0.00100015 10.0021 25001.5 1.54276e+14 324 4 1 1 
9.68229e+15 -0.367662 -3.75027e-12 4.97118e+27 0.00100028 10.0039 25002.8 1.54256e+14 325 4 1 1 
9.75941e+15 -0.65053 -6.21696e-12 4.97118e+27 0.0010005 10.007 25005 1.54223e+14 326 4 1 1 
9.83652e+15 -1.11377 -9.92947e-12 4.97118e+27 0.00100086 10.012 25008.6 1.54167e+14 327 4 1 0.999999 
9.91358e+15 -1.84432 -1.52549e-11 4.97118e+27 0.00100143 10.0199 25014.2 1.5408e+14 328 4 1 0.999997 
9.9906e+15 -2.95162 -2.24915e-11 4.97118e+27 0.0010023 10.0321 25022.9 1.53947e+14 329 4 1 0.999995 
1.00675e+16 -4.56043 -3.17222e-11 4.97118e+27 0.00100356 10.0498 25035.5 1.53752e+14 330 4 1 0.99999 
1.01443e+16 -6.79298 -4.26222e-11 4.97118e+27 0.00100533 10.0745 25053.1 1.53482e+14 331 4 1 0.999982 
1.0221e+16 -9.73879 -5.42755e-11 4.97118e+27 0.00100768 10.1076 25076.6 1.53124e+14 332 4 1 0.999973 
1.02975e+16 -13.4151 -6.5112e-11 4.97118e+27 0.00101065 10.1493 25106.2 1.52674e+14 333 4 1 0.999962 
1.03737e+16 -17.7285 -7.30974e-11 4.97118e+27 0.00101418 10.199 25141.3 1.52143e+14 334 4 1 0.999955 
1.04496e+16 -22.4553 -7.61717e-11 4.97118e+27 0.00101811 10.2545 25180.4 1.51556e+14 335 4 1 0.999953 
1.05252e+16 -27.2552 -7.29716e-11 4.97118e+27 0.00102218 10.3121 25220.8 1.50952e+14 336 4 1 0.999959 
1.06006e+16 -31.7175 -6.27759e-11 4.97118e+27 0.00102605 10.367 25259.2 1.50382e+14 337 4 1 0.999973 
1.06756e+16 -35.3975 -4.5882e-11 4.97118e+27 0.0010293 10.4132 25291.4 1.49908e+14 338 4 1 1 
1.07505e+16 -37.4134 -2.04481e-12 4.97118e+27 0.00103049 10.4314 25304.1 1.49734e+14 339 3 1 1 
1.08254e+16 -31.295 2.50875e-10 4.97118e+27 0.00102369 10.337 25238.8 1.50729e+14 340 4 1 0.999992 
1.09012e+16 -7.08781 4.46589e-10 4.97118e+27 0.0010061 10.0866 25062.8 1.53365e+14 341 4 1 0.999321 
1.09787e+16 16.2626 2.48688e-10 4.97118e+27 0.000988148 9.83247 24880.2 1.56151e+14 342 4 1 0.99897 
1.10574e+16 27.3027 1.20872e-10 4.97118e+27 0.000977126 9.68076 24769.7 1.57912e+14 343 4 1 0.999584 
1.11367e+16 38.1353 2.05934e-10 4.97118e+27 0.000967249 9.54576 24670.8 1.59525e+14 344 4 1 0.999741 
1.12169e+16 54.9119 2.69829e-10 4.97118e+27 0.000954118 9.36439 24536.1 1.6172e+14 345 4 1 0.999514 
1.12984e+16 73.3723 2.5838e-10 4.97118e+27 0.000939541 9.16411 24384.9 1.64229e+14 346 4 1 0.999328 
1.13811e+16 91.0994 2.45202e-10 4.97118e+27 0.000925281 8.97002 24236.2 1.6676e+14 347 4 1 0.999332 
1.14652e+16 108.876 2.48027e-10 4.97118e+27 0.00091116 8.77908 24087.7 1.69345e+14 348 4 1 0.999335 
1.15505e+16 127.275 2.51372e-10 4.97118e+27 0.000896829 8.58638 23935.5 1.72051e+14 349 4 1 0.999296 
1.16372e+16 146.154 2.51183e-10 4.97118e+27 0.000882328 8.39263 23779.9 1.74878e+14 350 4 1 0.999254 
1.17254e+16 165.384 2.51539e-10 4.97118e+27 0.000867719 8.19873 23621.6 1.77823e+14 351 4 1 0.999219 
1.18151e+16 184.988 2.5092e-10 4.97118e+27 0.000853015 8.00491 23460.7 1.80888e+14 352 4 1 0.999182 
1.19063e+16 205.012 2.50988e-10 4.97118e+27 0.000838224 7.81128 23297.2 1.8408e+14 353 4 1 0.999145 
1.19992e+16 225.414 2.5065e-10 4.97118e+27 0.00082334 7.61778 23130.9 1.87407e+14 354 4 1 0.999104 
1.20937e+16 246.266 2.49698e-10 4.97118e+27 0.000808382 7.42475 22961.9 1.90875e+14 355 4 1 0.999063 
1.219e+16 267.528 2.49703e-10 4.97118e+27 0.000793342 7.23209 22790.1 1.94494e+14 356 4 1 0.99902 
1.22882e+16 289.2 2.48746e-10 4.97118e+27 0.00077822 7.03984 22615.3 1.98273e+14 357 4 1 0.998972 
1.23883e+16 311.316 2.47582e-10 4.97118e+27 0.000763042 6.84838 22437.9 2.02217e+14 358 4 1 0.998925 
1.24905e+16 333.883 2.46566e-10 4.97118e+27 0.000747811 6.65779 22257.7 2.06336e+14 359 4 1 0.998875 
1.25947e+16 356.862 2.44732e-10 4.97118e+27 0.000732545 6.46829 22074.9 2.10636e+14 360 4 1 0.998824 
1.27011e+16 380.29 2.43307e-10 4.97118e+27 0.000717257 6.28011 21889.5 2.15125e+14 361 4 1 0.998773 
1.28099e+16 404.057 2.40546e-10 4.97118e+27 0.000701979 6.09365 21701.8 2.19807e+14 362 4 1 0.998722 
1.2921e+16 428.175 2.36625e-10 4.97118e+27 0.000686789 5.90985 21512.8 2.24669e+14 363 4 1 0.99868 
1.30345e+16 452.431 2.30998e-10 4.97118e+27 0.000671785 5.72989 21323.6 2.29686e+14 364 4 1 0.998652 
1.31507e+16 476.56 2.2209e-10 4.97118e+27 0.000657133 5.5557 21136.3 2.34808e+14 365 4 1 0.998649 
1.32694e+16 500.191 2.09966e-10 4.97118e+27 0.000643051 5.38974 20954 2.3995e+14 366 4 1 0.998687 
1.33907e+16 522.743 1.92115e-10 4.97118e+27 0.000629827 5.2352 20780.6 2.44988e+14 367 4 1 0.998776 
1.35144e+16 543.704 1.7157e-10 4.97118e+27 0.000617717 5.09483 20619.9 2.49791e+14 368 4 1 0.998918 
1.36405e+16 562.796 1.5402e-10 4.97118e+27 0.000606705 4.96819 20472.2 2.54324e+14 369 4 1 0.999069 
1.37687e+16 580.888 1.49079e-10 4.97118e+27 0.000596313 4.84953 20331.3 2.58757e+14 370 4 1 0.999157 
1.38993e+16 599.782 1.61259e-10 4.97118e+27 0.000585669 4.72884 20185.5 2.63459e+14 371 4 1 0.999116 
1.40322e+16 620.949 1.75321e-10 4.97118e+27 0.000574256 4.60033 20027.3 2.68695e+14 372 4 1 0.998951 
1.4168e+16 643.18 1.68592e-10 4.97118e+27 0.000562686 4.47102 19864.9 2.7422e+14 373 4 1 0.998837 
1.43065e+16 662.929 1.2857e-10 4.97118e+27 0.000552633 4.35952 19722.1 2.79209e+14 374 4 1 0.999018 
1.44472e+16 676.052 6.35034e-11 4.97118e+27 0.000545951 4.28588 19626.4 2.82626e+14 375 4 1 0.999501 
1.45891e+16 680.251 2.35961e-13 4.97118e+27 0.000543344 4.25737 19589.1 2.83982e+14 376 4 1 0.999911 
1.47312e+16 679.651 -2.16139e-12 4.97118e+27 0.000543107 4.2549 19585.9 2.84106e+14 377 5 1 0.999999 
1.48732e+16 679.344 -5.04303e-12 4.97118e+27 0.000543304 4.2571 19589 2.84003e+14 378 4 1 0.999999 
1.50152e+16 678.629 -5.84331e-12 4.97118e+27 0.000543615 4.26055 19593.6 2.83841e+14 379 4 1 0.999998 
1.51571e+16 677.836 -5.7842e-12 4.97118e+27 0.000544005 4.26487 19599.4 2.83637e+14 380 4 1 0.999998 
1.52988e+16 677.072 -5.08113e-12 4.97118e+27 0.000544396 4.2692 19605.2 2.83433e+14 381 4 1 0.999999 
1.54405e+16 676.415 -4.19053e-12 4.97118e+27 0.000544745 4.27308 19610.5 2.83252e+14 382 4 1 0.999999 
1.55821e+16 675.879 -3.29529e-12 4.97118e+27 0.000545034 4.2763 19614.8 2.83102e+14 383 4 1 1 
1.57236e+16 675.455 -2.55552e-12 4.97118e+27 0.000545262 4.27887 19618.4 2.82983e+14 384 4 1 1 
1.58651e+16 675.126 -2.00597e-12 4.97118e+27 0.00054544 4.28088 19621.2 2.82891e+14 385 4 1 1 
1.60065e+16 674.869 -1.59608e-12 4.97118e+27 0.000545577 4.28245 19623.5 2.8282e+14 386 4 1 1 
1.61479e+16 674.663 -1.29699e-12 4.97118e+27 0.000545683 4.2837 19625.4 2.82765e+14 387 4 1 1 
1.62893e+16 674.491 -1.09426e-12 4.97118e+27 0.000545767 4.28471 19627 2.82722e+14 388 4 1 1 
1.64306e+16 674.345 -9.54728e-13 4.97118e+27 0.000545834 4.28557 19628.5 2.82687e+14 389 4 1 1 
1.65719e+16 674.217 -8.47214e-13 4.97118e+27 0.00054589 4.28631 19629.9 2.82658e+14 390 4 1 1 
1.67133e+16 674.102 -7.58144e-13 4.97118e+27 0.000545935 4.28697 19631.3 2.82634e+14 391 4 1 1 
1.68546e+16 673.999 -6.79966e-13 4.97118e+27 0.000545972 4.28755 19632.6 2.82615e+14 392 4 1 1 
1.69959e+16 673.906 -6.06818e-13 4.97118e+27 0.000545998 4.28805 19634 2.82602e+14 393 4 1 1 
1.71372e+16 673.823 -5.38068e-13 4.97118e+27 0.000546003 4.2884 19635.4 2.82599e+14 394 3 1 1 
1.72785e+16 673.748 -4.75545e-13 4.97118e+27 0.000545933 4.28818 19636.9 2.82636e+14 395 4 1 1 
1.74198e+16 673.68 -4.19866e-13 4.97118e+27 0.00054554 4.28593 19640.8 2.82839e+14 396 4 1 0.999999 
1.75613e+16 673.62 -3.71075e-13 4.97118e+27 0.000543937 4.26867 19619.3 2.83673e+14 397 4 1 0.999988 
1.77035e+16 673.566 -3.28718e-13 4.97118e+27 0.00053083 4.1142 19376.3 2.90677e+14 398 4 1 0.999671 
1.78521e+16 673.515 -2.90321e-13 4.97118e+27 0.000506761 4.40113 21712.1 3.04483e+14 399 4 1 0.994713 
1.80082e+16 673.466 -2.54572e-13 4.97118e+27 0.000481235 4.15495 21584.8 3.20633e+14 400 4 1 0.993704 
1.81731e+16 673.419 -2.19968e-13 4.97118e+27 0.000458758 4.49954 24520.3 3.36343e+14 401 4 1 0.993699 
1.83447e+16 673.374 -1.85807e-13 4.97118e+27 0.000450149 4.30501 23908.8 3.42776e+14 402 5 1 0.99866 
1.85158e+16 673.332 -1.53838e-13 4.97118e+27 0.00045175 4.28834 23731.8 3.41561e+14 403 4 1 0.999967 
1.86863e+16 673.293 -1.25061e-13 4.97118e+27 0.000453375 4.28795 23644.6 3.40336e+14 404 4 1 0.999986 
1.88562e+16 673.255 -9.77856e-14 4.97118e+27 0.000454465 4.28933 23595.5 3.3952e+14 405 4 1 0.999994 
1.90258e+16 673.218 -6.52755e-14 4.97118e+27 0.000455164 4.29017 23563.9 3.38999e+14 406 4 1 0.999997 
1.91952e+16 673.179 -1.44426e-14 4.97118e+27 0.000455633 4.29057 23541.8 3.3865e+14 407 4 1 0.999999 
1.93644e+16 673.128 1.00221e-13 4.97118e+27 0.000455957 4.29066 23525.6 3.38409e+14 408 4 1 1 
1.95336e+16 673.042 4.17083e-13 4.97118e+27 0.000456165 4.2903 23512.9 3.38255e+14 409 4 1 1 
1.97027e+16 672.836 1.36626e-12 4.97118e+27 0.000456229 4.28877 23501.2 3.38207e+14 410 3 1 1 
1.98718e+16 672.253 4.37591e-12 4.97118e+27 0.000455989 4.28378 23486.2 3.38386e+14 411 4 1 1 
2.00411e+16 670.546 1.29729e-11 4.97118e+27 0.000454962 4.26885 23457.1 3.39149e+14 412 4 1 0.999992 
2.0211e+16 665.704 3.56283e-11 4.97118e+27 0.000451978 4.22857 23388.9 3.41389e+14 413 4 1 0.999922 
2.03825e+16 653.483 8.8439e-11 4.97118e+27 0.000444562 4.13065 23228 3.47083e+14 414 4 1 0.999493 
2.05581e+16 624.546 1.93702e-10 4.97118e+27 0.000428999 3.92764 22887.1 3.59674e+14 415 4 1 0.997604 
2.07424e+16 567.48 3.81806e-10 4.97118e+27 0.000400489 3.56095 22226.5 3.85279e+14 416 4 1 0.991952 
2.09443e+16 446.693 8.02416e-10 4.97118e+27 0.000355199 2.99296 21064 4.34404e+14 417 4 1 0.979563 
2.11801e+16 249.451 9.92578e-10 4.97118e+27 0.000304275 2.38642 19609.1 5.07106e+14 418 4 1 0.961764 
2.14562e+16 80.2767 5.7335e-10 4.97118e+27 0.00026844 1.98716 18509.4 5.74802e+14 419 4 1 0.966858 
2.1757e+16 11.5555 1.40661e-10 4.97118e+27 0.000253614 1.83154 18055.7 6.08405e+14 420 4 1 0.990599 
2.20648e+16 -0.0223577 1.00004e-11 4.97118e+27 0.000250271 1.79769 17957.7 6.16531e+14 421 4 1 0.999357 
2.23735e+16 -0.168835 -2.089e-12 4.97118e+27 0.000249973 1.79472 17949.2 6.17268e+14 422 5 1 0.999994 
2.26821e+16 0.0054395 -9.10279e-14 4.97118e+27 0.000249997 1.79497 17949.9 6.17208e+14 423 4 1 1 
2.29907e+16 0.00388949 2.10968e-14 4.97118e+27 0.000250001 1.79501 17950 6.17198e+14 424 3 1 1 
2.32993e+16 0.000962765 6.91643e-15 4.97118e+27 0.00025 1.795 17950 6.17199e+14 425 4 1 1 
2.36079e+16 0.000205241 1.57479e-15 4.97118e+27 0.00025 1.795 17950 6.172e+14 426 4 1 1 
2.39165e+16 4.0916e-05 3.29542e-16 4.97118e+27 0.00025 1.795 17950 6.172e+14 427 4 1 1 
2.42251e+16 7.69735e-06 6.51309e-17 4.97118e+27 0.00025 1.795 17950 6.172e+14 428 4 1 1 
2.45337e+16 1.36505e-06 1.21513e-17 4.97118e+27 0.00025 1.795 17950 6.172e+14 429 4 1 1 
2.48423e+16 2.27611e-07 2.13394e-18 4.97118e+27 0.00025 1.795 17950 6.172e+14 430 4 1 1 
2.51509e+16 3.55787e-08 3.51833e-19 4.97118e+27 0.00025 1.795 17950 6.172e+14 431 4 1 1 
2.54595e+16 5.20717e-09 5.42909e-20 4.97118e+27 0.00025 1.795 17950 6.172e+14 432 4 1 1 
2.57681e+16 7.11066e-10 7.70729e-21 4.97118e+27 0.00025 1.795 17950 6.172e+14 433 4 1 1 
2.60767e+16 8.7789e-11 1.19682e-21 4.97118e+27 0.00025 1.795 17950 6.172e+14 434 4 1 1 
2.63853e+16 4.37976e-12 5.89433e-23 4.97118e+27 0.00025 1.795 17950 6.172e+14 435 5 1 1 
2.66939e+16 5.75676e-13 8.74939e-24 4.97118e+27 0.00025 1.795 17950 6.172e+14 436 5 1 1 
2.70025e+16 1.29868e-14 4.60494e-25 4.97118e+27 0.00025 1.795 17950 6.172e+14 437 5 1 1 
2.73111e+16 7.68342e-45 9.08165e-56 4.97118e+27 0.00025 1.795 17950 6.172e+14 438 5 1 1 
2.76197e+16 -6.73133e-44 -9.08165e-56 4.97118e+27 0.00025 1.795 17950 6.172e+14 439 5 1 1 
2.79283e+16 -1.16821e-13 -4.60494e-25 4.97118e+27 0.00025 1.795 17950 6.172e+14 440 5 1 1 
2.82369e+16 -4.61931e-13 -4.60494e-25 4.97118e+27 0.00025 1.795 17950 6.172e+14 441 5 1 1 
2.85455e+16 -1.02985e-12 -4.60494e-25 4.97118e+27 0.00025 1.795 17950 6.172e+14 442 5 1 1 
2.88541e+16 -1.93522e-12 -9.20989e-25 4.97118e+27 0.00025 1.795 17950 6.172e+14 443 5 1 1 
2.91627e+16 -3.22029e-12 -4.60494e-25 4.97118e+27 0.00025 1.795 17950 6.172e+14 444 5 1 1 
2.94713e+16 -4.93923e-12 4.60494e-25 4.97118e+27 0.00025 1.795 17950 6.172e+14 445 5 1 1 
2.97799e+16 -5.05584e-13 1.01309e-23 4.97118e+27 0.00025 1.795 17950 6.172e+14 446 5 1 1 
3.00885e+16 -6.39315e-12 1.01309e-23 4.97118e+27 0.00025 1.795 17950 6.172e+14 447 5 1 1 
3.03971e+16 4.92307e-12 -1.05914e-23 4.97118e+27 0.00025 1.795 17950 6.172e+14 448 5 1 1 
3.07057e+16 -4.15903e-12 -8.74939e-24 4.97118e+27 0.00025 1.795 17950 6.172e+14 449 3 1 1 
3.10143e+16 4.15903e-12 8.74939e-24 4.97118e+27 0.00025 1.795 17950 6.172e+14 450 3 1 1 
3.13229e+16 -4.92307e-12 1.05914e-23 4.97118e+27 0.00025 1.795 17950 6.172e+14 451 5 1 1 
3.16315e+16 6.39315e-12 -1.01309e-23 4.97118e+27 0.00025 1.795 17950 6.172e+14 452 5 1 1 
3.19401e+16 5.05584e-13 -1.01309e-23 4.97118e+27 0.00025 1.795 17950 6.172e+14 453 5 1 1 
3.22487e+16 4.93923e-12 -4.60494e-25 4.97118e+27 0.00025 1.795 17950 6.172e+14 454 5 1 1 
3.25573e+16 3.22029e-12 4.60494e-25 4.97118e+27 0.00025 1.795 17950 6.172e+14 455 5 1 1 
3.28659e+16 1.93522e-12 9.20989e-25 4.97118e+27 0.00025 1.795 17950 6.172e+14 456 5 1 1 
3.31745e+16 1.02985e-12 4.60494e-25 4.97118e+27 0.00025 1.795 17950 6.172e+14 457 5 1 1 
3.34831e+16 4.61931e-13 4.60494e-25 4.97118e+27 0.00025 1.795 17950 6.172e+14 458 5 1 1 
3.37917e+16 1.16821e-13 4.60494e-25 4.97118e+27 0.00025 1.795 17950 6.172e+14 459 5 1 1 
3.41003e+16 6.73133e-44 9.08165e-56 4.97118e+27 0.00025 1.795 17950 6.172e+14 460 5 1 1 
3.44089e+16 -8.53636e-45 0 4.97118e+27 0.00025 1.795 17950 6.172e+14 461 5 1 1 
3.47175e+16 -1.29868e-14 -4.60494e-25 4.97118e+27 0.00025 1.795 17950 6.172e+14 462 5 1 1 
3.50261e+16 -5.71331e-13 -8.2889e-24 4.97118e+27 0.00025 1.795 17950 6.172e+14 463 5 1 1 
3.53347e+16 -4.48345e-12 -5.43383e-23 4.97118e+27 0.00025 1.795 17950 6.172e+14 464 5 1 1 
3.56433e+16 -7.43291e-11 -1.1167e-21 4.97118e+27 0.00025 1.795 17950 6.172e+14 465 4 1 1 
3.59519e+16 -7.34431e-10 -7.89794e-21 4.97118e+27 0.00025 1.795 17950 6.172e+14 466 4 1 1 
3.62605e+16 -5.17632e-09 -5.41353e-20 4.97118e+27 0.00025 1.795 17950 6.172e+14 467 4 1 1 
3.65691e+16 -3.55954e-08 -3.51786e-19 4.97118e+27 0.00025 1.795 17950 6.172e+14 468 4 1 1 
3.68777e+16 -2.27614e-07 -2.13418e-18 4.97118e+27 0.00025 1.795 17950 6.172e+14 469 4 1 1 
3.71863e+16 -1.36504e-06 -1.2151e-17 4.97118e+27 0.00025 1.795 17950 6.172e+14 470 4 1 1 
3.74949e+16 -7.69737e-06 -6.51312e-17 4.97118e+27 0.00025 1.795 17950 6.172e+14 471 4 1 1 
3.78035e+16 -4.0916e-05 -3.29541e-16 4.97118e+27 0.00025 1.795 17950 6.172e+14 472 4 1 1 
3.81121e+16 -0.000205241 -1.57479e-15 4.97118e+27 0.00025 1.795 17950 6.172e+14 473 4 1 1 
3.84207e+16 -0.000962765 -6.91643e-15 4.97118e+27 0.00025 1.795 17950 6.17199e+14 474 4 1 1 
3.87293e+16 -0.00388949 -2.10968e-14 4.97118e+27 0.000250001 1.79501 17950 6.17198e+14 475 3 1 1 
3.90379e+16 -0.0054395 9.10279e-14 4.97118e+27 0.000249997 1.79497 17949.9 6.17208e+14 476 4 1 1 
3.93465e+16 0.168835 2.089e-12 4.97118e+27 0.000249973 1.79472 17949.2 6.17268e+14 477 5 1 0.999994 
3.96552e+16 0.0223577 -1.00004e-11 4.97118e+27 0.000250271 1.79769 17957.7 6.16531e+14 478 4 1 0.999357 
3.9963e+16 -11.5555 -1.40661e-10 4.97118e+27 0.000253614 1.83154 18055.7 6.08405e+14 479 4 1 0.990599 
4.02638e+16 -80.2767 -5.7335e-10 4.97118e+27 0.00026844 1.98716 18509.4 5.74802e+14 480 4 1 0.966858 
4.05399e+16 -249.451 -9.92578e-10 4.97118e+27 0.000304275 2.38642 19609.1 5.07106e+14 481 4 1 0.961764 
4.07757e+16 -446.693 -8.02416e-10 4.97118e+27 0.000355199 2.99296 21064 4.34404e+14 482 4 1 0.979563 
4.09776e+16 -567.48 -3.81806e-10 4.97118e+27 0.000400489 3.56095 22226.5 3.85279e+14 483 4 1 0.991952 
4.11619e+16 -624.546 -1.93702e-10 4.97118e+27 0.000428999 3.92764 22887.1 3.59674e+14 484 4 1 0.997604 
4.13375e+16 -653.483 -8.8439e-11 4.97118e+27 0.000444562 4.13065 23228 3.47083e+14 485 4 1 0.999493 
4.1509e+16 -665.704 -3.56283e-11 4.97118e+27 0.000451978 4.22857 23388.9 3.41389e+14 486 4 1 0.999922 
4.16789e+16 -670.546 -1.29729e-11 4.97118e+27 0.000454962 4.26885 23457.1 3.39149e+14 487 4 1 0.999992 
4.18482e+16 -672.253 -4.37591e-12 4.97118e+27 0.000455989 4.28378 23486.2 3.38386e+14 488 4 1 1 
4.20173e+16 -672.836 -1.36626e-12 4.97118e+27 0.000456229 4.28877 23501.2 3.38207e+14 489 3 1 1 
4.21864e+16 -673.042 -4.17083e-13 4.97118e+27 0.000456165 4.2903 23512.9 3.38255e+14 490 4 1 1 
4.23556e+16 -673.128 -1.00221e-13 4.97118e+27 0.000455957 4.29066 23525.6 3.38409e+14 491 4 1 1 
4.25248e+16 -673.179 1.44426e-14 4.97118e+27 0.000455633 4.29057 23541.8 3.3865e+14 492 4 1 0.999999 
4.26942e+16 -673.218 6.52755e-14 4.97118e+27 0.000455164 4.29017 23563.9 3.38999e+14 493 4 1 0.999997 
4.28638e+16 -673.255 9.77856e-14 4.97118e+27 0.000454465 4.28933 23595.5 3.3952e+14 494 4 1 0.999994 
4.30337e+16 -673.293 1.25061e-13 4.97118e+27 0.000453375 4.28795 23644.6 3.40336e+14 495 4 1 0.999986 
4.32042e+16 -673.332 1.53838e-13 4.97118e+27 0.00045175 4.28834 23731.8 3.41561e+14 496 4 1 0.999967 
4.33753e+16 -673.374 1.85807e-13 4.97118e+27 0.000450149 4.30501 23908.8 3.42776e+14 497 5 1 0.99866 
4.35469e+16 -673.419 2.19968e-13 4.97118e+27 0.000458758 4.49954 24520.3 3.36343e+14 498 4 1 0.993699 
4.37118e+16 -673.466 2.54572e-13 4.97118e+27 0.000481235 4.15495 21584.8 3.20633e+14 499 4 1 0.993704 
