# Time [s]: 0.11923
# Columns: pos [m], vel [m/s], acc [m/s^2], mass [kg], dens [kg/m^3], pres [Pa], ene [J/kg], sml [m], id, neighbor, alpha, gradh, ...additional?
1.42192 -0.67352 0.00910541 0.0025 0.506758 0.440109 2.1712 0.00986665 0 4 1 0.994713 
1.42674 -0.673572 0.0103109 0.0025 0.530826 0.411416 1.93762 0.00941928 1 4 1 0.999671 
1.43135 -0.673627 0.0116396 0.0025 0.543932 0.426863 1.96193 0.00919232 2 4 1 0.999988 
1.43593 -0.673688 0.0131693 0.0025 0.545535 0.428588 1.96407 0.00916531 3 4 1 0.999999 
1.44051 -0.673757 0.0149119 0.0025 0.545927 0.428812 1.96369 0.00915873 4 4 1 1 
1.44509 -0.673833 0.0168643 0.0025 0.545998 0.428834 1.96353 0.00915755 5 3 1 1 
1.44967 -0.673918 0.0190113 0.0025 0.545991 0.428798 1.96339 0.00915765 6 4 1 1 
1.45425 -0.674012 0.0212972 0.0025 0.545965 0.428747 1.96325 0.0091581 7 4 1 1 
1.45883 -0.674117 0.0237362 0.0025 0.545927 0.428688 1.96312 0.00915873 8 4 1 1 
1.46341 -0.674233 0.0265325 0.0025 0.545881 0.428622 1.96298 0.00915951 9 4 1 1 
1.46799 -0.674363 0.0299643 0.0025 0.545824 0.428546 1.96284 0.00916046 10 4 1 1 
1.47257 -0.674512 0.0344464 0.0025 0.545755 0.428459 1.96269 0.00916162 11 4 1 1 
1.47715 -0.674687 0.0409471 0.0025 0.545669 0.428355 1.96252 0.00916307 12 4 1 1 
1.48173 -0.6749 0.0506158 0.0025 0.545559 0.428226 1.96233 0.0091649 13 4 1 1 
1.48631 -0.675165 0.0639258 0.0025 0.545418 0.428064 1.96209 0.00916728 14 4 1 1 
1.4909 -0.675504 0.0815428 0.0025 0.545235 0.427856 1.9618 0.00917036 15 4 1 1 
1.49548 -0.675942 0.104982 0.0025 0.544999 0.427591 1.96143 0.00917433 16 4 1 0.999999 
-0.499928 -0.676495 0.133287 0.0025 0.544701 0.42726 1.96098 0.00917934 17 4 1 0.999999 
-0.495337 -0.677169 0.160788 0.0025 0.544344 0.426863 1.96045 0.00918537 18 4 1 0.999999 
-0.490743 -0.677946 0.180713 0.0025 0.543949 0.426425 1.95986 0.00919204 19 4 1 0.999998 
-0.486145 -0.678739 0.180283 0.0025 0.543561 0.425995 1.95928 0.0091986 20 4 1 0.999998 
-0.481544 -0.679435 0.1422 0.0025 0.543269 0.425672 1.95885 0.00920355 21 4 1 0.999999 
-0.476941 -0.679704 0.105772 0.0025 0.543076 0.425455 1.95855 0.00920682 22 5 1 0.999997 
-0.472337 -0.680191 -0.18921 0.0025 0.543496 0.425902 1.95913 0.0091997 23 4 1 0.999874 
-0.467742 -0.674761 -2.27645 0.0025 0.546628 0.429332 1.96361 0.00914699 24 4 1 0.999422 
-0.46319 -0.660436 -4.21737 0.0025 0.553901 0.437354 1.97402 0.00902689 25 4 1 0.998962 
-0.458714 -0.639976 -5.31498 0.0025 0.564329 0.448933 1.98881 0.00886007 26 4 1 0.998833 
-0.454329 -0.617658 -5.38918 0.0025 0.576002 0.461992 2.00517 0.00868053 27 4 1 0.998974 
-0.450033 -0.596771 -4.90688 0.0025 0.587336 0.474769 2.02085 0.00851301 28 4 1 0.999127 
-0.445815 -0.578084 -4.60157 0.0025 0.597916 0.486779 2.03532 0.00836238 29 4 1 0.999145 
-0.441669 -0.559875 -4.83709 0.0025 0.608389 0.498749 2.04949 0.00821843 30 4 1 0.999039 
-0.437596 -0.540438 -5.42362 0.0025 0.619604 0.511663 2.06451 0.00806968 31 4 1 0.998884 
-0.433599 -0.519093 -6.05106 0.0025 0.631957 0.526 2.08087 0.00791193 32 4 1 0.998746 
-0.429683 -0.49621 -6.58634 0.0025 0.645403 0.541735 2.09846 0.0077471 33 4 1 0.998665 
-0.425851 -0.472357 -6.93976 0.0025 0.659667 0.558572 2.11689 0.00757958 34 4 1 0.998635 
-0.422103 -0.448066 -7.20126 0.0025 0.674465 0.576192 2.13576 0.00741328 35 4 1 0.998643 
-0.418437 -0.423707 -7.3645 0.0025 0.689586 0.594358 2.15478 0.00725072 36 4 1 0.998675 
-0.414851 -0.399519 -7.47372 0.0025 0.70487 0.612881 2.17375 0.0070935 37 4 1 0.998719 
-0.411342 -0.375699 -7.56201 0.0025 0.72023 0.631659 2.19257 0.00694222 38 4 1 0.998772 
-0.407908 -0.352246 -7.59818 0.0025 0.735594 0.650602 2.21116 0.00679723 39 4 1 0.998823 
-0.404544 -0.329232 -7.65693 0.0025 0.750929 0.669669 2.22948 0.00665842 40 4 1 0.998875 
-0.401249 -0.306647 -7.68446 0.0025 0.766226 0.688843 2.24753 0.00652549 41 4 1 0.998925 
-0.398018 -0.284509 -7.71926 0.0025 0.781466 0.708099 2.2653 0.00639823 42 4 1 0.998972 
-0.39485 -0.26282 -7.75032 0.0025 0.796649 0.727433 2.2828 0.00627629 43 4 1 0.99902 
-0.391741 -0.241557 -7.75045 0.0025 0.81175 0.746809 2.30001 0.00615954 44 4 1 0.999064 
-0.38869 -0.22069 -7.7717 0.0025 0.826762 0.766215 2.31693 0.00604769 45 4 1 0.999105 
-0.385693 -0.20028 -7.78938 0.0025 0.8417 0.785666 2.33358 0.00594036 46 4 1 0.999146 
-0.382749 -0.180259 -7.7809 0.0025 0.856544 0.80513 2.34995 0.00583741 47 4 1 0.999183 
-0.379855 -0.160643 -7.8022 0.0025 0.871296 0.82461 2.36605 0.00573858 48 4 1 0.99922 
-0.37701 -0.141418 -7.79622 0.0025 0.885958 0.844101 2.3819 0.00564361 49 4 1 0.999257 
-0.374211 -0.122542 -7.77629 0.0025 0.900494 0.863556 2.39746 0.00555251 50 4 1 0.999301 
-0.371457 -0.104215 -7.64582 0.0025 0.914828 0.882857 2.41264 0.00546551 51 4 1 0.999332 
-0.368745 -0.0864599 -7.66251 0.0025 0.929011 0.902063 2.42752 0.00538207 52 4 1 0.999317 
-0.366074 -0.0684423 -8.20918 0.0025 0.943476 0.9218 2.44258 0.00529955 53 4 1 0.99935 
-0.363445 -0.0499074 -8.10015 0.0025 0.957983 0.94178 2.4576 0.0052193 54 4 1 0.999594 
-0.360855 -0.0345582 -5.3866 0.0025 0.970238 0.958683 2.4701 0.00515337 55 4 1 0.999742 
-0.358292 -0.0249389 -4.02918 0.0025 0.979728 0.971613 2.47955 0.00510346 56 4 1 0.999421 
-0.355751 -0.0108677 -10.0342 0.0025 0.992651 0.989572 2.4926 0.00503702 57 4 1 0.998888 
-0.353254 0.0154147 -13.5513 0.0025 1.01199 1.01707 2.51223 0.00494076 58 4 1 0.999609 
-0.35081 0.0350238 -4.49776 0.0025 1.02701 1.03837 2.52712 0.00486849 59 4 1 1.00002 
-0.348386 0.0371887 0.674601 0.0025 1.03066 1.04332 2.53053 0.00485125 60 3 1 1 
-0.345959 0.0344816 1.59066 0.0025 1.02849 1.04017 2.52834 0.00486151 61 4 1 0.999992 
-0.343524 0.0304967 2.06975 0.0025 1.02498 1.03518 2.52486 0.00487817 62 4 1 0.999968 
-0.34108 0.0258643 2.31375 0.0025 1.02098 1.02952 2.5209 0.00489725 63 4 1 0.999956 
-0.338627 0.0210225 2.35249 0.0025 1.0169 1.02375 2.51685 0.00491689 64 4 1 0.999952 
-0.336164 0.0163701 2.20323 0.0025 1.01306 1.01832 2.51302 0.00493556 65 4 1 0.999956 
-0.333691 0.0122179 1.92042 0.0025 1.00968 1.01356 2.50965 0.00495208 66 4 1 0.999965 
-0.331211 0.00875045 1.56927 0.0025 1.00689 1.00964 2.50687 0.00496579 67 4 1 0.999976 
-0.328725 0.00602361 1.21012 0.0025 1.00472 1.0066 2.5047 0.00497652 68 4 1 0.999985 
-0.326235 0.00399237 0.88572 0.0025 1.00311 1.00435 2.5031 0.00498448 69 4 1 0.999992 
-0.323741 0.0025518 0.618324 0.0025 1.00198 1.00277 2.50197 0.00499011 70 4 1 0.999996 
-0.321245 0.00157499 0.413309 0.0025 1.00122 1.0017 2.50121 0.00499391 71 4 1 0.999998 
-0.318747 0.000939598 0.265302 0.0025 1.00073 1.00101 2.50072 0.00499637 72 4 1 0.999999 
-0.316248 0.000542157 0.163878 0.0025 1.00042 1.00058 2.50042 0.00499791 73 4 1 1 
-0.313749 0.000302686 0.0975507 0.0025 1.00023 1.00032 2.50023 0.00499884 74 4 1 1 
-0.31125 0.000163537 0.0560107 0.0025 1.00013 1.00017 2.50012 0.00499937 75 4 1 1 
-0.30875 8.55065e-05 0.0310374 0.0025 1.00007 1.00009 2.50006 0.00499967 76 4 1 1 
-0.30625 4.32608e-05 0.0166037 0.0025 1.00003 1.00005 2.50003 0.00499983 77 4 1 1 
-0.30375 2.11744e-05 0.00857593 0.0025 1.00002 1.00002 2.50002 0.00499992 78 4 1 1 
-0.30125 1.00236e-05 0.00427667 0.0025 1.00001 1.00001 2.50001 0.00499996 79 4 1 1 
-0.29875 4.58741e-06 0.00205881 0.0025 1 1 2.5 0.00499998 80 4 1 1 
-0.29625 2.02884e-06 0.000956558 0.0025 1 1 2.5 0.00499999 81 4 1 1 
-0.29375 8.66623e-07 0.000428782 0.0025 1 1 2.5 0.005 82 4 1 1 
-0.29125 3.57297e-07 0.000185351 0.0025 1 1 2.5 0.005 83 4 1 1 
-0.28875 1.42073e-07 7.72202e-05 0.0025 1 1 2.5 0.005 84 4 1 1 
-0.28625 5.44341e-08 3.09835e-05 0.0025 1 1 2.5 0.005 85 4 1 1 
-0.28375 2.00739e-08 1.1962e-05 0.0025 1 1 2.5 0.005 86 4 1 1 
-0.28125 7.11568e-09 4.43889e-06 0.0025 1 1 2.5 0.005 87 4 1 1 
-0.27875 2.4206e-09 1.58107e-06 0.0025 1 1 2.5 0.005 88 4 1 1 
-0.27625 7.88649e-10 5.39649e-07 0.0025 1 1 2.5 0.005 89 4 1 1 
-0.27375 2.45519e-10 1.76161e-07 0.0025 1 1 2.5 0.005 90 4 1 1 
-0.27125 7.2787e-11 5.48258e-08 0.0025 1 1 2.5 0.005 91 4 1 1 
-0.26875 2.04509e-11 1.62444e-08 0.0025 1 1 2.5 0.005 92 4 1 1 
-0.26625 5.44719e-12 4.52906e-09 0.0025 1 1 2.5 0.005 93 4 1 1 
-0.26375 1.34675e-12 1.19201e-09 0.0025 1 1 2.5 0.005 94 4 1 1 
-0.26125 3.20385e-13 3.05477e-10 0.0025 1 1 2.5 0.005 95 4 1 1 
-0.25875 6.49316e-14 7.61702e-11 0.0025 1 1 2.5 0.005 96 4 1 1 
-0.25625 3.08176e-15 5.91172e-12 0.0025 1 1 2.5 0.005 97 5 1 1 
-0.25375 3.1163e-16 9.09495e-13 0.0025 1 1 2.5 0.005 98 5 1 1 
-0.25125 6.82889e-47 1.79366e-43 0.0025 1 1 2.5 0.005 99 5 1 1 
-0.24875 0 0 0.0025 1 1 2.5 0.005 100 5 1 1 
-0.24625 0 0 0.0025 1 1 2.5 0.005 101 5 1 1 
-0.24375 0 0 0.0025 1 1 2.5 0.005 102 5 1 1 
-0.24125 0 0 0.0025 1 1 2.5 0.005 103 5 1 1 
-0.23875 0 0 0.0025 1 1 2.5 0.005 104 5 1 1 
-0.23625 0 0 0.0025 1 1 2.5 0.005 105 5 1 1 
-0.23375 0 0 0.0025 1 1 2.5 0.005 106 5 1 1 
-0.23125 0 0 0.0025 1 1 2.5 0.005 107 5 1 1 
-0.22875 0 0 0.0025 1 1 2.5 0.005 108 5 1 1 
-0.22625 0 0 0.0025 1 1 2.5 0.005 109 5 1 1 
-0.22375 0 0 0.0025 1 1 2.5 0.005 110 5 1 1 
-0.22125 0 0 0.0025 1 1 2.5 0.005 111 5 1 1 
-0.21875 0 0 0.0025 1 1 2.5 0.005 112 5 1 1 
-0.21625 0 0 0.0025 1 1 2.5 0.005 113 5 1 1 
-0.21375 0 0 0.0025 1 1 2.5 0.005 114 5 1 1 
-0.21125 0 0 0.0025 1 1 2.5 0.005 115 5 1 1 
-0.20875 0 0 0.0025 1 1 2.5 0.005 116 5 1 1 
-0.20625 0 0 0.0025 1 1 2.5 0.005 117 5 1 1 
-0.20375 0 0 0.0025 1 1 2.5 0.005 118 5 1 1 
-0.20125 0 0 0.0025 1 1 2.5 0.005 119 5 1 1 
-0.19875 0 0 0.0025 1 1 2.5 0.005 120 5 1 1 
-0.19625 0 0 0.0025 1 1 2.5 0.005 121 5 1 1 
-0.19375 0 0 0.0025 1 1 2.5 0.005 122 5 1 1 
-0.19125 0 0 0.0025 1 1 2.5 0.005 123 5 1 1 
-0.18875 0 0 0.0025 1 1 2.5 0.005 124 5 1 1 
-0.18625 0 0 0.0025 1 1 2.5 0.005 125 5 1 1 
-0.18375 0 0 0.0025 1 1 2.5 0.005 126 5 1 1 
-0.18125 0 0 0.0025 1 1 2.5 0.005 127 5 1 1 
-0.17875 0 0 0.0025 1 1 2.5 0.005 128 5 1 1 
-0.17625 0 0 0.0025 1 1 2.5 0.005 129 5 1 1 
-0.17375 0 0 0.0025 1 1 2.5 0.005 130 5 1 1 
-0.17125 0 0 0.0025 1 1 2.5 0.005 131 5 1 1 
-0.16875 0 0 0.0025 1 1 2.5 0.005 132 5 1 1 
-0.16625 0 0 0.0025 1 1 2.5 0.005 133 5 1 1 
-0.16375 0 0 0.0025 1 1 2.5 0.005 134 5 1 1 
-0.16125 0 0 0.0025 1 1 2.5 0.005 135 5 1 1 
-0.15875 0 0 0.0025 1 1 2.5 0.005 136 5 1 1 
-0.15625 0 0 0.0025 1 1 2.5 0.005 137 5 1 1 
-0.15375 0 0 0.0025 1 1 2.5 0.005 138 5 1 1 
-0.15125 0 0 0.0025 1 1 2.5 0.005 139 5 1 1 
-0.14875 0 0 0.0025 1 1 2.5 0.005 140 5 1 1 
-0.14625 0 0 0.0025 1 1 2.5 0.005 141 5 1 1 
-0.14375 0 0 0.0025 1 1 2.5 0.005 142 5 1 1 
-0.14125 0 0 0.0025 1 1 2.5 0.005 143 5 1 1 
-0.13875 0 0 0.0025 1 1 2.5 0.005 144 5 1 1 
-0.13625 0 0 0.0025 1 1 2.5 0.005 145 5 1 1 
-0.13375 0 0 0.0025 1 1 2.5 0.005 146 5 1 1 
-0.13125 0 0 0.0025 1 1 2.5 0.005 147 5 1 1 
-0.12875 0 0 0.0025 1 1 2.5 0.005 148 5 1 1 
-0.12625 0 0 0.0025 1 1 2.5 0.005 149 5 1 1 
-0.12375 0 0 0.0025 1 1 2.5 0.005 150 5 1 1 
-0.12125 0 0 0.0025 1 1 2.5 0.005 151 5 1 1 
-0.11875 0 0 0.0025 1 1 2.5 0.005 152 5 1 1 
-0.11625 0 0 0.0025 1 1 2.5 0.005 153 5 1 1 
-0.11375 0 0 0.0025 1 1 2.5 0.005 154 5 1 1 
-0.11125 0 0 0.0025 1 1 2.5 0.005 155 5 1 1 
-0.10875 0 0 0.0025 1 1 2.5 0.005 156 5 1 1 
-0.10625 0 0 0.0025 1 1 2.5 0.005 157 5 1 1 
-0.10375 0 0 0.0025 1 1 2.5 0.005 158 5 1 1 
-0.10125 0 0 0.0025 1 1 2.5 0.005 159 5 1 1 
-0.09875 0 0 0.0025 1 1 2.5 0.005 160 5 1 1 
-0.09625 0 0 0.0025 1 1 2.5 0.005 161 5 1 1 
-0.09375 0 0 0.0025 1 1 2.5 0.005 162 5 1 1 
-0.09125 0 0 0.0025 1 1 2.5 0.005 163 5 1 1 
-0.08875 0 0 0.0025 1 1 2.5 0.005 164 5 1 1 
-0.08625 0 0 0.0025 1 1 2.5 0.005 165 5 1 1 
-0.08375 0 0 0.0025 1 1 2.5 0.005 166 5 1 1 
-0.08125 0 0 0.0025 1 1 2.5 0.005 167 5 1 1 
-0.07875 0 0 0.0025 1 1 2.5 0.005 168 5 1 1 
-0.07625 0 0 0.0025 1 1 2.5 0.005 169 5 1 1 
-0.07375 0 0 0.0025 1 1 2.5 0.005 170 5 1 1 
-0.07125 0 0 0.0025 1 1 2.5 0.005 171 5 1 1 
-0.06875 0 0 0.0025 1 1 2.5 0.005 172 5 1 1 
-0.06625 0 0 0.0025 1 1 2.5 0.005 173 5 1 1 
-0.06375 -1.05765e-46 -1.12104e-44 0.0025 1 1 2.5 0.005 174 5 1 1 
-0.06125 -8.63962e-17 -5.68434e-14 0.0025 1 1 2.5 0.005 175 5 1 1 
-0.05875 -2.2417e-16 5.68434e-14 0.0025 1 1 2.5 0.005 176 5 1 1 
-0.05625 -3.61278e-16 -5.68434e-14 0.0025 1 1 2.5 0.005 177 5 1 1 
-0.05375 -4.97381e-16 5.68434e-14 0.0025 1 1 2.5 0.005 178 5 1 1 
-0.05125 -6.66828e-16 -5.68434e-14 0.0025 1 1 2.5 0.005 179 5 1 1 
-0.04875 -8.34736e-16 5.68434e-14 0.0025 1 1 2.5 0.005 180 5 1 1 
-0.04625 -1.00107e-15 -5.68434e-14 0.0025 1 1 2.5 0.005 181 5 1 1 
-0.04375 -1.2163e-15 0 0.0025 1 1 2.5 0.005 182 5 1 1 
-0.04125 -1.44449e-15 -3.36312e-44 0.0025 1 1 2.5 0.005 183 5 1 1 
-0.03875 -1.75022e-15 -5.68434e-14 0.0025 1 1 2.5 0.005 184 5 1 1 
-0.03625 -2.22066e-15 -1.7053e-13 0.0025 1 1 2.5 0.005 185 5 1 1 
-0.03375 -5.21243e-15 -2.84217e-13 0.0025 1 1 2.5 0.005 186 4 1 1 
-0.03125 5.90385e-16 7.95808e-13 0.0025 1 1 2.5 0.005 187 3 1 1 
-0.02875 -3.20118e-16 -5.68434e-14 0.0025 1 1 2.5 0.005 188 4 1 1 
-0.02625 -2.236e-16 -2.27374e-13 0.0025 1 1 2.5 0.005 189 3 1 1 
-0.02375 -1.24412e-15 -3.97904e-13 0.0025 1 1 2.5 0.005 190 3 1 1 
-0.02125 -1.31512e-15 6.82121e-13 0.0025 1 1 2.5 0.005 191 4 1 1 
-0.01875 -1.12082e-16 -3.41061e-13 0.0025 1 1 2.5 0.005 192 5 1 1 
-0.01625 -1.6968e-15 -1.13687e-13 0.0025 1 1 2.5 0.005 193 4 1 1 
-0.01375 -6.17616e-16 -1.7053e-13 0.0025 1 1 2.5 0.005 194 3 1 1 
-0.01125 -1.30803e-15 5.68434e-13 0.0025 1 1 2.5 0.005 195 4 1 1 
-0.00875 -6.02889e-16 -5.68434e-14 0.0025 1 1 2.5 0.005 196 5 1 1 
-0.00625 -5.09905e-16 -2.27374e-13 0.0025 1 1 2.5 0.005 197 4 1 1 
-0.00375 -3.46843e-17 2.24208e-44 0.0025 1 1 2.5 0.005 198 3 1 1 
-0.00125 -1.03007e-16 -1.13687e-13 0.0025 1 1 2.5 0.005 199 3 1 1 
0.00125 1.4522e-16 1.13687e-13 0.0025 1 1 2.5 0.005 200 5 1 1 
0.00375 -5.43448e-17 -2.27374e-13 0.0025 1 1 2.5 0.005 201 4 1 1 
0.00625 -3.15893e-16 3.9443e-29 0.0025 1 1 2.5 0.005 202 5 1 1 
0.00875 -1.31954e-15 1.7053e-13 0.0025 1 1 2.5 0.005 203 3 1 1 
0.01125 8.03597e-17 5.68434e-14 0.0025 1 1 2.5 0.005 204 3 1 1 
0.01375 -7.26811e-17 -1.13687e-13 0.0025 1 1 2.5 0.005 205 4 1 1 
0.01625 -3.40342e-16 1.13687e-13 0.0025 1 1 2.5 0.005 206 4 1 1 
0.01875 -9.89717e-16 -1.13687e-13 0.0025 1 1 2.5 0.005 207 5 1 1 
0.02125 7.38682e-16 -5.91646e-28 0.0025 1 1 2.5 0.005 208 5 1 1 
0.02375 -2.61157e-16 5.68434e-14 0.0025 1 1 2.5 0.005 209 4 1 1 
0.02625 2.51281e-15 5.68434e-14 0.0025 1 1 2.5 0.005 210 3 1 1 
0.02875 1.30156e-15 -2.76101e-28 0.0025 1 1 2.5 0.005 211 3 1 1 
0.03125 4.98095e-15 -5.68434e-14 0.0025 1 1 2.5 0.005 212 4 1 1 
0.03375 3.30974e-15 5.68434e-14 0.0025 1 1 2.5 0.005 213 5 1 1 
0.03625 3.05101e-15 5.68434e-14 0.0025 1 1 2.5 0.005 214 5 1 1 
0.03875 2.50536e-15 1.12104e-44 0.0025 1 1 2.5 0.005 215 5 1 1 
0.04125 2.00518e-15 2.24208e-44 0.0025 1 1 2.5 0.005 216 5 1 1 
0.04375 1.60196e-15 0 0.0025 1 1 2.5 0.005 217 5 1 1 
0.04625 1.19586e-15 2.24208e-44 0.0025 1 1 2.5 0.005 218 5 1 1 
0.04875 9.59144e-16 2.24208e-44 0.0025 1 1 2.5 0.005 219 5 1 1 
0.05125 7.03947e-16 5.68434e-14 0.0025 1 1 2.5 0.005 220 5 1 1 
0.05375 5.33514e-16 -5.68434e-14 0.0025 1 1 2.5 0.005 221 5 1 1 
0.05625 3.96533e-16 5.68434e-14 0.0025 1 1 2.5 0.005 222 5 1 1 
0.05875 2.4166e-16 0 0.0025 1 1 2.5 0.005 223 5 1 1 
0.06125 1.03734e-16 1.12104e-44 0.0025 1 1 2.5 0.005 224 5 1 1 
0.06375 1.05773e-46 1.12104e-44 0.0025 1 1 2.5 0.005 225 5 1 1 
0.06625 0 0 0.0025 1 1 2.5 0.005 226 5 1 1 
0.06875 0 0 0.0025 1 1 2.5 0.005 227 5 1 1 
0.07125 0 0 0.0025 1 1 2.5 0.005 228 5 1 1 
0.07375 0 0 0.0025 1 1 2.5 0.005 229 5 1 1 
0.07625 0 0 0.0025 1 1 2.5 0.005 230 5 1 1 
0.07875 0 0 0.0025 1 1 2.5 0.005 231 5 1 1 
0.08125 0 0 0.0025 1 1 2.5 0.005 232 5 1 1 
0.08375 0 0 0.0025 1 1 2.5 0.005 233 5 1 1 
0.08625 0 0 0.0025 1 1 2.5 0.005 234 5 1 1 
0.08875 0 0 0.0025 1 1 2.5 0.005 235 5 1 1 
0.09125 0 0 0.0025 1 1 2.5 0.005 236 5 1 1 
0.09375 -9.29907e-46 -1.12104e-44 0.0025 1 1 2.5 0.005 237 5 1 1 
0.09625 -1.69188e-16 0 0.0025 1 1 2.5 0.005 238 5 1 1 
0.09875 -3.37357e-16 1.12104e-44 0.0025 1 1 2.5 0.005 239 5 1 1 
0.10125 1.58941e-15 0 0.0025 1 1 2.5 0.005 240 5 1 1 
0.10375 1.42405e-15 6.72623e-44 0.0025 1 1 2.5 0.005 241 5 1 1 
0.10625 2.97768e-15 -1.56945e-43 0.0025 1 1 2.5 0.005 242 5 1 1 
0.10875 1.29828e-15 -5.68434e-14 0.0025 1 1 2.5 0.005 243 5 1 1 
0.11125 1.13811e-15 -1.00893e-43 0.0025 1 1 2.5 0.005 244 5 1 1 
0.11375 -1.14565e-15 3.92364e-43 0.0025 1 1 2.5 0.005 245 5 1 1 
0.11625 2.9827e-15 1.13687e-13 0.0025 1 1 2.5 0.005 246 5 1 1 
0.11875 -2.24022e-16 5.68434e-14 0.0025 1 1 2.5 0.005 247 5 1 1 
0.12125 3.07019e-17 -5.68434e-14 0.0025 1 1 2.5 0.005 248 5 1 1 
0.12375 -2.53611e-15 -1.13687e-13 0.0025 1 1 2.5 0.005 249 4 1 1 
0.12625 2.53611e-15 1.13687e-13 0.0025 1 1 2.5 0.005 250 4 1 1 
0.12875 -3.07019e-17 5.68434e-14 0.0025 1 1 2.5 0.005 251 5 1 1 
0.13125 2.24022e-16 -5.68434e-14 0.0025 1 1 2.5 0.005 252 5 1 1 
0.13375 -2.9827e-15 -1.13687e-13 0.0025 1 1 2.5 0.005 253 5 1 1 
0.13625 1.14565e-15 -3.92364e-43 0.0025 1 1 2.5 0.005 254 5 1 1 
0.13875 -1.13811e-15 1.00893e-43 0.0025 1 1 2.5 0.005 255 5 1 1 
0.14125 -1.29828e-15 5.68434e-14 0.0025 1 1 2.5 0.005 256 5 1 1 
0.14375 -2.97768e-15 1.56945e-43 0.0025 1 1 2.5 0.005 257 5 1 1 
0.14625 -1.42405e-15 -6.72623e-44 0.0025 1 1 2.5 0.005 258 5 1 1 
0.14875 -1.58941e-15 0 0.0025 1 1 2.5 0.005 259 5 1 1 
0.15125 3.37357e-16 -1.12104e-44 0.0025 1 1 2.5 0.005 260 5 1 1 
0.15375 1.69188e-16 0 0.0025 1 1 2.5 0.005 261 5 1 1 
0.15625 9.29907e-46 1.12104e-44 0.0025 1 1 2.5 0.005 262 5 1 1 
0.15875 0 0 0.0025 1 1 2.5 0.005 263 5 1 1 
0.16125 0 0 0.0025 1 1 2.5 0.005 264 5 1 1 
0.16375 0 0 0.0025 1 1 2.5 0.005 265 5 1 1 
0.16625 0 0 0.0025 1 1 2.5 0.005 266 5 1 1 
0.16875 0 0 0.0025 1 1 2.5 0.005 267 5 1 1 
0.17125 0 0 0.0025 1 1 2.5 0.005 268 5 1 1 
0.17375 0 0 0.0025 1 1 2.5 0.005 269 5 1 1 
0.17625 0 0 0.0025 1 1 2.5 0.005 270 5 1 1 
0.17875 0 0 0.0025 1 1 2.5 0.005 271 5 1 1 
0.18125 0 0 0.0025 1 1 2.5 0.005 272 5 1 1 
0.18375 0 0 0.0025 1 1 2.5 0.005 273 5 1 1 
0.18625 0 0 0.0025 1 1 2.5 0.005 274 5 1 1 
0.18875 0 0 0.0025 1 1 2.5 0.005 275 5 1 1 
0.19125 0 0 0.0025 1 1 2.5 0.005 276 5 1 1 
0.19375 0 0 0.0025 1 1 2.5 0.005 277 5 1 1 
0.19625 0 0 0.0025 1 1 2.5 0.005 278 5 1 1 
0.19875 0 0 0.0025 1 1 2.5 0.005 279 5 1 1 
0.20125 -5.33693e-46 -1.12104e-44 0.0025 1 1 2.5 0.005 280 5 1 1 
0.20375 -6.85718e-17 -1.12104e-44 0.0025 1 1 2.5 0.005 281 5 1 1 
0.20625 -2.05192e-16 1.12104e-44 0.0025 1 1 2.5 0.005 282 5 1 1 
0.20875 -3.75697e-16 1.12104e-44 0.0025 1 1 2.5 0.005 283 5 1 1 
0.21125 -1.47182e-16 5.68434e-14 0.0025 1 1 2.5 0.005 284 5 1 1 
0.21375 -3.15737e-16 5.68434e-14 0.0025 1 1 2.5 0.005 285 5 1 1 
0.21625 1.7779e-15 1.13687e-13 0.0025 1 1 2.5 0.005 286 5 1 1 
0.21875 1.57977e-15 8.96831e-44 0.0025 1 1 2.5 0.005 287 5 1 1 
0.22125 4.79185e-15 5.68434e-14 0.0025 1 1 2.5 0.005 288 5 1 1 
0.22375 3.55975e-15 1.13687e-13 0.0025 1 1 2.5 0.005 289 5 1 1 
0.22625 3.27753e-15 5.68434e-14 0.0025 1 1 2.5 0.005 290 5 1 1 
0.22875 1.31323e-15 1.56945e-43 0.0025 1 1 2.5 0.005 291 5 1 1 
0.23125 1.96893e-15 -1.13687e-13 0.0025 1 1 2.5 0.005 292 5 1 1 
0.23375 -7.41488e-16 -1.7053e-13 0.0025 1 1 2.5 0.005 293 5 1 1 
0.23625 3.066e-15 1.13687e-13 0.0025 1 1 2.5 0.005 294 5 1 1 
0.23875 -5.33813e-16 5.68434e-14 0.0025 1 1 2.5 0.005 295 5 1 1 
0.24125 2.34476e-15 -3.92364e-43 0.0025 1 1 2.5 0.005 296 5 1 1 
0.24375 -2.38389e-15 -1.7053e-13 0.0025 1 1 2.5 0.005 297 5 1 1 
0.24625 6.40419e-15 -5.11591e-13 0.0025 1 1 2.5 0.005 298 5 1 1 
0.24875 7.25748e-16 -1.7053e-13 0.0025 1 1 2.5 0.005 299 3 1 1 
0.25125 -7.25748e-16 1.7053e-13 0.0025 1 1 2.5 0.005 300 3 1 1 
0.25375 -6.50806e-15 1.7053e-13 0.0025 1 1 2.5 0.005 301 5 1 1 
0.25625 -5.42057e-16 -6.25278e-12 0.0025 1 1 2.5 0.005 302 5 1 1 
0.25875 -6.6151e-14 -7.59997e-11 0.0025 1 1 2.5 0.005 303 4 1 1 
0.26125 -3.20354e-13 -3.05477e-10 0.0025 1 1 2.5 0.005 304 4 1 1 
0.26375 -1.34887e-12 -1.19218e-09 0.0025 1 1 2.5 0.005 305 4 1 1 
0.26625 -5.44704e-12 -4.52707e-09 0.0025 1 1 2.5 0.005 306 4 1 1 
0.26875 -2.04587e-11 -1.62622e-08 0.0025 1 1 2.5 0.005 307 4 1 1 
0.27125 -7.27808e-11 -5.47944e-08 0.0025 1 1 2.5 0.005 308 4 1 1 
0.27375 -2.45527e-10 -1.76178e-07 0.0025 1 1 2.5 0.005 309 4 1 1 
0.27625 -7.8865e-10 -5.39645e-07 0.0025 1 1 2.5 0.005 310 4 1 1 
0.27875 -2.4206e-09 -1.58108e-06 0.0025 1 1 2.5 0.005 311 4 1 1 
0.28125 -7.11568e-09 -4.43889e-06 0.0025 1 1 2.5 0.005 312 4 1 1 
0.28375 -2.00739e-08 -1.1962e-05 0.0025 1 1 2.5 0.005 313 4 1 1 
0.28625 -5.44341e-08 -3.09835e-05 0.0025 1 1 2.5 0.005 314 4 1 1 
0.28875 -1.42073e-07 -7.72202e-05 0.0025 1 1 2.5 0.005 315 4 1 1 
0.29125 -3.57297e-07 -0.000185351 0.0025 1 1 2.5 0.005 316 4 1 1 
0.29375 -8.66623e-07 -0.000428782 0.0025 1 1 2.5 0.005 317 4 1 1 
0.29625 -2.02884e-06 -0.000956558 0.0025 1 1 2.5 0.00499999 318 4 1 1 
0.29875 -4.58741e-06 -0.00205881 0.0025 1 1 2.5 0.00499998 319 4 1 1 
0.30125 -1.00236e-05 -0.00427667 0.0025 1.00001 1.00001 2.50001 0.00499996 320 4 1 1 
0.30375 -2.11744e-05 -0.00857593 0.0025 1.00002 1.00002 2.50002 0.00499992 321 4 1 1 
0.30625 -4.32608e-05 -0.0166037 0.0025 1.00003 1.00005 2.50003 0.00499983 322 4 1 1 
0.30875 -8.55065e-05 -0.0310374 0.0025 1.00007 1.00009 2.50006 0.00499967 323 4 1 1 
0.31125 -0.000163537 -0.0560107 0.0025 1.00013 1.00017 2.50012 0.00499937 324 4 1 1 
0.313749 -0.000302686 -0.0975507 0.0025 1.00023 1.00032 2.50023 0.00499884 325 4 1 1 
0.316248 -0.000542157 -0.163878 0.0025 1.00042 1.00058 2.50042 0.00499791 326 4 1 1 
0.318747 -0.000939598 -0.265302 0.0025 1.00073 1.00101 2.50072 0.00499637 327 4 1 0.999999 
0.321245 -0.00157499 -0.413309 0.0025 1.00122 1.0017 2.50121 0.00499391 328 4 1 0.999998 
0.323741 -0.0025518 -0.618324 0.0025 1.00198 1.00277 2.50197 0.00499011 329 4 1 0.999996 
0.326235 -0.00399237 -0.88572 0.0025 1.00311 1.00435 2.5031 0.00498448 330 4 1 0.999992 
0.328725 -0.00602361 -1.21012 0.0025 1.00472 1.0066 2.5047 0.00497652 331 4 1 0.999985 
0.331211 -0.00875045 -1.56927 0.0025 1.00689 1.00964 2.50687 0.00496579 332 4 1 0.999976 
0.333691 -0.0122179 -1.92042 0.0025 1.00968 1.01356 2.50965 0.00495208 333 4 1 0.999965 
0.336164 -0.0163701 -2.20323 0.0025 1.01306 1.01832 2.51302 0.00493556 334 4 1 0.999956 
0.338627 -0.0210225 -2.35249 0.0025 1.0169 1.02375 2.51685 0.00491689 335 4 1 0.999952 
0.34108 -0.0258643 -2.31375 0.0025 1.02098 1.02952 2.5209 0.00489725 336 4 1 0.999956 
0.343524 -0.0304967 -2.06975 0.0025 1.02498 1.03518 2.52486 0.00487817 337 4 1 0.999968 
0.345959 -0.0344816 -1.59066 0.0025 1.02849 1.04017 2.52834 0.00486151 338 4 1 0.999992 
0.348386 -0.0371887 -0.674601 0.0025 1.03066 1.04332 2.53053 0.00485125 339 3 1 1 
0.35081 -0.0350238 4.49776 0.0025 1.02701 1.03837 2.52712 0.00486849 340 4 1 1.00002 
0.353254 -0.0154147 13.5513 0.0025 1.01199 1.01707 2.51223 0.00494076 341 4 1 0.999609 
0.355751 0.0108677 10.0342 0.0025 0.992651 0.989572 2.4926 0.00503702 342 4 1 0.998888 
0.358292 0.0249389 4.02918 0.0025 0.979728 0.971613 2.47955 0.00510346 343 4 1 0.999421 
0.360855 0.0345582 5.3866 0.0025 0.970238 0.958683 2.4701 0.00515337 344 4 1 0.999742 
0.363445 0.0499074 8.10015 0.0025 0.957983 0.94178 2.4576 0.0052193 345 4 1 0.999594 
0.366074 0.0684423 8.20918 0.0025 0.943476 0.9218 2.44258 0.00529955 346 4 1 0.99935 
0.368745 0.0864599 7.66251 0.0025 0.929011 0.902063 2.42752 0.00538207 347 4 1 0.999317 
0.371457 0.104215 7.64582 0.0025 0.914828 0.882857 2.41264 0.00546551 348 4 1 0.999332 
0.374211 0.122542 7.77629 0.0025 0.900494 0.863556 2.39746 0.00555251 349 4 1 0.999301 
0.37701 0.141418 7.79622 0.0025 0.885958 0.844101 2.3819 0.00564361 350 4 1 0.999257 
0.379855 0.160643 7.8022 0.0025 0.871296 0.82461 2.36605 0.00573858 351 4 1 0.99922 
0.382749 0.180259 7.7809 0.0025 0.856544 0.80513 2.34995 0.00583741 352 4 1 0.999183 
0.385693 0.20028 7.78938 0.0025 0.8417 0.785666 2.33358 0.00594036 353 4 1 0.999146 
0.38869 0.22069 7.7717 0.0025 0.826762 0.766215 2.31693 0.00604769 354 4 1 0.999105 
0.391741 0.241557 7.75045 0.0025 0.81175 0.746809 2.30001 0.00615954 355 4 1 0.999064 
0.39485 0.26282 7.75032 0.0025 0.796649 0.727433 2.2828 0.00627629 356 4 1 0.99902 
0.398018 0.284509 7.71926 0.0025 0.781466 0.708099 2.2653 0.00639823 357 4 1 0.998972 
0.401249 0.306647 7.68446 0.0025 0.766226 0.688843 2.24753 0.00652549 358 4 1 0.998925 
0.404544 0.329232 7.65693 0.0025 0.750929 0.669669 2.22948 0.00665842 359 4 1 0.998875 
0.407908 0.352246 7.59818 0.0025 0.735594 0.650602 2.21116 0.00679723 360 4 1 0.998823 
0.411342 0.375699 7.56201 0.0025 0.72023 0.631659 2.19257 0.00694222 361 4 1 0.998772 
0.414851 0.399519 7.47372 0.0025 0.70487 0.612881 2.17375 0.0070935 362 4 1 0.998719 
0.418437 0.423707 7.3645 0.0025 0.689586 0.594358 2.15478 0.00725072 363 4 1 0.998675 
0.422103 0.448066 7.20126 0.0025 0.674465 0.576192 2.13576 0.00741328 364 4 1 0.998643 
0.425851 0.472357 6.93976 0.0025 0.659667 0.558572 2.11689 0.00757958 365 4 1 0.998635 
0.429683 0.49621 6.58634 0.0025 0.645403 0.541735 2.09846 0.0077471 366 4 1 0.998665 
0.433599 0.519093 6.05106 0.0025 0.631957 0.526 2.08087 0.00791193 367 4 1 0.998746 
0.437596 0.540438 5.42362 0.0025 0.619604 0.511663 2.06451 0.00806968 368 4 1 0.998884 
0.441669 0.559875 4.83709 0.0025 0.608389 0.498749 2.04949 0.00821843 369 4 1 0.999039 
0.445815 0.578084 4.60157 0.0025 0.597916 0.486779 2.03532 0.00836238 370 4 1 0.999145 
0.450033 0.596771 4.90688 0.0025 0.587336 0.474769 2.02085 0.00851301 371 4 1 0.999127 
0.454329 0.617658 5.38918 0.0025 0.576002 0.461992 2.00517 0.00868053 372 4 1 0.998974 
0.458714 0.639976 5.31498 0.0025 0.564329 0.448933 1.98881 0.00886007 373 4 1 0.998833 
0.46319 0.660436 4.21737 0.0025 0.553901 0.437354 1.97402 0.00902689 374 4 1 0.998962 
0.467742 0.674761 2.27645 0.0025 0.546628 0.429332 1.96361 0.00914699 375 4 1 0.999422 
0.472337 0.680191 0.18921 0.0025 0.543496 0.425902 1.95913 0.0091997 376 4 1 0.999874 
0.476941 0.679704 -0.105772 0.0025 0.543076 0.425455 1.95855 0.00920682 377 5 1 0.999997 
0.481544 0.679435 -0.1422 0.0025 0.543269 0.425672 1.95885 0.00920355 378 4 1 0.999999 
0.486145 0.678739 -0.180283 0.0025 0.543561 0.425995 1.95928 0.0091986 379 4 1 0.999998 
0.490743 0.677946 -0.180713 0.0025 0.543949 0.426425 1.95986 0.00919204 380 4 1 0.999998 
0.495337 0.677169 -0.160788 0.0025 0.544344 0.426863 1.96045 0.00918537 381 4 1 0.999999 
0.499928 0.676495 -0.133287 0.0025 0.544701 0.42726 1.96098 0.00917934 382 4 1 0.999999 
0.504516 0.675942 -0.104982 0.0025 0.544999 0.427591 1.96143 0.00917433 383 4 1 0.999999 
0.509102 0.675504 -0.0815428 0.0025 0.545235 0.427856 1.9618 0.00917036 384 4 1 1 
0.513687 0.675165 -0.0639258 0.0025 0.545418 0.428064 1.96209 0.00916728 385 4 1 1 
0.51827 0.6749 -0.0506158 0.0025 0.545559 0.428226 1.96233 0.0091649 386 4 1 1 
0.522852 0.674687 -0.0409471 0.0025 0.545669 0.428355 1.96252 0.00916307 387 4 1 1 
0.527433 0.674512 -0.0344464 0.0025 0.545755 0.428459 1.96269 0.00916162 388 4 1 1 
0.532013 0.674363 -0.0299643 0.0025 0.545824 0.428546 1.96284 0.00916046 389 4 1 1 
0.536593 0.674233 -0.0265325 0.0025 0.545881 0.428622 1.96298 0.00915951 390 4 1 1 
0.541173 0.674117 -0.0237362 0.0025 0.545927 0.428688 1.96312 0.00915873 391 4 1 1 
0.545752 0.674012 -0.0212972 0.0025 0.545965 0.428747 1.96325 0.0091581 392 4 1 1 
0.550331 0.673918 -0.0190113 0.0025 0.545991 0.428798 1.96339 0.00915765 393 4 1 1 
0.55491 0.673833 -0.0168643 0.0025 0.545998 0.428834 1.96353 0.00915755 394 3 1 1 
0.559488 0.673757 -0.0149119 0.0025 0.545927 0.428812 1.96369 0.00915873 395 4 1 1 
0.564068 0.673688 -0.0131693 0.0025 0.545535 0.428588 1.96407 0.00916531 396 4 1 0.999999 
0.568654 0.673627 -0.0116396 0.0025 0.543932 0.426863 1.96193 0.00919232 397 4 1 0.999988 
0.573261 0.673572 -0.0103109 0.0025 0.530826 0.411416 1.93762 0.00941928 398 4 1 0.999671 
0.578078 0.67352 -0.00910541 0.0025 0.506758 0.440109 2.1712 0.00986665 399 4 1 0.994713 
0.583134 0.673471 -0.00797953 0.0025 0.481233 0.415492 2.15848 0.01039 400 4 1 0.993705 
0.588477 0.673424 -0.00688452 0.0025 0.458755 0.449951 2.45202 0.0108991 401 4 1 0.993699 
0.594039 0.673378 -0.00580458 0.0025 0.450146 0.430498 2.39088 0.0111075 402 5 1 0.99866 
0.599585 0.673335 -0.00480109 0.0025 0.451748 0.428831 2.37318 0.0110681 403 4 1 0.999967 
0.605107 0.673295 -0.00390163 0.0025 0.453374 0.428792 2.36445 0.0110284 404 4 1 0.999986 
0.610613 0.673257 -0.00304611 0.0025 0.454463 0.428931 2.35955 0.011002 405 4 1 0.999994 
0.616109 0.67322 -0.00200057 0.0025 0.455162 0.429014 2.35638 0.0109851 406 4 1 0.999997 
0.621598 0.673179 -0.000314995 0.0025 0.455631 0.429054 2.35417 0.0109738 407 4 1 0.999999 
0.627083 0.673126 0.00351044 0.0025 0.455953 0.429061 2.35255 0.010966 408 4 1 1 
0.632564 0.673034 0.0143348 0.0025 0.456157 0.42902 2.35127 0.0109611 409 4 1 1 
0.638044 0.672809 0.0466879 0.0025 0.456208 0.42885 2.35008 0.0109599 410 3 1 1 
0.643524 0.672167 0.148897 0.0025 0.455928 0.428298 2.34849 0.0109666 411 4 1 1 
0.649011 0.67029 0.440875 0.0025 0.454789 0.426659 2.34535 0.0109941 412 4 1 0.99999 
0.654518 0.665006 1.19189 0.0025 0.451538 0.422281 2.33797 0.0110733 413 4 1 0.999907 
0.660084 0.651749 2.96219 0.0025 0.443548 0.411741 2.32065 0.0112727 414 4 1 0.99941 
0.665793 0.620799 6.3229 0.0025 0.427053 0.390246 2.28439 0.0117082 415 4 1 0.997289 
0.671801 0.560031 12.671 0.0025 0.397069 0.351741 2.21438 0.0125923 416 4 1 0.991168 
0.67842 0.431236 25.974 0.0025 0.350509 0.293551 2.09364 0.014265 417 4 1 0.977974 
0.686183 0.230944 30.1157 0.0025 0.300153 0.233917 1.94851 0.0166582 418 4 1 0.96078 
0.695231 0.0699589 16.1745 0.0025 0.266309 0.196437 1.84434 0.0187751 419 4 1 0.968894 
0.705015 0.00912575 3.63482 0.0025 0.253006 0.182534 1.80377 0.0197624 420 4 1 0.992148 
0.714998 -0.000180056 0.209032 0.0025 0.250192 0.17969 1.79554 0.0199847 421 4 1 0.999537 
0.725 -0.000131411 -0.0583776 0.0025 0.249974 0.179473 1.79492 0.0200021 422 5 1 0.999997 
0.735 6.74537e-06 -0.00147736 0.0025 0.249998 0.179498 1.79499 0.0200002 423 4 1 1 
0.745 3.49568e-06 0.000641608 0.0025 0.250001 0.179501 1.795 0.0199999 424 3 1 1 
0.755 8.40264e-07 0.000188666 0.0025 0.25 0.1795 1.795 0.02 425 4 1 1 
0.765 1.77556e-07 4.22794e-05 0.0025 0.25 0.1795 1.795 0.02 426 4 1 1 
0.775 3.51403e-08 8.78911e-06 0.0025 0.25 0.1795 1.795 0.02 427 4 1 1 
0.785 6.55964e-09 1.72458e-06 0.0025 0.25 0.1795 1.795 0.02 428 4 1 1 
0.795 1.15357e-09 3.19186e-07 0.0025 0.25 0.1795 1.795 0.02 429 4 1 1 
0.805 1.90619e-10 5.55701e-08 0.0025 0.25 0.1795 1.795 0.02 430 4 1 1 
0.815 2.95059e-11 9.07639e-09 0.0025 0.25 0.1795 1.795 0.02 431 4 1 1 
0.825 4.27425e-12 1.38689e-09 0.0025 0.25 0.1795 1.795 0.02 432 4 1 1 
0.835 5.79031e-13 1.95556e-10 0.0025 0.25 0.1795 1.795 0.02 433 4 1 1 
0.845 6.76448e-14 2.91891e-11 0.0025 0.25 0.1795 1.795 0.02 434 4 1 1 
0.855 3.38403e-15 1.44951e-12 0.0025 0.25 0.1795 1.795 0.02 435 5 1 1 
0.865 4.32809e-16 1.98952e-13 0.0025 0.25 0.1795 1.795 0.02 436 5 1 1 
0.875 4.32822e-18 1.42109e-14 0.0025 0.25 0.1795 1.795 0.02 437 5 1 1 
0.885 5.97581e-48 2.8026e-45 0.0025 0.25 0.1795 1.795 0.02 438 5 1 1 
0.895 -6.56057e-47 -2.8026e-45 0.0025 0.25 0.1795 1.795 0.02 439 5 1 1 
0.905 -1.08162e-16 -1.42109e-14 0.0025 0.25 0.1795 1.795 0.02 440 5 1 1 
0.915 -4.53272e-16 -1.42109e-14 0.0025 0.25 0.1795 1.795 0.02 441 5 1 1 
0.925 -1.02119e-15 -1.42109e-14 0.0025 0.25 0.1795 1.795 0.02 442 5 1 1 
0.935 -1.9179e-15 -2.84217e-14 0.0025 0.25 0.1795 1.795 0.02 443 5 1 1 
0.945 -3.21163e-15 -1.42109e-14 0.0025 0.25 0.1795 1.795 0.02 444 5 1 1 
0.955 -4.94789e-15 1.42109e-14 0.0025 0.25 0.1795 1.795 0.02 445 5 1 1 
0.965 -6.96073e-16 3.12639e-13 0.0025 0.25 0.1795 1.795 0.02 446 5 1 1 
0.975 -6.58363e-15 3.12639e-13 0.0025 0.25 0.1795 1.795 0.02 447 5 1 1 
0.985 5.12222e-15 -3.2685e-13 0.0025 0.25 0.1795 1.795 0.02 448 5 1 1 
0.995 -3.99452e-15 -2.70006e-13 0.0025 0.25 0.1795 1.795 0.02 449 3 1 1 
1.005 3.99452e-15 2.70006e-13 0.0025 0.25 0.1795 1.795 0.02 450 3 1 1 
1.015 -5.12222e-15 3.2685e-13 0.0025 0.25 0.1795 1.795 0.02 451 5 1 1 
1.025 6.58363e-15 -3.12639e-13 0.0025 0.25 0.1795 1.795 0.02 452 5 1 1 
1.035 6.96073e-16 -3.12639e-13 0.0025 0.25 0.1795 1.795 0.02 453 5 1 1 
1.045 4.94789e-15 -1.42109e-14 0.0025 0.25 0.1795 1.795 0.02 454 5 1 1 
1.055 3.21163e-15 1.42109e-14 0.0025 0.25 0.1795 1.795 0.02 455 5 1 1 
1.065 1.9179e-15 2.84217e-14 0.0025 0.25 0.1795 1.795 0.02 456 5 1 1 
1.075 1.02119e-15 1.42109e-14 0.0025 0.25 0.1795 1.795 0.02 457 5 1 1 
1.085 4.53272e-16 1.42109e-14 0.0025 0.25 0.1795 1.795 0.02 458 5 1 1 
1.095 1.08162e-16 1.42109e-14 0.0025 0.25 0.1795 1.795 0.02 459 5 1 1 
1.105 6.56057e-47 2.8026e-45 0.0025 0.25 0.1795 1.795 0.02 460 5 1 1 
1.115 -7.68256e-48 -2.8026e-45 0.0025 0.25 0.1795 1.795 0.02 461 5 1 1 
1.125 -4.32822e-18 -1.42109e-14 0.0025 0.25 0.1795 1.795 0.02 462 5 1 1 
1.135 -4.41452e-16 -1.7053e-13 0.0025 0.25 0.1795 1.795 0.02 463 5 1 1 
1.145 -3.531e-15 -1.44951e-12 0.0025 0.25 0.1795 1.795 0.02 464 5 1 1 
1.155 -5.58213e-14 -2.62901e-11 0.0025 0.25 0.1795 1.795 0.02 465 4 1 1 
1.165 -5.98518e-13 -2.02405e-10 0.0025 0.25 0.1795 1.795 0.02 466 4 1 1 
1.175 -4.24696e-12 -1.38e-09 0.0025 0.25 0.1795 1.795 0.02 467 4 1 1 
1.185 -2.95231e-11 -9.076e-09 0.0025 0.25 0.1795 1.795 0.02 468 4 1 1 
1.195 -1.90617e-10 -5.55796e-08 0.0025 0.25 0.1795 1.795 0.02 469 4 1 1 
1.205 -1.15357e-09 -3.19176e-07 0.0025 0.25 0.1795 1.795 0.02 470 4 1 1 
1.215 -6.55966e-09 -1.72459e-06 0.0025 0.25 0.1795 1.795 0.02 471 4 1 1 
1.225 -3.51403e-08 -8.7891e-06 0.0025 0.25 0.1795 1.795 0.02 472 4 1 1 
1.235 -1.77556e-07 -4.22794e-05 0.0025 0.25 0.1795 1.795 0.02 473 4 1 1 
1.245 -8.40264e-07 -0.000188666 0.0025 0.25 0.1795 1.795 0.02 474 4 1 1 
1.255 -3.49568e-06 -0.000641608 0.0025 0.250001 0.179501 1.795 0.0199999 475 3 1 1 
1.265 -6.74537e-06 0.00147736 0.0025 0.249998 0.179498 1.79499 0.0200002 476 4 1 1 
1.275 0.000131411 0.0583776 0.0025 0.249974 0.179473 1.79492 0.0200021 477 5 1 0.999997 
1.285 0.000180056 -0.209032 0.0025 0.250192 0.17969 1.79554 0.0199847 478 4 1 0.999537 
1.29498 -0.00912575 -3.63482 0.0025 0.253006 0.182534 1.80377 0.0197624 479 4 1 0.992148 
1.30477 -0.0699589 -16.1745 0.0025 0.266309 0.196437 1.84434 0.0187751 480 4 1 0.968894 
1.31382 -0.230944 -30.1157 0.0025 0.300153 0.233917 1.94851 0.0166582 481 4 1 0.96078 
1.32158 -0.431236 -25.974 0.0025 0.350509 0.293551 2.09364 0.014265 482 4 1 0.977974 
1.3282 -0.560031 -12.671 0.0025 0.397069 0.351741 2.21438 0.0125923 483 4 1 0.991168 
1.33421 -0.620799 -6.3229 0.0025 0.427053 0.390246 2.28439 0.0117082 484 4 1 0.997289 
1.33992 -0.651749 -2.96219 0.0025 0.443548 0.411741 2.32065 0.0112727 485 4 1 0.99941 
1.34548 -0.665006 -1.19189 0.0025 0.451538 0.422281 2.33797 0.0110733 486 4 1 0.999907 
1.35099 -0.67029 -0.440875 0.0025 0.454789 0.426659 2.34535 0.0109941 487 4 1 0.99999 
1.35648 -0.672167 -0.148897 0.0025 0.455928 0.428298 2.34849 0.0109666 488 4 1 1 
1.36196 -0.672809 -0.0466879 0.0025 0.456208 0.42885 2.35008 0.0109599 489 3 1 1 
1.36744 -0.673034 -0.0143348 0.0025 0.456157 0.42902 2.35127 0.0109611 490 4 1 1 
1.37292 -0.673126 -0.00351044 0.0025 0.455953 0.429061 2.35255 0.010966 491 4 1 1 
1.3784 -0.673179 0.000314995 0.0025 0.455631 0.429054 2.35417 0.0109738 492 4 1 0.999999 
1.38389 -0.67322 0.00200057 0.0025 0.455162 0.429014 2.35638 0.0109851 493 4 1 0.999997 
1.38939 -0.673257 0.00304611 0.0025 0.454463 0.428931 2.35955 0.011002 494 4 1 0.999994 
1.39489 -0.673295 0.00390163 0.0025 0.453374 0.428792 2.36445 0.0110284 495 4 1 0.999986 
1.40042 -0.673335 0.00480109 0.0025 0.451748 0.428831 2.37318 0.0110681 496 4 1 0.999967 
1.40596 -0.673378 0.00580458 0.0025 0.450146 0.430498 2.39088 0.0111075 497 5 1 0.99866 
1.41152 -0.673424 0.00688452 0.0025 0.458755 0.449951 2.45202 0.0108991 498 4 1 0.993699 
1.41687 -0.673471 0.00797953 0.0025 0.481233 0.415492 2.15848 0.01039 499 4 1 0.993705 
