# Time [s]: 0.128985
# Columns: pos [m], vel [m/s], acc [m/s^2], mass [kg], dens [kg/m^3], pres [Pa], ene [J/kg], sml [m], id, neighbor, alpha, gradh, ...additional?
1.41535 -0.673442 0.00709102 0.0025 0.506803 0.440164 2.17128 0.00986576 0 4 1 0.994711 
1.42017 -0.673483 0.00802167 0.0025 0.530879 0.411473 1.9377 0.00941835 1 4 1 0.99967 
1.42478 -0.673527 0.00904823 0.0025 0.543992 0.426928 1.96201 0.00919131 2 4 1 0.999987 
1.42936 -0.673575 0.0102302 0.0025 0.545602 0.428661 1.96417 0.00916419 3 4 1 0.999999 
1.43394 -0.673628 0.0115847 0.0025 0.546002 0.428894 1.96379 0.00915748 4 4 1 1 
1.43852 -0.673687 0.0131062 0.0025 0.546081 0.428925 1.96365 0.00915616 5 4 1 1 
1.4431 -0.673754 0.0147987 0.0025 0.546084 0.4289 1.96353 0.0091561 6 3 1 1 
1.44767 -0.673828 0.0166712 0.0025 0.546068 0.42886 1.9634 0.00915637 7 4 1 1 
1.45225 -0.67391 0.0187099 0.0025 0.546042 0.428814 1.96328 0.00915681 8 4 1 1 
1.45683 -0.674003 0.0209255 0.0025 0.546008 0.428762 1.96317 0.00915737 9 4 1 1 
1.46141 -0.674105 0.0234282 0.0025 0.545967 0.428703 1.96304 0.00915806 10 4 1 1 
1.46599 -0.674219 0.0263368 0.0025 0.545917 0.428637 1.96292 0.0091589 11 4 1 1 
1.47057 -0.674347 0.0297748 0.0025 0.545858 0.428562 1.96279 0.0091599 12 4 1 1 
1.47515 -0.674495 0.0342594 0.0025 0.545786 0.428475 1.96265 0.0091611 13 4 1 1 
1.47973 -0.674669 0.0407621 0.0025 0.545698 0.428372 1.96249 0.00916258 14 4 1 1 
1.48431 -0.674879 0.05006 0.0025 0.545588 0.428244 1.96231 0.00916442 15 4 1 1 
1.48889 -0.675141 0.0627803 0.0025 0.545448 0.428085 1.96208 0.00916678 16 4 1 1 
1.49348 -0.675474 0.080039 0.0025 0.545268 0.427882 1.9618 0.00916981 17 4 1 1 
1.49806 -0.675897 0.102154 0.0025 0.545038 0.427626 1.96145 0.00917366 18 4 1 1 
-0.497348 -0.676426 0.127006 0.0025 0.544754 0.427309 1.96102 0.00917846 19 4 1 0.999999 
-0.492757 -0.677066 0.150944 0.0025 0.544417 0.426936 1.96052 0.00918414 20 4 1 0.999999 
-0.488164 -0.677792 0.169113 0.0025 0.544049 0.426528 1.95997 0.00919036 21 4 1 0.999999 
-0.483567 -0.678521 0.165916 0.0025 0.543688 0.426128 1.95944 0.00919646 22 4 1 0.999999 
-0.478967 -0.67917 0.138911 0.0025 0.543407 0.425817 1.95902 0.00920121 23 4 1 0.999999 
-0.474366 -0.67945 0.0550467 0.0025 0.543233 0.425624 1.95875 0.00920415 24 5 1 0.999999 
-0.469763 -0.679971 0.01536 0.0025 0.543417 0.425814 1.959 0.00920104 25 4 1 0.999935 
-0.465165 -0.676458 -1.67542 0.0025 0.545643 0.428247 1.96218 0.0091635 26 4 1 0.999603 
-0.4606 -0.66494 -3.54213 0.0025 0.55156 0.434763 1.97066 0.0090652 27 4 1 0.999168 
-0.456099 -0.646965 -4.77724 0.0025 0.560727 0.444919 1.9837 0.008917 28 4 1 0.998943 
-0.451682 -0.625987 -5.18909 0.0025 0.57162 0.457074 1.99903 0.00874706 29 4 1 0.998991 
-0.447351 -0.605243 -4.91427 0.0025 0.5827 0.469527 2.01444 0.00858075 30 4 1 0.999145 
-0.4431 -0.58652 -4.49838 0.0025 0.593119 0.481319 2.02876 0.00843002 31 4 1 0.999234 
-0.43892 -0.569156 -4.41742 0.0025 0.603027 0.492607 2.04224 0.0082915 32 4 1 0.999203 
-0.434808 -0.551538 -4.78145 0.0025 0.61316 0.504229 2.05588 0.00815448 33 4 1 0.999096 
-0.430765 -0.532545 -5.31177 0.0025 0.624117 0.516885 2.07049 0.00801132 34 4 1 0.99897 
-0.426796 -0.512019 -5.84099 0.0025 0.636071 0.530798 2.08626 0.00786076 35 4 1 0.998876 
-0.422904 -0.490332 -6.2284 0.0025 0.648884 0.545828 2.10297 0.00770554 36 4 1 0.998826 
-0.41909 -0.467957 -6.50886 0.0025 0.662304 0.561698 2.12026 0.0075494 37 4 1 0.998811 
-0.415353 -0.445354 -6.70995 0.0025 0.676128 0.578179 2.13785 0.00739505 38 4 1 0.998823 
-0.411694 -0.42273 -6.83924 0.0025 0.690192 0.595086 2.15552 0.00724436 39 4 1 0.998852 
-0.408108 -0.400341 -6.93117 0.0025 0.704378 0.612279 2.17313 0.00709846 40 4 1 0.998891 
-0.404594 -0.378206 -6.98399 0.0025 0.718607 0.629663 2.19058 0.00695791 41 4 1 0.998933 
-0.40115 -0.356425 -7.03609 0.0025 0.732835 0.647185 2.20782 0.00682282 42 4 1 0.998974 
-0.397771 -0.335045 -7.08155 0.0025 0.74705 0.664828 2.22485 0.00669299 43 4 1 0.999017 
-0.394456 -0.314011 -7.10222 0.0025 0.761227 0.682556 2.24164 0.00656834 44 4 1 0.999057 
-0.391202 -0.293379 -7.14149 0.0025 0.775358 0.70036 2.25819 0.00644863 45 4 1 0.999097 
-0.388007 -0.273107 -7.14791 0.0025 0.789433 0.718222 2.2745 0.00633366 46 4 1 0.999134 
-0.384868 -0.253197 -7.18036 0.0025 0.803447 0.736134 2.29056 0.00622319 47 4 1 0.99917 
-0.381783 -0.233689 -7.19179 0.0025 0.817404 0.754098 2.30639 0.00611693 48 4 1 0.999205 
-0.37875 -0.214511 -7.2009 0.0025 0.831287 0.772089 2.32198 0.00601477 49 4 1 0.999238 
-0.375768 -0.195696 -7.208 0.0025 0.845095 0.790102 2.33733 0.0059165 50 4 1 0.99927 
-0.372833 -0.177223 -7.21847 0.0025 0.858828 0.808135 2.35245 0.00582189 51 4 1 0.9993 
-0.369946 -0.159085 -7.21057 0.0025 0.872479 0.826174 2.36733 0.0057308 52 4 1 0.999328 
-0.367102 -0.141295 -7.23217 0.0025 0.886055 0.844227 2.38199 0.00564299 53 4 1 0.999355 
-0.364302 -0.123818 -7.23079 0.0025 0.899557 0.862293 2.39644 0.00555829 54 4 1 0.999388 
-0.361544 -0.106665 -7.15969 0.0025 0.912914 0.880273 2.41062 0.00547697 55 4 1 0.999425 
-0.358825 -0.0900676 -7.02696 0.0025 0.926052 0.898052 2.42442 0.00539926 56 4 1 0.999438 
-0.356144 -0.0738606 -7.17891 0.0025 0.93915 0.915869 2.43807 0.00532397 57 4 1 0.999411 
-0.353501 -0.0569919 -7.81129 0.0025 0.952668 0.93441 2.45208 0.00524842 58 4 1 0.999486 
-0.350895 -0.0401407 -7.0492 0.0025 0.965813 0.952588 2.46561 0.00517699 59 4 1 0.999729 
-0.348323 -0.0277905 -3.98795 0.0025 0.976077 0.966722 2.47598 0.00512255 60 4 1 0.99977 
-0.345773 -0.0196598 -4.42178 0.0025 0.984662 0.978421 2.4845 0.00507789 61 4 1 0.999352 
-0.343245 -0.00353274 -11.1646 0.0025 0.998391 0.997675 2.49842 0.00500806 62 4 1 0.999081 
-0.340764 0.0218915 -11.3356 0.0025 1.01669 1.02374 2.51691 0.00491793 63 4 1 0.999835 
-0.338327 0.0354811 -2.02821 0.0025 1.02806 1.03979 2.52809 0.00486354 64 4 1 1.00001 
-0.335901 0.0354888 0.83849 0.0025 1.02942 1.04151 2.52927 0.00485712 65 3 1 1 
-0.33347 0.0326368 1.59313 0.0025 1.02696 1.03799 2.52682 0.00486873 66 4 1 0.999986 
-0.331032 0.0288032 1.96351 0.0025 1.02359 1.03321 2.52348 0.00488477 67 4 1 0.99997 
-0.328585 0.024451 2.1628 0.0025 1.01985 1.02792 2.51977 0.00490269 68 4 1 0.999961 
-0.326129 0.0199513 2.17884 0.0025 1.01606 1.02256 2.51601 0.00492097 69 4 1 0.999959 
-0.323664 0.0156442 2.03707 0.0025 1.0125 1.01754 2.51246 0.00493828 70 4 1 0.999962 
-0.321191 0.0117937 1.78179 0.0025 1.00936 1.01312 2.50933 0.00495364 71 4 1 0.99997 
-0.318711 0.00855705 1.46793 0.0025 1.00675 1.00945 2.50673 0.00496647 72 4 1 0.999979 
-0.316224 0.00598421 1.14583 0.0025 1.0047 1.00657 2.50468 0.00497662 73 4 1 0.999987 
-0.313734 0.0040399 0.851854 0.0025 1.00316 1.00441 2.50315 0.00498426 74 4 1 0.999992 
-0.31124 0.0026366 0.605836 0.0025 1.00205 1.00287 2.50205 0.00498975 75 4 1 0.999996 
-0.308744 0.00166552 0.413655 0.0025 1.00129 1.0018 2.50129 0.00499354 76 4 1 0.999998 
-0.306247 0.00101927 0.271895 0.0025 1.00079 1.0011 2.50079 0.00499606 77 4 1 0.999999 
-0.303748 0.000604702 0.172391 0.0025 1.00047 1.00065 2.50046 0.00499767 78 4 1 1 
-0.301249 0.000347923 0.105581 0.0025 1.00027 1.00037 2.50027 0.00499866 79 4 1 1 
-0.298749 0.000194182 0.0625209 0.0025 1.00015 1.00021 2.50015 0.00499925 80 4 1 1 
-0.29625 0.000105136 0.0358178 0.0025 1.00008 1.00011 2.50008 0.0049996 81 4 1 1 
-0.29375 5.522e-05 0.0198595 0.0025 1.00004 1.00006 2.50004 0.00499979 82 4 1 1 
-0.29125 2.81314e-05 0.0106591 0.0025 1.00002 1.00003 2.50002 0.00499989 83 4 1 1 
-0.28875 1.38981e-05 0.00553833 0.0025 1.00001 1.00001 2.50001 0.00499995 84 4 1 1 
-0.28625 6.65705e-06 0.0027857 0.0025 1.00001 1.00001 2.50001 0.00499997 85 4 1 1 
-0.28375 3.09054e-06 0.00135624 0.0025 1 1 2.5 0.00499999 86 4 1 1 
-0.28125 1.39012e-06 0.000638993 0.0025 1 1 2.5 0.00499999 87 4 1 1 
-0.27875 6.05545e-07 0.000291268 0.0025 1 1 2.5 0.005 88 4 1 1 
-0.27625 2.55321e-07 0.000128401 0.0025 1 1 2.5 0.005 89 4 1 1 
-0.27375 1.04138e-07 5.47172e-05 0.0025 1 1 2.5 0.005 90 4 1 1 
-0.27125 4.10577e-08 2.25274e-05 0.0025 1 1 2.5 0.005 91 4 1 1 
-0.26875 1.56342e-08 8.95432e-06 0.0025 1 1 2.5 0.005 92 4 1 1 
-0.26625 5.74394e-09 3.43336e-06 0.0025 1 1 2.5 0.005 93 4 1 1 
-0.26375 2.03364e-09 1.26866e-06 0.0025 1 1 2.5 0.005 94 4 1 1 
-0.26125 6.92811e-10 4.51163e-07 0.0025 1 1 2.5 0.005 95 4 1 1 
-0.25875 2.26746e-10 1.54222e-07 0.0025 1 1 2.5 0.005 96 4 1 1 
-0.25625 7.11282e-11 5.05591e-08 0.0025 1 1 2.5 0.005 97 4 1 1 
-0.25375 2.13129e-11 1.58609e-08 0.0025 1 1 2.5 0.005 98 4 1 1 
-0.25125 6.09265e-12 4.74387e-09 0.0025 1 1 2.5 0.005 99 4 1 1 
-0.24875 1.6581e-12 1.36106e-09 0.0025 1 1 2.5 0.005 100 4 1 1 
-0.24625 4.10834e-13 3.62434e-10 0.0025 1 1 2.5 0.005 101 4 1 1 
-0.24375 1.00081e-13 8.61746e-11 0.0025 1 1 2.5 0.005 102 4 1 1 
-0.24125 1.92854e-14 2.93312e-11 0.0025 1 1 2.5 0.005 103 4 1 1 
-0.23875 3.46816e-16 1.02318e-12 0.0025 1 1 2.5 0.005 104 5 1 1 
-0.23625 3.46879e-17 -3.9443e-29 0.0025 1 1 2.5 0.005 105 5 1 1 
-0.23375 6.84099e-48 0 0.0025 1 1 2.5 0.005 106 5 1 1 
-0.23125 0 0 0.0025 1 1 2.5 0.005 107 5 1 1 
-0.22875 0 0 0.0025 1 1 2.5 0.005 108 5 1 1 
-0.22625 0 0 0.0025 1 1 2.5 0.005 109 5 1 1 
-0.22375 0 0 0.0025 1 1 2.5 0.005 110 5 1 1 
-0.22125 0 0 0.0025 1 1 2.5 0.005 111 5 1 1 
-0.21875 0 0 0.0025 1 1 2.5 0.005 112 5 1 1 
-0.21625 0 0 0.0025 1 1 2.5 0.005 113 5 1 1 
-0.21375 0 0 0.0025 1 1 2.5 0.005 114 5 1 1 
-0.21125 0 0 0.0025 1 1 2.5 0.005 115 5 1 1 
-0.20875 0 0 0.0025 1 1 2.5 0.005 116 5 1 1 
-0.20625 0 0 0.0025 1 1 2.5 0.005 117 5 1 1 
-0.20375 0 0 0.0025 1 1 2.5 0.005 118 5 1 1 
-0.20125 0 0 0.0025 1 1 2.5 0.005 119 5 1 1 
-0.19875 0 0 0.0025 1 1 2.5 0.005 120 5 1 1 
-0.19625 0 0 0.0025 1 1 2.5 0.005 121 5 1 1 
-0.19375 0 0 0.0025 1 1 2.5 0.005 122 5 1 1 
-0.19125 0 0 0.0025 1 1 2.5 0.005 123 5 1 1 
-0.18875 0 0 0.0025 1 1 2.5 0.005 124 5 1 1 
-0.18625 0 0 0.0025 1 1 2.5 0.005 125 5 1 1 
-0.18375 0 0 0.0025 1 1 2.5 0.005 126 5 1 1 
-0.18125 0 0 0.0025 1 1 2.5 0.005 127 5 1 1 
-0.17875 0 0 0.0025 1 1 2.5 0.005 128 5 1 1 
-0.17625 0 0 0.0025 1 1 2.5 0.005 129 5 1 1 
-0.17375 0 0 0.0025 1 1 2.5 0.005 130 5 1 1 
-0.17125 0 0 0.0025 1 1 2.5 0.005 131 5 1 1 
-0.16875 0 0 0.0025 1 1 2.5 0.005 132 5 1 1 
-0.16625 0 0 0.0025 1 1 2.5 0.005 133 5 1 1 
-0.16375 0 0 0.0025 1 1 2.5 0.005 134 5 1 1 
-0.16125 0 0 0.0025 1 1 2.5 0.005 135 5 1 1 
-0.15875 0 0 0.0025 1 1 2.5 0.005 136 5 1 1 
-0.15625 0 0 0.0025 1 1 2.5 0.005 137 5 1 1 
-0.15375 0 0 0.0025 1 1 2.5 0.005 138 5 1 1 
-0.15125 0 0 0.0025 1 1 2.5 0.005 139 5 1 1 
-0.14875 0 0 0.0025 1 1 2.5 0.005 140 5 1 1 
-0.14625 0 0 0.0025 1 1 2.5 0.005 141 5 1 1 
-0.14375 0 0 0.0025 1 1 2.5 0.005 142 5 1 1 
-0.14125 0 0 0.0025 1 1 2.5 0.005 143 5 1 1 
-0.13875 0 0 0.0025 1 1 2.5 0.005 144 5 1 1 
-0.13625 0 0 0.0025 1 1 2.5 0.005 145 5 1 1 
-0.13375 0 0 0.0025 1 1 2.5 0.005 146 5 1 1 
-0.13125 0 0 0.0025 1 1 2.5 0.005 147 5 1 1 
-0.12875 0 0 0.0025 1 1 2.5 0.005 148 5 1 1 
-0.12625 0 0 0.0025 1 1 2.5 0.005 149 5 1 1 
-0.12375 0 0 0.0025 1 1 2.5 0.005 150 5 1 1 
-0.12125 0 0 0.0025 1 1 2.5 0.005 151 5 1 1 
-0.11875 0 0 0.0025 1 1 2.5 0.005 152 5 1 1 
-0.11625 0 0 0.0025 1 1 2.5 0.005 153 5 1 1 
-0.11375 0 0 0.0025 1 1 2.5 0.005 154 5 1 1 
-0.11125 0 0 0.0025 1 1 2.5 0.005 155 5 1 1 
-0.10875 0 0 0.0025 1 1 2.5 0.005 156 5 1 1 
-0.10625 0 0 0.0025 1 1 2.5 0.005 157 5 1 1 
-0.10375 0 0 0.0025 1 1 2.5 0.005 158 5 1 1 
-0.10125 0 0 0.0025 1 1 2.5 0.005 159 5 1 1 
-0.09875 0 0 0.0025 1 1 2.5 0.005 160 5 1 1 
-0.09625 0 0 0.0025 1 1 2.5 0.005 161 5 1 1 
-0.09375 0 0 0.0025 1 1 2.5 0.005 162 5 1 1 
-0.09125 0 0 0.0025 1 1 2.5 0.005 163 5 1 1 
-0.08875 0 0 0.0025 1 1 2.5 0.005 164 5 1 1 
-0.08625 0 0 0.0025 1 1 2.5 0.005 165 5 1 1 
-0.08375 0 0 0.0025 1 1 2.5 0.005 166 5 1 1 
-0.08125 0 0 0.0025 1 1 2.5 0.005 167 5 1 1 
-0.07875 0 0 0.0025 1 1 2.5 0.005 168 5 1 1 
-0.07625 0 0 0.0025 1 1 2.5 0.005 169 5 1 1 
-0.07375 0 0 0.0025 1 1 2.5 0.005 170 5 1 1 
-0.07125 0 0 0.0025 1 1 2.5 0.005 171 5 1 1 
-0.06875 0 0 0.0025 1 1 2.5 0.005 172 5 1 1 
-0.06625 0 0 0.0025 1 1 2.5 0.005 173 5 1 1 
-0.06375 -2.15119e-46 -1.12104e-44 0.0025 1 1 2.5 0.005 174 5 1 1 
-0.06125 -1.38367e-16 -1.12104e-44 0.0025 1 1 2.5 0.005 175 5 1 1 
-0.05875 -2.76163e-16 0 0.0025 1 1 2.5 0.005 176 5 1 1 
-0.05625 -4.13249e-16 0 0.0025 1 1 2.5 0.005 177 5 1 1 
-0.05375 -5.49379e-16 0 0.0025 1 1 2.5 0.005 178 5 1 1 
-0.05125 -7.0149e-16 -5.68434e-14 0.0025 1 1 2.5 0.005 179 5 1 1 
-0.04875 -8.69386e-16 5.68434e-14 0.0025 1 1 2.5 0.005 180 5 1 1 
-0.04625 -1.10503e-15 -5.68434e-14 0.0025 1 1 2.5 0.005 181 5 1 1 
-0.04375 -1.35496e-15 -2.24208e-44 0.0025 1 1 2.5 0.005 182 5 1 1 
-0.04125 -1.68715e-15 1.12104e-44 0.0025 1 1 2.5 0.005 183 5 1 1 
-0.03875 -2.16592e-15 -5.68434e-14 0.0025 1 1 2.5 0.005 184 5 1 1 
-0.03625 -3.13729e-16 3.97904e-13 0.0025 1 1 2.5 0.005 185 5 1 1 
-0.03375 -3.11476e-15 4.54747e-13 0.0025 1 1 2.5 0.005 186 4 1 1 
-0.03125 -6.07802e-16 -1.08002e-12 0.0025 1 1 2.5 0.005 187 3 1 1 
-0.02875 -2.48569e-15 4.54747e-13 0.0025 1 1 2.5 0.005 188 4 1 1 
-0.02625 -1.67889e-15 -2.76101e-28 0.0025 1 1 2.5 0.005 189 4 1 1 
-0.02375 -4.98039e-16 3.15544e-28 0.0025 1 1 2.5 0.005 190 4 1 1 
-0.02125 -7.96708e-16 -1.13687e-13 0.0025 1 1 2.5 0.005 191 5 1 1 
-0.01875 -7.70251e-16 -1.13687e-13 0.0025 1 1 2.5 0.005 192 5 1 1 
-0.01625 -2.52841e-15 -1.13687e-13 0.0025 1 1 2.5 0.005 193 4 1 1 
-0.01375 2.83484e-16 5.68434e-14 0.0025 1 1 2.5 0.005 194 3 1 1 
-0.01125 -7.71629e-16 -5.68434e-14 0.0025 1 1 2.5 0.005 195 3 1 1 
-0.00875 -1.24369e-15 -1.13687e-13 0.0025 1 1 2.5 0.005 196 3 1 1 
-0.00625 2.87412e-16 1.13687e-13 0.0025 1 1 2.5 0.005 197 3 1 1 
-0.00375 -3.63498e-16 -5.68434e-14 0.0025 1 1 2.5 0.005 198 5 1 1 
-0.00125 -4.1526e-16 1.13687e-13 0.0025 1 1 2.5 0.005 199 5 1 1 
0.00125 -4.09091e-16 1.13687e-13 0.0025 1 1 2.5 0.005 200 3 1 1 
0.00375 -4.01013e-16 3.9443e-29 0.0025 1 1 2.5 0.005 201 3 1 1 
0.00625 -1.5981e-16 -5.68434e-14 0.0025 1 1 2.5 0.005 202 4 1 1 
0.00875 -9.73111e-16 -5.68434e-14 0.0025 1 1 2.5 0.005 203 3 1 1 
0.01125 -5.8301e-17 5.68434e-14 0.0025 1 1 2.5 0.005 204 3 1 1 
0.01375 -1.93929e-16 -5.68434e-14 0.0025 1 1 2.5 0.005 205 4 1 1 
0.01625 -4.61604e-16 -5.68434e-14 0.0025 1 1 2.5 0.005 206 4 1 1 
0.01875 -1.16304e-15 2.07076e-28 0.0025 1 1 2.5 0.005 207 5 1 1 
0.02125 1.01591e-15 -5.91646e-28 0.0025 1 1 2.5 0.005 208 5 1 1 
0.02375 1.61039e-17 5.68434e-14 0.0025 1 1 2.5 0.005 209 4 1 1 
0.02625 2.77272e-15 2.76101e-28 0.0025 1 1 2.5 0.005 210 3 1 1 
0.02875 1.52684e-15 5.68434e-14 0.0025 1 1 2.5 0.005 211 3 1 1 
0.03125 5.08493e-15 -5.68434e-14 0.0025 1 1 2.5 0.005 212 4 1 1 
0.03375 3.41369e-15 5.68434e-14 0.0025 1 1 2.5 0.005 213 5 1 1 
0.03625 3.12036e-15 5.68434e-14 0.0025 1 1 2.5 0.005 214 5 1 1 
0.03875 2.64395e-15 -1.12104e-44 0.0025 1 1 2.5 0.005 215 5 1 1 
0.04125 2.14376e-15 2.24208e-44 0.0025 1 1 2.5 0.005 216 5 1 1 
0.04375 1.67131e-15 2.24208e-44 0.0025 1 1 2.5 0.005 217 5 1 1 
0.04625 1.26517e-15 2.24208e-44 0.0025 1 1 2.5 0.005 218 5 1 1 
0.04875 1.02845e-15 2.24208e-44 0.0025 1 1 2.5 0.005 219 5 1 1 
0.05125 8.079e-16 5.68434e-14 0.0025 1 1 2.5 0.005 220 5 1 1 
0.05375 6.02845e-16 -5.68434e-14 0.0025 1 1 2.5 0.005 221 5 1 1 
0.05625 4.65883e-16 5.68434e-14 0.0025 1 1 2.5 0.005 222 5 1 1 
0.05875 3.10967e-16 0 0.0025 1 1 2.5 0.005 223 5 1 1 
0.06125 1.72997e-16 1.12104e-44 0.0025 1 1 2.5 0.005 224 5 1 1 
0.06375 3.46746e-17 1.12104e-44 0.0025 1 1 2.5 0.005 225 5 1 1 
0.06625 1.3671e-47 0 0.0025 1 1 2.5 0.005 226 5 1 1 
0.06875 0 0 0.0025 1 1 2.5 0.005 227 5 1 1 
0.07125 0 0 0.0025 1 1 2.5 0.005 228 5 1 1 
0.07375 0 0 0.0025 1 1 2.5 0.005 229 5 1 1 
0.07625 0 0 0.0025 1 1 2.5 0.005 230 5 1 1 
0.07875 0 0 0.0025 1 1 2.5 0.005 231 5 1 1 
0.08125 0 0 0.0025 1 1 2.5 0.005 232 5 1 1 
0.08375 0 0 0.0025 1 1 2.5 0.005 233 5 1 1 
0.08625 0 0 0.0025 1 1 2.5 0.005 234 5 1 1 
0.08875 0 0 0.0025 1 1 2.5 0.005 235 5 1 1 
0.09125 0 0 0.0025 1 1 2.5 0.005 236 5 1 1 
0.09375 -1.03926e-45 -1.12104e-44 0.0025 1 1 2.5 0.005 237 5 1 1 
0.09625 -1.69188e-16 0 0.0025 1 1 2.5 0.005 238 5 1 1 
0.09875 -3.37357e-16 1.12104e-44 0.0025 1 1 2.5 0.005 239 5 1 1 
0.10125 1.58941e-15 0 0.0025 1 1 2.5 0.005 240 5 1 1 
0.10375 1.42405e-15 6.72623e-44 0.0025 1 1 2.5 0.005 241 5 1 1 
0.10625 2.94304e-15 -1.56945e-43 0.0025 1 1 2.5 0.005 242 5 1 1 
0.10875 1.28096e-15 6.72623e-44 0.0025 1 1 2.5 0.005 243 5 1 1 
0.11125 1.17275e-15 -1.00893e-43 0.0025 1 1 2.5 0.005 244 5 1 1 
0.11375 -1.14565e-15 3.47522e-43 0.0025 1 1 2.5 0.005 245 5 1 1 
0.11625 2.98252e-15 -1.13687e-13 0.0025 1 1 2.5 0.005 246 5 1 1 
0.11875 7.04119e-17 3.9443e-29 0.0025 1 1 2.5 0.005 247 5 1 1 
0.12125 -1.77028e-16 5.68434e-14 0.0025 1 1 2.5 0.005 248 5 1 1 
0.12375 -3.15981e-15 -7.18849e-27 0.0025 1 1 2.5 0.005 249 4 1 1 
0.12625 3.15981e-15 7.18849e-27 0.0025 1 1 2.5 0.005 250 4 1 1 
0.12875 1.77028e-16 -5.68434e-14 0.0025 1 1 2.5 0.005 251 5 1 1 
0.13125 -7.04119e-17 -3.9443e-29 0.0025 1 1 2.5 0.005 252 5 1 1 
0.13375 -2.98252e-15 1.13687e-13 0.0025 1 1 2.5 0.005 253 5 1 1 
0.13625 1.14565e-15 -3.47522e-43 0.0025 1 1 2.5 0.005 254 5 1 1 
0.13875 -1.17275e-15 1.00893e-43 0.0025 1 1 2.5 0.005 255 5 1 1 
0.14125 -1.28096e-15 -6.72623e-44 0.0025 1 1 2.5 0.005 256 5 1 1 
0.14375 -2.94304e-15 1.56945e-43 0.0025 1 1 2.5 0.005 257 5 1 1 
0.14625 -1.42405e-15 -6.72623e-44 0.0025 1 1 2.5 0.005 258 5 1 1 
0.14875 -1.58941e-15 0 0.0025 1 1 2.5 0.005 259 5 1 1 
0.15125 3.37357e-16 -1.12104e-44 0.0025 1 1 2.5 0.005 260 5 1 1 
0.15375 1.69188e-16 0 0.0025 1 1 2.5 0.005 261 5 1 1 
0.15625 1.03926e-45 1.12104e-44 0.0025 1 1 2.5 0.005 262 5 1 1 
0.15875 0 0 0.0025 1 1 2.5 0.005 263 5 1 1 
0.16125 0 0 0.0025 1 1 2.5 0.005 264 5 1 1 
0.16375 0 0 0.0025 1 1 2.5 0.005 265 5 1 1 
0.16625 0 0 0.0025 1 1 2.5 0.005 266 5 1 1 
0.16875 0 0 0.0025 1 1 2.5 0.005 267 5 1 1 
0.17125 0 0 0.0025 1 1 2.5 0.005 268 5 1 1 
0.17375 0 0 0.0025 1 1 2.5 0.005 269 5 1 1 
0.17625 0 0 0.0025 1 1 2.5 0.005 270 5 1 1 
0.17875 0 0 0.0025 1 1 2.5 0.005 271 5 1 1 
0.18125 0 0 0.0025 1 1 2.5 0.005 272 5 1 1 
0.18375 0 0 0.0025 1 1 2.5 0.005 273 5 1 1 
0.18625 0 0 0.0025 1 1 2.5 0.005 274 5 1 1 
0.18875 0 0 0.0025 1 1 2.5 0.005 275 5 1 1 
0.19125 0 0 0.0025 1 1 2.5 0.005 276 5 1 1 
0.19375 0 0 0.0025 1 1 2.5 0.005 277 5 1 1 
0.19625 0 0 0.0025 1 1 2.5 0.005 278 5 1 1 
0.19875 0 0 0.0025 1 1 2.5 0.005 279 5 1 1 
0.20125 -6.43047e-46 -1.12104e-44 0.0025 1 1 2.5 0.005 280 5 1 1 
0.20375 -6.85718e-17 -1.12104e-44 0.0025 1 1 2.5 0.005 281 5 1 1 
0.20625 -2.05192e-16 1.12104e-44 0.0025 1 1 2.5 0.005 282 5 1 1 
0.20875 -3.75697e-16 1.12104e-44 0.0025 1 1 2.5 0.005 283 5 1 1 
0.21125 4.07309e-16 5.68434e-14 0.0025 1 1 2.5 0.005 284 5 1 1 
0.21375 2.38754e-16 5.68434e-14 0.0025 1 1 2.5 0.005 285 5 1 1 
0.21625 2.33239e-15 1.13687e-13 0.0025 1 1 2.5 0.005 286 5 1 1 
0.21875 2.13426e-15 7.84727e-44 0.0025 1 1 2.5 0.005 287 5 1 1 
0.22125 5.34634e-15 5.68434e-14 0.0025 1 1 2.5 0.005 288 5 1 1 
0.22375 4.11422e-15 1.12104e-44 0.0025 1 1 2.5 0.005 289 5 1 1 
0.22625 3.45074e-15 5.68434e-14 0.0025 1 1 2.5 0.005 290 5 1 1 
0.22875 1.48638e-15 1.56945e-43 0.0025 1 1 2.5 0.005 291 5 1 1 
0.23125 1.20667e-15 -1.13687e-13 0.0025 1 1 2.5 0.005 292 5 1 1 
0.23375 -1.65971e-15 4.25995e-43 0.0025 1 1 2.5 0.005 293 5 1 1 
0.23625 3.68974e-15 1.13687e-13 0.0025 1 1 2.5 0.005 294 5 1 1 
0.23875 2.1133e-16 -7.95808e-13 0.0025 1 1 2.5 0.005 295 5 1 1 
0.24125 -1.65077e-14 -2.9388e-11 0.0025 1 1 2.5 0.005 296 4 1 1 
0.24375 -1.01459e-13 -8.62315e-11 0.0025 1 1 2.5 0.005 297 4 1 1 
0.24625 -4.10962e-13 -3.62547e-10 0.0025 1 1 2.5 0.005 298 4 1 1 
0.24875 -1.65965e-12 -1.36095e-09 0.0025 1 1 2.5 0.005 299 4 1 1 
0.25125 -6.08963e-12 -4.74688e-09 0.0025 1 1 2.5 0.005 300 4 1 1 
0.25375 -2.13253e-11 -1.58648e-08 0.0025 1 1 2.5 0.005 301 4 1 1 
0.25625 -7.11219e-11 -5.05538e-08 0.0025 1 1 2.5 0.005 302 4 1 1 
0.25875 -2.26742e-10 -1.54223e-07 0.0025 1 1 2.5 0.005 303 4 1 1 
0.26125 -6.92826e-10 -4.51157e-07 0.0025 1 1 2.5 0.005 304 4 1 1 
0.26375 -2.03364e-09 -1.26866e-06 0.0025 1 1 2.5 0.005 305 4 1 1 
0.26625 -5.74393e-09 -3.43335e-06 0.0025 1 1 2.5 0.005 306 4 1 1 
0.26875 -1.56342e-08 -8.95434e-06 0.0025 1 1 2.5 0.005 307 4 1 1 
0.27125 -4.10577e-08 -2.25274e-05 0.0025 1 1 2.5 0.005 308 4 1 1 
0.27375 -1.04138e-07 -5.47172e-05 0.0025 1 1 2.5 0.005 309 4 1 1 
0.27625 -2.55321e-07 -0.000128401 0.0025 1 1 2.5 0.005 310 4 1 1 
0.27875 -6.05545e-07 -0.000291268 0.0025 1 1 2.5 0.005 311 4 1 1 
0.28125 -1.39012e-06 -0.000638993 0.0025 1 1 2.5 0.00499999 312 4 1 1 
0.28375 -3.09054e-06 -0.00135624 0.0025 1 1 2.5 0.00499999 313 4 1 1 
0.28625 -6.65705e-06 -0.0027857 0.0025 1.00001 1.00001 2.50001 0.00499997 314 4 1 1 
0.28875 -1.38981e-05 -0.00553833 0.0025 1.00001 1.00001 2.50001 0.00499995 315 4 1 1 
0.29125 -2.81314e-05 -0.0106591 0.0025 1.00002 1.00003 2.50002 0.00499989 316 4 1 1 
0.29375 -5.522e-05 -0.0198595 0.0025 1.00004 1.00006 2.50004 0.00499979 317 4 1 1 
0.29625 -0.000105136 -0.0358178 0.0025 1.00008 1.00011 2.50008 0.0049996 318 4 1 1 
0.298749 -0.000194182 -0.0625209 0.0025 1.00015 1.00021 2.50015 0.00499925 319 4 1 1 
0.301249 -0.000347923 -0.105581 0.0025 1.00027 1.00037 2.50027 0.00499866 320 4 1 1 
0.303748 -0.000604702 -0.172391 0.0025 1.00047 1.00065 2.50046 0.00499767 321 4 1 1 
0.306247 -0.00101927 -0.271895 0.0025 1.00079 1.0011 2.50079 0.00499606 322 4 1 0.999999 
0.308744 -0.00166552 -0.413655 0.0025 1.00129 1.0018 2.50129 0.00499354 323 4 1 0.999998 
0.31124 -0.0026366 -0.605836 0.0025 1.00205 1.00287 2.50205 0.00498975 324 4 1 0.999996 
0.313734 -0.0040399 -0.851854 0.0025 1.00316 1.00441 2.50315 0.00498426 325 4 1 0.999992 
0.316224 -0.00598421 -1.14583 0.0025 1.0047 1.00657 2.50468 0.00497662 326 4 1 0.999987 
0.318711 -0.00855705 -1.46793 0.0025 1.00675 1.00945 2.50673 0.00496647 327 4 1 0.999979 
0.321191 -0.0117937 -1.78179 0.0025 1.00936 1.01312 2.50933 0.00495364 328 4 1 0.99997 
0.323664 -0.0156442 -2.03707 0.0025 1.0125 1.01754 2.51246 0.00493828 329 4 1 0.999962 
0.326129 -0.0199513 -2.17884 0.0025 1.01606 1.02256 2.51601 0.00492097 330 4 1 0.999959 
0.328585 -0.024451 -2.1628 0.0025 1.01985 1.02792 2.51977 0.00490269 331 4 1 0.999961 
0.331032 -0.0288032 -1.96351 0.0025 1.02359 1.03321 2.52348 0.00488477 332 4 1 0.99997 
0.33347 -0.0326368 -1.59313 0.0025 1.02696 1.03799 2.52682 0.00486873 333 4 1 0.999986 
0.335901 -0.0354888 -0.83849 0.0025 1.02942 1.04151 2.52927 0.00485712 334 3 1 1 
0.338327 -0.0354811 2.02821 0.0025 1.02806 1.03979 2.52809 0.00486354 335 4 1 1.00001 
0.340764 -0.0218915 11.3356 0.0025 1.01669 1.02374 2.51691 0.00491793 336 4 1 0.999835 
0.343245 0.00353274 11.1646 0.0025 0.998391 0.997675 2.49842 0.00500806 337 4 1 0.999081 
0.345773 0.0196598 4.42178 0.0025 0.984662 0.978421 2.4845 0.00507789 338 4 1 0.999352 
0.348323 0.0277905 3.98795 0.0025 0.976077 0.966722 2.47598 0.00512255 339 4 1 0.99977 
0.350895 0.0401407 7.0492 0.0025 0.965813 0.952588 2.46561 0.00517699 340 4 1 0.999729 
0.353501 0.0569919 7.81129 0.0025 0.952668 0.93441 2.45208 0.00524842 341 4 1 0.999486 
0.356144 0.0738606 7.17891 0.0025 0.93915 0.915869 2.43807 0.00532397 342 4 1 0.999411 
0.358825 0.0900676 7.02696 0.0025 0.926052 0.898052 2.42442 0.00539926 343 4 1 0.999438 
0.361544 0.106665 7.15969 0.0025 0.912914 0.880273 2.41062 0.00547697 344 4 1 0.999425 
0.364302 0.123818 7.23079 0.0025 0.899557 0.862293 2.39644 0.00555829 345 4 1 0.999388 
0.367102 0.141295 7.23217 0.0025 0.886055 0.844227 2.38199 0.00564299 346 4 1 0.999355 
0.369946 0.159085 7.21057 0.0025 0.872479 0.826174 2.36733 0.0057308 347 4 1 0.999328 
0.372833 0.177223 7.21847 0.0025 0.858828 0.808135 2.35245 0.00582189 348 4 1 0.9993 
0.375768 0.195696 7.208 0.0025 0.845095 0.790102 2.33733 0.0059165 349 4 1 0.99927 
0.37875 0.214511 7.2009 0.0025 0.831287 0.772089 2.32198 0.00601477 350 4 1 0.999238 
0.381783 0.233689 7.19179 0.0025 0.817404 0.754098 2.30639 0.00611693 351 4 1 0.999205 
0.384868 0.253197 7.18036 0.0025 0.803447 0.736134 2.29056 0.00622319 352 4 1 0.99917 
0.388007 0.273107 7.14791 0.0025 0.789433 0.718222 2.2745 0.00633366 353 4 1 0.999134 
0.391202 0.293379 7.14149 0.0025 0.775358 0.70036 2.25819 0.00644863 354 4 1 0.999097 
0.394456 0.314011 7.10222 0.0025 0.761227 0.682556 2.24164 0.00656834 355 4 1 0.999057 
0.397771 0.335045 7.08155 0.0025 0.74705 0.664828 2.22485 0.00669299 356 4 1 0.999017 
0.40115 0.356425 7.03609 0.0025 0.732835 0.647185 2.20782 0.00682282 357 4 1 0.998974 
0.404594 0.378206 6.98399 0.0025 0.718607 0.629663 2.19058 0.00695791 358 4 1 0.998933 
0.408108 0.400341 6.93117 0.0025 0.704378 0.612279 2.17313 0.00709846 359 4 1 0.998891 
0.411694 0.42273 6.83924 0.0025 0.690192 0.595086 2.15552 0.00724436 360 4 1 0.998852 
0.415353 0.445354 6.70995 0.0025 0.676128 0.578179 2.13785 0.00739505 361 4 1 0.998823 
0.41909 0.467957 6.50886 0.0025 0.662304 0.561698 2.12026 0.0075494 362 4 1 0.998811 
0.422904 0.490332 6.2284 0.0025 0.648884 0.545828 2.10297 0.00770554 363 4 1 0.998826 
0.426796 0.512019 5.84099 0.0025 0.636071 0.530798 2.08626 0.00786076 364 4 1 0.998876 
0.430765 0.532545 5.31177 0.0025 0.624117 0.516885 2.07049 0.00801132 365 4 1 0.99897 
0.434808 0.551538 4.78145 0.0025 0.61316 0.504229 2.05588 0.00815448 366 4 1 0.999096 
0.43892 0.569156 4.41742 0.0025 0.603027 0.492607 2.04224 0.0082915 367 4 1 0.999203 
0.4431 0.58652 4.49838 0.0025 0.593119 0.481319 2.02876 0.00843002 368 4 1 0.999234 
0.447351 0.605243 4.91427 0.0025 0.5827 0.469527 2.01444 0.00858075 369 4 1 0.999145 
0.451682 0.625987 5.18909 0.0025 0.57162 0.457074 1.99903 0.00874706 370 4 1 0.998991 
0.456099 0.646965 4.77724 0.0025 0.560727 0.444919 1.9837 0.008917 371 4 1 0.998943 
0.4606 0.66494 3.54213 0.0025 0.55156 0.434763 1.97066 0.0090652 372 4 1 0.999168 
0.465165 0.676458 1.67542 0.0025 0.545643 0.428247 1.96218 0.0091635 373 4 1 0.999603 
0.469763 0.679971 -0.01536 0.0025 0.543417 0.425814 1.959 0.00920104 374 4 1 0.999935 
0.474366 0.67945 -0.0550467 0.0025 0.543233 0.425624 1.95875 0.00920415 375 5 1 0.999999 
0.478967 0.67917 -0.138911 0.0025 0.543407 0.425817 1.95902 0.00920121 376 4 1 0.999999 
0.483567 0.678521 -0.165916 0.0025 0.543688 0.426128 1.95944 0.00919646 377 4 1 0.999999 
0.488164 0.677792 -0.169113 0.0025 0.544049 0.426528 1.95997 0.00919036 378 4 1 0.999999 
0.492757 0.677066 -0.150944 0.0025 0.544417 0.426936 1.96052 0.00918414 379 4 1 0.999999 
0.497348 0.676426 -0.127006 0.0025 0.544754 0.427309 1.96102 0.00917846 380 4 1 0.999999 
0.501936 0.675897 -0.102154 0.0025 0.545038 0.427626 1.96145 0.00917366 381 4 1 1 
0.506522 0.675474 -0.080039 0.0025 0.545268 0.427882 1.9618 0.00916981 382 4 1 1 
0.511106 0.675141 -0.0627803 0.0025 0.545448 0.428085 1.96208 0.00916678 383 4 1 1 
0.515688 0.674879 -0.05006 0.0025 0.545588 0.428244 1.96231 0.00916442 384 4 1 1 
0.52027 0.674669 -0.0407621 0.0025 0.545698 0.428372 1.96249 0.00916258 385 4 1 1 
0.524851 0.674495 -0.0342594 0.0025 0.545786 0.428475 1.96265 0.0091611 386 4 1 1 
0.529431 0.674347 -0.0297748 0.0025 0.545858 0.428562 1.96279 0.0091599 387 4 1 1 
0.534011 0.674219 -0.0263368 0.0025 0.545917 0.428637 1.96292 0.0091589 388 4 1 1 
0.53859 0.674105 -0.0234282 0.0025 0.545967 0.428703 1.96304 0.00915806 389 4 1 1 
0.543169 0.674003 -0.0209255 0.0025 0.546008 0.428762 1.96317 0.00915737 390 4 1 1 
0.547747 0.67391 -0.0187099 0.0025 0.546042 0.428814 1.96328 0.00915681 391 4 1 1 
0.552326 0.673828 -0.0166712 0.0025 0.546068 0.42886 1.9634 0.00915637 392 4 1 1 
0.556904 0.673754 -0.0147987 0.0025 0.546084 0.4289 1.96353 0.0091561 393 3 1 1 
0.561482 0.673687 -0.0131062 0.0025 0.546081 0.428925 1.96365 0.00915616 394 4 1 1 
0.56606 0.673628 -0.0115847 0.0025 0.546002 0.428894 1.96379 0.00915748 395 4 1 1 
0.570639 0.673575 -0.0102302 0.0025 0.545602 0.428661 1.96417 0.00916419 396 4 1 0.999999 
0.575224 0.673527 -0.00904823 0.0025 0.543992 0.426928 1.96201 0.00919131 397 4 1 0.999987 
0.579831 0.673483 -0.00802167 0.0025 0.530879 0.411473 1.9377 0.00941835 398 4 1 0.99967 
0.584647 0.673442 -0.00709102 0.0025 0.506803 0.440164 2.17128 0.00986576 399 4 1 0.994711 
0.589703 0.673402 -0.00624049 0.0025 0.481272 0.41554 2.15855 0.0103891 400 4 1 0.993703 
0.595046 0.673364 -0.00545328 0.0025 0.45879 0.449999 2.4521 0.0108982 401 4 1 0.993697 
0.600607 0.673327 -0.00471186 0.0025 0.450178 0.43054 2.39094 0.0111067 402 5 1 0.99866 
0.606153 0.673292 -0.00400867 0.0025 0.451777 0.42887 2.37324 0.0110674 403 4 1 0.999967 
0.611675 0.67326 -0.00331332 0.0025 0.453402 0.42883 2.36451 0.0110278 404 4 1 0.999986 
0.617181 0.67323 -0.0026333 0.0025 0.454491 0.428967 2.3596 0.0110013 405 4 1 0.999994 
0.622676 0.6732 -0.00196011 0.0025 0.45519 0.429051 2.35644 0.0109844 406 4 1 0.999997 
0.628165 0.67317 -0.00119919 0.0025 0.455661 0.429093 2.35424 0.0109731 407 4 1 0.999999 
0.633649 0.673139 -6.64259e-05 0.0025 0.455993 0.429115 2.35264 0.0109651 408 4 1 0.999999 
0.63913 0.6731 0.00245678 0.0025 0.456232 0.429118 2.35142 0.0109593 409 4 1 1 
0.644609 0.673035 0.0091203 0.0025 0.456392 0.429092 2.35046 0.0109555 410 4 1 1 
0.650086 0.672889 0.0296526 0.0025 0.456452 0.428986 2.34957 0.0109541 411 3 1 1 
0.655563 0.672486 0.0933862 0.0025 0.456299 0.428641 2.34846 0.0109577 412 4 1 1 
0.661043 0.671294 0.279109 0.0025 0.455594 0.4276 2.34637 0.0109747 413 4 1 0.999996 
0.666537 0.66787 0.798612 0.0025 0.453452 0.424697 2.34144 0.0110265 414 4 1 0.999961 
0.67207 0.658931 1.98538 0.0025 0.447954 0.417425 2.32956 0.0111618 415 4 1 0.999723 
0.6777 0.637137 4.71527 0.0025 0.435692 0.401382 2.30303 0.011476 416 4 1 0.998557 
0.68355 0.591971 9.04149 0.0025 0.412486 0.371392 2.25074 0.0121216 417 4 1 0.994544 
0.68984 0.499861 19.6163 0.0025 0.373012 0.321337 2.15347 0.0134044 418 4 1 0.985033 
0.697028 0.324108 30.7245 0.0025 0.321823 0.259066 2.01254 0.0155365 419 4 1 0.967527 
0.705532 0.130551 23.5667 0.0025 0.278805 0.209971 1.88306 0.0179337 420 4 1 0.961077 
0.715066 0.0264833 8.04954 0.0025 0.257071 0.186713 1.81596 0.0194499 421 4 1 0.982852 
0.724999 0.00152599 1.00923 0.0025 0.250851 0.180351 1.79744 0.0199321 422 4 1 0.997945 
0.734999 -0.000305184 -0.0419261 0.0025 0.249993 0.179492 1.79498 0.0200006 423 4 1 0.999954 
0.745 -1.44277e-05 -0.0142695 0.0025 0.249989 0.179489 1.79497 0.0200009 424 5 1 1 
0.755 5.49389e-06 0.00078541 0.0025 0.250001 0.179501 1.795 0.02 425 3 1 1 
0.765 1.59761e-06 0.000335057 0.0025 0.25 0.1795 1.795 0.02 426 4 1 1 
0.775 3.61335e-07 8.205e-05 0.0025 0.25 0.1795 1.795 0.02 427 4 1 1 
0.785 7.55021e-08 1.80119e-05 0.0025 0.25 0.1795 1.795 0.02 428 4 1 1 
0.795 1.49588e-08 3.72799e-06 0.0025 0.25 0.1795 1.795 0.02 429 4 1 1 
0.805 2.8137e-09 7.3379e-07 0.0025 0.25 0.1795 1.795 0.02 430 4 1 1 
0.815 5.01062e-10 1.37018e-07 0.0025 0.25 0.1795 1.795 0.02 431 4 1 1 
0.825 8.42627e-11 2.41842e-08 0.0025 0.25 0.1795 1.795 0.02 432 4 1 1 
0.835 1.33348e-11 4.02338e-09 0.0025 0.25 0.1795 1.795 0.02 433 4 1 1 
0.845 1.98141e-12 6.29001e-10 0.0025 0.25 0.1795 1.795 0.02 434 4 1 1 
0.855 2.80224e-13 9.35927e-11 0.0025 0.25 0.1795 1.795 0.02 435 4 1 1 
0.865 2.778e-14 1.27613e-11 0.0025 0.25 0.1795 1.795 0.02 436 4 1 1 
0.875 1.67277e-15 6.82121e-13 0.0025 0.25 0.1795 1.795 0.02 437 5 1 1 
0.885 1.7769e-16 9.9476e-14 0.0025 0.25 0.1795 1.795 0.02 438 5 1 1 
0.895 -5.44832e-47 1.12104e-44 0.0025 0.25 0.1795 1.795 0.02 439 5 1 1 
0.905 -2.46785e-16 -1.42109e-14 0.0025 0.25 0.1795 1.795 0.02 440 5 1 1 
0.915 -5.91895e-16 -1.42109e-14 0.0025 0.25 0.1795 1.795 0.02 441 5 1 1 
0.925 -1.15982e-15 -1.42109e-14 0.0025 0.25 0.1795 1.795 0.02 442 5 1 1 
0.935 -2.10848e-15 -2.84217e-14 0.0025 0.25 0.1795 1.795 0.02 443 5 1 1 
0.945 -3.33725e-15 5.60519e-45 0.0025 0.25 0.1795 1.795 0.02 444 5 1 1 
0.955 -4.90893e-15 1.54143e-43 0.0025 0.25 0.1795 1.795 0.02 445 5 1 1 
0.965 2.35363e-15 3.12639e-13 0.0025 0.25 0.1795 1.795 0.02 446 5 1 1 
0.975 -3.53393e-15 3.12639e-13 0.0025 0.25 0.1795 1.795 0.02 447 5 1 1 
0.985 2.03356e-15 -3.12639e-13 0.0025 0.25 0.1795 1.795 0.02 448 5 1 1 
0.995 -6.72801e-15 -2.84217e-13 0.0025 0.25 0.1795 1.795 0.02 449 3 1 1 
1.005 6.72801e-15 2.84217e-13 0.0025 0.25 0.1795 1.795 0.02 450 3 1 1 
1.015 -2.03356e-15 3.12639e-13 0.0025 0.25 0.1795 1.795 0.02 451 5 1 1 
1.025 3.53393e-15 -3.12639e-13 0.0025 0.25 0.1795 1.795 0.02 452 5 1 1 
1.035 -2.35363e-15 -3.12639e-13 0.0025 0.25 0.1795 1.795 0.02 453 5 1 1 
1.045 4.90893e-15 -1.54143e-43 0.0025 0.25 0.1795 1.795 0.02 454 5 1 1 
1.055 3.33725e-15 -5.60519e-45 0.0025 0.25 0.1795 1.795 0.02 455 5 1 1 
1.065 2.10848e-15 2.84217e-14 0.0025 0.25 0.1795 1.795 0.02 456 5 1 1 
1.075 1.15982e-15 1.42109e-14 0.0025 0.25 0.1795 1.795 0.02 457 5 1 1 
1.085 5.91895e-16 1.42109e-14 0.0025 0.25 0.1795 1.795 0.02 458 5 1 1 
1.095 2.46785e-16 1.42109e-14 0.0025 0.25 0.1795 1.795 0.02 459 5 1 1 
1.105 4.93545e-47 -1.68156e-44 0.0025 0.25 0.1795 1.795 0.02 460 5 1 1 
1.115 -2.037e-16 -9.9476e-14 0.0025 0.25 0.1795 1.795 0.02 461 5 1 1 
1.125 -1.98462e-15 -3.97904e-13 0.0025 0.25 0.1795 1.795 0.02 462 5 1 1 
1.135 -2.03954e-14 -1.2335e-11 0.0025 0.25 0.1795 1.795 0.02 463 4 1 1 
1.145 -2.7854e-13 -9.35358e-11 0.0025 0.25 0.1795 1.795 0.02 464 4 1 1 
1.155 -1.9901e-12 -6.3234e-10 0.0025 0.25 0.1795 1.795 0.02 465 4 1 1 
1.165 -1.33402e-11 -4.01553e-09 0.0025 0.25 0.1795 1.795 0.02 466 4 1 1 
1.175 -8.42107e-11 -2.41917e-08 0.0025 0.25 0.1795 1.795 0.02 467 4 1 1 
1.185 -5.01103e-10 -1.37014e-07 0.0025 0.25 0.1795 1.795 0.02 468 4 1 1 
1.195 -2.81372e-09 -7.33795e-07 0.0025 0.25 0.1795 1.795 0.02 469 4 1 1 
1.205 -1.49587e-08 -3.72799e-06 0.0025 0.25 0.1795 1.795 0.02 470 4 1 1 
1.215 -7.55021e-08 -1.80119e-05 0.0025 0.25 0.1795 1.795 0.02 471 4 1 1 
1.225 -3.61335e-07 -8.205e-05 0.0025 0.25 0.1795 1.795 0.02 472 4 1 1 
1.235 -1.59761e-06 -0.000335057 0.0025 0.25 0.1795 1.795 0.02 473 4 1 1 
1.245 -5.49389e-06 -0.00078541 0.0025 0.250001 0.179501 1.795 0.02 474 3 1 1 
1.255 1.44277e-05 0.0142695 0.0025 0.249989 0.179489 1.79497 0.0200009 475 5 1 1 
1.265 0.000305184 0.0419261 0.0025 0.249993 0.179492 1.79498 0.0200006 476 4 1 0.999954 
1.275 -0.00152599 -1.00923 0.0025 0.250851 0.180351 1.79744 0.0199321 477 4 1 0.997945 
1.28493 -0.0264833 -8.04954 0.0025 0.257071 0.186713 1.81596 0.0194499 478 4 1 0.982852 
1.29447 -0.130551 -23.5667 0.0025 0.278805 0.209971 1.88306 0.0179337 479 4 1 0.961077 
1.30297 -0.324108 -30.7245 0.0025 0.321823 0.259066 2.01254 0.0155365 480 4 1 0.967527 
1.31016 -0.499861 -19.6163 0.0025 0.373012 0.321337 2.15347 0.0134044 481 4 1 0.985033 
1.31645 -0.591971 -9.04149 0.0025 0.412486 0.371392 2.25074 0.0121216 482 4 1 0.994544 
1.3223 -0.637137 -4.71527 0.0025 0.435692 0.401382 2.30303 0.011476 483 4 1 0.998557 
1.32793 -0.658931 -1.98538 0.0025 0.447954 0.417425 2.32956 0.0111618 484 4 1 0.999723 
1.33346 -0.66787 -0.798612 0.0025 0.453452 0.424697 2.34144 0.0110265 485 4 1 0.999961 
1.33896 -0.671294 -0.279109 0.0025 0.455594 0.4276 2.34637 0.0109747 486 4 1 0.999996 
1.34444 -0.672486 -0.0933862 0.0025 0.456299 0.428641 2.34846 0.0109577 487 4 1 1 
1.34991 -0.672889 -0.0296526 0.0025 0.456452 0.428986 2.34957 0.0109541 488 3 1 1 
1.35539 -0.673035 -0.0091203 0.0025 0.456392 0.429092 2.35046 0.0109555 489 4 1 1 
1.36087 -0.6731 -0.00245678 0.0025 0.456232 0.429118 2.35142 0.0109593 490 4 1 1 
1.36635 -0.673139 6.64259e-05 0.0025 0.455993 0.429115 2.35264 0.0109651 491 4 1 0.999999 
1.37184 -0.67317 0.00119919 0.0025 0.455661 0.429093 2.35424 0.0109731 492 4 1 0.999999 
1.37732 -0.6732 0.00196011 0.0025 0.45519 0.429051 2.35644 0.0109844 493 4 1 0.999997 
1.38282 -0.67323 0.0026333 0.0025 0.454491 0.428967 2.3596 0.0110013 494 4 1 0.999994 
1.38833 -0.67326 0.00331332 0.0025 0.453402 0.42883 2.36451 0.0110278 495 4 1 0.999986 
1.39385 -0.673292 0.00400867 0.0025 0.451777 0.42887 2.37324 0.0110674 496 4 1 0.999967 
1.39939 -0.673327 0.00471186 0.0025 0.450178 0.43054 2.39094 0.0111067 497 5 1 0.99866 
1.40495 -0.673364 0.00545328 0.0025 0.45879 0.449999 2.4521 0.0108982 498 4 1 0.993697 
1.4103 -0.673402 0.00624049 0.0025 0.481272 0.41554 2.15855 0.0103891 499 4 1 0.993703 
