# Time [s]: 0.127764
# Columns: pos [m], vel [m/s], acc [m/s^2], mass [kg], dens [kg/m^3], pres [Pa], ene [J/kg], sml [m], id, neighbor, alpha, gradh, ...additional?
1.41617 -0.673451 0.00730727 0.0025 0.506798 0.440158 2.17127 0.00986586 0 4 1 0.994711 
1.42099 -0.673493 0.00826737 0.0025 0.530873 0.411466 1.93769 0.00941845 1 4 1 0.99967 
1.4256 -0.673538 0.00932685 0.0025 0.543985 0.426921 1.962 0.00919143 2 4 1 0.999987 
1.43018 -0.673587 0.0105486 0.0025 0.545594 0.428653 1.96415 0.00916432 3 4 1 0.999999 
1.43476 -0.673642 0.0119527 0.0025 0.545994 0.428885 1.96378 0.00915762 4 4 1 1 
1.43934 -0.673704 0.0135309 0.0025 0.546071 0.428915 1.96364 0.00915631 5 4 1 1 
1.44392 -0.673772 0.0152785 0.0025 0.546074 0.428889 1.96351 0.00915628 6 3 1 1 
1.4485 -0.673848 0.0172042 0.0025 0.546056 0.428847 1.96338 0.00915657 7 4 1 1 
1.45308 -0.673934 0.0192975 0.0025 0.546029 0.4288 1.96327 0.00915702 8 4 1 1 
1.45765 -0.674029 0.0215566 0.0025 0.545994 0.428746 1.96314 0.00915761 9 4 1 1 
1.46223 -0.674134 0.0241081 0.0025 0.545951 0.428685 1.96302 0.00915833 10 4 1 1 
1.46681 -0.674252 0.0271586 0.0025 0.545899 0.428617 1.9629 0.0091592 11 4 1 1 
1.47139 -0.674384 0.0308749 0.0025 0.545837 0.42854 1.96276 0.00916024 12 4 1 1 
1.47597 -0.674537 0.0357228 0.0025 0.545762 0.428449 1.96262 0.0091615 13 4 1 1 
1.48055 -0.67472 0.0427575 0.0025 0.545669 0.42834 1.96245 0.00916306 14 4 1 1 
1.48514 -0.674942 0.0529548 0.0025 0.545553 0.428206 1.96226 0.00916502 15 4 1 1 
1.48972 -0.675221 0.0668301 0.0025 0.545403 0.428036 1.96201 0.00916753 16 4 1 1 
1.4943 -0.675575 0.0852718 0.0025 0.545211 0.42782 1.96172 0.00917076 17 4 1 1 
1.49889 -0.676026 0.108693 0.0025 0.544967 0.427548 1.96135 0.00917486 18 4 1 0.999999 
-0.496522 -0.676585 0.134514 0.0025 0.544667 0.427213 1.96089 0.00917993 19 4 1 0.999999 
-0.491931 -0.677254 0.157474 0.0025 0.544316 0.426825 1.96037 0.00918583 20 4 1 0.999999 
-0.487336 -0.678 0.171531 0.0025 0.543943 0.426412 1.95982 0.00919214 21 4 1 0.999999 
-0.482739 -0.678723 0.165188 0.0025 0.54359 0.426021 1.95929 0.00919811 22 4 1 0.999999 
-0.478138 -0.679323 0.110454 0.0025 0.543344 0.425749 1.95893 0.00920228 23 4 1 0.999999 
-0.473537 -0.67956 0.135197 0.0025 0.543184 0.425568 1.95868 0.00920499 24 5 1 0.999996 
-0.468933 -0.67979 -0.338294 0.0025 0.543716 0.426139 1.95942 0.00919597 25 4 1 0.999871 
-0.464341 -0.674068 -2.24229 0.0025 0.546904 0.429633 1.96399 0.00914238 26 4 1 0.999467 
-0.459791 -0.66033 -4.00741 0.0025 0.553905 0.437355 1.97401 0.00902682 27 4 1 0.999061 
-0.455313 -0.640982 -5.01814 0.0025 0.563809 0.448349 1.98806 0.00886825 28 4 1 0.99892 
-0.450922 -0.619645 -5.19599 0.0025 0.574969 0.460828 2.00371 0.00869613 29 4 1 0.999028 
-0.446616 -0.59932 -4.79159 0.0025 0.58595 0.473198 2.01893 0.00853316 30 4 1 0.999176 
-0.442388 -0.581061 -4.45181 0.0025 0.596209 0.484832 2.03298 0.00838632 31 4 1 0.999226 
-0.438229 -0.563704 -4.52276 0.0025 0.606169 0.496202 2.04648 0.00824853 32 4 1 0.999162 
-0.434139 -0.54558 -4.98389 0.0025 0.616594 0.508186 2.06048 0.00810907 33 4 1 0.99904 
-0.430119 -0.525925 -5.53603 0.0025 0.627963 0.52135 2.07559 0.00796225 34 4 1 0.998917 
-0.426175 -0.504769 -6.03795 0.0025 0.640325 0.535775 2.09183 0.00780853 35 4 1 0.998835 
-0.42231 -0.482627 -6.39651 0.0025 0.653488 0.551257 2.10893 0.00765125 36 4 1 0.998798 
-0.418523 -0.459933 -6.64073 0.0025 0.667188 0.567505 2.1265 0.00749414 37 4 1 0.998792 
-0.414815 -0.437091 -6.82906 0.0025 0.681236 0.584303 2.14429 0.0073396 38 4 1 0.998813 
-0.411183 -0.414325 -6.93359 0.0025 0.695482 0.60148 2.16211 0.00718926 39 4 1 0.998845 
-0.407625 -0.391823 -7.02719 0.0025 0.709823 0.618915 2.17983 0.00704401 40 4 1 0.998887 
-0.404138 -0.36963 -7.06984 0.0025 0.724193 0.636526 2.19738 0.00690424 41 4 1 0.998932 
-0.40072 -0.347791 -7.11358 0.0025 0.738544 0.654255 2.21469 0.00677008 42 4 1 0.998973 
-0.397367 -0.326351 -7.16547 0.0025 0.752878 0.6721 2.23178 0.00664118 43 4 1 0.999017 
-0.394078 -0.305297 -7.17929 0.0025 0.767171 0.69003 2.24863 0.00651745 44 4 1 0.999057 
-0.390849 -0.284616 -7.21814 0.0025 0.781411 0.708027 2.26523 0.00639868 45 4 1 0.999097 
-0.387679 -0.264334 -7.2292 0.0025 0.795596 0.726085 2.28159 0.0062846 46 4 1 0.999136 
-0.384564 -0.244394 -7.24527 0.0025 0.80971 0.74418 2.29769 0.00617505 47 4 1 0.999171 
-0.381503 -0.224863 -7.27086 0.0025 0.823764 0.762325 2.31355 0.0060697 48 4 1 0.999206 
-0.378494 -0.205681 -7.27073 0.0025 0.837747 0.780501 2.32918 0.00596839 49 4 1 0.99924 
-0.375534 -0.186855 -7.27979 0.0025 0.851647 0.798691 2.34456 0.00587098 50 4 1 0.999271 
-0.372623 -0.168371 -7.28577 0.0025 0.86547 0.816899 2.35971 0.00577721 51 4 1 0.999302 
-0.369757 -0.150244 -7.27937 0.0025 0.879207 0.835107 2.37461 0.00568694 52 4 1 0.99933 
-0.366935 -0.132426 -7.30051 0.0025 0.892867 0.853328 2.3893 0.00559994 53 4 1 0.999359 
-0.364156 -0.114958 -7.28445 0.0025 0.906437 0.871542 2.40376 0.0055161 54 4 1 0.999397 
-0.361419 -0.0979391 -7.13842 0.0025 0.919804 0.889587 2.41787 0.00543594 55 4 1 0.999427 
-0.35872 -0.0814558 -7.10706 0.0025 0.932987 0.907471 2.43166 0.00535913 56 4 1 0.99941 
-0.356059 -0.0648292 -7.63666 0.0025 0.946436 0.925841 2.44563 0.00528298 57 4 1 0.999419 
-0.353437 -0.0474343 -7.75212 0.0025 0.96011 0.944695 2.45976 0.00520774 58 4 1 0.999621 
-0.350851 -0.0325063 -5.37059 0.0025 0.971908 0.961005 2.4718 0.00514452 59 4 1 0.999791 
-0.348292 -0.023467 -3.37376 0.0025 0.98066 0.972943 2.48051 0.00509861 60 4 1 0.999577 
-0.345753 -0.0120465 -8.29672 0.0025 0.991675 0.988185 2.49158 0.00504198 61 4 1 0.999029 
-0.34325 0.0115985 -13.087 0.0025 1.00935 1.01329 2.50955 0.00495367 62 4 1 0.99952 
-0.340798 0.0325036 -5.78537 0.0025 1.0249 1.03537 2.52503 0.00487853 63 4 1 1.00001 
-0.338371 0.0362686 0.412715 0.0025 1.02982 1.04214 2.52971 0.00485523 64 3 1 1 
-0.335943 0.0340793 1.3689 0.0025 1.02822 1.03979 2.52807 0.00486275 65 4 1 0.999998 
-0.333509 0.0305331 1.85766 0.0025 1.02509 1.03534 2.52497 0.00487762 66 4 1 0.999975 
-0.331066 0.0263012 2.12621 0.0025 1.02142 1.03014 2.52133 0.00489515 67 4 1 0.999963 
-0.328613 0.0217759 2.21281 0.0025 1.01758 1.02471 2.51752 0.00491361 68 4 1 0.999958 
-0.326152 0.0173195 2.12652 0.0025 1.01387 1.01948 2.51383 0.00493159 69 4 1 0.99996 
-0.323682 0.0132354 1.90505 0.0025 1.01053 1.01476 2.5105 0.00494792 70 4 1 0.999966 
-0.321204 0.00972671 1.60273 0.0025 1.00769 1.01077 2.50767 0.00496185 71 4 1 0.999975 
-0.31872 0.00688349 1.27418 0.0025 1.00541 1.00757 2.5054 0.00497308 72 4 1 0.999984 
-0.316231 0.00469835 0.962581 0.0025 1.00368 1.00514 2.50367 0.00498168 73 4 1 0.99999 
-0.313738 0.00309769 0.694306 0.0025 1.00242 1.00337 2.50241 0.00498795 74 4 1 0.999995 
-0.311243 0.00197542 0.480043 0.0025 1.00153 1.00214 2.50153 0.00499234 75 4 1 0.999997 
-0.308746 0.00121972 0.319121 0.0025 1.00094 1.00132 2.50094 0.00499528 76 4 1 0.999999 
-0.306248 0.000729736 0.204439 0.0025 1.00056 1.00079 2.50056 0.00499718 77 4 1 1 
-0.303749 0.000423242 0.126418 0.0025 1.00033 1.00045 2.50032 0.00499837 78 4 1 1 
-0.301249 0.000238041 0.0755386 0.0025 1.00018 1.00025 2.50018 0.00499908 79 4 1 1 
-0.29875 0.000129838 0.043647 0.0025 1.0001 1.00014 2.5001 0.0049995 80 4 1 1 
-0.29625 6.86818e-05 0.0243984 0.0025 1.00005 1.00007 2.50005 0.00499974 81 4 1 1 
-0.29375 3.52311e-05 0.0131976 0.0025 1.00003 1.00004 2.50003 0.00499986 82 4 1 1 
-0.29125 1.75218e-05 0.00690875 0.0025 1.00001 1.00002 2.50001 0.00499993 83 4 1 1 
-0.28875 8.44695e-06 0.00350005 0.0025 1.00001 1.00001 2.50001 0.00499997 84 4 1 1 
-0.28625 3.946e-06 0.00171584 0.0025 1 1 2.5 0.00499998 85 4 1 1 
-0.28375 1.78563e-06 0.000813811 0.0025 1 1 2.5 0.00499999 86 4 1 1 
-0.28125 7.82379e-07 0.000373339 0.0025 1 1 2.5 0.005 87 4 1 1 
-0.27875 3.31749e-07 0.0001656 0.0025 1 1 2.5 0.005 88 4 1 1 
-0.27625 1.36052e-07 7.09909e-05 0.0025 1 1 2.5 0.005 89 4 1 1 
-0.27375 5.39251e-08 2.9396e-05 0.0025 1 1 2.5 0.005 90 4 1 1 
-0.27125 2.06397e-08 1.17495e-05 0.0025 1 1 2.5 0.005 91 4 1 1 
-0.26875 7.62089e-09 4.52945e-06 0.0025 1 1 2.5 0.005 92 4 1 1 
-0.26625 2.7113e-09 1.68237e-06 0.0025 1 1 2.5 0.005 93 4 1 1 
-0.26375 9.28096e-10 6.01373e-07 0.0025 1 1 2.5 0.005 94 4 1 1 
-0.26125 3.05129e-10 2.06516e-07 0.0025 1 1 2.5 0.005 95 4 1 1 
-0.25875 9.61437e-11 6.80697e-08 0.0025 1 1 2.5 0.005 96 4 1 1 
-0.25625 2.89646e-11 2.14558e-08 0.0025 1 1 2.5 0.005 97 4 1 1 
-0.25375 8.30806e-12 6.44172e-09 0.0025 1 1 2.5 0.005 98 4 1 1 
-0.25125 2.26707e-12 1.84434e-09 0.0025 1 1 2.5 0.005 99 4 1 1 
-0.24875 5.79179e-13 5.08408e-10 0.0025 1 1 2.5 0.005 100 4 1 1 
-0.24625 1.31842e-13 1.21759e-10 0.0025 1 1 2.5 0.005 101 4 1 1 
-0.24375 3.06366e-14 3.61524e-11 0.0025 1 1 2.5 0.005 102 4 1 1 
-0.24125 9.70487e-16 2.50111e-12 0.0025 1 1 2.5 0.005 103 5 1 1 
-0.23875 1.04009e-16 3.41061e-13 0.0025 1 1 2.5 0.005 104 5 1 1 
-0.23625 2.05121e-47 6.72623e-44 0.0025 1 1 2.5 0.005 105 5 1 1 
-0.23375 0 0 0.0025 1 1 2.5 0.005 106 5 1 1 
-0.23125 0 0 0.0025 1 1 2.5 0.005 107 5 1 1 
-0.22875 0 0 0.0025 1 1 2.5 0.005 108 5 1 1 
-0.22625 0 0 0.0025 1 1 2.5 0.005 109 5 1 1 
-0.22375 0 0 0.0025 1 1 2.5 0.005 110 5 1 1 
-0.22125 0 0 0.0025 1 1 2.5 0.005 111 5 1 1 
-0.21875 0 0 0.0025 1 1 2.5 0.005 112 5 1 1 
-0.21625 0 0 0.0025 1 1 2.5 0.005 113 5 1 1 
-0.21375 0 0 0.0025 1 1 2.5 0.005 114 5 1 1 
-0.21125 0 0 0.0025 1 1 2.5 0.005 115 5 1 1 
-0.20875 0 0 0.0025 1 1 2.5 0.005 116 5 1 1 
-0.20625 0 0 0.0025 1 1 2.5 0.005 117 5 1 1 
-0.20375 0 0 0.0025 1 1 2.5 0.005 118 5 1 1 
-0.20125 0 0 0.0025 1 1 2.5 0.005 119 5 1 1 
-0.19875 0 0 0.0025 1 1 2.5 0.005 120 5 1 1 
-0.19625 0 0 0.0025 1 1 2.5 0.005 121 5 1 1 
-0.19375 0 0 0.0025 1 1 2.5 0.005 122 5 1 1 
-0.19125 0 0 0.0025 1 1 2.5 0.005 123 5 1 1 
-0.18875 0 0 0.0025 1 1 2.5 0.005 124 5 1 1 
-0.18625 0 0 0.0025 1 1 2.5 0.005 125 5 1 1 
-0.18375 0 0 0.0025 1 1 2.5 0.005 126 5 1 1 
-0.18125 0 0 0.0025 1 1 2.5 0.005 127 5 1 1 
-0.17875 0 0 0.0025 1 1 2.5 0.005 128 5 1 1 
-0.17625 0 0 0.0025 1 1 2.5 0.005 129 5 1 1 
-0.17375 0 0 0.0025 1 1 2.5 0.005 130 5 1 1 
-0.17125 0 0 0.0025 1 1 2.5 0.005 131 5 1 1 
-0.16875 0 0 0.0025 1 1 2.5 0.005 132 5 1 1 
-0.16625 0 0 0.0025 1 1 2.5 0.005 133 5 1 1 
-0.16375 0 0 0.0025 1 1 2.5 0.005 134 5 1 1 
-0.16125 0 0 0.0025 1 1 2.5 0.005 135 5 1 1 
-0.15875 0 0 0.0025 1 1 2.5 0.005 136 5 1 1 
-0.15625 0 0 0.0025 1 1 2.5 0.005 137 5 1 1 
-0.15375 0 0 0.0025 1 1 2.5 0.005 138 5 1 1 
-0.15125 0 0 0.0025 1 1 2.5 0.005 139 5 1 1 
-0.14875 0 0 0.0025 1 1 2.5 0.005 140 5 1 1 
-0.14625 0 0 0.0025 1 1 2.5 0.005 141 5 1 1 
-0.14375 0 0 0.0025 1 1 2.5 0.005 142 5 1 1 
-0.14125 0 0 0.0025 1 1 2.5 0.005 143 5 1 1 
-0.13875 0 0 0.0025 1 1 2.5 0.005 144 5 1 1 
-0.13625 0 0 0.0025 1 1 2.5 0.005 145 5 1 1 
-0.13375 0 0 0.0025 1 1 2.5 0.005 146 5 1 1 
-0.13125 0 0 0.0025 1 1 2.5 0.005 147 5 1 1 
-0.12875 0 0 0.0025 1 1 2.5 0.005 148 5 1 1 
-0.12625 0 0 0.0025 1 1 2.5 0.005 149 5 1 1 
-0.12375 0 0 0.0025 1 1 2.5 0.005 150 5 1 1 
-0.12125 0 0 0.0025 1 1 2.5 0.005 151 5 1 1 
-0.11875 0 0 0.0025 1 1 2.5 0.005 152 5 1 1 
-0.11625 0 0 0.0025 1 1 2.5 0.005 153 5 1 1 
-0.11375 0 0 0.0025 1 1 2.5 0.005 154 5 1 1 
-0.11125 0 0 0.0025 1 1 2.5 0.005 155 5 1 1 
-0.10875 0 0 0.0025 1 1 2.5 0.005 156 5 1 1 
-0.10625 0 0 0.0025 1 1 2.5 0.005 157 5 1 1 
-0.10375 0 0 0.0025 1 1 2.5 0.005 158 5 1 1 
-0.10125 0 0 0.0025 1 1 2.5 0.005 159 5 1 1 
-0.09875 0 0 0.0025 1 1 2.5 0.005 160 5 1 1 
-0.09625 0 0 0.0025 1 1 2.5 0.005 161 5 1 1 
-0.09375 0 0 0.0025 1 1 2.5 0.005 162 5 1 1 
-0.09125 0 0 0.0025 1 1 2.5 0.005 163 5 1 1 
-0.08875 0 0 0.0025 1 1 2.5 0.005 164 5 1 1 
-0.08625 0 0 0.0025 1 1 2.5 0.005 165 5 1 1 
-0.08375 0 0 0.0025 1 1 2.5 0.005 166 5 1 1 
-0.08125 0 0 0.0025 1 1 2.5 0.005 167 5 1 1 
-0.07875 0 0 0.0025 1 1 2.5 0.005 168 5 1 1 
-0.07625 0 0 0.0025 1 1 2.5 0.005 169 5 1 1 
-0.07375 0 0 0.0025 1 1 2.5 0.005 170 5 1 1 
-0.07125 0 0 0.0025 1 1 2.5 0.005 171 5 1 1 
-0.06875 0 0 0.0025 1 1 2.5 0.005 172 5 1 1 
-0.06625 0 0 0.0025 1 1 2.5 0.005 173 5 1 1 
-0.06375 -2.01437e-46 -1.12104e-44 0.0025 1 1 2.5 0.005 174 5 1 1 
-0.06125 -1.38367e-16 -1.12104e-44 0.0025 1 1 2.5 0.005 175 5 1 1 
-0.05875 -2.76163e-16 0 0.0025 1 1 2.5 0.005 176 5 1 1 
-0.05625 -3.95905e-16 -5.68434e-14 0.0025 1 1 2.5 0.005 177 5 1 1 
-0.05375 -5.32035e-16 5.68434e-14 0.0025 1 1 2.5 0.005 178 5 1 1 
-0.05125 -7.0149e-16 -5.68434e-14 0.0025 1 1 2.5 0.005 179 5 1 1 
-0.04875 -8.69386e-16 5.68434e-14 0.0025 1 1 2.5 0.005 180 5 1 1 
-0.04625 -1.10503e-15 -5.68434e-14 0.0025 1 1 2.5 0.005 181 5 1 1 
-0.04375 -1.32027e-15 -2.24208e-44 0.0025 1 1 2.5 0.005 182 5 1 1 
-0.04125 -1.61778e-15 -1.12104e-44 0.0025 1 1 2.5 0.005 183 5 1 1 
-0.03875 -2.16592e-15 -5.68434e-14 0.0025 1 1 2.5 0.005 184 5 1 1 
-0.03625 -8.51393e-16 4.54747e-13 0.0025 1 1 2.5 0.005 185 5 1 1 
-0.03375 -3.66977e-15 4.54747e-13 0.0025 1 1 2.5 0.005 186 4 1 1 
-0.03125 9.70494e-16 -6.82121e-13 0.0025 1 1 2.5 0.005 187 4 1 1 
-0.02875 -2.9713e-15 -9.09495e-13 0.0025 1 1 2.5 0.005 188 5 1 1 
-0.02625 -1.9911e-15 1.02318e-12 0.0025 1 1 2.5 0.005 189 4 1 1 
-0.02375 -5.15384e-16 5.68434e-14 0.0025 1 1 2.5 0.005 190 4 1 1 
-0.02125 -5.5389e-16 -3.41061e-13 0.0025 1 1 2.5 0.005 191 5 1 1 
-0.01875 -6.48843e-16 -1.7053e-13 0.0025 1 1 2.5 0.005 192 5 1 1 
-0.01625 -2.42434e-15 -3.15544e-28 0.0025 1 1 2.5 0.005 193 4 1 1 
-0.01375 2.48796e-16 5.68434e-14 0.0025 1 1 2.5 0.005 194 3 1 1 
-0.01125 -7.36941e-16 -5.68434e-14 0.0025 1 1 2.5 0.005 195 3 1 1 
-0.00875 -1.10494e-15 -1.13687e-13 0.0025 1 1 2.5 0.005 196 3 1 1 
-0.00625 7.92827e-17 2.27374e-13 0.0025 1 1 2.5 0.005 197 3 1 1 
-0.00375 -3.46159e-16 3.41061e-13 0.0025 1 1 2.5 0.005 198 5 1 1 
-0.00125 -4.67286e-16 -2.84217e-13 0.0025 1 1 2.5 0.005 199 5 1 1 
0.00125 -4.61121e-16 -5.68434e-14 0.0025 1 1 2.5 0.005 200 3 1 1 
0.00375 -2.44915e-16 -1.7053e-13 0.0025 1 1 2.5 0.005 201 3 1 1 
0.00625 -1.94499e-16 5.68434e-14 0.0025 1 1 2.5 0.005 202 4 1 1 
0.00875 -1.0078e-15 5.68434e-14 0.0025 1 1 2.5 0.005 203 3 1 1 
0.01125 -2.36116e-17 -5.68434e-14 0.0025 1 1 2.5 0.005 204 3 1 1 
0.01375 -1.9393e-16 5.68434e-14 0.0025 1 1 2.5 0.005 205 4 1 1 
0.01625 -4.96292e-16 -5.68434e-14 0.0025 1 1 2.5 0.005 206 4 1 1 
0.01875 -1.09366e-15 2.07076e-28 0.0025 1 1 2.5 0.005 207 5 1 1 
0.02125 9.81223e-16 1.13687e-13 0.0025 1 1 2.5 0.005 208 5 1 1 
0.02375 -1.85826e-17 -5.68434e-14 0.0025 1 1 2.5 0.005 209 4 1 1 
0.02625 2.73803e-15 2.76101e-28 0.0025 1 1 2.5 0.005 210 3 1 1 
0.02875 1.49216e-15 5.68434e-14 0.0025 1 1 2.5 0.005 211 3 1 1 
0.03125 5.08493e-15 -5.68434e-14 0.0025 1 1 2.5 0.005 212 4 1 1 
0.03375 3.41369e-15 5.68434e-14 0.0025 1 1 2.5 0.005 213 5 1 1 
0.03625 3.12036e-15 5.68434e-14 0.0025 1 1 2.5 0.005 214 5 1 1 
0.03875 2.60926e-15 -1.13687e-13 0.0025 1 1 2.5 0.005 215 5 1 1 
0.04125 2.10907e-15 1.13687e-13 0.0025 1 1 2.5 0.005 216 5 1 1 
0.04375 1.67131e-15 2.24208e-44 0.0025 1 1 2.5 0.005 217 5 1 1 
0.04625 1.26517e-15 2.24208e-44 0.0025 1 1 2.5 0.005 218 5 1 1 
0.04875 1.02845e-15 2.24208e-44 0.0025 1 1 2.5 0.005 219 5 1 1 
0.05125 7.90557e-16 0 0.0025 1 1 2.5 0.005 220 5 1 1 
0.05375 5.855e-16 0 0.0025 1 1 2.5 0.005 221 5 1 1 
0.05625 4.31195e-16 5.68434e-14 0.0025 1 1 2.5 0.005 222 5 1 1 
0.05875 3.10967e-16 0 0.0025 1 1 2.5 0.005 223 5 1 1 
0.06125 1.72997e-16 1.12104e-44 0.0025 1 1 2.5 0.005 224 5 1 1 
0.06375 3.46746e-17 1.12104e-44 0.0025 1 1 2.5 0.005 225 5 1 1 
0.06625 1.3671e-47 0 0.0025 1 1 2.5 0.005 226 5 1 1 
0.06875 0 0 0.0025 1 1 2.5 0.005 227 5 1 1 
0.07125 0 0 0.0025 1 1 2.5 0.005 228 5 1 1 
0.07375 0 0 0.0025 1 1 2.5 0.005 229 5 1 1 
0.07625 0 0 0.0025 1 1 2.5 0.005 230 5 1 1 
0.07875 0 0 0.0025 1 1 2.5 0.005 231 5 1 1 
0.08125 0 0 0.0025 1 1 2.5 0.005 232 5 1 1 
0.08375 0 0 0.0025 1 1 2.5 0.005 233 5 1 1 
0.08625 0 0 0.0025 1 1 2.5 0.005 234 5 1 1 
0.08875 0 0 0.0025 1 1 2.5 0.005 235 5 1 1 
0.09125 0 0 0.0025 1 1 2.5 0.005 236 5 1 1 
0.09375 -1.02558e-45 -1.12104e-44 0.0025 1 1 2.5 0.005 237 5 1 1 
0.09625 -1.69188e-16 0 0.0025 1 1 2.5 0.005 238 5 1 1 
0.09875 -3.37357e-16 1.12104e-44 0.0025 1 1 2.5 0.005 239 5 1 1 
0.10125 1.58941e-15 0 0.0025 1 1 2.5 0.005 240 5 1 1 
0.10375 1.42405e-15 6.72623e-44 0.0025 1 1 2.5 0.005 241 5 1 1 
0.10625 2.94304e-15 -1.56945e-43 0.0025 1 1 2.5 0.005 242 5 1 1 
0.10875 1.28096e-15 6.72623e-44 0.0025 1 1 2.5 0.005 243 5 1 1 
0.11125 1.17275e-15 -1.00893e-43 0.0025 1 1 2.5 0.005 244 5 1 1 
0.11375 -1.14565e-15 3.47522e-43 0.0025 1 1 2.5 0.005 245 5 1 1 
0.11625 3.12127e-15 -1.13687e-13 0.0025 1 1 2.5 0.005 246 5 1 1 
0.11875 7.04119e-17 3.9443e-29 0.0025 1 1 2.5 0.005 247 5 1 1 
0.12125 -2.63748e-16 1.13687e-13 0.0025 1 1 2.5 0.005 248 5 1 1 
0.12375 -3.14247e-15 -5.68434e-14 0.0025 1 1 2.5 0.005 249 4 1 1 
0.12625 3.14247e-15 5.68434e-14 0.0025 1 1 2.5 0.005 250 4 1 1 
0.12875 2.63748e-16 -1.13687e-13 0.0025 1 1 2.5 0.005 251 5 1 1 
0.13125 -7.04119e-17 -3.9443e-29 0.0025 1 1 2.5 0.005 252 5 1 1 
0.13375 -3.12127e-15 1.13687e-13 0.0025 1 1 2.5 0.005 253 5 1 1 
0.13625 1.14565e-15 -3.47522e-43 0.0025 1 1 2.5 0.005 254 5 1 1 
0.13875 -1.17275e-15 1.00893e-43 0.0025 1 1 2.5 0.005 255 5 1 1 
0.14125 -1.28096e-15 -6.72623e-44 0.0025 1 1 2.5 0.005 256 5 1 1 
0.14375 -2.94304e-15 1.56945e-43 0.0025 1 1 2.5 0.005 257 5 1 1 
0.14625 -1.42405e-15 -6.72623e-44 0.0025 1 1 2.5 0.005 258 5 1 1 
0.14875 -1.58941e-15 0 0.0025 1 1 2.5 0.005 259 5 1 1 
0.15125 3.37357e-16 -1.12104e-44 0.0025 1 1 2.5 0.005 260 5 1 1 
0.15375 1.69188e-16 0 0.0025 1 1 2.5 0.005 261 5 1 1 
0.15625 1.02558e-45 1.12104e-44 0.0025 1 1 2.5 0.005 262 5 1 1 
0.15875 0 0 0.0025 1 1 2.5 0.005 263 5 1 1 
0.16125 0 0 0.0025 1 1 2.5 0.005 264 5 1 1 
0.16375 0 0 0.0025 1 1 2.5 0.005 265 5 1 1 
0.16625 0 0 0.0025 1 1 2.5 0.005 266 5 1 1 
0.16875 0 0 0.0025 1 1 2.5 0.005 267 5 1 1 
0.17125 0 0 0.0025 1 1 2.5 0.005 268 5 1 1 
0.17375 0 0 0.0025 1 1 2.5 0.005 269 5 1 1 
0.17625 0 0 0.0025 1 1 2.5 0.005 270 5 1 1 
0.17875 0 0 0.0025 1 1 2.5 0.005 271 5 1 1 
0.18125 0 0 0.0025 1 1 2.5 0.005 272 5 1 1 
0.18375 0 0 0.0025 1 1 2.5 0.005 273 5 1 1 
0.18625 0 0 0.0025 1 1 2.5 0.005 274 5 1 1 
0.18875 0 0 0.0025 1 1 2.5 0.005 275 5 1 1 
0.19125 0 0 0.0025 1 1 2.5 0.005 276 5 1 1 
0.19375 0 0 0.0025 1 1 2.5 0.005 277 5 1 1 
0.19625 0 0 0.0025 1 1 2.5 0.005 278 5 1 1 
0.19875 0 0 0.0025 1 1 2.5 0.005 279 5 1 1 
0.20125 -6.29365e-46 -1.12104e-44 0.0025 1 1 2.5 0.005 280 5 1 1 
0.20375 -6.85718e-17 -1.12104e-44 0.0025 1 1 2.5 0.005 281 5 1 1 
0.20625 -2.05192e-16 1.12104e-44 0.0025 1 1 2.5 0.005 282 5 1 1 
0.20875 -3.75697e-16 1.12104e-44 0.0025 1 1 2.5 0.005 283 5 1 1 
0.21125 3.37933e-16 5.68434e-14 0.0025 1 1 2.5 0.005 284 5 1 1 
0.21375 1.69378e-16 5.68434e-14 0.0025 1 1 2.5 0.005 285 5 1 1 
0.21625 2.26302e-15 1.13687e-13 0.0025 1 1 2.5 0.005 286 5 1 1 
0.21875 2.06488e-15 8.96831e-44 0.0025 1 1 2.5 0.005 287 5 1 1 
0.22125 5.29431e-15 1.13687e-13 0.0025 1 1 2.5 0.005 288 5 1 1 
0.22375 4.04484e-15 2.24208e-44 0.0025 1 1 2.5 0.005 289 5 1 1 
0.22625 3.4334e-15 -1.12104e-43 0.0025 1 1 2.5 0.005 290 5 1 1 
0.22875 1.52106e-15 1.34525e-43 0.0025 1 1 2.5 0.005 291 5 1 1 
0.23125 1.2587e-15 -5.68434e-14 0.0025 1 1 2.5 0.005 292 5 1 1 
0.23375 -1.60768e-15 -5.68434e-14 0.0025 1 1 2.5 0.005 293 5 1 1 
0.23625 3.63771e-15 5.68434e-14 0.0025 1 1 2.5 0.005 294 5 1 1 
0.23875 2.05385e-17 -1.7053e-13 0.0025 1 1 2.5 0.005 295 5 1 1 
0.24125 1.96326e-15 -2.50111e-12 0.0025 1 1 2.5 0.005 296 5 1 1 
0.24375 -3.21189e-14 -3.58682e-11 0.0025 1 1 2.5 0.005 297 4 1 1 
0.24625 -1.31623e-13 -1.22213e-10 0.0025 1 1 2.5 0.005 298 4 1 1 
0.24875 -5.80585e-13 -5.08749e-10 0.0025 1 1 2.5 0.005 299 4 1 1 
0.25125 -2.26423e-12 -1.84372e-09 0.0025 1 1 2.5 0.005 300 4 1 1 
0.25375 -8.30749e-12 -6.44468e-09 0.0025 1 1 2.5 0.005 301 4 1 1 
0.25625 -2.89757e-11 -2.1459e-08 0.0025 1 1 2.5 0.005 302 4 1 1 
0.25875 -9.6126e-11 -6.80619e-08 0.0025 1 1 2.5 0.005 303 4 1 1 
0.26125 -3.05162e-10 -2.06521e-07 0.0025 1 1 2.5 0.005 304 4 1 1 
0.26375 -9.28085e-10 -6.01371e-07 0.0025 1 1 2.5 0.005 305 4 1 1 
0.26625 -2.7113e-09 -1.68236e-06 0.0025 1 1 2.5 0.005 306 4 1 1 
0.26875 -7.62087e-09 -4.52944e-06 0.0025 1 1 2.5 0.005 307 4 1 1 
0.27125 -2.06397e-08 -1.17495e-05 0.0025 1 1 2.5 0.005 308 4 1 1 
0.27375 -5.39251e-08 -2.9396e-05 0.0025 1 1 2.5 0.005 309 4 1 1 
0.27625 -1.36052e-07 -7.09909e-05 0.0025 1 1 2.5 0.005 310 4 1 1 
0.27875 -3.31749e-07 -0.0001656 0.0025 1 1 2.5 0.005 311 4 1 1 
0.28125 -7.82379e-07 -0.000373339 0.0025 1 1 2.5 0.005 312 4 1 1 
0.28375 -1.78563e-06 -0.000813811 0.0025 1 1 2.5 0.00499999 313 4 1 1 
0.28625 -3.946e-06 -0.00171584 0.0025 1 1 2.5 0.00499998 314 4 1 1 
0.28875 -8.44695e-06 -0.00350005 0.0025 1.00001 1.00001 2.50001 0.00499997 315 4 1 1 
0.29125 -1.75218e-05 -0.00690875 0.0025 1.00001 1.00002 2.50001 0.00499993 316 4 1 1 
0.29375 -3.52311e-05 -0.0131976 0.0025 1.00003 1.00004 2.50003 0.00499986 317 4 1 1 
0.29625 -6.86818e-05 -0.0243984 0.0025 1.00005 1.00007 2.50005 0.00499974 318 4 1 1 
0.29875 -0.000129838 -0.043647 0.0025 1.0001 1.00014 2.5001 0.0049995 319 4 1 1 
0.301249 -0.000238041 -0.0755386 0.0025 1.00018 1.00025 2.50018 0.00499908 320 4 1 1 
0.303749 -0.000423242 -0.126418 0.0025 1.00033 1.00045 2.50032 0.00499837 321 4 1 1 
0.306248 -0.000729736 -0.204439 0.0025 1.00056 1.00079 2.50056 0.00499718 322 4 1 1 
0.308746 -0.00121972 -0.319121 0.0025 1.00094 1.00132 2.50094 0.00499528 323 4 1 0.999999 
0.311243 -0.00197542 -0.480043 0.0025 1.00153 1.00214 2.50153 0.00499234 324 4 1 0.999997 
0.313738 -0.00309769 -0.694306 0.0025 1.00242 1.00337 2.50241 0.00498795 325 4 1 0.999995 
0.316231 -0.00469835 -0.962581 0.0025 1.00368 1.00514 2.50367 0.00498168 326 4 1 0.99999 
0.31872 -0.00688349 -1.27418 0.0025 1.00541 1.00757 2.5054 0.00497308 327 4 1 0.999984 
0.321204 -0.00972671 -1.60273 0.0025 1.00769 1.01077 2.50767 0.00496185 328 4 1 0.999975 
0.323682 -0.0132354 -1.90505 0.0025 1.01053 1.01476 2.5105 0.00494792 329 4 1 0.999966 
0.326152 -0.0173195 -2.12652 0.0025 1.01387 1.01948 2.51383 0.00493159 330 4 1 0.99996 
0.328613 -0.0217759 -2.21281 0.0025 1.01758 1.02471 2.51752 0.00491361 331 4 1 0.999958 
0.331066 -0.0263012 -2.12621 0.0025 1.02142 1.03014 2.52133 0.00489515 332 4 1 0.999963 
0.333509 -0.0305331 -1.85766 0.0025 1.02509 1.03534 2.52497 0.00487762 333 4 1 0.999975 
0.335943 -0.0340793 -1.3689 0.0025 1.02822 1.03979 2.52807 0.00486275 334 4 1 0.999998 
0.338371 -0.0362686 -0.412715 0.0025 1.02982 1.04214 2.52971 0.00485523 335 3 1 1 
0.340798 -0.0325036 5.78537 0.0025 1.0249 1.03537 2.52503 0.00487853 336 4 1 1.00001 
0.34325 -0.0115985 13.087 0.0025 1.00935 1.01329 2.50955 0.00495367 337 4 1 0.99952 
0.345753 0.0120465 8.29672 0.0025 0.991675 0.988185 2.49158 0.00504198 338 4 1 0.999029 
0.348292 0.023467 3.37376 0.0025 0.98066 0.972943 2.48051 0.00509861 339 4 1 0.999577 
0.350851 0.0325063 5.37059 0.0025 0.971908 0.961005 2.4718 0.00514452 340 4 1 0.999791 
0.353437 0.0474343 7.75212 0.0025 0.96011 0.944695 2.45976 0.00520774 341 4 1 0.999621 
0.356059 0.0648292 7.63666 0.0025 0.946436 0.925841 2.44563 0.00528298 342 4 1 0.999419 
0.35872 0.0814558 7.10706 0.0025 0.932987 0.907471 2.43166 0.00535913 343 4 1 0.99941 
0.361419 0.0979391 7.13842 0.0025 0.919804 0.889587 2.41787 0.00543594 344 4 1 0.999427 
0.364156 0.114958 7.28445 0.0025 0.906437 0.871542 2.40376 0.0055161 345 4 1 0.999397 
0.366935 0.132426 7.30051 0.0025 0.892867 0.853328 2.3893 0.00559994 346 4 1 0.999359 
0.369757 0.150244 7.27937 0.0025 0.879207 0.835107 2.37461 0.00568694 347 4 1 0.99933 
0.372623 0.168371 7.28577 0.0025 0.86547 0.816899 2.35971 0.00577721 348 4 1 0.999302 
0.375534 0.186855 7.27979 0.0025 0.851647 0.798691 2.34456 0.00587098 349 4 1 0.999271 
0.378494 0.205681 7.27073 0.0025 0.837747 0.780501 2.32918 0.00596839 350 4 1 0.99924 
0.381503 0.224863 7.27086 0.0025 0.823764 0.762325 2.31355 0.0060697 351 4 1 0.999206 
0.384564 0.244394 7.24527 0.0025 0.80971 0.74418 2.29769 0.00617505 352 4 1 0.999171 
0.387679 0.264334 7.2292 0.0025 0.795596 0.726085 2.28159 0.0062846 353 4 1 0.999136 
0.390849 0.284616 7.21814 0.0025 0.781411 0.708027 2.26523 0.00639868 354 4 1 0.999097 
0.394078 0.305297 7.17929 0.0025 0.767171 0.69003 2.24863 0.00651745 355 4 1 0.999057 
0.397367 0.326351 7.16547 0.0025 0.752878 0.6721 2.23178 0.00664118 356 4 1 0.999017 
0.40072 0.347791 7.11358 0.0025 0.738544 0.654255 2.21469 0.00677008 357 4 1 0.998973 
0.404138 0.36963 7.06984 0.0025 0.724193 0.636526 2.19738 0.00690424 358 4 1 0.998932 
0.407625 0.391823 7.02719 0.0025 0.709823 0.618915 2.17983 0.00704401 359 4 1 0.998887 
0.411183 0.414325 6.93359 0.0025 0.695482 0.60148 2.16211 0.00718926 360 4 1 0.998845 
0.414815 0.437091 6.82906 0.0025 0.681236 0.584303 2.14429 0.0073396 361 4 1 0.998813 
0.418523 0.459933 6.64073 0.0025 0.667188 0.567505 2.1265 0.00749414 362 4 1 0.998792 
0.42231 0.482627 6.39651 0.0025 0.653488 0.551257 2.10893 0.00765125 363 4 1 0.998798 
0.426175 0.504769 6.03795 0.0025 0.640325 0.535775 2.09183 0.00780853 364 4 1 0.998835 
0.430119 0.525925 5.53603 0.0025 0.627963 0.52135 2.07559 0.00796225 365 4 1 0.998917 
0.434139 0.54558 4.98389 0.0025 0.616594 0.508186 2.06048 0.00810907 366 4 1 0.99904 
0.438229 0.563704 4.52276 0.0025 0.606169 0.496202 2.04648 0.00824853 367 4 1 0.999162 
0.442388 0.581061 4.45181 0.0025 0.596209 0.484832 2.03298 0.00838632 368 4 1 0.999226 
0.446616 0.59932 4.79159 0.0025 0.58595 0.473198 2.01893 0.00853316 369 4 1 0.999176 
0.450922 0.619645 5.19599 0.0025 0.574969 0.460828 2.00371 0.00869613 370 4 1 0.999028 
0.455313 0.640982 5.01814 0.0025 0.563809 0.448349 1.98806 0.00886825 371 4 1 0.99892 
0.459791 0.66033 4.00741 0.0025 0.553905 0.437355 1.97401 0.00902682 372 4 1 0.999061 
0.464341 0.674068 2.24229 0.0025 0.546904 0.429633 1.96399 0.00914238 373 4 1 0.999467 
0.468933 0.67979 0.338294 0.0025 0.543716 0.426139 1.95942 0.00919597 374 4 1 0.999871 
0.473537 0.67956 -0.135197 0.0025 0.543184 0.425568 1.95868 0.00920499 375 5 1 0.999996 
0.478138 0.679323 -0.110454 0.0025 0.543344 0.425749 1.95893 0.00920228 376 4 1 0.999999 
0.482739 0.678723 -0.165188 0.0025 0.54359 0.426021 1.95929 0.00919811 377 4 1 0.999999 
0.487336 0.678 -0.171531 0.0025 0.543943 0.426412 1.95982 0.00919214 378 4 1 0.999999 
0.491931 0.677254 -0.157474 0.0025 0.544316 0.426825 1.96037 0.00918583 379 4 1 0.999999 
0.496522 0.676585 -0.134514 0.0025 0.544667 0.427213 1.96089 0.00917993 380 4 1 0.999999 
0.501111 0.676026 -0.108693 0.0025 0.544967 0.427548 1.96135 0.00917486 381 4 1 0.999999 
0.505697 0.675575 -0.0852718 0.0025 0.545211 0.42782 1.96172 0.00917076 382 4 1 1 
0.510282 0.675221 -0.0668301 0.0025 0.545403 0.428036 1.96201 0.00916753 383 4 1 1 
0.514865 0.674942 -0.0529548 0.0025 0.545553 0.428206 1.96226 0.00916502 384 4 1 1 
0.519447 0.67472 -0.0427575 0.0025 0.545669 0.42834 1.96245 0.00916306 385 4 1 1 
0.524028 0.674537 -0.0357228 0.0025 0.545762 0.428449 1.96262 0.0091615 386 4 1 1 
0.528608 0.674384 -0.0308749 0.0025 0.545837 0.42854 1.96276 0.00916024 387 4 1 1 
0.533188 0.674252 -0.0271586 0.0025 0.545899 0.428617 1.9629 0.0091592 388 4 1 1 
0.537767 0.674134 -0.0241081 0.0025 0.545951 0.428685 1.96302 0.00915833 389 4 1 1 
0.542346 0.674029 -0.0215566 0.0025 0.545994 0.428746 1.96314 0.00915761 390 4 1 1 
0.546925 0.673934 -0.0192975 0.0025 0.546029 0.4288 1.96327 0.00915702 391 4 1 1 
0.551503 0.673848 -0.0172042 0.0025 0.546056 0.428847 1.96338 0.00915657 392 4 1 1 
0.556082 0.673772 -0.0152785 0.0025 0.546074 0.428889 1.96351 0.00915628 393 3 1 1 
0.56066 0.673704 -0.0135309 0.0025 0.546071 0.428915 1.96364 0.00915631 394 4 1 1 
0.565238 0.673642 -0.0119527 0.0025 0.545994 0.428885 1.96378 0.00915762 395 4 1 1 
0.569817 0.673587 -0.0105486 0.0025 0.545594 0.428653 1.96415 0.00916432 396 4 1 0.999999 
0.574402 0.673538 -0.00932685 0.0025 0.543985 0.426921 1.962 0.00919143 397 4 1 0.999987 
0.579009 0.673493 -0.00826737 0.0025 0.530873 0.411466 1.93769 0.00941845 398 4 1 0.99967 
0.583825 0.673451 -0.00730727 0.0025 0.506798 0.440158 2.17127 0.00986586 399 4 1 0.994711 
0.588881 0.67341 -0.00643003 0.0025 0.481268 0.415534 2.15854 0.0103892 400 4 1 0.993703 
0.594224 0.67337 -0.00561624 0.0025 0.458786 0.449993 2.45209 0.0108983 401 4 1 0.993697 
0.599786 0.673333 -0.00484361 0.0025 0.450174 0.430535 2.39094 0.0111068 402 5 1 0.99866 
0.605331 0.673297 -0.00410653 0.0025 0.451774 0.428866 2.37323 0.0110675 403 4 1 0.999967 
0.610853 0.673264 -0.00338089 0.0025 0.453398 0.428825 2.36451 0.0110278 404 4 1 0.999986 
0.616359 0.673233 -0.00267765 0.0025 0.454487 0.428963 2.3596 0.0110014 405 4 1 0.999994 
0.621854 0.673202 -0.00198347 0.0025 0.455186 0.429047 2.35643 0.0109845 406 4 1 0.999997 
0.627343 0.673172 -0.00116315 0.0025 0.455658 0.429089 2.35423 0.0109732 407 4 1 0.999999 
0.632828 0.673139 0.000121233 0.0025 0.45599 0.42911 2.35263 0.0109652 408 4 1 0.999999 
0.638309 0.673096 0.00308929 0.0025 0.456226 0.429111 2.35141 0.0109595 409 4 1 1 
0.643787 0.673023 0.0112544 0.0025 0.45638 0.429076 2.35043 0.0109558 410 4 1 1 
0.649264 0.672849 0.0361279 0.0025 0.456421 0.428946 2.3495 0.0109548 411 3 1 1 
0.654742 0.67236 0.114278 0.0025 0.45621 0.428524 2.34828 0.0109599 412 4 1 1 
0.660224 0.670919 0.338028 0.0025 0.455338 0.427264 2.34585 0.0109809 413 4 1 0.999994 
0.665723 0.666806 0.947619 0.0025 0.45278 0.423816 2.34005 0.0110429 414 4 1 0.999943 
0.671267 0.656296 2.34052 0.0025 0.446347 0.415324 2.32617 0.011202 415 4 1 0.999619 
0.676926 0.630995 5.35237 0.0025 0.432457 0.397185 2.29598 0.0115618 416 4 1 0.998118 
0.682835 0.580187 10.3031 0.0025 0.406662 0.363933 2.23711 0.0122952 417 4 1 0.993315 
0.689245 0.474332 22.2212 0.0025 0.364158 0.310322 2.13024 0.0137303 418 4 1 0.982431 
0.696656 0.286379 31.0078 0.0025 0.312775 0.248464 1.98609 0.015986 419 4 1 0.964375 
0.705389 0.10355 20.6544 0.0025 0.273234 0.203886 1.86579 0.0182994 420 4 1 0.96353 
0.71504 0.0179318 6.00948 0.0025 0.255129 0.184707 1.8101 0.0195979 421 4 1 0.987039 
0.724998 0.000563224 0.589522 0.0025 0.250507 0.180005 1.79645 0.0199595 422 4 1 0.998814 
0.734999 -0.000242486 -0.0585274 0.0025 0.249978 0.179477 1.79493 0.0200018 423 5 1 0.999982 
0.745 -1.44367e-06 -0.00735858 0.0025 0.249993 0.179493 1.79498 0.0200005 424 4 1 1 
0.755 4.5663e-06 0.00071375 0.0025 0.250001 0.179501 1.795 0.0199999 425 3 1 1 
0.765 1.23559e-06 0.000260819 0.0025 0.25 0.1795 1.795 0.02 426 4 1 1 
0.775 2.73249e-07 6.29485e-05 0.0025 0.25 0.1795 1.795 0.02 427 4 1 1 
0.785 5.63104e-08 1.35846e-05 0.0025 0.25 0.1795 1.795 0.02 428 4 1 1 
0.795 1.10103e-08 2.77612e-06 0.0025 0.25 0.1795 1.795 0.02 429 4 1 1 
0.805 2.04127e-09 5.39193e-07 0.0025 0.25 0.1795 1.795 0.02 430 4 1 1 
0.815 3.57814e-10 9.91849e-08 0.0025 0.25 0.1795 1.795 0.02 431 4 1 1 
0.825 5.91654e-11 1.72255e-08 0.0025 0.25 0.1795 1.795 0.02 432 4 1 1 
0.835 9.19315e-12 2.81473e-09 0.0025 0.25 0.1795 1.795 0.02 433 4 1 1 
0.845 1.33899e-12 4.32593e-10 0.0025 0.25 0.1795 1.795 0.02 434 4 1 1 
0.855 1.86064e-13 6.2613e-11 0.0025 0.25 0.1795 1.795 0.02 435 4 1 1 
0.865 1.48631e-14 8.39862e-12 0.0025 0.25 0.1795 1.795 0.02 436 4 1 1 
0.875 1.09175e-15 3.12639e-13 0.0025 0.25 0.1795 1.795 0.02 437 5 1 1 
0.885 9.9643e-17 4.26326e-14 0.0025 0.25 0.1795 1.795 0.02 438 5 1 1 
0.895 -6.64549e-47 5.60519e-45 0.0025 0.25 0.1795 1.795 0.02 439 5 1 1 
0.905 -2.29441e-16 -1.42109e-14 0.0025 0.25 0.1795 1.795 0.02 440 5 1 1 
0.915 -5.74551e-16 -1.42109e-14 0.0025 0.25 0.1795 1.795 0.02 441 5 1 1 
0.925 -1.14247e-15 -1.42109e-14 0.0025 0.25 0.1795 1.795 0.02 442 5 1 1 
0.935 -2.09114e-15 -2.84217e-14 0.0025 0.25 0.1795 1.795 0.02 443 5 1 1 
0.945 -3.31991e-15 5.60519e-45 0.0025 0.25 0.1795 1.795 0.02 444 5 1 1 
0.955 -4.90893e-15 1.54143e-43 0.0025 0.25 0.1795 1.795 0.02 445 5 1 1 
0.965 1.97206e-15 3.12639e-13 0.0025 0.25 0.1795 1.795 0.02 446 5 1 1 
0.975 -3.9155e-15 3.12639e-13 0.0025 0.25 0.1795 1.795 0.02 447 5 1 1 
0.985 2.41513e-15 -3.12639e-13 0.0025 0.25 0.1795 1.795 0.02 448 5 1 1 
0.995 -6.38113e-15 -2.84217e-13 0.0025 0.25 0.1795 1.795 0.02 449 3 1 1 
1.005 6.38113e-15 2.84217e-13 0.0025 0.25 0.1795 1.795 0.02 450 3 1 1 
1.015 -2.41513e-15 3.12639e-13 0.0025 0.25 0.1795 1.795 0.02 451 5 1 1 
1.025 3.9155e-15 -3.12639e-13 0.0025 0.25 0.1795 1.795 0.02 452 5 1 1 
1.035 -1.97206e-15 -3.12639e-13 0.0025 0.25 0.1795 1.795 0.02 453 5 1 1 
1.045 4.90893e-15 -1.54143e-43 0.0025 0.25 0.1795 1.795 0.02 454 5 1 1 
1.055 3.31991e-15 -5.60519e-45 0.0025 0.25 0.1795 1.795 0.02 455 5 1 1 
1.065 2.09114e-15 2.84217e-14 0.0025 0.25 0.1795 1.795 0.02 456 5 1 1 
1.075 1.14247e-15 1.42109e-14 0.0025 0.25 0.1795 1.795 0.02 457 5 1 1 
1.085 5.74551e-16 1.42109e-14 0.0025 0.25 0.1795 1.795 0.02 458 5 1 1 
1.095 2.29441e-16 1.42109e-14 0.0025 0.25 0.1795 1.795 0.02 459 5 1 1 
1.105 6.38915e-47 -8.40779e-45 0.0025 0.25 0.1795 1.795 0.02 460 5 1 1 
1.115 -1.08308e-16 -7.10543e-14 0.0025 0.25 0.1795 1.795 0.02 461 5 1 1 
1.125 -1.42527e-15 -6.11067e-13 0.0025 0.25 0.1795 1.795 0.02 462 5 1 1 
1.135 -1.02103e-14 -4.1922e-12 0.0025 0.25 0.1795 1.795 0.02 463 5 1 1 
1.145 -1.81075e-13 -6.85247e-11 0.0025 0.25 0.1795 1.795 0.02 464 4 1 1 
1.155 -1.34412e-12 -4.33346e-10 0.0025 0.25 0.1795 1.795 0.02 465 4 1 1 
1.165 -9.20929e-12 -2.80727e-09 0.0025 0.25 0.1795 1.795 0.02 466 4 1 1 
1.175 -5.91053e-11 -1.723e-08 0.0025 0.25 0.1795 1.795 0.02 467 4 1 1 
1.185 -3.5786e-10 -9.91857e-08 0.0025 0.25 0.1795 1.795 0.02 468 4 1 1 
1.195 -2.04129e-09 -5.39192e-07 0.0025 0.25 0.1795 1.795 0.02 469 4 1 1 
1.205 -1.10103e-08 -2.77612e-06 0.0025 0.25 0.1795 1.795 0.02 470 4 1 1 
1.215 -5.63105e-08 -1.35846e-05 0.0025 0.25 0.1795 1.795 0.02 471 4 1 1 
1.225 -2.73249e-07 -6.29485e-05 0.0025 0.25 0.1795 1.795 0.02 472 4 1 1 
1.235 -1.23559e-06 -0.000260819 0.0025 0.25 0.1795 1.795 0.02 473 4 1 1 
1.245 -4.5663e-06 -0.00071375 0.0025 0.250001 0.179501 1.795 0.0199999 474 3 1 1 
1.255 1.44367e-06 0.00735858 0.0025 0.249993 0.179493 1.79498 0.0200005 475 4 1 1 
1.265 0.000242486 0.0585274 0.0025 0.249978 0.179477 1.79493 0.0200018 476 5 1 0.999982 
1.275 -0.000563224 -0.589522 0.0025 0.250507 0.180005 1.79645 0.0199595 477 4 1 0.998814 
1.28496 -0.0179318 -6.00948 0.0025 0.255129 0.184707 1.8101 0.0195979 478 4 1 0.987039 
1.29461 -0.10355 -20.6544 0.0025 0.273234 0.203886 1.86579 0.0182994 479 4 1 0.96353 
1.30334 -0.286379 -31.0078 0.0025 0.312775 0.248464 1.98609 0.015986 480 4 1 0.964375 
1.31076 -0.474332 -22.2212 0.0025 0.364158 0.310322 2.13024 0.0137303 481 4 1 0.982431 
1.31717 -0.580187 -10.3031 0.0025 0.406662 0.363933 2.23711 0.0122952 482 4 1 0.993315 
1.32307 -0.630995 -5.35237 0.0025 0.432457 0.397185 2.29598 0.0115618 483 4 1 0.998118 
1.32873 -0.656296 -2.34052 0.0025 0.446347 0.415324 2.32617 0.011202 484 4 1 0.999619 
1.33428 -0.666806 -0.947619 0.0025 0.45278 0.423816 2.34005 0.0110429 485 4 1 0.999943 
1.33978 -0.670919 -0.338028 0.0025 0.455338 0.427264 2.34585 0.0109809 486 4 1 0.999994 
1.34526 -0.67236 -0.114278 0.0025 0.45621 0.428524 2.34828 0.0109599 487 4 1 1 
1.35074 -0.672849 -0.0361279 0.0025 0.456421 0.428946 2.3495 0.0109548 488 3 1 1 
1.35621 -0.673023 -0.0112544 0.0025 0.45638 0.429076 2.35043 0.0109558 489 4 1 1 
1.36169 -0.673096 -0.00308929 0.0025 0.456226 0.429111 2.35141 0.0109595 490 4 1 1 
1.36717 -0.673139 -0.000121233 0.0025 0.45599 0.42911 2.35263 0.0109652 491 4 1 0.999999 
1.37266 -0.673172 0.00116315 0.0025 0.455658 0.429089 2.35423 0.0109732 492 4 1 0.999999 
1.37815 -0.673202 0.00198347 0.0025 0.455186 0.429047 2.35643 0.0109845 493 4 1 0.999997 
1.38364 -0.673233 0.00267765 0.0025 0.454487 0.428963 2.3596 0.0110014 494 4 1 0.999994 
1.38915 -0.673264 0.00338089 0.0025 0.453398 0.428825 2.36451 0.0110278 495 4 1 0.999986 
1.39467 -0.673297 0.00410653 0.0025 0.451774 0.428866 2.37323 0.0110675 496 4 1 0.999967 
1.40021 -0.673333 0.00484361 0.0025 0.450174 0.430535 2.39094 0.0111068 497 5 1 0.99866 
1.40578 -0.67337 0.00561624 0.0025 0.458786 0.449993 2.45209 0.0108983 498 4 1 0.993697 
1.41112 -0.67341 0.00643003 0.0025 0.481268 0.415534 2.15854 0.0103892 499 4 1 0.993703 
