# Time [s]: 3.86754e+12
# Columns: pos [pc], vel [pc/s], acc [pc/s^2], mass [Msun], dens [g/cm^3], pres [barye], ene [erg/g], sml [pc], id, neighbor, alpha, gradh, ...additional?
4.37538e+16 -673.469 2.51729e-13 4.97118e+27 0.000506787 4.40145 21712.5 3.04467e+14 0 4 1 0.994711 
4.39025e+16 -673.514 2.84873e-13 4.97118e+27 0.00053086 4.11453 19376.7 2.9066e+14 1 4 1 0.99967 
4.40446e+16 -673.561 3.2146e-13 4.97118e+27 0.000543971 4.26905 19619.8 2.83655e+14 2 4 1 0.999987 
4.41861e+16 -673.614 3.63686e-13 4.97118e+27 0.000545579 4.28635 19641.3 2.82819e+14 3 4 1 0.999999 
4.43275e+16 -673.672 4.12375e-13 4.97118e+27 0.000545976 4.28866 19637.6 2.82613e+14 4 4 1 1 
4.44688e+16 -673.738 4.67248e-13 4.97118e+27 0.000546052 4.28893 19636.1 2.82574e+14 5 3 1 1 
4.461e+16 -673.811 5.27567e-13 4.97118e+27 0.000546052 4.28865 19634.8 2.82574e+14 6 4 1 1 
4.47513e+16 -673.892 5.93233e-13 4.97118e+27 0.000546032 4.28821 19633.5 2.82584e+14 7 4 1 1 
4.48926e+16 -673.982 6.6457e-13 4.97118e+27 0.000546002 4.2877 19632.3 2.826e+14 8 4 1 1 
4.50339e+16 -674.083 7.41494e-13 4.97118e+27 0.000545964 4.28713 19631 2.82619e+14 9 4 1 1 
4.51752e+16 -674.195 8.28031e-13 4.97118e+27 0.000545918 4.28648 19629.7 2.82643e+14 10 4 1 1 
4.53166e+16 -674.32 9.36237e-13 4.97118e+27 0.000545862 4.28576 19628.4 2.82672e+14 11 4 1 1 
4.54579e+16 -674.463 1.07851e-12 4.97118e+27 0.000545794 4.28492 19627 2.82707e+14 12 4 1 1 
4.55993e+16 -674.629 1.26726e-12 4.97118e+27 0.000545711 4.28393 19625.4 2.8275e+14 13 4 1 1 
4.57407e+16 -674.829 1.535e-12 4.97118e+27 0.000545607 4.28272 19623.6 2.82804e+14 14 4 1 1 
4.58821e+16 -675.079 1.92746e-12 4.97118e+27 0.000545476 4.28121 19621.4 2.82872e+14 15 4 1 1 
4.60235e+16 -675.394 2.46276e-12 4.97118e+27 0.000545305 4.27928 19618.7 2.82961e+14 16 4 1 1 
4.6165e+16 -675.797 3.1421e-12 4.97118e+27 0.000545087 4.27684 19615.4 2.83074e+14 17 4 1 1 
-1.54134e+16 -676.308 3.96975e-12 4.97118e+27 0.000544812 4.27377 19611.2 2.83217e+14 18 4 1 0.999999 
-1.52717e+16 -676.932 4.84516e-12 4.97118e+27 0.000544481 4.27009 19606.2 2.83389e+14 19 4 1 0.999999 
-1.513e+16 -677.654 5.50735e-12 4.97118e+27 0.000544106 4.26594 19600.7 2.83584e+14 20 4 1 0.999999 
-1.49882e+16 -678.418 5.54284e-12 4.97118e+27 0.00054373 4.26178 19595.1 2.8378e+14 21 4 1 0.999999 
-1.48462e+16 -679.124 5.18016e-12 4.97118e+27 0.000543415 4.25828 19590.4 2.83945e+14 22 4 1 0.999999 
-1.47042e+16 -679.496 1.47797e-12 4.97118e+27 0.00054322 4.25612 19587.5 2.84047e+14 23 5 1 1 
-1.45622e+16 -680.02 4.95228e-12 4.97118e+27 0.000543246 4.2563 19587.6 2.84034e+14 24 4 1 0.999959 
-1.44202e+16 -677.731 -4.46184e-11 4.97118e+27 0.000545005 4.27549 19612.7 2.83117e+14 25 4 1 0.999659 
-1.42791e+16 -667.231 -1.08645e-10 4.97118e+27 0.000550423 4.3351 19690.4 2.8033e+14 26 4 1 0.99919 
-1.41398e+16 -649.578 -1.54545e-10 4.97118e+27 0.000559385 4.4343 19818.1 2.75838e+14 27 4 1 0.998915 
-1.40032e+16 -628.36 -1.71288e-10 4.97118e+27 0.000570367 4.55672 19972.8 2.70528e+14 28 4 1 0.998943 
-1.38693e+16 -607.121 -1.63456e-10 4.97118e+27 0.000581679 4.68378 20130.4 2.65266e+14 29 4 1 0.999108 
-1.37379e+16 -587.911 -1.48401e-10 4.97118e+27 0.000592329 4.80425 20276.9 2.60497e+14 30 4 1 0.999204 
-1.36088e+16 -570.186 -1.45723e-10 4.97118e+27 0.000602427 4.91922 20414.3 2.56131e+14 31 4 1 0.999173 
-1.34817e+16 -552.283 -1.57688e-10 4.97118e+27 0.00061275 5.03758 20553.4 2.51816e+14 32 4 1 0.999057 
-1.33569e+16 -532.888 -1.75967e-10 4.97118e+27 0.000623933 5.16673 20702.5 2.47302e+14 33 4 1 0.998922 
-1.32344e+16 -511.873 -1.93925e-10 4.97118e+27 0.000636168 5.30913 20864 2.42546e+14 34 4 1 0.998819 
-1.31143e+16 -489.593 -2.07421e-10 4.97118e+27 0.000649314 5.46335 21035.3 2.37635e+14 35 4 1 0.998763 
-1.29968e+16 -466.641 -2.17333e-10 4.97118e+27 0.000663115 5.62661 21213 2.3269e+14 36 4 1 0.998749 
-1.28816e+16 -443.418 -2.23643e-10 4.97118e+27 0.000677335 5.79626 21393.8 2.27804e+14 37 4 1 0.998763 
-1.27689e+16 -420.17 -2.28189e-10 4.97118e+27 0.000691797 5.97025 21575.3 2.23042e+14 38 4 1 0.998795 
-1.26586e+16 -397.176 -2.31084e-10 4.97118e+27 0.000706384 6.14722 21756.1 2.18436e+14 39 4 1 0.998836 
-1.25505e+16 -374.467 -2.33351e-10 4.97118e+27 0.00072102 6.32626 21935.2 2.14002e+14 40 4 1 0.998881 
-1.24445e+16 -352.169 -2.34907e-10 4.97118e+27 0.000735661 6.50682 22112.3 2.09743e+14 41 4 1 0.998928 
-1.23407e+16 -330.24 -2.35953e-10 4.97118e+27 0.00075027 6.68844 22286.9 2.05659e+14 42 4 1 0.998973 
-1.22389e+16 -308.687 -2.37084e-10 4.97118e+27 0.000764836 6.87092 22458.9 2.01743e+14 43 4 1 0.999015 
-1.21389e+16 -287.578 -2.38255e-10 4.97118e+27 0.00077936 7.05426 22628.5 1.97983e+14 44 4 1 0.999058 
-1.20409e+16 -266.836 -2.38583e-10 4.97118e+27 0.000793823 7.23821 22795.5 1.94376e+14 45 4 1 0.999098 
-1.19445e+16 -246.498 -2.39592e-10 4.97118e+27 0.000808221 7.42266 22960 1.90913e+14 46 4 1 0.999138 
-1.18499e+16 -226.55 -2.3955e-10 4.97118e+27 0.000822546 7.60749 23121.9 1.87588e+14 47 4 1 0.999175 
-1.17569e+16 -206.953 -2.4016e-10 4.97118e+27 0.000836791 7.79257 23281.2 1.84395e+14 48 4 1 0.999209 
-1.16655e+16 -187.765 -2.40512e-10 4.97118e+27 0.000850966 7.97798 23438.1 1.81323e+14 49 4 1 0.999243 
-1.15756e+16 -168.924 -2.40533e-10 4.97118e+27 0.000865058 8.16354 23592.6 1.7837e+14 50 4 1 0.999276 
-1.14871e+16 -150.442 -2.40435e-10 4.97118e+27 0.000879058 8.3491 23744.6 1.75529e+14 51 4 1 0.999305 
-1.14001e+16 -132.294 -2.41076e-10 4.97118e+27 0.000892977 8.53477 23894.2 1.72793e+14 52 4 1 0.999338 
-1.13143e+16 -114.488 -2.39624e-10 4.97118e+27 0.000906781 8.72007 24041.3 1.70162e+14 53 4 1 0.999378 
-1.12299e+16 -97.1933 -2.35319e-10 4.97118e+27 0.000920374 8.90357 24184.7 1.67649e+14 54 4 1 0.999402 
-1.11467e+16 -80.4359 -2.36764e-10 4.97118e+27 0.000933845 9.08638 24325.6 1.65231e+14 55 4 1 0.999381 
-1.10646e+16 -63.3028 -2.55274e-10 4.97118e+27 0.000947641 9.27501 24468.9 1.62825e+14 56 4 1 0.999418 
-1.09838e+16 -45.6481 -2.48572e-10 4.97118e+27 0.000961432 9.46531 24611.3 1.6049e+14 57 4 1 0.999653 
-1.09041e+16 -31.4284 -1.58232e-10 4.97118e+27 0.000972864 9.62308 24727.6 1.58604e+14 58 4 1 0.999775 
-1.08252e+16 -22.6903 -1.23432e-10 4.97118e+27 0.000981685 9.74324 24815.2 1.57179e+14 59 4 1 0.999456 
-1.0747e+16 -8.95789 -3.20117e-10 4.97118e+27 0.000994184 9.91724 24941.4 1.55203e+14 60 4 1 0.998978 
-1.067e+16 16.467 -4.16566e-10 4.97118e+27 0.00101279 10.182 25130.2 1.52352e+14 61 4 1 0.999669 
-1.05946e+16 34.594 -1.28186e-10 4.97118e+27 0.00102683 10.381 25269.2 1.50268e+14 62 4 1 1.00002 
-1.05197e+16 36.3446 2.14486e-11 4.97118e+27 0.00103002 10.4239 25298.8 1.49803e+14 63 3 1 1 
-1.04448e+16 33.7332 4.9312e-11 4.97118e+27 0.00102789 10.3932 25277.5 1.50113e+14 64 4 1 0.999992 
-1.03696e+16 29.9423 6.36555e-11 4.97118e+27 0.00102455 10.3457 25244.4 1.50603e+14 65 4 1 0.999971 
-1.02942e+16 25.5374 7.12955e-11 4.97118e+27 0.00102075 10.2919 25206.7 1.51164e+14 66 4 1 0.99996 
-1.02185e+16 20.9151 7.28539e-11 4.97118e+27 0.00101685 10.2367 25167.9 1.51744e+14 67 4 1 0.999956 
-1.01424e+16 16.4427 6.87766e-11 4.97118e+27 0.00101314 10.1844 25131 1.52299e+14 68 4 1 0.999959 
-1.00662e+16 12.4131 6.05772e-11 4.97118e+27 0.00100985 10.1381 25098.2 1.52795e+14 69 4 1 0.999967 
-9.98965e+15 9.00805 5.01287e-11 4.97118e+27 0.00100711 10.0995 25070.9 1.53211e+14 70 4 1 0.999977 
-9.91295e+15 6.29315 3.92184e-11 4.97118e+27 0.00100494 10.0691 25049.2 1.53542e+14 71 4 1 0.999985 
-9.83611e+15 4.23929 2.91682e-11 4.97118e+27 0.00100331 10.0463 25033 1.53791e+14 72 4 1 0.999991 
-9.75916e+15 2.75784 2.07196e-11 4.97118e+27 0.00100215 10.03 25021.4 1.53969e+14 73 4 1 0.999996 
-9.68214e+15 1.73481 1.41108e-11 4.97118e+27 0.00100135 10.0188 25013.4 1.54093e+14 74 4 1 0.999998 
-9.60507e+15 1.05625 9.24029e-12 4.97118e+27 0.00100082 10.0114 25008.1 1.54174e+14 75 4 1 0.999999 
-9.52797e+15 0.622887 5.83045e-12 4.97118e+27 0.00100048 10.0067 25004.8 1.54226e+14 76 4 1 1 
-9.45084e+15 0.355932 3.55014e-12 4.97118e+27 0.00100027 10.0038 25002.7 1.54258e+14 77 4 1 1 
-9.37371e+15 0.197122 2.08807e-12 4.97118e+27 0.00100015 10.0021 25001.5 1.54277e+14 78 4 1 1 
-9.29657e+15 0.105815 1.18707e-12 4.97118e+27 0.00100008 10.0011 25000.8 1.54287e+14 79 4 1 1 
-9.21942e+15 0.0550527 6.52532e-13 4.97118e+27 0.00100004 10.0006 25000.4 1.54293e+14 80 4 1 1 
-9.14227e+15 0.0277569 3.469e-13 4.97118e+27 0.00100002 10.0003 25000.2 1.54297e+14 81 4 1 1 
-9.06512e+15 0.0135592 1.78363e-13 4.97118e+27 0.00100001 10.0001 25000.1 1.54298e+14 82 4 1 1 
-8.98797e+15 0.00641567 8.86917e-14 4.97118e+27 0.001 10.0001 25000 1.54299e+14 83 4 1 1 
-8.91082e+15 0.00293932 4.26455e-14 4.97118e+27 0.001 10 25000 1.543e+14 84 4 1 1 
-8.83367e+15 0.00130337 1.98231e-14 4.97118e+27 0.001 10 25000 1.543e+14 85 4 1 1 
-8.75652e+15 0.000559096 8.90514e-15 4.97118e+27 0.001 10 25000 1.543e+14 86 4 1 1 
-8.67937e+15 0.000231872 3.86451e-15 4.97118e+27 0.001 10 25000 1.543e+14 87 4 1 1 
-8.60222e+15 9.29069e-05 1.61921e-15 4.97118e+27 0.001 10 25000 1.543e+14 88 4 1 1 
-8.52507e+15 3.5936e-05 6.54612e-16 4.97118e+27 0.001 10 25000 1.543e+14 89 4 1 1 
-8.44792e+15 1.3405e-05 2.55146e-16 4.97118e+27 0.001 10 25000 1.543e+14 90 4 1 1 
-8.37077e+15 4.81671e-06 9.57855e-17 4.97118e+27 0.001 10 25000 1.543e+14 91 4 1 1 
-8.29362e+15 1.66484e-06 3.45931e-17 4.97118e+27 0.001 10 25000 1.543e+14 92 4 1 1 
-8.21647e+15 5.52559e-07 1.20029e-17 4.97118e+27 0.001 10 25000 1.543e+14 93 4 1 1 
-8.13932e+15 1.75749e-07 3.99214e-18 4.97118e+27 0.001 10 25000 1.543e+14 94 4 1 1 
-8.06217e+15 5.34227e-08 1.2719e-18 4.97118e+27 0.001 10 25000 1.543e+14 95 4 1 1 
-7.98502e+15 1.54535e-08 3.85612e-19 4.97118e+27 0.001 10 25000 1.543e+14 96 4 1 1 
-7.90787e+15 4.26055e-09 1.11519e-19 4.97118e+27 0.001 10 25000 1.543e+14 97 4 1 1 
-7.83072e+15 1.10393e-09 3.03889e-20 4.97118e+27 0.001 10 25000 1.543e+14 98 4 1 1 
-7.75357e+15 2.65919e-10 8.01813e-21 4.97118e+27 0.001 10 25000 1.543e+14 99 4 1 1 
-7.67642e+15 5.75538e-11 1.8475e-21 4.97118e+27 0.001 10 25000 1.543e+14 100 4 1 1 
-7.59927e+15 5.64874e-12 4.5681e-22 4.97118e+27 0.001 10 25000 1.543e+14 101 4 1 1 
-7.52212e+15 -6.93065e-14 -1.10519e-23 4.97118e+27 0.001 10 25000 1.543e+14 102 5 1 1 
-7.44497e+15 -1.2023e-29 -1.27813e-39 4.97118e+27 0.001 10 25000 1.543e+14 103 5 1 1 
-7.36782e+15 0 0 4.97118e+27 0.001 10 25000 1.543e+14 104 5 1 1 
-7.29067e+15 0 0 4.97118e+27 0.001 10 25000 1.543e+14 105 5 1 1 
-7.21352e+15 0 0 4.97118e+27 0.001 10 25000 1.543e+14 106 5 1 1 
-7.13637e+15 0 0 4.97118e+27 0.001 10 25000 1.543e+14 107 5 1 1 
-7.05922e+15 0 0 4.97118e+27 0.001 10 25000 1.543e+14 108 5 1 1 
-6.98207e+15 0 0 4.97118e+27 0.001 10 25000 1.543e+14 109 5 1 1 
-6.90492e+15 0 0 4.97118e+27 0.001 10 25000 1.543e+14 110 5 1 1 
-6.82777e+15 0 0 4.97118e+27 0.001 10 25000 1.543e+14 111 5 1 1 
-6.75062e+15 0 0 4.97118e+27 0.001 10 25000 1.543e+14 112 5 1 1 
-6.67347e+15 0 0 4.97118e+27 0.001 10 25000 1.543e+14 113 5 1 1 
-6.59632e+15 0 0 4.97118e+27 0.001 10 25000 1.543e+14 114 5 1 1 
-6.51917e+15 0 0 4.97118e+27 0.001 10 25000 1.543e+14 115 5 1 1 
-6.44202e+15 0 0 4.97118e+27 0.001 10 25000 1.543e+14 116 5 1 1 
-6.36487e+15 0 0 4.97118e+27 0.001 10 25000 1.543e+14 117 5 1 1 
-6.28772e+15 0 0 4.97118e+27 0.001 10 25000 1.543e+14 118 5 1 1 
-6.21057e+15 0 0 4.97118e+27 0.001 10 25000 1.543e+14 119 5 1 1 
-6.13342e+15 0 0 4.97118e+27 0.001 10 25000 1.543e+14 120 5 1 1 
-6.05627e+15 0 0 4.97118e+27 0.001 10 25000 1.543e+14 121 5 1 1 
-5.97912e+15 0 0 4.97118e+27 0.001 10 25000 1.543e+14 122 5 1 1 
-5.90197e+15 0 0 4.97118e+27 0.001 10 25000 1.543e+14 123 5 1 1 
-5.82482e+15 0 0 4.97118e+27 0.001 10 25000 1.543e+14 124 5 1 1 
-5.74767e+15 0 0 4.97118e+27 0.001 10 25000 1.543e+14 125 5 1 1 
-5.67052e+15 0 0 4.97118e+27 0.001 10 25000 1.543e+14 126 5 1 1 
-5.59337e+15 0 0 4.97118e+27 0.001 10 25000 1.543e+14 127 5 1 1 
-5.51622e+15 0 0 4.97118e+27 0.001 10 25000 1.543e+14 128 5 1 1 
-5.43907e+15 0 0 4.97118e+27 0.001 10 25000 1.543e+14 129 5 1 1 
-5.36192e+15 0 0 4.97118e+27 0.001 10 25000 1.543e+14 130 5 1 1 
-5.28477e+15 0 0 4.97118e+27 0.001 10 25000 1.543e+14 131 5 1 1 
-5.20762e+15 0 0 4.97118e+27 0.001 10 25000 1.543e+14 132 5 1 1 
-5.13047e+15 0 0 4.97118e+27 0.001 10 25000 1.543e+14 133 5 1 1 
-5.05332e+15 0 0 4.97118e+27 0.001 10 25000 1.543e+14 134 5 1 1 
-4.97617e+15 0 0 4.97118e+27 0.001 10 25000 1.543e+14 135 5 1 1 
-4.89902e+15 0 0 4.97118e+27 0.001 10 25000 1.543e+14 136 5 1 1 
-4.82187e+15 0 0 4.97118e+27 0.001 10 25000 1.543e+14 137 5 1 1 
-4.74472e+15 0 0 4.97118e+27 0.001 10 25000 1.543e+14 138 5 1 1 
-4.66757e+15 0 0 4.97118e+27 0.001 10 25000 1.543e+14 139 5 1 1 
-4.59042e+15 0 0 4.97118e+27 0.001 10 25000 1.543e+14 140 5 1 1 
-4.51327e+15 0 0 4.97118e+27 0.001 10 25000 1.543e+14 141 5 1 1 
-4.43612e+15 0 0 4.97118e+27 0.001 10 25000 1.543e+14 142 5 1 1 
-4.35897e+15 0 0 4.97118e+27 0.001 10 25000 1.543e+14 143 5 1 1 
-4.28182e+15 0 0 4.97118e+27 0.001 10 25000 1.543e+14 144 5 1 1 
-4.20467e+15 0 0 4.97118e+27 0.001 10 25000 1.543e+14 145 5 1 1 
-4.12752e+15 0 0 4.97118e+27 0.001 10 25000 1.543e+14 146 5 1 1 
-4.05037e+15 0 0 4.97118e+27 0.001 10 25000 1.543e+14 147 5 1 1 
-3.97322e+15 0 0 4.97118e+27 0.001 10 25000 1.543e+14 148 5 1 1 
-3.89607e+15 0 0 4.97118e+27 0.001 10 25000 1.543e+14 149 5 1 1 
-3.81892e+15 0 0 4.97118e+27 0.001 10 25000 1.543e+14 150 5 1 1 
-3.74177e+15 0 0 4.97118e+27 0.001 10 25000 1.543e+14 151 5 1 1 
-3.66462e+15 0 0 4.97118e+27 0.001 10 25000 1.543e+14 152 5 1 1 
-3.58747e+15 0 0 4.97118e+27 0.001 10 25000 1.543e+14 153 5 1 1 
-3.51032e+15 0 0 4.97118e+27 0.001 10 25000 1.543e+14 154 5 1 1 
-3.43317e+15 0 0 4.97118e+27 0.001 10 25000 1.543e+14 155 5 1 1 
-3.35602e+15 0 0 4.97118e+27 0.001 10 25000 1.543e+14 156 5 1 1 
-3.27887e+15 0 0 4.97118e+27 0.001 10 25000 1.543e+14 157 5 1 1 
-3.20172e+15 0 0 4.97118e+27 0.001 10 25000 1.543e+14 158 5 1 1 
-3.12457e+15 0 0 4.97118e+27 0.001 10 25000 1.543e+14 159 5 1 1 
-3.04742e+15 0 0 4.97118e+27 0.001 10 25000 1.543e+14 160 5 1 1 
-2.97027e+15 0 0 4.97118e+27 0.001 10 25000 1.543e+14 161 5 1 1 
-2.89312e+15 0 0 4.97118e+27 0.001 10 25000 1.543e+14 162 5 1 1 
-2.81597e+15 0 0 4.97118e+27 0.001 10 25000 1.543e+14 163 5 1 1 
-2.73882e+15 0 0 4.97118e+27 0.001 10 25000 1.543e+14 164 5 1 1 
-2.66167e+15 0 0 4.97118e+27 0.001 10 25000 1.543e+14 165 5 1 1 
-2.58452e+15 0 0 4.97118e+27 0.001 10 25000 1.543e+14 166 5 1 1 
-2.50737e+15 0 0 4.97118e+27 0.001 10 25000 1.543e+14 167 5 1 1 
-2.43022e+15 0 0 4.97118e+27 0.001 10 25000 1.543e+14 168 5 1 1 
-2.35307e+15 0 0 4.97118e+27 0.001 10 25000 1.543e+14 169 5 1 1 
-2.27592e+15 0 0 4.97118e+27 0.001 10 25000 1.543e+14 170 5 1 1 
-2.19877e+15 0 0 4.97118e+27 0.001 10 25000 1.543e+14 171 5 1 1 
-2.12162e+15 0 0 4.97118e+27 0.001 10 25000 1.543e+14 172 5 1 1 
-2.04447e+15 0 0 4.97118e+27 0.001 10 25000 1.543e+14 173 5 1 1 
-1.96732e+15 -1.74095e-43 -3.63266e-55 4.97118e+27 0.001 10 25000 1.543e+14 174 5 1 1 
-1.89017e+15 -1.03713e-13 -3.63266e-55 4.97118e+27 0.001 10 25000 1.543e+14 175 5 1 1 
-1.81302e+15 -2.41496e-13 0 4.97118e+27 0.001 10 25000 1.543e+14 176 5 1 1 
-1.73587e+15 -3.95905e-13 -1.84198e-24 4.97118e+27 0.001 10 25000 1.543e+14 177 5 1 1 
-1.65872e+15 -5.32035e-13 1.84198e-24 4.97118e+27 0.001 10 25000 1.543e+14 178 5 1 1 
-1.58157e+15 -7.0149e-13 -1.84198e-24 4.97118e+27 0.001 10 25000 1.543e+14 179 5 1 1 
-1.50442e+15 -8.69386e-13 1.84198e-24 4.97118e+27 0.001 10 25000 1.543e+14 180 5 1 1 
-1.42727e+15 -1.07038e-12 -1.84198e-24 4.97118e+27 0.001 10 25000 1.543e+14 181 5 1 1 
-1.35012e+15 -1.28559e-12 -7.26532e-55 4.97118e+27 0.001 10 25000 1.543e+14 182 5 1 1 
-1.27297e+15 -1.54843e-12 -7.26532e-55 4.97118e+27 0.001 10 25000 1.543e+14 183 5 1 1 
-1.19582e+15 -2.09663e-12 -1.84198e-24 4.97118e+27 0.001 10 25000 1.543e+14 184 5 1 1 
-1.11867e+15 -1.99515e-12 1.10519e-23 4.97118e+27 0.001 10 25000 1.543e+14 185 5 1 1 
-1.04152e+15 -4.7096e-12 1.47358e-23 4.97118e+27 0.001 10 25000 1.543e+14 186 4 1 1 
-9.64375e+14 1.90635e-12 -1.10519e-23 4.97118e+27 0.001 10 25000 1.543e+14 187 3 1 1 
-8.87225e+14 -1.18652e-12 -1.84198e-24 4.97118e+27 0.001 10 25000 1.543e+14 188 5 1 1 
-8.10075e+14 -1.8521e-12 -4.42075e-23 4.97118e+27 0.001 10 25000 1.543e+14 189 3 1 1 
-7.32925e+14 -2.42189e-12 4.97334e-23 4.97118e+27 0.001 10 25000 1.543e+14 190 4 1 1 
-6.55775e+14 9.01882e-13 -2.94716e-23 4.97118e+27 0.001 10 25000 1.543e+14 191 5 1 1 
-5.78625e+14 -6.31532e-13 1.10519e-23 4.97118e+27 0.001 10 25000 1.543e+14 192 5 1 1 
-5.01475e+14 -2.38968e-12 -3.68395e-24 4.97118e+27 0.001 10 25000 1.543e+14 193 4 1 1 
-4.24325e+14 2.34949e-14 3.68395e-24 4.97118e+27 0.001 10 25000 1.543e+14 194 3 1 1 
-3.47175e+14 -6.15612e-13 3.51485e-39 4.97118e+27 0.001 10 25000 1.543e+14 195 3 1 1 
-2.70025e+14 -9.31633e-13 -7.36791e-24 4.97118e+27 0.001 10 25000 1.543e+14 196 3 1 1 
-1.92875e+14 -5.79262e-13 1.47358e-23 4.97118e+27 0.001 10 25000 1.543e+14 197 4 1 1 
-1.15725e+14 -4.15588e-13 0 4.97118e+27 0.001 10 25000 1.543e+14 198 5 1 1 
-3.8575e+13 -1.72612e-13 -7.36791e-24 4.97118e+27 0.001 10 25000 1.543e+14 199 4 1 1 
3.8575e+13 -1.49142e-13 -1.84198e-24 4.97118e+27 0.001 10 25000 1.543e+14 200 3 1 1 
1.15725e+14 -5.4341e-14 2.87579e-39 4.97118e+27 0.001 10 25000 1.543e+14 201 3 1 1 
1.92875e+14 -4.37058e-13 1.84198e-24 4.97118e+27 0.001 10 25000 1.543e+14 202 5 1 1 
2.70025e+14 -1.04247e-12 -1.84198e-24 4.97118e+27 0.001 10 25000 1.543e+14 203 3 1 1 
3.47175e+14 1.10736e-14 1.84198e-24 4.97118e+27 0.001 10 25000 1.543e+14 204 3 1 1 
4.24325e+14 -1.41984e-13 -3.68395e-24 4.97118e+27 0.001 10 25000 1.543e+14 205 4 1 1 
5.01475e+14 -4.44282e-13 1.91719e-38 4.97118e+27 0.001 10 25000 1.543e+14 206 4 1 1 
5.78625e+14 -1.09366e-12 6.71017e-39 4.97118e+27 0.001 10 25000 1.543e+14 207 5 1 1 
6.55775e+14 9.11889e-13 3.68395e-24 4.97118e+27 0.001 10 25000 1.543e+14 208 5 1 1 
7.32925e+14 -8.78896e-14 -1.84198e-24 4.97118e+27 0.001 10 25000 1.543e+14 209 4 1 1 
8.10075e+14 2.68605e-12 1.84198e-24 4.97118e+27 0.001 10 25000 1.543e+14 210 3 1 1 
8.87225e+14 1.47479e-12 -8.9469e-39 4.97118e+27 0.001 10 25000 1.543e+14 211 3 1 1 
9.64375e+14 5.01562e-12 1.84198e-24 4.97118e+27 0.001 10 25000 1.543e+14 212 4 1 1 
1.04153e+15 3.4137e-12 -1.84198e-24 4.97118e+27 0.001 10 25000 1.543e+14 213 5 1 1 
1.11868e+15 3.05101e-12 1.84198e-24 4.97118e+27 0.001 10 25000 1.543e+14 214 5 1 1 
1.19583e+15 2.6093e-12 -3.68395e-24 4.97118e+27 0.001 10 25000 1.543e+14 215 5 1 1 
1.27298e+15 2.10909e-12 3.68395e-24 4.97118e+27 0.001 10 25000 1.543e+14 216 5 1 1 
1.35013e+15 1.60196e-12 1.45306e-54 4.97118e+27 0.001 10 25000 1.543e+14 217 5 1 1 
1.42728e+15 1.24784e-12 1.84198e-24 4.97118e+27 0.001 10 25000 1.543e+14 218 5 1 1 
1.50443e+15 1.01111e-12 -1.84198e-24 4.97118e+27 0.001 10 25000 1.543e+14 219 5 1 1 
1.58158e+15 7.73246e-13 1.84198e-24 4.97118e+27 0.001 10 25000 1.543e+14 220 5 1 1 
1.65873e+15 5.68165e-13 -1.84198e-24 4.97118e+27 0.001 10 25000 1.543e+14 221 5 1 1 
1.73588e+15 4.31195e-13 1.84198e-24 4.97118e+27 0.001 10 25000 1.543e+14 222 5 1 1 
1.81303e+15 2.93632e-13 -1.84198e-24 4.97118e+27 0.001 10 25000 1.543e+14 223 5 1 1 
1.89018e+15 1.55686e-13 1.84198e-24 4.97118e+27 0.001 10 25000 1.543e+14 224 5 1 1 
1.96733e+15 1.74103e-43 3.63266e-55 4.97118e+27 0.001 10 25000 1.543e+14 225 5 1 1 
2.04448e+15 0 0 4.97118e+27 0.001 10 25000 1.543e+14 226 5 1 1 
2.12163e+15 0 0 4.97118e+27 0.001 10 25000 1.543e+14 227 5 1 1 
2.19878e+15 0 0 4.97118e+27 0.001 10 25000 1.543e+14 228 5 1 1 
2.27593e+15 0 0 4.97118e+27 0.001 10 25000 1.543e+14 229 5 1 1 
2.35308e+15 0 0 4.97118e+27 0.001 10 25000 1.543e+14 230 5 1 1 
2.43023e+15 0 0 4.97118e+27 0.001 10 25000 1.543e+14 231 5 1 1 
2.50738e+15 0 0 4.97118e+27 0.001 10 25000 1.543e+14 232 5 1 1 
2.58453e+15 0 0 4.97118e+27 0.001 10 25000 1.543e+14 233 5 1 1 
2.66168e+15 0 0 4.97118e+27 0.001 10 25000 1.543e+14 234 5 1 1 
2.73883e+15 0 0 4.97118e+27 0.001 10 25000 1.543e+14 235 5 1 1 
2.81598e+15 0 0 4.97118e+27 0.001 10 25000 1.543e+14 236 5 1 1 
2.89313e+15 -9.98237e-43 -3.63266e-55 4.97118e+27 0.001 10 25000 1.543e+14 237 5 1 1 
2.97028e+15 -1.69188e-13 0 4.97118e+27 0.001 10 25000 1.543e+14 238 5 1 1 
3.04743e+15 -3.37357e-13 3.63266e-55 4.97118e+27 0.001 10 25000 1.543e+14 239 5 1 1 
3.12458e+15 1.58941e-12 0 4.97118e+27 0.001 10 25000 1.543e+14 240 5 1 1 
3.20173e+15 1.42405e-12 2.1796e-54 4.97118e+27 0.001 10 25000 1.543e+14 241 5 1 1 
3.27888e+15 2.94304e-12 -5.08572e-54 4.97118e+27 0.001 10 25000 1.543e+14 242 5 1 1 
3.35603e+15 1.28096e-12 2.1796e-54 4.97118e+27 0.001 10 25000 1.543e+14 243 5 1 1 
3.43318e+15 1.17275e-12 -3.26939e-54 4.97118e+27 0.001 10 25000 1.543e+14 244 5 1 1 
3.51033e+15 -1.14565e-12 1.2351e-53 4.97118e+27 0.001 10 25000 1.543e+14 245 5 1 1 
3.58748e+15 3.25987e-12 -1.34408e-53 4.97118e+27 0.001 10 25000 1.543e+14 246 5 1 1 
3.66463e+15 5.3101e-14 1.84198e-24 4.97118e+27 0.001 10 25000 1.543e+14 247 5 1 1 
3.74178e+15 -3.85031e-13 -1.84198e-24 4.97118e+27 0.001 10 25000 1.543e+14 248 5 1 1 
3.81893e+15 -3.00382e-12 -1.84198e-24 4.97118e+27 0.001 10 25000 1.543e+14 249 4 1 1 
3.89608e+15 3.00382e-12 1.84198e-24 4.97118e+27 0.001 10 25000 1.543e+14 250 4 1 1 
3.97323e+15 3.85031e-13 1.84198e-24 4.97118e+27 0.001 10 25000 1.543e+14 251 5 1 1 
4.05038e+15 -5.3101e-14 -1.84198e-24 4.97118e+27 0.001 10 25000 1.543e+14 252 5 1 1 
4.12753e+15 -3.25987e-12 1.34408e-53 4.97118e+27 0.001 10 25000 1.543e+14 253 5 1 1 
4.20468e+15 1.14565e-12 -1.2351e-53 4.97118e+27 0.001 10 25000 1.543e+14 254 5 1 1 
4.28183e+15 -1.17275e-12 3.26939e-54 4.97118e+27 0.001 10 25000 1.543e+14 255 5 1 1 
4.35898e+15 -1.28096e-12 -2.1796e-54 4.97118e+27 0.001 10 25000 1.543e+14 256 5 1 1 
4.43613e+15 -2.94304e-12 5.08572e-54 4.97118e+27 0.001 10 25000 1.543e+14 257 5 1 1 
4.51328e+15 -1.42405e-12 -2.1796e-54 4.97118e+27 0.001 10 25000 1.543e+14 258 5 1 1 
4.59043e+15 -1.58941e-12 0 4.97118e+27 0.001 10 25000 1.543e+14 259 5 1 1 
4.66758e+15 3.37357e-13 -3.63266e-55 4.97118e+27 0.001 10 25000 1.543e+14 260 5 1 1 
4.74473e+15 1.69188e-13 0 4.97118e+27 0.001 10 25000 1.543e+14 261 5 1 1 
4.82188e+15 9.98237e-43 3.63266e-55 4.97118e+27 0.001 10 25000 1.543e+14 262 5 1 1 
4.89903e+15 0 0 4.97118e+27 0.001 10 25000 1.543e+14 263 5 1 1 
4.97618e+15 0 0 4.97118e+27 0.001 10 25000 1.543e+14 264 5 1 1 
5.05333e+15 0 0 4.97118e+27 0.001 10 25000 1.543e+14 265 5 1 1 
5.13048e+15 0 0 4.97118e+27 0.001 10 25000 1.543e+14 266 5 1 1 
5.20763e+15 0 0 4.97118e+27 0.001 10 25000 1.543e+14 267 5 1 1 
5.28478e+15 0 0 4.97118e+27 0.001 10 25000 1.543e+14 268 5 1 1 
5.36193e+15 0 0 4.97118e+27 0.001 10 25000 1.543e+14 269 5 1 1 
5.43908e+15 0 0 4.97118e+27 0.001 10 25000 1.543e+14 270 5 1 1 
5.51623e+15 0 0 4.97118e+27 0.001 10 25000 1.543e+14 271 5 1 1 
5.59338e+15 0 0 4.97118e+27 0.001 10 25000 1.543e+14 272 5 1 1 
5.67053e+15 0 0 4.97118e+27 0.001 10 25000 1.543e+14 273 5 1 1 
5.74768e+15 0 0 4.97118e+27 0.001 10 25000 1.543e+14 274 5 1 1 
5.82483e+15 0 0 4.97118e+27 0.001 10 25000 1.543e+14 275 5 1 1 
5.90198e+15 0 0 4.97118e+27 0.001 10 25000 1.543e+14 276 5 1 1 
5.97913e+15 0 0 4.97118e+27 0.001 10 25000 1.543e+14 277 5 1 1 
6.05628e+15 0 0 4.97118e+27 0.001 10 25000 1.543e+14 278 5 1 1 
6.13343e+15 0 0 4.97118e+27 0.001 10 25000 1.543e+14 279 5 1 1 
6.21058e+15 -6.02023e-43 -3.63266e-55 4.97118e+27 0.001 10 25000 1.543e+14 280 5 1 1 
6.28773e+15 -6.85718e-14 -3.63266e-55 4.97118e+27 0.001 10 25000 1.543e+14 281 5 1 1 
6.36488e+15 -2.05192e-13 3.63266e-55 4.97118e+27 0.001 10 25000 1.543e+14 282 5 1 1 
6.44203e+15 -3.75697e-13 3.63266e-55 4.97118e+27 0.001 10 25000 1.543e+14 283 5 1 1 
6.51918e+15 1.99293e-13 1.84198e-24 4.97118e+27 0.001 10 25000 1.543e+14 284 5 1 1 
6.59633e+15 3.07373e-14 1.84198e-24 4.97118e+27 0.001 10 25000 1.543e+14 285 5 1 1 
6.67348e+15 2.12437e-12 3.68395e-24 4.97118e+27 0.001 10 25000 1.543e+14 286 5 1 1 
6.75063e+15 1.92624e-12 2.90613e-54 4.97118e+27 0.001 10 25000 1.543e+14 287 5 1 1 
6.82778e+15 5.15564e-12 -3.26939e-54 4.97118e+27 0.001 10 25000 1.543e+14 288 5 1 1 
6.90493e+15 3.90622e-12 3.68395e-24 4.97118e+27 0.001 10 25000 1.543e+14 289 5 1 1 
6.98208e+15 3.4334e-12 -3.63266e-54 4.97118e+27 0.001 10 25000 1.543e+14 290 5 1 1 
7.05923e+15 1.55571e-12 4.35919e-54 4.97118e+27 0.001 10 25000 1.543e+14 291 5 1 1 
7.13638e+15 1.3627e-12 -1.84198e-24 4.97118e+27 0.001 10 25000 1.543e+14 292 5 1 1 
7.21353e+15 -1.46904e-12 -1.84198e-24 4.97118e+27 0.001 10 25000 1.543e+14 293 5 1 1 
7.29068e+15 3.49907e-12 1.84198e-24 4.97118e+27 0.001 10 25000 1.543e+14 294 5 1 1 
7.36783e+15 -4.87631e-14 1.84198e-24 4.97118e+27 0.001 10 25000 1.543e+14 295 5 1 1 
7.44498e+15 2.60452e-12 -1.84198e-24 4.97118e+27 0.001 10 25000 1.543e+14 296 5 1 1 
7.52213e+15 -2.59163e-12 2.76297e-23 4.97118e+27 0.001 10 25000 1.543e+14 297 5 1 1 
7.59928e+15 -3.38495e-12 -4.82598e-22 4.97118e+27 0.001 10 25000 1.543e+14 298 4 1 1 
7.67643e+15 -5.82658e-11 -1.85856e-21 4.97118e+27 0.001 10 25000 1.543e+14 299 4 1 1 
7.75358e+15 -2.63613e-10 -8.00708e-21 4.97118e+27 0.001 10 25000 1.543e+14 300 4 1 1 
7.83072e+15 -1.10426e-09 -3.03779e-20 4.97118e+27 0.001 10 25000 1.543e+14 301 4 1 1 
7.90787e+15 -4.25969e-09 -1.11517e-19 4.97118e+27 0.001 10 25000 1.543e+14 302 4 1 1 
7.98502e+15 -1.54557e-08 -3.85622e-19 4.97118e+27 0.001 10 25000 1.543e+14 303 4 1 1 
8.06217e+15 -5.34242e-08 -1.27186e-18 4.97118e+27 0.001 10 25000 1.543e+14 304 4 1 1 
8.13932e+15 -1.75761e-07 -3.99274e-18 4.97118e+27 0.001 10 25000 1.543e+14 305 4 1 1 
8.21647e+15 -5.52568e-07 -1.20019e-17 4.97118e+27 0.001 10 25000 1.543e+14 306 4 1 1 
8.29362e+15 -1.66483e-06 -3.45936e-17 4.97118e+27 0.001 10 25000 1.543e+14 307 4 1 1 
8.37077e+15 -4.81671e-06 -9.57854e-17 4.97118e+27 0.001 10 25000 1.543e+14 308 4 1 1 
8.44792e+15 -1.3405e-05 -2.55146e-16 4.97118e+27 0.001 10 25000 1.543e+14 309 4 1 1 
8.52507e+15 -3.5936e-05 -6.54612e-16 4.97118e+27 0.001 10 25000 1.543e+14 310 4 1 1 
8.60222e+15 -9.29069e-05 -1.61921e-15 4.97118e+27 0.001 10 25000 1.543e+14 311 4 1 1 
8.67937e+15 -0.000231872 -3.86451e-15 4.97118e+27 0.001 10 25000 1.543e+14 312 4 1 1 
8.75652e+15 -0.000559096 -8.90514e-15 4.97118e+27 0.001 10 25000 1.543e+14 313 4 1 1 
8.83367e+15 -0.00130337 -1.98231e-14 4.97118e+27 0.001 10 25000 1.543e+14 314 4 1 1 
8.91082e+15 -0.00293932 -4.26455e-14 4.97118e+27 0.001 10 25000 1.543e+14 315 4 1 1 
8.98797e+15 -0.00641567 -8.86917e-14 4.97118e+27 0.001 10.0001 25000 1.54299e+14 316 4 1 1 
9.06512e+15 -0.0135592 -1.78363e-13 4.97118e+27 0.00100001 10.0001 25000.1 1.54298e+14 317 4 1 1 
9.14227e+15 -0.0277569 -3.469e-13 4.97118e+27 0.00100002 10.0003 25000.2 1.54297e+14 318 4 1 1 
9.21942e+15 -0.0550527 -6.52532e-13 4.97118e+27 0.00100004 10.0006 25000.4 1.54293e+14 319 4 1 1 
9.29657e+15 -0.105815 -1.18707e-12 4.97118e+27 0.00100008 10.0011 25000.8 1.54287e+14 320 4 1 1 
9.37371e+15 -0.197122 -2.08807e-12 4.97118e+27 0.00100015 10.0021 25001.5 1.54277e+14 321 4 1 1 
9.45084e+15 -0.355932 -3.55014e-12 4.97118e+27 0.00100027 10.0038 25002.7 1.54258e+14 322 4 1 1 
9.52797e+15 -0.622887 -5.83045e-12 4.97118e+27 0.00100048 10.0067 25004.8 1.54226e+14 323 4 1 1 
9.60507e+15 -1.05625 -9.24029e-12 4.97118e+27 0.00100082 10.0114 25008.1 1.54174e+14 324 4 1 0.999999 
9.68214e+15 -1.73481 -1.41108e-11 4.97118e+27 0.00100135 10.0188 25013.4 1.54093e+14 325 4 1 0.999998 
9.75916e+15 -2.75784 -2.07196e-11 4.97118e+27 0.00100215 10.03 25021.4 1.53969e+14 326 4 1 0.999996 
9.83611e+15 -4.23929 -2.91682e-11 4.97118e+27 0.00100331 10.0463 25033 1.53791e+14 327 4 1 0.999991 
9.91295e+15 -6.29315 -3.92184e-11 4.97118e+27 0.00100494 10.0691 25049.2 1.53542e+14 328 4 1 0.999985 
9.98965e+15 -9.00805 -5.01287e-11 4.97118e+27 0.00100711 10.0995 25070.9 1.53211e+14 329 4 1 0.999977 
1.00662e+16 -12.4131 -6.05772e-11 4.97118e+27 0.00100985 10.1381 25098.2 1.52795e+14 330 4 1 0.999967 
1.01424e+16 -16.4427 -6.87766e-11 4.97118e+27 0.00101314 10.1844 25131 1.52299e+14 331 4 1 0.999959 
1.02185e+16 -20.9151 -7.28539e-11 4.97118e+27 0.00101685 10.2367 25167.9 1.51744e+14 332 4 1 0.999956 
1.02942e+16 -25.5374 -7.12955e-11 4.97118e+27 0.00102075 10.2919 25206.7 1.51164e+14 333 4 1 0.99996 
1.03696e+16 -29.9423 -6.36555e-11 4.97118e+27 0.00102455 10.3457 25244.4 1.50603e+14 334 4 1 0.999971 
1.04448e+16 -33.7332 -4.9312e-11 4.97118e+27 0.00102789 10.3932 25277.5 1.50113e+14 335 4 1 0.999992 
1.05197e+16 -36.3446 -2.14486e-11 4.97118e+27 0.00103002 10.4239 25298.8 1.49803e+14 336 3 1 1 
1.05946e+16 -34.594 1.28186e-10 4.97118e+27 0.00102683 10.381 25269.2 1.50268e+14 337 4 1 1.00002 
1.067e+16 -16.467 4.16566e-10 4.97118e+27 0.00101279 10.182 25130.2 1.52352e+14 338 4 1 0.999669 
1.0747e+16 8.95789 3.20117e-10 4.97118e+27 0.000994184 9.91724 24941.4 1.55203e+14 339 4 1 0.998978 
1.08252e+16 22.6903 1.23432e-10 4.97118e+27 0.000981685 9.74324 24815.2 1.57179e+14 340 4 1 0.999456 
1.09041e+16 31.4284 1.58232e-10 4.97118e+27 0.000972864 9.62308 24727.6 1.58604e+14 341 4 1 0.999775 
1.09838e+16 45.6481 2.48572e-10 4.97118e+27 0.000961432 9.46531 24611.3 1.6049e+14 342 4 1 0.999653 
1.10646e+16 63.3028 2.55274e-10 4.97118e+27 0.000947641 9.27501 24468.9 1.62825e+14 343 4 1 0.999418 
1.11467e+16 80.4359 2.36764e-10 4.97118e+27 0.000933845 9.08638 24325.6 1.65231e+14 344 4 1 0.999381 
1.12299e+16 97.1933 2.35319e-10 4.97118e+27 0.000920374 8.90357 24184.7 1.67649e+14 345 4 1 0.999402 
1.13143e+16 114.488 2.39624e-10 4.97118e+27 0.000906781 8.72007 24041.3 1.70162e+14 346 4 1 0.999378 
1.14001e+16 132.294 2.41076e-10 4.97118e+27 0.000892977 8.53477 23894.2 1.72793e+14 347 4 1 0.999338 
1.14871e+16 150.442 2.40435e-10 4.97118e+27 0.000879058 8.3491 23744.6 1.75529e+14 348 4 1 0.999305 
1.15756e+16 168.924 2.40533e-10 4.97118e+27 0.000865058 8.16354 23592.6 1.7837e+14 349 4 1 0.999276 
1.16655e+16 187.765 2.40512e-10 4.97118e+27 0.000850966 7.97798 23438.1 1.81323e+14 350 4 1 0.999243 
1.17569e+16 206.953 2.4016e-10 4.97118e+27 0.000836791 7.79257 23281.2 1.84395e+14 351 4 1 0.999209 
1.18499e+16 226.55 2.3955e-10 4.97118e+27 0.000822546 7.60749 23121.9 1.87588e+14 352 4 1 0.999175 
1.19445e+16 246.498 2.39592e-10 4.97118e+27 0.000808221 7.42266 22960 1.90913e+14 353 4 1 0.999138 
1.20409e+16 266.836 2.38583e-10 4.97118e+27 0.000793823 7.23821 22795.5 1.94376e+14 354 4 1 0.999098 
1.21389e+16 287.578 2.38255e-10 4.97118e+27 0.00077936 7.05426 22628.5 1.97983e+14 355 4 1 0.999058 
1.22389e+16 308.687 2.37084e-10 4.97118e+27 0.000764836 6.87092 22458.9 2.01743e+14 356 4 1 0.999015 
1.23407e+16 330.24 2.35953e-10 4.97118e+27 0.00075027 6.68844 22286.9 2.05659e+14 357 4 1 0.998973 
1.24445e+16 352.169 2.34907e-10 4.97118e+27 0.000735661 6.50682 22112.3 2.09743e+14 358 4 1 0.998928 
1.25505e+16 374.467 2.33351e-10 4.97118e+27 0.00072102 6.32626 21935.2 2.14002e+14 359 4 1 0.998881 
1.26586e+16 397.176 2.31084e-10 4.97118e+27 0.000706384 6.14722 21756.1 2.18436e+14 360 4 1 0.998836 
1.27689e+16 420.17 2.28189e-10 4.97118e+27 0.000691797 5.97025 21575.3 2.23042e+14 361 4 1 0.998795 
1.28816e+16 443.418 2.23643e-10 4.97118e+27 0.000677335 5.79626 21393.8 2.27804e+14 362 4 1 0.998763 
1.29968e+16 466.641 2.17333e-10 4.97118e+27 0.000663115 5.62661 21213 2.3269e+14 363 4 1 0.998749 
1.31143e+16 489.593 2.07421e-10 4.97118e+27 0.000649314 5.46335 21035.3 2.37635e+14 364 4 1 0.998763 
1.32344e+16 511.873 1.93925e-10 4.97118e+27 0.000636168 5.30913 20864 2.42546e+14 365 4 1 0.998819 
1.33569e+16 532.888 1.75967e-10 4.97118e+27 0.000623933 5.16673 20702.5 2.47302e+14 366 4 1 0.998922 
1.34817e+16 552.283 1.57688e-10 4.97118e+27 0.00061275 5.03758 20553.4 2.51816e+14 367 4 1 0.999057 
1.36088e+16 570.186 1.45723e-10 4.97118e+27 0.000602427 4.91922 20414.3 2.56131e+14 368 4 1 0.999173 
1.37379e+16 587.911 1.48401e-10 4.97118e+27 0.000592329 4.80425 20276.9 2.60497e+14 369 4 1 0.999204 
1.38693e+16 607.121 1.63456e-10 4.97118e+27 0.000581679 4.68378 20130.4 2.65266e+14 370 4 1 0.999108 
1.40032e+16 628.36 1.71288e-10 4.97118e+27 0.000570367 4.55672 19972.8 2.70528e+14 371 4 1 0.998943 
1.41398e+16 649.578 1.54545e-10 4.97118e+27 0.000559385 4.4343 19818.1 2.75838e+14 372 4 1 0.998915 
1.42791e+16 667.231 1.08645e-10 4.97118e+27 0.000550423 4.3351 19690.4 2.8033e+14 373 4 1 0.99919 
1.44202e+16 677.731 4.46184e-11 4.97118e+27 0.000545005 4.27549 19612.7 2.83117e+14 374 4 1 0.999659 
1.45622e+16 680.02 -4.95228e-12 4.97118e+27 0.000543246 4.2563 19587.6 2.84034e+14 375 4 1 0.999959 
1.47042e+16 679.496 -1.47797e-12 4.97118e+27 0.00054322 4.25612 19587.5 2.84047e+14 376 5 1 1 
1.48462e+16 679.124 -5.18016e-12 4.97118e+27 0.000543415 4.25828 19590.4 2.83945e+14 377 4 1 0.999999 
1.49882e+16 678.418 -5.54284e-12 4.97118e+27 0.00054373 4.26178 19595.1 2.8378e+14 378 4 1 0.999999 
1.513e+16 677.654 -5.50735e-12 4.97118e+27 0.000544106 4.26594 19600.7 2.83584e+14 379 4 1 0.999999 
1.52717e+16 676.932 -4.84516e-12 4.97118e+27 0.000544481 4.27009 19606.2 2.83389e+14 380 4 1 0.999999 
1.54134e+16 676.308 -3.96975e-12 4.97118e+27 0.000544812 4.27377 19611.2 2.83217e+14 381 4 1 0.999999 
1.5555e+16 675.797 -3.1421e-12 4.97118e+27 0.000545087 4.27684 19615.4 2.83074e+14 382 4 1 1 
1.56965e+16 675.394 -2.46276e-12 4.97118e+27 0.000545305 4.27928 19618.7 2.82961e+14 383 4 1 1 
1.58379e+16 675.079 -1.92746e-12 4.97118e+27 0.000545476 4.28121 19621.4 2.82872e+14 384 4 1 1 
1.59793e+16 674.829 -1.535e-12 4.97118e+27 0.000545607 4.28272 19623.6 2.82804e+14 385 4 1 1 
1.61207e+16 674.629 -1.26726e-12 4.97118e+27 0.000545711 4.28393 19625.4 2.8275e+14 386 4 1 1 
1.62621e+16 674.463 -1.07851e-12 4.97118e+27 0.000545794 4.28492 19627 2.82707e+14 387 4 1 1 
1.64034e+16 674.32 -9.36237e-13 4.97118e+27 0.000545862 4.28576 19628.4 2.82672e+14 388 4 1 1 
1.65448e+16 674.195 -8.28031e-13 4.97118e+27 0.000545918 4.28648 19629.7 2.82643e+14 389 4 1 1 
1.66861e+16 674.083 -7.41494e-13 4.97118e+27 0.000545964 4.28713 19631 2.82619e+14 390 4 1 1 
1.68274e+16 673.982 -6.6457e-13 4.97118e+27 0.000546002 4.2877 19632.3 2.826e+14 391 4 1 1 
1.69687e+16 673.892 -5.93232e-13 4.97118e+27 0.000546032 4.28821 19633.5 2.82584e+14 392 4 1 1 
1.711e+16 673.811 -5.27567e-13 4.97118e+27 0.000546052 4.28865 19634.8 2.82574e+14 393 4 1 1 
1.72512e+16 673.738 -4.67248e-13 4.97118e+27 0.000546052 4.28893 19636.1 2.82574e+14 394 3 1 1 
1.73925e+16 673.672 -4.12375e-13 4.97118e+27 0.000545976 4.28866 19637.6 2.82613e+14 395 4 1 1 
1.75339e+16 673.614 -3.63686e-13 4.97118e+27 0.000545579 4.28635 19641.3 2.82819e+14 396 4 1 0.999999 
1.76754e+16 673.561 -3.2146e-13 4.97118e+27 0.000543971 4.26905 19619.8 2.83655e+14 397 4 1 0.999987 
1.78175e+16 673.514 -2.84873e-13 4.97118e+27 0.00053086 4.11453 19376.7 2.9066e+14 398 4 1 0.99967 
1.79662e+16 673.469 -2.51729e-13 4.97118e+27 0.000506787 4.40145 21712.5 3.04467e+14 399 4 1 0.994711 
1.81222e+16 673.426 -2.21404e-13 4.97118e+27 0.000481258 4.15523 21585.2 3.20618e+14 400 4 1 0.993703 
1.82871e+16 673.385 -1.93055e-13 4.97118e+27 0.000458778 4.49982 24520.7 3.36328e+14 401 4 1 0.993698 
1.84587e+16 673.345 -1.65658e-13 4.97118e+27 0.000450167 4.30525 23909.2 3.42762e+14 402 5 1 0.99866 
1.86298e+16 673.308 -1.39357e-13 4.97118e+27 0.000451767 4.28857 23732.2 3.41548e+14 403 4 1 0.999967 
1.88003e+16 673.273 -1.1401e-13 4.97118e+27 0.000453392 4.28817 23644.9 3.40324e+14 404 4 1 0.999986 
1.89702e+16 673.24 -8.9786e-14 4.97118e+27 0.000454481 4.28954 23595.8 3.39508e+14 405 4 1 0.999994 
1.91398e+16 673.207 -6.55856e-14 4.97118e+27 0.00045518 4.29038 23564.2 3.38987e+14 406 4 1 0.999997 
1.93091e+16 673.174 -3.42828e-14 4.97118e+27 0.000455651 4.2908 23542.2 3.38636e+14 407 4 1 0.999999 
1.94784e+16 673.138 2.16842e-14 4.97118e+27 0.000455981 4.29099 23526.1 3.38391e+14 408 4 1 0.999999 
1.96475e+16 673.087 1.55272e-13 4.97118e+27 0.000456213 4.29093 23513.9 3.38219e+14 409 4 1 1 
1.98166e+16 672.989 5.5333e-13 4.97118e+27 0.000456351 4.29037 23503.7 3.38117e+14 410 3 1 1 
1.99857e+16 672.741 1.75086e-12 4.97118e+27 0.000456339 4.28838 23493.4 3.38126e+14 411 4 1 1 
2.01547e+16 672.018 5.4783e-12 4.97118e+27 0.000455972 4.28211 23477.9 3.38398e+14 412 4 1 0.999999 
2.03241e+16 669.913 1.60786e-11 4.97118e+27 0.000454665 4.2638 23444.6 3.39371e+14 413 4 1 0.999986 
2.04941e+16 664.07 4.25031e-11 4.97118e+27 0.000451061 4.21564 23364.7 3.42082e+14 414 4 1 0.999884 
2.06661e+16 649.535 1.05131e-10 4.97118e+27 0.000442385 4.10151 23177.6 3.48792e+14 415 4 1 0.9993 
2.0843e+16 616.298 2.18029e-10 4.97118e+27 0.000424825 3.87312 22791 3.63208e+14 416 4 1 0.996904 
2.10297e+16 551.144 4.44191e-10 4.97118e+27 0.000393247 3.46847 22047.9 3.92375e+14 417 4 1 0.990267 
2.12366e+16 414.025 8.77827e-10 4.97118e+27 0.000345555 2.87494 20798.6 4.46529e+14 418 4 1 0.976253 
2.14801e+16 212.258 9.49776e-10 4.97118e+27 0.00029608 2.29273 19361.2 5.21142e+14 419 4 1 0.960135 
2.17622e+16 60.5554 4.73853e-10 4.97118e+27 0.000264356 1.94356 18382.8 5.83684e+14 420 4 1 0.971208 
2.20652e+16 7.19395 9.7713e-11 4.97118e+27 0.000252498 1.82017 18022.7 6.11093e+14 421 4 1 0.993539 
2.23734e+16 -0.249543 4.40542e-12 4.97118e+27 0.000250136 1.79634 17953.8 6.16864e+14 422 4 1 0.999669 
2.26821e+16 -0.10045 -1.53802e-12 4.97118e+27 0.000249976 1.79476 17949.3 6.17259e+14 423 5 1 0.999998 
2.29907e+16 0.00684357 -2.25168e-14 4.97118e+27 0.000249999 1.79499 17950 6.17203e+14 424 4 1 1 
2.32993e+16 0.00304149 1.88719e-14 4.97118e+27 0.000250001 1.79501 17950 6.17199e+14 425 3 1 1 
2.36079e+16 0.000725373 5.26004e-15 4.97118e+27 0.00025 1.795 17950 6.172e+14 426 4 1 1 
2.39165e+16 0.000154593 1.18043e-15 4.97118e+27 0.00025 1.795 17950 6.172e+14 427 4 1 1 
2.42251e+16 3.10333e-05 2.48054e-16 4.97118e+27 0.00025 1.795 17950 6.172e+14 428 4 1 1 
2.45337e+16 5.90121e-06 4.94253e-17 4.97118e+27 0.00025 1.795 17950 6.172e+14 429 4 1 1 
2.48423e+16 1.06128e-06 9.32848e-18 4.97118e+27 0.00025 1.795 17950 6.172e+14 430 4 1 1 
2.51509e+16 1.79996e-07 1.66285e-18 4.97118e+27 0.00025 1.795 17950 6.172e+14 431 4 1 1 
2.54595e+16 2.87343e-08 2.79156e-19 4.97118e+27 0.00025 1.795 17950 6.172e+14 432 4 1 1 
2.57681e+16 4.29751e-09 4.39744e-20 4.97118e+27 0.00025 1.795 17950 6.172e+14 433 4 1 1 
2.60767e+16 6.01606e-10 6.45153e-21 4.97118e+27 0.00025 1.795 17950 6.172e+14 434 4 1 1 
2.63853e+16 7.65441e-11 9.89602e-22 4.97118e+27 0.00025 1.795 17950 6.172e+14 435 4 1 1 
2.66939e+16 3.8464e-12 5.52593e-23 4.97118e+27 0.00025 1.795 17950 6.172e+14 436 5 1 1 
2.70025e+16 4.80825e-13 7.8284e-24 4.97118e+27 0.00025 1.795 17950 6.172e+14 437 5 1 1 
2.73111e+16 1.29972e-14 4.60494e-25 4.97118e+27 0.00025 1.795 17950 6.172e+14 438 5 1 1 
2.76197e+16 -7.49987e-44 0 4.97118e+27 0.00025 1.795 17950 6.172e+14 439 5 1 1 
2.79283e+16 -1.94781e-13 -4.60494e-25 4.97118e+27 0.00025 1.795 17950 6.172e+14 440 5 1 1 
2.82369e+16 -5.39891e-13 -4.60494e-25 4.97118e+27 0.00025 1.795 17950 6.172e+14 441 5 1 1 
2.85455e+16 -1.10781e-12 -4.60494e-25 4.97118e+27 0.00025 1.795 17950 6.172e+14 442 5 1 1 
2.88541e+16 -2.05648e-12 -9.20989e-25 4.97118e+27 0.00025 1.795 17950 6.172e+14 443 5 1 1 
2.91627e+16 -3.28525e-12 1.81633e-55 4.97118e+27 0.00025 1.795 17950 6.172e+14 444 5 1 1 
2.94713e+16 -4.90893e-12 4.90409e-54 4.97118e+27 0.00025 1.795 17950 6.172e+14 445 5 1 1 
2.97799e+16 1.20954e-12 1.01309e-23 4.97118e+27 0.00025 1.795 17950 6.172e+14 446 5 1 1 
3.00885e+16 -4.67803e-12 1.01309e-23 4.97118e+27 0.00025 1.795 17950 6.172e+14 447 5 1 1 
3.03971e+16 3.17765e-12 -1.01309e-23 4.97118e+27 0.00025 1.795 17950 6.172e+14 448 5 1 1 
3.07057e+16 -5.68793e-12 -9.20989e-24 4.97118e+27 0.00025 1.795 17950 6.172e+14 449 3 1 1 
3.10143e+16 5.68793e-12 9.20989e-24 4.97118e+27 0.00025 1.795 17950 6.172e+14 450 3 1 1 
3.13229e+16 -3.17765e-12 1.01309e-23 4.97118e+27 0.00025 1.795 17950 6.172e+14 451 5 1 1 
3.16315e+16 4.67803e-12 -1.01309e-23 4.97118e+27 0.00025 1.795 17950 6.172e+14 452 5 1 1 
3.19401e+16 -1.20954e-12 -1.01309e-23 4.97118e+27 0.00025 1.795 17950 6.172e+14 453 5 1 1 
3.22487e+16 4.90893e-12 -4.90409e-54 4.97118e+27 0.00025 1.795 17950 6.172e+14 454 5 1 1 
3.25573e+16 3.28525e-12 -1.81633e-55 4.97118e+27 0.00025 1.795 17950 6.172e+14 455 5 1 1 
3.28659e+16 2.05648e-12 9.20989e-25 4.97118e+27 0.00025 1.795 17950 6.172e+14 456 5 1 1 
3.31745e+16 1.10781e-12 4.60494e-25 4.97118e+27 0.00025 1.795 17950 6.172e+14 457 5 1 1 
3.34831e+16 5.39891e-13 4.60494e-25 4.97118e+27 0.00025 1.795 17950 6.172e+14 458 5 1 1 
3.37917e+16 1.94781e-13 4.60494e-25 4.97118e+27 0.00025 1.795 17950 6.172e+14 459 5 1 1 
3.41003e+16 7.32899e-44 0 4.97118e+27 0.00025 1.795 17950 6.172e+14 460 5 1 1 
3.44089e+16 -1.29972e-14 -4.60494e-25 4.97118e+27 0.00025 1.795 17950 6.172e+14 461 5 1 1 
3.47175e+16 -4.85155e-13 -7.36791e-24 4.97118e+27 0.00025 1.795 17950 6.172e+14 462 5 1 1 
3.50261e+16 -3.72036e-12 -5.29568e-23 4.97118e+27 0.00025 1.795 17950 6.172e+14 463 5 1 1 
3.53347e+16 -6.75194e-11 -9.19607e-22 4.97118e+27 0.00025 1.795 17950 6.172e+14 464 4 1 1 
3.56433e+16 -6.00224e-10 -6.61408e-21 4.97118e+27 0.00025 1.795 17950 6.172e+14 465 4 1 1 
3.59519e+16 -4.3276e-09 -4.3846e-20 4.97118e+27 0.00025 1.795 17950 6.172e+14 466 4 1 1 
3.62605e+16 -2.8673e-08 -2.79073e-19 4.97118e+27 0.00025 1.795 17950 6.172e+14 467 4 1 1 
3.65691e+16 -1.80031e-07 -1.66297e-18 4.97118e+27 0.00025 1.795 17950 6.172e+14 468 4 1 1 
3.68777e+16 -1.0613e-06 -9.32863e-18 4.97118e+27 0.00025 1.795 17950 6.172e+14 469 4 1 1 
3.71863e+16 -5.90118e-06 -4.94251e-17 4.97118e+27 0.00025 1.795 17950 6.172e+14 470 4 1 1 
3.74949e+16 -3.10333e-05 -2.48054e-16 4.97118e+27 0.00025 1.795 17950 6.172e+14 471 4 1 1 
3.78035e+16 -0.000154593 -1.18043e-15 4.97118e+27 0.00025 1.795 17950 6.172e+14 472 4 1 1 
3.81121e+16 -0.000725373 -5.26004e-15 4.97118e+27 0.00025 1.795 17950 6.172e+14 473 4 1 1 
3.84207e+16 -0.00304149 -1.88719e-14 4.97118e+27 0.000250001 1.79501 17950 6.17199e+14 474 3 1 1 
3.87293e+16 -0.00684357 2.25168e-14 4.97118e+27 0.000249999 1.79499 17950 6.17203e+14 475 4 1 1 
3.90379e+16 0.10045 1.53802e-12 4.97118e+27 0.000249976 1.79476 17949.3 6.17259e+14 476 5 1 0.999998 
3.93466e+16 0.249543 -4.40542e-12 4.97118e+27 0.000250136 1.79634 17953.8 6.16864e+14 477 4 1 0.999669 
3.96548e+16 -7.19395 -9.7713e-11 4.97118e+27 0.000252498 1.82017 18022.7 6.11093e+14 478 4 1 0.993539 
3.99578e+16 -60.5554 -4.73853e-10 4.97118e+27 0.000264356 1.94356 18382.8 5.83684e+14 479 4 1 0.971208 
4.02399e+16 -212.258 -9.49776e-10 4.97118e+27 0.00029608 2.29273 19361.2 5.21142e+14 480 4 1 0.960135 
4.04834e+16 -414.025 -8.77827e-10 4.97118e+27 0.000345555 2.87494 20798.6 4.46529e+14 481 4 1 0.976253 
4.06903e+16 -551.144 -4.44191e-10 4.97118e+27 0.000393247 3.46847 22047.9 3.92375e+14 482 4 1 0.990267 
4.0877e+16 -616.298 -2.18029e-10 4.97118e+27 0.000424825 3.87312 22791 3.63208e+14 483 4 1 0.996904 
4.10539e+16 -649.535 -1.05131e-10 4.97118e+27 0.000442385 4.10151 23177.6 3.48792e+14 484 4 1 0.9993 
4.12259e+16 -664.07 -4.25031e-11 4.97118e+27 0.000451061 4.21564 23364.7 3.42082e+14 485 4 1 0.999884 
4.13959e+16 -669.913 -1.60786e-11 4.97118e+27 0.000454665 4.2638 23444.6 3.39371e+14 486 4 1 0.999986 
4.15653e+16 -672.018 -5.4783e-12 4.97118e+27 0.000455972 4.28211 23477.9 3.38398e+14 487 4 1 0.999999 
4.17343e+16 -672.741 -1.75086e-12 4.97118e+27 0.000456339 4.28838 23493.4 3.38126e+14 488 4 1 1 
4.19034e+16 -672.989 -5.5333e-13 4.97118e+27 0.000456351 4.29037 23503.7 3.38117e+14 489 3 1 1 
4.20725e+16 -673.087 -1.55272e-13 4.97118e+27 0.000456213 4.29093 23513.9 3.38219e+14 490 4 1 1 
4.22416e+16 -673.138 -2.16842e-14 4.97118e+27 0.000455981 4.29099 23526.1 3.38391e+14 491 4 1 0.999999 
4.24109e+16 -673.174 3.42828e-14 4.97118e+27 0.000455651 4.2908 23542.2 3.38636e+14 492 4 1 0.999999 
4.25802e+16 -673.207 6.55856e-14 4.97118e+27 0.00045518 4.29038 23564.2 3.38987e+14 493 4 1 0.999997 
4.27498e+16 -673.24 8.9786e-14 4.97118e+27 0.000454481 4.28954 23595.8 3.39508e+14 494 4 1 0.999994 
4.29197e+16 -673.273 1.1401e-13 4.97118e+27 0.000453392 4.28817 23644.9 3.40324e+14 495 4 1 0.999986 
4.30902e+16 -673.308 1.39357e-13 4.97118e+27 0.000451767 4.28857 23732.2 3.41548e+14 496 4 1 0.999967 
4.32613e+16 -673.345 1.65658e-13 4.97118e+27 0.000450167 4.30525 23909.2 3.42762e+14 497 5 1 0.99866 
4.34329e+16 -673.385 1.93055e-13 4.97118e+27 0.000458778 4.49982 24520.7 3.36328e+14 498 4 1 0.993698 
4.35978e+16 -673.426 2.21404e-13 4.97118e+27 0.000481258 4.15523 21585.2 3.20618e+14 499 4 1 0.993703 
