# Time [s]: 0.130205
# Columns: pos [m], vel [m/s], acc [m/s^2], mass [kg], dens [kg/m^3], pres [Pa], ene [J/kg], sml [m], id, neighbor, alpha, gradh, ...additional?
1.41453 -0.673433 0.00688394 0.0025 0.506808 0.44017 2.17129 0.00986566 0 4 1 0.994711 
1.41935 -0.673474 0.00778642 0.0025 0.530885 0.411479 1.93771 0.00941824 1 4 1 0.99967 
1.42395 -0.673516 0.00878104 0.0025 0.543998 0.426935 1.96202 0.0091912 2 4 1 0.999987 
1.42854 -0.673562 0.00992371 0.0025 0.545609 0.428669 1.96418 0.00916407 3 4 1 0.999999 
1.43312 -0.673614 0.0112288 0.0025 0.54601 0.428903 1.96381 0.00915734 4 4 1 1 
1.4377 -0.673672 0.012695 0.0025 0.54609 0.428935 1.96367 0.009156 5 4 1 1 
1.44227 -0.673736 0.0143332 0.0025 0.546094 0.428911 1.96354 0.00915593 6 3 1 1 
1.44685 -0.673808 0.016151 0.0025 0.546079 0.428872 1.96342 0.00915619 7 4 1 1 
1.45143 -0.673888 0.0181372 0.0025 0.546054 0.428828 1.9633 0.0091566 8 4 1 1 
1.45601 -0.673977 0.0203154 0.0025 0.546022 0.428777 1.96319 0.00915714 9 4 1 1 
1.46059 -0.674077 0.0227669 0.0025 0.545983 0.42872 1.96307 0.0091578 10 4 1 1 
1.46517 -0.674188 0.0255369 0.0025 0.545935 0.428656 1.96295 0.00915861 11 4 1 1 
1.46975 -0.674312 0.0287424 0.0025 0.545877 0.428584 1.96282 0.00915957 12 4 1 1 
1.47433 -0.674454 0.0329288 0.0025 0.545809 0.4285 1.96268 0.00916072 13 4 1 1 
1.47891 -0.67462 0.0389352 0.0025 0.545725 0.428401 1.96253 0.00916212 14 4 1 1 
1.48349 -0.67482 0.0473959 0.0025 0.545622 0.428281 1.96235 0.00916386 15 4 1 1 
1.48807 -0.675067 0.0590785 0.0025 0.54549 0.428131 1.96214 0.00916607 16 4 1 1 
1.49265 -0.67538 0.075174 0.0025 0.545321 0.427941 1.96187 0.00916891 17 4 1 1 
1.49724 -0.675776 0.0958848 0.0025 0.545105 0.427699 1.96154 0.00917254 18 4 1 1 
-0.498173 -0.676275 0.119699 0.0025 0.544836 0.427399 1.96114 0.00917707 19 4 1 0.999999 
-0.493584 -0.676886 0.144373 0.0025 0.544514 0.427042 1.96066 0.0091825 20 4 1 0.999999 
-0.488991 -0.677587 0.165099 0.0025 0.544153 0.426642 1.96012 0.00918859 21 4 1 0.999999 
-0.484395 -0.678318 0.166817 0.0025 0.543788 0.426239 1.95958 0.00919476 22 4 1 0.999999 
-0.479796 -0.678992 0.15161 0.0025 0.543479 0.425896 1.95912 0.00919999 23 4 1 0.999999 
-0.475195 -0.679395 0.0432377 0.0025 0.543294 0.425692 1.95884 0.00920312 24 4 1 1 
-0.470593 -0.679841 0.175439 0.0025 0.543271 0.425657 1.95879 0.00920352 25 5 1 0.999973 
-0.465991 -0.678167 -1.13038 0.0025 0.544703 0.427216 1.96083 0.00917931 26 4 1 0.999726 
-0.461414 -0.668957 -3.03601 0.0025 0.549514 0.432506 1.96773 0.00909895 27 4 1 0.999291 
-0.456892 -0.652612 -4.47074 0.0025 0.557829 0.441701 1.97959 0.00896332 28 4 1 0.99899 
-0.452449 -0.63228 -5.11577 0.0025 0.568323 0.453385 1.99441 0.00879781 29 4 1 0.998966 
-0.448093 -0.611307 -5.01932 0.0025 0.579417 0.465828 2.00989 0.00862936 30 4 1 0.999109 
-0.443819 -0.592057 -4.57967 0.0025 0.59001 0.477792 2.0245 0.00847443 31 4 1 0.999228 
-0.439618 -0.57451 -4.36405 0.0025 0.59995 0.489093 2.03806 0.00833403 32 4 1 0.999234 
-0.435485 -0.557261 -4.60227 0.0025 0.609864 0.500439 2.05146 0.00819855 33 4 1 0.999147 
-0.431419 -0.538894 -5.09499 0.0025 0.620439 0.512627 2.0656 0.00805881 34 4 1 0.999024 
-0.427425 -0.519021 -5.63339 0.0025 0.631982 0.526027 2.08089 0.00791162 35 4 1 0.998921 
-0.423507 -0.497827 -6.05388 0.0025 0.644428 0.540586 2.09718 0.00775882 36 4 1 0.998857 
-0.419665 -0.475817 -6.37235 0.0025 0.657554 0.556065 2.11416 0.00760394 37 4 1 0.998832 
-0.415902 -0.453467 -6.5853 0.0025 0.671141 0.572218 2.13153 0.00744999 38 4 1 0.998836 
-0.412215 -0.431018 -6.74306 0.0025 0.685014 0.588844 2.14904 0.00729912 39 4 1 0.99886 
-0.408602 -0.408739 -6.83173 0.0025 0.699038 0.60579 2.16653 0.00715268 40 4 1 0.998896 
-0.405061 -0.386678 -6.90094 0.0025 0.713123 0.622946 2.18388 0.00701142 41 4 1 0.998934 
-0.40159 -0.364965 -6.95957 0.0025 0.727229 0.640264 2.20105 0.00687542 42 4 1 0.998976 
-0.398185 -0.343634 -6.99462 0.0025 0.741323 0.657703 2.21802 0.0067447 43 4 1 0.999017 
-0.394844 -0.322635 -7.03133 0.0025 0.755385 0.675234 2.23475 0.00661914 44 4 1 0.999057 
-0.391565 -0.302044 -7.05892 0.0025 0.769407 0.692846 2.25124 0.00649851 45 4 1 0.999097 
-0.388345 -0.281785 -7.07487 0.0025 0.783373 0.710515 2.2675 0.00638266 46 4 1 0.999133 
-0.385182 -0.261918 -7.11152 0.0025 0.797289 0.728247 2.28352 0.00627125 47 4 1 0.999169 
-0.382074 -0.242417 -7.11387 0.0025 0.811146 0.746028 2.29931 0.00616412 48 4 1 0.999204 
-0.379017 -0.223257 -7.13197 0.0025 0.824931 0.763837 2.31486 0.00606111 49 4 1 0.999237 
-0.376012 -0.20445 -7.13854 0.0025 0.838647 0.781676 2.33018 0.00596198 50 4 1 0.999268 
-0.373055 -0.185988 -7.14681 0.0025 0.852289 0.799534 2.34526 0.00586656 51 4 1 0.999298 
-0.370145 -0.167848 -7.1525 0.0025 0.865857 0.817409 2.36012 0.00577463 52 4 1 0.999326 
-0.36728 -0.150077 -7.15948 0.0025 0.879351 0.835298 2.37477 0.00568601 53 4 1 0.999354 
-0.364459 -0.132597 -7.15504 0.0025 0.892763 0.853188 2.38919 0.00560059 54 4 1 0.999381 
-0.361679 -0.115401 -7.1516 0.0025 0.906079 0.871059 2.40338 0.00551828 55 4 1 0.999415 
-0.35894 -0.0986523 -7.04602 0.0025 0.91923 0.88881 2.41727 0.00543933 56 4 1 0.999448 
-0.35624 -0.082454 -6.93732 0.0025 0.93217 0.906361 2.43081 0.00536383 57 4 1 0.999438 
-0.353576 -0.0662773 -7.38284 0.0025 0.945281 0.924253 2.44443 0.00528943 58 4 1 0.999427 
-0.35095 -0.0492549 -7.75324 0.0025 0.95877 0.942833 2.45838 0.00521501 59 4 1 0.99959 
-0.348361 -0.0337663 -5.83818 0.0025 0.970878 0.959591 2.47077 0.00514998 60 4 1 0.999795 
-0.3458 -0.024091 -3.21717 0.0025 0.979754 0.97173 2.47963 0.00510332 61 4 1 0.999672 
-0.343257 -0.0145222 -6.78981 0.0025 0.989518 0.98516 2.48939 0.00505297 62 4 1 0.999126 
-0.340746 0.00676142 -12.796 0.0025 1.00594 1.00842 2.5061 0.00497046 63 4 1 0.999373 
-0.338286 0.029737 -7.61586 0.0025 1.02261 1.03214 2.52279 0.00488944 64 4 1 0.999985 
-0.335857 0.0360675 -0.0813948 0.0025 1.02939 1.04158 2.52932 0.00485723 65 3 1 1 
-0.333429 0.034365 1.25806 0.0025 1.02849 1.04018 2.52834 0.00486147 66 4 1 1 
-0.330995 0.0310702 1.73694 0.0025 1.02559 1.03604 2.52546 0.00487526 67 4 1 0.999979 
-0.328554 0.0270239 2.04739 0.0025 1.02206 1.03104 2.52197 0.00489209 68 4 1 0.999966 
-0.326103 0.0226098 2.16986 0.0025 1.0183 1.02572 2.51823 0.00491016 69 4 1 0.99996 
-0.323644 0.0181861 2.12226 0.0025 1.0146 1.0205 2.51455 0.00492805 70 4 1 0.99996 
-0.321175 0.0140632 1.9335 0.0025 1.01121 1.01572 2.51118 0.00494458 71 4 1 0.999966 
-0.318699 0.0104627 1.65344 0.0025 1.00829 1.01161 2.50826 0.00495891 72 4 1 0.999974 
-0.316216 0.00749807 1.33552 0.0025 1.00591 1.00827 2.50589 0.00497064 73 4 1 0.999982 
-0.313728 0.00518387 1.0246 0.0025 1.00406 1.00568 2.50405 0.00497976 74 4 1 0.999989 
-0.311236 0.00346268 0.750256 0.0025 1.0027 1.00378 2.50269 0.00498652 75 4 1 0.999994 
-0.308742 0.00223775 0.526477 0.0025 1.00174 1.00243 2.50173 0.00499131 76 4 1 0.999997 
-0.306245 0.00140063 0.355189 0.0025 1.00109 1.00152 2.50108 0.00499457 77 4 1 0.999999 
-0.303747 0.00084977 0.230941 0.0025 1.00066 1.00092 2.50065 0.00499671 78 4 1 0.999999 
-0.301248 0.000500016 0.144966 0.0025 1.00039 1.00054 2.50038 0.00499807 79 4 1 1 
-0.298749 0.000285441 0.0879594 0.0025 1.00022 1.00031 2.50022 0.0049989 80 4 1 1 
-0.29625 0.000158114 0.0516298 0.0025 1.00012 1.00017 2.50012 0.00499939 81 4 1 1 
-0.29375 8.49886e-05 0.0293323 0.0025 1.00007 1.00009 2.50006 0.00499967 82 4 1 1 
-0.29125 4.43264e-05 0.0161344 0.0025 1.00003 1.00005 2.50003 0.00499983 83 4 1 1 
-0.28875 2.24293e-05 0.00859376 0.0025 1.00002 1.00002 2.50002 0.00499991 84 4 1 1 
-0.28625 1.10087e-05 0.00443258 0.0025 1.00001 1.00001 2.50001 0.00499996 85 4 1 1 
-0.28375 5.23972e-06 0.00221385 0.0025 1 1.00001 2.5 0.00499998 86 4 1 1 
-0.28125 2.41767e-06 0.00107053 0.0025 1 1 2.5 0.00499999 87 4 1 1 
-0.27875 1.08103e-06 0.000501094 0.0025 1 1 2.5 0.005 88 4 1 1 
-0.27625 4.68201e-07 0.000226975 0.0025 1 1 2.5 0.005 89 4 1 1 
-0.27375 1.96316e-07 9.94518e-05 0.0025 1 1 2.5 0.005 90 4 1 1 
-0.27125 7.96402e-08 4.21327e-05 0.0025 1 1 2.5 0.005 91 4 1 1 
-0.26875 3.12354e-08 1.72483e-05 0.0025 1 1 2.5 0.005 92 4 1 1 
-0.26625 1.18337e-08 6.81846e-06 0.0025 1 1 2.5 0.005 93 4 1 1 
-0.26375 4.32627e-09 2.60058e-06 0.0025 1 1 2.5 0.005 94 4 1 1 
-0.26125 1.52436e-09 9.56021e-07 0.0025 1 1 2.5 0.005 95 4 1 1 
-0.25875 5.16907e-10 3.38281e-07 0.0025 1 1 2.5 0.005 96 4 1 1 
-0.25625 1.68396e-10 1.1507e-07 0.0025 1 1 2.5 0.005 97 4 1 1 
-0.25375 5.25738e-11 3.75462e-08 0.0025 1 1 2.5 0.005 98 4 1 1 
-0.25125 1.56887e-11 1.17277e-08 0.0025 1 1 2.5 0.005 99 4 1 1 
-0.24875 4.46508e-12 3.48564e-09 0.0025 1 1 2.5 0.005 100 4 1 1 
-0.24625 1.20451e-12 9.9692e-10 0.0025 1 1 2.5 0.005 101 4 1 1 
-0.24375 2.97271e-13 2.62162e-10 0.0025 1 1 2.5 0.005 102 4 1 1 
-0.24125 7.11057e-14 6.70752e-11 0.0025 1 1 2.5 0.005 103 4 1 1 
-0.23875 1.38919e-14 1.81331e-11 0.0025 1 1 2.5 0.005 104 4 1 1 
-0.23625 -8.66454e-17 1.19371e-12 0.0025 1 1 2.5 0.005 105 5 1 1 
-0.23375 -3.61027e-32 -3.9443e-29 0.0025 1 1 2.5 0.005 106 5 1 1 
-0.23125 0 0 0.0025 1 1 2.5 0.005 107 5 1 1 
-0.22875 0 0 0.0025 1 1 2.5 0.005 108 5 1 1 
-0.22625 0 0 0.0025 1 1 2.5 0.005 109 5 1 1 
-0.22375 0 0 0.0025 1 1 2.5 0.005 110 5 1 1 
-0.22125 0 0 0.0025 1 1 2.5 0.005 111 5 1 1 
-0.21875 0 0 0.0025 1 1 2.5 0.005 112 5 1 1 
-0.21625 0 0 0.0025 1 1 2.5 0.005 113 5 1 1 
-0.21375 0 0 0.0025 1 1 2.5 0.005 114 5 1 1 
-0.21125 0 0 0.0025 1 1 2.5 0.005 115 5 1 1 
-0.20875 0 0 0.0025 1 1 2.5 0.005 116 5 1 1 
-0.20625 0 0 0.0025 1 1 2.5 0.005 117 5 1 1 
-0.20375 0 0 0.0025 1 1 2.5 0.005 118 5 1 1 
-0.20125 0 0 0.0025 1 1 2.5 0.005 119 5 1 1 
-0.19875 0 0 0.0025 1 1 2.5 0.005 120 5 1 1 
-0.19625 0 0 0.0025 1 1 2.5 0.005 121 5 1 1 
-0.19375 0 0 0.0025 1 1 2.5 0.005 122 5 1 1 
-0.19125 0 0 0.0025 1 1 2.5 0.005 123 5 1 1 
-0.18875 0 0 0.0025 1 1 2.5 0.005 124 5 1 1 
-0.18625 0 0 0.0025 1 1 2.5 0.005 125 5 1 1 
-0.18375 0 0 0.0025 1 1 2.5 0.005 126 5 1 1 
-0.18125 0 0 0.0025 1 1 2.5 0.005 127 5 1 1 
-0.17875 0 0 0.0025 1 1 2.5 0.005 128 5 1 1 
-0.17625 0 0 0.0025 1 1 2.5 0.005 129 5 1 1 
-0.17375 0 0 0.0025 1 1 2.5 0.005 130 5 1 1 
-0.17125 0 0 0.0025 1 1 2.5 0.005 131 5 1 1 
-0.16875 0 0 0.0025 1 1 2.5 0.005 132 5 1 1 
-0.16625 0 0 0.0025 1 1 2.5 0.005 133 5 1 1 
-0.16375 0 0 0.0025 1 1 2.5 0.005 134 5 1 1 
-0.16125 0 0 0.0025 1 1 2.5 0.005 135 5 1 1 
-0.15875 0 0 0.0025 1 1 2.5 0.005 136 5 1 1 
-0.15625 0 0 0.0025 1 1 2.5 0.005 137 5 1 1 
-0.15375 0 0 0.0025 1 1 2.5 0.005 138 5 1 1 
-0.15125 0 0 0.0025 1 1 2.5 0.005 139 5 1 1 
-0.14875 0 0 0.0025 1 1 2.5 0.005 140 5 1 1 
-0.14625 0 0 0.0025 1 1 2.5 0.005 141 5 1 1 
-0.14375 0 0 0.0025 1 1 2.5 0.005 142 5 1 1 
-0.14125 0 0 0.0025 1 1 2.5 0.005 143 5 1 1 
-0.13875 0 0 0.0025 1 1 2.5 0.005 144 5 1 1 
-0.13625 0 0 0.0025 1 1 2.5 0.005 145 5 1 1 
-0.13375 0 0 0.0025 1 1 2.5 0.005 146 5 1 1 
-0.13125 0 0 0.0025 1 1 2.5 0.005 147 5 1 1 
-0.12875 0 0 0.0025 1 1 2.5 0.005 148 5 1 1 
-0.12625 0 0 0.0025 1 1 2.5 0.005 149 5 1 1 
-0.12375 0 0 0.0025 1 1 2.5 0.005 150 5 1 1 
-0.12125 0 0 0.0025 1 1 2.5 0.005 151 5 1 1 
-0.11875 0 0 0.0025 1 1 2.5 0.005 152 5 1 1 
-0.11625 0 0 0.0025 1 1 2.5 0.005 153 5 1 1 
-0.11375 0 0 0.0025 1 1 2.5 0.005 154 5 1 1 
-0.11125 0 0 0.0025 1 1 2.5 0.005 155 5 1 1 
-0.10875 0 0 0.0025 1 1 2.5 0.005 156 5 1 1 
-0.10625 0 0 0.0025 1 1 2.5 0.005 157 5 1 1 
-0.10375 0 0 0.0025 1 1 2.5 0.005 158 5 1 1 
-0.10125 0 0 0.0025 1 1 2.5 0.005 159 5 1 1 
-0.09875 0 0 0.0025 1 1 2.5 0.005 160 5 1 1 
-0.09625 0 0 0.0025 1 1 2.5 0.005 161 5 1 1 
-0.09375 0 0 0.0025 1 1 2.5 0.005 162 5 1 1 
-0.09125 0 0 0.0025 1 1 2.5 0.005 163 5 1 1 
-0.08875 0 0 0.0025 1 1 2.5 0.005 164 5 1 1 
-0.08625 0 0 0.0025 1 1 2.5 0.005 165 5 1 1 
-0.08375 0 0 0.0025 1 1 2.5 0.005 166 5 1 1 
-0.08125 0 0 0.0025 1 1 2.5 0.005 167 5 1 1 
-0.07875 0 0 0.0025 1 1 2.5 0.005 168 5 1 1 
-0.07625 0 0 0.0025 1 1 2.5 0.005 169 5 1 1 
-0.07375 0 0 0.0025 1 1 2.5 0.005 170 5 1 1 
-0.07125 0 0 0.0025 1 1 2.5 0.005 171 5 1 1 
-0.06875 0 0 0.0025 1 1 2.5 0.005 172 5 1 1 
-0.06625 0 0 0.0025 1 1 2.5 0.005 173 5 1 1 
-0.06375 -2.28799e-46 -1.12104e-44 0.0025 1 1 2.5 0.005 174 5 1 1 
-0.06125 -1.38367e-16 -1.12104e-44 0.0025 1 1 2.5 0.005 175 5 1 1 
-0.05875 -2.76163e-16 0 0.0025 1 1 2.5 0.005 176 5 1 1 
-0.05625 -4.13249e-16 0 0.0025 1 1 2.5 0.005 177 5 1 1 
-0.05375 -5.49379e-16 0 0.0025 1 1 2.5 0.005 178 5 1 1 
-0.05125 -7.1883e-16 0 0.0025 1 1 2.5 0.005 179 5 1 1 
-0.04875 -9.04077e-16 -5.68434e-14 0.0025 1 1 2.5 0.005 180 5 1 1 
-0.04625 -1.12237e-15 -2.24208e-44 0.0025 1 1 2.5 0.005 181 5 1 1 
-0.04375 -1.35496e-15 -2.24208e-44 0.0025 1 1 2.5 0.005 182 5 1 1 
-0.04125 -1.68715e-15 1.12104e-44 0.0025 1 1 2.5 0.005 183 5 1 1 
-0.03875 -2.23529e-15 -5.68434e-14 0.0025 1 1 2.5 0.005 184 5 1 1 
-0.03625 2.06536e-16 3.97904e-13 0.0025 1 1 2.5 0.005 185 5 1 1 
-0.03375 -2.5945e-15 4.54747e-13 0.0025 1 1 2.5 0.005 186 4 1 1 
-0.03125 -1.76971e-15 -7.95808e-13 0.0025 1 1 2.5 0.005 187 3 1 1 
-0.02875 -2.13886e-15 1.13687e-13 0.0025 1 1 2.5 0.005 188 4 1 1 
-0.02625 -1.73092e-15 -5.68434e-14 0.0025 1 1 2.5 0.005 189 4 1 1 
-0.02375 -3.9398e-16 1.13687e-13 0.0025 1 1 2.5 0.005 190 4 1 1 
-0.02125 -9.35445e-16 -1.13687e-13 0.0025 1 1 2.5 0.005 191 5 1 1 
-0.01875 -9.08989e-16 -1.13687e-13 0.0025 1 1 2.5 0.005 192 5 1 1 
-0.01625 -2.66714e-15 -1.13687e-13 0.0025 1 1 2.5 0.005 193 4 1 1 
-0.01375 3.00823e-16 6.31089e-28 0.0025 1 1 2.5 0.005 194 3 1 1 
-0.01125 -7.88969e-16 3.54987e-28 0.0025 1 1 2.5 0.005 195 3 1 1 
-0.00875 -1.27837e-15 -8.87469e-29 0.0025 1 1 2.5 0.005 196 3 1 1 
-0.00625 2.52722e-16 -3.9443e-29 0.0025 1 1 2.5 0.005 197 3 1 1 
-0.00375 -3.11469e-16 8.87469e-29 0.0025 1 1 2.5 0.005 198 4 1 1 
-0.00125 -3.28552e-16 5.68434e-14 0.0025 1 1 2.5 0.005 199 5 1 1 
0.00125 -3.22383e-16 5.68434e-14 0.0025 1 1 2.5 0.005 200 3 1 1 
0.00375 -2.96954e-16 1.13687e-13 0.0025 1 1 2.5 0.005 201 5 1 1 
0.00625 -3.50577e-16 -1.13687e-13 0.0025 1 1 2.5 0.005 202 5 1 1 
0.00875 -9.73111e-16 -5.68434e-14 0.0025 1 1 2.5 0.005 203 3 1 1 
0.01125 -5.8301e-17 5.68434e-14 0.0025 1 1 2.5 0.005 204 3 1 1 
0.01375 -2.11274e-16 -1.13687e-13 0.0025 1 1 2.5 0.005 205 4 1 1 
0.01625 -5.13627e-16 5.91646e-28 0.0025 1 1 2.5 0.005 206 4 1 1 
0.01875 -1.16304e-15 2.07076e-28 0.0025 1 1 2.5 0.005 207 5 1 1 
0.02125 1.0506e-15 1.13687e-13 0.0025 1 1 2.5 0.005 208 5 1 1 
0.02375 5.07823e-17 -5.68434e-14 0.0025 1 1 2.5 0.005 209 4 1 1 
0.02625 2.80741e-15 2.76101e-28 0.0025 1 1 2.5 0.005 210 3 1 1 
0.02875 1.56153e-15 5.68434e-14 0.0025 1 1 2.5 0.005 211 3 1 1 
0.03125 5.08493e-15 -5.68434e-14 0.0025 1 1 2.5 0.005 212 4 1 1 
0.03375 3.41369e-15 5.68434e-14 0.0025 1 1 2.5 0.005 213 5 1 1 
0.03625 3.18973e-15 5.68434e-14 0.0025 1 1 2.5 0.005 214 5 1 1 
0.03875 2.64395e-15 -1.12104e-44 0.0025 1 1 2.5 0.005 215 5 1 1 
0.04125 2.14376e-15 2.24208e-44 0.0025 1 1 2.5 0.005 216 5 1 1 
0.04375 1.67131e-15 2.24208e-44 0.0025 1 1 2.5 0.005 217 5 1 1 
0.04625 1.28251e-15 5.68434e-14 0.0025 1 1 2.5 0.005 218 5 1 1 
0.04875 1.04579e-15 -5.68434e-14 0.0025 1 1 2.5 0.005 219 5 1 1 
0.05125 8.079e-16 5.68434e-14 0.0025 1 1 2.5 0.005 220 5 1 1 
0.05375 6.02845e-16 -5.68434e-14 0.0025 1 1 2.5 0.005 221 5 1 1 
0.05625 4.65883e-16 5.68434e-14 0.0025 1 1 2.5 0.005 222 5 1 1 
0.05875 3.28306e-16 -5.68434e-14 0.0025 1 1 2.5 0.005 223 5 1 1 
0.06125 1.90342e-16 5.68434e-14 0.0025 1 1 2.5 0.005 224 5 1 1 
0.06375 3.46746e-17 1.12104e-44 0.0025 1 1 2.5 0.005 225 5 1 1 
0.06625 1.3671e-47 0 0.0025 1 1 2.5 0.005 226 5 1 1 
0.06875 0 0 0.0025 1 1 2.5 0.005 227 5 1 1 
0.07125 0 0 0.0025 1 1 2.5 0.005 228 5 1 1 
0.07375 0 0 0.0025 1 1 2.5 0.005 229 5 1 1 
0.07625 0 0 0.0025 1 1 2.5 0.005 230 5 1 1 
0.07875 0 0 0.0025 1 1 2.5 0.005 231 5 1 1 
0.08125 0 0 0.0025 1 1 2.5 0.005 232 5 1 1 
0.08375 0 0 0.0025 1 1 2.5 0.005 233 5 1 1 
0.08625 0 0 0.0025 1 1 2.5 0.005 234 5 1 1 
0.08875 0 0 0.0025 1 1 2.5 0.005 235 5 1 1 
0.09125 0 0 0.0025 1 1 2.5 0.005 236 5 1 1 
0.09375 -1.05294e-45 -1.12104e-44 0.0025 1 1 2.5 0.005 237 5 1 1 
0.09625 -1.69188e-16 0 0.0025 1 1 2.5 0.005 238 5 1 1 
0.09875 -3.37357e-16 1.12104e-44 0.0025 1 1 2.5 0.005 239 5 1 1 
0.10125 1.58941e-15 0 0.0025 1 1 2.5 0.005 240 5 1 1 
0.10375 1.42405e-15 6.72623e-44 0.0025 1 1 2.5 0.005 241 5 1 1 
0.10625 2.94304e-15 -1.56945e-43 0.0025 1 1 2.5 0.005 242 5 1 1 
0.10875 1.28096e-15 6.72623e-44 0.0025 1 1 2.5 0.005 243 5 1 1 
0.11125 1.12072e-15 -5.68434e-14 0.0025 1 1 2.5 0.005 244 5 1 1 
0.11375 -1.14565e-15 3.36312e-43 0.0025 1 1 2.5 0.005 245 5 1 1 
0.11625 2.89581e-15 -5.68434e-14 0.0025 1 1 2.5 0.005 246 5 1 1 
0.11875 7.04119e-17 3.9443e-29 0.0025 1 1 2.5 0.005 247 5 1 1 
0.12125 -1.07659e-16 5.68434e-14 0.0025 1 1 2.5 0.005 248 5 1 1 
0.12375 -3.15981e-15 -7.18849e-27 0.0025 1 1 2.5 0.005 249 4 1 1 
0.12625 3.15981e-15 7.18849e-27 0.0025 1 1 2.5 0.005 250 4 1 1 
0.12875 1.07659e-16 -5.68434e-14 0.0025 1 1 2.5 0.005 251 5 1 1 
0.13125 -7.04119e-17 -3.9443e-29 0.0025 1 1 2.5 0.005 252 5 1 1 
0.13375 -2.89581e-15 5.68434e-14 0.0025 1 1 2.5 0.005 253 5 1 1 
0.13625 1.14565e-15 -3.36312e-43 0.0025 1 1 2.5 0.005 254 5 1 1 
0.13875 -1.12072e-15 5.68434e-14 0.0025 1 1 2.5 0.005 255 5 1 1 
0.14125 -1.28096e-15 -6.72623e-44 0.0025 1 1 2.5 0.005 256 5 1 1 
0.14375 -2.94304e-15 1.56945e-43 0.0025 1 1 2.5 0.005 257 5 1 1 
0.14625 -1.42405e-15 -6.72623e-44 0.0025 1 1 2.5 0.005 258 5 1 1 
0.14875 -1.58941e-15 0 0.0025 1 1 2.5 0.005 259 5 1 1 
0.15125 3.37357e-16 -1.12104e-44 0.0025 1 1 2.5 0.005 260 5 1 1 
0.15375 1.69188e-16 0 0.0025 1 1 2.5 0.005 261 5 1 1 
0.15625 1.05294e-45 1.12104e-44 0.0025 1 1 2.5 0.005 262 5 1 1 
0.15875 0 0 0.0025 1 1 2.5 0.005 263 5 1 1 
0.16125 0 0 0.0025 1 1 2.5 0.005 264 5 1 1 
0.16375 0 0 0.0025 1 1 2.5 0.005 265 5 1 1 
0.16625 0 0 0.0025 1 1 2.5 0.005 266 5 1 1 
0.16875 0 0 0.0025 1 1 2.5 0.005 267 5 1 1 
0.17125 0 0 0.0025 1 1 2.5 0.005 268 5 1 1 
0.17375 0 0 0.0025 1 1 2.5 0.005 269 5 1 1 
0.17625 0 0 0.0025 1 1 2.5 0.005 270 5 1 1 
0.17875 0 0 0.0025 1 1 2.5 0.005 271 5 1 1 
0.18125 0 0 0.0025 1 1 2.5 0.005 272 5 1 1 
0.18375 0 0 0.0025 1 1 2.5 0.005 273 5 1 1 
0.18625 0 0 0.0025 1 1 2.5 0.005 274 5 1 1 
0.18875 0 0 0.0025 1 1 2.5 0.005 275 5 1 1 
0.19125 0 0 0.0025 1 1 2.5 0.005 276 5 1 1 
0.19375 0 0 0.0025 1 1 2.5 0.005 277 5 1 1 
0.19625 0 0 0.0025 1 1 2.5 0.005 278 5 1 1 
0.19875 0 0 0.0025 1 1 2.5 0.005 279 5 1 1 
0.20125 -6.56727e-46 -1.12104e-44 0.0025 1 1 2.5 0.005 280 5 1 1 
0.20375 -6.85718e-17 -1.12104e-44 0.0025 1 1 2.5 0.005 281 5 1 1 
0.20625 -2.05192e-16 1.12104e-44 0.0025 1 1 2.5 0.005 282 5 1 1 
0.20875 -3.75697e-16 1.12104e-44 0.0025 1 1 2.5 0.005 283 5 1 1 
0.21125 4.76678e-16 5.68434e-14 0.0025 1 1 2.5 0.005 284 5 1 1 
0.21375 3.08122e-16 5.68434e-14 0.0025 1 1 2.5 0.005 285 5 1 1 
0.21625 2.40176e-15 1.13687e-13 0.0025 1 1 2.5 0.005 286 5 1 1 
0.21875 2.20363e-15 7.84727e-44 0.0025 1 1 2.5 0.005 287 5 1 1 
0.22125 5.38102e-15 5.68434e-14 0.0025 1 1 2.5 0.005 288 5 1 1 
0.22375 4.18358e-15 0 0.0025 1 1 2.5 0.005 289 5 1 1 
0.22625 3.48543e-15 5.68434e-14 0.0025 1 1 2.5 0.005 290 5 1 1 
0.22875 1.45169e-15 1.68156e-43 0.0025 1 1 2.5 0.005 291 5 1 1 
0.23125 1.17199e-15 -1.13687e-13 0.0025 1 1 2.5 0.005 292 5 1 1 
0.23375 -1.72908e-15 3.9443e-29 0.0025 1 1 2.5 0.005 293 5 1 1 
0.23625 4.00183e-15 -1.13687e-12 0.0025 1 1 2.5 0.005 294 5 1 1 
0.23875 -1.3039e-14 -1.78488e-11 0.0025 1 1 2.5 0.005 295 4 1 1 
0.24125 -6.85188e-14 -6.71889e-11 0.0025 1 1 2.5 0.005 296 4 1 1 
0.24375 -2.98597e-13 -2.62162e-10 0.0025 1 1 2.5 0.005 297 4 1 1 
0.24625 -1.20464e-12 -9.96579e-10 0.0025 1 1 2.5 0.005 298 4 1 1 
0.24875 -4.46669e-12 -3.48894e-09 0.0025 1 1 2.5 0.005 299 4 1 1 
0.25125 -1.56995e-11 -1.17327e-08 0.0025 1 1 2.5 0.005 300 4 1 1 
0.25375 -5.25696e-11 -3.7538e-08 0.0025 1 1 2.5 0.005 301 4 1 1 
0.25625 -1.68394e-10 -1.15072e-07 0.0025 1 1 2.5 0.005 302 4 1 1 
0.25875 -5.16919e-10 -3.38287e-07 0.0025 1 1 2.5 0.005 303 4 1 1 
0.26125 -1.52435e-09 -9.56006e-07 0.0025 1 1 2.5 0.005 304 4 1 1 
0.26375 -4.32628e-09 -2.60058e-06 0.0025 1 1 2.5 0.005 305 4 1 1 
0.26625 -1.18337e-08 -6.81846e-06 0.0025 1 1 2.5 0.005 306 4 1 1 
0.26875 -3.12354e-08 -1.72483e-05 0.0025 1 1 2.5 0.005 307 4 1 1 
0.27125 -7.96402e-08 -4.21327e-05 0.0025 1 1 2.5 0.005 308 4 1 1 
0.27375 -1.96316e-07 -9.94518e-05 0.0025 1 1 2.5 0.005 309 4 1 1 
0.27625 -4.68201e-07 -0.000226975 0.0025 1 1 2.5 0.005 310 4 1 1 
0.27875 -1.08103e-06 -0.000501094 0.0025 1 1 2.5 0.005 311 4 1 1 
0.28125 -2.41767e-06 -0.00107053 0.0025 1 1 2.5 0.00499999 312 4 1 1 
0.28375 -5.23972e-06 -0.00221385 0.0025 1 1.00001 2.5 0.00499998 313 4 1 1 
0.28625 -1.10087e-05 -0.00443258 0.0025 1.00001 1.00001 2.50001 0.00499996 314 4 1 1 
0.28875 -2.24293e-05 -0.00859376 0.0025 1.00002 1.00002 2.50002 0.00499991 315 4 1 1 
0.29125 -4.43264e-05 -0.0161344 0.0025 1.00003 1.00005 2.50003 0.00499983 316 4 1 1 
0.29375 -8.49886e-05 -0.0293323 0.0025 1.00007 1.00009 2.50006 0.00499967 317 4 1 1 
0.29625 -0.000158114 -0.0516298 0.0025 1.00012 1.00017 2.50012 0.00499939 318 4 1 1 
0.298749 -0.000285441 -0.0879594 0.0025 1.00022 1.00031 2.50022 0.0049989 319 4 1 1 
0.301248 -0.000500016 -0.144966 0.0025 1.00039 1.00054 2.50038 0.00499807 320 4 1 1 
0.303747 -0.00084977 -0.230941 0.0025 1.00066 1.00092 2.50065 0.00499671 321 4 1 0.999999 
0.306245 -0.00140063 -0.355189 0.0025 1.00109 1.00152 2.50108 0.00499457 322 4 1 0.999999 
0.308742 -0.00223775 -0.526477 0.0025 1.00174 1.00243 2.50173 0.00499131 323 4 1 0.999997 
0.311236 -0.00346268 -0.750256 0.0025 1.0027 1.00378 2.50269 0.00498652 324 4 1 0.999994 
0.313728 -0.00518387 -1.0246 0.0025 1.00406 1.00568 2.50405 0.00497976 325 4 1 0.999989 
0.316216 -0.00749807 -1.33552 0.0025 1.00591 1.00827 2.50589 0.00497064 326 4 1 0.999982 
0.318699 -0.0104627 -1.65344 0.0025 1.00829 1.01161 2.50826 0.00495891 327 4 1 0.999974 
0.321175 -0.0140632 -1.9335 0.0025 1.01121 1.01572 2.51118 0.00494458 328 4 1 0.999966 
0.323644 -0.0181861 -2.12226 0.0025 1.0146 1.0205 2.51455 0.00492805 329 4 1 0.99996 
0.326103 -0.0226098 -2.16986 0.0025 1.0183 1.02572 2.51823 0.00491016 330 4 1 0.99996 
0.328554 -0.0270239 -2.04739 0.0025 1.02206 1.03104 2.52197 0.00489209 331 4 1 0.999966 
0.330995 -0.0310702 -1.73694 0.0025 1.02559 1.03604 2.52546 0.00487526 332 4 1 0.999979 
0.333429 -0.034365 -1.25806 0.0025 1.02849 1.04018 2.52834 0.00486147 333 4 1 1 
0.335857 -0.0360675 0.0813948 0.0025 1.02939 1.04158 2.52932 0.00485723 334 3 1 1 
0.338286 -0.029737 7.61586 0.0025 1.02261 1.03214 2.52279 0.00488944 335 4 1 0.999985 
0.340746 -0.00676142 12.796 0.0025 1.00594 1.00842 2.5061 0.00497046 336 4 1 0.999373 
0.343257 0.0145222 6.78981 0.0025 0.989518 0.98516 2.48939 0.00505297 337 4 1 0.999126 
0.3458 0.024091 3.21717 0.0025 0.979754 0.97173 2.47963 0.00510332 338 4 1 0.999672 
0.348361 0.0337663 5.83818 0.0025 0.970878 0.959591 2.47077 0.00514998 339 4 1 0.999795 
0.35095 0.0492549 7.75324 0.0025 0.95877 0.942833 2.45838 0.00521501 340 4 1 0.99959 
0.353576 0.0662773 7.38284 0.0025 0.945281 0.924253 2.44443 0.00528943 341 4 1 0.999427 
0.35624 0.082454 6.93732 0.0025 0.93217 0.906361 2.43081 0.00536383 342 4 1 0.999438 
0.35894 0.0986523 7.04602 0.0025 0.91923 0.88881 2.41727 0.00543933 343 4 1 0.999448 
0.361679 0.115401 7.1516 0.0025 0.906079 0.871059 2.40338 0.00551828 344 4 1 0.999415 
0.364459 0.132597 7.15504 0.0025 0.892763 0.853188 2.38919 0.00560059 345 4 1 0.999381 
0.36728 0.150077 7.15948 0.0025 0.879351 0.835298 2.37477 0.00568601 346 4 1 0.999354 
0.370145 0.167848 7.1525 0.0025 0.865857 0.817409 2.36012 0.00577463 347 4 1 0.999326 
0.373055 0.185988 7.14681 0.0025 0.852289 0.799534 2.34526 0.00586656 348 4 1 0.999298 
0.376012 0.20445 7.13854 0.0025 0.838647 0.781676 2.33018 0.00596198 349 4 1 0.999268 
0.379017 0.223257 7.13197 0.0025 0.824931 0.763837 2.31486 0.00606111 350 4 1 0.999237 
0.382074 0.242417 7.11387 0.0025 0.811146 0.746028 2.29931 0.00616412 351 4 1 0.999204 
0.385182 0.261918 7.11152 0.0025 0.797289 0.728247 2.28352 0.00627125 352 4 1 0.999169 
0.388345 0.281785 7.07487 0.0025 0.783373 0.710515 2.2675 0.00638266 353 4 1 0.999133 
0.391565 0.302044 7.05892 0.0025 0.769407 0.692846 2.25124 0.00649851 354 4 1 0.999097 
0.394844 0.322635 7.03133 0.0025 0.755385 0.675234 2.23475 0.00661914 355 4 1 0.999057 
0.398185 0.343634 6.99462 0.0025 0.741323 0.657703 2.21802 0.0067447 356 4 1 0.999017 
0.40159 0.364965 6.95957 0.0025 0.727229 0.640264 2.20105 0.00687542 357 4 1 0.998976 
0.405061 0.386678 6.90094 0.0025 0.713123 0.622946 2.18388 0.00701142 358 4 1 0.998934 
0.408602 0.408739 6.83173 0.0025 0.699038 0.60579 2.16653 0.00715268 359 4 1 0.998896 
0.412215 0.431018 6.74306 0.0025 0.685014 0.588844 2.14904 0.00729912 360 4 1 0.99886 
0.415902 0.453467 6.5853 0.0025 0.671141 0.572218 2.13153 0.00744999 361 4 1 0.998836 
0.419665 0.475817 6.37235 0.0025 0.657554 0.556065 2.11416 0.00760394 362 4 1 0.998832 
0.423507 0.497827 6.05388 0.0025 0.644428 0.540586 2.09718 0.00775882 363 4 1 0.998857 
0.427425 0.519021 5.63339 0.0025 0.631982 0.526027 2.08089 0.00791162 364 4 1 0.998921 
0.431419 0.538894 5.09499 0.0025 0.620439 0.512627 2.0656 0.00805881 365 4 1 0.999024 
0.435485 0.557261 4.60227 0.0025 0.609864 0.500439 2.05146 0.00819855 366 4 1 0.999147 
0.439618 0.57451 4.36405 0.0025 0.59995 0.489093 2.03806 0.00833403 367 4 1 0.999234 
0.443819 0.592057 4.57967 0.0025 0.59001 0.477792 2.0245 0.00847443 368 4 1 0.999228 
0.448093 0.611307 5.01932 0.0025 0.579417 0.465828 2.00989 0.00862936 369 4 1 0.999109 
0.452449 0.63228 5.11577 0.0025 0.568323 0.453385 1.99441 0.00879781 370 4 1 0.998966 
0.456892 0.652612 4.47074 0.0025 0.557829 0.441701 1.97959 0.00896332 371 4 1 0.99899 
0.461414 0.668957 3.03601 0.0025 0.549514 0.432506 1.96773 0.00909895 372 4 1 0.999291 
0.465991 0.678167 1.13038 0.0025 0.544703 0.427216 1.96083 0.00917931 373 4 1 0.999726 
0.470593 0.679841 -0.175439 0.0025 0.543271 0.425657 1.95879 0.00920352 374 5 1 0.999973 
0.475195 0.679395 -0.0432377 0.0025 0.543294 0.425692 1.95884 0.00920312 375 4 1 1 
0.479796 0.678992 -0.15161 0.0025 0.543479 0.425896 1.95912 0.00919999 376 4 1 0.999999 
0.484395 0.678318 -0.166817 0.0025 0.543788 0.426239 1.95958 0.00919476 377 4 1 0.999999 
0.488991 0.677587 -0.165099 0.0025 0.544153 0.426642 1.96012 0.00918859 378 4 1 0.999999 
0.493584 0.676886 -0.144373 0.0025 0.544514 0.427042 1.96066 0.0091825 379 4 1 0.999999 
0.498173 0.676275 -0.119699 0.0025 0.544836 0.427399 1.96114 0.00917707 380 4 1 0.999999 
0.502761 0.675776 -0.0958848 0.0025 0.545105 0.427699 1.96154 0.00917254 381 4 1 1 
0.507346 0.67538 -0.075174 0.0025 0.545321 0.427941 1.96187 0.00916891 382 4 1 1 
0.51193 0.675067 -0.0590785 0.0025 0.54549 0.428131 1.96214 0.00916607 383 4 1 1 
0.516512 0.67482 -0.0473959 0.0025 0.545622 0.428281 1.96235 0.00916386 384 4 1 1 
0.521093 0.67462 -0.0389352 0.0025 0.545725 0.428401 1.96253 0.00916212 385 4 1 1 
0.525674 0.674454 -0.0329288 0.0025 0.545809 0.4285 1.96268 0.00916072 386 4 1 1 
0.530254 0.674312 -0.0287424 0.0025 0.545877 0.428584 1.96282 0.00915957 387 4 1 1 
0.534834 0.674188 -0.0255369 0.0025 0.545935 0.428656 1.96295 0.00915861 388 4 1 1 
0.539413 0.674077 -0.0227669 0.0025 0.545983 0.42872 1.96307 0.0091578 389 4 1 1 
0.543991 0.673977 -0.0203154 0.0025 0.546022 0.428777 1.96319 0.00915714 390 4 1 1 
0.54857 0.673888 -0.0181372 0.0025 0.546054 0.428828 1.9633 0.0091566 391 4 1 1 
0.553148 0.673808 -0.016151 0.0025 0.546079 0.428872 1.96342 0.00915619 392 4 1 1 
0.557726 0.673736 -0.0143332 0.0025 0.546094 0.428911 1.96354 0.00915593 393 3 1 1 
0.562304 0.673672 -0.012695 0.0025 0.54609 0.428935 1.96367 0.009156 394 4 1 1 
0.566882 0.673614 -0.0112288 0.0025 0.54601 0.428903 1.96381 0.00915734 395 4 1 1 
0.571461 0.673562 -0.00992371 0.0025 0.545609 0.428669 1.96418 0.00916407 396 4 1 0.999999 
0.576046 0.673516 -0.00878104 0.0025 0.543998 0.426935 1.96202 0.0091912 397 4 1 0.999987 
0.580653 0.673474 -0.00778642 0.0025 0.530885 0.411479 1.93771 0.00941824 398 4 1 0.99967 
0.585469 0.673433 -0.00688394 0.0025 0.506808 0.44017 2.17129 0.00986566 399 4 1 0.994711 
0.590525 0.673395 -0.00605864 0.0025 0.481276 0.415545 2.15856 0.010389 400 4 1 0.993703 
0.595868 0.673357 -0.00529587 0.0025 0.458794 0.450004 2.4521 0.0108981 401 4 1 0.993697 
0.601429 0.673321 -0.00458233 0.0025 0.450181 0.430544 2.39095 0.0111066 402 5 1 0.99866 
0.606974 0.673288 -0.00391046 0.0025 0.45178 0.428875 2.37325 0.0110673 403 4 1 0.999967 
0.612496 0.673256 -0.00324584 0.0025 0.453405 0.428834 2.36452 0.0110277 404 4 1 0.999986 
0.618002 0.673227 -0.00258956 0.0025 0.454494 0.428971 2.35961 0.0110013 405 4 1 0.999994 
0.623498 0.673198 -0.00193678 0.0025 0.455192 0.429055 2.35645 0.0109844 406 4 1 0.999997 
0.628986 0.673169 -0.0012261 0.0025 0.455664 0.429097 2.35424 0.010973 407 4 1 0.999999 
0.634471 0.673139 -0.000211417 0.0025 0.455997 0.429119 2.35264 0.010965 408 4 1 0.999999 
0.639951 0.673102 0.00192931 0.0025 0.456237 0.429124 2.35143 0.0109592 409 4 1 1 
0.64543 0.673045 0.00740839 0.0025 0.456402 0.429105 2.35048 0.0109553 410 4 1 1 
0.650907 0.672922 0.0243466 0.0025 0.456477 0.429019 2.34962 0.0109535 411 3 1 1 
0.656383 0.672589 0.0761153 0.0025 0.456373 0.428738 2.34861 0.010956 412 4 1 1 
0.661863 0.671605 0.23074 0.0025 0.455807 0.427879 2.34681 0.0109696 413 4 1 0.999998 
0.667353 0.668763 0.668178 0.0025 0.454021 0.425443 2.34262 0.0110127 414 4 1 0.999973 
0.672875 0.661169 1.68821 0.0025 0.449341 0.419238 2.33246 0.0111274 415 4 1 0.999801 
0.678481 0.642518 4.10691 0.0025 0.438579 0.405135 2.30927 0.0114005 416 4 1 0.998904 
0.684279 0.602362 8.01219 0.0025 0.41775 0.378152 2.26285 0.0119689 417 4 1 0.995596 
0.690464 0.522256 17.107 0.0025 0.381421 0.331877 2.17505 0.0131089 418 4 1 0.987315 
0.697446 0.36104 29.7175 0.0025 0.331157 0.270139 2.03936 0.0150986 419 4 1 0.970987 
0.705709 0.160939 26.1873 0.0025 0.285139 0.216973 1.90262 0.0175353 420 4 1 0.95981 
0.715105 0.0377404 10.4413 0.0025 0.259532 0.189274 1.82345 0.0192654 421 4 1 0.978275 
0.725002 0.003115 1.62233 0.0025 0.251353 0.180857 1.7989 0.0198923 422 4 1 0.996627 
0.734999 -0.000333717 -0.000943941 0.0025 0.250027 0.179526 1.79507 0.0199978 423 4 1 0.999892 
0.745 -3.7716e-05 -0.0243378 0.0025 0.249984 0.179484 1.79495 0.0200013 424 5 1 1 
0.755 6.36107e-06 0.000587936 0.0025 0.25 0.1795 1.795 0.02 425 4 1 1 
0.765 2.06186e-06 0.000427473 0.0025 0.25 0.1795 1.795 0.02 426 3 1 1 
0.775 4.76234e-07 0.000107103 0.0025 0.25 0.1795 1.795 0.02 427 4 1 1 
0.785 1.00897e-07 2.38022e-05 0.0025 0.25 0.1795 1.795 0.02 428 4 1 1 
0.795 2.02511e-08 4.98952e-06 0.0025 0.25 0.1795 1.795 0.02 429 4 1 1 
0.805 3.86273e-09 9.94986e-07 0.0025 0.25 0.1795 1.795 0.02 430 4 1 1 
0.815 6.98476e-10 1.88485e-07 0.0025 0.25 0.1795 1.795 0.02 431 4 1 1 
0.825 1.19406e-10 3.37956e-08 0.0025 0.25 0.1795 1.795 0.02 432 4 1 1 
0.835 1.92371e-11 5.72091e-09 0.0025 0.25 0.1795 1.795 0.02 433 4 1 1 
0.845 2.914e-12 9.12181e-10 0.0025 0.25 0.1795 1.795 0.02 434 4 1 1 
0.855 4.18538e-13 1.35287e-10 0.0025 0.25 0.1795 1.795 0.02 435 4 1 1 
0.865 4.82702e-14 2.08615e-11 0.0025 0.25 0.1795 1.795 0.02 436 4 1 1 
0.875 2.70465e-15 1.10845e-12 0.0025 0.25 0.1795 1.795 0.02 437 5 1 1 
0.885 3.33773e-16 1.56319e-13 0.0025 0.25 0.1795 1.795 0.02 438 5 1 1 
0.895 -2.88313e-47 2.8026e-44 0.0025 0.25 0.1795 1.795 0.02 439 5 1 1 
0.905 -2.64127e-16 -1.42109e-14 0.0025 0.25 0.1795 1.795 0.02 440 5 1 1 
0.915 -6.09237e-16 -1.42109e-14 0.0025 0.25 0.1795 1.795 0.02 441 5 1 1 
0.925 -1.17716e-15 -1.42109e-14 0.0025 0.25 0.1795 1.795 0.02 442 5 1 1 
0.935 -2.12583e-15 -2.84217e-14 0.0025 0.25 0.1795 1.795 0.02 443 5 1 1 
0.945 -3.3546e-15 5.60519e-45 0.0025 0.25 0.1795 1.795 0.02 444 5 1 1 
0.955 -4.90893e-15 1.54143e-43 0.0025 0.25 0.1795 1.795 0.02 445 5 1 1 
0.965 2.73515e-15 3.12639e-13 0.0025 0.25 0.1795 1.795 0.02 446 5 1 1 
0.975 -3.15241e-15 3.12639e-13 0.0025 0.25 0.1795 1.795 0.02 447 5 1 1 
0.985 1.6607e-15 -3.12639e-13 0.0025 0.25 0.1795 1.795 0.02 448 5 1 1 
0.995 -7.08352e-15 -2.84217e-13 0.0025 0.25 0.1795 1.795 0.02 449 3 1 1 
1.005 7.08352e-15 2.84217e-13 0.0025 0.25 0.1795 1.795 0.02 450 3 1 1 
1.015 -1.6607e-15 3.12639e-13 0.0025 0.25 0.1795 1.795 0.02 451 5 1 1 
1.025 3.15241e-15 -3.12639e-13 0.0025 0.25 0.1795 1.795 0.02 452 5 1 1 
1.035 -2.73515e-15 -3.12639e-13 0.0025 0.25 0.1795 1.795 0.02 453 5 1 1 
1.045 4.90893e-15 -1.54143e-43 0.0025 0.25 0.1795 1.795 0.02 454 5 1 1 
1.055 3.3546e-15 -5.60519e-45 0.0025 0.25 0.1795 1.795 0.02 455 5 1 1 
1.065 2.12583e-15 2.84217e-14 0.0025 0.25 0.1795 1.795 0.02 456 5 1 1 
1.075 1.17716e-15 1.42109e-14 0.0025 0.25 0.1795 1.795 0.02 457 5 1 1 
1.085 6.09237e-16 1.42109e-14 0.0025 0.25 0.1795 1.795 0.02 458 5 1 1 
1.095 2.64127e-16 1.42109e-14 0.0025 0.25 0.1795 1.795 0.02 459 5 1 1 
1.105 -4.33628e-18 -1.42109e-14 0.0025 0.25 0.1795 1.795 0.02 460 5 1 1 
1.115 -3.42439e-16 -1.27898e-13 0.0025 0.25 0.1795 1.795 0.02 461 5 1 1 
1.125 -2.70868e-15 -8.3844e-13 0.0025 0.25 0.1795 1.795 0.02 462 5 1 1 
1.135 -4.02916e-14 -2.03926e-11 0.0025 0.25 0.1795 1.795 0.02 463 4 1 1 
1.145 -4.16997e-13 -1.35529e-10 0.0025 0.25 0.1795 1.795 0.02 464 4 1 1 
1.155 -2.9262e-12 -9.14639e-10 0.0025 0.25 0.1795 1.795 0.02 465 4 1 1 
1.165 -1.92337e-11 -5.7142e-09 0.0025 0.25 0.1795 1.795 0.02 466 4 1 1 
1.175 -1.19364e-10 -3.38045e-08 0.0025 0.25 0.1795 1.795 0.02 467 4 1 1 
1.185 -6.98512e-10 -1.88478e-07 0.0025 0.25 0.1795 1.795 0.02 468 4 1 1 
1.195 -3.86276e-09 -9.94989e-07 0.0025 0.25 0.1795 1.795 0.02 469 4 1 1 
1.205 -2.0251e-08 -4.98952e-06 0.0025 0.25 0.1795 1.795 0.02 470 4 1 1 
1.215 -1.00897e-07 -2.38022e-05 0.0025 0.25 0.1795 1.795 0.02 471 4 1 1 
1.225 -4.76234e-07 -0.000107103 0.0025 0.25 0.1795 1.795 0.02 472 4 1 1 
1.235 -2.06186e-06 -0.000427473 0.0025 0.25 0.1795 1.795 0.02 473 3 1 1 
1.245 -6.36107e-06 -0.000587936 0.0025 0.25 0.1795 1.795 0.02 474 4 1 1 
1.255 3.7716e-05 0.0243378 0.0025 0.249984 0.179484 1.79495 0.0200013 475 5 1 1 
1.265 0.000333717 0.000943941 0.0025 0.250027 0.179526 1.79507 0.0199978 476 4 1 0.999892 
1.275 -0.003115 -1.62233 0.0025 0.251353 0.180857 1.7989 0.0198923 477 4 1 0.996627 
1.28489 -0.0377404 -10.4413 0.0025 0.259532 0.189274 1.82345 0.0192654 478 4 1 0.978275 
1.29429 -0.160939 -26.1873 0.0025 0.285139 0.216973 1.90262 0.0175353 479 4 1 0.95981 
1.30255 -0.36104 -29.7175 0.0025 0.331157 0.270139 2.03936 0.0150986 480 4 1 0.970987 
1.30954 -0.522256 -17.107 0.0025 0.381421 0.331877 2.17505 0.0131089 481 4 1 0.987315 
1.31572 -0.602362 -8.01219 0.0025 0.41775 0.378152 2.26285 0.0119689 482 4 1 0.995596 
1.32152 -0.642518 -4.10691 0.0025 0.438579 0.405135 2.30927 0.0114005 483 4 1 0.998904 
1.32712 -0.661169 -1.68821 0.0025 0.449341 0.419238 2.33246 0.0111274 484 4 1 0.999801 
1.33265 -0.668763 -0.668178 0.0025 0.454021 0.425443 2.34262 0.0110127 485 4 1 0.999973 
1.33814 -0.671605 -0.23074 0.0025 0.455807 0.427879 2.34681 0.0109696 486 4 1 0.999998 
1.34362 -0.672589 -0.0761153 0.0025 0.456373 0.428738 2.34861 0.010956 487 4 1 1 
1.34909 -0.672922 -0.0243466 0.0025 0.456477 0.429019 2.34962 0.0109535 488 3 1 1 
1.35457 -0.673045 -0.00740839 0.0025 0.456402 0.429105 2.35048 0.0109553 489 4 1 1 
1.36005 -0.673102 -0.00192931 0.0025 0.456237 0.429124 2.35143 0.0109592 490 4 1 1 
1.36553 -0.673139 0.000211417 0.0025 0.455997 0.429119 2.35264 0.010965 491 4 1 0.999999 
1.37101 -0.673169 0.0012261 0.0025 0.455664 0.429097 2.35424 0.010973 492 4 1 0.999999 
1.3765 -0.673198 0.00193678 0.0025 0.455192 0.429055 2.35645 0.0109844 493 4 1 0.999997 
1.382 -0.673227 0.00258956 0.0025 0.454494 0.428971 2.35961 0.0110013 494 4 1 0.999994 
1.3875 -0.673256 0.00324584 0.0025 0.453405 0.428834 2.36452 0.0110277 495 4 1 0.999986 
1.39303 -0.673288 0.00391046 0.0025 0.45178 0.428875 2.37325 0.0110673 496 4 1 0.999967 
1.39857 -0.673321 0.00458233 0.0025 0.450181 0.430544 2.39095 0.0111066 497 5 1 0.99866 
1.40413 -0.673357 0.00529587 0.0025 0.458794 0.450004 2.4521 0.0108981 498 4 1 0.993697 
1.40947 -0.673395 0.00605864 0.0025 0.481276 0.415545 2.15856 0.010389 499 4 1 0.993703 
