# Time [s]: 3.96164e+12
# Columns: pos [pc], vel [pc/s], acc [pc/s^2], mass [Msun], dens [g/cm^3], pres [barye], ene [erg/g], sml [pc], id, neighbor, alpha, gradh, ...additional?
4.36905e+16 -673.446 2.33246e-13 4.97118e+27 0.000506801 4.40161 21712.7 3.04459e+14 0 4 1 0.994711 
4.38391e+16 -673.488 2.63875e-13 4.97118e+27 0.000530876 4.1147 19376.9 2.90652e+14 1 4 1 0.99967 
4.39813e+16 -673.532 2.97669e-13 4.97118e+27 0.000543989 4.26924 19620.1 2.83646e+14 2 4 1 0.999987 
4.41228e+16 -673.581 3.36613e-13 4.97118e+27 0.000545598 4.28657 19641.6 2.82809e+14 3 4 1 0.999999 
4.42641e+16 -673.635 3.81309e-13 4.97118e+27 0.000545998 4.2889 19637.9 2.82602e+14 4 4 1 1 
4.44054e+16 -673.695 4.31526e-13 4.97118e+27 0.000546076 4.2892 19636.5 2.82561e+14 5 4 1 1 
4.45466e+16 -673.763 4.87258e-13 4.97118e+27 0.000546079 4.28894 19635.2 2.8256e+14 6 3 1 1 
4.46879e+16 -673.838 5.48806e-13 4.97118e+27 0.000546062 4.28854 19633.9 2.82569e+14 7 4 1 1 
4.48292e+16 -673.922 6.15748e-13 4.97118e+27 0.000546035 4.28807 19632.7 2.82582e+14 8 4 1 1 
4.49705e+16 -674.015 6.88215e-13 4.97118e+27 0.000546001 4.28754 19631.5 2.826e+14 9 4 1 1 
4.51118e+16 -674.12 7.70102e-13 4.97118e+27 0.000545959 4.28694 19630.3 2.82622e+14 10 4 1 1 
4.52531e+16 -674.235 8.66645e-13 4.97118e+27 0.000545908 4.28627 19629.1 2.82648e+14 11 4 1 1 
4.53945e+16 -674.366 9.82382e-13 4.97118e+27 0.000545847 4.28551 19627.8 2.8268e+14 12 4 1 1 
4.55358e+16 -674.516 1.13329e-12 4.97118e+27 0.000545774 4.28462 19626.3 2.82718e+14 13 4 1 1 
4.56772e+16 -674.694 1.35246e-12 4.97118e+27 0.000545684 4.28356 19624.7 2.82764e+14 14 4 1 1 
4.58186e+16 -674.91 1.66811e-12 4.97118e+27 0.000545571 4.28225 19622.8 2.82823e+14 15 4 1 1 
4.596e+16 -675.18 2.09853e-12 4.97118e+27 0.000545426 4.28061 19620.5 2.82898e+14 16 4 1 1 
4.61015e+16 -675.524 2.67683e-12 4.97118e+27 0.00054524 4.27852 19617.6 2.82995e+14 17 4 1 1 
4.6243e+16 -675.96 3.41514e-12 4.97118e+27 0.000545003 4.27587 19614 2.83117e+14 18 4 1 0.999999 
-1.53354e+16 -676.504 4.23666e-12 4.97118e+27 0.000544711 4.27262 19609.6 2.8327e+14 19 4 1 0.999999 
-1.51937e+16 -677.159 4.99731e-12 4.97118e+27 0.000544367 4.26881 19604.4 2.83448e+14 20 4 1 0.999999 
-1.5052e+16 -677.895 5.526e-12 4.97118e+27 0.000543996 4.2647 19598.9 2.83642e+14 21 4 1 0.999999 
-1.49101e+16 -678.623 5.36522e-12 4.97118e+27 0.000543638 4.26074 19593.6 2.83828e+14 22 4 1 0.999999 
-1.47681e+16 -679.251 4.10796e-12 4.97118e+27 0.000543374 4.25782 19589.7 2.83966e+14 23 4 1 0.999999 
-1.46261e+16 -679.493 2.77448e-12 4.97118e+27 0.000543206 4.25593 19587.1 2.84055e+14 24 5 1 0.999998 
-1.44841e+16 -679.934 -4.36848e-12 4.97118e+27 0.000543544 4.25952 19591.8 2.83878e+14 25 4 1 0.999907 
-1.43423e+16 -675.349 -6.34472e-11 4.97118e+27 0.000546232 4.28894 19630.3 2.82481e+14 26 4 1 0.999536 
-1.42016e+16 -662.706 -1.22509e-10 4.97118e+27 0.000552696 4.36019 19722.8 2.79177e+14 27 4 1 0.999112 
-1.40631e+16 -644.01 -1.58983e-10 4.97118e+27 0.000562247 4.4661 19858.5 2.74434e+14 28 4 1 0.998928 
-1.39271e+16 -622.817 -1.68522e-10 4.97118e+27 0.00057329 4.58945 20013.7 2.69148e+14 29 4 1 0.999008 
-1.37939e+16 -602.263 -1.57283e-10 4.97118e+27 0.000584329 4.71367 20166.9 2.64063e+14 30 4 1 0.999162 
-1.36631e+16 -583.783 -1.4485e-10 4.97118e+27 0.000594665 4.83076 20308.7 2.59474e+14 31 4 1 0.999232 
-1.35344e+16 -566.446 -1.44645e-10 4.97118e+27 0.000604588 4.94392 20443.5 2.55215e+14 32 4 1 0.999184 
-1.34078e+16 -548.59 -1.58143e-10 4.97118e+27 0.000614859 5.06185 20581.6 2.50952e+14 33 4 1 0.999068 
-1.32834e+16 -529.269 -1.75738e-10 4.97118e+27 0.000626018 5.19091 20730.1 2.46478e+14 34 4 1 0.998943 
-1.31613e+16 -508.424 -1.92511e-10 4.97118e+27 0.000638177 5.33261 20890.2 2.41782e+14 35 4 1 0.998855 
-1.30416e+16 -486.506 -2.04581e-10 4.97118e+27 0.000651168 5.48519 21059.3 2.36959e+14 36 4 1 0.998812 
-1.29243e+16 -463.965 -2.13063e-10 4.97118e+27 0.000664729 5.64579 21233.6 2.32125e+14 37 4 1 0.998801 
-1.28095e+16 -441.241 -2.19392e-10 4.97118e+27 0.000678667 5.81221 21410.5 2.27357e+14 38 4 1 0.998818 
-1.26969e+16 -418.542 -2.23147e-10 4.97118e+27 0.000692823 5.98264 21588 2.22712e+14 39 4 1 0.998848 
-1.25867e+16 -396.097 -2.26178e-10 4.97118e+27 0.000707087 6.15578 21764.7 2.18219e+14 40 4 1 0.998889 
-1.24787e+16 -373.931 -2.2769e-10 4.97118e+27 0.000721387 6.33076 21939.7 2.13894e+14 41 4 1 0.998932 
-1.23728e+16 -352.12 -2.29244e-10 4.97118e+27 0.000735676 6.50701 22112.4 2.09739e+14 42 4 1 0.998973 
-1.22689e+16 -330.711 -2.30856e-10 4.97118e+27 0.000749951 6.68445 22283.1 2.05747e+14 43 4 1 0.999017 
-1.2167e+16 -309.666 -2.31358e-10 4.97118e+27 0.000764186 6.86274 22451.2 2.01914e+14 44 4 1 0.999057 
-1.2067e+16 -289.009 -2.32685e-10 4.97118e+27 0.000778372 7.04174 22617 1.98234e+14 45 4 1 0.999097 
-1.19688e+16 -268.733 -2.32914e-10 4.97118e+27 0.000792502 7.22134 22780.3 1.947e+14 46 4 1 0.999135 
-1.18723e+16 -248.806 -2.33728e-10 4.97118e+27 0.000806565 7.40137 22941.1 1.91305e+14 47 4 1 0.99917 
-1.17775e+16 -229.288 -2.34337e-10 4.97118e+27 0.000820571 7.58192 23099.6 1.8804e+14 48 4 1 0.999206 
-1.16842e+16 -210.107 -2.34461e-10 4.97118e+27 0.000834504 7.76275 23255.7 1.849e+14 49 4 1 0.999239 
-1.15926e+16 -191.287 -2.34727e-10 4.97118e+27 0.000848358 7.94376 23409.3 1.81881e+14 50 4 1 0.99927 
-1.15023e+16 -172.808 -2.35021e-10 4.97118e+27 0.000862136 8.12497 23560.7 1.78974e+14 51 4 1 0.999301 
-1.14136e+16 -154.675 -2.34716e-10 4.97118e+27 0.00087583 8.30619 23709.6 1.76176e+14 52 4 1 0.999329 
-1.13262e+16 -136.871 -2.35485e-10 4.97118e+27 0.000889447 8.48756 23856.4 1.73478e+14 53 4 1 0.999356 
-1.12401e+16 -119.396 -2.35333e-10 4.97118e+27 0.000902987 8.66901 24001 1.70877e+14 54 4 1 0.999392 
-1.11553e+16 -102.299 -2.31709e-10 4.97118e+27 0.000916353 8.84919 24142.4 1.68385e+14 55 4 1 0.999427 
-1.10717e+16 -85.7741 -2.28299e-10 4.97118e+27 0.000929499 9.02729 24280.2 1.66003e+14 56 4 1 0.999425 
-1.09893e+16 -69.4149 -2.39534e-10 4.97118e+27 0.000942751 9.20791 24418.1 1.6367e+14 57 4 1 0.999407 
-1.0908e+16 -52.2042 -2.55361e-10 4.97118e+27 0.000956413 9.3958 24559.5 1.61332e+14 58 4 1 0.999547 
-1.08279e+16 -36.0676 -2.04171e-10 4.97118e+27 0.000969007 9.57007 24688.7 1.59235e+14 59 4 1 0.999775 
-1.07488e+16 -25.5352 -1.10308e-10 4.97118e+27 0.000978368 9.69834 24782.5 1.57712e+14 60 4 1 0.999699 
-1.06702e+16 -16.4444 -1.98204e-10 4.97118e+27 0.000987815 9.82785 24876.7 1.56203e+14 61 4 1 0.999161 
-1.05926e+16 3.73928 -4.10557e-10 4.97118e+27 0.00100375 10.053 25038.7 1.53724e+14 62 4 1 0.999265 
-1.05165e+16 28.0441 -2.86124e-10 4.97118e+27 0.00102125 10.3022 25214.4 1.5109e+14 63 4 1 0.999959 
-1.04415e+16 36.2472 -1.5644e-11 4.97118e+27 0.00102933 10.4152 25292.8 1.49903e+14 64 3 1 1 
-1.03666e+16 34.865 3.90812e-11 4.97118e+27 0.00102891 10.4076 25287.5 1.49965e+14 65 4 1 1 
-1.02915e+16 31.6253 5.57992e-11 4.97118e+27 0.00102606 10.3671 25259.3 1.50381e+14 66 4 1 0.99998 
-1.02162e+16 27.577 6.65963e-11 4.97118e+27 0.00102252 10.317 25224.2 1.50901e+14 67 4 1 0.999966 
-1.01406e+16 23.1212 7.11545e-11 4.97118e+27 0.00101872 10.2632 25186.5 1.51465e+14 68 4 1 0.999959 
-1.00647e+16 18.6275 6.99927e-11 4.97118e+27 0.00101496 10.2101 25149.1 1.52026e+14 69 4 1 0.999959 
-9.98856e+15 14.4198 6.40402e-11 4.97118e+27 0.00101149 10.1612 25114.6 1.52547e+14 70 4 1 0.999964 
-9.91216e+15 10.7329 5.49227e-11 4.97118e+27 0.0010085 10.1191 25084.8 1.52999e+14 71 4 1 0.999972 
-9.83556e+15 7.69075 4.44403e-11 4.97118e+27 0.00100606 10.0848 25060.4 1.53371e+14 72 4 1 0.999981 
-9.75879e+15 5.31335 3.41202e-11 4.97118e+27 0.00100416 10.0582 25041.5 1.5366e+14 73 4 1 0.999989 
-9.6819e+15 3.54478 2.49821e-11 4.97118e+27 0.00100277 10.0387 25027.6 1.53874e+14 74 4 1 0.999994 
-9.60492e+15 2.28683 1.75163e-11 4.97118e+27 0.00100178 10.0248 25017.7 1.54026e+14 75 4 1 0.999997 
-9.52787e+15 1.42821 1.18002e-11 4.97118e+27 0.00100111 10.0154 25011 1.54129e+14 76 4 1 0.999998 
-9.45079e+15 0.864218 7.65704e-12 4.97118e+27 0.00100067 10.0093 25006.6 1.54197e+14 77 4 1 0.999999 
-9.37368e+15 0.506962 4.79441e-12 4.97118e+27 0.00100039 10.0054 25003.9 1.5424e+14 78 4 1 1 
-9.29655e+15 0.288401 2.90038e-12 4.97118e+27 0.00100022 10.0031 25002.2 1.54266e+14 79 4 1 1 
-9.21941e+15 0.159132 1.6966e-12 4.97118e+27 0.00100012 10.0017 25001.2 1.54281e+14 80 4 1 1 
-9.14227e+15 0.0851676 9.60147e-13 4.97118e+27 0.00100007 10.0009 25000.6 1.5429e+14 81 4 1 1 
-9.06512e+15 0.0442096 5.25849e-13 4.97118e+27 0.00100003 10.0005 25000.3 1.54295e+14 82 4 1 1 
-8.98797e+15 0.0222547 2.78749e-13 4.97118e+27 0.00100002 10.0002 25000.2 1.54297e+14 83 4 1 1 
-8.91082e+15 0.0108617 1.43024e-13 4.97118e+27 0.00100001 10.0001 25000.1 1.54299e+14 84 4 1 1 
-8.83367e+15 0.00513836 7.10261e-14 4.97118e+27 0.001 10.0001 25000 1.54299e+14 85 4 1 1 
-8.75652e+15 0.00235536 3.41332e-14 4.97118e+27 0.001 10 25000 1.543e+14 86 4 1 1 
-8.67937e+15 0.00104574 1.58703e-14 4.97118e+27 0.001 10 25000 1.543e+14 87 4 1 1 
-8.60222e+15 0.000449481 7.13679e-15 4.97118e+27 0.001 10 25000 1.543e+14 88 4 1 1 
-8.52507e+15 0.00018693 3.10283e-15 4.97118e+27 0.001 10 25000 1.543e+14 89 4 1 1 
-8.44792e+15 7.51694e-05 1.30355e-15 4.97118e+27 0.001 10 25000 1.543e+14 90 4 1 1 
-8.37077e+15 2.92048e-05 5.28867e-16 4.97118e+27 0.001 10 25000 1.543e+14 91 4 1 1 
-8.29362e+15 1.09527e-05 2.07054e-16 4.97118e+27 0.001 10 25000 1.543e+14 92 4 1 1 
-8.21647e+15 3.96055e-06 7.81523e-17 4.97118e+27 0.001 10 25000 1.543e+14 93 4 1 1 
-8.13932e+15 1.37909e-06 2.84078e-17 4.97118e+27 0.001 10 25000 1.543e+14 94 4 1 1 
-8.06217e+15 4.61655e-07 9.93073e-18 4.97118e+27 0.001 10 25000 1.543e+14 95 4 1 1 
-7.98502e+15 1.48304e-07 3.33361e-18 4.97118e+27 0.001 10 25000 1.543e+14 96 4 1 1 
-7.90787e+15 4.56073e-08 1.07216e-18 4.97118e+27 0.001 10 25000 1.543e+14 97 4 1 1 
-7.83072e+15 1.33738e-08 3.29231e-19 4.97118e+27 0.001 10 25000 1.543e+14 98 4 1 1 
-7.75357e+15 3.73759e-09 9.64017e-20 4.97118e+27 0.001 10 25000 1.543e+14 99 4 1 1 
-7.67642e+15 9.88583e-10 2.70034e-20 4.97118e+27 0.001 10 25000 1.543e+14 100 4 1 1 
-7.59927e+15 2.34626e-10 6.97004e-21 4.97118e+27 0.001 10 25000 1.543e+14 101 4 1 1 
-7.52212e+15 5.7729e-11 1.70567e-21 4.97118e+27 0.001 10 25000 1.543e+14 102 4 1 1 
-7.44497e+15 6.03513e-12 4.5681e-22 4.97118e+27 0.001 10 25000 1.543e+14 103 4 1 1 
-7.36782e+15 1.21353e-13 -9.20989e-24 4.97118e+27 0.001 10 25000 1.543e+14 104 5 1 1 
-7.29067e+15 1.73447e-14 1.84198e-24 4.97118e+27 0.001 10 25000 1.543e+14 105 5 1 1 
-7.21352e+15 3.42064e-45 3.63266e-55 4.97118e+27 0.001 10 25000 1.543e+14 106 5 1 1 
-7.13637e+15 0 0 4.97118e+27 0.001 10 25000 1.543e+14 107 5 1 1 
-7.05922e+15 0 0 4.97118e+27 0.001 10 25000 1.543e+14 108 5 1 1 
-6.98207e+15 0 0 4.97118e+27 0.001 10 25000 1.543e+14 109 5 1 1 
-6.90492e+15 0 0 4.97118e+27 0.001 10 25000 1.543e+14 110 5 1 1 
-6.82777e+15 0 0 4.97118e+27 0.001 10 25000 1.543e+14 111 5 1 1 
-6.75062e+15 0 0 4.97118e+27 0.001 10 25000 1.543e+14 112 5 1 1 
-6.67347e+15 0 0 4.97118e+27 0.001 10 25000 1.543e+14 113 5 1 1 
-6.59632e+15 0 0 4.97118e+27 0.001 10 25000 1.543e+14 114 5 1 1 
-6.51917e+15 0 0 4.97118e+27 0.001 10 25000 1.543e+14 115 5 1 1 
-6.44202e+15 0 0 4.97118e+27 0.001 10 25000 1.543e+14 116 5 1 1 
-6.36487e+15 0 0 4.97118e+27 0.001 10 25000 1.543e+14 117 5 1 1 
-6.28772e+15 0 0 4.97118e+27 0.001 10 25000 1.543e+14 118 5 1 1 
-6.21057e+15 0 0 4.97118e+27 0.001 10 25000 1.543e+14 119 5 1 1 
-6.13342e+15 0 0 4.97118e+27 0.001 10 25000 1.543e+14 120 5 1 1 
-6.05627e+15 0 0 4.97118e+27 0.001 10 25000 1.543e+14 121 5 1 1 
-5.97912e+15 0 0 4.97118e+27 0.001 10 25000 1.543e+14 122 5 1 1 
-5.90197e+15 0 0 4.97118e+27 0.001 10 25000 1.543e+14 123 5 1 1 
-5.82482e+15 0 0 4.97118e+27 0.001 10 25000 1.543e+14 124 5 1 1 
-5.74767e+15 0 0 4.97118e+27 0.001 10 25000 1.543e+14 125 5 1 1 
-5.67052e+15 0 0 4.97118e+27 0.001 10 25000 1.543e+14 126 5 1 1 
-5.59337e+15 0 0 4.97118e+27 0.001 10 25000 1.543e+14 127 5 1 1 
-5.51622e+15 0 0 4.97118e+27 0.001 10 25000 1.543e+14 128 5 1 1 
-5.43907e+15 0 0 4.97118e+27 0.001 10 25000 1.543e+14 129 5 1 1 
-5.36192e+15 0 0 4.97118e+27 0.001 10 25000 1.543e+14 130 5 1 1 
-5.28477e+15 0 0 4.97118e+27 0.001 10 25000 1.543e+14 131 5 1 1 
-5.20762e+15 0 0 4.97118e+27 0.001 10 25000 1.543e+14 132 5 1 1 
-5.13047e+15 0 0 4.97118e+27 0.001 10 25000 1.543e+14 133 5 1 1 
-5.05332e+15 0 0 4.97118e+27 0.001 10 25000 1.543e+14 134 5 1 1 
-4.97617e+15 0 0 4.97118e+27 0.001 10 25000 1.543e+14 135 5 1 1 
-4.89902e+15 0 0 4.97118e+27 0.001 10 25000 1.543e+14 136 5 1 1 
-4.82187e+15 0 0 4.97118e+27 0.001 10 25000 1.543e+14 137 5 1 1 
-4.74472e+15 0 0 4.97118e+27 0.001 10 25000 1.543e+14 138 5 1 1 
-4.66757e+15 0 0 4.97118e+27 0.001 10 25000 1.543e+14 139 5 1 1 
-4.59042e+15 0 0 4.97118e+27 0.001 10 25000 1.543e+14 140 5 1 1 
-4.51327e+15 0 0 4.97118e+27 0.001 10 25000 1.543e+14 141 5 1 1 
-4.43612e+15 0 0 4.97118e+27 0.001 10 25000 1.543e+14 142 5 1 1 
-4.35897e+15 0 0 4.97118e+27 0.001 10 25000 1.543e+14 143 5 1 1 
-4.28182e+15 0 0 4.97118e+27 0.001 10 25000 1.543e+14 144 5 1 1 
-4.20467e+15 0 0 4.97118e+27 0.001 10 25000 1.543e+14 145 5 1 1 
-4.12752e+15 0 0 4.97118e+27 0.001 10 25000 1.543e+14 146 5 1 1 
-4.05037e+15 0 0 4.97118e+27 0.001 10 25000 1.543e+14 147 5 1 1 
-3.97322e+15 0 0 4.97118e+27 0.001 10 25000 1.543e+14 148 5 1 1 
-3.89607e+15 0 0 4.97118e+27 0.001 10 25000 1.543e+14 149 5 1 1 
-3.81892e+15 0 0 4.97118e+27 0.001 10 25000 1.543e+14 150 5 1 1 
-3.74177e+15 0 0 4.97118e+27 0.001 10 25000 1.543e+14 151 5 1 1 
-3.66462e+15 0 0 4.97118e+27 0.001 10 25000 1.543e+14 152 5 1 1 
-3.58747e+15 0 0 4.97118e+27 0.001 10 25000 1.543e+14 153 5 1 1 
-3.51032e+15 0 0 4.97118e+27 0.001 10 25000 1.543e+14 154 5 1 1 
-3.43317e+15 0 0 4.97118e+27 0.001 10 25000 1.543e+14 155 5 1 1 
-3.35602e+15 0 0 4.97118e+27 0.001 10 25000 1.543e+14 156 5 1 1 
-3.27887e+15 0 0 4.97118e+27 0.001 10 25000 1.543e+14 157 5 1 1 
-3.20172e+15 0 0 4.97118e+27 0.001 10 25000 1.543e+14 158 5 1 1 
-3.12457e+15 0 0 4.97118e+27 0.001 10 25000 1.543e+14 159 5 1 1 
-3.04742e+15 0 0 4.97118e+27 0.001 10 25000 1.543e+14 160 5 1 1 
-2.97027e+15 0 0 4.97118e+27 0.001 10 25000 1.543e+14 161 5 1 1 
-2.89312e+15 0 0 4.97118e+27 0.001 10 25000 1.543e+14 162 5 1 1 
-2.81597e+15 0 0 4.97118e+27 0.001 10 25000 1.543e+14 163 5 1 1 
-2.73882e+15 0 0 4.97118e+27 0.001 10 25000 1.543e+14 164 5 1 1 
-2.66167e+15 0 0 4.97118e+27 0.001 10 25000 1.543e+14 165 5 1 1 
-2.58452e+15 0 0 4.97118e+27 0.001 10 25000 1.543e+14 166 5 1 1 
-2.50737e+15 0 0 4.97118e+27 0.001 10 25000 1.543e+14 167 5 1 1 
-2.43022e+15 0 0 4.97118e+27 0.001 10 25000 1.543e+14 168 5 1 1 
-2.35307e+15 0 0 4.97118e+27 0.001 10 25000 1.543e+14 169 5 1 1 
-2.27592e+15 0 0 4.97118e+27 0.001 10 25000 1.543e+14 170 5 1 1 
-2.19877e+15 0 0 4.97118e+27 0.001 10 25000 1.543e+14 171 5 1 1 
-2.12162e+15 0 0 4.97118e+27 0.001 10 25000 1.543e+14 172 5 1 1 
-2.04447e+15 0 0 4.97118e+27 0.001 10 25000 1.543e+14 173 5 1 1 
-1.96732e+15 -2.08278e-43 -3.63266e-55 4.97118e+27 0.001 10 25000 1.543e+14 174 5 1 1 
-1.89017e+15 -1.38367e-13 -3.63266e-55 4.97118e+27 0.001 10 25000 1.543e+14 175 5 1 1 
-1.81302e+15 -2.76163e-13 0 4.97118e+27 0.001 10 25000 1.543e+14 176 5 1 1 
-1.73587e+15 -4.13249e-13 0 4.97118e+27 0.001 10 25000 1.543e+14 177 5 1 1 
-1.65872e+15 -5.32035e-13 -1.84198e-24 4.97118e+27 0.001 10 25000 1.543e+14 178 5 1 1 
-1.58157e+15 -7.0149e-13 1.84198e-24 4.97118e+27 0.001 10 25000 1.543e+14 179 5 1 1 
-1.50442e+15 -8.69386e-13 -1.84198e-24 4.97118e+27 0.001 10 25000 1.543e+14 180 5 1 1 
-1.42727e+15 -1.10503e-12 1.84198e-24 4.97118e+27 0.001 10 25000 1.543e+14 181 5 1 1 
-1.35012e+15 -1.33761e-12 -1.84198e-24 4.97118e+27 0.001 10 25000 1.543e+14 182 5 1 1 
-1.27297e+15 -1.65247e-12 -3.68395e-24 4.97118e+27 0.001 10 25000 1.543e+14 183 5 1 1 
-1.19582e+15 -2.16592e-12 1.84198e-24 4.97118e+27 0.001 10 25000 1.543e+14 184 5 1 1 
-1.11867e+15 -5.73878e-13 1.47358e-23 4.97118e+27 0.001 10 25000 1.543e+14 185 5 1 1 
-1.04152e+15 -3.39225e-12 1.47358e-23 4.97118e+27 0.001 10 25000 1.543e+14 186 4 1 1 
-9.64375e+14 2.42017e-13 -5.52593e-23 4.97118e+27 0.001 10 25000 1.543e+14 187 3 1 1 
-8.87225e+14 -2.93661e-12 3.31556e-23 4.97118e+27 0.001 10 25000 1.543e+14 188 4 1 1 
-8.10075e+14 -1.67889e-12 -8.9469e-39 4.97118e+27 0.001 10 25000 1.543e+14 189 4 1 1 
-7.32925e+14 -4.98039e-13 1.0225e-38 4.97118e+27 0.001 10 25000 1.543e+14 190 4 1 1 
-6.55775e+14 -7.09992e-13 -5.52593e-24 4.97118e+27 0.001 10 25000 1.543e+14 191 5 1 1 
-5.78625e+14 -7.18222e-13 -1.84198e-24 4.97118e+27 0.001 10 25000 1.543e+14 192 5 1 1 
-5.01475e+14 -2.45903e-12 -3.68395e-24 4.97118e+27 0.001 10 25000 1.543e+14 193 4 1 1 
-4.24325e+14 2.6614e-13 2.04501e-38 4.97118e+27 0.001 10 25000 1.543e+14 194 3 1 1 
-3.47175e+14 -7.54286e-13 1.15032e-38 4.97118e+27 0.001 10 25000 1.543e+14 195 3 1 1 
-2.70025e+14 -1.17432e-12 -3.68395e-24 4.97118e+27 0.001 10 25000 1.543e+14 196 3 1 1 
-1.92875e+14 2.00696e-13 5.52593e-24 4.97118e+27 0.001 10 25000 1.543e+14 197 3 1 1 
-1.15725e+14 -2.94125e-13 -5.52593e-24 4.97118e+27 0.001 10 25000 1.543e+14 198 5 1 1 
-3.8575e+13 -5.01976e-13 5.52593e-24 4.97118e+27 0.001 10 25000 1.543e+14 199 5 1 1 
3.8575e+13 -4.61121e-13 1.84198e-24 4.97118e+27 0.001 10 25000 1.543e+14 200 3 1 1 
1.15725e+14 -3.48983e-13 -5.52593e-24 4.97118e+27 0.001 10 25000 1.543e+14 201 3 1 1 
1.92875e+14 -1.5981e-13 1.84198e-24 4.97118e+27 0.001 10 25000 1.543e+14 202 4 1 1 
2.70025e+14 -9.73111e-13 1.84198e-24 4.97118e+27 0.001 10 25000 1.543e+14 203 3 1 1 
3.47175e+14 -5.8301e-14 -1.84198e-24 4.97118e+27 0.001 10 25000 1.543e+14 204 3 1 1 
4.24325e+14 -1.76586e-13 -5.11251e-39 4.97118e+27 0.001 10 25000 1.543e+14 205 4 1 1 
5.01475e+14 -4.78947e-13 3.68395e-24 4.97118e+27 0.001 10 25000 1.543e+14 206 4 1 1 
5.78625e+14 -1.12835e-12 -3.68395e-24 4.97118e+27 0.001 10 25000 1.543e+14 207 5 1 1 
6.55775e+14 1.01591e-12 -1.91719e-38 4.97118e+27 0.001 10 25000 1.543e+14 208 5 1 1 
7.32925e+14 -1.85826e-14 1.84198e-24 4.97118e+27 0.001 10 25000 1.543e+14 209 4 1 1 
8.10075e+14 2.75538e-12 1.84198e-24 4.97118e+27 0.001 10 25000 1.543e+14 210 3 1 1 
8.87225e+14 1.5095e-12 -8.9469e-39 4.97118e+27 0.001 10 25000 1.543e+14 211 3 1 1 
9.64375e+14 5.08493e-12 1.84198e-24 4.97118e+27 0.001 10 25000 1.543e+14 212 4 1 1 
1.04153e+15 3.41369e-12 -1.84198e-24 4.97118e+27 0.001 10 25000 1.543e+14 213 5 1 1 
1.11868e+15 3.12036e-12 -1.84198e-24 4.97118e+27 0.001 10 25000 1.543e+14 214 5 1 1 
1.19583e+15 2.60926e-12 3.68395e-24 4.97118e+27 0.001 10 25000 1.543e+14 215 5 1 1 
1.27298e+15 2.14376e-12 7.26532e-55 4.97118e+27 0.001 10 25000 1.543e+14 216 5 1 1 
1.35013e+15 1.67131e-12 0 4.97118e+27 0.001 10 25000 1.543e+14 217 5 1 1 
1.42728e+15 1.26517e-12 7.26532e-55 4.97118e+27 0.001 10 25000 1.543e+14 218 5 1 1 
1.50443e+15 1.02845e-12 7.26532e-55 4.97118e+27 0.001 10 25000 1.543e+14 219 5 1 1 
1.58158e+15 7.90557e-13 0 4.97118e+27 0.001 10 25000 1.543e+14 220 5 1 1 
1.65873e+15 6.02845e-13 1.84198e-24 4.97118e+27 0.001 10 25000 1.543e+14 221 5 1 1 
1.73588e+15 4.4854e-13 0 4.97118e+27 0.001 10 25000 1.543e+14 222 5 1 1 
1.81303e+15 3.10967e-13 0 4.97118e+27 0.001 10 25000 1.543e+14 223 5 1 1 
1.89018e+15 1.72997e-13 3.63266e-55 4.97118e+27 0.001 10 25000 1.543e+14 224 5 1 1 
1.96733e+15 3.46746e-14 3.63266e-55 4.97118e+27 0.001 10 25000 1.543e+14 225 5 1 1 
2.04448e+15 1.3671e-44 0 4.97118e+27 0.001 10 25000 1.543e+14 226 5 1 1 
2.12163e+15 0 0 4.97118e+27 0.001 10 25000 1.543e+14 227 5 1 1 
2.19878e+15 0 0 4.97118e+27 0.001 10 25000 1.543e+14 228 5 1 1 
2.27593e+15 0 0 4.97118e+27 0.001 10 25000 1.543e+14 229 5 1 1 
2.35308e+15 0 0 4.97118e+27 0.001 10 25000 1.543e+14 230 5 1 1 
2.43023e+15 0 0 4.97118e+27 0.001 10 25000 1.543e+14 231 5 1 1 
2.50738e+15 0 0 4.97118e+27 0.001 10 25000 1.543e+14 232 5 1 1 
2.58453e+15 0 0 4.97118e+27 0.001 10 25000 1.543e+14 233 5 1 1 
2.66168e+15 0 0 4.97118e+27 0.001 10 25000 1.543e+14 234 5 1 1 
2.73883e+15 0 0 4.97118e+27 0.001 10 25000 1.543e+14 235 5 1 1 
2.81598e+15 0 0 4.97118e+27 0.001 10 25000 1.543e+14 236 5 1 1 
2.89313e+15 -1.03242e-42 -3.63266e-55 4.97118e+27 0.001 10 25000 1.543e+14 237 5 1 1 
2.97028e+15 -1.69188e-13 0 4.97118e+27 0.001 10 25000 1.543e+14 238 5 1 1 
3.04743e+15 -3.37357e-13 3.63266e-55 4.97118e+27 0.001 10 25000 1.543e+14 239 5 1 1 
3.12458e+15 1.58941e-12 0 4.97118e+27 0.001 10 25000 1.543e+14 240 5 1 1 
3.20173e+15 1.42405e-12 2.1796e-54 4.97118e+27 0.001 10 25000 1.543e+14 241 5 1 1 
3.27888e+15 2.94304e-12 -5.08572e-54 4.97118e+27 0.001 10 25000 1.543e+14 242 5 1 1 
3.35603e+15 1.28096e-12 2.1796e-54 4.97118e+27 0.001 10 25000 1.543e+14 243 5 1 1 
3.43318e+15 1.17275e-12 -3.26939e-54 4.97118e+27 0.001 10 25000 1.543e+14 244 5 1 1 
3.51033e+15 -1.14565e-12 1.12612e-53 4.97118e+27 0.001 10 25000 1.543e+14 245 5 1 1 
3.58748e+15 3.0519e-12 -3.68395e-24 4.97118e+27 0.001 10 25000 1.543e+14 246 5 1 1 
3.66463e+15 7.04119e-14 1.27813e-39 4.97118e+27 0.001 10 25000 1.543e+14 247 5 1 1 
3.74178e+15 -2.11714e-13 1.84198e-24 4.97118e+27 0.001 10 25000 1.543e+14 248 5 1 1 
3.81893e+15 -3.15981e-12 -2.32939e-37 4.97118e+27 0.001 10 25000 1.543e+14 249 4 1 1 
3.89608e+15 3.15981e-12 2.32939e-37 4.97118e+27 0.001 10 25000 1.543e+14 250 4 1 1 
3.97323e+15 2.11714e-13 -1.84198e-24 4.97118e+27 0.001 10 25000 1.543e+14 251 5 1 1 
4.05038e+15 -7.04119e-14 -1.27813e-39 4.97118e+27 0.001 10 25000 1.543e+14 252 5 1 1 
4.12753e+15 -3.0519e-12 3.68395e-24 4.97118e+27 0.001 10 25000 1.543e+14 253 5 1 1 
4.20468e+15 1.14565e-12 -1.12612e-53 4.97118e+27 0.001 10 25000 1.543e+14 254 5 1 1 
4.28183e+15 -1.17275e-12 3.26939e-54 4.97118e+27 0.001 10 25000 1.543e+14 255 5 1 1 
4.35898e+15 -1.28096e-12 -2.1796e-54 4.97118e+27 0.001 10 25000 1.543e+14 256 5 1 1 
4.43613e+15 -2.94304e-12 5.08572e-54 4.97118e+27 0.001 10 25000 1.543e+14 257 5 1 1 
4.51328e+15 -1.42405e-12 -2.1796e-54 4.97118e+27 0.001 10 25000 1.543e+14 258 5 1 1 
4.59043e+15 -1.58941e-12 0 4.97118e+27 0.001 10 25000 1.543e+14 259 5 1 1 
4.66758e+15 3.37357e-13 -3.63266e-55 4.97118e+27 0.001 10 25000 1.543e+14 260 5 1 1 
4.74473e+15 1.69188e-13 0 4.97118e+27 0.001 10 25000 1.543e+14 261 5 1 1 
4.82188e+15 1.03242e-42 3.63266e-55 4.97118e+27 0.001 10 25000 1.543e+14 262 5 1 1 
4.89903e+15 0 0 4.97118e+27 0.001 10 25000 1.543e+14 263 5 1 1 
4.97618e+15 0 0 4.97118e+27 0.001 10 25000 1.543e+14 264 5 1 1 
5.05333e+15 0 0 4.97118e+27 0.001 10 25000 1.543e+14 265 5 1 1 
5.13048e+15 0 0 4.97118e+27 0.001 10 25000 1.543e+14 266 5 1 1 
5.20763e+15 0 0 4.97118e+27 0.001 10 25000 1.543e+14 267 5 1 1 
5.28478e+15 0 0 4.97118e+27 0.001 10 25000 1.543e+14 268 5 1 1 
5.36193e+15 0 0 4.97118e+27 0.001 10 25000 1.543e+14 269 5 1 1 
5.43908e+15 0 0 4.97118e+27 0.001 10 25000 1.543e+14 270 5 1 1 
5.51623e+15 0 0 4.97118e+27 0.001 10 25000 1.543e+14 271 5 1 1 
5.59338e+15 0 0 4.97118e+27 0.001 10 25000 1.543e+14 272 5 1 1 
5.67053e+15 0 0 4.97118e+27 0.001 10 25000 1.543e+14 273 5 1 1 
5.74768e+15 0 0 4.97118e+27 0.001 10 25000 1.543e+14 274 5 1 1 
5.82483e+15 0 0 4.97118e+27 0.001 10 25000 1.543e+14 275 5 1 1 
5.90198e+15 0 0 4.97118e+27 0.001 10 25000 1.543e+14 276 5 1 1 
5.97913e+15 0 0 4.97118e+27 0.001 10 25000 1.543e+14 277 5 1 1 
6.05628e+15 0 0 4.97118e+27 0.001 10 25000 1.543e+14 278 5 1 1 
6.13343e+15 0 0 4.97118e+27 0.001 10 25000 1.543e+14 279 5 1 1 
6.21058e+15 -6.36206e-43 -3.63266e-55 4.97118e+27 0.001 10 25000 1.543e+14 280 5 1 1 
6.28773e+15 -6.85718e-14 -3.63266e-55 4.97118e+27 0.001 10 25000 1.543e+14 281 5 1 1 
6.36488e+15 -2.05192e-13 3.63266e-55 4.97118e+27 0.001 10 25000 1.543e+14 282 5 1 1 
6.44203e+15 -3.75697e-13 3.63266e-55 4.97118e+27 0.001 10 25000 1.543e+14 283 5 1 1 
6.51918e+15 3.72623e-13 1.84198e-24 4.97118e+27 0.001 10 25000 1.543e+14 284 5 1 1 
6.59633e+15 2.04067e-13 1.84198e-24 4.97118e+27 0.001 10 25000 1.543e+14 285 5 1 1 
6.67348e+15 2.2977e-12 3.63266e-55 4.97118e+27 0.001 10 25000 1.543e+14 286 5 1 1 
6.75063e+15 2.09957e-12 3.68395e-24 4.97118e+27 0.001 10 25000 1.543e+14 287 5 1 1 
6.82778e+15 5.32899e-12 -3.26939e-54 4.97118e+27 0.001 10 25000 1.543e+14 288 5 1 1 
6.90493e+15 4.07953e-12 3.68395e-24 4.97118e+27 0.001 10 25000 1.543e+14 289 5 1 1 
6.98208e+15 3.4334e-12 -3.63266e-54 4.97118e+27 0.001 10 25000 1.543e+14 290 5 1 1 
7.05923e+15 1.50372e-12 -1.84198e-24 4.97118e+27 0.001 10 25000 1.543e+14 291 5 1 1 
7.13638e+15 1.24136e-12 -3.99593e-54 4.97118e+27 0.001 10 25000 1.543e+14 292 5 1 1 
7.21353e+15 -1.64237e-12 -1.84198e-24 4.97118e+27 0.001 10 25000 1.543e+14 293 5 1 1 
7.29068e+15 3.65505e-12 1.27813e-39 4.97118e+27 0.001 10 25000 1.543e+14 294 5 1 1 
7.36783e+15 2.1133e-13 2.57877e-23 4.97118e+27 0.001 10 25000 1.543e+14 295 5 1 1 
7.44498e+15 -3.17077e-12 -4.64178e-22 4.97118e+27 0.001 10 25000 1.543e+14 296 4 1 1 
7.52213e+15 -5.91072e-11 -1.70383e-21 4.97118e+27 0.001 10 25000 1.543e+14 297 4 1 1 
7.59928e+15 -2.34633e-10 -6.97925e-21 4.97118e+27 0.001 10 25000 1.543e+14 298 4 1 1 
7.67642e+15 -9.90127e-10 -2.70071e-20 4.97118e+27 0.001 10 25000 1.543e+14 299 4 1 1 
7.75357e+15 -3.73411e-09 -9.63538e-20 4.97118e+27 0.001 10 25000 1.543e+14 300 4 1 1 
7.83072e+15 -1.33796e-08 -3.2981e-19 4.97118e+27 0.001 10 25000 1.543e+14 301 4 1 1 
7.90787e+15 -4.5611e-08 -1.07128e-18 4.97118e+27 0.001 10 25000 1.543e+14 302 4 1 1 
7.98502e+15 -1.48292e-07 -3.33446e-18 4.97118e+27 0.001 10 25000 1.543e+14 303 4 1 1 
8.06217e+15 -4.61681e-07 -9.92986e-18 4.97118e+27 0.001 10 25000 1.543e+14 304 4 1 1 
8.13932e+15 -1.37908e-06 -2.84082e-17 4.97118e+27 0.001 10 25000 1.543e+14 305 4 1 1 
8.21647e+15 -3.96054e-06 -7.81522e-17 4.97118e+27 0.001 10 25000 1.543e+14 306 4 1 1 
8.29362e+15 -1.09526e-05 -2.07054e-16 4.97118e+27 0.001 10 25000 1.543e+14 307 4 1 1 
8.37077e+15 -2.92048e-05 -5.28867e-16 4.97118e+27 0.001 10 25000 1.543e+14 308 4 1 1 
8.44792e+15 -7.51694e-05 -1.30355e-15 4.97118e+27 0.001 10 25000 1.543e+14 309 4 1 1 
8.52507e+15 -0.00018693 -3.10283e-15 4.97118e+27 0.001 10 25000 1.543e+14 310 4 1 1 
8.60222e+15 -0.000449481 -7.13679e-15 4.97118e+27 0.001 10 25000 1.543e+14 311 4 1 1 
8.67937e+15 -0.00104574 -1.58703e-14 4.97118e+27 0.001 10 25000 1.543e+14 312 4 1 1 
8.75652e+15 -0.00235536 -3.41332e-14 4.97118e+27 0.001 10 25000 1.543e+14 313 4 1 1 
8.83367e+15 -0.00513836 -7.10261e-14 4.97118e+27 0.001 10.0001 25000 1.54299e+14 314 4 1 1 
8.91082e+15 -0.0108617 -1.43024e-13 4.97118e+27 0.00100001 10.0001 25000.1 1.54299e+14 315 4 1 1 
8.98797e+15 -0.0222547 -2.78749e-13 4.97118e+27 0.00100002 10.0002 25000.2 1.54297e+14 316 4 1 1 
9.06512e+15 -0.0442096 -5.25849e-13 4.97118e+27 0.00100003 10.0005 25000.3 1.54295e+14 317 4 1 1 
9.14227e+15 -0.0851676 -9.60147e-13 4.97118e+27 0.00100007 10.0009 25000.6 1.5429e+14 318 4 1 1 
9.21941e+15 -0.159132 -1.6966e-12 4.97118e+27 0.00100012 10.0017 25001.2 1.54281e+14 319 4 1 1 
9.29655e+15 -0.288401 -2.90038e-12 4.97118e+27 0.00100022 10.0031 25002.2 1.54266e+14 320 4 1 1 
9.37368e+15 -0.506962 -4.79441e-12 4.97118e+27 0.00100039 10.0054 25003.9 1.5424e+14 321 4 1 1 
9.45079e+15 -0.864218 -7.65704e-12 4.97118e+27 0.00100067 10.0093 25006.6 1.54197e+14 322 4 1 0.999999 
9.52787e+15 -1.42821 -1.18002e-11 4.97118e+27 0.00100111 10.0154 25011 1.54129e+14 323 4 1 0.999998 
9.60492e+15 -2.28683 -1.75163e-11 4.97118e+27 0.00100178 10.0248 25017.7 1.54026e+14 324 4 1 0.999997 
9.6819e+15 -3.54478 -2.49821e-11 4.97118e+27 0.00100277 10.0387 25027.6 1.53874e+14 325 4 1 0.999994 
9.75879e+15 -5.31335 -3.41202e-11 4.97118e+27 0.00100416 10.0582 25041.5 1.5366e+14 326 4 1 0.999989 
9.83556e+15 -7.69075 -4.44403e-11 4.97118e+27 0.00100606 10.0848 25060.4 1.53371e+14 327 4 1 0.999981 
9.91216e+15 -10.7329 -5.49227e-11 4.97118e+27 0.0010085 10.1191 25084.8 1.52999e+14 328 4 1 0.999972 
9.98856e+15 -14.4198 -6.40402e-11 4.97118e+27 0.00101149 10.1612 25114.6 1.52547e+14 329 4 1 0.999964 
1.00647e+16 -18.6275 -6.99927e-11 4.97118e+27 0.00101496 10.2101 25149.1 1.52026e+14 330 4 1 0.999959 
1.01406e+16 -23.1212 -7.11545e-11 4.97118e+27 0.00101872 10.2632 25186.5 1.51465e+14 331 4 1 0.999959 
1.02162e+16 -27.577 -6.65963e-11 4.97118e+27 0.00102252 10.317 25224.2 1.50901e+14 332 4 1 0.999966 
1.02915e+16 -31.6253 -5.57992e-11 4.97118e+27 0.00102606 10.3671 25259.3 1.50381e+14 333 4 1 0.99998 
1.03666e+16 -34.865 -3.90812e-11 4.97118e+27 0.00102891 10.4076 25287.5 1.49965e+14 334 4 1 1 
1.04415e+16 -36.2472 1.5644e-11 4.97118e+27 0.00102933 10.4152 25292.8 1.49903e+14 335 3 1 1 
1.05165e+16 -28.0441 2.86124e-10 4.97118e+27 0.00102125 10.3022 25214.4 1.5109e+14 336 4 1 0.999959 
1.05926e+16 -3.73928 4.10557e-10 4.97118e+27 0.00100375 10.053 25038.7 1.53724e+14 337 4 1 0.999265 
1.06702e+16 16.4444 1.98204e-10 4.97118e+27 0.000987815 9.82785 24876.7 1.56203e+14 338 4 1 0.999161 
1.07488e+16 25.5352 1.10308e-10 4.97118e+27 0.000978368 9.69834 24782.5 1.57712e+14 339 4 1 0.999699 
1.08279e+16 36.0676 2.04171e-10 4.97118e+27 0.000969007 9.57007 24688.7 1.59235e+14 340 4 1 0.999775 
1.0908e+16 52.2042 2.55361e-10 4.97118e+27 0.000956413 9.3958 24559.5 1.61332e+14 341 4 1 0.999547 
1.09893e+16 69.4149 2.39534e-10 4.97118e+27 0.000942751 9.20791 24418.1 1.6367e+14 342 4 1 0.999407 
1.10717e+16 85.7741 2.28299e-10 4.97118e+27 0.000929499 9.02729 24280.2 1.66003e+14 343 4 1 0.999425 
1.11553e+16 102.299 2.31709e-10 4.97118e+27 0.000916353 8.84919 24142.4 1.68385e+14 344 4 1 0.999427 
1.12401e+16 119.396 2.35333e-10 4.97118e+27 0.000902987 8.66901 24001 1.70877e+14 345 4 1 0.999392 
1.13262e+16 136.871 2.35485e-10 4.97118e+27 0.000889447 8.48756 23856.4 1.73478e+14 346 4 1 0.999356 
1.14136e+16 154.675 2.34716e-10 4.97118e+27 0.00087583 8.30619 23709.6 1.76176e+14 347 4 1 0.999329 
1.15023e+16 172.808 2.35021e-10 4.97118e+27 0.000862136 8.12497 23560.7 1.78974e+14 348 4 1 0.999301 
1.15926e+16 191.287 2.34727e-10 4.97118e+27 0.000848358 7.94376 23409.3 1.81881e+14 349 4 1 0.99927 
1.16842e+16 210.107 2.34461e-10 4.97118e+27 0.000834504 7.76275 23255.7 1.849e+14 350 4 1 0.999239 
1.17775e+16 229.288 2.34337e-10 4.97118e+27 0.000820571 7.58192 23099.6 1.8804e+14 351 4 1 0.999206 
1.18723e+16 248.806 2.33728e-10 4.97118e+27 0.000806565 7.40137 22941.1 1.91305e+14 352 4 1 0.99917 
1.19688e+16 268.733 2.32914e-10 4.97118e+27 0.000792502 7.22134 22780.3 1.947e+14 353 4 1 0.999135 
1.2067e+16 289.009 2.32685e-10 4.97118e+27 0.000778372 7.04174 22617 1.98234e+14 354 4 1 0.999097 
1.2167e+16 309.666 2.31358e-10 4.97118e+27 0.000764186 6.86274 22451.2 2.01914e+14 355 4 1 0.999057 
1.22689e+16 330.711 2.30856e-10 4.97118e+27 0.000749951 6.68445 22283.1 2.05747e+14 356 4 1 0.999017 
1.23728e+16 352.12 2.29244e-10 4.97118e+27 0.000735676 6.50701 22112.4 2.09739e+14 357 4 1 0.998973 
1.24787e+16 373.931 2.2769e-10 4.97118e+27 0.000721387 6.33076 21939.7 2.13894e+14 358 4 1 0.998932 
1.25867e+16 396.097 2.26178e-10 4.97118e+27 0.000707087 6.15578 21764.7 2.18219e+14 359 4 1 0.998889 
1.26969e+16 418.542 2.23147e-10 4.97118e+27 0.000692823 5.98264 21588 2.22712e+14 360 4 1 0.998848 
1.28095e+16 441.241 2.19392e-10 4.97118e+27 0.000678667 5.81221 21410.5 2.27357e+14 361 4 1 0.998818 
1.29243e+16 463.965 2.13063e-10 4.97118e+27 0.000664729 5.64579 21233.6 2.32125e+14 362 4 1 0.998801 
1.30416e+16 486.506 2.04581e-10 4.97118e+27 0.000651168 5.48519 21059.3 2.36959e+14 363 4 1 0.998812 
1.31613e+16 508.424 1.92511e-10 4.97118e+27 0.000638177 5.33261 20890.2 2.41782e+14 364 4 1 0.998855 
1.32834e+16 529.269 1.75738e-10 4.97118e+27 0.000626018 5.19091 20730.1 2.46478e+14 365 4 1 0.998943 
1.34078e+16 548.59 1.58143e-10 4.97118e+27 0.000614859 5.06185 20581.6 2.50952e+14 366 4 1 0.999068 
1.35344e+16 566.446 1.44645e-10 4.97118e+27 0.000604588 4.94392 20443.5 2.55215e+14 367 4 1 0.999184 
1.36631e+16 583.783 1.4485e-10 4.97118e+27 0.000594665 4.83076 20308.7 2.59474e+14 368 4 1 0.999232 
1.37939e+16 602.263 1.57283e-10 4.97118e+27 0.000584329 4.71367 20166.9 2.64063e+14 369 4 1 0.999162 
1.39271e+16 622.817 1.68522e-10 4.97118e+27 0.00057329 4.58945 20013.7 2.69148e+14 370 4 1 0.999008 
1.40631e+16 644.01 1.58983e-10 4.97118e+27 0.000562247 4.4661 19858.5 2.74434e+14 371 4 1 0.998928 
1.42016e+16 662.706 1.22509e-10 4.97118e+27 0.000552696 4.36019 19722.8 2.79177e+14 372 4 1 0.999112 
1.43423e+16 675.349 6.34472e-11 4.97118e+27 0.000546232 4.28894 19630.3 2.82481e+14 373 4 1 0.999536 
1.44841e+16 679.934 4.36848e-12 4.97118e+27 0.000543544 4.25952 19591.8 2.83878e+14 374 4 1 0.999907 
1.46261e+16 679.493 -2.77448e-12 4.97118e+27 0.000543206 4.25593 19587.1 2.84055e+14 375 5 1 0.999998 
1.47681e+16 679.251 -4.10796e-12 4.97118e+27 0.000543374 4.25782 19589.7 2.83966e+14 376 4 1 0.999999 
1.49101e+16 678.623 -5.36522e-12 4.97118e+27 0.000543638 4.26074 19593.6 2.83828e+14 377 4 1 0.999999 
1.5052e+16 677.895 -5.526e-12 4.97118e+27 0.000543996 4.2647 19598.9 2.83642e+14 378 4 1 0.999999 
1.51937e+16 677.159 -4.99731e-12 4.97118e+27 0.000544367 4.26881 19604.4 2.83448e+14 379 4 1 0.999999 
1.53354e+16 676.504 -4.23666e-12 4.97118e+27 0.000544711 4.27262 19609.6 2.8327e+14 380 4 1 0.999999 
1.5477e+16 675.96 -3.41514e-12 4.97118e+27 0.000545003 4.27587 19614 2.83117e+14 381 4 1 0.999999 
1.56185e+16 675.524 -2.67683e-12 4.97118e+27 0.00054524 4.27852 19617.6 2.82995e+14 382 4 1 1 
1.576e+16 675.18 -2.09853e-12 4.97118e+27 0.000545426 4.28061 19620.5 2.82898e+14 383 4 1 1 
1.59014e+16 674.91 -1.66811e-12 4.97118e+27 0.000545571 4.28225 19622.8 2.82823e+14 384 4 1 1 
1.60428e+16 674.694 -1.35246e-12 4.97118e+27 0.000545684 4.28356 19624.7 2.82764e+14 385 4 1 1 
1.61842e+16 674.516 -1.13329e-12 4.97118e+27 0.000545774 4.28462 19626.3 2.82718e+14 386 4 1 1 
1.63255e+16 674.366 -9.82382e-13 4.97118e+27 0.000545847 4.28551 19627.8 2.8268e+14 387 4 1 1 
1.64669e+16 674.235 -8.66645e-13 4.97118e+27 0.000545908 4.28627 19629.1 2.82648e+14 388 4 1 1 
1.66082e+16 674.12 -7.70102e-13 4.97118e+27 0.000545959 4.28694 19630.3 2.82622e+14 389 4 1 1 
1.67495e+16 674.015 -6.88215e-13 4.97118e+27 0.000546001 4.28754 19631.5 2.826e+14 390 4 1 1 
1.68908e+16 673.922 -6.15748e-13 4.97118e+27 0.000546035 4.28807 19632.7 2.82582e+14 391 4 1 1 
1.70321e+16 673.838 -5.48806e-13 4.97118e+27 0.000546062 4.28854 19633.9 2.82569e+14 392 4 1 1 
1.71734e+16 673.763 -4.87258e-13 4.97118e+27 0.000546079 4.28894 19635.2 2.8256e+14 393 3 1 1 
1.73146e+16 673.695 -4.31526e-13 4.97118e+27 0.000546076 4.2892 19636.5 2.82561e+14 394 4 1 1 
1.74559e+16 673.635 -3.81309e-13 4.97118e+27 0.000545998 4.2889 19637.9 2.82602e+14 395 4 1 1 
1.75972e+16 673.581 -3.36613e-13 4.97118e+27 0.000545598 4.28657 19641.6 2.82809e+14 396 4 1 0.999999 
1.77387e+16 673.532 -2.97669e-13 4.97118e+27 0.000543989 4.26924 19620.1 2.83646e+14 397 4 1 0.999987 
1.78809e+16 673.488 -2.63875e-13 4.97118e+27 0.000530876 4.1147 19376.9 2.90652e+14 398 4 1 0.99967 
1.80295e+16 673.446 -2.33246e-13 4.97118e+27 0.000506801 4.40161 21712.7 3.04459e+14 399 4 1 0.994711 
1.81856e+16 673.406 -2.05259e-13 4.97118e+27 0.00048127 4.15537 21585.4 3.2061e+14 400 4 1 0.993703 
1.83504e+16 673.367 -1.79328e-13 4.97118e+27 0.000458788 4.49996 24520.9 3.36321e+14 401 4 1 0.993697 
1.85221e+16 673.33 -1.54811e-13 4.97118e+27 0.000450176 4.30537 23909.4 3.42755e+14 402 5 1 0.99866 
1.86932e+16 673.295 -1.31486e-13 4.97118e+27 0.000451775 4.28868 23732.4 3.41541e+14 403 4 1 0.999967 
1.88636e+16 673.262 -1.0846e-13 4.97118e+27 0.0004534 4.28828 23645.1 3.40318e+14 404 4 1 0.999986 
1.90335e+16 673.231 -8.60455e-14 4.97118e+27 0.000454489 4.28965 23596 3.39502e+14 405 4 1 0.999994 
1.92031e+16 673.201 -6.3897e-14 4.97118e+27 0.000455188 4.29049 23564.4 3.38981e+14 406 4 1 0.999997 
1.93725e+16 673.171 -3.83139e-14 4.97118e+27 0.000455659 4.29091 23542.3 3.3863e+14 407 4 1 0.999999 
1.95417e+16 673.139 6.91394e-16 4.97118e+27 0.000455992 4.29112 23526.3 3.38383e+14 408 4 1 0.999999 
1.97109e+16 673.098 8.93889e-14 4.97118e+27 0.000456229 4.29114 23514.2 3.38207e+14 409 4 1 1 
1.98799e+16 673.03 3.28252e-13 4.97118e+27 0.000456386 4.29084 23504.4 3.38091e+14 410 4 1 1 
2.0049e+16 672.87 1.06042e-12 4.97118e+27 0.000456437 4.28967 23495.4 3.38053e+14 411 3 1 1 
2.0218e+16 672.426 3.34901e-12 4.97118e+27 0.000456257 4.28585 23483.7 3.38187e+14 412 4 1 1 
2.03872e+16 671.116 9.9516e-12 4.97118e+27 0.000455472 4.2744 23461.2 3.3877e+14 413 4 1 0.999995 
2.05568e+16 667.36 2.82146e-11 4.97118e+27 0.000453129 4.24274 23407.7 3.40521e+14 414 4 1 0.999953 
2.07277e+16 657.668 6.98368e-11 4.97118e+27 0.00044718 4.16412 23279.3 3.45051e+14 415 4 1 0.999675 
2.09019e+16 634.163 1.63012e-10 4.97118e+27 0.00043412 3.99341 22996.1 3.55432e+14 416 4 1 0.99835 
2.10833e+16 586.272 3.12363e-10 4.97118e+27 0.000409646 3.67752 22441.2 3.76667e+14 417 4 1 0.993952 
2.12791e+16 487.495 6.77753e-10 4.97118e+27 0.000368635 3.15881 21420.5 4.18571e+14 418 4 1 0.983774 
2.15044e+16 305.287 1.00326e-09 4.97118e+27 0.000317255 2.53696 19992.4 4.8636e+14 419 4 1 0.965895 
2.17704e+16 116.607 7.17317e-10 4.97118e+27 0.000275924 2.06815 18741.3 5.59213e+14 420 4 1 0.962163 
2.20665e+16 21.8965 2.26311e-10 4.97118e+27 0.00025604 1.85646 18128.4 6.0264e+14 421 4 1 0.985009 
2.23735e+16 0.980597 2.52212e-11 4.97118e+27 0.000250662 1.80161 17969 6.1557e+14 422 4 1 0.998428 
2.26821e+16 -0.276369 -1.70173e-12 4.97118e+27 0.000249984 1.79483 17949.5 6.17241e+14 423 5 1 0.999971 
2.29907e+16 -0.00688162 -3.39051e-13 4.97118e+27 0.000249991 1.79491 17949.8 6.17221e+14 424 4 1 1 
2.32993e+16 0.00501918 2.49663e-14 4.97118e+27 0.000250001 1.79501 17950 6.17198e+14 425 3 1 1 
2.36079e+16 0.00140528 9.56921e-15 4.97118e+27 0.00025 1.795 17950 6.17199e+14 426 4 1 1 
2.39165e+16 0.00031438 2.32825e-15 4.97118e+27 0.00025 1.795 17950 6.172e+14 427 4 1 1 
2.42251e+16 6.52312e-05 5.07172e-16 4.97118e+27 0.00025 1.795 17950 6.172e+14 428 4 1 1 
2.45337e+16 1.28394e-05 1.04288e-16 4.97118e+27 0.00025 1.795 17950 6.172e+14 429 4 1 1 
2.48423e+16 2.39781e-06 2.03921e-17 4.97118e+27 0.00025 1.795 17950 6.172e+14 430 4 1 1 
2.51509e+16 4.23669e-07 3.77964e-18 4.97118e+27 0.00025 1.795 17950 6.172e+14 431 4 1 1 
2.54595e+16 7.06529e-08 6.61779e-19 4.97118e+27 0.00025 1.795 17950 6.172e+14 432 4 1 1 
2.57681e+16 1.10797e-08 1.09135e-19 4.97118e+27 0.00025 1.795 17950 6.172e+14 433 4 1 1 
2.60767e+16 1.63025e-09 1.69135e-20 4.97118e+27 0.00025 1.795 17950 6.172e+14 434 4 1 1 
2.63853e+16 2.28419e-10 2.46917e-21 4.97118e+27 0.00025 1.795 17950 6.172e+14 435 4 1 1 
2.66939e+16 2.06562e-11 3.43068e-22 4.97118e+27 0.00025 1.795 17950 6.172e+14 436 4 1 1 
2.70025e+16 1.3259e-12 1.47358e-23 4.97118e+27 0.00025 1.795 17950 6.172e+14 437 5 1 1 
2.73111e+16 1.29996e-13 1.84198e-24 4.97118e+27 0.00025 1.795 17950 6.172e+14 438 5 1 1 
2.76197e+16 -6.13239e-44 3.63266e-55 4.97118e+27 0.00025 1.795 17950 6.172e+14 439 5 1 1 
2.79283e+16 -2.38113e-13 -4.60494e-25 4.97118e+27 0.00025 1.795 17950 6.172e+14 440 5 1 1 
2.82369e+16 -5.83224e-13 -4.60494e-25 4.97118e+27 0.00025 1.795 17950 6.172e+14 441 5 1 1 
2.85455e+16 -1.15115e-12 -4.60494e-25 4.97118e+27 0.00025 1.795 17950 6.172e+14 442 5 1 1 
2.88541e+16 -2.09981e-12 -4.54082e-55 4.97118e+27 0.00025 1.795 17950 6.172e+14 443 5 1 1 
2.91627e+16 -3.32858e-12 -9.20989e-25 4.97118e+27 0.00025 1.795 17950 6.172e+14 444 5 1 1 
2.94713e+16 -4.90893e-12 4.99491e-54 4.97118e+27 0.00025 1.795 17950 6.172e+14 445 5 1 1 
2.97799e+16 2.16285e-12 1.01309e-23 4.97118e+27 0.00025 1.795 17950 6.172e+14 446 5 1 1 
3.00885e+16 -3.72471e-12 1.01309e-23 4.97118e+27 0.00025 1.795 17950 6.172e+14 447 5 1 1 
3.03971e+16 2.22433e-12 -1.01309e-23 4.97118e+27 0.00025 1.795 17950 6.172e+14 448 5 1 1 
3.07057e+16 -6.55458e-12 -9.20989e-24 4.97118e+27 0.00025 1.795 17950 6.172e+14 449 3 1 1 
3.10143e+16 6.55458e-12 9.20989e-24 4.97118e+27 0.00025 1.795 17950 6.172e+14 450 3 1 1 
3.13229e+16 -2.22433e-12 1.01309e-23 4.97118e+27 0.00025 1.795 17950 6.172e+14 451 5 1 1 
3.16315e+16 3.72471e-12 -1.01309e-23 4.97118e+27 0.00025 1.795 17950 6.172e+14 452 5 1 1 
3.19401e+16 -2.16285e-12 -1.01309e-23 4.97118e+27 0.00025 1.795 17950 6.172e+14 453 5 1 1 
3.22487e+16 4.90893e-12 -4.99491e-54 4.97118e+27 0.00025 1.795 17950 6.172e+14 454 5 1 1 
3.25573e+16 3.32858e-12 9.20989e-25 4.97118e+27 0.00025 1.795 17950 6.172e+14 455 5 1 1 
3.28659e+16 2.09981e-12 4.54082e-55 4.97118e+27 0.00025 1.795 17950 6.172e+14 456 5 1 1 
3.31745e+16 1.15115e-12 4.60494e-25 4.97118e+27 0.00025 1.795 17950 6.172e+14 457 5 1 1 
3.34831e+16 5.83224e-13 4.60494e-25 4.97118e+27 0.00025 1.795 17950 6.172e+14 458 5 1 1 
3.37917e+16 2.38113e-13 4.60494e-25 4.97118e+27 0.00025 1.795 17950 6.172e+14 459 5 1 1 
3.41003e+16 5.79054e-44 -3.63266e-55 4.97118e+27 0.00025 1.795 17950 6.172e+14 460 5 1 1 
3.44089e+16 -1.5167e-13 -2.30247e-24 4.97118e+27 0.00025 1.795 17950 6.172e+14 461 5 1 1 
3.47175e+16 -1.73748e-12 -1.33543e-23 4.97118e+27 0.00025 1.795 17950 6.172e+14 462 5 1 1 
3.50261e+16 -1.40608e-11 -2.73073e-22 4.97118e+27 0.00025 1.795 17950 6.172e+14 463 4 1 1 
3.53347e+16 -2.25994e-10 -2.54976e-21 4.97118e+27 0.00025 1.795 17950 6.172e+14 464 4 1 1 
3.56433e+16 -1.63676e-09 -1.7036e-20 4.97118e+27 0.00025 1.795 17950 6.172e+14 465 4 1 1 
3.59519e+16 -1.10905e-08 -1.08812e-19 4.97118e+27 0.00025 1.795 17950 6.172e+14 466 4 1 1 
3.62605e+16 -7.05964e-08 -6.62017e-19 4.97118e+27 0.00025 1.795 17950 6.172e+14 467 4 1 1 
3.65691e+16 -4.23714e-07 -3.77951e-18 4.97118e+27 0.00025 1.795 17950 6.172e+14 468 4 1 1 
3.68777e+16 -2.39783e-06 -2.03923e-17 4.97118e+27 0.00025 1.795 17950 6.172e+14 469 4 1 1 
3.71863e+16 -1.28394e-05 -1.04288e-16 4.97118e+27 0.00025 1.795 17950 6.172e+14 470 4 1 1 
3.74949e+16 -6.52313e-05 -5.07171e-16 4.97118e+27 0.00025 1.795 17950 6.172e+14 471 4 1 1 
3.78035e+16 -0.00031438 -2.32825e-15 4.97118e+27 0.00025 1.795 17950 6.172e+14 472 4 1 1 
3.81121e+16 -0.00140528 -9.56921e-15 4.97118e+27 0.00025 1.795 17950 6.17199e+14 473 4 1 1 
3.84207e+16 -0.00501918 -2.49663e-14 4.97118e+27 0.000250001 1.79501 17950 6.17198e+14 474 3 1 1 
3.87293e+16 0.00688162 3.39051e-13 4.97118e+27 0.000249991 1.79491 17949.8 6.17221e+14 475 4 1 1 
3.90379e+16 0.276369 1.70173e-12 4.97118e+27 0.000249984 1.79483 17949.5 6.17241e+14 476 5 1 0.999971 
3.93465e+16 -0.980597 -2.52212e-11 4.97118e+27 0.000250662 1.80161 17969 6.1557e+14 477 4 1 0.998428 
3.96535e+16 -21.8965 -2.26311e-10 4.97118e+27 0.00025604 1.85646 18128.4 6.0264e+14 478 4 1 0.985009 
3.99496e+16 -116.607 -7.17317e-10 4.97118e+27 0.000275924 2.06815 18741.3 5.59213e+14 479 4 1 0.962163 
4.02156e+16 -305.287 -1.00326e-09 4.97118e+27 0.000317255 2.53696 19992.4 4.8636e+14 480 4 1 0.965895 
4.04409e+16 -487.495 -6.77753e-10 4.97118e+27 0.000368635 3.15881 21420.5 4.18571e+14 481 4 1 0.983774 
4.06367e+16 -586.272 -3.12363e-10 4.97118e+27 0.000409646 3.67752 22441.2 3.76667e+14 482 4 1 0.993952 
4.08181e+16 -634.163 -1.63012e-10 4.97118e+27 0.00043412 3.99341 22996.1 3.55432e+14 483 4 1 0.99835 
4.09923e+16 -657.668 -6.98368e-11 4.97118e+27 0.00044718 4.16412 23279.3 3.45051e+14 484 4 1 0.999675 
4.11632e+16 -667.36 -2.82146e-11 4.97118e+27 0.000453129 4.24274 23407.7 3.40521e+14 485 4 1 0.999953 
4.13328e+16 -671.116 -9.9516e-12 4.97118e+27 0.000455472 4.2744 23461.2 3.3877e+14 486 4 1 0.999995 
4.1502e+16 -672.426 -3.34901e-12 4.97118e+27 0.000456257 4.28585 23483.7 3.38187e+14 487 4 1 1 
4.1671e+16 -672.87 -1.06042e-12 4.97118e+27 0.000456437 4.28967 23495.4 3.38053e+14 488 3 1 1 
4.18401e+16 -673.03 -3.28252e-13 4.97118e+27 0.000456386 4.29084 23504.4 3.38091e+14 489 4 1 1 
4.20091e+16 -673.098 -8.93889e-14 4.97118e+27 0.000456229 4.29114 23514.2 3.38207e+14 490 4 1 1 
4.21783e+16 -673.139 -6.91395e-16 4.97118e+27 0.000455992 4.29112 23526.3 3.38383e+14 491 4 1 0.999999 
4.23475e+16 -673.171 3.83139e-14 4.97118e+27 0.000455659 4.29091 23542.3 3.3863e+14 492 4 1 0.999999 
4.25169e+16 -673.201 6.3897e-14 4.97118e+27 0.000455188 4.29049 23564.4 3.38981e+14 493 4 1 0.999997 
4.26865e+16 -673.231 8.60455e-14 4.97118e+27 0.000454489 4.28965 23596 3.39502e+14 494 4 1 0.999994 
4.28564e+16 -673.262 1.0846e-13 4.97118e+27 0.0004534 4.28828 23645.1 3.40318e+14 495 4 1 0.999986 
4.30268e+16 -673.295 1.31486e-13 4.97118e+27 0.000451775 4.28868 23732.4 3.41541e+14 496 4 1 0.999967 
4.31979e+16 -673.33 1.54811e-13 4.97118e+27 0.000450176 4.30537 23909.4 3.42755e+14 497 5 1 0.99866 
4.33696e+16 -673.367 1.79328e-13 4.97118e+27 0.000458788 4.49996 24520.9 3.36321e+14 498 4 1 0.993697 
4.35344e+16 -673.406 2.05259e-13 4.97118e+27 0.00048127 4.15537 21585.4 3.2061e+14 499 4 1 0.993703 
