# Time [s]: 0.140587
# Columns: pos [m], vel [m/s], acc [m/s^2], mass [kg], dens [kg/m^3], pres [Pa], ene [J/kg], sml [m], id, neighbor, alpha, gradh, ...additional?
1.40754 -0.67337 0.00543761 0.0025 0.506846 0.440216 2.17135 0.00986493 0 4 1 0.994709 
1.41236 -0.673402 0.00613331 0.0025 0.530928 0.411526 1.93777 0.00941748 1 4 1 0.999669 
1.41696 -0.673435 0.00687667 0.0025 0.544047 0.426988 1.96209 0.00919039 2 4 1 0.999987 
1.42155 -0.673471 0.00770762 0.0025 0.545663 0.428728 1.96425 0.00916317 3 4 1 0.999999 
1.42613 -0.673512 0.00864733 0.0025 0.54607 0.428969 1.96389 0.00915634 4 4 1 1 
1.4307 -0.673556 0.00971499 0.0025 0.546156 0.429008 1.96376 0.00915489 5 4 1 1 
1.43528 -0.673606 0.0109359 0.0025 0.546168 0.428993 1.96365 0.00915469 6 3 1 1 
1.43986 -0.673661 0.0123376 0.0025 0.546162 0.428963 1.96354 0.0091548 7 4 1 1 
1.44444 -0.673722 0.0139251 0.0025 0.546147 0.428929 1.96343 0.00915505 8 4 1 1 
1.44901 -0.673791 0.0156654 0.0025 0.546125 0.42889 1.96333 0.00915541 9 4 1 1 
1.45359 -0.673868 0.0175471 0.0025 0.546097 0.428846 1.96323 0.00915587 10 4 1 1 
1.45817 -0.673954 0.0196371 0.0025 0.546063 0.428797 1.96313 0.00915645 11 4 1 1 
1.46275 -0.674051 0.0220115 0.0025 0.546021 0.428742 1.96303 0.00915715 12 4 1 1 
1.46733 -0.674158 0.0247266 0.0025 0.545972 0.42868 1.96292 0.00915797 13 4 1 1 
1.4719 -0.674279 0.0279857 0.0025 0.545915 0.42861 1.9628 0.00915894 14 4 1 1 
1.47648 -0.674416 0.0321905 0.0025 0.545847 0.428528 1.96268 0.00916008 15 4 1 1 
1.48106 -0.674577 0.037808 0.0025 0.545764 0.428432 1.96253 0.00916146 16 4 1 1 
1.48565 -0.67477 0.0455643 0.0025 0.545663 0.428317 1.96237 0.00916316 17 4 1 1 
1.49023 -0.675007 0.0565613 0.0025 0.545537 0.428173 1.96216 0.00916529 18 4 1 1 
1.49481 -0.675304 0.0714332 0.0025 0.545376 0.427993 1.96191 0.00916798 19 4 1 1 
1.4994 -0.675677 0.0898662 0.0025 0.545173 0.427766 1.96161 0.0091714 20 4 1 1 
-0.496017 -0.676143 0.111483 0.0025 0.544922 0.427487 1.96123 0.00917562 21 4 1 0.999999 
-0.491428 -0.676707 0.134533 0.0025 0.544623 0.427156 1.96078 0.00918066 22 4 1 0.999999 
-0.486837 -0.677352 0.152468 0.0025 0.544287 0.426784 1.96029 0.00918633 23 4 1 0.999999 
-0.482242 -0.678035 0.155144 0.0025 0.543945 0.426405 1.95978 0.00919211 24 4 1 0.999999 
-0.477644 -0.678675 0.141813 0.0025 0.543643 0.426071 1.95934 0.00919722 25 4 1 0.999999 
-0.473045 -0.67915 0.0739875 0.0025 0.54345 0.425859 1.95905 0.00920047 26 4 1 1 
-0.468444 -0.679386 0.164724 0.0025 0.543336 0.425727 1.95887 0.00920242 27 5 1 0.999994 
-0.463842 -0.679168 -0.517548 0.0025 0.544014 0.42646 1.95982 0.00919095 28 4 1 0.999869 
-0.459253 -0.673234 -2.20145 0.0025 0.547262 0.430023 1.96448 0.0091364 29 4 1 0.999527 
-0.454706 -0.660226 -3.70814 0.0025 0.553885 0.43733 1.97396 0.00902714 30 4 1 0.999185 
-0.450225 -0.642353 -4.63793 0.0025 0.563081 0.447533 1.98701 0.00887972 31 4 1 0.999042 
-0.445825 -0.62241 -4.88966 0.0025 0.573521 0.459199 2.00167 0.00871808 32 4 1 0.999103 
-0.441506 -0.602998 -4.62941 0.0025 0.583979 0.470966 2.01619 0.00856195 33 4 1 0.999238 
-0.437263 -0.585291 -4.25421 0.0025 0.59381 0.482101 2.02969 0.0084202 34 4 1 0.999314 
-0.433086 -0.568861 -4.1897 0.0025 0.603176 0.492774 2.04242 0.00828946 35 4 1 0.999298 
-0.428973 -0.552316 -4.45402 0.0025 0.612686 0.50368 2.05523 0.00816079 36 4 1 0.999218 
-0.424924 -0.534702 -4.90182 0.0025 0.622849 0.515414 2.0688 0.00802763 37 4 1 0.999122 
-0.420944 -0.515785 -5.33209 0.0025 0.63384 0.528191 2.08332 0.00788843 38 4 1 0.999041 
-0.417035 -0.49583 -5.70152 0.0025 0.645582 0.54194 2.09867 0.00774495 39 4 1 0.998997 
-0.413199 -0.475288 -5.94181 0.0025 0.65788 0.556449 2.11457 0.00760017 40 4 1 0.998981 
-0.409434 -0.454442 -6.1242 0.0025 0.67054 0.571498 2.13075 0.00745667 41 4 1 0.998986 
-0.405741 -0.433567 -6.24965 0.0025 0.683432 0.586939 2.14704 0.00731602 42 4 1 0.999007 
-0.402118 -0.412812 -6.32634 0.0025 0.696445 0.602644 2.1633 0.00717931 43 4 1 0.999033 
-0.398561 -0.392294 -6.40613 0.0025 0.709525 0.618548 2.17945 0.00704697 44 4 1 0.999067 
-0.39507 -0.372059 -6.43067 0.0025 0.722619 0.634588 2.19545 0.00691927 45 4 1 0.999101 
-0.391641 -0.352117 -6.47782 0.0025 0.735696 0.650722 2.21126 0.00679628 46 4 1 0.999135 
-0.388273 -0.332512 -6.5033 0.0025 0.748754 0.666947 2.22687 0.00667776 47 4 1 0.999167 
-0.384963 -0.313213 -6.53384 0.0025 0.761777 0.683244 2.24228 0.0065636 48 4 1 0.999199 
-0.381709 -0.294258 -6.55835 0.0025 0.774765 0.699608 2.25749 0.00645357 49 4 1 0.99923 
-0.378509 -0.275611 -6.57275 0.0025 0.787706 0.716021 2.2725 0.00634754 50 4 1 0.99926 
-0.375361 -0.257253 -6.58438 0.0025 0.80059 0.73247 2.28729 0.00624539 51 4 1 0.999288 
-0.372263 -0.239236 -6.61165 0.0025 0.813428 0.748964 2.30189 0.00614683 52 4 1 0.999315 
-0.369214 -0.221505 -6.61057 0.0025 0.82621 0.765492 2.31629 0.00605173 53 4 1 0.999341 
-0.366211 -0.20408 -6.62952 0.0025 0.838931 0.782043 2.33048 0.00595996 54 4 1 0.999366 
-0.363253 -0.186958 -6.63243 0.0025 0.851595 0.79862 2.34449 0.00587133 55 4 1 0.999391 
-0.360339 -0.170086 -6.6312 0.0025 0.864188 0.815201 2.3583 0.00578578 56 4 1 0.999413 
-0.357467 -0.153531 -6.64313 0.0025 0.876717 0.831795 2.37191 0.00570309 57 4 1 0.999436 
-0.354636 -0.137248 -6.63804 0.0025 0.889181 0.848396 2.38534 0.00562315 58 4 1 0.999457 
-0.351844 -0.121231 -6.64455 0.0025 0.901574 0.864997 2.39858 0.00554586 59 4 1 0.999478 
-0.34909 -0.105463 -6.64164 0.0025 0.913891 0.881588 2.41164 0.00547111 60 4 1 0.999507 
-0.346372 -0.090072 -6.51244 0.0025 0.926037 0.898035 2.4244 0.00539935 61 4 1 0.999535 
-0.34369 -0.0752239 -6.4095 0.0025 0.93797 0.914263 2.43684 0.00533066 62 4 1 0.999522 
-0.341042 -0.0603501 -6.8594 0.0025 0.950098 0.930849 2.44939 0.00526262 63 4 1 0.999504 
-0.338427 -0.044542 -7.27365 0.0025 0.962659 0.948187 2.46235 0.00519395 64 4 1 0.999648 
-0.335847 -0.0301034 -5.42765 0.0025 0.973929 0.963812 2.47386 0.00513385 65 4 1 0.999836 
-0.333293 -0.0213655 -2.78613 0.0025 0.981979 0.974828 2.48188 0.00509176 66 4 1 0.999741 
-0.330756 -0.013083 -5.98405 0.0025 0.990633 0.986719 2.49051 0.00504728 67 4 1 0.999256 
-0.328246 0.0063083 -11.9029 0.0025 1.00568 1.00803 2.50581 0.00497174 68 4 1 0.999414 
-0.325783 0.0282341 -7.55497 0.0025 1.02155 1.03062 2.52172 0.00489452 69 4 1 0.999978 
-0.323351 0.0348277 -0.222989 0.0025 1.02837 1.04013 2.5283 0.00486207 70 3 1 1 
-0.320921 0.0334103 1.11971 0.0025 1.02775 1.03911 2.5276 0.00486501 71 4 1 1 
-0.318486 0.0304508 1.56318 0.0025 1.02513 1.0354 2.52501 0.00487741 72 4 1 0.999983 
-0.316044 0.0267671 1.86871 0.0025 1.02191 1.03083 2.52182 0.00489279 73 4 1 0.999972 
-0.313593 0.0226966 2.00746 0.0025 1.01843 1.02591 2.51836 0.00490953 74 4 1 0.999966 
-0.311134 0.0185539 1.99644 0.0025 1.01495 1.02099 2.5149 0.00492636 75 4 1 0.999965 
-0.308667 0.014621 1.85508 0.0025 1.0117 1.01641 2.51166 0.00494219 76 4 1 0.999969 
-0.306192 0.0111124 1.62228 0.0025 1.00883 1.01238 2.50881 0.00495622 77 4 1 0.999975 
-0.303711 0.00815385 1.34312 0.0025 1.00645 1.00903 2.50643 0.00496797 78 4 1 0.999982 
-0.301224 0.00578366 1.05826 0.0025 1.00455 1.00637 2.50454 0.00497735 79 4 1 0.999989 
-0.298733 0.0039712 0.797173 0.0025 1.00311 1.00435 2.5031 0.00498449 80 4 1 0.999993 
-0.29624 0.00264286 0.576367 0.0025 1.00206 1.00288 2.50206 0.0049897 81 4 1 0.999996 
-0.293744 0.00170659 0.401251 0.0025 1.00133 1.00185 2.50132 0.00499337 82 4 1 0.999998 
-0.291246 0.00107017 0.269638 0.0025 1.00083 1.00116 2.50083 0.00499585 83 4 1 0.999999 
-0.288748 0.000652096 0.175226 0.0025 1.0005 1.0007 2.5005 0.00499748 84 4 1 1 
-0.286249 0.000386262 0.110268 0.0025 1.0003 1.00042 2.5003 0.00499851 85 4 1 1 
-0.283749 0.00022247 0.0672572 0.0025 1.00017 1.00024 2.50017 0.00499914 86 4 1 1 
-0.28125 0.000124603 0.0397868 0.0025 1.0001 1.00013 2.5001 0.00499952 87 4 1 1 
-0.27875 6.78681e-05 0.0228363 0.0025 1.00005 1.00007 2.50005 0.00499974 88 4 1 1 
-0.27625 3.59467e-05 0.0127207 0.0025 1.00003 1.00004 2.50003 0.00499986 89 4 1 1 
-0.27375 1.85123e-05 0.00687777 0.0025 1.00001 1.00002 2.50001 0.00499993 90 4 1 1 
-0.27125 9.26841e-06 0.00360958 0.0025 1.00001 1.00001 2.50001 0.00499996 91 4 1 1 
-0.26875 4.51027e-06 0.00183877 0.0025 1 1 2.5 0.00499998 92 4 1 1 
-0.26625 2.13278e-06 0.000909109 0.0025 1 1 2.5 0.00499999 93 4 1 1 
-0.26375 9.79737e-07 0.000436173 0.0025 1 1 2.5 0.005 94 4 1 1 
-0.26125 4.37061e-07 0.000203032 0.0025 1 1 2.5 0.005 95 4 1 1 
-0.25875 1.89264e-07 9.16663e-05 0.0025 1 1 2.5 0.005 96 4 1 1 
-0.25625 7.95215e-08 4.0128e-05 0.0025 1 1 2.5 0.005 97 4 1 1 
-0.25375 3.24006e-08 1.70252e-05 0.0025 1 1 2.5 0.005 98 4 1 1 
-0.25125 1.27937e-08 6.99714e-06 0.0025 1 1 2.5 0.005 99 4 1 1 
-0.24875 4.89204e-09 2.784e-06 0.0025 1 1 2.5 0.005 100 4 1 1 
-0.24625 1.8099e-09 1.07156e-06 0.0025 1 1 2.5 0.005 101 4 1 1 
-0.24375 6.4721e-10 3.98641e-07 0.0025 1 1 2.5 0.005 102 4 1 1 
-0.24125 2.23405e-10 1.43192e-07 0.0025 1 1 2.5 0.005 103 4 1 1 
-0.23875 7.43465e-11 4.96024e-08 0.0025 1 1 2.5 0.005 104 4 1 1 
-0.23625 2.37963e-11 1.65402e-08 0.0025 1 1 2.5 0.005 105 4 1 1 
-0.23375 7.31964e-12 5.29519e-09 0.0025 1 1 2.5 0.005 106 4 1 1 
-0.23125 2.15357e-12 1.63749e-09 0.0025 1 1 2.5 0.005 107 4 1 1 
-0.22875 6.04682e-13 4.78565e-10 0.0025 1 1 2.5 0.005 108 4 1 1 
-0.22625 1.59374e-13 1.30683e-10 0.0025 1 1 2.5 0.005 109 4 1 1 
-0.22375 4.01365e-14 3.51861e-11 0.0025 1 1 2.5 0.005 110 4 1 1 
-0.22125 4.96784e-15 1.28466e-11 0.0025 1 1 2.5 0.005 111 4 1 1 
-0.21875 -1.73721e-16 -6.82121e-13 0.0025 1 1 2.5 0.005 112 5 1 1 
-0.21625 -1.20534e-32 -3.9443e-29 0.0025 1 1 2.5 0.005 113 5 1 1 
-0.21375 0 0 0.0025 1 1 2.5 0.005 114 5 1 1 
-0.21125 0 0 0.0025 1 1 2.5 0.005 115 5 1 1 
-0.20875 0 0 0.0025 1 1 2.5 0.005 116 5 1 1 
-0.20625 0 0 0.0025 1 1 2.5 0.005 117 5 1 1 
-0.20375 0 0 0.0025 1 1 2.5 0.005 118 5 1 1 
-0.20125 0 0 0.0025 1 1 2.5 0.005 119 5 1 1 
-0.19875 0 0 0.0025 1 1 2.5 0.005 120 5 1 1 
-0.19625 0 0 0.0025 1 1 2.5 0.005 121 5 1 1 
-0.19375 0 0 0.0025 1 1 2.5 0.005 122 5 1 1 
-0.19125 0 0 0.0025 1 1 2.5 0.005 123 5 1 1 
-0.18875 0 0 0.0025 1 1 2.5 0.005 124 5 1 1 
-0.18625 0 0 0.0025 1 1 2.5 0.005 125 5 1 1 
-0.18375 0 0 0.0025 1 1 2.5 0.005 126 5 1 1 
-0.18125 0 0 0.0025 1 1 2.5 0.005 127 5 1 1 
-0.17875 0 0 0.0025 1 1 2.5 0.005 128 5 1 1 
-0.17625 0 0 0.0025 1 1 2.5 0.005 129 5 1 1 
-0.17375 0 0 0.0025 1 1 2.5 0.005 130 5 1 1 
-0.17125 0 0 0.0025 1 1 2.5 0.005 131 5 1 1 
-0.16875 0 0 0.0025 1 1 2.5 0.005 132 5 1 1 
-0.16625 0 0 0.0025 1 1 2.5 0.005 133 5 1 1 
-0.16375 0 0 0.0025 1 1 2.5 0.005 134 5 1 1 
-0.16125 0 0 0.0025 1 1 2.5 0.005 135 5 1 1 
-0.15875 0 0 0.0025 1 1 2.5 0.005 136 5 1 1 
-0.15625 0 0 0.0025 1 1 2.5 0.005 137 5 1 1 
-0.15375 0 0 0.0025 1 1 2.5 0.005 138 5 1 1 
-0.15125 0 0 0.0025 1 1 2.5 0.005 139 5 1 1 
-0.14875 0 0 0.0025 1 1 2.5 0.005 140 5 1 1 
-0.14625 0 0 0.0025 1 1 2.5 0.005 141 5 1 1 
-0.14375 0 0 0.0025 1 1 2.5 0.005 142 5 1 1 
-0.14125 0 0 0.0025 1 1 2.5 0.005 143 5 1 1 
-0.13875 0 0 0.0025 1 1 2.5 0.005 144 5 1 1 
-0.13625 0 0 0.0025 1 1 2.5 0.005 145 5 1 1 
-0.13375 0 0 0.0025 1 1 2.5 0.005 146 5 1 1 
-0.13125 0 0 0.0025 1 1 2.5 0.005 147 5 1 1 
-0.12875 0 0 0.0025 1 1 2.5 0.005 148 5 1 1 
-0.12625 0 0 0.0025 1 1 2.5 0.005 149 5 1 1 
-0.12375 0 0 0.0025 1 1 2.5 0.005 150 5 1 1 
-0.12125 0 0 0.0025 1 1 2.5 0.005 151 5 1 1 
-0.11875 0 0 0.0025 1 1 2.5 0.005 152 5 1 1 
-0.11625 0 0 0.0025 1 1 2.5 0.005 153 5 1 1 
-0.11375 0 0 0.0025 1 1 2.5 0.005 154 5 1 1 
-0.11125 0 0 0.0025 1 1 2.5 0.005 155 5 1 1 
-0.10875 0 0 0.0025 1 1 2.5 0.005 156 5 1 1 
-0.10625 0 0 0.0025 1 1 2.5 0.005 157 5 1 1 
-0.10375 0 0 0.0025 1 1 2.5 0.005 158 5 1 1 
-0.10125 0 0 0.0025 1 1 2.5 0.005 159 5 1 1 
-0.09875 0 0 0.0025 1 1 2.5 0.005 160 5 1 1 
-0.09625 0 0 0.0025 1 1 2.5 0.005 161 5 1 1 
-0.09375 0 0 0.0025 1 1 2.5 0.005 162 5 1 1 
-0.09125 0 0 0.0025 1 1 2.5 0.005 163 5 1 1 
-0.08875 0 0 0.0025 1 1 2.5 0.005 164 5 1 1 
-0.08625 0 0 0.0025 1 1 2.5 0.005 165 5 1 1 
-0.08375 0 0 0.0025 1 1 2.5 0.005 166 5 1 1 
-0.08125 0 0 0.0025 1 1 2.5 0.005 167 5 1 1 
-0.07875 0 0 0.0025 1 1 2.5 0.005 168 5 1 1 
-0.07625 0 0 0.0025 1 1 2.5 0.005 169 5 1 1 
-0.07375 0 0 0.0025 1 1 2.5 0.005 170 5 1 1 
-0.07125 0 0 0.0025 1 1 2.5 0.005 171 5 1 1 
-0.06875 0 0 0.0025 1 1 2.5 0.005 172 5 1 1 
-0.06625 -1.36907e-47 0 0.0025 1 1 2.5 0.005 173 5 1 1 
-0.06375 -3.47075e-17 -1.12104e-44 0.0025 1 1 2.5 0.005 174 5 1 1 
-0.06125 -1.90447e-16 -5.68434e-14 0.0025 1 1 2.5 0.005 175 5 1 1 
-0.05875 -3.28238e-16 5.68434e-14 0.0025 1 1 2.5 0.005 176 5 1 1 
-0.05625 -4.6532e-16 -5.68434e-14 0.0025 1 1 2.5 0.005 177 5 1 1 
-0.05375 -6.0145e-16 5.68434e-14 0.0025 1 1 2.5 0.005 178 5 1 1 
-0.05125 -7.70886e-16 -5.68434e-14 0.0025 1 1 2.5 0.005 179 5 1 1 
-0.04875 -9.38777e-16 5.68434e-14 0.0025 1 1 2.5 0.005 180 5 1 1 
-0.04625 -1.17444e-15 -5.68434e-14 0.0025 1 1 2.5 0.005 181 5 1 1 
-0.04375 -1.37227e-15 5.68434e-14 0.0025 1 1 2.5 0.005 182 5 1 1 
-0.04125 -1.51358e-15 -1.12104e-44 0.0025 1 1 2.5 0.005 183 5 1 1 
-0.03875 -2.04442e-15 3.9443e-29 0.0025 1 1 2.5 0.005 184 5 1 1 
-0.03625 1.09116e-15 -3.86542e-27 0.0025 1 1 2.5 0.005 185 5 1 1 
-0.03375 -3.37584e-15 -5.68434e-14 0.0025 1 1 2.5 0.005 186 4 1 1 
-0.03125 -5.7146e-16 5.68434e-14 0.0025 1 1 2.5 0.005 187 3 1 1 
-0.02875 -2.2602e-15 5.68434e-14 0.0025 1 1 2.5 0.005 188 4 1 1 
-0.02625 -1.17575e-15 -1.7053e-13 0.0025 1 1 2.5 0.005 189 4 1 1 
-0.02375 -1.88661e-15 1.13687e-13 0.0025 1 1 2.5 0.005 190 4 1 1 
-0.02125 -2.77491e-15 5.91646e-28 0.0025 1 1 2.5 0.005 191 5 1 1 
-0.01875 -4.22754e-16 -1.13687e-13 0.0025 1 1 2.5 0.005 192 5 1 1 
-0.01625 -1.83474e-15 -1.13687e-13 0.0025 1 1 2.5 0.005 193 4 1 1 
-0.01375 -8.44151e-16 1.13687e-13 0.0025 1 1 2.5 0.005 194 3 1 1 
-0.01125 -6.15027e-16 2.27374e-13 0.0025 1 1 2.5 0.005 195 4 1 1 
-0.00875 -1.3307e-15 -2.84217e-13 0.0025 1 1 2.5 0.005 196 5 1 1 
-0.00625 -6.67254e-16 -5.68434e-14 0.0025 1 1 2.5 0.005 197 4 1 1 
-0.00375 -3.3694e-17 2.27374e-13 0.0025 1 1 2.5 0.005 198 5 1 1 
-0.00125 -2.42245e-16 -1.67633e-28 0.0025 1 1 2.5 0.005 199 5 1 1 
0.00125 7.28107e-18 -3.41061e-13 0.0025 1 1 2.5 0.005 200 3 1 1 
0.00375 -5.38581e-17 2.27374e-13 0.0025 1 1 2.5 0.005 201 3 1 1 
0.00625 -4.19769e-16 -3.9443e-29 0.0025 1 1 2.5 0.005 202 5 1 1 
0.00875 -9.90867e-16 -2.27374e-13 0.0025 1 1 2.5 0.005 203 3 1 1 
0.01125 -1.09572e-16 2.27374e-13 0.0025 1 1 2.5 0.005 204 4 1 1 
0.01375 -1.25335e-15 -2.27374e-13 0.0025 1 1 2.5 0.005 205 4 1 1 
0.01625 -9.68008e-17 1.13687e-13 0.0025 1 1 2.5 0.005 206 4 1 1 
0.01875 -5.7257e-16 4.54747e-13 0.0025 1 1 2.5 0.005 207 4 1 1 
0.02125 2.05791e-15 7.95808e-13 0.0025 1 1 2.5 0.005 208 5 1 1 
0.02375 1.59453e-15 -5.68434e-13 0.0025 1 1 2.5 0.005 209 5 1 1 
0.02625 3.12108e-15 -1.13687e-12 0.0025 1 1 2.5 0.005 210 4 1 1 
0.02875 5.36718e-16 7.95808e-13 0.0025 1 1 2.5 0.005 211 3 1 1 
0.03125 2.91552e-15 1.13687e-13 0.0025 1 1 2.5 0.005 212 4 1 1 
0.03375 2.40621e-15 1.7053e-13 0.0025 1 1 2.5 0.005 213 5 1 1 
0.03625 2.49397e-15 -1.87583e-12 0.0025 1 1 2.5 0.005 214 3 1 1 
0.03875 5.28368e-15 1.13687e-12 0.0025 1 1 2.5 0.005 215 3 1 1 
0.04125 2.28267e-15 1.13687e-13 0.0025 1 1 2.5 0.005 216 5 1 1 
0.04375 1.82755e-15 1.7053e-13 0.0025 1 1 2.5 0.005 217 5 1 1 
0.04625 1.36931e-15 5.60519e-44 0.0025 1 1 2.5 0.005 218 5 1 1 
0.04875 1.11521e-15 5.68434e-14 0.0025 1 1 2.5 0.005 219 5 1 1 
0.05125 8.77331e-16 -5.68434e-14 0.0025 1 1 2.5 0.005 220 5 1 1 
0.05375 6.7226e-16 5.68434e-14 0.0025 1 1 2.5 0.005 221 5 1 1 
0.05625 5.35314e-16 -5.68434e-14 0.0025 1 1 2.5 0.005 222 5 1 1 
0.05875 3.97733e-16 5.68434e-14 0.0025 1 1 2.5 0.005 223 5 1 1 
0.06125 2.59776e-16 -5.68434e-14 0.0025 1 1 2.5 0.005 224 5 1 1 
0.06375 1.21445e-16 5.68434e-14 0.0025 1 1 2.5 0.005 225 5 1 1 
0.06625 1.19791e-46 1.12104e-44 0.0025 1 1 2.5 0.005 226 5 1 1 
0.06875 0 0 0.0025 1 1 2.5 0.005 227 5 1 1 
0.07125 0 0 0.0025 1 1 2.5 0.005 228 5 1 1 
0.07375 0 0 0.0025 1 1 2.5 0.005 229 5 1 1 
0.07625 0 0 0.0025 1 1 2.5 0.005 230 5 1 1 
0.07875 0 0 0.0025 1 1 2.5 0.005 231 5 1 1 
0.08125 0 0 0.0025 1 1 2.5 0.005 232 5 1 1 
0.08375 0 0 0.0025 1 1 2.5 0.005 233 5 1 1 
0.08625 0 0 0.0025 1 1 2.5 0.005 234 5 1 1 
0.08875 0 0 0.0025 1 1 2.5 0.005 235 5 1 1 
0.09125 0 0 0.0025 1 1 2.5 0.005 236 5 1 1 
0.09375 -1.16932e-45 -1.12104e-44 0.0025 1 1 2.5 0.005 237 5 1 1 
0.09625 -1.69188e-16 0 0.0025 1 1 2.5 0.005 238 5 1 1 
0.09875 -3.37357e-16 1.12104e-44 0.0025 1 1 2.5 0.005 239 5 1 1 
0.10125 1.58941e-15 0 0.0025 1 1 2.5 0.005 240 5 1 1 
0.10375 1.42405e-15 5.60519e-44 0.0025 1 1 2.5 0.005 241 5 1 1 
0.10625 2.7695e-15 -1.56945e-43 0.0025 1 1 2.5 0.005 242 5 1 1 
0.10875 1.10737e-15 8.96831e-44 0.0025 1 1 2.5 0.005 243 5 1 1 
0.11125 9.99267e-16 -1.00893e-43 0.0025 1 1 2.5 0.005 244 5 1 1 
0.11375 -1.2151e-15 3.36312e-43 0.0025 1 1 2.5 0.005 245 5 1 1 
0.11625 2.75698e-15 -5.68434e-14 0.0025 1 1 2.5 0.005 246 5 1 1 
0.11875 3.57189e-17 3.9443e-29 0.0025 1 1 2.5 0.005 247 5 1 1 
0.12125 -2.09243e-17 -7.14905e-27 0.0025 1 1 2.5 0.005 248 5 1 1 
0.12375 -3.1251e-15 -7.18849e-27 0.0025 1 1 2.5 0.005 249 4 1 1 
0.12625 3.1251e-15 7.18849e-27 0.0025 1 1 2.5 0.005 250 4 1 1 
0.12875 2.09243e-17 7.14905e-27 0.0025 1 1 2.5 0.005 251 5 1 1 
0.13125 -3.57189e-17 -3.9443e-29 0.0025 1 1 2.5 0.005 252 5 1 1 
0.13375 -2.75698e-15 5.68434e-14 0.0025 1 1 2.5 0.005 253 5 1 1 
0.13625 1.2151e-15 -3.36312e-43 0.0025 1 1 2.5 0.005 254 5 1 1 
0.13875 -9.99267e-16 1.00893e-43 0.0025 1 1 2.5 0.005 255 5 1 1 
0.14125 -1.10737e-15 -8.96831e-44 0.0025 1 1 2.5 0.005 256 5 1 1 
0.14375 -2.7695e-15 1.56945e-43 0.0025 1 1 2.5 0.005 257 5 1 1 
0.14625 -1.42405e-15 -5.60519e-44 0.0025 1 1 2.5 0.005 258 5 1 1 
0.14875 -1.58941e-15 0 0.0025 1 1 2.5 0.005 259 5 1 1 
0.15125 3.37357e-16 -1.12104e-44 0.0025 1 1 2.5 0.005 260 5 1 1 
0.15375 1.69188e-16 0 0.0025 1 1 2.5 0.005 261 5 1 1 
0.15625 1.16932e-45 1.12104e-44 0.0025 1 1 2.5 0.005 262 5 1 1 
0.15875 0 0 0.0025 1 1 2.5 0.005 263 5 1 1 
0.16125 0 0 0.0025 1 1 2.5 0.005 264 5 1 1 
0.16375 0 0 0.0025 1 1 2.5 0.005 265 5 1 1 
0.16625 0 0 0.0025 1 1 2.5 0.005 266 5 1 1 
0.16875 0 0 0.0025 1 1 2.5 0.005 267 5 1 1 
0.17125 0 0 0.0025 1 1 2.5 0.005 268 5 1 1 
0.17375 0 0 0.0025 1 1 2.5 0.005 269 5 1 1 
0.17625 0 0 0.0025 1 1 2.5 0.005 270 5 1 1 
0.17875 0 0 0.0025 1 1 2.5 0.005 271 5 1 1 
0.18125 0 0 0.0025 1 1 2.5 0.005 272 5 1 1 
0.18375 0 0 0.0025 1 1 2.5 0.005 273 5 1 1 
0.18625 0 0 0.0025 1 1 2.5 0.005 274 5 1 1 
0.18875 0 0 0.0025 1 1 2.5 0.005 275 5 1 1 
0.19125 0 0 0.0025 1 1 2.5 0.005 276 5 1 1 
0.19375 0 0 0.0025 1 1 2.5 0.005 277 5 1 1 
0.19625 0 0 0.0025 1 1 2.5 0.005 278 5 1 1 
0.19875 0 0 0.0025 1 1 2.5 0.005 279 5 1 1 
0.20125 -7.73109e-46 -1.12104e-44 0.0025 1 1 2.5 0.005 280 5 1 1 
0.20375 -6.85718e-17 -1.12104e-44 0.0025 1 1 2.5 0.005 281 5 1 1 
0.20625 -2.05192e-16 1.12104e-44 0.0025 1 1 2.5 0.005 282 5 1 1 
0.20875 -3.75697e-16 1.12104e-44 0.0025 1 1 2.5 0.005 283 5 1 1 
0.21125 1.03207e-15 5.68434e-14 0.0025 1 1 2.5 0.005 284 5 1 1 
0.21375 8.6351e-16 5.68434e-14 0.0025 1 1 2.5 0.005 285 5 1 1 
0.21625 2.95715e-15 1.13687e-13 0.0025 1 1 2.5 0.005 286 5 1 1 
0.21875 2.65485e-15 -2.27374e-13 0.0025 1 1 2.5 0.005 287 5 1 1 
0.22125 2.91452e-15 -3.0127e-12 0.0025 1 1 2.5 0.005 288 5 1 1 
0.22375 -3.47382e-14 -4.92832e-11 0.0025 1 1 2.5 0.005 289 4 1 1 
0.22625 -1.56671e-13 -1.23066e-10 0.0025 1 1 2.5 0.005 290 4 1 1 
0.22875 -6.04984e-13 -4.83283e-10 0.0025 1 1 2.5 0.005 291 4 1 1 
0.23125 -2.15184e-12 -1.63135e-09 0.0025 1 1 2.5 0.005 292 4 1 1 
0.23375 -7.31424e-12 -5.30429e-09 0.0025 1 1 2.5 0.005 293 4 1 1 
0.23625 -2.37998e-11 -1.65327e-08 0.0025 1 1 2.5 0.005 294 4 1 1 
0.23875 -7.4349e-11 -4.96095e-08 0.0025 1 1 2.5 0.005 295 4 1 1 
0.24125 -2.23422e-10 -1.43189e-07 0.0025 1 1 2.5 0.005 296 4 1 1 
0.24375 -6.47214e-10 -3.98641e-07 0.0025 1 1 2.5 0.005 297 4 1 1 
0.24625 -1.80989e-09 -1.07156e-06 0.0025 1 1 2.5 0.005 298 4 1 1 
0.24875 -4.89203e-09 -2.784e-06 0.0025 1 1 2.5 0.005 299 4 1 1 
0.25125 -1.27937e-08 -6.99714e-06 0.0025 1 1 2.5 0.005 300 4 1 1 
0.25375 -3.24006e-08 -1.70252e-05 0.0025 1 1 2.5 0.005 301 4 1 1 
0.25625 -7.95215e-08 -4.0128e-05 0.0025 1 1 2.5 0.005 302 4 1 1 
0.25875 -1.89264e-07 -9.16663e-05 0.0025 1 1 2.5 0.005 303 4 1 1 
0.26125 -4.37061e-07 -0.000203032 0.0025 1 1 2.5 0.005 304 4 1 1 
0.26375 -9.79737e-07 -0.000436173 0.0025 1 1 2.5 0.005 305 4 1 1 
0.26625 -2.13278e-06 -0.000909109 0.0025 1 1 2.5 0.00499999 306 4 1 1 
0.26875 -4.51027e-06 -0.00183877 0.0025 1 1 2.5 0.00499998 307 4 1 1 
0.27125 -9.26841e-06 -0.00360958 0.0025 1.00001 1.00001 2.50001 0.00499996 308 4 1 1 
0.27375 -1.85123e-05 -0.00687777 0.0025 1.00001 1.00002 2.50001 0.00499993 309 4 1 1 
0.27625 -3.59467e-05 -0.0127207 0.0025 1.00003 1.00004 2.50003 0.00499986 310 4 1 1 
0.27875 -6.78681e-05 -0.0228363 0.0025 1.00005 1.00007 2.50005 0.00499974 311 4 1 1 
0.28125 -0.000124603 -0.0397868 0.0025 1.0001 1.00013 2.5001 0.00499952 312 4 1 1 
0.283749 -0.00022247 -0.0672572 0.0025 1.00017 1.00024 2.50017 0.00499914 313 4 1 1 
0.286249 -0.000386262 -0.110268 0.0025 1.0003 1.00042 2.5003 0.00499851 314 4 1 1 
0.288748 -0.000652096 -0.175226 0.0025 1.0005 1.0007 2.5005 0.00499748 315 4 1 1 
0.291246 -0.00107017 -0.269638 0.0025 1.00083 1.00116 2.50083 0.00499585 316 4 1 0.999999 
0.293744 -0.00170659 -0.401251 0.0025 1.00133 1.00185 2.50132 0.00499337 317 4 1 0.999998 
0.29624 -0.00264286 -0.576367 0.0025 1.00206 1.00288 2.50206 0.0049897 318 4 1 0.999996 
0.298733 -0.0039712 -0.797173 0.0025 1.00311 1.00435 2.5031 0.00498449 319 4 1 0.999993 
0.301224 -0.00578366 -1.05826 0.0025 1.00455 1.00637 2.50454 0.00497735 320 4 1 0.999989 
0.303711 -0.00815385 -1.34312 0.0025 1.00645 1.00903 2.50643 0.00496797 321 4 1 0.999982 
0.306192 -0.0111124 -1.62228 0.0025 1.00883 1.01238 2.50881 0.00495622 322 4 1 0.999975 
0.308667 -0.014621 -1.85508 0.0025 1.0117 1.01641 2.51166 0.00494219 323 4 1 0.999969 
0.311134 -0.0185539 -1.99644 0.0025 1.01495 1.02099 2.5149 0.00492636 324 4 1 0.999965 
0.313593 -0.0226966 -2.00746 0.0025 1.01843 1.02591 2.51836 0.00490953 325 4 1 0.999966 
0.316044 -0.0267671 -1.86871 0.0025 1.02191 1.03083 2.52182 0.00489279 326 4 1 0.999972 
0.318486 -0.0304508 -1.56318 0.0025 1.02513 1.0354 2.52501 0.00487741 327 4 1 0.999983 
0.320921 -0.0334103 -1.11971 0.0025 1.02775 1.03911 2.5276 0.00486501 328 4 1 1 
0.323351 -0.0348277 0.222989 0.0025 1.02837 1.04013 2.5283 0.00486207 329 3 1 1 
0.325783 -0.0282341 7.55497 0.0025 1.02155 1.03062 2.52172 0.00489452 330 4 1 0.999978 
0.328246 -0.0063083 11.9029 0.0025 1.00568 1.00803 2.50581 0.00497174 331 4 1 0.999414 
0.330756 0.013083 5.98405 0.0025 0.990633 0.986719 2.49051 0.00504728 332 4 1 0.999256 
0.333293 0.0213655 2.78613 0.0025 0.981979 0.974828 2.48188 0.00509176 333 4 1 0.999741 
0.335847 0.0301034 5.42765 0.0025 0.973929 0.963812 2.47386 0.00513385 334 4 1 0.999836 
0.338427 0.044542 7.27365 0.0025 0.962659 0.948187 2.46235 0.00519395 335 4 1 0.999648 
0.341042 0.0603501 6.8594 0.0025 0.950098 0.930849 2.44939 0.00526262 336 4 1 0.999504 
0.34369 0.0752239 6.4095 0.0025 0.93797 0.914263 2.43684 0.00533066 337 4 1 0.999522 
0.346372 0.090072 6.51244 0.0025 0.926037 0.898035 2.4244 0.00539935 338 4 1 0.999535 
0.34909 0.105463 6.64164 0.0025 0.913891 0.881588 2.41164 0.00547111 339 4 1 0.999507 
0.351844 0.121231 6.64455 0.0025 0.901574 0.864997 2.39858 0.00554586 340 4 1 0.999478 
0.354636 0.137248 6.63804 0.0025 0.889181 0.848396 2.38534 0.00562315 341 4 1 0.999457 
0.357467 0.153531 6.64313 0.0025 0.876717 0.831795 2.37191 0.00570309 342 4 1 0.999436 
0.360339 0.170086 6.6312 0.0025 0.864188 0.815201 2.3583 0.00578578 343 4 1 0.999413 
0.363253 0.186958 6.63243 0.0025 0.851595 0.79862 2.34449 0.00587133 344 4 1 0.999391 
0.366211 0.20408 6.62952 0.0025 0.838931 0.782043 2.33048 0.00595996 345 4 1 0.999366 
0.369214 0.221505 6.61057 0.0025 0.82621 0.765492 2.31629 0.00605173 346 4 1 0.999341 
0.372263 0.239236 6.61165 0.0025 0.813428 0.748964 2.30189 0.00614683 347 4 1 0.999315 
0.375361 0.257253 6.58438 0.0025 0.80059 0.73247 2.28729 0.00624539 348 4 1 0.999288 
0.378509 0.275611 6.57275 0.0025 0.787706 0.716021 2.2725 0.00634754 349 4 1 0.99926 
0.381709 0.294258 6.55835 0.0025 0.774765 0.699608 2.25749 0.00645357 350 4 1 0.99923 
0.384963 0.313213 6.53384 0.0025 0.761777 0.683244 2.24228 0.0065636 351 4 1 0.999199 
0.388273 0.332512 6.5033 0.0025 0.748754 0.666947 2.22687 0.00667776 352 4 1 0.999167 
0.391641 0.352117 6.47782 0.0025 0.735696 0.650722 2.21126 0.00679628 353 4 1 0.999135 
0.39507 0.372059 6.43067 0.0025 0.722619 0.634588 2.19545 0.00691927 354 4 1 0.999101 
0.398561 0.392294 6.40613 0.0025 0.709525 0.618548 2.17945 0.00704697 355 4 1 0.999067 
0.402118 0.412812 6.32634 0.0025 0.696445 0.602644 2.1633 0.00717931 356 4 1 0.999033 
0.405741 0.433567 6.24965 0.0025 0.683432 0.586939 2.14704 0.00731602 357 4 1 0.999007 
0.409434 0.454442 6.1242 0.0025 0.67054 0.571498 2.13075 0.00745667 358 4 1 0.998986 
0.413199 0.475288 5.94181 0.0025 0.65788 0.556449 2.11457 0.00760017 359 4 1 0.998981 
0.417035 0.49583 5.70152 0.0025 0.645582 0.54194 2.09867 0.00774495 360 4 1 0.998997 
0.420944 0.515785 5.33209 0.0025 0.63384 0.528191 2.08332 0.00788843 361 4 1 0.999041 
0.424924 0.534702 4.90182 0.0025 0.622849 0.515414 2.0688 0.00802763 362 4 1 0.999122 
0.428973 0.552316 4.45402 0.0025 0.612686 0.50368 2.05523 0.00816079 363 4 1 0.999218 
0.433086 0.568861 4.1897 0.0025 0.603176 0.492774 2.04242 0.00828946 364 4 1 0.999298 
0.437263 0.585291 4.25421 0.0025 0.59381 0.482101 2.02969 0.0084202 365 4 1 0.999314 
0.441506 0.602998 4.62941 0.0025 0.583979 0.470966 2.01619 0.00856195 366 4 1 0.999238 
0.445825 0.62241 4.88966 0.0025 0.573521 0.459199 2.00167 0.00871808 367 4 1 0.999103 
0.450225 0.642353 4.63793 0.0025 0.563081 0.447533 1.98701 0.00887972 368 4 1 0.999042 
0.454706 0.660226 3.70814 0.0025 0.553885 0.43733 1.97396 0.00902714 369 4 1 0.999185 
0.459253 0.673234 2.20145 0.0025 0.547262 0.430023 1.96448 0.0091364 370 4 1 0.999527 
0.463842 0.679168 0.517548 0.0025 0.544014 0.42646 1.95982 0.00919095 371 4 1 0.999869 
0.468444 0.679386 -0.164724 0.0025 0.543336 0.425727 1.95887 0.00920242 372 5 1 0.999994 
0.473045 0.67915 -0.0739875 0.0025 0.54345 0.425859 1.95905 0.00920047 373 4 1 1 
0.477644 0.678675 -0.141813 0.0025 0.543643 0.426071 1.95934 0.00919722 374 4 1 0.999999 
0.482242 0.678035 -0.155144 0.0025 0.543945 0.426405 1.95978 0.00919211 375 4 1 0.999999 
0.486837 0.677352 -0.152468 0.0025 0.544287 0.426784 1.96029 0.00918633 376 4 1 0.999999 
0.491428 0.676707 -0.134533 0.0025 0.544623 0.427156 1.96078 0.00918066 377 4 1 0.999999 
0.496017 0.676143 -0.111483 0.0025 0.544922 0.427487 1.96123 0.00917562 378 4 1 0.999999 
0.500604 0.675677 -0.0898662 0.0025 0.545173 0.427766 1.96161 0.0091714 379 4 1 1 
0.505189 0.675304 -0.0714332 0.0025 0.545376 0.427993 1.96191 0.00916798 380 4 1 1 
0.509772 0.675007 -0.0565613 0.0025 0.545537 0.428173 1.96216 0.00916529 381 4 1 1 
0.514354 0.67477 -0.0455643 0.0025 0.545663 0.428317 1.96237 0.00916316 382 4 1 1 
0.518935 0.674577 -0.037808 0.0025 0.545764 0.428432 1.96253 0.00916146 383 4 1 1 
0.523515 0.674416 -0.0321905 0.0025 0.545847 0.428528 1.96268 0.00916008 384 4 1 1 
0.528095 0.674279 -0.0279857 0.0025 0.545915 0.42861 1.9628 0.00915894 385 4 1 1 
0.532674 0.674158 -0.0247266 0.0025 0.545972 0.42868 1.96292 0.00915797 386 4 1 1 
0.537253 0.674051 -0.0220115 0.0025 0.546021 0.428742 1.96303 0.00915715 387 4 1 1 
0.541831 0.673954 -0.0196371 0.0025 0.546063 0.428797 1.96313 0.00915645 388 4 1 1 
0.54641 0.673868 -0.0175471 0.0025 0.546097 0.428846 1.96323 0.00915587 389 4 1 1 
0.550987 0.673791 -0.0156654 0.0025 0.546125 0.42889 1.96333 0.00915541 390 4 1 1 
0.555565 0.673722 -0.0139251 0.0025 0.546147 0.428929 1.96343 0.00915505 391 4 1 1 
0.560142 0.673661 -0.0123376 0.0025 0.546162 0.428963 1.96354 0.0091548 392 4 1 1 
0.56472 0.673606 -0.0109359 0.0025 0.546168 0.428993 1.96365 0.00915469 393 3 1 1 
0.569297 0.673556 -0.00971499 0.0025 0.546156 0.429008 1.96376 0.00915489 394 4 1 1 
0.573875 0.673512 -0.00864733 0.0025 0.54607 0.428969 1.96389 0.00915634 395 4 1 1 
0.578453 0.673471 -0.00770762 0.0025 0.545663 0.428728 1.96425 0.00916317 396 4 1 0.999999 
0.583038 0.673435 -0.00687667 0.0025 0.544047 0.426988 1.96209 0.00919039 397 4 1 0.999987 
0.587644 0.673402 -0.00613331 0.0025 0.530928 0.411526 1.93777 0.00941748 398 4 1 0.999669 
0.59246 0.67337 -0.00543761 0.0025 0.506846 0.440216 2.17135 0.00986493 399 4 1 0.994709 
0.597516 0.673339 -0.00478562 0.0025 0.48131 0.415585 2.15862 0.0103883 400 4 1 0.993701 
0.602858 0.673308 -0.0041747 0.0025 0.458823 0.450044 2.45217 0.0108975 401 4 1 0.993696 
0.608419 0.673279 -0.00361091 0.0025 0.450208 0.43058 2.39101 0.011106 402 5 1 0.998659 
0.613964 0.673251 -0.0031114 0.0025 0.451805 0.428908 2.3733 0.0110667 403 4 1 0.999967 
0.619486 0.673226 -0.00265136 0.0025 0.453428 0.428865 2.36457 0.0110271 404 4 1 0.999986 
0.624991 0.673202 -0.0022002 0.0025 0.454516 0.429001 2.35966 0.0110007 405 4 1 0.999994 
0.630486 0.673178 -0.00173603 0.0025 0.455215 0.429084 2.35649 0.0109838 406 4 1 0.999997 
0.635975 0.673156 -0.00124588 0.0025 0.455686 0.429127 2.35429 0.0109725 407 4 1 0.999999 
0.641459 0.673133 -0.000707004 0.0025 0.456021 0.42915 2.35269 0.0109644 408 4 1 0.999999 
0.646939 0.673109 1.05037e-05 0.0025 0.456266 0.429163 2.35149 0.0109585 409 4 1 1 
0.652417 0.673082 0.00130344 0.0025 0.456449 0.429166 2.35057 0.0109541 410 4 1 1 
0.657894 0.673043 0.00453508 0.0025 0.45658 0.429155 2.34983 0.010951 411 4 1 1 
0.663368 0.672968 0.0139751 0.0025 0.456655 0.429107 2.34919 0.0109492 412 3 1 1 
0.668843 0.672775 0.0427295 0.0025 0.456623 0.42895 2.34849 0.01095 413 4 1 1 
0.674318 0.672217 0.132332 0.0025 0.456323 0.428464 2.34736 0.0109571 414 4 1 0.999999 
0.6798 0.670585 0.385438 0.0025 0.455294 0.427038 2.34483 0.0109819 415 4 1 0.999991 
0.6853 0.665983 1.05432 0.0025 0.452424 0.423214 2.33856 0.0110516 416 4 1 0.999927 
0.690852 0.6544 2.58466 0.0025 0.445374 0.413943 2.3235 0.0112265 417 4 1 0.999539 
0.696528 0.626965 5.73499 0.0025 0.430502 0.394566 2.29119 0.0116144 418 4 1 0.99782 
0.702473 0.572628 11.1257 0.0025 0.403219 0.359473 2.22855 0.0124002 419 4 1 0.992558 
0.708955 0.45901 23.5232 0.0025 0.359289 0.304268 2.117 0.0139164 420 4 1 0.98092 
0.716488 0.266652 30.7212 0.0025 0.308252 0.243201 1.97257 0.0162205 421 4 1 0.96308 
0.725333 0.0913797 19.0408 0.0025 0.270732 0.201175 1.85799 0.0184685 422 4 1 0.965345 
0.735031 0.0147148 5.12405 0.0025 0.254361 0.183918 1.8078 0.0196571 423 4 1 0.988961 
0.744998 0.000327966 0.449332 0.0025 0.250397 0.179895 1.79613 0.0199683 424 4 1 0.999111 
0.755 -0.000201999 -0.0553622 0.0025 0.249978 0.179477 1.79493 0.0200018 425 5 1 0.999989 
0.765 7.92155e-07 -0.00529667 0.0025 0.249995 0.179495 1.79499 0.0200004 426 4 1 1 
0.775 3.92931e-06 0.000608188 0.0025 0.250001 0.179501 1.795 0.0199999 427 3 1 1 
0.785 1.05317e-06 0.000221094 0.0025 0.25 0.1795 1.795 0.02 428 4 1 1 
0.795 2.35663e-07 5.34933e-05 0.0025 0.25 0.1795 1.795 0.02 429 4 1 1 
0.805 4.97387e-08 1.17105e-05 0.0025 0.25 0.1795 1.795 0.02 430 4 1 1 
0.815 1.00498e-08 2.45622e-06 0.0025 0.25 0.1795 1.795 0.02 431 4 1 1 
0.825 1.94055e-09 4.93901e-07 0.0025 0.25 0.1795 1.795 0.02 432 4 1 1 
0.835 3.56921e-10 9.48165e-08 0.0025 0.25 0.1795 1.795 0.02 433 4 1 1 
0.845 6.2335e-11 1.73133e-08 0.0025 0.25 0.1795 1.795 0.02 434 4 1 1 
0.855 1.02943e-11 2.99734e-09 0.0025 0.25 0.1795 1.795 0.02 435 4 1 1 
0.865 1.62072e-12 4.88285e-10 0.0025 0.25 0.1795 1.795 0.02 436 4 1 1 
0.875 2.38671e-13 7.75628e-11 0.0025 0.25 0.1795 1.795 0.02 437 4 1 1 
0.885 2.55603e-14 1.1795e-11 0.0025 0.25 0.1795 1.795 0.02 438 4 1 1 
0.895 1.30209e-15 5.11591e-13 0.0025 0.25 0.1795 1.795 0.02 439 5 1 1 
0.905 -1.51227e-16 7.10543e-14 0.0025 0.25 0.1795 1.795 0.02 440 5 1 1 
0.915 -7.43742e-16 8.40779e-45 0.0025 0.25 0.1795 1.795 0.02 441 5 1 1 
0.925 -1.32469e-15 -1.42109e-14 0.0025 0.25 0.1795 1.795 0.02 442 5 1 1 
0.935 -2.27336e-15 -8.40779e-45 0.0025 0.25 0.1795 1.795 0.02 443 5 1 1 
0.945 -3.48476e-15 -2.84217e-14 0.0025 0.25 0.1795 1.795 0.02 444 5 1 1 
0.955 -4.92629e-15 1.48538e-43 0.0025 0.25 0.1795 1.795 0.02 445 5 1 1 
0.965 5.98083e-15 3.12639e-13 0.0025 0.25 0.1795 1.795 0.02 446 5 1 1 
0.975 -9.7722e-17 2.27374e-13 0.0025 0.25 0.1795 1.795 0.02 447 5 1 1 
0.985 -1.34192e-15 -1.98952e-13 0.0025 0.25 0.1795 1.795 0.02 448 5 1 1 
0.995 -1.00384e-14 -2.70006e-13 0.0025 0.25 0.1795 1.795 0.02 449 3 1 1 
1.005 1.00384e-14 2.70006e-13 0.0025 0.25 0.1795 1.795 0.02 450 3 1 1 
1.015 1.34192e-15 1.98952e-13 0.0025 0.25 0.1795 1.795 0.02 451 5 1 1 
1.025 9.7722e-17 -2.27374e-13 0.0025 0.25 0.1795 1.795 0.02 452 5 1 1 
1.035 -5.98083e-15 -3.12639e-13 0.0025 0.25 0.1795 1.795 0.02 453 5 1 1 
1.045 4.92629e-15 -1.48538e-43 0.0025 0.25 0.1795 1.795 0.02 454 5 1 1 
1.055 3.48476e-15 2.84217e-14 0.0025 0.25 0.1795 1.795 0.02 455 5 1 1 
1.065 2.27336e-15 8.40779e-45 0.0025 0.25 0.1795 1.795 0.02 456 5 1 1 
1.075 1.32469e-15 1.42109e-14 0.0025 0.25 0.1795 1.795 0.02 457 5 1 1 
1.085 7.43742e-16 -1.68156e-44 0.0025 0.25 0.1795 1.795 0.02 458 5 1 1 
1.095 1.16492e-16 -9.9476e-14 0.0025 0.25 0.1795 1.795 0.02 459 5 1 1 
1.105 -1.97938e-15 -4.54747e-13 0.0025 0.25 0.1795 1.795 0.02 460 5 1 1 
1.115 -1.55442e-14 -8.82494e-12 0.0025 0.25 0.1795 1.795 0.02 461 4 1 1 
1.125 -2.40714e-13 -8.04761e-11 0.0025 0.25 0.1795 1.795 0.02 462 4 1 1 
1.135 -1.61801e-12 -4.91781e-10 0.0025 0.25 0.1795 1.795 0.02 463 4 1 1 
1.145 -1.03161e-11 -2.99393e-09 0.0025 0.25 0.1795 1.795 0.02 464 4 1 1 
1.155 -6.2334e-11 -1.73159e-08 0.0025 0.25 0.1795 1.795 0.02 465 4 1 1 
1.165 -3.56885e-10 -9.48116e-08 0.0025 0.25 0.1795 1.795 0.02 466 4 1 1 
1.175 -1.94054e-09 -4.93901e-07 0.0025 0.25 0.1795 1.795 0.02 467 4 1 1 
1.185 -1.00498e-08 -2.45623e-06 0.0025 0.25 0.1795 1.795 0.02 468 4 1 1 
1.195 -4.97388e-08 -1.17105e-05 0.0025 0.25 0.1795 1.795 0.02 469 4 1 1 
1.205 -2.35663e-07 -5.34933e-05 0.0025 0.25 0.1795 1.795 0.02 470 4 1 1 
1.215 -1.05317e-06 -0.000221094 0.0025 0.25 0.1795 1.795 0.02 471 4 1 1 
1.225 -3.92931e-06 -0.000608188 0.0025 0.250001 0.179501 1.795 0.0199999 472 3 1 1 
1.235 -7.92155e-07 0.00529667 0.0025 0.249995 0.179495 1.79499 0.0200004 473 4 1 1 
1.245 0.000201999 0.0553622 0.0025 0.249978 0.179477 1.79493 0.0200018 474 5 1 0.999989 
1.255 -0.000327966 -0.449332 0.0025 0.250397 0.179895 1.79613 0.0199683 475 4 1 0.999111 
1.26497 -0.0147148 -5.12405 0.0025 0.254361 0.183918 1.8078 0.0196571 476 4 1 0.988961 
1.27467 -0.0913797 -19.0408 0.0025 0.270732 0.201175 1.85799 0.0184685 477 4 1 0.965345 
1.28351 -0.266652 -30.7212 0.0025 0.308252 0.243201 1.97257 0.0162205 478 4 1 0.96308 
1.29104 -0.45901 -23.5232 0.0025 0.359289 0.304268 2.117 0.0139164 479 4 1 0.98092 
1.29753 -0.572628 -11.1257 0.0025 0.403219 0.359473 2.22855 0.0124002 480 4 1 0.992558 
1.30347 -0.626965 -5.73499 0.0025 0.430502 0.394566 2.29119 0.0116144 481 4 1 0.99782 
1.30915 -0.6544 -2.58466 0.0025 0.445374 0.413943 2.3235 0.0112265 482 4 1 0.999539 
1.3147 -0.665983 -1.05432 0.0025 0.452424 0.423214 2.33856 0.0110516 483 4 1 0.999927 
1.3202 -0.670585 -0.385438 0.0025 0.455294 0.427038 2.34483 0.0109819 484 4 1 0.999991 
1.32568 -0.672217 -0.132332 0.0025 0.456323 0.428464 2.34736 0.0109571 485 4 1 0.999999 
1.33116 -0.672775 -0.0427295 0.0025 0.456623 0.42895 2.34849 0.01095 486 4 1 1 
1.33663 -0.672968 -0.0139751 0.0025 0.456655 0.429107 2.34919 0.0109492 487 3 1 1 
1.34211 -0.673043 -0.00453508 0.0025 0.45658 0.429155 2.34983 0.010951 488 4 1 1 
1.34758 -0.673082 -0.00130344 0.0025 0.456449 0.429166 2.35057 0.0109541 489 4 1 1 
1.35306 -0.673109 -1.05037e-05 0.0025 0.456266 0.429163 2.35149 0.0109585 490 4 1 1 
1.35854 -0.673133 0.000707004 0.0025 0.456021 0.42915 2.35269 0.0109644 491 4 1 0.999999 
1.36403 -0.673156 0.00124588 0.0025 0.455686 0.429127 2.35429 0.0109725 492 4 1 0.999999 
1.36951 -0.673178 0.00173603 0.0025 0.455215 0.429084 2.35649 0.0109838 493 4 1 0.999997 
1.37501 -0.673202 0.0022002 0.0025 0.454516 0.429001 2.35966 0.0110007 494 4 1 0.999994 
1.38051 -0.673226 0.00265136 0.0025 0.453428 0.428865 2.36457 0.0110271 495 4 1 0.999986 
1.38604 -0.673251 0.0031114 0.0025 0.451805 0.428908 2.3733 0.0110667 496 4 1 0.999967 
1.39158 -0.673279 0.00361091 0.0025 0.450208 0.43058 2.39101 0.011106 497 5 1 0.998659 
1.39714 -0.673308 0.0041747 0.0025 0.458823 0.450044 2.45217 0.0108975 498 4 1 0.993696 
1.40248 -0.673339 0.00478562 0.0025 0.48131 0.415585 2.15862 0.0103883 499 4 1 0.993701 
