# Time [s]: 4.58378e+12
# Columns: pos [pc], vel [pc/s], acc [pc/s^2], mass [Msun], dens [g/cm^3], pres [barye], ene [erg/g], sml [pc], id, neighbor, alpha, gradh, ...additional?
4.32715e+16 -673.33 1.49086e-13 4.97118e+27 0.00050687 4.40245 21713.9 3.04417e+14 0 4 1 0.994708 
4.34202e+16 -673.357 1.67191e-13 4.97118e+27 0.000530954 4.11555 19378.1 2.90609e+14 1 4 1 0.999669 
4.35623e+16 -673.385 1.8622e-13 4.97118e+27 0.000544077 4.27021 19621.4 2.836e+14 2 4 1 0.999987 
4.37038e+16 -673.416 2.07439e-13 4.97118e+27 0.000545696 4.28764 19643 2.82758e+14 3 4 1 0.999999 
4.3845e+16 -673.449 2.31606e-13 4.97118e+27 0.000546106 4.29009 19639.4 2.82546e+14 4 4 1 1 
4.39863e+16 -673.486 2.5933e-13 4.97118e+27 0.000546197 4.29053 19638.2 2.82499e+14 5 4 1 1 
4.41275e+16 -673.527 2.90983e-13 4.97118e+27 0.000546213 4.29042 19637.1 2.8249e+14 6 3 1 1 
4.42688e+16 -673.572 3.26554e-13 4.97118e+27 0.000546212 4.29019 19636.1 2.82491e+14 7 4 1 1 
4.441e+16 -673.623 3.66316e-13 4.97118e+27 0.000546203 4.28991 19635.2 2.82496e+14 8 4 1 1 
4.45513e+16 -673.679 4.11467e-13 4.97118e+27 0.000546188 4.28959 19634.2 2.82503e+14 9 4 1 1 
4.46925e+16 -673.742 4.63197e-13 4.97118e+27 0.000546168 4.28923 19633.3 2.82514e+14 10 4 1 1 
4.48338e+16 -673.813 5.21429e-13 4.97118e+27 0.000546141 4.28883 19632.4 2.82528e+14 11 4 1 1 
4.49751e+16 -673.892 5.85695e-13 4.97118e+27 0.000546109 4.28838 19631.5 2.82544e+14 12 4 1 1 
4.51163e+16 -673.98 6.56475e-13 4.97118e+27 0.00054607 4.28788 19630.6 2.82564e+14 13 4 1 1 
4.52576e+16 -674.078 7.35306e-13 4.97118e+27 0.000546025 4.28731 19629.6 2.82588e+14 14 4 1 1 
4.53989e+16 -674.189 8.27216e-13 4.97118e+27 0.000545972 4.28666 19628.6 2.82615e+14 15 4 1 1 
4.55402e+16 -674.314 9.43549e-13 4.97118e+27 0.00054591 4.28593 19627.4 2.82647e+14 16 4 1 1 
4.56816e+16 -674.459 1.09763e-12 4.97118e+27 0.000545837 4.28508 19626.2 2.82685e+14 17 4 1 1 
4.58229e+16 -674.628 1.30279e-12 4.97118e+27 0.000545748 4.28406 19624.7 2.82731e+14 18 4 1 1 
4.59643e+16 -674.834 1.58372e-12 4.97118e+27 0.000545639 4.28281 19622.9 2.82788e+14 19 4 1 1 
4.61057e+16 -675.087 1.97229e-12 4.97118e+27 0.000545502 4.28128 19620.8 2.82859e+14 20 4 1 1 
4.62472e+16 -675.403 2.47467e-12 4.97118e+27 0.00054533 4.27935 19618.2 2.82948e+14 21 4 1 1 
-1.53313e+16 -675.798 3.07063e-12 4.97118e+27 0.000545115 4.27696 19614.9 2.83059e+14 22 4 1 1 
-1.51898e+16 -676.284 3.74079e-12 4.97118e+27 0.000544856 4.27408 19611.1 2.83194e+14 23 4 1 0.999999 
-1.50481e+16 -676.858 4.39771e-12 4.97118e+27 0.000544555 4.27076 19606.6 2.83351e+14 24 4 1 0.999999 
-1.49064e+16 -677.491 4.80553e-12 4.97118e+27 0.000544228 4.26715 19601.8 2.83521e+14 25 4 1 0.999999 
-1.47646e+16 -678.135 4.66733e-12 4.97118e+27 0.000543911 4.26364 19597.1 2.83686e+14 26 4 1 0.999999 
-1.46227e+16 -678.708 4.11664e-12 4.97118e+27 0.000543647 4.26072 19593.2 2.83824e+14 27 4 1 0.999999 
-1.44808e+16 -679.06 1.45776e-12 4.97118e+27 0.000543491 4.25899 19590.9 2.83905e+14 28 4 1 1 
-1.43388e+16 -679.359 4.57655e-12 4.97118e+27 0.000543448 4.25845 19590.1 2.83928e+14 29 5 1 0.999986 
-1.41969e+16 -678.385 -2.56342e-11 4.97118e+27 0.000544461 4.26947 19604.5 2.834e+14 30 4 1 0.999833 
-1.40554e+16 -671.333 -7.75837e-11 4.97118e+27 0.000548181 4.31034 19657.9 2.81476e+14 31 4 1 0.999509 
-1.39154e+16 -657.991 -1.20152e-10 4.97118e+27 0.000554999 4.3856 19755.4 2.78019e+14 32 4 1 0.999219 
-1.37774e+16 -640.441 -1.45892e-10 4.97118e+27 0.000564052 4.48613 19883.7 2.73556e+14 33 4 1 0.999106 
-1.36418e+16 -621.261 -1.52352e-10 4.97118e+27 0.000574153 4.59905 20025.4 2.68744e+14 34 4 1 0.999165 
-1.35086e+16 -602.553 -1.44749e-10 4.97118e+27 0.000584235 4.71253 20165.3 2.64106e+14 35 4 1 0.999286 
-1.33777e+16 -585.454 -1.33593e-10 4.97118e+27 0.000593735 4.82012 20295.7 2.5988e+14 36 4 1 0.99936 
-1.32487e+16 -569.546 -1.30685e-10 4.97118e+27 0.000602771 4.92309 20418.6 2.55984e+14 37 4 1 0.999355 
-1.31217e+16 -553.708 -1.37557e-10 4.97118e+27 0.000611878 5.0275 20541.4 2.52174e+14 38 4 1 0.999293 
-1.29965e+16 -536.946 -1.49858e-10 4.97118e+27 0.000621525 5.13879 20670.3 2.4826e+14 39 4 1 0.999209 
-1.28734e+16 -519.072 -1.6299e-10 4.97118e+27 0.000631909 5.25938 20807.7 2.44181e+14 40 4 1 0.999138 
-1.27523e+16 -500.203 -1.73636e-10 4.97118e+27 0.000642984 5.38888 20952.8 2.39975e+14 41 4 1 0.999094 
-1.26334e+16 -480.747 -1.8159e-10 4.97118e+27 0.000654587 5.52551 21103.2 2.35721e+14 42 4 1 0.999078 
-1.25166e+16 -460.993 -1.86767e-10 4.97118e+27 0.000666541 5.6673 21256.5 2.31494e+14 43 4 1 0.999079 
-1.24019e+16 -441.14 -1.91064e-10 4.97118e+27 0.000678722 5.81282 21411 2.27339e+14 44 4 1 0.999094 
-1.22892e+16 -421.409 -1.93493e-10 4.97118e+27 0.000691037 5.96101 21565.5 2.23288e+14 45 4 1 0.999116 
-1.21786e+16 -401.838 -1.95841e-10 4.97118e+27 0.000703421 6.11109 21719.3 2.19357e+14 46 4 1 0.999143 
-1.20699e+16 -382.529 -1.97057e-10 4.97118e+27 0.000715832 6.26258 21871.7 2.15553e+14 47 4 1 0.999173 
-1.1963e+16 -363.466 -1.98042e-10 4.97118e+27 0.000728233 6.41497 22022.5 2.11883e+14 48 4 1 0.999202 
-1.1858e+16 -344.701 -1.99246e-10 4.97118e+27 0.000740618 6.56822 22171.5 2.0834e+14 49 4 1 0.99923 
-1.17547e+16 -326.24 -2.00069e-10 4.97118e+27 0.000752982 6.72224 22318.8 2.04919e+14 50 4 1 0.999259 
-1.1653e+16 -308.045 -2.00634e-10 4.97118e+27 0.000765309 6.87681 22464.2 2.01618e+14 51 4 1 0.999285 
-1.1553e+16 -290.166 -2.015e-10 4.97118e+27 0.000777601 7.03193 22607.8 1.98431e+14 52 4 1 0.999312 
-1.14546e+16 -272.536 -2.01653e-10 4.97118e+27 0.000789848 7.18746 22749.6 1.95354e+14 53 4 1 0.999337 
-1.13577e+16 -255.205 -2.0256e-10 4.97118e+27 0.000802051 7.34339 22889.5 1.92382e+14 54 4 1 0.999361 
-1.12622e+16 -238.162 -2.02784e-10 4.97118e+27 0.000814212 7.49974 23027.7 1.89508e+14 55 4 1 0.999384 
-1.11681e+16 -221.365 -2.0312e-10 4.97118e+27 0.000826319 7.65633 23164 1.86732e+14 56 4 1 0.999406 
-1.10754e+16 -204.857 -2.03367e-10 4.97118e+27 0.000838373 7.81314 23298.6 1.84047e+14 57 4 1 0.999428 
-1.09841e+16 -188.593 -2.03638e-10 4.97118e+27 0.000850373 7.97015 23431.4 1.8145e+14 58 4 1 0.999448 
-1.0894e+16 -172.585 -2.03786e-10 4.97118e+27 0.000862319 8.12732 23562.5 1.78936e+14 59 4 1 0.999467 
-1.08051e+16 -156.848 -2.04143e-10 4.97118e+27 0.000874211 8.28466 23691.9 1.76502e+14 60 4 1 0.999487 
-1.07175e+16 -141.352 -2.03782e-10 4.97118e+27 0.00088604 8.44202 23819.6 1.74146e+14 61 4 1 0.999506 
-1.0631e+16 -126.097 -2.03759e-10 4.97118e+27 0.000897797 8.59926 23945.5 1.71865e+14 62 4 1 0.999522 
-1.05456e+16 -111.083 -2.04339e-10 4.97118e+27 0.000909501 8.75661 24069.9 1.69653e+14 63 4 1 0.999541 
-1.04613e+16 -96.2873 -2.03312e-10 4.97118e+27 0.000921124 8.9137 24192.5 1.67513e+14 64 4 1 0.999568 
-1.03781e+16 -81.8899 -1.98866e-10 4.97118e+27 0.000932559 9.06898 24312.1 1.65459e+14 65 4 1 0.999589 
-1.02959e+16 -68.03 -1.96998e-10 4.97118e+27 0.000943819 9.22249 24429 1.63485e+14 66 4 1 0.999568 
-1.02146e+16 -53.8741 -2.14719e-10 4.97118e+27 0.000955374 9.38096 24548.2 1.61507e+14 67 4 1 0.999561 
-1.01343e+16 -38.7655 -2.22196e-10 4.97118e+27 0.000967286 9.54585 24670.8 1.59518e+14 68 4 1 0.999721 
-1.00551e+16 -25.7921 -1.49316e-10 4.97118e+27 0.000977506 9.68762 24774.8 1.57851e+14 69 4 1 0.999869 
-9.97649e+15 -18.5265 -7.96572e-11 4.97118e+27 0.000984619 9.78465 24845.2 1.5671e+14 70 4 1 0.999731 
-9.89836e+15 -9.88568 -2.13861e-10 4.97118e+27 0.000993345 9.90515 24932.4 1.55334e+14 71 4 1 0.999274 
-9.82115e+15 10.0333 -3.73728e-10 4.97118e+27 0.00100841 10.1191 25085.5 1.53014e+14 72 4 1 0.999563 
-9.74533e+15 29.5194 -1.91199e-10 4.97118e+27 0.00102271 10.3224 25228.4 1.50874e+14 73 4 1 0.999998 
-9.67027e+15 33.9613 4.4444e-12 4.97118e+27 0.00102789 10.394 25278 1.50114e+14 74 3 1 1 
-9.59522e+15 32.3193 3.58925e-11 4.97118e+27 0.00102686 10.3785 25267.1 1.50265e+14 75 4 1 1 
-9.52001e+15 29.429 4.91504e-11 4.97118e+27 0.0010243 10.3421 25241.8 1.5064e+14 76 4 1 0.999983 
-9.44458e+15 25.9008 5.77374e-11 4.97118e+27 0.00102121 10.2985 25211.2 1.51095e+14 77 4 1 0.999974 
-9.36891e+15 22.0292 6.1759e-11 4.97118e+27 0.0010179 10.2516 25178.4 1.51586e+14 78 4 1 0.999969 
-9.29299e+15 18.0961 6.13795e-11 4.97118e+27 0.0010146 10.205 25145.5 1.5208e+14 79 4 1 0.999968 
-9.21683e+15 14.3563 5.71826e-11 4.97118e+27 0.0010115 10.1614 25114.7 1.52545e+14 80 4 1 0.999971 
-9.14045e+15 11.0048 5.02855e-11 4.97118e+27 0.00100876 10.1228 25087.4 1.5296e+14 81 4 1 0.999977 
-9.06387e+15 8.15829 4.197e-11 4.97118e+27 0.00100646 10.0905 25064.5 1.53309e+14 82 4 1 0.999984 
-8.98714e+15 5.85612 3.34097e-11 4.97118e+27 0.00100462 10.0646 25046 1.53591e+14 83 4 1 0.999989 
-8.91028e+15 4.07533 2.54749e-11 4.97118e+27 0.0010032 10.0447 25031.9 1.53808e+14 84 4 1 0.999994 
-8.83333e+15 2.7528 1.86749e-11 4.97118e+27 0.00100215 10.0301 25021.5 1.53968e+14 85 4 1 0.999996 
-8.75631e+15 1.80672 1.32016e-11 4.97118e+27 0.00100141 10.0197 25014 1.54083e+14 86 4 1 0.999998 
-8.67925e+15 1.1531 9.0211e-12 4.97118e+27 0.0010009 10.0125 25008.9 1.54162e+14 87 4 1 0.999999 
-8.60215e+15 0.716093 5.96958e-12 4.97118e+27 0.00100056 10.0077 25005.5 1.54214e+14 88 4 1 1 
-8.52503e+15 0.432889 3.83052e-12 4.97118e+27 0.00100034 10.0047 25003.3 1.54248e+14 89 4 1 1 
-8.4479e+15 0.254804 2.38569e-12 4.97118e+27 0.0010002 10.0027 25002 1.5427e+14 90 4 1 1 
-8.37076e+15 0.146057 1.4431e-12 4.97118e+27 0.00100011 10.0016 25001.1 1.54283e+14 91 4 1 1 
-8.29362e+15 0.0815366 8.48202e-13 4.97118e+27 0.00100006 10.0009 25000.6 1.5429e+14 92 4 1 1 
-8.21647e+15 0.0443289 4.84557e-13 4.97118e+27 0.00100003 10.0005 25000.3 1.54295e+14 93 4 1 1 
-8.13932e+15 0.0234693 2.69097e-13 4.97118e+27 0.00100002 10.0003 25000.2 1.54297e+14 94 4 1 1 
-8.06217e+15 0.0120988 1.45287e-13 4.97118e+27 0.00100001 10.0001 25000.1 1.54299e+14 95 4 1 1 
-7.98502e+15 0.00607226 7.62624e-14 4.97118e+27 0.001 10.0001 25000 1.54299e+14 96 4 1 1 
-7.90787e+15 0.0029665 3.8917e-14 4.97118e+27 0.001 10 25000 1.543e+14 97 4 1 1 
-7.83072e+15 0.00141035 1.93054e-14 4.97118e+27 0.001 10 25000 1.543e+14 98 4 1 1 
-7.75357e+15 0.000652358 9.30817e-15 4.97118e+27 0.001 10 25000 1.543e+14 99 4 1 1 
-7.67642e+15 0.000293487 4.3613e-15 4.97118e+27 0.001 10 25000 1.543e+14 100 4 1 1 
-7.59927e+15 0.000128375 1.98531e-15 4.97118e+27 0.001 10 25000 1.543e+14 101 4 1 1 
-7.52212e+15 5.45741e-05 8.77747e-16 4.97118e+27 0.001 10 25000 1.543e+14 102 4 1 1 
-7.44497e+15 2.25371e-05 3.76773e-16 4.97118e+27 0.001 10 25000 1.543e+14 103 4 1 1 
-7.36782e+15 9.03599e-06 1.56953e-16 4.97118e+27 0.001 10 25000 1.543e+14 104 4 1 1 
-7.29067e+15 3.51518e-06 6.34172e-17 4.97118e+27 0.001 10 25000 1.543e+14 105 4 1 1 
-7.21352e+15 1.32583e-06 2.4839e-17 4.97118e+27 0.001 10 25000 1.543e+14 106 4 1 1 
-7.13637e+15 4.84423e-07 9.42363e-18 4.97118e+27 0.001 10 25000 1.543e+14 107 4 1 1 
-7.05922e+15 1.7128e-07 3.46023e-18 4.97118e+27 0.001 10 25000 1.543e+14 108 4 1 1 
-6.98207e+15 5.85421e-08 1.22817e-18 4.97118e+27 0.001 10 25000 1.543e+14 109 4 1 1 
-6.90492e+15 1.93114e-08 4.20999e-19 4.97118e+27 0.001 10 25000 1.543e+14 110 4 1 1 
-6.82777e+15 6.13332e-09 1.39167e-19 4.97118e+27 0.001 10 25000 1.543e+14 111 4 1 1 
-6.75062e+15 1.88156e-09 4.4364e-20 4.97118e+27 0.001 10 25000 1.543e+14 112 4 1 1 
-6.67347e+15 5.41538e-10 1.35791e-20 4.97118e+27 0.001 10 25000 1.543e+14 113 4 1 1 
-6.59632e+15 1.53622e-10 3.74658e-21 4.97118e+27 0.001 10 25000 1.543e+14 114 4 1 1 
-6.51917e+15 4.08995e-11 1.14018e-21 4.97118e+27 0.001 10 25000 1.543e+14 115 4 1 1 
-6.44202e+15 5.12794e-12 4.21813e-22 4.97118e+27 0.001 10 25000 1.543e+14 116 4 1 1 
-6.36487e+15 -5.21641e-14 -2.39457e-23 4.97118e+27 0.001 10 25000 1.543e+14 117 5 1 1 
-6.28772e+15 1.73832e-14 1.84198e-24 4.97118e+27 0.001 10 25000 1.543e+14 118 5 1 1 
-6.21057e+15 3.42822e-45 3.63266e-55 4.97118e+27 0.001 10 25000 1.543e+14 119 5 1 1 
-6.13342e+15 0 0 4.97118e+27 0.001 10 25000 1.543e+14 120 5 1 1 
-6.05627e+15 0 0 4.97118e+27 0.001 10 25000 1.543e+14 121 5 1 1 
-5.97912e+15 0 0 4.97118e+27 0.001 10 25000 1.543e+14 122 5 1 1 
-5.90197e+15 0 0 4.97118e+27 0.001 10 25000 1.543e+14 123 5 1 1 
-5.82482e+15 0 0 4.97118e+27 0.001 10 25000 1.543e+14 124 5 1 1 
-5.74767e+15 0 0 4.97118e+27 0.001 10 25000 1.543e+14 125 5 1 1 
-5.67052e+15 0 0 4.97118e+27 0.001 10 25000 1.543e+14 126 5 1 1 
-5.59337e+15 0 0 4.97118e+27 0.001 10 25000 1.543e+14 127 5 1 1 
-5.51622e+15 0 0 4.97118e+27 0.001 10 25000 1.543e+14 128 5 1 1 
-5.43907e+15 0 0 4.97118e+27 0.001 10 25000 1.543e+14 129 5 1 1 
-5.36192e+15 0 0 4.97118e+27 0.001 10 25000 1.543e+14 130 5 1 1 
-5.28477e+15 0 0 4.97118e+27 0.001 10 25000 1.543e+14 131 5 1 1 
-5.20762e+15 0 0 4.97118e+27 0.001 10 25000 1.543e+14 132 5 1 1 
-5.13047e+15 0 0 4.97118e+27 0.001 10 25000 1.543e+14 133 5 1 1 
-5.05332e+15 0 0 4.97118e+27 0.001 10 25000 1.543e+14 134 5 1 1 
-4.97617e+15 0 0 4.97118e+27 0.001 10 25000 1.543e+14 135 5 1 1 
-4.89902e+15 0 0 4.97118e+27 0.001 10 25000 1.543e+14 136 5 1 1 
-4.82187e+15 0 0 4.97118e+27 0.001 10 25000 1.543e+14 137 5 1 1 
-4.74472e+15 0 0 4.97118e+27 0.001 10 25000 1.543e+14 138 5 1 1 
-4.66757e+15 0 0 4.97118e+27 0.001 10 25000 1.543e+14 139 5 1 1 
-4.59042e+15 0 0 4.97118e+27 0.001 10 25000 1.543e+14 140 5 1 1 
-4.51327e+15 0 0 4.97118e+27 0.001 10 25000 1.543e+14 141 5 1 1 
-4.43612e+15 0 0 4.97118e+27 0.001 10 25000 1.543e+14 142 5 1 1 
-4.35897e+15 0 0 4.97118e+27 0.001 10 25000 1.543e+14 143 5 1 1 
-4.28182e+15 0 0 4.97118e+27 0.001 10 25000 1.543e+14 144 5 1 1 
-4.20467e+15 0 0 4.97118e+27 0.001 10 25000 1.543e+14 145 5 1 1 
-4.12752e+15 0 0 4.97118e+27 0.001 10 25000 1.543e+14 146 5 1 1 
-4.05037e+15 0 0 4.97118e+27 0.001 10 25000 1.543e+14 147 5 1 1 
-3.97322e+15 0 0 4.97118e+27 0.001 10 25000 1.543e+14 148 5 1 1 
-3.89607e+15 0 0 4.97118e+27 0.001 10 25000 1.543e+14 149 5 1 1 
-3.81892e+15 0 0 4.97118e+27 0.001 10 25000 1.543e+14 150 5 1 1 
-3.74177e+15 0 0 4.97118e+27 0.001 10 25000 1.543e+14 151 5 1 1 
-3.66462e+15 0 0 4.97118e+27 0.001 10 25000 1.543e+14 152 5 1 1 
-3.58747e+15 0 0 4.97118e+27 0.001 10 25000 1.543e+14 153 5 1 1 
-3.51032e+15 0 0 4.97118e+27 0.001 10 25000 1.543e+14 154 5 1 1 
-3.43317e+15 0 0 4.97118e+27 0.001 10 25000 1.543e+14 155 5 1 1 
-3.35602e+15 0 0 4.97118e+27 0.001 10 25000 1.543e+14 156 5 1 1 
-3.27887e+15 0 0 4.97118e+27 0.001 10 25000 1.543e+14 157 5 1 1 
-3.20172e+15 0 0 4.97118e+27 0.001 10 25000 1.543e+14 158 5 1 1 
-3.12457e+15 0 0 4.97118e+27 0.001 10 25000 1.543e+14 159 5 1 1 
-3.04742e+15 0 0 4.97118e+27 0.001 10 25000 1.543e+14 160 5 1 1 
-2.97027e+15 0 0 4.97118e+27 0.001 10 25000 1.543e+14 161 5 1 1 
-2.89312e+15 0 0 4.97118e+27 0.001 10 25000 1.543e+14 162 5 1 1 
-2.81597e+15 0 0 4.97118e+27 0.001 10 25000 1.543e+14 163 5 1 1 
-2.73882e+15 0 0 4.97118e+27 0.001 10 25000 1.543e+14 164 5 1 1 
-2.66167e+15 0 0 4.97118e+27 0.001 10 25000 1.543e+14 165 5 1 1 
-2.58452e+15 0 0 4.97118e+27 0.001 10 25000 1.543e+14 166 5 1 1 
-2.50737e+15 0 0 4.97118e+27 0.001 10 25000 1.543e+14 167 5 1 1 
-2.43022e+15 0 0 4.97118e+27 0.001 10 25000 1.543e+14 168 5 1 1 
-2.35307e+15 0 0 4.97118e+27 0.001 10 25000 1.543e+14 169 5 1 1 
-2.27592e+15 0 0 4.97118e+27 0.001 10 25000 1.543e+14 170 5 1 1 
-2.19877e+15 0 0 4.97118e+27 0.001 10 25000 1.543e+14 171 5 1 1 
-2.12162e+15 0 0 4.97118e+27 0.001 10 25000 1.543e+14 172 5 1 1 
-2.04447e+15 -9.25104e-44 -3.63266e-55 4.97118e+27 0.001 10 25000 1.543e+14 173 5 1 1 
-1.96732e+15 -6.94481e-14 -3.63266e-55 4.97118e+27 0.001 10 25000 1.543e+14 174 5 1 1 
-1.89017e+15 -2.07818e-13 0 4.97118e+27 0.001 10 25000 1.543e+14 175 5 1 1 
-1.81302e+15 -3.63e-13 -1.84198e-24 4.97118e+27 0.001 10 25000 1.543e+14 176 5 1 1 
-1.73587e+15 -5.00054e-13 1.84198e-24 4.97118e+27 0.001 10 25000 1.543e+14 177 5 1 1 
-1.65872e+15 -6.36209e-13 -1.84198e-24 4.97118e+27 0.001 10 25000 1.543e+14 178 5 1 1 
-1.58157e+15 -8.05651e-13 1.84198e-24 4.97118e+27 0.001 10 25000 1.543e+14 179 5 1 1 
-1.50442e+15 -9.73533e-13 -1.84198e-24 4.97118e+27 0.001 10 25000 1.543e+14 180 5 1 1 
-1.42727e+15 -1.13967e-12 1.84198e-24 4.97118e+27 0.001 10 25000 1.543e+14 181 5 1 1 
-1.35012e+15 -1.30278e-12 -1.84198e-24 4.97118e+27 0.001 10 25000 1.543e+14 182 5 1 1 
-1.27297e+15 -1.46143e-12 1.84198e-24 4.97118e+27 0.001 10 25000 1.543e+14 183 5 1 1 
-1.19582e+15 -1.97495e-12 1.27813e-39 4.97118e+27 0.001 10 25000 1.543e+14 184 5 1 1 
-1.11867e+15 9.69489e-13 -1.84198e-24 4.97118e+27 0.001 10 25000 1.543e+14 185 5 1 1 
-1.04152e+15 -3.68856e-12 1.84198e-24 4.97118e+27 0.001 10 25000 1.543e+14 186 4 1 1 
-9.64375e+14 -1.37068e-13 1.1631e-37 4.97118e+27 0.001 10 25000 1.543e+14 187 3 1 1 
-8.87225e+14 -1.80843e-12 1.84198e-24 4.97118e+27 0.001 10 25000 1.543e+14 188 4 1 1 
-8.10075e+14 -1.80124e-12 -1.84198e-24 4.97118e+27 0.001 10 25000 1.543e+14 189 4 1 1 
-7.32925e+14 -1.71289e-12 2.4604e-38 4.97118e+27 0.001 10 25000 1.543e+14 190 4 1 1 
-6.55775e+14 -2.77491e-12 1.91719e-38 4.97118e+27 0.001 10 25000 1.543e+14 191 5 1 1 
-5.78625e+14 -1.3263e-12 -3.68395e-24 4.97118e+27 0.001 10 25000 1.543e+14 192 5 1 1 
-5.01475e+14 -2.73829e-12 -3.68395e-24 4.97118e+27 0.001 10 25000 1.543e+14 193 4 1 1 
-4.24325e+14 1.28822e-13 3.68395e-24 4.97118e+27 0.001 10 25000 1.543e+14 194 3 1 1 
-3.47175e+14 -7.88677e-13 -3.68395e-24 4.97118e+27 0.001 10 25000 1.543e+14 195 3 1 1 
-2.70025e+14 -1.13984e-12 -3.68395e-24 4.97118e+27 0.001 10 25000 1.543e+14 196 3 1 1 
-1.92875e+14 -5.8985e-14 7.36791e-24 4.97118e+27 0.001 10 25000 1.543e+14 197 3 1 1 
-1.15725e+14 -3.81055e-13 -3.68395e-24 4.97118e+27 0.001 10 25000 1.543e+14 198 4 1 1 
-3.8575e+13 -3.81064e-13 2.87579e-39 4.97118e+27 0.001 10 25000 1.543e+14 199 4 1 1 
3.8575e+13 -1.83878e-13 9.20989e-24 4.97118e+27 0.001 10 25000 1.543e+14 200 5 1 1 
1.15725e+14 -3.66776e-13 -3.68395e-24 4.97118e+27 0.001 10 25000 1.543e+14 201 4 1 1 
1.92875e+14 -5.41397e-13 -1.84198e-24 4.97118e+27 0.001 10 25000 1.543e+14 202 4 1 1 
2.70025e+14 -1.26883e-12 -8.62737e-39 4.97118e+27 0.001 10 25000 1.543e+14 203 3 1 1 
3.47175e+14 -4.57036e-13 -6.13502e-38 4.97118e+27 0.001 10 25000 1.543e+14 204 3 1 1 
4.24325e+14 9.01475e-13 1.10519e-23 4.97118e+27 0.001 10 25000 1.543e+14 205 4 1 1 
5.01475e+14 2.12813e-12 7.36791e-24 4.97118e+27 0.001 10 25000 1.543e+14 206 5 1 1 
5.78625e+14 3.35361e-14 -9.20989e-24 4.97118e+27 0.001 10 25000 1.543e+14 207 5 1 1 
6.55775e+14 1.15483e-12 9.08165e-55 4.97118e+27 0.001 10 25000 1.543e+14 208 4 1 1 
7.32925e+14 2.4113e-12 1.84198e-24 4.97118e+27 0.001 10 25000 1.543e+14 209 5 1 1 
8.10075e+14 1.07118e-12 -3.68395e-24 4.97118e+27 0.001 10 25000 1.543e+14 210 4 1 1 
8.87225e+14 6.06064e-13 2.03429e-53 4.97118e+27 0.001 10 25000 1.543e+14 211 3 1 1 
9.64375e+14 2.60272e-12 3.61071e-38 4.97118e+27 0.001 10 25000 1.543e+14 212 4 1 1 
1.04153e+15 1.69388e-12 -3.68395e-24 4.97118e+27 0.001 10 25000 1.543e+14 213 5 1 1 
1.11868e+15 2.09434e-12 -1.27813e-39 4.97118e+27 0.001 10 25000 1.543e+14 214 5 1 1 
1.19583e+15 1.67134e-12 1.27813e-39 4.97118e+27 0.001 10 25000 1.543e+14 215 5 1 1 
1.27298e+15 1.30762e-12 7.36791e-24 4.97118e+27 0.001 10 25000 1.543e+14 216 5 1 1 
1.35013e+15 1.07879e-12 -6.26272e-23 4.97118e+27 0.001 10 25000 1.543e+14 217 3 1 1 
1.42728e+15 5.61041e-12 2.94716e-23 4.97118e+27 0.001 10 25000 1.543e+14 218 3 1 1 
1.50443e+15 2.07115e-12 1.47358e-23 4.97118e+27 0.001 10 25000 1.543e+14 219 5 1 1 
1.58158e+15 1.1554e-12 9.20989e-24 4.97118e+27 0.001 10 25000 1.543e+14 220 5 1 1 
1.65873e+15 7.59152e-13 2.54286e-54 4.97118e+27 0.001 10 25000 1.543e+14 221 5 1 1 
1.73588e+15 5.70048e-13 1.84198e-24 4.97118e+27 0.001 10 25000 1.543e+14 222 5 1 1 
1.81303e+15 4.49861e-13 0 4.97118e+27 0.001 10 25000 1.543e+14 223 5 1 1 
1.89018e+15 3.11904e-13 0 4.97118e+27 0.001 10 25000 1.543e+14 224 5 1 1 
1.96733e+15 1.73583e-13 3.63266e-55 4.97118e+27 0.001 10 25000 1.543e+14 225 5 1 1 
2.04448e+15 3.4759e-14 3.63266e-55 4.97118e+27 0.001 10 25000 1.543e+14 226 5 1 1 
2.12163e+15 1.37111e-44 0 4.97118e+27 0.001 10 25000 1.543e+14 227 5 1 1 
2.19878e+15 0 0 4.97118e+27 0.001 10 25000 1.543e+14 228 5 1 1 
2.27593e+15 0 0 4.97118e+27 0.001 10 25000 1.543e+14 229 5 1 1 
2.35308e+15 0 0 4.97118e+27 0.001 10 25000 1.543e+14 230 5 1 1 
2.43023e+15 0 0 4.97118e+27 0.001 10 25000 1.543e+14 231 5 1 1 
2.50738e+15 0 0 4.97118e+27 0.001 10 25000 1.543e+14 232 5 1 1 
2.58453e+15 0 0 4.97118e+27 0.001 10 25000 1.543e+14 233 5 1 1 
2.66168e+15 0 0 4.97118e+27 0.001 10 25000 1.543e+14 234 5 1 1 
2.73883e+15 0 0 4.97118e+27 0.001 10 25000 1.543e+14 235 5 1 1 
2.81598e+15 0 0 4.97118e+27 0.001 10 25000 1.543e+14 236 5 1 1 
2.89313e+15 -1.25842e-42 -3.63266e-55 4.97118e+27 0.001 10 25000 1.543e+14 237 5 1 1 
2.97028e+15 -1.69188e-13 0 4.97118e+27 0.001 10 25000 1.543e+14 238 5 1 1 
3.04743e+15 -3.37357e-13 3.63266e-55 4.97118e+27 0.001 10 25000 1.543e+14 239 5 1 1 
3.12458e+15 1.58941e-12 0 4.97118e+27 0.001 10 25000 1.543e+14 240 5 1 1 
3.20173e+15 1.42405e-12 1.81633e-54 4.97118e+27 0.001 10 25000 1.543e+14 241 5 1 1 
3.27888e+15 2.7e-12 -5.08572e-54 4.97118e+27 0.001 10 25000 1.543e+14 242 5 1 1 
3.35603e+15 1.03784e-12 2.54286e-54 4.97118e+27 0.001 10 25000 1.543e+14 243 5 1 1 
3.43318e+15 9.12414e-13 -1.84198e-24 4.97118e+27 0.001 10 25000 1.543e+14 244 5 1 1 
3.51033e+15 -1.28463e-12 1.0898e-53 4.97118e+27 0.001 10 25000 1.543e+14 245 5 1 1 
3.58748e+15 2.68746e-12 1.84198e-24 4.97118e+27 0.001 10 25000 1.543e+14 246 5 1 1 
3.66463e+15 -5.11336e-14 -1.84198e-24 4.97118e+27 0.001 10 25000 1.543e+14 247 5 1 1 
3.74178e+15 -2.09243e-14 -2.31661e-37 4.97118e+27 0.001 10 25000 1.543e+14 248 5 1 1 
3.81893e+15 -3.1251e-12 -2.32939e-37 4.97118e+27 0.001 10 25000 1.543e+14 249 4 1 1 
3.89608e+15 3.1251e-12 2.32939e-37 4.97118e+27 0.001 10 25000 1.543e+14 250 4 1 1 
3.97323e+15 2.09243e-14 2.31661e-37 4.97118e+27 0.001 10 25000 1.543e+14 251 5 1 1 
4.05038e+15 5.11336e-14 1.84198e-24 4.97118e+27 0.001 10 25000 1.543e+14 252 5 1 1 
4.12753e+15 -2.68746e-12 -1.84198e-24 4.97118e+27 0.001 10 25000 1.543e+14 253 5 1 1 
4.20468e+15 1.28463e-12 -1.0898e-53 4.97118e+27 0.001 10 25000 1.543e+14 254 5 1 1 
4.28183e+15 -9.12414e-13 1.84198e-24 4.97118e+27 0.001 10 25000 1.543e+14 255 5 1 1 
4.35898e+15 -1.03784e-12 -2.54286e-54 4.97118e+27 0.001 10 25000 1.543e+14 256 5 1 1 
4.43613e+15 -2.7e-12 5.08572e-54 4.97118e+27 0.001 10 25000 1.543e+14 257 5 1 1 
4.51328e+15 -1.42405e-12 -1.81633e-54 4.97118e+27 0.001 10 25000 1.543e+14 258 5 1 1 
4.59043e+15 -1.58941e-12 0 4.97118e+27 0.001 10 25000 1.543e+14 259 5 1 1 
4.66758e+15 3.37357e-13 -3.63266e-55 4.97118e+27 0.001 10 25000 1.543e+14 260 5 1 1 
4.74473e+15 1.69188e-13 0 4.97118e+27 0.001 10 25000 1.543e+14 261 5 1 1 
4.82188e+15 1.25842e-42 3.63266e-55 4.97118e+27 0.001 10 25000 1.543e+14 262 5 1 1 
4.89903e+15 0 0 4.97118e+27 0.001 10 25000 1.543e+14 263 5 1 1 
4.97618e+15 0 0 4.97118e+27 0.001 10 25000 1.543e+14 264 5 1 1 
5.05333e+15 0 0 4.97118e+27 0.001 10 25000 1.543e+14 265 5 1 1 
5.13048e+15 0 0 4.97118e+27 0.001 10 25000 1.543e+14 266 5 1 1 
5.20763e+15 0 0 4.97118e+27 0.001 10 25000 1.543e+14 267 5 1 1 
5.28478e+15 0 0 4.97118e+27 0.001 10 25000 1.543e+14 268 5 1 1 
5.36193e+15 0 0 4.97118e+27 0.001 10 25000 1.543e+14 269 5 1 1 
5.43908e+15 0 0 4.97118e+27 0.001 10 25000 1.543e+14 270 5 1 1 
5.51623e+15 0 0 4.97118e+27 0.001 10 25000 1.543e+14 271 5 1 1 
5.59338e+15 0 0 4.97118e+27 0.001 10 25000 1.543e+14 272 5 1 1 
5.67053e+15 0 0 4.97118e+27 0.001 10 25000 1.543e+14 273 5 1 1 
5.74768e+15 0 0 4.97118e+27 0.001 10 25000 1.543e+14 274 5 1 1 
5.82483e+15 0 0 4.97118e+27 0.001 10 25000 1.543e+14 275 5 1 1 
5.90198e+15 0 0 4.97118e+27 0.001 10 25000 1.543e+14 276 5 1 1 
5.97913e+15 0 0 4.97118e+27 0.001 10 25000 1.543e+14 277 5 1 1 
6.05628e+15 0 0 4.97118e+27 0.001 10 25000 1.543e+14 278 5 1 1 
6.13343e+15 0 0 4.97118e+27 0.001 10 25000 1.543e+14 279 5 1 1 
6.21058e+15 -8.55349e-43 -3.63266e-55 4.97118e+27 0.001 10 25000 1.543e+14 280 5 1 1 
6.28773e+15 -6.85718e-14 -4.35919e-54 4.97118e+27 0.001 10 25000 1.543e+14 281 5 1 1 
6.36488e+15 -3.96403e-13 -2.02618e-23 4.97118e+27 0.001 10 25000 1.543e+14 282 5 1 1 
6.44203e+15 -2.06172e-12 -6.81532e-23 4.97118e+27 0.001 10 25000 1.543e+14 283 5 1 1 
6.51918e+15 -3.72611e-11 -1.58778e-21 4.97118e+27 0.001 10 25000 1.543e+14 284 4 1 1 
6.59633e+15 -1.51575e-10 -3.53844e-21 4.97118e+27 0.001 10 25000 1.543e+14 285 4 1 1 
6.67347e+15 -5.44897e-10 -1.37651e-20 4.97118e+27 0.001 10 25000 1.543e+14 286 4 1 1 
6.75062e+15 -1.86958e-09 -4.42314e-20 4.97118e+27 0.001 10 25000 1.543e+14 287 4 1 1 
6.82777e+15 -6.12459e-09 -1.39112e-19 4.97118e+27 0.001 10 25000 1.543e+14 288 4 1 1 
6.90492e+15 -1.93152e-08 -4.211e-19 4.97118e+27 0.001 10 25000 1.543e+14 289 4 1 1 
6.98207e+15 -5.85406e-08 -1.22817e-18 4.97118e+27 0.001 10 25000 1.543e+14 290 4 1 1 
7.05922e+15 -1.71281e-07 -3.46022e-18 4.97118e+27 0.001 10 25000 1.543e+14 291 4 1 1 
7.13637e+15 -4.84427e-07 -9.42357e-18 4.97118e+27 0.001 10 25000 1.543e+14 292 4 1 1 
7.21352e+15 -1.32583e-06 -2.48391e-17 4.97118e+27 0.001 10 25000 1.543e+14 293 4 1 1 
7.29067e+15 -3.51518e-06 -6.34172e-17 4.97118e+27 0.001 10 25000 1.543e+14 294 4 1 1 
7.36782e+15 -9.036e-06 -1.56953e-16 4.97118e+27 0.001 10 25000 1.543e+14 295 4 1 1 
7.44497e+15 -2.25371e-05 -3.76773e-16 4.97118e+27 0.001 10 25000 1.543e+14 296 4 1 1 
7.52212e+15 -5.45741e-05 -8.77747e-16 4.97118e+27 0.001 10 25000 1.543e+14 297 4 1 1 
7.59927e+15 -0.000128375 -1.98531e-15 4.97118e+27 0.001 10 25000 1.543e+14 298 4 1 1 
7.67642e+15 -0.000293487 -4.3613e-15 4.97118e+27 0.001 10 25000 1.543e+14 299 4 1 1 
7.75357e+15 -0.000652358 -9.30817e-15 4.97118e+27 0.001 10 25000 1.543e+14 300 4 1 1 
7.83072e+15 -0.00141035 -1.93054e-14 4.97118e+27 0.001 10 25000 1.543e+14 301 4 1 1 
7.90787e+15 -0.0029665 -3.8917e-14 4.97118e+27 0.001 10 25000 1.543e+14 302 4 1 1 
7.98502e+15 -0.00607226 -7.62624e-14 4.97118e+27 0.001 10.0001 25000 1.54299e+14 303 4 1 1 
8.06217e+15 -0.0120988 -1.45287e-13 4.97118e+27 0.00100001 10.0001 25000.1 1.54299e+14 304 4 1 1 
8.13932e+15 -0.0234693 -2.69097e-13 4.97118e+27 0.00100002 10.0003 25000.2 1.54297e+14 305 4 1 1 
8.21647e+15 -0.0443289 -4.84557e-13 4.97118e+27 0.00100003 10.0005 25000.3 1.54295e+14 306 4 1 1 
8.29362e+15 -0.0815366 -8.48202e-13 4.97118e+27 0.00100006 10.0009 25000.6 1.5429e+14 307 4 1 1 
8.37076e+15 -0.146057 -1.4431e-12 4.97118e+27 0.00100011 10.0016 25001.1 1.54283e+14 308 4 1 1 
8.4479e+15 -0.254804 -2.38569e-12 4.97118e+27 0.0010002 10.0027 25002 1.5427e+14 309 4 1 1 
8.52503e+15 -0.432889 -3.83052e-12 4.97118e+27 0.00100034 10.0047 25003.3 1.54248e+14 310 4 1 1 
8.60215e+15 -0.716093 -5.96958e-12 4.97118e+27 0.00100056 10.0077 25005.5 1.54214e+14 311 4 1 1 
8.67925e+15 -1.1531 -9.0211e-12 4.97118e+27 0.0010009 10.0125 25008.9 1.54162e+14 312 4 1 0.999999 
8.75631e+15 -1.80672 -1.32016e-11 4.97118e+27 0.00100141 10.0197 25014 1.54083e+14 313 4 1 0.999998 
8.83333e+15 -2.7528 -1.86749e-11 4.97118e+27 0.00100215 10.0301 25021.5 1.53968e+14 314 4 1 0.999996 
8.91028e+15 -4.07533 -2.54749e-11 4.97118e+27 0.0010032 10.0447 25031.9 1.53808e+14 315 4 1 0.999994 
8.98714e+15 -5.85612 -3.34097e-11 4.97118e+27 0.00100462 10.0646 25046 1.53591e+14 316 4 1 0.999989 
9.06387e+15 -8.15829 -4.197e-11 4.97118e+27 0.00100646 10.0905 25064.5 1.53309e+14 317 4 1 0.999984 
9.14045e+15 -11.0048 -5.02855e-11 4.97118e+27 0.00100876 10.1228 25087.4 1.5296e+14 318 4 1 0.999977 
9.21683e+15 -14.3563 -5.71826e-11 4.97118e+27 0.0010115 10.1614 25114.7 1.52545e+14 319 4 1 0.999971 
9.29299e+15 -18.0961 -6.13795e-11 4.97118e+27 0.0010146 10.205 25145.5 1.5208e+14 320 4 1 0.999968 
9.36891e+15 -22.0292 -6.1759e-11 4.97118e+27 0.0010179 10.2516 25178.4 1.51586e+14 321 4 1 0.999969 
9.44458e+15 -25.9008 -5.77374e-11 4.97118e+27 0.00102121 10.2985 25211.2 1.51095e+14 322 4 1 0.999974 
9.52001e+15 -29.429 -4.91504e-11 4.97118e+27 0.0010243 10.3421 25241.8 1.5064e+14 323 4 1 0.999983 
9.59522e+15 -32.3193 -3.58925e-11 4.97118e+27 0.00102686 10.3785 25267.1 1.50265e+14 324 4 1 1 
9.67027e+15 -33.9613 -4.4444e-12 4.97118e+27 0.00102789 10.394 25278 1.50114e+14 325 3 1 1 
9.74533e+15 -29.5194 1.91199e-10 4.97118e+27 0.00102271 10.3224 25228.4 1.50874e+14 326 4 1 0.999998 
9.82115e+15 -10.0333 3.73728e-10 4.97118e+27 0.00100841 10.1191 25085.5 1.53014e+14 327 4 1 0.999563 
9.89836e+15 9.88568 2.13861e-10 4.97118e+27 0.000993345 9.90515 24932.4 1.55334e+14 328 4 1 0.999274 
9.97649e+15 18.5265 7.96572e-11 4.97118e+27 0.000984619 9.78465 24845.2 1.5671e+14 329 4 1 0.999731 
1.00551e+16 25.7921 1.49316e-10 4.97118e+27 0.000977506 9.68762 24774.8 1.57851e+14 330 4 1 0.999869 
1.01343e+16 38.7655 2.22196e-10 4.97118e+27 0.000967286 9.54585 24670.8 1.59518e+14 331 4 1 0.999721 
1.02146e+16 53.8741 2.14719e-10 4.97118e+27 0.000955374 9.38096 24548.2 1.61507e+14 332 4 1 0.999561 
1.02959e+16 68.03 1.96998e-10 4.97118e+27 0.000943819 9.22249 24429 1.63485e+14 333 4 1 0.999568 
1.03781e+16 81.8899 1.98866e-10 4.97118e+27 0.000932559 9.06898 24312.1 1.65459e+14 334 4 1 0.999589 
1.04613e+16 96.2873 2.03312e-10 4.97118e+27 0.000921124 8.9137 24192.5 1.67513e+14 335 4 1 0.999568 
1.05456e+16 111.083 2.04339e-10 4.97118e+27 0.000909501 8.75661 24069.9 1.69653e+14 336 4 1 0.999541 
1.0631e+16 126.097 2.03759e-10 4.97118e+27 0.000897797 8.59926 23945.5 1.71865e+14 337 4 1 0.999522 
1.07175e+16 141.352 2.03782e-10 4.97118e+27 0.00088604 8.44202 23819.6 1.74146e+14 338 4 1 0.999506 
1.08051e+16 156.848 2.04143e-10 4.97118e+27 0.000874211 8.28466 23691.9 1.76502e+14 339 4 1 0.999487 
1.0894e+16 172.585 2.03786e-10 4.97118e+27 0.000862319 8.12732 23562.5 1.78936e+14 340 4 1 0.999467 
1.09841e+16 188.593 2.03638e-10 4.97118e+27 0.000850373 7.97015 23431.4 1.8145e+14 341 4 1 0.999448 
1.10754e+16 204.857 2.03367e-10 4.97118e+27 0.000838373 7.81314 23298.6 1.84047e+14 342 4 1 0.999428 
1.11681e+16 221.365 2.0312e-10 4.97118e+27 0.000826319 7.65633 23164 1.86732e+14 343 4 1 0.999406 
1.12622e+16 238.162 2.02784e-10 4.97118e+27 0.000814212 7.49974 23027.7 1.89508e+14 344 4 1 0.999384 
1.13577e+16 255.205 2.0256e-10 4.97118e+27 0.000802051 7.34339 22889.5 1.92382e+14 345 4 1 0.999361 
1.14546e+16 272.536 2.01653e-10 4.97118e+27 0.000789848 7.18746 22749.6 1.95354e+14 346 4 1 0.999337 
1.1553e+16 290.166 2.015e-10 4.97118e+27 0.000777601 7.03193 22607.8 1.98431e+14 347 4 1 0.999312 
1.1653e+16 308.045 2.00634e-10 4.97118e+27 0.000765309 6.87681 22464.2 2.01618e+14 348 4 1 0.999285 
1.17547e+16 326.24 2.00069e-10 4.97118e+27 0.000752982 6.72224 22318.8 2.04919e+14 349 4 1 0.999259 
1.1858e+16 344.701 1.99246e-10 4.97118e+27 0.000740618 6.56822 22171.5 2.0834e+14 350 4 1 0.99923 
1.1963e+16 363.466 1.98042e-10 4.97118e+27 0.000728233 6.41497 22022.5 2.11883e+14 351 4 1 0.999202 
1.20699e+16 382.529 1.97057e-10 4.97118e+27 0.000715832 6.26258 21871.7 2.15553e+14 352 4 1 0.999173 
1.21786e+16 401.838 1.95841e-10 4.97118e+27 0.000703421 6.11109 21719.3 2.19357e+14 353 4 1 0.999143 
1.22892e+16 421.409 1.93493e-10 4.97118e+27 0.000691037 5.96101 21565.5 2.23288e+14 354 4 1 0.999116 
1.24019e+16 441.14 1.91064e-10 4.97118e+27 0.000678722 5.81282 21411 2.27339e+14 355 4 1 0.999094 
1.25166e+16 460.993 1.86767e-10 4.97118e+27 0.000666541 5.6673 21256.5 2.31494e+14 356 4 1 0.999079 
1.26334e+16 480.747 1.8159e-10 4.97118e+27 0.000654587 5.52551 21103.2 2.35721e+14 357 4 1 0.999078 
1.27523e+16 500.203 1.73636e-10 4.97118e+27 0.000642984 5.38888 20952.8 2.39975e+14 358 4 1 0.999094 
1.28734e+16 519.072 1.6299e-10 4.97118e+27 0.000631909 5.25938 20807.7 2.44181e+14 359 4 1 0.999138 
1.29965e+16 536.946 1.49858e-10 4.97118e+27 0.000621525 5.13879 20670.3 2.4826e+14 360 4 1 0.999209 
1.31217e+16 553.708 1.37557e-10 4.97118e+27 0.000611878 5.0275 20541.4 2.52174e+14 361 4 1 0.999293 
1.32487e+16 569.546 1.30685e-10 4.97118e+27 0.000602771 4.92309 20418.6 2.55984e+14 362 4 1 0.999355 
1.33777e+16 585.454 1.33593e-10 4.97118e+27 0.000593735 4.82012 20295.7 2.5988e+14 363 4 1 0.99936 
1.35086e+16 602.553 1.44749e-10 4.97118e+27 0.000584235 4.71253 20165.3 2.64106e+14 364 4 1 0.999286 
1.36418e+16 621.261 1.52352e-10 4.97118e+27 0.000574153 4.59905 20025.4 2.68744e+14 365 4 1 0.999165 
1.37774e+16 640.441 1.45892e-10 4.97118e+27 0.000564052 4.48613 19883.7 2.73556e+14 366 4 1 0.999106 
1.39154e+16 657.991 1.20152e-10 4.97118e+27 0.000554999 4.3856 19755.4 2.78019e+14 367 4 1 0.999219 
1.40554e+16 671.333 7.75837e-11 4.97118e+27 0.000548181 4.31034 19657.9 2.81476e+14 368 4 1 0.999509 
1.41969e+16 678.385 2.56342e-11 4.97118e+27 0.000544461 4.26947 19604.5 2.834e+14 369 4 1 0.999833 
1.43388e+16 679.359 -4.57655e-12 4.97118e+27 0.000543448 4.25845 19590.1 2.83928e+14 370 5 1 0.999986 
1.44808e+16 679.06 -1.45776e-12 4.97118e+27 0.000543491 4.25899 19590.9 2.83905e+14 371 4 1 1 
1.46227e+16 678.708 -4.11664e-12 4.97118e+27 0.000543647 4.26072 19593.2 2.83824e+14 372 4 1 0.999999 
1.47646e+16 678.135 -4.66733e-12 4.97118e+27 0.000543911 4.26364 19597.1 2.83686e+14 373 4 1 0.999999 
1.49064e+16 677.491 -4.80553e-12 4.97118e+27 0.000544228 4.26715 19601.8 2.83521e+14 374 4 1 0.999999 
1.50481e+16 676.858 -4.39771e-12 4.97118e+27 0.000544555 4.27076 19606.6 2.83351e+14 375 4 1 0.999999 
1.51898e+16 676.284 -3.74079e-12 4.97118e+27 0.000544856 4.27408 19611.1 2.83194e+14 376 4 1 0.999999 
1.53313e+16 675.798 -3.07063e-12 4.97118e+27 0.000545115 4.27696 19614.9 2.83059e+14 377 4 1 1 
1.54728e+16 675.403 -2.47467e-12 4.97118e+27 0.00054533 4.27935 19618.2 2.82948e+14 378 4 1 1 
1.56143e+16 675.087 -1.97229e-12 4.97118e+27 0.000545502 4.28128 19620.8 2.82859e+14 379 4 1 1 
1.57557e+16 674.834 -1.58372e-12 4.97118e+27 0.000545639 4.28281 19622.9 2.82788e+14 380 4 1 1 
1.58971e+16 674.628 -1.30279e-12 4.97118e+27 0.000545748 4.28406 19624.7 2.82731e+14 381 4 1 1 
1.60384e+16 674.459 -1.09763e-12 4.97118e+27 0.000545837 4.28508 19626.2 2.82685e+14 382 4 1 1 
1.61798e+16 674.314 -9.43549e-13 4.97118e+27 0.00054591 4.28593 19627.4 2.82647e+14 383 4 1 1 
1.63211e+16 674.189 -8.27216e-13 4.97118e+27 0.000545972 4.28666 19628.6 2.82615e+14 384 4 1 1 
1.64624e+16 674.078 -7.35306e-13 4.97118e+27 0.000546025 4.28731 19629.6 2.82588e+14 385 4 1 1 
1.66037e+16 673.98 -6.56475e-13 4.97118e+27 0.00054607 4.28788 19630.6 2.82564e+14 386 4 1 1 
1.67449e+16 673.892 -5.85695e-13 4.97118e+27 0.000546109 4.28838 19631.5 2.82544e+14 387 4 1 1 
1.68862e+16 673.813 -5.21429e-13 4.97118e+27 0.000546141 4.28883 19632.4 2.82528e+14 388 4 1 1 
1.70275e+16 673.742 -4.63197e-13 4.97118e+27 0.000546168 4.28923 19633.3 2.82514e+14 389 4 1 1 
1.71687e+16 673.679 -4.11467e-13 4.97118e+27 0.000546188 4.28959 19634.2 2.82503e+14 390 4 1 1 
1.731e+16 673.623 -3.66316e-13 4.97118e+27 0.000546203 4.28991 19635.2 2.82496e+14 391 4 1 1 
1.74512e+16 673.572 -3.26554e-13 4.97118e+27 0.000546212 4.29019 19636.1 2.82491e+14 392 4 1 1 
1.75925e+16 673.527 -2.90983e-13 4.97118e+27 0.000546213 4.29042 19637.1 2.8249e+14 393 3 1 1 
1.77337e+16 673.486 -2.5933e-13 4.97118e+27 0.000546197 4.29053 19638.2 2.82499e+14 394 4 1 1 
1.7875e+16 673.449 -2.31606e-13 4.97118e+27 0.000546106 4.29009 19639.4 2.82546e+14 395 4 1 1 
1.80162e+16 673.416 -2.07439e-13 4.97118e+27 0.000545696 4.28764 19643 2.82758e+14 396 4 1 0.999999 
1.81577e+16 673.385 -1.8622e-13 4.97118e+27 0.000544077 4.27021 19621.4 2.836e+14 397 4 1 0.999987 
1.82998e+16 673.357 -1.67191e-13 4.97118e+27 0.000530954 4.11555 19378.1 2.90609e+14 398 4 1 0.999669 
1.84485e+16 673.33 -1.49086e-13 4.97118e+27 0.00050687 4.40245 21713.9 3.04417e+14 399 4 1 0.994708 
1.86045e+16 673.304 -1.31635e-13 4.97118e+27 0.000481331 4.1561 21586.5 3.2057e+14 400 4 1 0.993701 
1.87693e+16 673.278 -1.14765e-13 4.97118e+27 0.000458841 4.50069 24522.1 3.36282e+14 401 4 1 0.993695 
1.89409e+16 673.252 -9.88662e-14 4.97118e+27 0.000450225 4.30603 23910.4 3.42718e+14 402 5 1 0.998659 
1.91121e+16 673.229 -8.47709e-14 4.97118e+27 0.000451821 4.28929 23733.3 3.41507e+14 403 4 1 0.999967 
1.92824e+16 673.206 -7.22254e-14 4.97118e+27 0.000453443 4.28885 23646 3.40285e+14 404 4 1 0.999986 
1.94523e+16 673.185 -6.06264e-14 4.97118e+27 0.000454531 4.2902 23596.9 3.39471e+14 405 4 1 0.999994 
1.96219e+16 673.165 -4.92665e-14 4.97118e+27 0.000455229 4.29102 23565.2 3.38951e+14 406 4 1 0.999997 
1.97913e+16 673.146 -3.7477e-14 4.97118e+27 0.0004557 4.29145 23543.2 3.386e+14 407 4 1 0.999999 
1.99605e+16 673.127 -2.47295e-14 4.97118e+27 0.000456034 4.29169 23527.2 3.38352e+14 408 4 1 0.999999 
2.01296e+16 673.108 -1.01712e-14 4.97118e+27 0.000456281 4.29182 23515.3 3.38169e+14 409 4 1 1 
2.02987e+16 673.088 9.47226e-15 4.97118e+27 0.000456466 4.29189 23506.1 3.38032e+14 410 4 1 1 
2.04677e+16 673.064 4.48751e-14 4.97118e+27 0.000456607 4.2919 23498.9 3.37927e+14 411 4 1 1 
2.06366e+16 673.031 1.33458e-13 4.97118e+27 0.000456709 4.29179 23493 3.37852e+14 412 4 1 1 
2.08055e+16 672.967 3.86842e-13 4.97118e+27 0.000456766 4.29138 23487.8 3.3781e+14 413 3 1 1 
2.09744e+16 672.805 1.1685e-12 4.97118e+27 0.000456737 4.29006 23482.1 3.37831e+14 414 4 1 1 
2.11434e+16 672.341 3.58071e-12 4.97118e+27 0.000456485 4.28601 23472.8 3.38018e+14 415 4 1 1 
2.13124e+16 670.976 1.0456e-11 4.97118e+27 0.000455623 4.27408 23451.7 3.38657e+14 416 4 1 0.999994 
2.1482e+16 667.1 2.91621e-11 4.97118e+27 0.000453182 4.24157 23398.5 3.40481e+14 417 4 1 0.999948 
2.16529e+16 657.188 7.15098e-11 4.97118e+27 0.000447103 4.16162 23269.2 3.45111e+14 418 4 1 0.999658 
2.18272e+16 633.364 1.65132e-10 4.97118e+27 0.000433894 3.9893 22984.3 3.55617e+14 419 4 1 0.998305 
2.20087e+16 585.029 3.15784e-10 4.97118e+27 0.000409273 3.67186 22427.1 3.7701e+14 420 4 1 0.993869 
2.22048e+16 485.781 6.79047e-10 4.97118e+27 0.000368241 3.15336 21406.4 4.19019e+14 421 4 1 0.983666 
2.24302e+16 304.09 9.97818e-10 4.97118e+27 0.000317045 2.53426 19984.3 4.86681e+14 422 4 1 0.965951 
2.26963e+16 116.521 7.12434e-10 4.97118e+27 0.000275917 2.068 18740.4 5.59227e+14 423 4 1 0.962417 
2.29924e+16 22.1755 2.25926e-10 4.97118e+27 0.000256091 1.85698 18129.9 6.0252e+14 424 4 1 0.985086 
2.32993e+16 1.11482 2.58506e-11 4.97118e+27 0.00025069 1.80189 17969.8 6.15502e+14 425 4 1 0.998416 
2.36079e+16 -0.259533 -1.37709e-12 4.97118e+27 0.000249989 1.79489 17949.7 6.17226e+14 426 5 1 0.999969 
2.39165e+16 -0.009708 -3.55758e-13 4.97118e+27 0.000249991 1.79491 17949.8 6.17222e+14 427 4 1 1 
2.42251e+16 0.00462843 2.2307e-14 4.97118e+27 0.000250001 1.79501 17950 6.17199e+14 428 3 1 1 
2.45337e+16 0.00133808 8.98848e-15 4.97118e+27 0.00025 1.795 17950 6.17199e+14 429 4 1 1 
2.48423e+16 0.000307973 2.21883e-15 4.97118e+27 0.00025 1.795 17950 6.172e+14 430 4 1 1 
2.51509e+16 6.64382e-05 4.97091e-16 4.97118e+27 0.00025 1.795 17950 6.172e+14 431 4 1 1 
2.54595e+16 1.37708e-05 1.06479e-16 4.97118e+27 0.00025 1.795 17950 6.172e+14 432 4 1 1 
2.57681e+16 2.74262e-06 2.19836e-17 4.97118e+27 0.00025 1.795 17950 6.172e+14 433 4 1 1 
2.60767e+16 5.22912e-07 4.35861e-18 4.97118e+27 0.00025 1.795 17950 6.172e+14 434 4 1 1 
2.63853e+16 9.51135e-08 8.26271e-19 4.97118e+27 0.00025 1.795 17950 6.172e+14 435 4 1 1 
2.66939e+16 1.64541e-08 1.49159e-19 4.97118e+27 0.00025 1.795 17950 6.172e+14 436 4 1 1 
2.70025e+16 2.7067e-09 2.5592e-20 4.97118e+27 0.00025 1.795 17950 6.172e+14 437 4 1 1 
2.73111e+16 4.27547e-10 4.18267e-21 4.97118e+27 0.00025 1.795 17950 6.172e+14 438 4 1 1 
2.76197e+16 5.62327e-11 7.09161e-22 4.97118e+27 0.00025 1.795 17950 6.172e+14 439 4 1 1 
2.79283e+16 2.87272e-12 4.2826e-23 4.97118e+27 0.00025 1.795 17950 6.172e+14 440 5 1 1 
2.82369e+16 -3.96136e-13 5.52593e-24 4.97118e+27 0.00025 1.795 17950 6.172e+14 441 5 1 1 
2.85455e+16 -1.39852e-12 1.18061e-54 4.97118e+27 0.00025 1.795 17950 6.172e+14 442 5 1 1 
2.88541e+16 -2.3081e-12 2.72449e-55 4.97118e+27 0.00025 1.795 17950 6.172e+14 443 5 1 1 
2.91627e+16 -3.43258e-12 1.84198e-24 4.97118e+27 0.00025 1.795 17950 6.172e+14 444 5 1 1 
2.94713e+16 -4.97407e-12 -4.60494e-25 4.97118e+27 0.00025 1.795 17950 6.172e+14 445 5 1 1 
2.97799e+16 8.12232e-12 5.98643e-24 4.97118e+27 0.00025 1.795 17950 6.172e+14 446 5 1 1 
3.00885e+16 1.05769e-12 2.76297e-24 4.97118e+27 0.00025 1.795 17950 6.172e+14 447 5 1 1 
3.03971e+16 -2.14108e-12 -1.54632e-37 4.97118e+27 0.00025 1.795 17950 6.172e+14 448 5 1 1 
3.07057e+16 -1.12242e-11 -9.20989e-25 4.97118e+27 0.00025 1.795 17950 6.172e+14 449 3 1 1 
3.10143e+16 1.12242e-11 9.20989e-25 4.97118e+27 0.00025 1.795 17950 6.172e+14 450 3 1 1 
3.13229e+16 2.14108e-12 1.54632e-37 4.97118e+27 0.00025 1.795 17950 6.172e+14 451 5 1 1 
3.16315e+16 -1.05769e-12 -2.76297e-24 4.97118e+27 0.00025 1.795 17950 6.172e+14 452 5 1 1 
3.19401e+16 -8.12232e-12 -5.98643e-24 4.97118e+27 0.00025 1.795 17950 6.172e+14 453 5 1 1 
3.22487e+16 4.97407e-12 4.60494e-25 4.97118e+27 0.00025 1.795 17950 6.172e+14 454 5 1 1 
3.25573e+16 3.43258e-12 -1.84198e-24 4.97118e+27 0.00025 1.795 17950 6.172e+14 455 5 1 1 
3.28659e+16 2.3081e-12 -2.72449e-55 4.97118e+27 0.00025 1.795 17950 6.172e+14 456 5 1 1 
3.31745e+16 1.39852e-12 -9.98981e-55 4.97118e+27 0.00025 1.795 17950 6.172e+14 457 5 1 1 
3.34831e+16 3.5268e-13 -5.52593e-24 4.97118e+27 0.00025 1.795 17950 6.172e+14 458 5 1 1 
3.37917e+16 -2.96388e-12 -3.13136e-23 4.97118e+27 0.00025 1.795 17950 6.172e+14 459 5 1 1 
3.41003e+16 -4.26934e-11 -6.64033e-22 4.97118e+27 0.00025 1.795 17950 6.172e+14 460 4 1 1 
3.44089e+16 -4.31378e-10 -4.29917e-21 4.97118e+27 0.00025 1.795 17950 6.172e+14 461 4 1 1 
3.47175e+16 -2.70234e-09 -2.54294e-20 4.97118e+27 0.00025 1.795 17950 6.172e+14 462 4 1 1 
3.50261e+16 -1.64733e-08 -1.49382e-19 4.97118e+27 0.00025 1.795 17950 6.172e+14 463 4 1 1 
3.53347e+16 -9.51145e-08 -8.26074e-19 4.97118e+27 0.00025 1.795 17950 6.172e+14 464 4 1 1 
3.56433e+16 -5.2291e-07 -4.35862e-18 4.97118e+27 0.00025 1.795 17950 6.172e+14 465 4 1 1 
3.59519e+16 -2.7426e-06 -2.19837e-17 4.97118e+27 0.00025 1.795 17950 6.172e+14 466 4 1 1 
3.62605e+16 -1.37708e-05 -1.06479e-16 4.97118e+27 0.00025 1.795 17950 6.172e+14 467 4 1 1 
3.65691e+16 -6.64382e-05 -4.97091e-16 4.97118e+27 0.00025 1.795 17950 6.172e+14 468 4 1 1 
3.68777e+16 -0.000307973 -2.21883e-15 4.97118e+27 0.00025 1.795 17950 6.172e+14 469 4 1 1 
3.71863e+16 -0.00133808 -8.98848e-15 4.97118e+27 0.00025 1.795 17950 6.17199e+14 470 4 1 1 
3.74949e+16 -0.00462843 -2.2307e-14 4.97118e+27 0.000250001 1.79501 17950 6.17199e+14 471 3 1 1 
3.78035e+16 0.009708 3.55758e-13 4.97118e+27 0.000249991 1.79491 17949.8 6.17222e+14 472 4 1 1 
3.81121e+16 0.259533 1.37709e-12 4.97118e+27 0.000249989 1.79489 17949.7 6.17226e+14 473 5 1 0.999969 
3.84207e+16 -1.11482 -2.58506e-11 4.97118e+27 0.00025069 1.80189 17969.8 6.15502e+14 474 4 1 0.998416 
3.87276e+16 -22.1755 -2.25926e-10 4.97118e+27 0.000256091 1.85698 18129.9 6.0252e+14 475 4 1 0.985086 
3.90237e+16 -116.521 -7.12434e-10 4.97118e+27 0.000275917 2.068 18740.4 5.59227e+14 476 4 1 0.962417 
3.92898e+16 -304.09 -9.97818e-10 4.97118e+27 0.000317045 2.53426 19984.3 4.86681e+14 477 4 1 0.965951 
3.95152e+16 -485.781 -6.79047e-10 4.97118e+27 0.000368241 3.15336 21406.4 4.19019e+14 478 4 1 0.983666 
3.97113e+16 -585.029 -3.15784e-10 4.97118e+27 0.000409273 3.67186 22427.1 3.7701e+14 479 4 1 0.993869 
3.98928e+16 -633.364 -1.65132e-10 4.97118e+27 0.000433894 3.9893 22984.3 3.55617e+14 480 4 1 0.998305 
4.00671e+16 -657.188 -7.15098e-11 4.97118e+27 0.000447103 4.16162 23269.2 3.45111e+14 481 4 1 0.999658 
4.0238e+16 -667.1 -2.91621e-11 4.97118e+27 0.000453182 4.24157 23398.5 3.40481e+14 482 4 1 0.999948 
4.04076e+16 -670.976 -1.0456e-11 4.97118e+27 0.000455623 4.27408 23451.7 3.38657e+14 483 4 1 0.999994 
4.05766e+16 -672.341 -3.58071e-12 4.97118e+27 0.000456485 4.28601 23472.8 3.38018e+14 484 4 1 1 
4.07456e+16 -672.805 -1.1685e-12 4.97118e+27 0.000456737 4.29006 23482.1 3.37831e+14 485 4 1 1 
4.09145e+16 -672.967 -3.86842e-13 4.97118e+27 0.000456766 4.29138 23487.8 3.3781e+14 486 3 1 1 
4.10834e+16 -673.031 -1.33458e-13 4.97118e+27 0.000456709 4.29179 23493 3.37852e+14 487 4 1 1 
4.12523e+16 -673.064 -4.48751e-14 4.97118e+27 0.000456607 4.2919 23498.9 3.37927e+14 488 4 1 1 
4.14213e+16 -673.088 -9.47226e-15 4.97118e+27 0.000456466 4.29189 23506.1 3.38032e+14 489 4 1 1 
4.15904e+16 -673.108 1.01712e-14 4.97118e+27 0.000456281 4.29182 23515.3 3.38169e+14 490 4 1 1 
4.17595e+16 -673.127 2.47295e-14 4.97118e+27 0.000456034 4.29169 23527.2 3.38352e+14 491 4 1 0.999999 
4.19287e+16 -673.146 3.7477e-14 4.97118e+27 0.0004557 4.29145 23543.2 3.386e+14 492 4 1 0.999999 
4.20981e+16 -673.165 4.92665e-14 4.97118e+27 0.000455229 4.29102 23565.2 3.38951e+14 493 4 1 0.999997 
4.22677e+16 -673.185 6.06264e-14 4.97118e+27 0.000454531 4.2902 23596.9 3.39471e+14 494 4 1 0.999994 
4.24376e+16 -673.206 7.22254e-14 4.97118e+27 0.000453443 4.28885 23646 3.40285e+14 495 4 1 0.999986 
4.26079e+16 -673.229 8.47709e-14 4.97118e+27 0.000451821 4.28929 23733.3 3.41507e+14 496 4 1 0.999967 
4.27791e+16 -673.252 9.88662e-14 4.97118e+27 0.000450225 4.30603 23910.4 3.42718e+14 497 5 1 0.998659 
4.29507e+16 -673.278 1.14765e-13 4.97118e+27 0.000458841 4.50069 24522.1 3.36282e+14 498 4 1 0.993695 
4.31155e+16 -673.304 1.31635e-13 4.97118e+27 0.000481331 4.1561 21586.5 3.2057e+14 499 4 1 0.993701 
