# Time [s]: 0.147923
# Columns: pos [m], vel [m/s], acc [m/s^2], mass [kg], dens [kg/m^3], pres [Pa], ene [J/kg], sml [m], id, neighbor, alpha, gradh, ...additional?
1.4026 -0.673333 0.00465963 0.0025 0.506868 0.440243 2.17139 0.0098645 0 4 1 0.994708 
1.40742 -0.67336 0.00522793 0.0025 0.530953 0.411553 1.9378 0.00941704 1 4 1 0.999669 
1.41202 -0.673389 0.00582549 0.0025 0.544075 0.427019 1.96213 0.00918991 2 4 1 0.999987 
1.41661 -0.67342 0.00649151 0.0025 0.545694 0.428762 1.9643 0.00916265 3 4 1 0.999999 
1.42118 -0.673454 0.0072496 0.0025 0.546104 0.429006 1.96394 0.00915577 4 4 1 1 
1.42576 -0.673491 0.00811961 0.0025 0.546194 0.429049 1.96381 0.00915426 5 4 1 1 
1.43034 -0.673532 0.00911525 0.0025 0.54621 0.429039 1.96371 0.00915399 6 3 1 1 
1.43492 -0.673578 0.0102365 0.0025 0.546208 0.429015 1.9636 0.00915402 7 4 1 1 
1.43949 -0.67363 0.0114876 0.0025 0.546199 0.428987 1.96351 0.00915417 8 4 1 1 
1.44407 -0.673687 0.012902 0.0025 0.546184 0.428955 1.96342 0.00915443 9 4 1 1 
1.44865 -0.673751 0.0145198 0.0025 0.546163 0.428918 1.96332 0.00915478 10 4 1 1 
1.45322 -0.673823 0.0163427 0.0025 0.546136 0.428877 1.96324 0.00915523 11 4 1 1 
1.4578 -0.673903 0.0183546 0.0025 0.546103 0.428831 1.96314 0.00915579 12 4 1 1 
1.46238 -0.673992 0.0205733 0.0025 0.546063 0.42878 1.96305 0.00915645 13 4 1 1 
1.46696 -0.674092 0.0230538 0.0025 0.546017 0.428722 1.96295 0.00915722 14 4 1 1 
1.47154 -0.674205 0.0259522 0.0025 0.545963 0.428657 1.96285 0.00915812 15 4 1 1 
1.47612 -0.674332 0.0296381 0.0025 0.5459 0.428582 1.96273 0.00915918 16 4 1 1 
1.4807 -0.674479 0.0345752 0.0025 0.545825 0.428495 1.9626 0.00916044 17 4 1 1 
1.48528 -0.674653 0.041189 0.0025 0.545734 0.42839 1.96245 0.00916197 18 4 1 1 
1.48986 -0.674864 0.0502012 0.0025 0.545622 0.428263 1.96227 0.00916385 19 4 1 1 
1.49444 -0.675125 0.0626354 0.0025 0.545481 0.428104 1.96205 0.00916622 20 4 1 1 
1.49903 -0.67545 0.0787289 0.0025 0.545304 0.427906 1.96178 0.0091692 21 4 1 1 
-0.496389 -0.675857 0.0976078 0.0025 0.545083 0.427661 1.96145 0.00917291 22 4 1 1 
-0.491802 -0.676356 0.118323 0.0025 0.544817 0.427366 1.96105 0.00917739 23 4 1 0.999999 
-0.487212 -0.676941 0.138177 0.0025 0.544511 0.427027 1.9606 0.00918256 24 4 1 0.999999 
-0.482619 -0.677582 0.149754 0.0025 0.544182 0.426664 1.96012 0.0091881 25 4 1 0.999999 
-0.478024 -0.678222 0.142748 0.0025 0.543867 0.426315 1.95965 0.00919343 26 4 1 0.999999 
-0.473426 -0.678784 0.123045 0.0025 0.543615 0.426037 1.95928 0.00919769 27 4 1 0.999999 
-0.468826 -0.679086 0.0386986 0.0025 0.543467 0.425873 1.95906 0.00920019 28 5 1 1 
-0.464226 -0.679436 0.112003 0.0025 0.543481 0.425881 1.95906 0.00919995 29 4 1 0.999977 
-0.459626 -0.677835 -1.00756 0.0025 0.544781 0.427297 1.96091 0.009178 30 4 1 0.999792 
-0.455048 -0.669801 -2.61546 0.0025 0.548967 0.4319 1.96692 0.00910801 31 4 1 0.999457 
-0.450518 -0.655674 -3.86946 0.0025 0.556192 0.439882 1.97724 0.0089897 32 4 1 0.999186 
-0.446057 -0.637663 -4.57991 0.0025 0.565498 0.450225 1.99041 0.00884176 33 4 1 0.999101 
-0.441675 -0.618385 -4.70344 0.0025 0.575684 0.461624 2.00467 0.00868532 34 4 1 0.999178 
-0.437371 -0.599835 -4.42183 0.0025 0.585726 0.472937 2.01859 0.00853642 35 4 1 0.999299 
-0.433138 -0.58294 -4.09757 0.0025 0.595155 0.483627 2.03151 0.00840117 36 4 1 0.999362 
-0.42897 -0.567072 -4.05736 0.0025 0.604187 0.493929 2.04378 0.00827558 37 4 1 0.999344 
-0.424862 -0.55109 -4.31638 0.0025 0.613384 0.504483 2.05616 0.0081515 38 4 1 0.999275 
-0.420818 -0.534093 -4.70633 0.0025 0.623178 0.515793 2.06923 0.00802339 39 4 1 0.99919 
-0.416838 -0.515971 -5.11129 0.0025 0.633721 0.528051 2.08315 0.00788991 40 4 1 0.999123 
-0.412927 -0.496905 -5.424 0.0025 0.644938 0.541182 2.09782 0.00775269 41 4 1 0.999083 
-0.409085 -0.477302 -5.65937 0.0025 0.656655 0.554997 2.11299 0.00761435 42 4 1 0.99907 
-0.405312 -0.457453 -5.81361 0.0025 0.668706 0.569308 2.12841 0.00747713 43 4 1 0.999074 
-0.401607 -0.437522 -5.93404 0.0025 0.680964 0.583972 2.14393 0.00734254 44 4 1 0.999091 
-0.397969 -0.417744 -6.01031 0.0025 0.693343 0.598888 2.15943 0.00721144 45 4 1 0.999114 
-0.394395 -0.398132 -6.07533 0.0025 0.705784 0.613985 2.17484 0.00708432 46 4 1 0.999142 
-0.390884 -0.378799 -6.11567 0.0025 0.718247 0.629217 2.19012 0.00696139 47 4 1 0.999173 
-0.387433 -0.359719 -6.14195 0.0025 0.730696 0.644538 2.20523 0.00684279 48 4 1 0.999202 
-0.384041 -0.340931 -6.17769 0.0025 0.743125 0.659937 2.22015 0.00672834 49 4 1 0.99923 
-0.380704 -0.322453 -6.20626 0.0025 0.755533 0.675415 2.2349 0.00661784 50 4 1 0.999259 
-0.377422 -0.30425 -6.2185 0.0025 0.767903 0.690947 2.24947 0.00651124 51 4 1 0.999285 
-0.374193 -0.286353 -6.25052 0.0025 0.780237 0.706532 2.26385 0.00640831 52 4 1 0.999312 
-0.371014 -0.268722 -6.25064 0.0025 0.792525 0.722159 2.27804 0.00630895 53 4 1 0.999337 
-0.367883 -0.251374 -6.27733 0.0025 0.804765 0.737821 2.29205 0.00621299 54 4 1 0.999361 
-0.3648 -0.234325 -6.28913 0.0025 0.816966 0.753528 2.30588 0.00612021 55 4 1 0.999385 
-0.361763 -0.217524 -6.29305 0.0025 0.829111 0.769256 2.31953 0.00603056 56 4 1 0.999407 
-0.358769 -0.20101 -6.30538 0.0025 0.841201 0.785005 2.333 0.00594388 57 4 1 0.999428 
-0.355818 -0.184741 -6.31116 0.0025 0.853238 0.800776 2.34629 0.00586003 58 4 1 0.999449 
-0.352909 -0.168731 -6.31309 0.0025 0.865216 0.816557 2.35941 0.0057789 59 4 1 0.999468 
-0.350039 -0.152987 -6.326 0.0025 0.87714 0.832355 2.37236 0.00570034 60 4 1 0.999488 
-0.347208 -0.137498 -6.31491 0.0025 0.889002 0.848156 2.38514 0.00562428 61 4 1 0.999506 
-0.344415 -0.122243 -6.31393 0.0025 0.900792 0.863944 2.39774 0.00555067 62 4 1 0.999523 
-0.341657 -0.107218 -6.33367 0.0025 0.912527 0.879743 2.41019 0.00547929 63 4 1 0.999544 
-0.338935 -0.0924509 -6.27094 0.0025 0.924158 0.895484 2.42243 0.00541033 64 4 1 0.999573 
-0.336247 -0.0781456 -6.10704 0.0025 0.935567 0.910994 2.43434 0.00534435 65 4 1 0.999584 
-0.333591 -0.0642735 -6.20432 0.0025 0.946899 0.926461 2.44608 0.00528039 66 4 1 0.999553 
-0.330966 -0.0497498 -6.86046 0.0025 0.95868 0.94266 2.45823 0.0052155 67 4 1 0.999585 
-0.328375 -0.0346797 -6.50377 0.0025 0.970436 0.958962 2.47031 0.00515233 68 4 1 0.999782 
-0.325814 -0.0232603 -3.67112 0.0025 0.979714 0.971794 2.47968 0.00510353 69 4 1 0.999862 
-0.323271 -0.0168731 -2.94839 0.0025 0.986585 0.981136 2.48645 0.00506799 70 4 1 0.999605 
-0.320746 -0.00521182 -8.68393 0.0025 0.997161 0.995898 2.49712 0.00501424 71 4 1 0.99923 
-0.318257 0.0169441 -11.0651 0.0025 1.0133 1.01888 2.51348 0.00493439 72 4 1 0.99976 
-0.315811 0.0323246 -3.27283 0.0025 1.0253 1.03589 2.52537 0.0048766 73 4 1 1.00001 
-0.31338 0.0337516 0.548509 0.0025 1.02797 1.03947 2.52785 0.00486394 74 3 1 1 
-0.310947 0.0315985 1.2494 0.0025 1.02622 1.03694 2.52608 0.00487226 75 4 1 0.999994 
-0.308508 0.0284697 1.61985 0.0025 1.02345 1.03301 2.52334 0.00488545 76 4 1 0.99998 
-0.306061 0.024793 1.84075 0.0025 1.02026 1.02849 2.52017 0.00490074 77 4 1 0.999972 
-0.303607 0.0208579 1.92421 0.0025 1.01691 1.02376 2.51685 0.00491686 78 4 1 0.999968 
-0.301145 0.0169441 1.87273 0.0025 1.01364 1.01915 2.5136 0.00493273 79 4 1 0.999969 
-0.298674 0.013293 1.71251 0.0025 1.01063 1.01491 2.5106 0.00494742 80 4 1 0.999973 
-0.296197 0.0100775 1.48042 0.0025 1.00801 1.01122 2.50799 0.00496027 81 4 1 0.999979 
-0.293714 0.00739024 1.21636 0.0025 1.00584 1.00818 2.50583 0.00497095 82 4 1 0.999985 
-0.291226 0.00524898 0.954358 0.0025 1.00413 1.00578 2.50412 0.00497942 83 4 1 0.999991 
-0.288735 0.00361534 0.718008 0.0025 1.00283 1.00396 2.50283 0.00498587 84 4 1 0.999995 
-0.28624 0.0024176 0.519802 0.0025 1.00189 1.00264 2.50188 0.00499057 85 4 1 0.999997 
-0.283744 0.00157109 0.363138 0.0025 1.00122 1.00171 2.50122 0.00499389 86 4 1 0.999999 
-0.281246 0.00099294 0.245353 0.0025 1.00077 1.00108 2.50077 0.00499615 87 4 1 0.999999 
-0.278748 0.000610647 0.16059 0.0025 1.00047 1.00066 2.50047 0.00499763 88 4 1 1 
-0.276249 0.000365563 0.101946 0.0025 1.00028 1.00039 2.50028 0.00499859 89 4 1 1 
-0.273749 0.000213078 0.0628237 0.0025 1.00016 1.00023 2.50016 0.00499918 90 4 1 1 
-0.27125 0.000120939 0.0376032 0.0025 1.00009 1.00013 2.50009 0.00499953 91 4 1 1 
-0.26875 6.68439e-05 0.0218698 0.0025 1.00005 1.00007 2.50005 0.00499974 92 4 1 1 
-0.26625 3.59757e-05 0.0123619 0.0025 1.00003 1.00004 2.50003 0.00499986 93 4 1 1 
-0.26375 1.88526e-05 0.00679223 0.0025 1.00001 1.00002 2.50001 0.00499993 94 4 1 1 
-0.26125 9.61827e-06 0.00362785 0.0025 1.00001 1.00001 2.50001 0.00499996 95 4 1 1 
-0.25875 4.77653e-06 0.00188363 0.0025 1 1.00001 2.5 0.00499998 96 4 1 1 
-0.25625 2.30851e-06 0.000950666 0.0025 1 1 2.5 0.00499999 97 4 1 1 
-0.25375 1.08555e-06 0.000466334 0.0025 1 1 2.5 0.005 98 4 1 1 
-0.25125 4.96535e-07 0.000222297 0.0025 1 1 2.5 0.005 99 4 1 1 
-0.24875 2.20844e-07 0.000102955 0.0025 1 1 2.5 0.005 100 4 1 1 
-0.24625 9.54761e-08 4.63147e-05 0.0025 1 1 2.5 0.005 101 4 1 1 
-0.24375 4.01039e-08 2.02306e-05 0.0025 1 1 2.5 0.005 102 4 1 1 
-0.24125 1.63584e-08 8.57712e-06 0.0025 1 1 2.5 0.005 103 4 1 1 
-0.23875 6.47594e-09 3.52786e-06 0.0025 1 1 2.5 0.005 104 4 1 1 
-0.23625 2.48644e-09 1.40694e-06 0.0025 1 1 2.5 0.005 105 4 1 1 
-0.23375 9.25163e-10 5.43654e-07 0.0025 1 1 2.5 0.005 106 4 1 1 
-0.23125 3.33286e-10 2.03412e-07 0.0025 1 1 2.5 0.005 107 4 1 1 
-0.22875 1.16117e-10 7.36027e-08 0.0025 1 1 2.5 0.005 108 4 1 1 
-0.22625 3.90784e-11 2.57456e-08 0.0025 1 1 2.5 0.005 109 4 1 1 
-0.22375 1.26867e-11 8.67101e-09 0.0025 1 1 2.5 0.005 110 4 1 1 
-0.22125 3.9561e-12 2.82489e-09 0.0025 1 1 2.5 0.005 111 4 1 1 
-0.21875 1.19171e-12 8.86757e-10 0.0025 1 1 2.5 0.005 112 4 1 1 
-0.21625 3.3367e-13 2.60684e-10 0.0025 1 1 2.5 0.005 113 4 1 1 
-0.21375 9.68481e-14 7.00311e-11 0.0025 1 1 2.5 0.005 114 4 1 1 
-0.21125 2.08915e-14 3.02407e-11 0.0025 1 1 2.5 0.005 115 4 1 1 
-0.20875 7.30001e-16 1.36424e-12 0.0025 1 1 2.5 0.005 116 5 1 1 
-0.20625 1.39051e-16 1.13687e-13 0.0025 1 1 2.5 0.005 117 5 1 1 
-0.20375 3.08502e-47 3.36312e-44 0.0025 1 1 2.5 0.005 118 5 1 1 
-0.20125 0 0 0.0025 1 1 2.5 0.005 119 5 1 1 
-0.19875 0 0 0.0025 1 1 2.5 0.005 120 5 1 1 
-0.19625 0 0 0.0025 1 1 2.5 0.005 121 5 1 1 
-0.19375 0 0 0.0025 1 1 2.5 0.005 122 5 1 1 
-0.19125 0 0 0.0025 1 1 2.5 0.005 123 5 1 1 
-0.18875 0 0 0.0025 1 1 2.5 0.005 124 5 1 1 
-0.18625 0 0 0.0025 1 1 2.5 0.005 125 5 1 1 
-0.18375 0 0 0.0025 1 1 2.5 0.005 126 5 1 1 
-0.18125 0 0 0.0025 1 1 2.5 0.005 127 5 1 1 
-0.17875 0 0 0.0025 1 1 2.5 0.005 128 5 1 1 
-0.17625 0 0 0.0025 1 1 2.5 0.005 129 5 1 1 
-0.17375 0 0 0.0025 1 1 2.5 0.005 130 5 1 1 
-0.17125 0 0 0.0025 1 1 2.5 0.005 131 5 1 1 
-0.16875 0 0 0.0025 1 1 2.5 0.005 132 5 1 1 
-0.16625 0 0 0.0025 1 1 2.5 0.005 133 5 1 1 
-0.16375 0 0 0.0025 1 1 2.5 0.005 134 5 1 1 
-0.16125 0 0 0.0025 1 1 2.5 0.005 135 5 1 1 
-0.15875 0 0 0.0025 1 1 2.5 0.005 136 5 1 1 
-0.15625 0 0 0.0025 1 1 2.5 0.005 137 5 1 1 
-0.15375 0 0 0.0025 1 1 2.5 0.005 138 5 1 1 
-0.15125 0 0 0.0025 1 1 2.5 0.005 139 5 1 1 
-0.14875 0 0 0.0025 1 1 2.5 0.005 140 5 1 1 
-0.14625 0 0 0.0025 1 1 2.5 0.005 141 5 1 1 
-0.14375 0 0 0.0025 1 1 2.5 0.005 142 5 1 1 
-0.14125 0 0 0.0025 1 1 2.5 0.005 143 5 1 1 
-0.13875 0 0 0.0025 1 1 2.5 0.005 144 5 1 1 
-0.13625 0 0 0.0025 1 1 2.5 0.005 145 5 1 1 
-0.13375 0 0 0.0025 1 1 2.5 0.005 146 5 1 1 
-0.13125 0 0 0.0025 1 1 2.5 0.005 147 5 1 1 
-0.12875 0 0 0.0025 1 1 2.5 0.005 148 5 1 1 
-0.12625 0 0 0.0025 1 1 2.5 0.005 149 5 1 1 
-0.12375 0 0 0.0025 1 1 2.5 0.005 150 5 1 1 
-0.12125 0 0 0.0025 1 1 2.5 0.005 151 5 1 1 
-0.11875 0 0 0.0025 1 1 2.5 0.005 152 5 1 1 
-0.11625 0 0 0.0025 1 1 2.5 0.005 153 5 1 1 
-0.11375 0 0 0.0025 1 1 2.5 0.005 154 5 1 1 
-0.11125 0 0 0.0025 1 1 2.5 0.005 155 5 1 1 
-0.10875 0 0 0.0025 1 1 2.5 0.005 156 5 1 1 
-0.10625 0 0 0.0025 1 1 2.5 0.005 157 5 1 1 
-0.10375 0 0 0.0025 1 1 2.5 0.005 158 5 1 1 
-0.10125 0 0 0.0025 1 1 2.5 0.005 159 5 1 1 
-0.09875 0 0 0.0025 1 1 2.5 0.005 160 5 1 1 
-0.09625 0 0 0.0025 1 1 2.5 0.005 161 5 1 1 
-0.09375 0 0 0.0025 1 1 2.5 0.005 162 5 1 1 
-0.09125 0 0 0.0025 1 1 2.5 0.005 163 5 1 1 
-0.08875 0 0 0.0025 1 1 2.5 0.005 164 5 1 1 
-0.08625 0 0 0.0025 1 1 2.5 0.005 165 5 1 1 
-0.08375 0 0 0.0025 1 1 2.5 0.005 166 5 1 1 
-0.08125 0 0 0.0025 1 1 2.5 0.005 167 5 1 1 
-0.07875 0 0 0.0025 1 1 2.5 0.005 168 5 1 1 
-0.07625 0 0 0.0025 1 1 2.5 0.005 169 5 1 1 
-0.07375 0 0 0.0025 1 1 2.5 0.005 170 5 1 1 
-0.07125 0 0 0.0025 1 1 2.5 0.005 171 5 1 1 
-0.06875 0 0 0.0025 1 1 2.5 0.005 172 5 1 1 
-0.06625 -8.56539e-47 -1.12104e-44 0.0025 1 1 2.5 0.005 173 5 1 1 
-0.06375 -6.94481e-17 -1.12104e-44 0.0025 1 1 2.5 0.005 174 5 1 1 
-0.06125 -2.07818e-16 0 0.0025 1 1 2.5 0.005 175 5 1 1 
-0.05875 -3.45617e-16 0 0.0025 1 1 2.5 0.005 176 5 1 1 
-0.05625 -5.00054e-16 -5.68434e-14 0.0025 1 1 2.5 0.005 177 5 1 1 
-0.05375 -6.36209e-16 5.68434e-14 0.0025 1 1 2.5 0.005 178 5 1 1 
-0.05125 -8.05651e-16 -5.68434e-14 0.0025 1 1 2.5 0.005 179 5 1 1 
-0.04875 -9.73533e-16 5.68434e-14 0.0025 1 1 2.5 0.005 180 5 1 1 
-0.04625 -1.13967e-15 -5.68434e-14 0.0025 1 1 2.5 0.005 181 5 1 1 
-0.04375 -1.30278e-15 5.68434e-14 0.0025 1 1 2.5 0.005 182 5 1 1 
-0.04125 -1.47881e-15 -1.12104e-44 0.0025 1 1 2.5 0.005 183 5 1 1 
-0.03875 -1.97495e-15 3.9443e-29 0.0025 1 1 2.5 0.005 184 5 1 1 
-0.03625 9.86872e-16 -3.86542e-27 0.0025 1 1 2.5 0.005 185 5 1 1 
-0.03375 -3.68856e-15 -5.68434e-14 0.0025 1 1 2.5 0.005 186 4 1 1 
-0.03125 -1.54452e-16 5.68434e-14 0.0025 1 1 2.5 0.005 187 3 1 1 
-0.02875 -1.84319e-15 5.68434e-14 0.0025 1 1 2.5 0.005 188 4 1 1 
-0.02625 -1.76647e-15 -5.68434e-14 0.0025 1 1 2.5 0.005 189 4 1 1 
-0.02375 -1.71289e-15 7.59279e-28 0.0025 1 1 2.5 0.005 190 4 1 1 
-0.02125 -2.77491e-15 5.91646e-28 0.0025 1 1 2.5 0.005 191 5 1 1 
-0.01875 -1.25677e-15 -1.13687e-13 0.0025 1 1 2.5 0.005 192 5 1 1 
-0.01625 -2.66876e-15 -1.13687e-13 0.0025 1 1 2.5 0.005 193 4 1 1 
-0.01375 7.66722e-17 5.68434e-14 0.0025 1 1 2.5 0.005 194 3 1 1 
-0.01125 -7.71294e-16 5.68434e-14 0.0025 1 1 2.5 0.005 195 3 1 1 
-0.00875 -1.03555e-15 -2.27374e-13 0.0025 1 1 2.5 0.005 196 3 1 1 
-0.00625 -1.9805e-16 2.27374e-13 0.0025 1 1 2.5 0.005 197 3 1 1 
-0.00375 -4.15821e-16 2.27374e-13 0.0025 1 1 2.5 0.005 198 5 1 1 
-0.00125 -2.59382e-16 -3.97904e-13 0.0025 1 1 2.5 0.005 199 5 1 1 
0.00125 -3.92476e-16 3.97904e-13 0.0025 1 1 2.5 0.005 200 5 1 1 
0.00375 -2.7986e-16 -1.7053e-13 0.0025 1 1 2.5 0.005 201 5 1 1 
0.00625 -4.54481e-16 -2.27374e-13 0.0025 1 1 2.5 0.005 202 4 1 1 
0.00875 -1.30359e-15 1.13687e-13 0.0025 1 1 2.5 0.005 203 3 1 1 
0.01125 -4.74419e-16 5.68434e-14 0.0025 1 1 2.5 0.005 204 3 1 1 
0.01375 6.92877e-16 3.41061e-13 0.0025 1 1 2.5 0.005 205 4 1 1 
0.01625 1.97168e-15 2.84217e-13 0.0025 1 1 2.5 0.005 206 5 1 1 
0.01875 2.24751e-16 -3.41061e-13 0.0025 1 1 2.5 0.005 207 5 1 1 
0.02125 1.15483e-15 2.24208e-44 0.0025 1 1 2.5 0.005 208 4 1 1 
0.02375 2.4113e-15 -5.68434e-14 0.0025 1 1 2.5 0.005 209 5 1 1 
0.02625 1.10594e-15 -1.11427e-27 0.0025 1 1 2.5 0.005 210 4 1 1 
0.02875 6.06064e-16 6.27782e-43 0.0025 1 1 2.5 0.005 211 3 1 1 
0.03125 2.63748e-15 -1.13687e-13 0.0025 1 1 2.5 0.005 212 4 1 1 
0.03375 1.72865e-15 5.52203e-28 0.0025 1 1 2.5 0.005 213 5 1 1 
0.03625 2.09434e-15 -3.9443e-29 0.0025 1 1 2.5 0.005 214 5 1 1 
0.03875 1.67134e-15 3.9443e-29 0.0025 1 1 2.5 0.005 215 5 1 1 
0.04125 1.16855e-15 2.27374e-13 0.0025 1 1 2.5 0.005 216 5 1 1 
0.04375 2.29561e-15 -2.04636e-12 0.0025 1 1 2.5 0.005 217 3 1 1 
0.04625 4.98461e-15 1.13687e-12 0.0025 1 1 2.5 0.005 218 3 1 1 
0.04875 1.79302e-15 4.54747e-13 0.0025 1 1 2.5 0.005 219 5 1 1 
0.05125 1.01633e-15 1.7053e-13 0.0025 1 1 2.5 0.005 220 5 1 1 
0.05375 7.41769e-16 5.68434e-14 0.0025 1 1 2.5 0.005 221 5 1 1 
0.05625 5.70048e-16 -5.68434e-14 0.0025 1 1 2.5 0.005 222 5 1 1 
0.05875 4.32477e-16 5.68434e-14 0.0025 1 1 2.5 0.005 223 5 1 1 
0.06125 3.11904e-16 0 0.0025 1 1 2.5 0.005 224 5 1 1 
0.06375 1.73583e-16 1.12104e-44 0.0025 1 1 2.5 0.005 225 5 1 1 
0.06625 3.4759e-17 1.12104e-44 0.0025 1 1 2.5 0.005 226 5 1 1 
0.06875 1.37111e-47 0 0.0025 1 1 2.5 0.005 227 5 1 1 
0.07125 0 0 0.0025 1 1 2.5 0.005 228 5 1 1 
0.07375 0 0 0.0025 1 1 2.5 0.005 229 5 1 1 
0.07625 0 0 0.0025 1 1 2.5 0.005 230 5 1 1 
0.07875 0 0 0.0025 1 1 2.5 0.005 231 5 1 1 
0.08125 0 0 0.0025 1 1 2.5 0.005 232 5 1 1 
0.08375 0 0 0.0025 1 1 2.5 0.005 233 5 1 1 
0.08625 0 0 0.0025 1 1 2.5 0.005 234 5 1 1 
0.08875 0 0 0.0025 1 1 2.5 0.005 235 5 1 1 
0.09125 0 0 0.0025 1 1 2.5 0.005 236 5 1 1 
0.09375 -1.25156e-45 -1.12104e-44 0.0025 1 1 2.5 0.005 237 5 1 1 
0.09625 -1.69188e-16 0 0.0025 1 1 2.5 0.005 238 5 1 1 
0.09875 -3.37357e-16 1.12104e-44 0.0025 1 1 2.5 0.005 239 5 1 1 
0.10125 1.58941e-15 0 0.0025 1 1 2.5 0.005 240 5 1 1 
0.10375 1.42405e-15 4.48416e-44 0.0025 1 1 2.5 0.005 241 5 1 1 
0.10625 2.7e-15 -1.56945e-43 0.0025 1 1 2.5 0.005 242 5 1 1 
0.10875 1.03784e-15 8.96831e-44 0.0025 1 1 2.5 0.005 243 5 1 1 
0.11125 9.29797e-16 -1.00893e-43 0.0025 1 1 2.5 0.005 244 5 1 1 
0.11375 -1.28463e-15 3.47522e-43 0.0025 1 1 2.5 0.005 245 5 1 1 
0.11625 2.68746e-15 -5.68434e-14 0.0025 1 1 2.5 0.005 246 5 1 1 
0.11875 -3.37504e-17 3.9443e-29 0.0025 1 1 2.5 0.005 247 5 1 1 
0.12125 -2.09243e-17 -7.14905e-27 0.0025 1 1 2.5 0.005 248 5 1 1 
0.12375 -3.1251e-15 -7.18849e-27 0.0025 1 1 2.5 0.005 249 4 1 1 
0.12625 3.1251e-15 7.18849e-27 0.0025 1 1 2.5 0.005 250 4 1 1 
0.12875 2.09243e-17 7.14905e-27 0.0025 1 1 2.5 0.005 251 5 1 1 
0.13125 3.37504e-17 -3.9443e-29 0.0025 1 1 2.5 0.005 252 5 1 1 
0.13375 -2.68746e-15 5.68434e-14 0.0025 1 1 2.5 0.005 253 5 1 1 
0.13625 1.28463e-15 -3.47522e-43 0.0025 1 1 2.5 0.005 254 5 1 1 
0.13875 -9.29797e-16 1.00893e-43 0.0025 1 1 2.5 0.005 255 5 1 1 
0.14125 -1.03784e-15 -8.96831e-44 0.0025 1 1 2.5 0.005 256 5 1 1 
0.14375 -2.7e-15 1.56945e-43 0.0025 1 1 2.5 0.005 257 5 1 1 
0.14625 -1.42405e-15 -4.48416e-44 0.0025 1 1 2.5 0.005 258 5 1 1 
0.14875 -1.58941e-15 0 0.0025 1 1 2.5 0.005 259 5 1 1 
0.15125 3.37357e-16 -1.12104e-44 0.0025 1 1 2.5 0.005 260 5 1 1 
0.15375 1.69188e-16 0 0.0025 1 1 2.5 0.005 261 5 1 1 
0.15625 1.25156e-45 1.12104e-44 0.0025 1 1 2.5 0.005 262 5 1 1 
0.15875 0 0 0.0025 1 1 2.5 0.005 263 5 1 1 
0.16125 0 0 0.0025 1 1 2.5 0.005 264 5 1 1 
0.16375 0 0 0.0025 1 1 2.5 0.005 265 5 1 1 
0.16625 0 0 0.0025 1 1 2.5 0.005 266 5 1 1 
0.16875 0 0 0.0025 1 1 2.5 0.005 267 5 1 1 
0.17125 0 0 0.0025 1 1 2.5 0.005 268 5 1 1 
0.17375 0 0 0.0025 1 1 2.5 0.005 269 5 1 1 
0.17625 0 0 0.0025 1 1 2.5 0.005 270 5 1 1 
0.17875 0 0 0.0025 1 1 2.5 0.005 271 5 1 1 
0.18125 0 0 0.0025 1 1 2.5 0.005 272 5 1 1 
0.18375 0 0 0.0025 1 1 2.5 0.005 273 5 1 1 
0.18625 0 0 0.0025 1 1 2.5 0.005 274 5 1 1 
0.18875 0 0 0.0025 1 1 2.5 0.005 275 5 1 1 
0.19125 0 0 0.0025 1 1 2.5 0.005 276 5 1 1 
0.19375 0 0 0.0025 1 1 2.5 0.005 277 5 1 1 
0.19625 0 0 0.0025 1 1 2.5 0.005 278 5 1 1 
0.19875 0 0 0.0025 1 1 2.5 0.005 279 5 1 1 
0.20125 -8.48493e-46 -1.12104e-44 0.0025 1 1 2.5 0.005 280 5 1 1 
0.20375 -6.85718e-17 0 0.0025 1 1 2.5 0.005 281 5 1 1 
0.20625 -2.05188e-16 3.9443e-29 0.0025 1 1 2.5 0.005 282 5 1 1 
0.20875 -7.5798e-16 -2.16005e-12 0.0025 1 1 2.5 0.005 283 5 1 1 
0.21125 -1.61927e-14 -1.98952e-11 0.0025 1 1 2.5 0.005 284 4 1 1 
0.21375 -9.23857e-14 -8.43556e-11 0.0025 1 1 2.5 0.005 285 4 1 1 
0.21625 -3.36525e-13 -2.56591e-10 0.0025 1 1 2.5 0.005 286 4 1 1 
0.21875 -1.18064e-12 -8.87894e-10 0.0025 1 1 2.5 0.005 287 4 1 1 
0.22125 -3.95008e-12 -2.81773e-09 0.0025 1 1 2.5 0.005 288 4 1 1 
0.22375 -1.26871e-11 -8.67874e-09 0.0025 1 1 2.5 0.005 289 4 1 1 
0.22625 -3.90774e-11 -2.5744e-08 0.0025 1 1 2.5 0.005 290 4 1 1 
0.22875 -1.16118e-10 -7.36019e-08 0.0025 1 1 2.5 0.005 291 4 1 1 
0.23125 -3.3329e-10 -2.03411e-07 0.0025 1 1 2.5 0.005 292 4 1 1 
0.23375 -9.25159e-10 -5.43657e-07 0.0025 1 1 2.5 0.005 293 4 1 1 
0.23625 -2.48645e-09 -1.40694e-06 0.0025 1 1 2.5 0.005 294 4 1 1 
0.23875 -6.47595e-09 -3.52786e-06 0.0025 1 1 2.5 0.005 295 4 1 1 
0.24125 -1.63584e-08 -8.57712e-06 0.0025 1 1 2.5 0.005 296 4 1 1 
0.24375 -4.01039e-08 -2.02306e-05 0.0025 1 1 2.5 0.005 297 4 1 1 
0.24625 -9.54761e-08 -4.63147e-05 0.0025 1 1 2.5 0.005 298 4 1 1 
0.24875 -2.20844e-07 -0.000102955 0.0025 1 1 2.5 0.005 299 4 1 1 
0.25125 -4.96535e-07 -0.000222297 0.0025 1 1 2.5 0.005 300 4 1 1 
0.25375 -1.08555e-06 -0.000466334 0.0025 1 1 2.5 0.005 301 4 1 1 
0.25625 -2.30851e-06 -0.000950666 0.0025 1 1 2.5 0.00499999 302 4 1 1 
0.25875 -4.77653e-06 -0.00188363 0.0025 1 1.00001 2.5 0.00499998 303 4 1 1 
0.26125 -9.61827e-06 -0.00362785 0.0025 1.00001 1.00001 2.50001 0.00499996 304 4 1 1 
0.26375 -1.88526e-05 -0.00679223 0.0025 1.00001 1.00002 2.50001 0.00499993 305 4 1 1 
0.26625 -3.59757e-05 -0.0123619 0.0025 1.00003 1.00004 2.50003 0.00499986 306 4 1 1 
0.26875 -6.68439e-05 -0.0218698 0.0025 1.00005 1.00007 2.50005 0.00499974 307 4 1 1 
0.27125 -0.000120939 -0.0376032 0.0025 1.00009 1.00013 2.50009 0.00499953 308 4 1 1 
0.273749 -0.000213078 -0.0628237 0.0025 1.00016 1.00023 2.50016 0.00499918 309 4 1 1 
0.276249 -0.000365563 -0.101946 0.0025 1.00028 1.00039 2.50028 0.00499859 310 4 1 1 
0.278748 -0.000610647 -0.16059 0.0025 1.00047 1.00066 2.50047 0.00499763 311 4 1 1 
0.281246 -0.00099294 -0.245353 0.0025 1.00077 1.00108 2.50077 0.00499615 312 4 1 0.999999 
0.283744 -0.00157109 -0.363138 0.0025 1.00122 1.00171 2.50122 0.00499389 313 4 1 0.999999 
0.28624 -0.0024176 -0.519802 0.0025 1.00189 1.00264 2.50188 0.00499057 314 4 1 0.999997 
0.288735 -0.00361534 -0.718008 0.0025 1.00283 1.00396 2.50283 0.00498587 315 4 1 0.999995 
0.291226 -0.00524898 -0.954358 0.0025 1.00413 1.00578 2.50412 0.00497942 316 4 1 0.999991 
0.293714 -0.00739024 -1.21636 0.0025 1.00584 1.00818 2.50583 0.00497095 317 4 1 0.999985 
0.296197 -0.0100775 -1.48042 0.0025 1.00801 1.01122 2.50799 0.00496027 318 4 1 0.999979 
0.298674 -0.013293 -1.71251 0.0025 1.01063 1.01491 2.5106 0.00494742 319 4 1 0.999973 
0.301145 -0.0169441 -1.87273 0.0025 1.01364 1.01915 2.5136 0.00493273 320 4 1 0.999969 
0.303607 -0.0208579 -1.92421 0.0025 1.01691 1.02376 2.51685 0.00491686 321 4 1 0.999968 
0.306061 -0.024793 -1.84075 0.0025 1.02026 1.02849 2.52017 0.00490074 322 4 1 0.999972 
0.308508 -0.0284697 -1.61985 0.0025 1.02345 1.03301 2.52334 0.00488545 323 4 1 0.99998 
0.310947 -0.0315985 -1.2494 0.0025 1.02622 1.03694 2.52608 0.00487226 324 4 1 0.999994 
0.31338 -0.0337516 -0.548509 0.0025 1.02797 1.03947 2.52785 0.00486394 325 3 1 1 
0.315811 -0.0323246 3.27283 0.0025 1.0253 1.03589 2.52537 0.0048766 326 4 1 1.00001 
0.318257 -0.0169441 11.0651 0.0025 1.0133 1.01888 2.51348 0.00493439 327 4 1 0.99976 
0.320746 0.00521182 8.68393 0.0025 0.997161 0.995898 2.49712 0.00501424 328 4 1 0.99923 
0.323271 0.0168731 2.94839 0.0025 0.986585 0.981136 2.48645 0.00506799 329 4 1 0.999605 
0.325814 0.0232603 3.67112 0.0025 0.979714 0.971794 2.47968 0.00510353 330 4 1 0.999862 
0.328375 0.0346797 6.50377 0.0025 0.970436 0.958962 2.47031 0.00515233 331 4 1 0.999782 
0.330966 0.0497498 6.86046 0.0025 0.95868 0.94266 2.45823 0.0052155 332 4 1 0.999585 
0.333591 0.0642735 6.20432 0.0025 0.946899 0.926461 2.44608 0.00528039 333 4 1 0.999553 
0.336247 0.0781456 6.10704 0.0025 0.935567 0.910994 2.43434 0.00534435 334 4 1 0.999584 
0.338935 0.0924509 6.27094 0.0025 0.924158 0.895484 2.42243 0.00541033 335 4 1 0.999573 
0.341657 0.107218 6.33367 0.0025 0.912527 0.879743 2.41019 0.00547929 336 4 1 0.999544 
0.344415 0.122243 6.31393 0.0025 0.900792 0.863944 2.39774 0.00555067 337 4 1 0.999523 
0.347208 0.137498 6.31491 0.0025 0.889002 0.848156 2.38514 0.00562428 338 4 1 0.999506 
0.350039 0.152987 6.326 0.0025 0.87714 0.832355 2.37236 0.00570034 339 4 1 0.999488 
0.352909 0.168731 6.31309 0.0025 0.865216 0.816557 2.35941 0.0057789 340 4 1 0.999468 
0.355818 0.184741 6.31116 0.0025 0.853238 0.800776 2.34629 0.00586003 341 4 1 0.999449 
0.358769 0.20101 6.30538 0.0025 0.841201 0.785005 2.333 0.00594388 342 4 1 0.999428 
0.361763 0.217524 6.29305 0.0025 0.829111 0.769256 2.31953 0.00603056 343 4 1 0.999407 
0.3648 0.234325 6.28913 0.0025 0.816966 0.753528 2.30588 0.00612021 344 4 1 0.999385 
0.367883 0.251374 6.27733 0.0025 0.804765 0.737821 2.29205 0.00621299 345 4 1 0.999361 
0.371014 0.268722 6.25064 0.0025 0.792525 0.722159 2.27804 0.00630895 346 4 1 0.999337 
0.374193 0.286353 6.25052 0.0025 0.780237 0.706532 2.26385 0.00640831 347 4 1 0.999312 
0.377422 0.30425 6.2185 0.0025 0.767903 0.690947 2.24947 0.00651124 348 4 1 0.999285 
0.380704 0.322453 6.20626 0.0025 0.755533 0.675415 2.2349 0.00661784 349 4 1 0.999259 
0.384041 0.340931 6.17769 0.0025 0.743125 0.659937 2.22015 0.00672834 350 4 1 0.99923 
0.387433 0.359719 6.14195 0.0025 0.730696 0.644538 2.20523 0.00684279 351 4 1 0.999202 
0.390884 0.378799 6.11567 0.0025 0.718247 0.629217 2.19012 0.00696139 352 4 1 0.999173 
0.394395 0.398132 6.07533 0.0025 0.705784 0.613985 2.17484 0.00708432 353 4 1 0.999142 
0.397969 0.417744 6.01031 0.0025 0.693343 0.598888 2.15943 0.00721144 354 4 1 0.999114 
0.401607 0.437522 5.93404 0.0025 0.680964 0.583972 2.14393 0.00734254 355 4 1 0.999091 
0.405312 0.457453 5.81361 0.0025 0.668706 0.569308 2.12841 0.00747713 356 4 1 0.999074 
0.409085 0.477302 5.65937 0.0025 0.656655 0.554997 2.11299 0.00761435 357 4 1 0.99907 
0.412927 0.496905 5.424 0.0025 0.644938 0.541182 2.09782 0.00775269 358 4 1 0.999083 
0.416838 0.515971 5.11129 0.0025 0.633721 0.528051 2.08315 0.00788991 359 4 1 0.999123 
0.420818 0.534093 4.70633 0.0025 0.623178 0.515793 2.06923 0.00802339 360 4 1 0.99919 
0.424862 0.55109 4.31638 0.0025 0.613384 0.504483 2.05616 0.0081515 361 4 1 0.999275 
0.42897 0.567072 4.05736 0.0025 0.604187 0.493929 2.04378 0.00827558 362 4 1 0.999344 
0.433138 0.58294 4.09757 0.0025 0.595155 0.483627 2.03151 0.00840117 363 4 1 0.999362 
0.437371 0.599835 4.42183 0.0025 0.585726 0.472937 2.01859 0.00853642 364 4 1 0.999299 
0.441675 0.618385 4.70344 0.0025 0.575684 0.461624 2.00467 0.00868532 365 4 1 0.999178 
0.446057 0.637663 4.57991 0.0025 0.565498 0.450225 1.99041 0.00884176 366 4 1 0.999101 
0.450518 0.655674 3.86946 0.0025 0.556192 0.439882 1.97724 0.0089897 367 4 1 0.999186 
0.455048 0.669801 2.61546 0.0025 0.548967 0.4319 1.96692 0.00910801 368 4 1 0.999457 
0.459626 0.677835 1.00756 0.0025 0.544781 0.427297 1.96091 0.009178 369 4 1 0.999792 
0.464226 0.679436 -0.112003 0.0025 0.543481 0.425881 1.95906 0.00919995 370 4 1 0.999977 
0.468826 0.679086 -0.0386986 0.0025 0.543467 0.425873 1.95906 0.00920019 371 5 1 1 
0.473426 0.678784 -0.123045 0.0025 0.543615 0.426037 1.95928 0.00919769 372 4 1 0.999999 
0.478024 0.678222 -0.142748 0.0025 0.543867 0.426315 1.95965 0.00919343 373 4 1 0.999999 
0.482619 0.677582 -0.149754 0.0025 0.544182 0.426664 1.96012 0.0091881 374 4 1 0.999999 
0.487212 0.676941 -0.138177 0.0025 0.544511 0.427027 1.9606 0.00918256 375 4 1 0.999999 
0.491802 0.676356 -0.118323 0.0025 0.544817 0.427366 1.96105 0.00917739 376 4 1 0.999999 
0.496389 0.675857 -0.0976078 0.0025 0.545083 0.427661 1.96145 0.00917291 377 4 1 1 
0.500975 0.67545 -0.0787289 0.0025 0.545304 0.427906 1.96178 0.0091692 378 4 1 1 
0.505559 0.675125 -0.0626354 0.0025 0.545481 0.428104 1.96205 0.00916622 379 4 1 1 
0.510141 0.674864 -0.0502012 0.0025 0.545622 0.428263 1.96227 0.00916385 380 4 1 1 
0.514722 0.674653 -0.041189 0.0025 0.545734 0.42839 1.96245 0.00916197 381 4 1 1 
0.519303 0.674479 -0.0345752 0.0025 0.545825 0.428495 1.9626 0.00916044 382 4 1 1 
0.523883 0.674332 -0.0296381 0.0025 0.5459 0.428582 1.96273 0.00915918 383 4 1 1 
0.528462 0.674205 -0.0259522 0.0025 0.545963 0.428657 1.96285 0.00915812 384 4 1 1 
0.533041 0.674092 -0.0230538 0.0025 0.546017 0.428722 1.96295 0.00915722 385 4 1 1 
0.537619 0.673992 -0.0205733 0.0025 0.546063 0.42878 1.96305 0.00915645 386 4 1 1 
0.542197 0.673903 -0.0183546 0.0025 0.546103 0.428831 1.96314 0.00915579 387 4 1 1 
0.546775 0.673823 -0.0163427 0.0025 0.546136 0.428877 1.96324 0.00915523 388 4 1 1 
0.551353 0.673751 -0.0145198 0.0025 0.546163 0.428918 1.96332 0.00915478 389 4 1 1 
0.55593 0.673687 -0.012902 0.0025 0.546184 0.428955 1.96342 0.00915443 390 4 1 1 
0.560507 0.67363 -0.0114876 0.0025 0.546199 0.428987 1.96351 0.00915417 391 4 1 1 
0.565084 0.673578 -0.0102365 0.0025 0.546208 0.429015 1.9636 0.00915402 392 4 1 1 
0.569661 0.673532 -0.00911525 0.0025 0.54621 0.429039 1.96371 0.00915399 393 3 1 1 
0.574238 0.673491 -0.00811961 0.0025 0.546194 0.429049 1.96381 0.00915426 394 4 1 1 
0.578815 0.673454 -0.0072496 0.0025 0.546104 0.429006 1.96394 0.00915577 395 4 1 1 
0.583394 0.67342 -0.00649151 0.0025 0.545694 0.428762 1.9643 0.00916265 396 4 1 0.999999 
0.587978 0.673389 -0.00582549 0.0025 0.544075 0.427019 1.96213 0.00918991 397 4 1 0.999987 
0.592584 0.67336 -0.00522793 0.0025 0.530953 0.411553 1.9378 0.00941704 398 4 1 0.999669 
0.5974 0.673333 -0.00465963 0.0025 0.506868 0.440243 2.17139 0.0098645 399 4 1 0.994708 
0.602455 0.673306 -0.00411259 0.0025 0.481329 0.415608 2.15865 0.0103879 400 4 1 0.993701 
0.607797 0.67328 -0.00358494 0.0025 0.45884 0.450068 2.4522 0.010897 401 4 1 0.993695 
0.613358 0.673254 -0.00308884 0.0025 0.450224 0.430601 2.39104 0.0111056 402 5 1 0.998659 
0.618903 0.67323 -0.0026497 0.0025 0.45182 0.428927 2.37333 0.0110664 403 4 1 0.999967 
0.624424 0.673208 -0.00225867 0.0025 0.453442 0.428883 2.3646 0.0110268 404 4 1 0.999986 
0.62993 0.673187 -0.00189588 0.0025 0.45453 0.429019 2.35968 0.0110004 405 4 1 0.999994 
0.635425 0.673166 -0.00153851 0.0025 0.455228 0.429101 2.35652 0.0109835 406 4 1 0.999997 
0.640913 0.673147 -0.00116615 0.0025 0.455699 0.429143 2.35431 0.0109722 407 4 1 0.999999 
0.646397 0.673128 -0.000762736 0.0025 0.456033 0.429167 2.35272 0.0109641 408 4 1 0.999999 
0.651877 0.673108 -0.000300233 0.0025 0.45628 0.429181 2.35152 0.0109582 409 4 1 1 
0.657355 0.673088 0.000335739 0.0025 0.456465 0.429188 2.35061 0.0109537 410 4 1 1 
0.662831 0.673064 0.00150974 0.0025 0.456605 0.429188 2.34988 0.0109504 411 4 1 1 
0.668306 0.673029 0.00449748 0.0025 0.456707 0.429176 2.3493 0.0109479 412 4 1 1 
0.673779 0.67296 0.0131699 0.0025 0.45676 0.42913 2.34877 0.0109467 413 3 1 1 
0.679252 0.672782 0.039748 0.0025 0.45672 0.428984 2.34818 0.0109476 414 4 1 1 
0.684727 0.67227 0.122062 0.0025 0.456436 0.428537 2.34718 0.0109544 415 4 1 0.999999 
0.690207 0.670768 0.354924 0.0025 0.455484 0.427225 2.34488 0.0109773 416 4 1 0.999993 
0.695704 0.666526 0.979006 0.0025 0.452823 0.423687 2.33911 0.0110418 417 4 1 0.999938 
0.701249 0.65578 2.39515 0.0025 0.446256 0.415055 2.32514 0.0112043 418 4 1 0.9996 
0.70691 0.630148 5.42098 0.0025 0.432212 0.396749 2.29476 0.0115684 419 4 1 0.998069 
0.712823 0.578864 10.414 0.0025 0.40627 0.363345 2.23565 0.0123071 420 4 1 0.993226 
0.71924 0.47257 22.245 0.0025 0.363762 0.30978 2.12883 0.0137452 421 4 1 0.982323 
0.726659 0.285246 30.8256 0.0025 0.31258 0.248214 1.98532 0.0159959 422 4 1 0.964458 
0.735394 0.103524 20.5132 0.0025 0.273236 0.203882 1.86574 0.0182992 423 4 1 0.963786 
0.745042 0.0182072 6.00436 0.0025 0.25518 0.184758 1.81025 0.019594 424 4 1 0.987101 
0.754999 0.000684844 0.608281 0.0025 0.250532 0.180031 1.79652 0.0199575 425 4 1 0.998802 
0.764999 -0.000231386 -0.0495447 0.0025 0.249983 0.179482 1.79495 0.0200014 426 5 1 0.999981 
0.775 -3.92641e-06 -0.00792728 0.0025 0.249993 0.179493 1.79498 0.0200005 427 4 1 1 
0.785 4.21696e-06 0.000657113 0.0025 0.250001 0.179501 1.795 0.02 428 3 1 1 
0.795 1.17848e-06 0.0002445 0.0025 0.25 0.1795 1.795 0.02 429 4 1 1 
0.805 2.68667e-07 6.00562e-05 0.0025 0.25 0.1795 1.795 0.02 430 4 1 1 
0.815 5.76587e-08 1.33689e-05 0.0025 0.25 0.1795 1.795 0.02 431 4 1 1 
0.825 1.18943e-08 2.85034e-06 0.0025 0.25 0.1795 1.795 0.02 432 4 1 1 
0.835 2.35605e-09 5.85701e-07 0.0025 0.25 0.1795 1.795 0.02 433 4 1 1 
0.845 4.46467e-10 1.15472e-07 0.0025 0.25 0.1795 1.795 0.02 434 4 1 1 
0.855 8.06637e-11 2.17526e-08 0.0025 0.25 0.1795 1.795 0.02 435 4 1 1 
0.865 1.38543e-11 3.89866e-09 0.0025 0.25 0.1795 1.795 0.02 436 4 1 1 
0.875 2.26167e-12 6.6548e-10 0.0025 0.25 0.1795 1.795 0.02 437 4 1 1 
0.885 3.5532e-13 1.07107e-10 0.0025 0.25 0.1795 1.795 0.02 438 4 1 1 
0.895 4.39949e-14 1.81331e-11 0.0025 0.25 0.1795 1.795 0.02 439 4 1 1 
0.905 2.16436e-15 9.9476e-13 0.0025 0.25 0.1795 1.795 0.02 440 5 1 1 
0.915 -4.91743e-16 1.42109e-13 0.0025 0.25 0.1795 1.795 0.02 441 5 1 1 
0.925 -1.39852e-15 2.52234e-44 0.0025 0.25 0.1795 1.795 0.02 442 5 1 1 
0.935 -2.3081e-15 5.60519e-45 0.0025 0.25 0.1795 1.795 0.02 443 5 1 1 
0.945 -3.463e-15 4.26326e-14 0.0025 0.25 0.1795 1.795 0.02 444 5 1 1 
0.955 -4.96973e-15 1.5134e-43 0.0025 0.25 0.1795 1.795 0.02 445 5 1 1 
0.965 8.00498e-15 1.98952e-13 0.0025 0.25 0.1795 1.795 0.02 446 5 1 1 
0.975 1.00119e-15 9.9476e-14 0.0025 0.25 0.1795 1.795 0.02 447 5 1 1 
0.985 -2.13239e-15 -2.84217e-14 0.0025 0.25 0.1795 1.795 0.02 448 5 1 1 
0.995 -1.11981e-14 -5.68434e-14 0.0025 0.25 0.1795 1.795 0.02 449 3 1 1 
1.005 1.11981e-14 5.68434e-14 0.0025 0.25 0.1795 1.795 0.02 450 3 1 1 
1.015 2.13239e-15 2.84217e-14 0.0025 0.25 0.1795 1.795 0.02 451 5 1 1 
1.025 -1.00119e-15 -9.9476e-14 0.0025 0.25 0.1795 1.795 0.02 452 5 1 1 
1.035 -8.00498e-15 -1.98952e-13 0.0025 0.25 0.1795 1.795 0.02 453 5 1 1 
1.045 4.96973e-15 -1.5134e-43 0.0025 0.25 0.1795 1.795 0.02 454 5 1 1 
1.055 3.463e-15 -4.26326e-14 0.0025 0.25 0.1795 1.795 0.02 455 5 1 1 
1.065 2.3081e-15 -5.60519e-45 0.0025 0.25 0.1795 1.795 0.02 456 5 1 1 
1.075 1.39852e-15 -2.52234e-44 0.0025 0.25 0.1795 1.795 0.02 457 5 1 1 
1.085 4.43941e-16 -1.27898e-13 0.0025 0.25 0.1795 1.795 0.02 458 5 1 1 
1.095 -2.46411e-15 -6.6791e-13 0.0025 0.25 0.1795 1.795 0.02 459 5 1 1 
1.105 -3.1377e-14 -1.6513e-11 0.0025 0.25 0.1795 1.795 0.02 460 4 1 1 
1.115 -3.56865e-13 -1.10987e-10 0.0025 0.25 0.1795 1.795 0.02 461 4 1 1 
1.125 -2.25999e-12 -6.61743e-10 0.0025 0.25 0.1795 1.795 0.02 462 4 1 1 
1.135 -1.38704e-11 -3.90156e-09 0.0025 0.25 0.1795 1.795 0.02 463 4 1 1 
1.145 -8.06671e-11 -2.17507e-08 0.0025 0.25 0.1795 1.795 0.02 464 4 1 1 
1.155 -4.46465e-10 -1.15471e-07 0.0025 0.25 0.1795 1.795 0.02 465 4 1 1 
1.165 -2.35602e-09 -5.85703e-07 0.0025 0.25 0.1795 1.795 0.02 466 4 1 1 
1.175 -1.18943e-08 -2.85035e-06 0.0025 0.25 0.1795 1.795 0.02 467 4 1 1 
1.185 -5.76587e-08 -1.33689e-05 0.0025 0.25 0.1795 1.795 0.02 468 4 1 1 
1.195 -2.68667e-07 -6.00562e-05 0.0025 0.25 0.1795 1.795 0.02 469 4 1 1 
1.205 -1.17848e-06 -0.0002445 0.0025 0.25 0.1795 1.795 0.02 470 4 1 1 
1.215 -4.21696e-06 -0.000657113 0.0025 0.250001 0.179501 1.795 0.02 471 3 1 1 
1.225 3.92641e-06 0.00792728 0.0025 0.249993 0.179493 1.79498 0.0200005 472 4 1 1 
1.235 0.000231386 0.0495447 0.0025 0.249983 0.179482 1.79495 0.0200014 473 5 1 0.999981 
1.245 -0.000684844 -0.608281 0.0025 0.250532 0.180031 1.79652 0.0199575 474 4 1 0.998802 
1.25496 -0.0182072 -6.00436 0.0025 0.25518 0.184758 1.81025 0.019594 475 4 1 0.987101 
1.26461 -0.103524 -20.5132 0.0025 0.273236 0.203882 1.86574 0.0182992 476 4 1 0.963786 
1.27334 -0.285246 -30.8256 0.0025 0.31258 0.248214 1.98532 0.0159959 477 4 1 0.964458 
1.28076 -0.47257 -22.245 0.0025 0.363762 0.30978 2.12883 0.0137452 478 4 1 0.982323 
1.28718 -0.578864 -10.414 0.0025 0.40627 0.363345 2.23565 0.0123071 479 4 1 0.993226 
1.29309 -0.630148 -5.42098 0.0025 0.432212 0.396749 2.29476 0.0115684 480 4 1 0.998069 
1.29875 -0.65578 -2.39515 0.0025 0.446256 0.415055 2.32514 0.0112043 481 4 1 0.9996 
1.3043 -0.666526 -0.979006 0.0025 0.452823 0.423687 2.33911 0.0110418 482 4 1 0.999938 
1.30979 -0.670768 -0.354924 0.0025 0.455484 0.427225 2.34488 0.0109773 483 4 1 0.999993 
1.31527 -0.67227 -0.122062 0.0025 0.456436 0.428537 2.34718 0.0109544 484 4 1 0.999999 
1.32075 -0.672782 -0.039748 0.0025 0.45672 0.428984 2.34818 0.0109476 485 4 1 1 
1.32622 -0.67296 -0.0131699 0.0025 0.45676 0.42913 2.34877 0.0109467 486 3 1 1 
1.33169 -0.673029 -0.00449748 0.0025 0.456707 0.429176 2.3493 0.0109479 487 4 1 1 
1.33717 -0.673064 -0.00150974 0.0025 0.456605 0.429188 2.34988 0.0109504 488 4 1 1 
1.34264 -0.673088 -0.000335739 0.0025 0.456465 0.429188 2.35061 0.0109537 489 4 1 1 
1.34812 -0.673108 0.000300233 0.0025 0.45628 0.429181 2.35152 0.0109582 490 4 1 1 
1.3536 -0.673128 0.000762736 0.0025 0.456033 0.429167 2.35272 0.0109641 491 4 1 0.999999 
1.35909 -0.673147 0.00116615 0.0025 0.455699 0.429143 2.35431 0.0109722 492 4 1 0.999999 
1.36458 -0.673166 0.00153851 0.0025 0.455228 0.429101 2.35652 0.0109835 493 4 1 0.999997 
1.37007 -0.673187 0.00189588 0.0025 0.45453 0.429019 2.35968 0.0110004 494 4 1 0.999994 
1.37558 -0.673208 0.00225867 0.0025 0.453442 0.428883 2.3646 0.0110268 495 4 1 0.999986 
1.3811 -0.67323 0.0026497 0.0025 0.45182 0.428927 2.37333 0.0110664 496 4 1 0.999967 
1.38664 -0.673254 0.00308884 0.0025 0.450224 0.430601 2.39104 0.0111056 497 5 1 0.998659 
1.3922 -0.67328 0.00358494 0.0025 0.45884 0.450068 2.4522 0.010897 498 4 1 0.993695 
1.39754 -0.673306 0.00411259 0.0025 0.481329 0.415608 2.15865 0.0103879 499 4 1 0.993701 
