# Time [s]: 0.147311
# Columns: pos [m], vel [m/s], acc [m/s^2], mass [kg], dens [kg/m^3], pres [Pa], ene [J/kg], sml [m], id, neighbor, alpha, gradh, ...additional?
1.40301 -0.673336 0.00471926 0.0025 0.506866 0.440241 2.17139 0.00986453 0 4 1 0.994708 
1.40783 -0.673364 0.00529735 0.0025 0.530951 0.411551 1.9378 0.00941707 1 4 1 0.999669 
1.41243 -0.673392 0.0059055 0.0025 0.544073 0.427017 1.96213 0.00918995 2 4 1 0.999987 
1.41702 -0.673424 0.00658314 0.0025 0.545691 0.428759 1.96429 0.00916269 3 4 1 0.999999 
1.4216 -0.673458 0.0073539 0.0025 0.546101 0.429003 1.96394 0.00915581 4 4 1 1 
1.42617 -0.673496 0.00823846 0.0025 0.546191 0.429046 1.96381 0.00915431 5 4 1 1 
1.43075 -0.673538 0.00925282 0.0025 0.546207 0.429035 1.9637 0.00915404 6 3 1 1 
1.43533 -0.673585 0.0103979 0.0025 0.546205 0.429011 1.9636 0.00915408 7 4 1 1 
1.4399 -0.673637 0.011674 0.0025 0.546195 0.428982 1.9635 0.00915424 8 4 1 1 
1.44448 -0.673695 0.0131101 0.0025 0.546179 0.42895 1.96341 0.0091545 9 4 1 1 
1.44906 -0.67376 0.0147491 0.0025 0.546158 0.428912 1.96332 0.00915486 10 4 1 1 
1.45364 -0.673833 0.0165974 0.0025 0.54613 0.428871 1.96323 0.00915532 11 4 1 1 
1.45821 -0.673914 0.018638 0.0025 0.546097 0.428825 1.96314 0.00915589 12 4 1 1 
1.46279 -0.674005 0.0208916 0.0025 0.546056 0.428772 1.96304 0.00915656 13 4 1 1 
1.46737 -0.674106 0.0234226 0.0025 0.546009 0.428714 1.96294 0.00915735 14 4 1 1 
1.47195 -0.674221 0.0263893 0.0025 0.545955 0.428647 1.96283 0.00915827 15 4 1 1 
1.47653 -0.674351 0.0301764 0.0025 0.54589 0.428571 1.96271 0.00915935 16 4 1 1 
1.48111 -0.674501 0.0353021 0.0025 0.545814 0.428482 1.96258 0.00916064 17 4 1 1 
1.48569 -0.674679 0.0422155 0.0025 0.54572 0.428375 1.96243 0.0091622 18 4 1 1 
1.49027 -0.674895 0.0515904 0.0025 0.545605 0.428244 1.96224 0.00916415 19 4 1 1 
1.49485 -0.675164 0.0644683 0.0025 0.54546 0.428081 1.96202 0.00916658 20 4 1 1 
1.49944 -0.675499 0.0811495 0.0025 0.545277 0.427876 1.96174 0.00916966 21 4 1 1 
-0.495976 -0.675917 0.100528 0.0025 0.54505 0.427624 1.9614 0.00917348 22 4 1 1 
-0.491388 -0.676429 0.121231 0.0025 0.544777 0.427322 1.96099 0.00917807 23 4 1 0.999999 
-0.486798 -0.677027 0.140521 0.0025 0.544466 0.426978 1.96053 0.00918331 24 4 1 0.999999 
-0.482205 -0.677674 0.150935 0.0025 0.544136 0.426613 1.96005 0.00918889 25 4 1 0.999999 
-0.477609 -0.678309 0.141357 0.0025 0.543824 0.426268 1.95959 0.00919416 26 4 1 0.999999 
-0.473011 -0.678857 0.11692 0.0025 0.543585 0.426004 1.95923 0.0091982 27 4 1 0.999999 
-0.468411 -0.679111 0.0418625 0.0025 0.543444 0.425847 1.95902 0.00920059 28 5 1 1 
-0.46381 -0.679487 0.0528036 0.0025 0.543538 0.425942 1.95914 0.00919898 29 4 1 0.999965 
-0.459212 -0.677149 -1.23544 0.0025 0.545163 0.427716 1.96146 0.00917158 30 4 1 0.999748 
-0.454639 -0.668136 -2.83111 0.0025 0.54982 0.43284 1.96814 0.00909388 31 4 1 0.999407 
-0.450118 -0.653262 -4.02155 0.0025 0.557436 0.44126 1.97901 0.00896964 32 4 1 0.999156 
-0.445668 -0.634843 -4.64509 0.0025 0.566971 0.451868 1.99248 0.00881879 33 4 1 0.999099 
-0.441298 -0.615512 -4.69514 0.0025 0.577219 0.463348 2.00681 0.00866222 34 4 1 0.999193 
-0.437005 -0.597145 -4.37491 0.0025 0.587207 0.474613 2.02063 0.00851488 35 4 1 0.99931 
-0.432783 -0.58044 -4.08 0.0025 0.596572 0.485239 2.03345 0.00838122 36 4 1 0.999361 
-0.428624 -0.564581 -4.09037 0.0025 0.605616 0.495564 2.04571 0.00825606 37 4 1 0.999331 
-0.424526 -0.548428 -4.39217 0.0025 0.614915 0.506246 2.05821 0.0081312 38 4 1 0.999256 
-0.420492 -0.53119 -4.78975 0.0025 0.624863 0.517747 2.07146 0.00800175 39 4 1 0.999172 
-0.416524 -0.512821 -5.19103 0.0025 0.635565 0.530203 2.08558 0.00786702 40 4 1 0.999108 
-0.412624 -0.493569 -5.48841 0.0025 0.64692 0.543512 2.1004 0.00772893 41 4 1 0.999073 
-0.408794 -0.473825 -5.71308 0.0025 0.658749 0.557476 2.11568 0.00759015 42 4 1 0.999062 
-0.405033 -0.453883 -5.86345 0.0025 0.670893 0.571917 2.13119 0.00745275 43 4 1 0.99907 
-0.401341 -0.433882 -5.97076 0.0025 0.683226 0.58669 2.14677 0.00731822 44 4 1 0.999088 
-0.397715 -0.414057 -6.04972 0.0025 0.695669 0.601702 2.16233 0.00718733 45 4 1 0.999113 
-0.394153 -0.394407 -6.10636 0.0025 0.708166 0.616889 2.17778 0.00706049 46 4 1 0.999141 
-0.390653 -0.37505 -6.14992 0.0025 0.72068 0.632203 2.19309 0.0069379 47 4 1 0.999172 
-0.387214 -0.355954 -6.17322 0.0025 0.733178 0.647605 2.20822 0.00681962 48 4 1 0.999202 
-0.383833 -0.337145 -6.20659 0.0025 0.745651 0.66308 2.22317 0.00670555 49 4 1 0.99923 
-0.380508 -0.318649 -6.23779 0.0025 0.758103 0.678634 2.23794 0.00659541 50 4 1 0.999259 
-0.377237 -0.300439 -6.24696 0.0025 0.770516 0.69424 2.25253 0.00648916 51 4 1 0.999285 
-0.374019 -0.282522 -6.28102 0.0025 0.782891 0.7099 2.26692 0.00638658 52 4 1 0.999312 
-0.37085 -0.264891 -6.28031 0.0025 0.795222 0.725601 2.28114 0.00628755 53 4 1 0.999338 
-0.367731 -0.247527 -6.30288 0.0025 0.8075 0.741333 2.29516 0.00619195 54 4 1 0.999361 
-0.364658 -0.23047 -6.3201 0.0025 0.819738 0.75711 2.30901 0.00609951 55 4 1 0.999385 
-0.361631 -0.213668 -6.31864 0.0025 0.831921 0.772909 2.32267 0.00601019 56 4 1 0.999407 
-0.358648 -0.197145 -6.33462 0.0025 0.844047 0.788727 2.33615 0.00592384 57 4 1 0.999429 
-0.355707 -0.180874 -6.33796 0.0025 0.856121 0.804567 2.34946 0.00584029 58 4 1 0.99945 
-0.352807 -0.164863 -6.3385 0.0025 0.868133 0.820414 2.36259 0.00575949 59 4 1 0.999469 
-0.349947 -0.149112 -6.35032 0.0025 0.880089 0.836275 2.37555 0.00568125 60 4 1 0.999488 
-0.347125 -0.133629 -6.34219 0.0025 0.891983 0.85214 2.38834 0.00560549 61 4 1 0.999507 
-0.344341 -0.118374 -6.34247 0.0025 0.903807 0.867996 2.40095 0.00553215 62 4 1 0.999524 
-0.341593 -0.103338 -6.35471 0.0025 0.915569 0.883853 2.4134 0.00546108 63 4 1 0.999548 
-0.33888 -0.0886211 -6.256 0.0025 0.927196 0.899609 2.42561 0.0053926 64 4 1 0.999577 
-0.3362 -0.0744141 -6.09822 0.0025 0.938591 0.915113 2.43748 0.00532714 65 4 1 0.999574 
-0.333552 -0.0604219 -6.39386 0.0025 0.95005 0.930778 2.44933 0.00526288 66 4 1 0.999543 
-0.330937 -0.0455086 -7.01183 0.0025 0.962029 0.947294 2.46168 0.00519735 67 4 1 0.999629 
-0.328355 -0.0308931 -5.8818 0.0025 0.973377 0.963048 2.47331 0.00513676 68 4 1 0.999831 
-0.3258 -0.0212509 -2.90124 0.0025 0.981677 0.974468 2.48162 0.00509332 69 4 1 0.999828 
-0.323262 -0.0147049 -4.1437 0.0025 0.988929 0.984356 2.48879 0.00505598 70 4 1 0.999447 
-0.320744 0.000648058 -10.4831 0.0025 1.00161 1.00222 2.50166 0.00499195 71 4 1 0.999303 
-0.318269 0.0232134 -9.4411 0.0025 1.0178 1.02529 2.51799 0.00491255 72 4 1 0.999906 
-0.315831 0.0337255 -1.3093 0.0025 1.027 1.03824 2.527 0.00486853 73 4 1 1.00001 
-0.313401 0.0333309 0.827702 0.0025 1.0277 1.03906 2.52756 0.00486523 74 3 1 1 
-0.310966 0.0307916 1.38976 0.0025 1.0255 1.03591 2.52536 0.00487569 75 4 1 0.999989 
-0.308525 0.0274532 1.70506 0.0025 1.02255 1.03174 2.52245 0.00488972 76 4 1 0.999977 
-0.306076 0.0236525 1.88958 0.0025 1.01928 1.02711 2.5192 0.00490545 77 4 1 0.99997 
-0.303619 0.0196798 1.92928 0.0025 1.01592 1.02236 2.51586 0.00492167 78 4 1 0.999968 
-0.301155 0.0158089 1.84064 0.0025 1.01269 1.01782 2.51266 0.00493732 79 4 1 0.999969 
-0.298682 0.0122641 1.65273 0.0025 1.00979 1.01372 2.50976 0.00495154 80 4 1 0.999974 
-0.296203 0.00919532 1.40509 0.0025 1.0073 1.01022 2.50728 0.00496378 81 4 1 0.999981 
-0.293718 0.00667079 1.13686 0.0025 1.00527 1.00737 2.50525 0.0049738 82 4 1 0.999987 
-0.291229 0.00468834 0.879432 0.0025 1.00369 1.00515 2.50367 0.00498164 83 4 1 0.999992 
-0.288737 0.00319619 0.652991 0.0025 1.0025 1.0035 2.50249 0.00498752 84 4 1 0.999995 
-0.286242 0.00211593 0.466942 0.0025 1.00165 1.00231 2.50165 0.00499176 85 4 1 0.999998 
-0.283745 0.00136149 0.322419 0.0025 1.00106 1.00148 2.50106 0.00499471 86 4 1 0.999999 
-0.281247 0.000852072 0.215409 0.0025 1.00066 1.00092 2.50066 0.0049967 87 4 1 0.999999 
-0.278748 0.000518913 0.13946 0.0025 1.0004 1.00056 2.5004 0.00499799 88 4 1 1 
-0.276249 0.000307617 0.0875889 0.0025 1.00024 1.00033 2.50024 0.00499881 89 4 1 1 
-0.273749 0.000177543 0.0534058 0.0025 1.00014 1.00019 2.50014 0.00499932 90 4 1 1 
-0.27125 9.97729e-05 0.0316293 0.0025 1.00008 1.00011 2.50008 0.00499962 91 4 1 1 
-0.26875 5.45931e-05 0.0182012 0.0025 1.00004 1.00006 2.50004 0.00499979 92 4 1 1 
-0.26625 2.90843e-05 0.0101791 0.0025 1.00002 1.00003 2.50002 0.00499989 93 4 1 1 
-0.26375 1.50845e-05 0.00553304 0.0025 1.00001 1.00002 2.50001 0.00499994 94 4 1 1 
-0.26125 7.61538e-06 0.00292335 0.0025 1.00001 1.00001 2.50001 0.00499997 95 4 1 1 
-0.25875 3.74168e-06 0.00150124 0.0025 1 1 2.5 0.00499999 96 4 1 1 
-0.25625 1.78879e-06 0.000749268 0.0025 1 1 2.5 0.00499999 97 4 1 1 
-0.25375 8.31881e-07 0.000363401 0.0025 1 1 2.5 0.005 98 4 1 1 
-0.25125 3.76218e-07 0.000171246 0.0025 1 1 2.5 0.005 99 4 1 1 
-0.24875 1.65403e-07 7.83853e-05 0.0025 1 1 2.5 0.005 100 4 1 1 
-0.24625 7.06643e-08 3.4842e-05 0.0025 1 1 2.5 0.005 101 4 1 1 
-0.24375 2.93226e-08 1.50339e-05 0.0025 1 1 2.5 0.005 102 4 1 1 
-0.24125 1.18118e-08 6.2943e-06 0.0025 1 1 2.5 0.005 103 4 1 1 
-0.23875 4.61602e-09 2.55573e-06 0.0025 1 1 2.5 0.005 104 4 1 1 
-0.23625 1.74881e-09 1.00577e-06 0.0025 1 1 2.5 0.005 105 4 1 1 
-0.23375 6.41755e-10 3.83342e-07 0.0025 1 1 2.5 0.005 106 4 1 1 
-0.23125 2.27868e-10 1.41398e-07 0.0025 1 1 2.5 0.005 107 4 1 1 
-0.22875 7.8203e-11 5.04099e-08 0.0025 1 1 2.5 0.005 108 4 1 1 
-0.22625 2.59016e-11 1.7354e-08 0.0025 1 1 2.5 0.005 109 4 1 1 
-0.22375 8.27271e-12 5.76671e-09 0.0025 1 1 2.5 0.005 110 4 1 1 
-0.22125 2.53449e-12 1.82501e-09 0.0025 1 1 2.5 0.005 111 4 1 1 
-0.21875 7.42858e-13 5.81394e-10 0.0025 1 1 2.5 0.005 112 4 1 1 
-0.21625 2.07119e-13 1.5325e-10 0.0025 1 1 2.5 0.005 113 4 1 1 
-0.21375 5.94842e-14 5.21823e-11 0.0025 1 1 2.5 0.005 114 4 1 1 
-0.21125 7.26671e-15 1.43245e-11 0.0025 1 1 2.5 0.005 115 4 1 1 
-0.20875 3.65051e-16 -1.7053e-13 0.0025 1 1 2.5 0.005 116 5 1 1 
-0.20625 5.21577e-17 1.7053e-13 0.0025 1 1 2.5 0.005 117 5 1 1 
-0.20375 1.02863e-47 3.36312e-44 0.0025 1 1 2.5 0.005 118 5 1 1 
-0.20125 0 0 0.0025 1 1 2.5 0.005 119 5 1 1 
-0.19875 0 0 0.0025 1 1 2.5 0.005 120 5 1 1 
-0.19625 0 0 0.0025 1 1 2.5 0.005 121 5 1 1 
-0.19375 0 0 0.0025 1 1 2.5 0.005 122 5 1 1 
-0.19125 0 0 0.0025 1 1 2.5 0.005 123 5 1 1 
-0.18875 0 0 0.0025 1 1 2.5 0.005 124 5 1 1 
-0.18625 0 0 0.0025 1 1 2.5 0.005 125 5 1 1 
-0.18375 0 0 0.0025 1 1 2.5 0.005 126 5 1 1 
-0.18125 0 0 0.0025 1 1 2.5 0.005 127 5 1 1 
-0.17875 0 0 0.0025 1 1 2.5 0.005 128 5 1 1 
-0.17625 0 0 0.0025 1 1 2.5 0.005 129 5 1 1 
-0.17375 0 0 0.0025 1 1 2.5 0.005 130 5 1 1 
-0.17125 0 0 0.0025 1 1 2.5 0.005 131 5 1 1 
-0.16875 0 0 0.0025 1 1 2.5 0.005 132 5 1 1 
-0.16625 0 0 0.0025 1 1 2.5 0.005 133 5 1 1 
-0.16375 0 0 0.0025 1 1 2.5 0.005 134 5 1 1 
-0.16125 0 0 0.0025 1 1 2.5 0.005 135 5 1 1 
-0.15875 0 0 0.0025 1 1 2.5 0.005 136 5 1 1 
-0.15625 0 0 0.0025 1 1 2.5 0.005 137 5 1 1 
-0.15375 0 0 0.0025 1 1 2.5 0.005 138 5 1 1 
-0.15125 0 0 0.0025 1 1 2.5 0.005 139 5 1 1 
-0.14875 0 0 0.0025 1 1 2.5 0.005 140 5 1 1 
-0.14625 0 0 0.0025 1 1 2.5 0.005 141 5 1 1 
-0.14375 0 0 0.0025 1 1 2.5 0.005 142 5 1 1 
-0.14125 0 0 0.0025 1 1 2.5 0.005 143 5 1 1 
-0.13875 0 0 0.0025 1 1 2.5 0.005 144 5 1 1 
-0.13625 0 0 0.0025 1 1 2.5 0.005 145 5 1 1 
-0.13375 0 0 0.0025 1 1 2.5 0.005 146 5 1 1 
-0.13125 0 0 0.0025 1 1 2.5 0.005 147 5 1 1 
-0.12875 0 0 0.0025 1 1 2.5 0.005 148 5 1 1 
-0.12625 0 0 0.0025 1 1 2.5 0.005 149 5 1 1 
-0.12375 0 0 0.0025 1 1 2.5 0.005 150 5 1 1 
-0.12125 0 0 0.0025 1 1 2.5 0.005 151 5 1 1 
-0.11875 0 0 0.0025 1 1 2.5 0.005 152 5 1 1 
-0.11625 0 0 0.0025 1 1 2.5 0.005 153 5 1 1 
-0.11375 0 0 0.0025 1 1 2.5 0.005 154 5 1 1 
-0.11125 0 0 0.0025 1 1 2.5 0.005 155 5 1 1 
-0.10875 0 0 0.0025 1 1 2.5 0.005 156 5 1 1 
-0.10625 0 0 0.0025 1 1 2.5 0.005 157 5 1 1 
-0.10375 0 0 0.0025 1 1 2.5 0.005 158 5 1 1 
-0.10125 0 0 0.0025 1 1 2.5 0.005 159 5 1 1 
-0.09875 0 0 0.0025 1 1 2.5 0.005 160 5 1 1 
-0.09625 0 0 0.0025 1 1 2.5 0.005 161 5 1 1 
-0.09375 0 0 0.0025 1 1 2.5 0.005 162 5 1 1 
-0.09125 0 0 0.0025 1 1 2.5 0.005 163 5 1 1 
-0.08875 0 0 0.0025 1 1 2.5 0.005 164 5 1 1 
-0.08625 0 0 0.0025 1 1 2.5 0.005 165 5 1 1 
-0.08375 0 0 0.0025 1 1 2.5 0.005 166 5 1 1 
-0.08125 0 0 0.0025 1 1 2.5 0.005 167 5 1 1 
-0.07875 0 0 0.0025 1 1 2.5 0.005 168 5 1 1 
-0.07625 0 0 0.0025 1 1 2.5 0.005 169 5 1 1 
-0.07375 0 0 0.0025 1 1 2.5 0.005 170 5 1 1 
-0.07125 0 0 0.0025 1 1 2.5 0.005 171 5 1 1 
-0.06875 0 0 0.0025 1 1 2.5 0.005 172 5 1 1 
-0.06625 -7.87993e-47 -1.12104e-44 0.0025 1 1 2.5 0.005 173 5 1 1 
-0.06375 -6.94481e-17 -1.12104e-44 0.0025 1 1 2.5 0.005 174 5 1 1 
-0.06125 -2.07818e-16 0 0.0025 1 1 2.5 0.005 175 5 1 1 
-0.05875 -3.45617e-16 0 0.0025 1 1 2.5 0.005 176 5 1 1 
-0.05625 -4.82676e-16 0 0.0025 1 1 2.5 0.005 177 5 1 1 
-0.05375 -6.36209e-16 -5.68434e-14 0.0025 1 1 2.5 0.005 178 5 1 1 
-0.05125 -8.05651e-16 5.68434e-14 0.0025 1 1 2.5 0.005 179 5 1 1 
-0.04875 -9.73533e-16 -5.68434e-14 0.0025 1 1 2.5 0.005 180 5 1 1 
-0.04625 -1.13967e-15 5.68434e-14 0.0025 1 1 2.5 0.005 181 5 1 1 
-0.04375 -1.32016e-15 -1.12104e-44 0.0025 1 1 2.5 0.005 182 5 1 1 
-0.04125 -1.47881e-15 -1.12104e-44 0.0025 1 1 2.5 0.005 183 5 1 1 
-0.03875 -1.97495e-15 3.9443e-29 0.0025 1 1 2.5 0.005 184 5 1 1 
-0.03625 1.00425e-15 -5.68434e-14 0.0025 1 1 2.5 0.005 185 5 1 1 
-0.03375 -3.67119e-15 -3.82598e-27 0.0025 1 1 2.5 0.005 186 4 1 1 
-0.03125 -1.89209e-16 5.68434e-14 0.0025 1 1 2.5 0.005 187 3 1 1 
-0.02875 -1.87795e-15 5.68434e-14 0.0025 1 1 2.5 0.005 188 4 1 1 
-0.02625 -1.73171e-15 -5.68434e-14 0.0025 1 1 2.5 0.005 189 4 1 1 
-0.02375 -1.71289e-15 7.59279e-28 0.0025 1 1 2.5 0.005 190 4 1 1 
-0.02125 -2.77491e-15 5.91646e-28 0.0025 1 1 2.5 0.005 191 5 1 1 
-0.01875 -1.18726e-15 -1.13687e-13 0.0025 1 1 2.5 0.005 192 5 1 1 
-0.01625 -2.59925e-15 -1.13687e-13 0.0025 1 1 2.5 0.005 193 4 1 1 
-0.01375 4.1915e-17 5.68434e-14 0.0025 1 1 2.5 0.005 194 3 1 1 
-0.01125 -8.06051e-16 5.68434e-14 0.0025 1 1 2.5 0.005 195 3 1 1 
-0.00875 -9.31274e-16 -1.13687e-13 0.0025 1 1 2.5 0.005 196 3 1 1 
-0.00625 -3.71836e-16 3.41061e-13 0.0025 1 1 2.5 0.005 197 4 1 1 
-0.00375 -4.15821e-16 -2.27374e-13 0.0025 1 1 2.5 0.005 198 4 1 1 
-0.00125 -1.37731e-16 0 0.0025 1 1 2.5 0.005 199 5 1 1 
0.00125 -5.14126e-16 -4.93038e-29 0.0025 1 1 2.5 0.005 200 5 1 1 
0.00375 -1.92967e-16 -1.13687e-13 0.0025 1 1 2.5 0.005 201 4 1 1 
0.00625 -4.19724e-16 1.13687e-13 0.0025 1 1 2.5 0.005 202 4 1 1 
0.00875 -1.32097e-15 -5.68434e-14 0.0025 1 1 2.5 0.005 203 3 1 1 
0.01125 -5.09176e-16 5.68434e-14 0.0025 1 1 2.5 0.005 204 3 1 1 
0.01375 4.84334e-16 3.41061e-13 0.0025 1 1 2.5 0.005 205 4 1 1 
0.01625 1.74576e-15 4.54747e-13 0.0025 1 1 2.5 0.005 206 5 1 1 
0.01875 5.02808e-16 -5.68434e-13 0.0025 1 1 2.5 0.005 207 5 1 1 
0.02125 1.15483e-15 1.68156e-44 0.0025 1 1 2.5 0.005 208 4 1 1 
0.02375 2.4113e-15 5.68434e-14 0.0025 1 1 2.5 0.005 209 5 1 1 
0.02625 1.10594e-15 -1.11427e-27 0.0025 1 1 2.5 0.005 210 4 1 1 
0.02875 6.23443e-16 -5.68434e-14 0.0025 1 1 2.5 0.005 211 3 1 1 
0.03125 2.67224e-15 1.11427e-27 0.0025 1 1 2.5 0.005 212 4 1 1 
0.03375 1.76341e-15 -1.13687e-13 0.0025 1 1 2.5 0.005 213 5 1 1 
0.03625 2.09434e-15 -3.9443e-29 0.0025 1 1 2.5 0.005 214 5 1 1 
0.03875 1.7061e-15 -1.13687e-13 0.0025 1 1 2.5 0.005 215 5 1 1 
0.04125 9.94766e-16 3.41061e-13 0.0025 1 1 2.5 0.005 216 5 1 1 
0.04375 3.52949e-15 -1.98952e-12 0.0025 1 1 2.5 0.005 217 3 1 1 
0.04625 4.27209e-15 1.19371e-12 0.0025 1 1 2.5 0.005 218 3 1 1 
0.04875 1.49758e-15 5.11591e-13 0.0025 1 1 2.5 0.005 219 5 1 1 
0.05125 9.4682e-16 5.68434e-14 0.0025 1 1 2.5 0.005 220 5 1 1 
0.05375 7.41769e-16 -5.68434e-14 0.0025 1 1 2.5 0.005 221 5 1 1 
0.05625 5.70048e-16 5.68434e-14 0.0025 1 1 2.5 0.005 222 5 1 1 
0.05875 4.32477e-16 -5.68434e-14 0.0025 1 1 2.5 0.005 223 5 1 1 
0.06125 2.94526e-16 5.68434e-14 0.0025 1 1 2.5 0.005 224 5 1 1 
0.06375 1.73583e-16 0 0.0025 1 1 2.5 0.005 225 5 1 1 
0.06625 3.4759e-17 1.12104e-44 0.0025 1 1 2.5 0.005 226 5 1 1 
0.06875 1.02838e-47 1.12104e-44 0.0025 1 1 2.5 0.005 227 5 1 1 
0.07125 0 0 0.0025 1 1 2.5 0.005 228 5 1 1 
0.07375 0 0 0.0025 1 1 2.5 0.005 229 5 1 1 
0.07625 0 0 0.0025 1 1 2.5 0.005 230 5 1 1 
0.07875 0 0 0.0025 1 1 2.5 0.005 231 5 1 1 
0.08125 0 0 0.0025 1 1 2.5 0.005 232 5 1 1 
0.08375 0 0 0.0025 1 1 2.5 0.005 233 5 1 1 
0.08625 0 0 0.0025 1 1 2.5 0.005 234 5 1 1 
0.08875 0 0 0.0025 1 1 2.5 0.005 235 5 1 1 
0.09125 0 0 0.0025 1 1 2.5 0.005 236 5 1 1 
0.09375 -1.24471e-45 -1.12104e-44 0.0025 1 1 2.5 0.005 237 5 1 1 
0.09625 -1.69188e-16 0 0.0025 1 1 2.5 0.005 238 5 1 1 
0.09875 -3.37357e-16 1.12104e-44 0.0025 1 1 2.5 0.005 239 5 1 1 
0.10125 1.58941e-15 0 0.0025 1 1 2.5 0.005 240 5 1 1 
0.10375 1.42405e-15 5.60519e-44 0.0025 1 1 2.5 0.005 241 5 1 1 
0.10625 2.7e-15 -1.56945e-43 0.0025 1 1 2.5 0.005 242 5 1 1 
0.10875 1.05522e-15 -5.68434e-14 0.0025 1 1 2.5 0.005 243 5 1 1 
0.11125 9.12418e-16 5.68434e-14 0.0025 1 1 2.5 0.005 244 5 1 1 
0.11375 -1.26725e-15 -5.68434e-14 0.0025 1 1 2.5 0.005 245 5 1 1 
0.11625 2.70484e-15 -3.69943e-43 0.0025 1 1 2.5 0.005 246 5 1 1 
0.11875 -3.37504e-17 3.9443e-29 0.0025 1 1 2.5 0.005 247 5 1 1 
0.12125 -2.09243e-17 -7.14905e-27 0.0025 1 1 2.5 0.005 248 5 1 1 
0.12375 -3.1251e-15 -7.18849e-27 0.0025 1 1 2.5 0.005 249 4 1 1 
0.12625 3.1251e-15 7.18849e-27 0.0025 1 1 2.5 0.005 250 4 1 1 
0.12875 2.09243e-17 7.14905e-27 0.0025 1 1 2.5 0.005 251 5 1 1 
0.13125 3.37504e-17 -3.9443e-29 0.0025 1 1 2.5 0.005 252 5 1 1 
0.13375 -2.70484e-15 3.69943e-43 0.0025 1 1 2.5 0.005 253 5 1 1 
0.13625 1.26725e-15 5.68434e-14 0.0025 1 1 2.5 0.005 254 5 1 1 
0.13875 -9.12418e-16 -5.68434e-14 0.0025 1 1 2.5 0.005 255 5 1 1 
0.14125 -1.05522e-15 5.68434e-14 0.0025 1 1 2.5 0.005 256 5 1 1 
0.14375 -2.7e-15 1.56945e-43 0.0025 1 1 2.5 0.005 257 5 1 1 
0.14625 -1.42405e-15 -5.60519e-44 0.0025 1 1 2.5 0.005 258 5 1 1 
0.14875 -1.58941e-15 0 0.0025 1 1 2.5 0.005 259 5 1 1 
0.15125 3.37357e-16 -1.12104e-44 0.0025 1 1 2.5 0.005 260 5 1 1 
0.15375 1.69188e-16 0 0.0025 1 1 2.5 0.005 261 5 1 1 
0.15625 1.24471e-45 1.12104e-44 0.0025 1 1 2.5 0.005 262 5 1 1 
0.15875 0 0 0.0025 1 1 2.5 0.005 263 5 1 1 
0.16125 0 0 0.0025 1 1 2.5 0.005 264 5 1 1 
0.16375 0 0 0.0025 1 1 2.5 0.005 265 5 1 1 
0.16625 0 0 0.0025 1 1 2.5 0.005 266 5 1 1 
0.16875 0 0 0.0025 1 1 2.5 0.005 267 5 1 1 
0.17125 0 0 0.0025 1 1 2.5 0.005 268 5 1 1 
0.17375 0 0 0.0025 1 1 2.5 0.005 269 5 1 1 
0.17625 0 0 0.0025 1 1 2.5 0.005 270 5 1 1 
0.17875 0 0 0.0025 1 1 2.5 0.005 271 5 1 1 
0.18125 0 0 0.0025 1 1 2.5 0.005 272 5 1 1 
0.18375 0 0 0.0025 1 1 2.5 0.005 273 5 1 1 
0.18625 0 0 0.0025 1 1 2.5 0.005 274 5 1 1 
0.18875 0 0 0.0025 1 1 2.5 0.005 275 5 1 1 
0.19125 0 0 0.0025 1 1 2.5 0.005 276 5 1 1 
0.19375 0 0 0.0025 1 1 2.5 0.005 277 5 1 1 
0.19625 0 0 0.0025 1 1 2.5 0.005 278 5 1 1 
0.19875 0 0 0.0025 1 1 2.5 0.005 279 5 1 1 
0.20125 -8.45066e-46 0 0.0025 1 1 2.5 0.005 280 5 1 1 
0.20375 -6.85718e-17 -1.12104e-44 0.0025 1 1 2.5 0.005 281 5 1 1 
0.20625 -1.87809e-16 -5.68434e-14 0.0025 1 1 2.5 0.005 282 5 1 1 
0.20875 -2.88758e-16 6.25278e-13 0.0025 1 1 2.5 0.005 283 5 1 1 
0.21125 -5.418e-15 -1.53477e-11 0.0025 1 1 2.5 0.005 284 4 1 1 
0.21375 -5.35271e-14 -4.27463e-11 0.0025 1 1 2.5 0.005 285 4 1 1 
0.21625 -2.0589e-13 -1.70701e-10 0.0025 1 1 2.5 0.005 286 4 1 1 
0.21875 -7.34616e-13 -5.70992e-10 0.0025 1 1 2.5 0.005 287 4 1 1 
0.22125 -2.53136e-12 -1.82274e-09 0.0025 1 1 2.5 0.005 288 4 1 1 
0.22375 -8.26917e-12 -5.77188e-09 0.0025 1 1 2.5 0.005 289 4 1 1 
0.22625 -2.5901e-11 -1.73544e-08 0.0025 1 1 2.5 0.005 290 4 1 1 
0.22875 -7.82042e-11 -5.04104e-08 0.0025 1 1 2.5 0.005 291 4 1 1 
0.23125 -2.27875e-10 -1.4139e-07 0.0025 1 1 2.5 0.005 292 4 1 1 
0.23375 -6.41746e-10 -3.83355e-07 0.0025 1 1 2.5 0.005 293 4 1 1 
0.23625 -1.74882e-09 -1.00576e-06 0.0025 1 1 2.5 0.005 294 4 1 1 
0.23875 -4.61603e-09 -2.55572e-06 0.0025 1 1 2.5 0.005 295 4 1 1 
0.24125 -1.18118e-08 -6.2943e-06 0.0025 1 1 2.5 0.005 296 4 1 1 
0.24375 -2.93226e-08 -1.50338e-05 0.0025 1 1 2.5 0.005 297 4 1 1 
0.24625 -7.06643e-08 -3.4842e-05 0.0025 1 1 2.5 0.005 298 4 1 1 
0.24875 -1.65403e-07 -7.83853e-05 0.0025 1 1 2.5 0.005 299 4 1 1 
0.25125 -3.76218e-07 -0.000171246 0.0025 1 1 2.5 0.005 300 4 1 1 
0.25375 -8.3188e-07 -0.000363401 0.0025 1 1 2.5 0.005 301 4 1 1 
0.25625 -1.78879e-06 -0.000749268 0.0025 1 1 2.5 0.00499999 302 4 1 1 
0.25875 -3.74168e-06 -0.00150124 0.0025 1 1 2.5 0.00499999 303 4 1 1 
0.26125 -7.61538e-06 -0.00292335 0.0025 1.00001 1.00001 2.50001 0.00499997 304 4 1 1 
0.26375 -1.50845e-05 -0.00553304 0.0025 1.00001 1.00002 2.50001 0.00499994 305 4 1 1 
0.26625 -2.90843e-05 -0.0101791 0.0025 1.00002 1.00003 2.50002 0.00499989 306 4 1 1 
0.26875 -5.45931e-05 -0.0182012 0.0025 1.00004 1.00006 2.50004 0.00499979 307 4 1 1 
0.27125 -9.97729e-05 -0.0316293 0.0025 1.00008 1.00011 2.50008 0.00499962 308 4 1 1 
0.273749 -0.000177543 -0.0534058 0.0025 1.00014 1.00019 2.50014 0.00499932 309 4 1 1 
0.276249 -0.000307617 -0.0875889 0.0025 1.00024 1.00033 2.50024 0.00499881 310 4 1 1 
0.278748 -0.000518913 -0.13946 0.0025 1.0004 1.00056 2.5004 0.00499799 311 4 1 1 
0.281247 -0.000852072 -0.215409 0.0025 1.00066 1.00092 2.50066 0.0049967 312 4 1 0.999999 
0.283745 -0.00136149 -0.322419 0.0025 1.00106 1.00148 2.50106 0.00499471 313 4 1 0.999999 
0.286242 -0.00211593 -0.466942 0.0025 1.00165 1.00231 2.50165 0.00499176 314 4 1 0.999998 
0.288737 -0.00319619 -0.652991 0.0025 1.0025 1.0035 2.50249 0.00498752 315 4 1 0.999995 
0.291229 -0.00468834 -0.879432 0.0025 1.00369 1.00515 2.50367 0.00498164 316 4 1 0.999992 
0.293718 -0.00667079 -1.13686 0.0025 1.00527 1.00737 2.50525 0.0049738 317 4 1 0.999987 
0.296203 -0.00919532 -1.40509 0.0025 1.0073 1.01022 2.50728 0.00496378 318 4 1 0.999981 
0.298682 -0.0122641 -1.65273 0.0025 1.00979 1.01372 2.50976 0.00495154 319 4 1 0.999974 
0.301155 -0.0158089 -1.84064 0.0025 1.01269 1.01782 2.51266 0.00493732 320 4 1 0.999969 
0.303619 -0.0196798 -1.92928 0.0025 1.01592 1.02236 2.51586 0.00492167 321 4 1 0.999968 
0.306076 -0.0236525 -1.88958 0.0025 1.01928 1.02711 2.5192 0.00490545 322 4 1 0.99997 
0.308525 -0.0274532 -1.70506 0.0025 1.02255 1.03174 2.52245 0.00488972 323 4 1 0.999977 
0.310966 -0.0307916 -1.38976 0.0025 1.0255 1.03591 2.52536 0.00487569 324 4 1 0.999989 
0.313401 -0.0333309 -0.827702 0.0025 1.0277 1.03906 2.52756 0.00486523 325 3 1 1 
0.315831 -0.0337255 1.3093 0.0025 1.027 1.03824 2.527 0.00486853 326 4 1 1.00001 
0.318269 -0.0232134 9.4411 0.0025 1.0178 1.02529 2.51799 0.00491255 327 4 1 0.999906 
0.320744 -0.000648058 10.4831 0.0025 1.00161 1.00222 2.50166 0.00499195 328 4 1 0.999303 
0.323262 0.0147049 4.1437 0.0025 0.988929 0.984356 2.48879 0.00505598 329 4 1 0.999447 
0.3258 0.0212509 2.90124 0.0025 0.981677 0.974468 2.48162 0.00509332 330 4 1 0.999828 
0.328355 0.0308931 5.8818 0.0025 0.973377 0.963048 2.47331 0.00513676 331 4 1 0.999831 
0.330937 0.0455086 7.01183 0.0025 0.962029 0.947294 2.46168 0.00519735 332 4 1 0.999629 
0.333552 0.0604219 6.39386 0.0025 0.95005 0.930778 2.44933 0.00526288 333 4 1 0.999543 
0.3362 0.0744141 6.09822 0.0025 0.938591 0.915113 2.43748 0.00532714 334 4 1 0.999574 
0.33888 0.0886211 6.256 0.0025 0.927196 0.899609 2.42561 0.0053926 335 4 1 0.999577 
0.341593 0.103338 6.35471 0.0025 0.915569 0.883853 2.4134 0.00546108 336 4 1 0.999548 
0.344341 0.118374 6.34247 0.0025 0.903807 0.867996 2.40095 0.00553215 337 4 1 0.999524 
0.347125 0.133629 6.34219 0.0025 0.891983 0.85214 2.38834 0.00560549 338 4 1 0.999507 
0.349947 0.149112 6.35032 0.0025 0.880089 0.836275 2.37555 0.00568125 339 4 1 0.999488 
0.352807 0.164863 6.3385 0.0025 0.868133 0.820414 2.36259 0.00575949 340 4 1 0.999469 
0.355707 0.180874 6.33796 0.0025 0.856121 0.804567 2.34946 0.00584029 341 4 1 0.99945 
0.358648 0.197145 6.33462 0.0025 0.844047 0.788727 2.33615 0.00592384 342 4 1 0.999429 
0.361631 0.213668 6.31864 0.0025 0.831921 0.772909 2.32267 0.00601019 343 4 1 0.999407 
0.364658 0.23047 6.3201 0.0025 0.819738 0.75711 2.30901 0.00609951 344 4 1 0.999385 
0.367731 0.247527 6.30288 0.0025 0.8075 0.741333 2.29516 0.00619195 345 4 1 0.999361 
0.37085 0.264891 6.28031 0.0025 0.795222 0.725601 2.28114 0.00628755 346 4 1 0.999338 
0.374019 0.282522 6.28102 0.0025 0.782891 0.7099 2.26692 0.00638658 347 4 1 0.999312 
0.377237 0.300439 6.24696 0.0025 0.770516 0.69424 2.25253 0.00648916 348 4 1 0.999285 
0.380508 0.318649 6.23779 0.0025 0.758103 0.678634 2.23794 0.00659541 349 4 1 0.999259 
0.383833 0.337145 6.20659 0.0025 0.745651 0.66308 2.22317 0.00670555 350 4 1 0.99923 
0.387214 0.355954 6.17322 0.0025 0.733178 0.647605 2.20822 0.00681962 351 4 1 0.999202 
0.390653 0.37505 6.14992 0.0025 0.72068 0.632203 2.19309 0.0069379 352 4 1 0.999172 
0.394153 0.394407 6.10636 0.0025 0.708166 0.616889 2.17778 0.00706049 353 4 1 0.999141 
0.397715 0.414057 6.04972 0.0025 0.695669 0.601702 2.16233 0.00718733 354 4 1 0.999113 
0.401341 0.433882 5.97076 0.0025 0.683226 0.58669 2.14677 0.00731822 355 4 1 0.999088 
0.405033 0.453883 5.86345 0.0025 0.670893 0.571917 2.13119 0.00745275 356 4 1 0.99907 
0.408794 0.473825 5.71308 0.0025 0.658749 0.557476 2.11568 0.00759015 357 4 1 0.999062 
0.412624 0.493569 5.48841 0.0025 0.64692 0.543512 2.1004 0.00772893 358 4 1 0.999073 
0.416524 0.512821 5.19103 0.0025 0.635565 0.530203 2.08558 0.00786702 359 4 1 0.999108 
0.420492 0.53119 4.78975 0.0025 0.624863 0.517747 2.07146 0.00800175 360 4 1 0.999172 
0.424526 0.548428 4.39217 0.0025 0.614915 0.506246 2.05821 0.0081312 361 4 1 0.999256 
0.428624 0.564581 4.09037 0.0025 0.605616 0.495564 2.04571 0.00825606 362 4 1 0.999331 
0.432783 0.58044 4.08 0.0025 0.596572 0.485239 2.03345 0.00838122 363 4 1 0.999361 
0.437005 0.597145 4.37491 0.0025 0.587207 0.474613 2.02063 0.00851488 364 4 1 0.99931 
0.441298 0.615512 4.69514 0.0025 0.577219 0.463348 2.00681 0.00866222 365 4 1 0.999193 
0.445668 0.634843 4.64509 0.0025 0.566971 0.451868 1.99248 0.00881879 366 4 1 0.999099 
0.450118 0.653262 4.02155 0.0025 0.557436 0.44126 1.97901 0.00896964 367 4 1 0.999156 
0.454639 0.668136 2.83111 0.0025 0.54982 0.43284 1.96814 0.00909388 368 4 1 0.999407 
0.459212 0.677149 1.23544 0.0025 0.545163 0.427716 1.96146 0.00917158 369 4 1 0.999748 
0.46381 0.679487 -0.0528036 0.0025 0.543538 0.425942 1.95914 0.00919898 370 4 1 0.999965 
0.468411 0.679111 -0.0418625 0.0025 0.543444 0.425847 1.95902 0.00920059 371 5 1 1 
0.473011 0.678857 -0.11692 0.0025 0.543585 0.426004 1.95923 0.0091982 372 4 1 0.999999 
0.477609 0.678309 -0.141357 0.0025 0.543824 0.426268 1.95959 0.00919416 373 4 1 0.999999 
0.482205 0.677674 -0.150935 0.0025 0.544136 0.426613 1.96005 0.00918889 374 4 1 0.999999 
0.486798 0.677027 -0.140521 0.0025 0.544466 0.426978 1.96053 0.00918331 375 4 1 0.999999 
0.491388 0.676429 -0.121231 0.0025 0.544777 0.427322 1.96099 0.00917807 376 4 1 0.999999 
0.495976 0.675917 -0.100528 0.0025 0.54505 0.427624 1.9614 0.00917348 377 4 1 1 
0.500562 0.675499 -0.0811495 0.0025 0.545277 0.427876 1.96174 0.00916966 378 4 1 1 
0.505146 0.675164 -0.0644683 0.0025 0.54546 0.428081 1.96202 0.00916658 379 4 1 1 
0.509728 0.674895 -0.0515904 0.0025 0.545605 0.428244 1.96224 0.00916415 380 4 1 1 
0.51431 0.674679 -0.0422155 0.0025 0.54572 0.428375 1.96243 0.0091622 381 4 1 1 
0.518891 0.674501 -0.0353021 0.0025 0.545814 0.428482 1.96258 0.00916064 382 4 1 1 
0.523471 0.674351 -0.0301764 0.0025 0.54589 0.428571 1.96271 0.00915935 383 4 1 1 
0.52805 0.674221 -0.0263893 0.0025 0.545955 0.428647 1.96283 0.00915827 384 4 1 1 
0.532629 0.674106 -0.0234226 0.0025 0.546009 0.428714 1.96294 0.00915735 385 4 1 1 
0.537207 0.674005 -0.0208916 0.0025 0.546056 0.428772 1.96304 0.00915656 386 4 1 1 
0.541785 0.673914 -0.018638 0.0025 0.546097 0.428825 1.96314 0.00915589 387 4 1 1 
0.546363 0.673833 -0.0165974 0.0025 0.54613 0.428871 1.96323 0.00915532 388 4 1 1 
0.550941 0.67376 -0.0147491 0.0025 0.546158 0.428912 1.96332 0.00915486 389 4 1 1 
0.555518 0.673695 -0.0131101 0.0025 0.546179 0.42895 1.96341 0.0091545 390 4 1 1 
0.560095 0.673637 -0.011674 0.0025 0.546195 0.428982 1.9635 0.00915424 391 4 1 1 
0.564672 0.673585 -0.0103979 0.0025 0.546205 0.429011 1.9636 0.00915408 392 4 1 1 
0.569249 0.673538 -0.00925282 0.0025 0.546207 0.429035 1.9637 0.00915404 393 3 1 1 
0.573826 0.673496 -0.00823846 0.0025 0.546191 0.429046 1.96381 0.00915431 394 4 1 1 
0.578404 0.673458 -0.0073539 0.0025 0.546101 0.429003 1.96394 0.00915581 395 4 1 1 
0.582982 0.673424 -0.00658314 0.0025 0.545691 0.428759 1.96429 0.00916269 396 4 1 0.999999 
0.587566 0.673392 -0.0059055 0.0025 0.544073 0.427017 1.96213 0.00918995 397 4 1 0.999987 
0.592172 0.673364 -0.00529735 0.0025 0.530951 0.411551 1.9378 0.00941707 398 4 1 0.999669 
0.596988 0.673336 -0.00471926 0.0025 0.506866 0.440241 2.17139 0.00986453 399 4 1 0.994708 
0.602044 0.673309 -0.00416365 0.0025 0.481328 0.415607 2.15865 0.0103879 400 4 1 0.993701 
0.607386 0.673282 -0.003629 0.0025 0.458839 0.450066 2.4522 0.0108971 401 4 1 0.993695 
0.612946 0.673256 -0.00312747 0.0025 0.450222 0.4306 2.39104 0.0111056 402 5 1 0.998659 
0.618491 0.673232 -0.00268409 0.0025 0.451819 0.428926 2.37333 0.0110664 403 4 1 0.999967 
0.624013 0.673209 -0.00228897 0.0025 0.453441 0.428882 2.3646 0.0110268 404 4 1 0.999986 
0.629518 0.673188 -0.00192103 0.0025 0.454529 0.429017 2.35968 0.0110004 405 4 1 0.999994 
0.635013 0.673167 -0.0015565 0.0025 0.455227 0.4291 2.35652 0.0109835 406 4 1 0.999997 
0.640502 0.673148 -0.00117535 0.0025 0.455698 0.429142 2.35431 0.0109722 407 4 1 0.999999 
0.645985 0.673128 -0.000761718 0.0025 0.456032 0.429166 2.35272 0.0109641 408 4 1 0.999999 
0.651466 0.673108 -0.000285311 0.0025 0.456279 0.429179 2.35152 0.0109582 409 4 1 1 
0.656944 0.673087 0.00038282 0.0025 0.456464 0.429186 2.3506 0.0109538 410 4 1 1 
0.66242 0.673063 0.00164833 0.0025 0.456604 0.429186 2.34988 0.0109504 411 4 1 1 
0.667894 0.673026 0.00491343 0.0025 0.456704 0.429172 2.34929 0.010948 412 4 1 1 
0.673368 0.672951 0.0145367 0.0025 0.456754 0.429121 2.34876 0.0109468 413 3 1 1 
0.678841 0.672756 0.0438399 0.0025 0.456702 0.42896 2.34814 0.0109481 414 4 1 1 
0.684316 0.672192 0.134708 0.0025 0.456383 0.428466 2.34707 0.0109557 415 4 1 0.999999 
0.689797 0.67054 0.390451 0.0025 0.455332 0.427026 2.34457 0.010981 416 4 1 0.999991 
0.695297 0.665901 1.06336 0.0025 0.452433 0.423176 2.3383 0.0110514 417 4 1 0.999925 
0.700848 0.654253 2.59962 0.0025 0.445347 0.413868 2.32322 0.0112272 418 4 1 0.999533 
0.706525 0.626731 5.7534 0.0025 0.430436 0.394449 2.29086 0.0116161 419 4 1 0.997806 
0.712471 0.57227 11.1535 0.0025 0.40312 0.359324 2.22817 0.0124033 420 4 1 0.992535 
0.718956 0.458579 23.5187 0.0025 0.359201 0.304146 2.11667 0.0139198 421 4 1 0.980898 
0.72649 0.266446 30.6689 0.0025 0.308222 0.24316 1.97243 0.0162221 422 4 1 0.963116 
0.735334 0.0914403 19.0118 0.0025 0.270746 0.201188 1.85802 0.0184675 423 4 1 0.965407 
0.745032 0.0148038 5.128 0.0025 0.254378 0.183935 1.80785 0.0196558 424 4 1 0.988967 
0.754998 0.000359797 0.454911 0.0025 0.250404 0.179902 1.79615 0.0199677 425 4 1 0.999107 
0.765 -0.000199997 -0.0531227 0.0025 0.249979 0.179478 1.79494 0.0200017 426 5 1 0.999989 
0.775 1.66505e-07 -0.00546018 0.0025 0.249995 0.179495 1.79499 0.0200004 427 4 1 1 
0.785 3.83361e-06 0.000596811 0.0025 0.250001 0.179501 1.795 0.02 428 3 1 1 
0.795 1.03761e-06 0.000216282 0.0025 0.25 0.1795 1.795 0.02 429 4 1 1 
0.805 2.34189e-07 5.27175e-05 0.0025 0.25 0.1795 1.795 0.02 430 4 1 1 
0.815 5.00132e-08 1.16386e-05 0.0025 0.25 0.1795 1.795 0.02 431 4 1 1 
0.825 1.02673e-08 2.47139e-06 0.0025 0.25 0.1795 1.795 0.02 432 4 1 1 
0.835 2.02249e-09 5.05336e-07 0.0025 0.25 0.1795 1.795 0.02 433 4 1 1 
0.845 3.80881e-10 9.90527e-08 0.0025 0.25 0.1795 1.795 0.02 434 4 1 1 
0.855 6.83444e-11 1.85424e-08 0.0025 0.25 0.1795 1.795 0.02 435 4 1 1 
0.865 1.16536e-11 3.29948e-09 0.0025 0.25 0.1795 1.795 0.02 436 4 1 1 
0.875 1.88775e-12 5.57563e-10 0.0025 0.25 0.1795 1.795 0.02 437 4 1 1 
0.885 2.94765e-13 9.09637e-11 0.0025 0.25 0.1795 1.795 0.02 438 4 1 1 
0.895 3.41065e-14 1.42109e-11 0.0025 0.25 0.1795 1.795 0.02 439 4 1 1 
0.905 1.59956e-15 8.52651e-13 0.0025 0.25 0.1795 1.795 0.02 440 5 1 1 
0.915 -5.61257e-16 8.52651e-14 0.0025 0.25 0.1795 1.795 0.02 441 5 1 1 
0.925 -1.39852e-15 1.4013e-44 0.0025 0.25 0.1795 1.795 0.02 442 5 1 1 
0.935 -2.3081e-15 2.8026e-45 0.0025 0.25 0.1795 1.795 0.02 443 5 1 1 
0.945 -3.48473e-15 2.84217e-14 0.0025 0.25 0.1795 1.795 0.02 444 5 1 1 
0.955 -4.96973e-15 1.5134e-43 0.0025 0.25 0.1795 1.795 0.02 445 5 1 1 
0.965 7.87464e-15 2.27374e-13 0.0025 0.25 0.1795 1.795 0.02 446 5 1 1 
0.975 9.44713e-16 8.52651e-14 0.0025 0.25 0.1795 1.795 0.02 447 5 1 1 
0.985 -2.11501e-15 -2.84217e-14 0.0025 0.25 0.1795 1.795 0.02 448 5 1 1 
0.995 -1.1159e-14 -7.10543e-14 0.0025 0.25 0.1795 1.795 0.02 449 3 1 1 
1.005 1.1159e-14 7.10543e-14 0.0025 0.25 0.1795 1.795 0.02 450 3 1 1 
1.015 2.11501e-15 2.84217e-14 0.0025 0.25 0.1795 1.795 0.02 451 5 1 1 
1.025 -9.44713e-16 -8.52651e-14 0.0025 0.25 0.1795 1.795 0.02 452 5 1 1 
1.035 -7.87464e-15 -2.27374e-13 0.0025 0.25 0.1795 1.795 0.02 453 5 1 1 
1.045 4.96973e-15 -1.5134e-43 0.0025 0.25 0.1795 1.795 0.02 454 5 1 1 
1.055 3.48473e-15 -2.84217e-14 0.0025 0.25 0.1795 1.795 0.02 455 5 1 1 
1.065 2.3081e-15 -2.8026e-45 0.0025 0.25 0.1795 1.795 0.02 456 5 1 1 
1.075 1.39852e-15 -1.96182e-44 0.0025 0.25 0.1795 1.795 0.02 457 5 1 1 
1.085 5.178e-16 -1.13687e-13 0.0025 0.25 0.1795 1.795 0.02 458 5 1 1 
1.095 -2.10785e-15 -4.9738e-13 0.0025 0.25 0.1795 1.795 0.02 459 5 1 1 
1.105 -2.24574e-14 -1.26619e-11 0.0025 0.25 0.1795 1.795 0.02 460 4 1 1 
1.115 -2.94345e-13 -9.35074e-11 0.0025 0.25 0.1795 1.795 0.02 461 4 1 1 
1.125 -1.88764e-12 -5.56184e-10 0.0025 0.25 0.1795 1.795 0.02 462 4 1 1 
1.135 -1.16682e-11 -3.30144e-09 0.0025 0.25 0.1795 1.795 0.02 463 4 1 1 
1.145 -6.83491e-11 -1.85403e-08 0.0025 0.25 0.1795 1.795 0.02 464 4 1 1 
1.155 -3.8088e-10 -9.90513e-08 0.0025 0.25 0.1795 1.795 0.02 465 4 1 1 
1.165 -2.02246e-09 -5.05339e-07 0.0025 0.25 0.1795 1.795 0.02 466 4 1 1 
1.175 -1.02673e-08 -2.47139e-06 0.0025 0.25 0.1795 1.795 0.02 467 4 1 1 
1.185 -5.00133e-08 -1.16386e-05 0.0025 0.25 0.1795 1.795 0.02 468 4 1 1 
1.195 -2.34189e-07 -5.27175e-05 0.0025 0.25 0.1795 1.795 0.02 469 4 1 1 
1.205 -1.03761e-06 -0.000216282 0.0025 0.25 0.1795 1.795 0.02 470 4 1 1 
1.215 -3.83361e-06 -0.000596811 0.0025 0.250001 0.179501 1.795 0.02 471 3 1 1 
1.225 -1.66505e-07 0.00546018 0.0025 0.249995 0.179495 1.79499 0.0200004 472 4 1 1 
1.235 0.000199997 0.0531227 0.0025 0.249979 0.179478 1.79494 0.0200017 473 5 1 0.999989 
1.245 -0.000359797 -0.454911 0.0025 0.250404 0.179902 1.79615 0.0199677 474 4 1 0.999107 
1.25497 -0.0148038 -5.128 0.0025 0.254378 0.183935 1.80785 0.0196558 475 4 1 0.988967 
1.26467 -0.0914403 -19.0118 0.0025 0.270746 0.201188 1.85802 0.0184675 476 4 1 0.965407 
1.27351 -0.266446 -30.6689 0.0025 0.308222 0.24316 1.97243 0.0162221 477 4 1 0.963116 
1.28104 -0.458579 -23.5187 0.0025 0.359201 0.304146 2.11667 0.0139198 478 4 1 0.980898 
1.28753 -0.57227 -11.1535 0.0025 0.40312 0.359324 2.22817 0.0124033 479 4 1 0.992535 
1.29347 -0.626731 -5.7534 0.0025 0.430436 0.394449 2.29086 0.0116161 480 4 1 0.997806 
1.29915 -0.654253 -2.59962 0.0025 0.445347 0.413868 2.32322 0.0112272 481 4 1 0.999533 
1.3047 -0.665901 -1.06336 0.0025 0.452433 0.423176 2.3383 0.0110514 482 4 1 0.999925 
1.3102 -0.67054 -0.390451 0.0025 0.455332 0.427026 2.34457 0.010981 483 4 1 0.999991 
1.31568 -0.672192 -0.134708 0.0025 0.456383 0.428466 2.34707 0.0109557 484 4 1 0.999999 
1.32116 -0.672756 -0.0438399 0.0025 0.456702 0.42896 2.34814 0.0109481 485 4 1 1 
1.32663 -0.672951 -0.0145367 0.0025 0.456754 0.429121 2.34876 0.0109468 486 3 1 1 
1.33211 -0.673026 -0.00491343 0.0025 0.456704 0.429172 2.34929 0.010948 487 4 1 1 
1.33758 -0.673063 -0.00164833 0.0025 0.456604 0.429186 2.34988 0.0109504 488 4 1 1 
1.34306 -0.673087 -0.00038282 0.0025 0.456464 0.429186 2.3506 0.0109538 489 4 1 1 
1.34853 -0.673108 0.000285311 0.0025 0.456279 0.429179 2.35152 0.0109582 490 4 1 1 
1.35401 -0.673128 0.000761718 0.0025 0.456032 0.429166 2.35272 0.0109641 491 4 1 0.999999 
1.3595 -0.673148 0.00117535 0.0025 0.455698 0.429142 2.35431 0.0109722 492 4 1 0.999999 
1.36499 -0.673167 0.0015565 0.0025 0.455227 0.4291 2.35652 0.0109835 493 4 1 0.999997 
1.37048 -0.673188 0.00192103 0.0025 0.454529 0.429017 2.35968 0.0110004 494 4 1 0.999994 
1.37599 -0.673209 0.00228897 0.0025 0.453441 0.428882 2.3646 0.0110268 495 4 1 0.999986 
1.38151 -0.673232 0.00268409 0.0025 0.451819 0.428926 2.37333 0.0110664 496 4 1 0.999967 
1.38705 -0.673256 0.00312747 0.0025 0.450222 0.4306 2.39104 0.0111056 497 5 1 0.998659 
1.39261 -0.673282 0.003629 0.0025 0.458839 0.450066 2.4522 0.0108971 498 4 1 0.993695 
1.39796 -0.673309 0.00416365 0.0025 0.481328 0.415607 2.15865 0.0103879 499 4 1 0.993701 
