# Time [s]: 0.149146
# Columns: pos [m], vel [m/s], acc [m/s^2], mass [kg], dens [kg/m^3], pres [Pa], ene [J/kg], sml [m], id, neighbor, alpha, gradh, ...additional?
1.40178 -0.673327 0.00454274 0.0025 0.506871 0.440247 2.1714 0.00986443 0 4 1 0.994708 
1.40659 -0.673354 0.00509204 0.0025 0.530956 0.411557 1.93781 0.00941697 1 4 1 0.999669 
1.4112 -0.673382 0.00566929 0.0025 0.544079 0.427024 1.96214 0.00918984 2 4 1 0.999987 
1.41578 -0.673412 0.00631323 0.0025 0.545698 0.428767 1.9643 0.00916257 3 4 1 0.999999 
1.42036 -0.673445 0.00704705 0.0025 0.546109 0.429012 1.96395 0.00915568 4 4 1 1 
1.42494 -0.673481 0.00788826 0.0025 0.5462 0.429056 1.96382 0.00915416 5 4 1 1 
1.42951 -0.673521 0.00884619 0.0025 0.546216 0.429046 1.96372 0.00915388 6 3 1 1 
1.43409 -0.673566 0.00992078 0.0025 0.546215 0.429022 1.96361 0.0091539 7 4 1 1 
1.43867 -0.673616 0.0111248 0.0025 0.546207 0.428995 1.96352 0.00915404 8 4 1 1 
1.44325 -0.673671 0.0124977 0.0025 0.546192 0.428964 1.96343 0.00915428 9 4 1 1 
1.44782 -0.673734 0.0140722 0.0025 0.546173 0.428929 1.96334 0.00915462 10 4 1 1 
1.4524 -0.673803 0.0158432 0.0025 0.546147 0.428889 1.96325 0.00915505 11 4 1 1 
1.45698 -0.673881 0.0177979 0.0025 0.546115 0.428845 1.96316 0.00915558 12 4 1 1 
1.46156 -0.673968 0.0199479 0.0025 0.546077 0.428795 1.96307 0.00915622 13 4 1 1 
1.46613 -0.674064 0.0223357 0.0025 0.546032 0.428739 1.96297 0.00915697 14 4 1 1 
1.47071 -0.674173 0.0251155 0.0025 0.545981 0.428676 1.96287 0.00915783 15 4 1 1 
1.47529 -0.674297 0.0286143 0.0025 0.54592 0.428604 1.96276 0.00915885 16 4 1 1 
1.47987 -0.674438 0.0331935 0.0025 0.545848 0.42852 1.96263 0.00916005 17 4 1 1 
1.48445 -0.674604 0.0392599 0.0025 0.545762 0.42842 1.96249 0.00916151 18 4 1 1 
1.48903 -0.674804 0.0476041 0.0025 0.545655 0.428299 1.96232 0.00916329 19 4 1 1 
1.49362 -0.67505 0.0591533 0.0025 0.545523 0.42815 1.96211 0.00916552 20 4 1 1 
1.4982 -0.675357 0.07407 0.0025 0.545355 0.427963 1.96185 0.00916833 21 4 1 1 
-0.497216 -0.675741 0.091988 0.0025 0.545147 0.427731 1.96154 0.00917184 22 4 1 1 
-0.492629 -0.676214 0.112586 0.0025 0.544894 0.42745 1.96116 0.0091761 23 4 1 0.999999 
-0.48804 -0.676775 0.133142 0.0025 0.544598 0.427123 1.96073 0.00918108 24 4 1 0.999999 
-0.483448 -0.677401 0.14662 0.0025 0.544275 0.426765 1.96025 0.00918654 25 4 1 0.999999 
-0.478854 -0.678046 0.145101 0.0025 0.543955 0.426412 1.95978 0.00919194 26 4 1 0.999999 
-0.474256 -0.678629 0.129627 0.0025 0.543682 0.42611 1.95937 0.00919655 27 4 1 0.999999 
-0.469657 -0.679029 0.0577033 0.0025 0.543514 0.425925 1.95912 0.00919939 28 4 1 1 
-0.465057 -0.679271 0.147234 0.0025 0.543433 0.42583 1.95899 0.00920077 29 5 1 0.999992 
-0.460456 -0.678807 -0.590117 0.0025 0.544197 0.426658 1.96007 0.00918785 30 4 1 0.999868 
-0.455869 -0.672729 -2.16846 0.0025 0.547462 0.430242 1.96476 0.00913305 31 4 1 0.99956 
-0.451323 -0.660208 -3.53747 0.0025 0.553858 0.437298 1.97391 0.00902758 32 4 1 0.999256 
-0.446841 -0.643168 -4.41214 0.0025 0.562636 0.447036 1.98637 0.00888675 33 4 1 0.999115 
-0.442436 -0.624135 -4.68917 0.0025 0.572629 0.458196 2.00041 0.00873166 34 4 1 0.999153 
-0.438109 -0.605299 -4.50857 0.0025 0.582737 0.469561 2.01446 0.0085802 35 4 1 0.999272 
-0.433855 -0.587987 -4.15449 0.0025 0.592309 0.480393 2.02762 0.00844154 36 4 1 0.999357 
-0.429666 -0.572009 -4.01702 0.0025 0.601365 0.490702 2.03996 0.00831442 37 4 1 0.999365 
-0.42554 -0.556286 -4.17906 0.0025 0.610396 0.501046 2.05215 0.00819141 38 4 1 0.99931 
-0.421475 -0.539752 -4.54472 0.0025 0.619902 0.512001 2.06487 0.00806579 39 4 1 0.999228 
-0.417473 -0.522125 -4.94731 0.0025 0.630128 0.523864 2.07842 0.00793489 40 4 1 0.999154 
-0.413539 -0.503461 -5.29137 0.0025 0.641059 0.53663 2.09277 0.0077996 41 4 1 0.999106 
-0.409673 -0.484158 -5.54647 0.0025 0.652543 0.550137 2.10768 0.00766233 42 4 1 0.999087 
-0.405876 -0.464505 -5.71384 0.0025 0.664399 0.564181 2.12291 0.0075256 43 4 1 0.999084 
-0.402147 -0.444736 -5.85673 0.0025 0.676501 0.578621 2.1383 0.00739097 44 4 1 0.999098 
-0.398484 -0.425051 -5.93279 0.0025 0.68875 0.593341 2.1537 0.00725953 45 4 1 0.999118 
-0.394887 -0.405526 -6.01084 0.0025 0.701076 0.60826 2.16903 0.00713189 46 4 1 0.999145 
-0.391352 -0.38624 -6.04684 0.0025 0.713436 0.623324 2.18424 0.00700834 47 4 1 0.999174 
-0.387878 -0.367197 -6.08195 0.0025 0.725787 0.638484 2.19929 0.00688907 48 4 1 0.999202 
-0.384462 -0.348454 -6.11944 0.0025 0.738128 0.653734 2.21417 0.00677389 49 4 1 0.999231 
-0.381103 -0.330008 -6.1419 0.0025 0.750448 0.669059 2.22887 0.00666269 50 4 1 0.999259 
-0.377799 -0.311826 -6.16551 0.0025 0.762733 0.684443 2.2434 0.00655537 51 4 1 0.999285 
-0.374548 -0.293961 -6.18497 0.0025 0.774983 0.699881 2.25774 0.00645175 52 4 1 0.999312 
-0.371347 -0.276336 -6.19719 0.0025 0.787188 0.71536 2.27189 0.00635172 53 4 1 0.999336 
-0.368195 -0.259022 -6.2235 0.0025 0.799355 0.730886 2.28587 0.00625505 54 4 1 0.999361 
-0.365092 -0.241982 -6.22728 0.0025 0.811476 0.746449 2.29967 0.00616161 55 4 1 0.999384 
-0.362034 -0.225193 -6.24354 0.0025 0.823546 0.762038 2.31329 0.00607131 56 4 1 0.999406 
-0.35902 -0.208689 -6.24674 0.0025 0.835564 0.777651 2.32673 0.00598398 57 4 1 0.999427 
-0.356049 -0.19243 -6.2573 0.0025 0.847527 0.793283 2.34 0.00589951 58 4 1 0.999447 
-0.35312 -0.176426 -6.26534 0.0025 0.85944 0.808936 2.3531 0.00581774 59 4 1 0.999467 
-0.350231 -0.160695 -6.27207 0.0025 0.8713 0.824606 2.36603 0.00573855 60 4 1 0.999487 
-0.347381 -0.145193 -6.26357 0.0025 0.883095 0.840276 2.37879 0.00566191 61 4 1 0.999505 
-0.344569 -0.129938 -6.26421 0.0025 0.894822 0.855939 2.39137 0.0055877 62 4 1 0.999522 
-0.341793 -0.114932 -6.27468 0.0025 0.906493 0.871609 2.4038 0.00551576 63 4 1 0.999539 
-0.339053 -0.100124 -6.26677 0.0025 0.918097 0.887271 2.41606 0.00544605 64 4 1 0.999563 
-0.336347 -0.0856554 -6.17 0.0025 0.929555 0.902813 2.42808 0.00537892 65 4 1 0.99959 
-0.333674 -0.0717312 -6.01764 0.0025 0.940791 0.918115 2.43976 0.00531468 66 4 1 0.999583 
-0.331032 -0.0578534 -6.37975 0.0025 0.952141 0.933648 2.45149 0.00525132 67 4 1 0.999554 
-0.328422 -0.0429922 -6.95733 0.0025 0.964013 0.950039 2.46372 0.00518665 68 4 1 0.99966 
-0.325845 -0.0288862 -5.50479 0.0025 0.974995 0.96529 2.47495 0.00512823 69 4 1 0.999851 
-0.323294 -0.0200812 -2.62304 0.0025 0.982808 0.976014 2.48274 0.00508747 70 4 1 0.999814 
-0.320758 -0.0133345 -4.67214 0.0025 0.990226 0.986156 2.49009 0.00504935 71 4 1 0.999404 
-0.318244 0.00318509 -10.8493 0.0025 1.0035 1.0049 2.50357 0.00498258 72 4 1 0.999374 
-0.315775 0.0251153 -8.4939 0.0025 1.01922 1.02731 2.5194 0.0049057 73 4 1 0.999943 
-0.313339 0.0337552 -0.810855 0.0025 1.02725 1.03857 2.52722 0.00486736 74 4 1 1 
-0.310907 0.0329414 0.925552 0.0025 1.02739 1.03861 2.52724 0.00486672 75 3 1 1 
-0.308472 0.0303234 1.40666 0.0025 1.02509 1.03534 2.52497 0.0048776 76 4 1 0.999987 
-0.30603 0.0269687 1.70855 0.0025 1.02214 1.03116 2.52205 0.00489168 77 4 1 0.999977 
-0.30358 0.0231862 1.87563 0.0025 1.01889 1.02656 2.51882 0.00490731 78 4 1 0.99997 
-0.301122 0.0192582 1.90395 0.0025 1.01557 1.02187 2.51552 0.00492335 79 4 1 0.999968 
-0.298657 0.0154495 1.80825 0.0025 1.0124 1.01741 2.51237 0.00493874 80 4 1 0.99997 
-0.296184 0.0119747 1.61816 0.0025 1.00955 1.01339 2.50953 0.00495268 81 4 1 0.999975 
-0.293704 0.00897449 1.37245 0.0025 1.00712 1.00997 2.5071 0.00496465 82 4 1 0.999982 
-0.291219 0.00651083 1.1088 0.0025 1.00514 1.00719 2.50513 0.00497443 83 4 1 0.999988 
-0.28873 0.0045781 0.857095 0.0025 1.0036 1.00503 2.50359 0.00498207 84 4 1 0.999992 
-0.286237 0.00312383 0.636361 0.0025 1.00245 1.00342 2.50244 0.0049878 85 4 1 0.999996 
-0.283742 0.00207067 0.455278 0.0025 1.00162 1.00226 2.50161 0.00499193 86 4 1 0.999998 
-0.281245 0.00133456 0.314678 0.0025 1.00104 1.00145 2.50103 0.00499481 87 4 1 0.999999 
-0.278747 0.000836875 0.21054 0.0025 1.00065 1.00091 2.50065 0.00499675 88 4 1 0.999999 
-0.276248 0.000510838 0.136558 0.0025 1.0004 1.00055 2.50039 0.00499802 89 4 1 1 
-0.273749 0.000303629 0.0859555 0.0025 1.00023 1.00033 2.50023 0.00499883 90 4 1 1 
-0.271249 0.00017576 0.0525443 0.0025 1.00014 1.00019 2.50013 0.00499932 91 4 1 1 
-0.26875 9.90944e-05 0.0312098 0.0025 1.00008 1.00011 2.50008 0.00499962 92 4 1 1 
-0.26625 5.44171e-05 0.0180183 0.0025 1.00004 1.00006 2.50004 0.00499979 93 4 1 1 
-0.26375 2.91043e-05 0.0101131 0.0025 1.00002 1.00003 2.50002 0.00499989 94 4 1 1 
-0.26125 1.51592e-05 0.00551885 0.0025 1.00001 1.00002 2.50001 0.00499994 95 4 1 1 
-0.25875 7.68831e-06 0.00292838 0.0025 1.00001 1.00001 2.50001 0.00499997 96 4 1 1 
-0.25625 3.79621e-06 0.00151082 0.0025 1 1 2.5 0.00499999 97 4 1 1 
-0.25375 1.8245e-06 0.000757834 0.0025 1 1 2.5 0.00499999 98 4 1 1 
-0.25125 8.53311e-07 0.000369538 0.0025 1 1 2.5 0.005 99 4 1 1 
-0.24875 3.88254e-07 0.000175144 0.0025 1 1 2.5 0.005 100 4 1 1 
-0.24625 1.71801e-07 8.06652e-05 0.0025 1 1 2.5 0.005 101 4 1 1 
-0.24375 7.39046e-08 3.60922e-05 0.0025 1 1 2.5 0.005 102 4 1 1 
-0.24125 3.0893e-08 1.5683e-05 0.0025 1 1 2.5 0.005 103 4 1 1 
-0.23875 1.2542e-08 6.6154e-06 0.0025 1 1 2.5 0.005 104 4 1 1 
-0.23625 4.94239e-09 2.70761e-06 0.0025 1 1 2.5 0.005 105 4 1 1 
-0.23375 1.88916e-09 1.07465e-06 0.0025 1 1 2.5 0.005 106 4 1 1 
-0.23125 6.9987e-10 4.13347e-07 0.0025 1 1 2.5 0.005 107 4 1 1 
-0.22875 2.51051e-10 1.53936e-07 0.0025 1 1 2.5 0.005 108 4 1 1 
-0.22625 8.711e-11 5.54694e-08 0.0025 1 1 2.5 0.005 109 4 1 1 
-0.22375 2.91931e-11 1.93048e-08 0.0025 1 1 2.5 0.005 110 4 1 1 
-0.22125 9.43418e-12 6.49374e-09 0.0025 1 1 2.5 0.005 111 4 1 1 
-0.21875 2.94119e-12 2.09417e-09 0.0025 1 1 2.5 0.005 112 4 1 1 
-0.21625 8.70072e-13 6.54722e-10 0.0025 1 1 2.5 0.005 113 4 1 1 
-0.21375 2.48164e-13 1.93381e-10 0.0025 1 1 2.5 0.005 114 4 1 1 
-0.21125 6.85702e-14 5.52518e-11 0.0025 1 1 2.5 0.005 115 4 1 1 
-0.20875 1.48501e-14 1.87583e-11 0.0025 1 1 2.5 0.005 116 4 1 1 
-0.20625 1.73932e-16 1.47793e-12 0.0025 1 1 2.5 0.005 117 5 1 1 
-0.20375 3.47751e-17 -3.9443e-29 0.0025 1 1 2.5 0.005 118 5 1 1 
-0.20125 6.85819e-48 0 0.0025 1 1 2.5 0.005 119 5 1 1 
-0.19875 0 0 0.0025 1 1 2.5 0.005 120 5 1 1 
-0.19625 0 0 0.0025 1 1 2.5 0.005 121 5 1 1 
-0.19375 0 0 0.0025 1 1 2.5 0.005 122 5 1 1 
-0.19125 0 0 0.0025 1 1 2.5 0.005 123 5 1 1 
-0.18875 0 0 0.0025 1 1 2.5 0.005 124 5 1 1 
-0.18625 0 0 0.0025 1 1 2.5 0.005 125 5 1 1 
-0.18375 0 0 0.0025 1 1 2.5 0.005 126 5 1 1 
-0.18125 0 0 0.0025 1 1 2.5 0.005 127 5 1 1 
-0.17875 0 0 0.0025 1 1 2.5 0.005 128 5 1 1 
-0.17625 0 0 0.0025 1 1 2.5 0.005 129 5 1 1 
-0.17375 0 0 0.0025 1 1 2.5 0.005 130 5 1 1 
-0.17125 0 0 0.0025 1 1 2.5 0.005 131 5 1 1 
-0.16875 0 0 0.0025 1 1 2.5 0.005 132 5 1 1 
-0.16625 0 0 0.0025 1 1 2.5 0.005 133 5 1 1 
-0.16375 0 0 0.0025 1 1 2.5 0.005 134 5 1 1 
-0.16125 0 0 0.0025 1 1 2.5 0.005 135 5 1 1 
-0.15875 0 0 0.0025 1 1 2.5 0.005 136 5 1 1 
-0.15625 0 0 0.0025 1 1 2.5 0.005 137 5 1 1 
-0.15375 0 0 0.0025 1 1 2.5 0.005 138 5 1 1 
-0.15125 0 0 0.0025 1 1 2.5 0.005 139 5 1 1 
-0.14875 0 0 0.0025 1 1 2.5 0.005 140 5 1 1 
-0.14625 0 0 0.0025 1 1 2.5 0.005 141 5 1 1 
-0.14375 0 0 0.0025 1 1 2.5 0.005 142 5 1 1 
-0.14125 0 0 0.0025 1 1 2.5 0.005 143 5 1 1 
-0.13875 0 0 0.0025 1 1 2.5 0.005 144 5 1 1 
-0.13625 0 0 0.0025 1 1 2.5 0.005 145 5 1 1 
-0.13375 0 0 0.0025 1 1 2.5 0.005 146 5 1 1 
-0.13125 0 0 0.0025 1 1 2.5 0.005 147 5 1 1 
-0.12875 0 0 0.0025 1 1 2.5 0.005 148 5 1 1 
-0.12625 0 0 0.0025 1 1 2.5 0.005 149 5 1 1 
-0.12375 0 0 0.0025 1 1 2.5 0.005 150 5 1 1 
-0.12125 0 0 0.0025 1 1 2.5 0.005 151 5 1 1 
-0.11875 0 0 0.0025 1 1 2.5 0.005 152 5 1 1 
-0.11625 0 0 0.0025 1 1 2.5 0.005 153 5 1 1 
-0.11375 0 0 0.0025 1 1 2.5 0.005 154 5 1 1 
-0.11125 0 0 0.0025 1 1 2.5 0.005 155 5 1 1 
-0.10875 0 0 0.0025 1 1 2.5 0.005 156 5 1 1 
-0.10625 0 0 0.0025 1 1 2.5 0.005 157 5 1 1 
-0.10375 0 0 0.0025 1 1 2.5 0.005 158 5 1 1 
-0.10125 0 0 0.0025 1 1 2.5 0.005 159 5 1 1 
-0.09875 0 0 0.0025 1 1 2.5 0.005 160 5 1 1 
-0.09625 0 0 0.0025 1 1 2.5 0.005 161 5 1 1 
-0.09375 0 0 0.0025 1 1 2.5 0.005 162 5 1 1 
-0.09125 0 0 0.0025 1 1 2.5 0.005 163 5 1 1 
-0.08875 0 0 0.0025 1 1 2.5 0.005 164 5 1 1 
-0.08625 0 0 0.0025 1 1 2.5 0.005 165 5 1 1 
-0.08375 0 0 0.0025 1 1 2.5 0.005 166 5 1 1 
-0.08125 0 0 0.0025 1 1 2.5 0.005 167 5 1 1 
-0.07875 0 0 0.0025 1 1 2.5 0.005 168 5 1 1 
-0.07625 0 0 0.0025 1 1 2.5 0.005 169 5 1 1 
-0.07375 0 0 0.0025 1 1 2.5 0.005 170 5 1 1 
-0.07125 0 0 0.0025 1 1 2.5 0.005 171 5 1 1 
-0.06875 0 0 0.0025 1 1 2.5 0.005 172 5 1 1 
-0.06625 -9.93703e-47 -1.12104e-44 0.0025 1 1 2.5 0.005 173 5 1 1 
-0.06375 -6.94481e-17 -1.12104e-44 0.0025 1 1 2.5 0.005 174 5 1 1 
-0.06125 -2.2521e-16 -5.68434e-14 0.0025 1 1 2.5 0.005 175 5 1 1 
-0.05875 -3.63e-16 5.68434e-14 0.0025 1 1 2.5 0.005 176 5 1 1 
-0.05625 -5.00054e-16 -5.68434e-14 0.0025 1 1 2.5 0.005 177 5 1 1 
-0.05375 -6.36209e-16 5.68434e-14 0.0025 1 1 2.5 0.005 178 5 1 1 
-0.05125 -8.05651e-16 -5.68434e-14 0.0025 1 1 2.5 0.005 179 5 1 1 
-0.04875 -9.73533e-16 5.68434e-14 0.0025 1 1 2.5 0.005 180 5 1 1 
-0.04625 -1.13967e-15 -5.68434e-14 0.0025 1 1 2.5 0.005 181 5 1 1 
-0.04375 -1.30278e-15 5.68434e-14 0.0025 1 1 2.5 0.005 182 5 1 1 
-0.04125 -1.44403e-15 -1.12104e-44 0.0025 1 1 2.5 0.005 183 5 1 1 
-0.03875 -1.97495e-15 3.9443e-29 0.0025 1 1 2.5 0.005 184 5 1 1 
-0.03625 9.52097e-16 -3.86542e-27 0.0025 1 1 2.5 0.005 185 5 1 1 
-0.03375 -3.67117e-15 -3.82598e-27 0.0025 1 1 2.5 0.005 186 4 1 1 
-0.03125 -1.37068e-16 3.58932e-27 0.0025 1 1 2.5 0.005 187 3 1 1 
-0.02875 -1.77364e-15 5.68434e-14 0.0025 1 1 2.5 0.005 188 4 1 1 
-0.02625 -1.83602e-15 -5.68434e-14 0.0025 1 1 2.5 0.005 189 4 1 1 
-0.02375 -1.71289e-15 7.59279e-28 0.0025 1 1 2.5 0.005 190 4 1 1 
-0.02125 -2.77491e-15 5.91646e-28 0.0025 1 1 2.5 0.005 191 5 1 1 
-0.01875 -1.39587e-15 -1.13687e-13 0.0025 1 1 2.5 0.005 192 5 1 1 
-0.01625 -2.80786e-15 -1.13687e-13 0.0025 1 1 2.5 0.005 193 4 1 1 
-0.01375 1.80998e-16 5.68434e-14 0.0025 1 1 2.5 0.005 194 3 1 1 
-0.01125 -8.40853e-16 -5.68434e-14 0.0025 1 1 2.5 0.005 195 3 1 1 
-0.00875 -1.17463e-15 -2.46519e-28 0.0025 1 1 2.5 0.005 196 3 1 1 
-0.00625 1.0583e-17 -2.46519e-28 0.0025 1 1 2.5 0.005 197 3 1 1 
-0.00375 -3.11487e-16 3.41061e-13 0.0025 1 1 2.5 0.005 198 4 1 1 
-0.00125 -4.15848e-16 -1.13687e-13 0.0025 1 1 2.5 0.005 199 5 1 1 
0.00125 -1.83878e-16 -2.84217e-13 0.0025 1 1 2.5 0.005 200 4 1 1 
0.00375 -3.49384e-16 1.7053e-13 0.0025 1 1 2.5 0.005 201 5 1 1 
0.00625 -5.93573e-16 -1.13687e-13 0.0025 1 1 2.5 0.005 202 4 1 1 
0.00875 -1.23404e-15 1.13687e-13 0.0025 1 1 2.5 0.005 203 3 1 1 
0.01125 -4.57036e-16 -1.84396e-27 0.0025 1 1 2.5 0.005 204 3 1 1 
0.01375 1.11018e-15 3.41061e-13 0.0025 1 1 2.5 0.005 205 4 1 1 
0.01625 2.26726e-15 2.27374e-13 0.0025 1 1 2.5 0.005 206 5 1 1 
0.01875 -1.40384e-16 -2.84217e-13 0.0025 1 1 2.5 0.005 207 5 1 1 
0.02125 1.15483e-15 2.8026e-44 0.0025 1 1 2.5 0.005 208 4 1 1 
0.02375 2.42869e-15 3.9443e-29 0.0025 1 1 2.5 0.005 209 5 1 1 
0.02625 1.05378e-15 5.68434e-14 0.0025 1 1 2.5 0.005 210 4 1 1 
0.02875 5.7128e-16 -1.13687e-13 0.0025 1 1 2.5 0.005 211 3 1 1 
0.03125 2.56793e-15 -1.13687e-13 0.0025 1 1 2.5 0.005 212 4 1 1 
0.03375 1.6591e-15 5.52203e-28 0.0025 1 1 2.5 0.005 213 5 1 1 
0.03625 2.09434e-15 -3.9443e-29 0.0025 1 1 2.5 0.005 214 5 1 1 
0.03875 1.67134e-15 3.9443e-29 0.0025 1 1 2.5 0.005 215 5 1 1 
0.04125 1.30762e-15 -2.27374e-13 0.0025 1 1 2.5 0.005 216 5 1 1 
0.04375 6.61382e-16 5.68434e-13 0.0025 1 1 2.5 0.005 217 4 1 1 
0.04625 4.9843e-15 -2.95586e-12 0.0025 1 1 2.5 0.005 218 3 1 1 
0.04875 3.01032e-15 2.6148e-12 0.0025 1 1 2.5 0.005 219 3 1 1 
0.05125 1.19018e-15 -1.7053e-13 0.0025 1 1 2.5 0.005 220 5 1 1 
0.05375 8.11328e-16 1.7053e-13 0.0025 1 1 2.5 0.005 221 5 1 1 
0.05625 5.8744e-16 2.24208e-44 0.0025 1 1 2.5 0.005 222 5 1 1 
0.05875 4.49861e-16 0 0.0025 1 1 2.5 0.005 223 5 1 1 
0.06125 3.11904e-16 0 0.0025 1 1 2.5 0.005 224 5 1 1 
0.06375 1.73583e-16 1.12104e-44 0.0025 1 1 2.5 0.005 225 5 1 1 
0.06625 3.4759e-17 1.12104e-44 0.0025 1 1 2.5 0.005 226 5 1 1 
0.06875 1.37111e-47 0 0.0025 1 1 2.5 0.005 227 5 1 1 
0.07125 0 0 0.0025 1 1 2.5 0.005 228 5 1 1 
0.07375 0 0 0.0025 1 1 2.5 0.005 229 5 1 1 
0.07625 0 0 0.0025 1 1 2.5 0.005 230 5 1 1 
0.07875 0 0 0.0025 1 1 2.5 0.005 231 5 1 1 
0.08125 0 0 0.0025 1 1 2.5 0.005 232 5 1 1 
0.08375 0 0 0.0025 1 1 2.5 0.005 233 5 1 1 
0.08625 0 0 0.0025 1 1 2.5 0.005 234 5 1 1 
0.08875 0 0 0.0025 1 1 2.5 0.005 235 5 1 1 
0.09125 0 0 0.0025 1 1 2.5 0.005 236 5 1 1 
0.09375 -1.26528e-45 -1.12104e-44 0.0025 1 1 2.5 0.005 237 5 1 1 
0.09625 -1.69188e-16 0 0.0025 1 1 2.5 0.005 238 5 1 1 
0.09875 -3.37357e-16 1.12104e-44 0.0025 1 1 2.5 0.005 239 5 1 1 
0.10125 1.58941e-15 0 0.0025 1 1 2.5 0.005 240 5 1 1 
0.10375 1.42405e-15 5.60519e-44 0.0025 1 1 2.5 0.005 241 5 1 1 
0.10625 2.7e-15 -1.56945e-43 0.0025 1 1 2.5 0.005 242 5 1 1 
0.10875 1.03784e-15 7.84727e-44 0.0025 1 1 2.5 0.005 243 5 1 1 
0.11125 8.7763e-16 -5.68434e-14 0.0025 1 1 2.5 0.005 244 5 1 1 
0.11375 -1.28463e-15 3.36312e-43 0.0025 1 1 2.5 0.005 245 5 1 1 
0.11625 2.70485e-15 -3.69943e-43 0.0025 1 1 2.5 0.005 246 5 1 1 
0.11875 -6.85256e-17 3.9443e-29 0.0025 1 1 2.5 0.005 247 5 1 1 
0.12125 -2.09243e-17 -7.14905e-27 0.0025 1 1 2.5 0.005 248 5 1 1 
0.12375 -3.1251e-15 -7.18849e-27 0.0025 1 1 2.5 0.005 249 4 1 1 
0.12625 3.1251e-15 7.18849e-27 0.0025 1 1 2.5 0.005 250 4 1 1 
0.12875 2.09243e-17 7.14905e-27 0.0025 1 1 2.5 0.005 251 5 1 1 
0.13125 6.85256e-17 -3.9443e-29 0.0025 1 1 2.5 0.005 252 5 1 1 
0.13375 -2.70485e-15 3.69943e-43 0.0025 1 1 2.5 0.005 253 5 1 1 
0.13625 1.28463e-15 -3.36312e-43 0.0025 1 1 2.5 0.005 254 5 1 1 
0.13875 -8.7763e-16 5.68434e-14 0.0025 1 1 2.5 0.005 255 5 1 1 
0.14125 -1.03784e-15 -7.84727e-44 0.0025 1 1 2.5 0.005 256 5 1 1 
0.14375 -2.7e-15 1.56945e-43 0.0025 1 1 2.5 0.005 257 5 1 1 
0.14625 -1.42405e-15 -5.60519e-44 0.0025 1 1 2.5 0.005 258 5 1 1 
0.14875 -1.58941e-15 0 0.0025 1 1 2.5 0.005 259 5 1 1 
0.15125 3.37357e-16 -1.12104e-44 0.0025 1 1 2.5 0.005 260 5 1 1 
0.15375 1.69188e-16 0 0.0025 1 1 2.5 0.005 261 5 1 1 
0.15625 1.26528e-45 1.12104e-44 0.0025 1 1 2.5 0.005 262 5 1 1 
0.15875 0 0 0.0025 1 1 2.5 0.005 263 5 1 1 
0.16125 0 0 0.0025 1 1 2.5 0.005 264 5 1 1 
0.16375 0 0 0.0025 1 1 2.5 0.005 265 5 1 1 
0.16625 0 0 0.0025 1 1 2.5 0.005 266 5 1 1 
0.16875 0 0 0.0025 1 1 2.5 0.005 267 5 1 1 
0.17125 0 0 0.0025 1 1 2.5 0.005 268 5 1 1 
0.17375 0 0 0.0025 1 1 2.5 0.005 269 5 1 1 
0.17625 0 0 0.0025 1 1 2.5 0.005 270 5 1 1 
0.17875 0 0 0.0025 1 1 2.5 0.005 271 5 1 1 
0.18125 0 0 0.0025 1 1 2.5 0.005 272 5 1 1 
0.18375 0 0 0.0025 1 1 2.5 0.005 273 5 1 1 
0.18625 0 0 0.0025 1 1 2.5 0.005 274 5 1 1 
0.18875 0 0 0.0025 1 1 2.5 0.005 275 5 1 1 
0.19125 0 0 0.0025 1 1 2.5 0.005 276 5 1 1 
0.19375 0 0 0.0025 1 1 2.5 0.005 277 5 1 1 
0.19625 0 0 0.0025 1 1 2.5 0.005 278 5 1 1 
0.19875 0 0 0.0025 1 1 2.5 0.005 279 5 1 1 
0.20125 -8.72499e-46 -4.48416e-44 0.0025 1 1 2.5 0.005 280 5 1 1 
0.20375 -1.3814e-16 -2.27374e-13 0.0025 1 1 2.5 0.005 281 5 1 1 
0.20625 -5.18146e-16 2.27374e-13 0.0025 1 1 2.5 0.005 282 5 1 1 
0.20875 -7.88803e-15 -1.69393e-11 0.0025 1 1 2.5 0.005 283 4 1 1 
0.21125 -6.97146e-14 -5.70708e-11 0.0025 1 1 2.5 0.005 284 4 1 1 
0.21375 -2.4544e-13 -1.97588e-10 0.0025 1 1 2.5 0.005 285 4 1 1 
0.21625 -8.72162e-13 -6.44832e-10 0.0025 1 1 2.5 0.005 286 4 1 1 
0.21875 -2.93239e-12 -2.10866e-09 0.0025 1 1 2.5 0.005 287 4 1 1 
0.22125 -9.42397e-12 -6.49061e-09 0.0025 1 1 2.5 0.005 288 4 1 1 
0.22375 -2.91943e-11 -1.92935e-08 0.0025 1 1 2.5 0.005 289 4 1 1 
0.22625 -8.71113e-11 -5.54784e-08 0.0025 1 1 2.5 0.005 290 4 1 1 
0.22875 -2.51051e-10 -1.53935e-07 0.0025 1 1 2.5 0.005 291 4 1 1 
0.23125 -6.99873e-10 -4.13345e-07 0.0025 1 1 2.5 0.005 292 4 1 1 
0.23375 -1.88917e-09 -1.07466e-06 0.0025 1 1 2.5 0.005 293 4 1 1 
0.23625 -4.94239e-09 -2.7076e-06 0.0025 1 1 2.5 0.005 294 4 1 1 
0.23875 -1.2542e-08 -6.61541e-06 0.0025 1 1 2.5 0.005 295 4 1 1 
0.24125 -3.0893e-08 -1.5683e-05 0.0025 1 1 2.5 0.005 296 4 1 1 
0.24375 -7.39046e-08 -3.60922e-05 0.0025 1 1 2.5 0.005 297 4 1 1 
0.24625 -1.71801e-07 -8.06652e-05 0.0025 1 1 2.5 0.005 298 4 1 1 
0.24875 -3.88254e-07 -0.000175144 0.0025 1 1 2.5 0.005 299 4 1 1 
0.25125 -8.53311e-07 -0.000369538 0.0025 1 1 2.5 0.005 300 4 1 1 
0.25375 -1.8245e-06 -0.000757834 0.0025 1 1 2.5 0.00499999 301 4 1 1 
0.25625 -3.79621e-06 -0.00151082 0.0025 1 1 2.5 0.00499999 302 4 1 1 
0.25875 -7.68831e-06 -0.00292838 0.0025 1.00001 1.00001 2.50001 0.00499997 303 4 1 1 
0.26125 -1.51592e-05 -0.00551885 0.0025 1.00001 1.00002 2.50001 0.00499994 304 4 1 1 
0.26375 -2.91043e-05 -0.0101131 0.0025 1.00002 1.00003 2.50002 0.00499989 305 4 1 1 
0.26625 -5.44171e-05 -0.0180183 0.0025 1.00004 1.00006 2.50004 0.00499979 306 4 1 1 
0.26875 -9.90944e-05 -0.0312098 0.0025 1.00008 1.00011 2.50008 0.00499962 307 4 1 1 
0.271249 -0.00017576 -0.0525443 0.0025 1.00014 1.00019 2.50013 0.00499932 308 4 1 1 
0.273749 -0.000303629 -0.0859555 0.0025 1.00023 1.00033 2.50023 0.00499883 309 4 1 1 
0.276248 -0.000510838 -0.136558 0.0025 1.0004 1.00055 2.50039 0.00499802 310 4 1 1 
0.278747 -0.000836875 -0.21054 0.0025 1.00065 1.00091 2.50065 0.00499675 311 4 1 0.999999 
0.281245 -0.00133456 -0.314678 0.0025 1.00104 1.00145 2.50103 0.00499481 312 4 1 0.999999 
0.283742 -0.00207067 -0.455278 0.0025 1.00162 1.00226 2.50161 0.00499193 313 4 1 0.999998 
0.286237 -0.00312383 -0.636361 0.0025 1.00245 1.00342 2.50244 0.0049878 314 4 1 0.999996 
0.28873 -0.0045781 -0.857095 0.0025 1.0036 1.00503 2.50359 0.00498207 315 4 1 0.999992 
0.291219 -0.00651083 -1.1088 0.0025 1.00514 1.00719 2.50513 0.00497443 316 4 1 0.999988 
0.293704 -0.00897449 -1.37245 0.0025 1.00712 1.00997 2.5071 0.00496465 317 4 1 0.999982 
0.296184 -0.0119747 -1.61816 0.0025 1.00955 1.01339 2.50953 0.00495268 318 4 1 0.999975 
0.298657 -0.0154495 -1.80825 0.0025 1.0124 1.01741 2.51237 0.00493874 319 4 1 0.99997 
0.301122 -0.0192582 -1.90395 0.0025 1.01557 1.02187 2.51552 0.00492335 320 4 1 0.999968 
0.30358 -0.0231862 -1.87563 0.0025 1.01889 1.02656 2.51882 0.00490731 321 4 1 0.99997 
0.30603 -0.0269687 -1.70855 0.0025 1.02214 1.03116 2.52205 0.00489168 322 4 1 0.999977 
0.308472 -0.0303234 -1.40666 0.0025 1.02509 1.03534 2.52497 0.0048776 323 4 1 0.999987 
0.310907 -0.0329414 -0.925552 0.0025 1.02739 1.03861 2.52724 0.00486672 324 3 1 1 
0.313339 -0.0337552 0.810855 0.0025 1.02725 1.03857 2.52722 0.00486736 325 4 1 1 
0.315775 -0.0251153 8.4939 0.0025 1.01922 1.02731 2.5194 0.0049057 326 4 1 0.999943 
0.318244 -0.00318509 10.8493 0.0025 1.0035 1.0049 2.50357 0.00498258 327 4 1 0.999374 
0.320758 0.0133345 4.67214 0.0025 0.990226 0.986156 2.49009 0.00504935 328 4 1 0.999404 
0.323294 0.0200812 2.62304 0.0025 0.982808 0.976014 2.48274 0.00508747 329 4 1 0.999814 
0.325845 0.0288862 5.50479 0.0025 0.974995 0.96529 2.47495 0.00512823 330 4 1 0.999851 
0.328422 0.0429922 6.95733 0.0025 0.964013 0.950039 2.46372 0.00518665 331 4 1 0.99966 
0.331032 0.0578534 6.37975 0.0025 0.952141 0.933648 2.45149 0.00525132 332 4 1 0.999554 
0.333674 0.0717312 6.01764 0.0025 0.940791 0.918115 2.43976 0.00531468 333 4 1 0.999583 
0.336347 0.0856554 6.17 0.0025 0.929555 0.902813 2.42808 0.00537892 334 4 1 0.99959 
0.339053 0.100124 6.26677 0.0025 0.918097 0.887271 2.41606 0.00544605 335 4 1 0.999563 
0.341793 0.114932 6.27468 0.0025 0.906493 0.871609 2.4038 0.00551576 336 4 1 0.999539 
0.344569 0.129938 6.26421 0.0025 0.894822 0.855939 2.39137 0.0055877 337 4 1 0.999522 
0.347381 0.145193 6.26357 0.0025 0.883095 0.840276 2.37879 0.00566191 338 4 1 0.999505 
0.350231 0.160695 6.27207 0.0025 0.8713 0.824606 2.36603 0.00573855 339 4 1 0.999487 
0.35312 0.176426 6.26534 0.0025 0.85944 0.808936 2.3531 0.00581774 340 4 1 0.999467 
0.356049 0.19243 6.2573 0.0025 0.847527 0.793283 2.34 0.00589951 341 4 1 0.999447 
0.35902 0.208689 6.24674 0.0025 0.835564 0.777651 2.32673 0.00598398 342 4 1 0.999427 
0.362034 0.225193 6.24354 0.0025 0.823546 0.762038 2.31329 0.00607131 343 4 1 0.999406 
0.365092 0.241982 6.22728 0.0025 0.811476 0.746449 2.29967 0.00616161 344 4 1 0.999384 
0.368195 0.259022 6.2235 0.0025 0.799355 0.730886 2.28587 0.00625505 345 4 1 0.999361 
0.371347 0.276336 6.19719 0.0025 0.787188 0.71536 2.27189 0.00635172 346 4 1 0.999336 
0.374548 0.293961 6.18497 0.0025 0.774983 0.699881 2.25774 0.00645175 347 4 1 0.999312 
0.377799 0.311826 6.16551 0.0025 0.762733 0.684443 2.2434 0.00655537 348 4 1 0.999285 
0.381103 0.330008 6.1419 0.0025 0.750448 0.669059 2.22887 0.00666269 349 4 1 0.999259 
0.384462 0.348454 6.11944 0.0025 0.738128 0.653734 2.21417 0.00677389 350 4 1 0.999231 
0.387878 0.367197 6.08195 0.0025 0.725787 0.638484 2.19929 0.00688907 351 4 1 0.999202 
0.391352 0.38624 6.04684 0.0025 0.713436 0.623324 2.18424 0.00700834 352 4 1 0.999174 
0.394887 0.405526 6.01084 0.0025 0.701076 0.60826 2.16903 0.00713189 353 4 1 0.999145 
0.398484 0.425051 5.93279 0.0025 0.68875 0.593341 2.1537 0.00725953 354 4 1 0.999118 
0.402147 0.444736 5.85673 0.0025 0.676501 0.578621 2.1383 0.00739097 355 4 1 0.999098 
0.405876 0.464505 5.71384 0.0025 0.664399 0.564181 2.12291 0.0075256 356 4 1 0.999084 
0.409673 0.484158 5.54647 0.0025 0.652543 0.550137 2.10768 0.00766233 357 4 1 0.999087 
0.413539 0.503461 5.29137 0.0025 0.641059 0.53663 2.09277 0.0077996 358 4 1 0.999106 
0.417473 0.522125 4.94731 0.0025 0.630128 0.523864 2.07842 0.00793489 359 4 1 0.999154 
0.421475 0.539752 4.54472 0.0025 0.619902 0.512001 2.06487 0.00806579 360 4 1 0.999228 
0.42554 0.556286 4.17906 0.0025 0.610396 0.501046 2.05215 0.00819141 361 4 1 0.99931 
0.429666 0.572009 4.01702 0.0025 0.601365 0.490702 2.03996 0.00831442 362 4 1 0.999365 
0.433855 0.587987 4.15449 0.0025 0.592309 0.480393 2.02762 0.00844154 363 4 1 0.999357 
0.438109 0.605299 4.50857 0.0025 0.582737 0.469561 2.01446 0.0085802 364 4 1 0.999272 
0.442436 0.624135 4.68917 0.0025 0.572629 0.458196 2.00041 0.00873166 365 4 1 0.999153 
0.446841 0.643168 4.41214 0.0025 0.562636 0.447036 1.98637 0.00888675 366 4 1 0.999115 
0.451323 0.660208 3.53747 0.0025 0.553858 0.437298 1.97391 0.00902758 367 4 1 0.999256 
0.455869 0.672729 2.16846 0.0025 0.547462 0.430242 1.96476 0.00913305 368 4 1 0.99956 
0.460456 0.678807 0.590117 0.0025 0.544197 0.426658 1.96007 0.00918785 369 4 1 0.999868 
0.465057 0.679271 -0.147234 0.0025 0.543433 0.42583 1.95899 0.00920077 370 5 1 0.999992 
0.469657 0.679029 -0.0577033 0.0025 0.543514 0.425925 1.95912 0.00919939 371 4 1 1 
0.474256 0.678629 -0.129627 0.0025 0.543682 0.42611 1.95937 0.00919655 372 4 1 0.999999 
0.478854 0.678046 -0.145101 0.0025 0.543955 0.426412 1.95978 0.00919194 373 4 1 0.999999 
0.483448 0.677401 -0.14662 0.0025 0.544275 0.426765 1.96025 0.00918654 374 4 1 0.999999 
0.48804 0.676775 -0.133142 0.0025 0.544598 0.427123 1.96073 0.00918108 375 4 1 0.999999 
0.492629 0.676214 -0.112586 0.0025 0.544894 0.42745 1.96116 0.0091761 376 4 1 0.999999 
0.497216 0.675741 -0.091988 0.0025 0.545147 0.427731 1.96154 0.00917184 377 4 1 1 
0.501801 0.675357 -0.07407 0.0025 0.545355 0.427963 1.96185 0.00916833 378 4 1 1 
0.506385 0.67505 -0.0591533 0.0025 0.545523 0.42815 1.96211 0.00916552 379 4 1 1 
0.510967 0.674804 -0.0476041 0.0025 0.545655 0.428299 1.96232 0.00916329 380 4 1 1 
0.515548 0.674604 -0.0392599 0.0025 0.545762 0.42842 1.96249 0.00916151 381 4 1 1 
0.520128 0.674438 -0.0331935 0.0025 0.545848 0.42852 1.96263 0.00916005 382 4 1 1 
0.524708 0.674297 -0.0286143 0.0025 0.54592 0.428604 1.96276 0.00915885 383 4 1 1 
0.529287 0.674173 -0.0251155 0.0025 0.545981 0.428676 1.96287 0.00915783 384 4 1 1 
0.533866 0.674064 -0.0223357 0.0025 0.546032 0.428739 1.96297 0.00915697 385 4 1 1 
0.538444 0.673968 -0.0199479 0.0025 0.546077 0.428795 1.96307 0.00915622 386 4 1 1 
0.543022 0.673881 -0.0177979 0.0025 0.546115 0.428845 1.96316 0.00915558 387 4 1 1 
0.5476 0.673803 -0.0158432 0.0025 0.546147 0.428889 1.96325 0.00915505 388 4 1 1 
0.552177 0.673734 -0.0140722 0.0025 0.546173 0.428929 1.96334 0.00915462 389 4 1 1 
0.556754 0.673671 -0.0124977 0.0025 0.546192 0.428964 1.96343 0.00915428 390 4 1 1 
0.561331 0.673616 -0.0111248 0.0025 0.546207 0.428995 1.96352 0.00915404 391 4 1 1 
0.565908 0.673566 -0.00992078 0.0025 0.546215 0.429022 1.96361 0.0091539 392 4 1 1 
0.570485 0.673521 -0.00884619 0.0025 0.546216 0.429046 1.96372 0.00915388 393 3 1 1 
0.575062 0.673481 -0.00788826 0.0025 0.5462 0.429056 1.96382 0.00915416 394 4 1 1 
0.579639 0.673445 -0.00704705 0.0025 0.546109 0.429012 1.96395 0.00915568 395 4 1 1 
0.584218 0.673412 -0.00631323 0.0025 0.545698 0.428767 1.9643 0.00916257 396 4 1 0.999999 
0.588802 0.673382 -0.00566929 0.0025 0.544079 0.427024 1.96214 0.00918984 397 4 1 0.999987 
0.593408 0.673354 -0.00509204 0.0025 0.530956 0.411557 1.93781 0.00941697 398 4 1 0.999669 
0.598224 0.673327 -0.00454274 0.0025 0.506871 0.440247 2.1714 0.00986443 399 4 1 0.994708 
0.603279 0.673301 -0.00401265 0.0025 0.481332 0.415612 2.15866 0.0103878 400 4 1 0.993701 
0.608621 0.673276 -0.0034991 0.0025 0.458843 0.450071 2.45221 0.010897 401 4 1 0.993695 
0.614182 0.67325 -0.00301394 0.0025 0.450226 0.430604 2.39105 0.0111055 402 5 1 0.998659 
0.619727 0.673227 -0.00258305 0.0025 0.451822 0.42893 2.37334 0.0110663 403 4 1 0.999967 
0.625248 0.673205 -0.00219959 0.0025 0.453444 0.428886 2.3646 0.0110267 404 4 1 0.999986 
0.630753 0.673184 -0.00184619 0.0025 0.454532 0.429021 2.35969 0.0110003 405 4 1 0.999994 
0.636248 0.673165 -0.00150209 0.0025 0.45523 0.429104 2.35652 0.0109835 406 4 1 0.999997 
0.641737 0.673145 -0.00114655 0.0025 0.455701 0.429146 2.35432 0.0109721 407 4 1 0.999999 
0.647221 0.673127 -0.000762978 0.0025 0.456035 0.42917 2.35272 0.0109641 408 4 1 0.999999 
0.652701 0.673108 -0.000326384 0.0025 0.456282 0.429183 2.35153 0.0109581 409 4 1 1 
0.658179 0.673088 0.0002523 0.0025 0.456467 0.429191 2.35061 0.0109537 410 4 1 1 
0.663655 0.673065 0.00127211 0.0025 0.456608 0.429192 2.34989 0.0109503 411 4 1 1 
0.669129 0.673034 0.00377258 0.0025 0.456712 0.429182 2.34931 0.0109478 412 4 1 1 
0.674602 0.672974 0.0108302 0.0025 0.456772 0.429145 2.34879 0.0109464 413 3 1 1 
0.680075 0.672826 0.0327269 0.0025 0.456752 0.429026 2.34824 0.0109469 414 4 1 1 
0.685549 0.672406 0.0999513 0.0025 0.45653 0.428659 2.34737 0.0109522 415 4 1 1 
0.691028 0.671164 0.293413 0.0025 0.45575 0.427574 2.34543 0.0109709 416 4 1 0.999995 
0.69652 0.667628 0.825823 0.0025 0.453513 0.424591 2.34054 0.011025 417 4 1 0.999957 
0.702053 0.658485 2.03387 0.0025 0.447892 0.417193 2.32858 0.0111634 418 4 1 0.999708 
0.707685 0.636385 4.77779 0.0025 0.435486 0.400995 2.30189 0.0114814 419 4 1 0.998516 
0.713539 0.590807 9.14075 0.0025 0.412134 0.370851 2.24938 0.012132 420 4 1 0.994466 
0.719835 0.498211 19.6692 0.0025 0.372624 0.320796 2.15208 0.0134183 421 4 1 0.984928 
0.727031 0.322865 30.5725 0.0025 0.321603 0.25878 2.0117 0.0155471 422 4 1 0.967559 
0.735536 0.13041 23.4087 0.0025 0.27879 0.209946 1.88294 0.0179346 423 4 1 0.961325 
0.745069 0.0267659 8.03086 0.0025 0.257123 0.186765 1.81611 0.0194459 424 4 1 0.982944 
0.755 0.00167381 1.02924 0.0025 0.250881 0.180381 1.79753 0.0199297 425 4 1 0.997932 
0.764999 -0.000281969 -0.0308317 0.0025 0.25 0.179499 1.795 0.02 426 4 1 0.999952 
0.775 -1.75617e-05 -0.01469 0.0025 0.249989 0.179489 1.79497 0.0200009 427 5 1 1 
0.785 5.04471e-06 0.000672149 0.0025 0.25 0.1795 1.795 0.02 428 3 1 1 
0.795 1.51927e-06 0.000314794 0.0025 0.25 0.1795 1.795 0.02 429 4 1 1 
0.805 3.52822e-07 7.811e-05 0.0025 0.25 0.1795 1.795 0.02 430 4 1 1 
0.815 7.65147e-08 1.75935e-05 0.0025 0.25 0.1795 1.795 0.02 431 4 1 1 
0.825 1.59346e-08 3.78603e-06 0.0025 0.25 0.1795 1.795 0.02 432 4 1 1 
0.835 3.19048e-09 7.85358e-07 0.0025 0.25 0.1795 1.795 0.02 433 4 1 1 
0.845 6.1197e-10 1.56567e-07 0.0025 0.25 0.1795 1.795 0.02 434 4 1 1 
0.855 1.12053e-10 2.98656e-08 0.0025 0.25 0.1795 1.795 0.02 435 4 1 1 
0.865 1.95236e-11 5.42924e-09 0.0025 0.25 0.1795 1.795 0.02 436 4 1 1 
0.875 3.23567e-12 9.3911e-10 0.0025 0.25 0.1795 1.795 0.02 437 4 1 1 
0.885 5.13625e-13 1.52255e-10 0.0025 0.25 0.1795 1.795 0.02 438 4 1 1 
0.895 7.13637e-14 2.75691e-11 0.0025 0.25 0.1795 1.795 0.02 439 4 1 1 
0.905 3.75537e-15 1.56319e-12 0.0025 0.25 0.1795 1.795 0.02 440 5 1 1 
0.915 -2.65696e-16 2.55795e-13 0.0025 0.25 0.1795 1.795 0.02 441 5 1 1 
0.925 -1.39852e-15 5.04467e-44 0.0025 0.25 0.1795 1.795 0.02 442 5 1 1 
0.935 -2.3081e-15 1.12104e-44 0.0025 0.25 0.1795 1.795 0.02 443 5 1 1 
0.945 -3.3978e-15 5.68434e-14 0.0025 0.25 0.1795 1.795 0.02 444 5 1 1 
0.955 -4.97842e-15 1.48538e-43 0.0025 0.25 0.1795 1.795 0.02 445 5 1 1 
0.965 8.23102e-15 1.7053e-13 0.0025 0.25 0.1795 1.795 0.02 446 5 1 1 
0.975 1.10117e-15 5.68434e-14 0.0025 0.25 0.1795 1.795 0.02 447 5 1 1 
0.985 -2.13674e-15 1.42109e-14 0.0025 0.25 0.1795 1.795 0.02 448 5 1 1 
0.995 -1.12329e-14 -4.77902e-27 0.0025 0.25 0.1795 1.795 0.02 449 3 1 1 
1.005 1.12329e-14 4.77902e-27 0.0025 0.25 0.1795 1.795 0.02 450 3 1 1 
1.015 2.13674e-15 -1.42109e-14 0.0025 0.25 0.1795 1.795 0.02 451 5 1 1 
1.025 -1.10117e-15 -5.68434e-14 0.0025 0.25 0.1795 1.795 0.02 452 5 1 1 
1.035 -8.23102e-15 -1.7053e-13 0.0025 0.25 0.1795 1.795 0.02 453 5 1 1 
1.045 4.97842e-15 -1.48538e-43 0.0025 0.25 0.1795 1.795 0.02 454 5 1 1 
1.055 3.3978e-15 -5.68434e-14 0.0025 0.25 0.1795 1.795 0.02 455 5 1 1 
1.065 2.3081e-15 -1.12104e-44 0.0025 0.25 0.1795 1.795 0.02 456 5 1 1 
1.075 1.39852e-15 -4.2039e-44 0.0025 0.25 0.1795 1.795 0.02 457 5 1 1 
1.085 2.35284e-16 -2.13163e-13 0.0025 0.25 0.1795 1.795 0.02 458 5 1 1 
1.095 -3.68565e-15 -1.39266e-12 0.0025 0.25 0.1795 1.795 0.02 459 5 1 1 
1.105 -5.65461e-14 -2.47837e-11 0.0025 0.25 0.1795 1.795 0.02 460 4 1 1 
1.115 -5.20377e-13 -1.58209e-10 0.0025 0.25 0.1795 1.795 0.02 461 4 1 1 
1.125 -3.22792e-12 -9.33028e-10 0.0025 0.25 0.1795 1.795 0.02 462 4 1 1 
1.135 -1.95473e-11 -5.43716e-09 0.0025 0.25 0.1795 1.795 0.02 463 4 1 1 
1.145 -1.12049e-10 -2.98561e-08 0.0025 0.25 0.1795 1.795 0.02 464 4 1 1 
1.155 -6.11969e-10 -1.5657e-07 0.0025 0.25 0.1795 1.795 0.02 465 4 1 1 
1.165 -3.19046e-09 -7.8536e-07 0.0025 0.25 0.1795 1.795 0.02 466 4 1 1 
1.175 -1.59346e-08 -3.78603e-06 0.0025 0.25 0.1795 1.795 0.02 467 4 1 1 
1.185 -7.65147e-08 -1.75935e-05 0.0025 0.25 0.1795 1.795 0.02 468 4 1 1 
1.195 -3.52822e-07 -7.811e-05 0.0025 0.25 0.1795 1.795 0.02 469 4 1 1 
1.205 -1.51927e-06 -0.000314794 0.0025 0.25 0.1795 1.795 0.02 470 4 1 1 
1.215 -5.04471e-06 -0.000672149 0.0025 0.25 0.1795 1.795 0.02 471 3 1 1 
1.225 1.75617e-05 0.01469 0.0025 0.249989 0.179489 1.79497 0.0200009 472 5 1 1 
1.235 0.000281969 0.0308317 0.0025 0.25 0.179499 1.795 0.02 473 4 1 0.999952 
1.245 -0.00167381 -1.02924 0.0025 0.250881 0.180381 1.79753 0.0199297 474 4 1 0.997932 
1.25493 -0.0267659 -8.03086 0.0025 0.257123 0.186765 1.81611 0.0194459 475 4 1 0.982944 
1.26446 -0.13041 -23.4087 0.0025 0.27879 0.209946 1.88294 0.0179346 476 4 1 0.961325 
1.27297 -0.322865 -30.5725 0.0025 0.321603 0.25878 2.0117 0.0155471 477 4 1 0.967559 
1.28017 -0.498211 -19.6692 0.0025 0.372624 0.320796 2.15208 0.0134183 478 4 1 0.984928 
1.28646 -0.590807 -9.14075 0.0025 0.412134 0.370851 2.24938 0.012132 479 4 1 0.994466 
1.29232 -0.636385 -4.77779 0.0025 0.435486 0.400995 2.30189 0.0114814 480 4 1 0.998516 
1.29795 -0.658485 -2.03387 0.0025 0.447892 0.417193 2.32858 0.0111634 481 4 1 0.999708 
1.30348 -0.667628 -0.825823 0.0025 0.453513 0.424591 2.34054 0.011025 482 4 1 0.999957 
1.30897 -0.671164 -0.293413 0.0025 0.45575 0.427574 2.34543 0.0109709 483 4 1 0.999995 
1.31445 -0.672406 -0.0999513 0.0025 0.45653 0.428659 2.34737 0.0109522 484 4 1 1 
1.31992 -0.672826 -0.0327269 0.0025 0.456752 0.429026 2.34824 0.0109469 485 4 1 1 
1.3254 -0.672974 -0.0108302 0.0025 0.456772 0.429145 2.34879 0.0109464 486 3 1 1 
1.33087 -0.673034 -0.00377258 0.0025 0.456712 0.429182 2.34931 0.0109478 487 4 1 1 
1.33635 -0.673065 -0.00127211 0.0025 0.456608 0.429192 2.34989 0.0109503 488 4 1 1 
1.34182 -0.673088 -0.0002523 0.0025 0.456467 0.429191 2.35061 0.0109537 489 4 1 1 
1.3473 -0.673108 0.000326384 0.0025 0.456282 0.429183 2.35153 0.0109581 490 4 1 1 
1.35278 -0.673127 0.000762978 0.0025 0.456035 0.42917 2.35272 0.0109641 491 4 1 0.999999 
1.35826 -0.673145 0.00114655 0.0025 0.455701 0.429146 2.35432 0.0109721 492 4 1 0.999999 
1.36375 -0.673165 0.00150209 0.0025 0.45523 0.429104 2.35652 0.0109835 493 4 1 0.999997 
1.36925 -0.673184 0.00184619 0.0025 0.454532 0.429021 2.35969 0.0110003 494 4 1 0.999994 
1.37475 -0.673205 0.00219959 0.0025 0.453444 0.428886 2.3646 0.0110267 495 4 1 0.999986 
1.38027 -0.673227 0.00258305 0.0025 0.451822 0.42893 2.37334 0.0110663 496 4 1 0.999967 
1.38582 -0.67325 0.00301394 0.0025 0.450226 0.430604 2.39105 0.0111055 497 5 1 0.998659 
1.39138 -0.673276 0.0034991 0.0025 0.458843 0.450071 2.45221 0.010897 498 4 1 0.993695 
1.39672 -0.673301 0.00401265 0.0025 0.481332 0.415612 2.15866 0.0103878 499 4 1 0.993701 
