# Time [s]: 4.52715e+12
# Columns: pos [pc], vel [pc/s], acc [pc/s^2], mass [Msun], dens [g/cm^3], pres [barye], ene [erg/g], sml [pc], id, neighbor, alpha, gradh, ...additional?
4.33097e+16 -673.339 1.54885e-13 4.97118e+27 0.000506865 4.40239 21713.8 3.04421e+14 0 4 1 0.994709 
4.34583e+16 -673.367 1.73941e-13 4.97118e+27 0.000530949 4.11549 19378 2.90612e+14 1 4 1 0.999669 
4.36004e+16 -673.396 1.94001e-13 4.97118e+27 0.00054407 4.27014 19621.3 2.83603e+14 2 4 1 0.999987 
4.37419e+16 -673.428 2.16349e-13 4.97118e+27 0.000545689 4.28756 19642.9 2.82762e+14 3 4 1 0.999999 
4.38832e+16 -673.463 2.41748e-13 4.97118e+27 0.000546098 4.29 19639.3 2.8255e+14 4 4 1 1 
4.40244e+16 -673.501 2.70889e-13 4.97118e+27 0.000546188 4.29043 19638.1 2.82503e+14 5 4 1 1 
4.41657e+16 -673.544 3.04363e-13 4.97118e+27 0.000546204 4.29032 19637 2.82495e+14 6 3 1 1 
4.43069e+16 -673.591 3.4225e-13 4.97118e+27 0.000546201 4.29007 19635.9 2.82497e+14 7 4 1 1 
4.44482e+16 -673.644 3.8444e-13 4.97118e+27 0.000546191 4.28978 19635 2.82502e+14 8 4 1 1 
4.45894e+16 -673.703 4.31703e-13 4.97118e+27 0.000546175 4.28945 19634 2.8251e+14 9 4 1 1 
4.47307e+16 -673.769 4.85493e-13 4.97118e+27 0.000546153 4.28907 19633.1 2.82522e+14 10 4 1 1 
4.4872e+16 -673.843 5.46196e-13 4.97118e+27 0.000546125 4.28865 19632.2 2.82536e+14 11 4 1 1 
4.50132e+16 -673.926 6.13261e-13 4.97118e+27 0.00054609 4.28818 19631.3 2.82554e+14 12 4 1 1 
4.51545e+16 -674.018 6.8743e-13 4.97118e+27 0.000546049 4.28765 19630.3 2.82575e+14 13 4 1 1 
4.52958e+16 -674.121 7.71166e-13 4.97118e+27 0.000546001 4.28705 19629.3 2.826e+14 14 4 1 1 
4.54371e+16 -674.237 8.69736e-13 4.97118e+27 0.000545946 4.28637 19628.2 2.82629e+14 15 4 1 1 
4.55784e+16 -674.369 9.95957e-13 4.97118e+27 0.00054588 4.28559 19627 2.82663e+14 16 4 1 1 
4.57198e+16 -674.523 1.16836e-12 4.97118e+27 0.000545801 4.28469 19625.7 2.82704e+14 17 4 1 1 
4.58611e+16 -674.705 1.40263e-12 4.97118e+27 0.000545706 4.28359 19624.1 2.82753e+14 18 4 1 1 
4.60025e+16 -674.927 1.7189e-12 4.97118e+27 0.000545587 4.28224 19622.2 2.82815e+14 19 4 1 1 
4.61439e+16 -675.204 2.15064e-12 4.97118e+27 0.000545437 4.28056 19619.9 2.82892e+14 20 4 1 1 
4.62854e+16 -675.55 2.70995e-12 4.97118e+27 0.000545249 4.27846 19617 2.8299e+14 21 4 1 1 
-1.52931e+16 -675.98 3.35435e-12 4.97118e+27 0.000545015 4.27586 19613.5 2.83111e+14 22 4 1 0.999999 
-1.51515e+16 -676.504 4.02346e-12 4.97118e+27 0.000544736 4.27277 19609.4 2.83256e+14 23 4 1 0.999999 
-1.50098e+16 -677.113 4.62554e-12 4.97118e+27 0.00054442 4.26928 19604.7 2.83421e+14 24 4 1 0.999999 
-1.48681e+16 -677.767 4.91798e-12 4.97118e+27 0.000544089 4.26562 19599.8 2.83593e+14 25 4 1 0.999999 
-1.47262e+16 -678.395 4.53761e-12 4.97118e+27 0.000543781 4.26221 19595.3 2.83754e+14 26 4 1 0.999999 
-1.45843e+16 -678.926 3.49753e-12 4.97118e+27 0.000543557 4.25973 19591.9 2.83871e+14 27 4 1 0.999999 
-1.44423e+16 -679.141 1.85461e-12 4.97118e+27 0.000543422 4.25822 19589.9 2.83942e+14 28 5 1 0.999999 
-1.43004e+16 -679.49 -1.37725e-12 4.97118e+27 0.000543623 4.26034 19592.6 2.83836e+14 29 4 1 0.999948 
-1.41585e+16 -676.321 -4.76606e-11 4.97118e+27 0.000545609 4.28206 19621 2.82803e+14 30 4 1 0.9997 
-1.40176e+16 -666.34 -9.85236e-11 4.97118e+27 0.00055074 4.33854 19694.6 2.80169e+14 31 4 1 0.999357 
-1.38783e+16 -650.758 -1.34917e-10 4.97118e+27 0.000558728 4.42694 19808.4 2.76163e+14 32 4 1 0.999131 
-1.37414e+16 -631.986 -1.5223e-10 4.97118e+27 0.000568468 4.53541 19945.8 2.71431e+14 33 4 1 0.999102 
-1.36069e+16 -612.645 -1.51564e-10 4.97118e+27 0.000578756 4.65077 20089.5 2.66606e+14 34 4 1 0.999208 
-1.34747e+16 -594.483 -1.40247e-10 4.97118e+27 0.000588682 4.76281 20226.5 2.62111e+14 35 4 1 0.99932 
-1.33447e+16 -577.947 -1.31907e-10 4.97118e+27 0.000597989 4.86853 20353.8 2.58031e+14 36 4 1 0.999357 
-1.32167e+16 -562.066 -1.33894e-10 4.97118e+27 0.00060706 4.97219 20476.6 2.54176e+14 37 4 1 0.999316 
-1.30905e+16 -545.717 -1.44895e-10 4.97118e+27 0.000616475 5.08044 20603 2.50294e+14 38 4 1 0.999237 
-1.29664e+16 -528.234 -1.57962e-10 4.97118e+27 0.000626582 5.19741 20737.4 2.46257e+14 39 4 1 0.999153 
-1.28443e+16 -509.622 -1.7073e-10 4.97118e+27 0.000637441 5.32395 20880.4 2.42062e+14 40 4 1 0.999094 
-1.27243e+16 -490.192 -1.79904e-10 4.97118e+27 0.000648932 5.4588 21030.1 2.37775e+14 41 4 1 0.999063 
-1.26065e+16 -470.315 -1.8682e-10 4.97118e+27 0.000660869 5.5999 21184 2.3348e+14 42 4 1 0.999055 
-1.24908e+16 -450.281 -1.91598e-10 4.97118e+27 0.000673104 5.74558 21340 2.29236e+14 43 4 1 0.999066 
-1.23772e+16 -430.219 -1.94656e-10 4.97118e+27 0.000685512 5.89439 21496.4 2.25087e+14 44 4 1 0.999085 
-1.22657e+16 -410.345 -1.97306e-10 4.97118e+27 0.000698017 6.04547 21652.4 2.21055e+14 45 4 1 0.999111 
-1.21561e+16 -390.663 -1.98876e-10 4.97118e+27 0.000710569 6.19821 21807.3 2.1715e+14 46 4 1 0.99914 
-1.20485e+16 -371.277 -2.00376e-10 4.97118e+27 0.000723133 6.35217 21960.7 2.13377e+14 47 4 1 0.999171 
-1.19428e+16 -352.168 -2.01084e-10 4.97118e+27 0.000735681 6.50701 22112.3 2.09738e+14 48 4 1 0.999201 
-1.18388e+16 -333.339 -2.02065e-10 4.97118e+27 0.000748199 6.66254 22262 2.06229e+14 49 4 1 0.999229 
-1.17365e+16 -314.824 -2.03123e-10 4.97118e+27 0.000760694 6.81882 22410 2.02841e+14 50 4 1 0.999259 
-1.16359e+16 -296.608 -2.03414e-10 4.97118e+27 0.00077315 6.97565 22556 1.99573e+14 51 4 1 0.999285 
-1.15369e+16 -278.671 -2.04458e-10 4.97118e+27 0.000785567 7.13298 22700.2 1.96419e+14 52 4 1 0.999312 
-1.14395e+16 -261.039 -2.04532e-10 4.97118e+27 0.000797939 7.29075 22842.5 1.93373e+14 53 4 1 0.999338 
-1.13435e+16 -243.664 -2.05065e-10 4.97118e+27 0.000810256 7.44877 22982.9 1.90434e+14 54 4 1 0.999361 
-1.1249e+16 -226.595 -2.0577e-10 4.97118e+27 0.000822531 7.60724 23121.5 1.87592e+14 55 4 1 0.999385 
-1.11559e+16 -209.795 -2.05632e-10 4.97118e+27 0.000834753 7.76594 23258.3 1.84845e+14 56 4 1 0.999408 
-1.10642e+16 -193.262 -2.06195e-10 4.97118e+27 0.000846916 7.92482 23393.2 1.8219e+14 57 4 1 0.999429 
-1.09737e+16 -176.989 -2.06246e-10 4.97118e+27 0.000859026 8.08391 23526.5 1.79622e+14 58 4 1 0.99945 
-1.08845e+16 -160.978 -2.06257e-10 4.97118e+27 0.000871072 8.24305 23657.9 1.77138e+14 59 4 1 0.99947 
-1.07966e+16 -145.22 -2.06517e-10 4.97118e+27 0.000883058 8.40228 23787.5 1.74734e+14 60 4 1 0.999489 
-1.07098e+16 -129.74 -2.06434e-10 4.97118e+27 0.000894985 8.56157 23915.5 1.72405e+14 61 4 1 0.999507 
-1.06242e+16 -114.485 -2.06516e-10 4.97118e+27 0.000906845 8.72083 24041.8 1.7015e+14 62 4 1 0.999526 
-1.05396e+16 -99.4478 -2.06282e-10 4.97118e+27 0.000918628 8.87991 24166.2 1.67968e+14 63 4 1 0.999553 
-1.04562e+16 -84.8016 -2.01944e-10 4.97118e+27 0.000930239 9.03744 24287.9 1.65871e+14 64 4 1 0.999577 
-1.03738e+16 -70.6735 -1.98691e-10 4.97118e+27 0.000941645 9.19278 24406.5 1.63862e+14 65 4 1 0.999561 
-1.02923e+16 -56.4384 -2.14852e-10 4.97118e+27 0.000953285 9.35223 24526.7 1.61861e+14 66 4 1 0.999544 
-1.02119e+16 -41.2228 -2.26856e-10 4.97118e+27 0.000965364 9.51922 24651.1 1.59836e+14 67 4 1 0.999688 
-1.01325e+16 -27.5537 -1.63204e-10 4.97118e+27 0.000976044 9.66741 24760 1.58087e+14 68 4 1 0.999859 
-1.00538e+16 -19.5894 -8.20192e-11 4.97118e+27 0.000983526 9.7697 24834.3 1.56885e+14 69 4 1 0.999758 
-9.9756e+15 -11.6234 -1.92197e-10 4.97118e+27 0.000991848 9.88418 24917.3 1.55568e+14 70 4 1 0.999297 
-9.89824e+15 7.38478 -3.74035e-10 4.97118e+27 0.0010065 10.0919 25066.2 1.53304e+14 71 4 1 0.999476 
-9.82228e+15 28.2377 -2.26378e-10 4.97118e+27 0.00102163 10.3072 25217.8 1.51033e+14 72 4 1 0.999984 
-9.7472e+15 34.1671 -4.35523e-12 4.97118e+27 0.0010279 10.3945 25278.3 1.50112e+14 73 3 1 1 
-9.67217e+15 32.7481 3.4925e-11 4.97118e+27 0.00102722 10.3836 25270.7 1.50212e+14 74 4 1 1 
-9.59698e+15 29.9087 4.85036e-11 4.97118e+27 0.00102471 10.3479 25245.8 1.5058e+14 75 4 1 0.999984 
-9.52159e+15 26.3855 5.78728e-11 4.97118e+27 0.00102162 10.3042 25215.3 1.51034e+14 76 4 1 0.999974 
-9.44595e+15 22.4862 6.2335e-11 4.97118e+27 0.00101828 10.257 25182.1 1.5153e+14 77 4 1 0.999969 
-9.37006e+15 18.5017 6.22938e-11 4.97118e+27 0.00101493 10.2097 25148.8 1.52031e+14 78 4 1 0.999967 
-9.29392e+15 14.6958 5.82786e-11 4.97118e+27 0.00101178 10.1652 25117.4 1.52504e+14 79 4 1 0.99997 
-9.21755e+15 11.2734 5.14059e-11 4.97118e+27 0.00100898 10.1258 25089.5 1.52927e+14 80 4 1 0.999976 
-9.14099e+15 8.35975 4.29949e-11 4.97118e+27 0.00100662 10.0927 25066 1.53285e+14 81 4 1 0.999983 
-9.06427e+15 5.99963 3.42681e-11 4.97118e+27 0.00100473 10.0662 25047.2 1.53574e+14 82 4 1 0.999989 
-8.98742e+15 4.1726 2.61426e-11 4.97118e+27 0.00100328 10.0458 25032.7 1.53796e+14 83 4 1 0.999993 
-8.91047e+15 2.81561 1.91619e-11 4.97118e+27 0.0010022 10.0308 25021.9 1.53961e+14 84 4 1 0.999996 
-8.83346e+15 1.84534 1.35368e-11 4.97118e+27 0.00100144 10.0201 25014.3 1.54078e+14 85 4 1 0.999998 
-8.75639e+15 1.17567 9.23944e-12 4.97118e+27 0.00100091 10.0128 25009.1 1.54159e+14 86 4 1 0.999999 
-8.6793e+15 0.72857 6.10439e-12 4.97118e+27 0.00100056 10.0079 25005.6 1.54213e+14 87 4 1 1 
-8.60218e+15 0.43936 3.9093e-12 4.97118e+27 0.00100034 10.0047 25003.4 1.54248e+14 88 4 1 1 
-8.52505e+15 0.2579 2.42906e-12 4.97118e+27 0.0010002 10.0028 25002 1.54269e+14 89 4 1 1 
-8.44791e+15 0.147378 1.46538e-12 4.97118e+27 0.00100011 10.0016 25001.1 1.54282e+14 90 4 1 1 
-8.37077e+15 0.0819941 8.58675e-13 4.97118e+27 0.00100006 10.0009 25000.6 1.5429e+14 91 4 1 1 
-8.29362e+15 0.0444118 4.8888e-13 4.97118e+27 0.00100003 10.0005 25000.3 1.54295e+14 92 4 1 1 
-8.21647e+15 0.0234179 2.70485e-13 4.97118e+27 0.00100002 10.0002 25000.2 1.54297e+14 93 4 1 1 
-8.13932e+15 0.0120194 1.45441e-13 4.97118e+27 0.00100001 10.0001 25000.1 1.54299e+14 94 4 1 1 
-8.06217e+15 0.00600387 7.60051e-14 4.97118e+27 0.001 10.0001 25000 1.54299e+14 95 4 1 1 
-7.98502e+15 0.00291818 3.86e-14 4.97118e+27 0.001 10 25000 1.543e+14 96 4 1 1 
-7.90787e+15 0.00137982 1.90494e-14 4.97118e+27 0.001 10 25000 1.543e+14 97 4 1 1 
-7.83072e+15 0.00063452 9.13392e-15 4.97118e+27 0.001 10 25000 1.543e+14 98 4 1 1 
-7.75357e+15 0.000283686 4.2543e-15 4.97118e+27 0.001 10 25000 1.543e+14 99 4 1 1 
-7.67642e+15 0.000123266 1.92434e-15 4.97118e+27 0.001 10 25000 1.543e+14 100 4 1 1 
-7.59927e+15 5.20315e-05 8.4504e-16 4.97118e+27 0.001 10 25000 1.543e+14 101 4 1 1 
-7.52212e+15 2.13253e-05 3.60119e-16 4.97118e+27 0.001 10 25000 1.543e+14 102 4 1 1 
-7.44497e+15 8.4816e-06 1.48863e-16 4.97118e+27 0.001 10 25000 1.543e+14 103 4 1 1 
-7.36782e+15 3.27127e-06 5.96555e-17 4.97118e+27 0.001 10 25000 1.543e+14 104 4 1 1 
-7.29067e+15 1.22258e-06 2.31614e-17 4.97118e+27 0.001 10 25000 1.543e+14 105 4 1 1 
-7.21352e+15 4.42345e-07 8.70486e-18 4.97118e+27 0.001 10 25000 1.543e+14 106 4 1 1 
-7.13637e+15 1.54753e-07 3.16436e-18 4.97118e+27 0.001 10 25000 1.543e+14 107 4 1 1 
-7.05922e+15 5.2297e-08 1.11115e-18 4.97118e+27 0.001 10 25000 1.543e+14 108 4 1 1 
-6.98207e+15 1.7037e-08 3.76828e-19 4.97118e+27 0.001 10 25000 1.543e+14 109 4 1 1 
-6.90492e+15 5.3542e-09 1.2234e-19 4.97118e+27 0.001 10 25000 1.543e+14 110 4 1 1 
-6.82777e+15 1.60842e-09 3.89762e-20 4.97118e+27 0.001 10 25000 1.543e+14 111 4 1 1 
-6.75062e+15 4.57938e-10 1.13466e-20 4.97118e+27 0.001 10 25000 1.543e+14 112 4 1 1 
-6.67347e+15 1.28761e-10 3.33582e-21 4.97118e+27 0.001 10 25000 1.543e+14 113 4 1 1 
-6.59632e+15 3.24143e-11 1.17702e-21 4.97118e+27 0.001 10 25000 1.543e+14 114 4 1 1 
-6.51917e+15 2.06833e-12 8.65729e-23 4.97118e+27 0.001 10 25000 1.543e+14 115 5 1 1 
-6.44202e+15 2.25964e-13 2.02618e-23 4.97118e+27 0.001 10 25000 1.543e+14 116 5 1 1 
-6.36487e+15 4.79916e-44 4.35919e-54 4.97118e+27 0.001 10 25000 1.543e+14 117 5 1 1 
-6.28772e+15 0 0 4.97118e+27 0.001 10 25000 1.543e+14 118 5 1 1 
-6.21057e+15 0 0 4.97118e+27 0.001 10 25000 1.543e+14 119 5 1 1 
-6.13342e+15 0 0 4.97118e+27 0.001 10 25000 1.543e+14 120 5 1 1 
-6.05627e+15 0 0 4.97118e+27 0.001 10 25000 1.543e+14 121 5 1 1 
-5.97912e+15 0 0 4.97118e+27 0.001 10 25000 1.543e+14 122 5 1 1 
-5.90197e+15 0 0 4.97118e+27 0.001 10 25000 1.543e+14 123 5 1 1 
-5.82482e+15 0 0 4.97118e+27 0.001 10 25000 1.543e+14 124 5 1 1 
-5.74767e+15 0 0 4.97118e+27 0.001 10 25000 1.543e+14 125 5 1 1 
-5.67052e+15 0 0 4.97118e+27 0.001 10 25000 1.543e+14 126 5 1 1 
-5.59337e+15 0 0 4.97118e+27 0.001 10 25000 1.543e+14 127 5 1 1 
-5.51622e+15 0 0 4.97118e+27 0.001 10 25000 1.543e+14 128 5 1 1 
-5.43907e+15 0 0 4.97118e+27 0.001 10 25000 1.543e+14 129 5 1 1 
-5.36192e+15 0 0 4.97118e+27 0.001 10 25000 1.543e+14 130 5 1 1 
-5.28477e+15 0 0 4.97118e+27 0.001 10 25000 1.543e+14 131 5 1 1 
-5.20762e+15 0 0 4.97118e+27 0.001 10 25000 1.543e+14 132 5 1 1 
-5.13047e+15 0 0 4.97118e+27 0.001 10 25000 1.543e+14 133 5 1 1 
-5.05332e+15 0 0 4.97118e+27 0.001 10 25000 1.543e+14 134 5 1 1 
-4.97617e+15 0 0 4.97118e+27 0.001 10 25000 1.543e+14 135 5 1 1 
-4.89902e+15 0 0 4.97118e+27 0.001 10 25000 1.543e+14 136 5 1 1 
-4.82187e+15 0 0 4.97118e+27 0.001 10 25000 1.543e+14 137 5 1 1 
-4.74472e+15 0 0 4.97118e+27 0.001 10 25000 1.543e+14 138 5 1 1 
-4.66757e+15 0 0 4.97118e+27 0.001 10 25000 1.543e+14 139 5 1 1 
-4.59042e+15 0 0 4.97118e+27 0.001 10 25000 1.543e+14 140 5 1 1 
-4.51327e+15 0 0 4.97118e+27 0.001 10 25000 1.543e+14 141 5 1 1 
-4.43612e+15 0 0 4.97118e+27 0.001 10 25000 1.543e+14 142 5 1 1 
-4.35897e+15 0 0 4.97118e+27 0.001 10 25000 1.543e+14 143 5 1 1 
-4.28182e+15 0 0 4.97118e+27 0.001 10 25000 1.543e+14 144 5 1 1 
-4.20467e+15 0 0 4.97118e+27 0.001 10 25000 1.543e+14 145 5 1 1 
-4.12752e+15 0 0 4.97118e+27 0.001 10 25000 1.543e+14 146 5 1 1 
-4.05037e+15 0 0 4.97118e+27 0.001 10 25000 1.543e+14 147 5 1 1 
-3.97322e+15 0 0 4.97118e+27 0.001 10 25000 1.543e+14 148 5 1 1 
-3.89607e+15 0 0 4.97118e+27 0.001 10 25000 1.543e+14 149 5 1 1 
-3.81892e+15 0 0 4.97118e+27 0.001 10 25000 1.543e+14 150 5 1 1 
-3.74177e+15 0 0 4.97118e+27 0.001 10 25000 1.543e+14 151 5 1 1 
-3.66462e+15 0 0 4.97118e+27 0.001 10 25000 1.543e+14 152 5 1 1 
-3.58747e+15 0 0 4.97118e+27 0.001 10 25000 1.543e+14 153 5 1 1 
-3.51032e+15 0 0 4.97118e+27 0.001 10 25000 1.543e+14 154 5 1 1 
-3.43317e+15 0 0 4.97118e+27 0.001 10 25000 1.543e+14 155 5 1 1 
-3.35602e+15 0 0 4.97118e+27 0.001 10 25000 1.543e+14 156 5 1 1 
-3.27887e+15 0 0 4.97118e+27 0.001 10 25000 1.543e+14 157 5 1 1 
-3.20172e+15 0 0 4.97118e+27 0.001 10 25000 1.543e+14 158 5 1 1 
-3.12457e+15 0 0 4.97118e+27 0.001 10 25000 1.543e+14 159 5 1 1 
-3.04742e+15 0 0 4.97118e+27 0.001 10 25000 1.543e+14 160 5 1 1 
-2.97027e+15 0 0 4.97118e+27 0.001 10 25000 1.543e+14 161 5 1 1 
-2.89312e+15 0 0 4.97118e+27 0.001 10 25000 1.543e+14 162 5 1 1 
-2.81597e+15 0 0 4.97118e+27 0.001 10 25000 1.543e+14 163 5 1 1 
-2.73882e+15 0 0 4.97118e+27 0.001 10 25000 1.543e+14 164 5 1 1 
-2.66167e+15 0 0 4.97118e+27 0.001 10 25000 1.543e+14 165 5 1 1 
-2.58452e+15 0 0 4.97118e+27 0.001 10 25000 1.543e+14 166 5 1 1 
-2.50737e+15 0 0 4.97118e+27 0.001 10 25000 1.543e+14 167 5 1 1 
-2.43022e+15 0 0 4.97118e+27 0.001 10 25000 1.543e+14 168 5 1 1 
-2.35307e+15 0 0 4.97118e+27 0.001 10 25000 1.543e+14 169 5 1 1 
-2.27592e+15 0 0 4.97118e+27 0.001 10 25000 1.543e+14 170 5 1 1 
-2.19877e+15 0 0 4.97118e+27 0.001 10 25000 1.543e+14 171 5 1 1 
-2.12162e+15 0 0 4.97118e+27 0.001 10 25000 1.543e+14 172 5 1 1 
-2.04447e+15 -7.19418e-44 -3.63266e-55 4.97118e+27 0.001 10 25000 1.543e+14 173 5 1 1 
-1.96732e+15 -6.94481e-14 -3.63266e-55 4.97118e+27 0.001 10 25000 1.543e+14 174 5 1 1 
-1.89017e+15 -2.07818e-13 0 4.97118e+27 0.001 10 25000 1.543e+14 175 5 1 1 
-1.81302e+15 -3.45617e-13 0 4.97118e+27 0.001 10 25000 1.543e+14 176 5 1 1 
-1.73587e+15 -4.82676e-13 0 4.97118e+27 0.001 10 25000 1.543e+14 177 5 1 1 
-1.65872e+15 -6.18823e-13 0 4.97118e+27 0.001 10 25000 1.543e+14 178 5 1 1 
-1.58157e+15 -8.05651e-13 -1.84198e-24 4.97118e+27 0.001 10 25000 1.543e+14 179 5 1 1 
-1.50442e+15 -9.73533e-13 1.84198e-24 4.97118e+27 0.001 10 25000 1.543e+14 180 5 1 1 
-1.42727e+15 -1.15705e-12 0 4.97118e+27 0.001 10 25000 1.543e+14 181 5 1 1 
-1.35012e+15 -1.32016e-12 -3.63266e-55 4.97118e+27 0.001 10 25000 1.543e+14 182 5 1 1 
-1.27297e+15 -1.47881e-12 -3.63266e-55 4.97118e+27 0.001 10 25000 1.543e+14 183 5 1 1 
-1.19582e+15 -1.97495e-12 1.27813e-39 4.97118e+27 0.001 10 25000 1.543e+14 184 5 1 1 
-1.11867e+15 1.02164e-12 -1.25257e-37 4.97118e+27 0.001 10 25000 1.543e+14 185 5 1 1 
-1.04152e+15 -3.6538e-12 -1.84198e-24 4.97118e+27 0.001 10 25000 1.543e+14 186 4 1 1 
-9.64375e+14 -2.23981e-13 1.84198e-24 4.97118e+27 0.001 10 25000 1.543e+14 187 3 1 1 
-8.87225e+14 -1.91272e-12 1.84198e-24 4.97118e+27 0.001 10 25000 1.543e+14 188 4 1 1 
-8.10075e+14 -1.69694e-12 -1.84198e-24 4.97118e+27 0.001 10 25000 1.543e+14 189 4 1 1 
-7.32925e+14 -1.71289e-12 2.4604e-38 4.97118e+27 0.001 10 25000 1.543e+14 190 4 1 1 
-6.55775e+14 -2.77491e-12 1.91719e-38 4.97118e+27 0.001 10 25000 1.543e+14 191 5 1 1 
-5.78625e+14 -1.11771e-12 -3.68395e-24 4.97118e+27 0.001 10 25000 1.543e+14 192 5 1 1 
-5.01475e+14 -2.5297e-12 -3.68395e-24 4.97118e+27 0.001 10 25000 1.543e+14 193 4 1 1 
-4.24325e+14 7.14323e-15 1.84198e-24 4.97118e+27 0.001 10 25000 1.543e+14 194 3 1 1 
-3.47175e+14 -8.40823e-13 1.84198e-24 4.97118e+27 0.001 10 25000 1.543e+14 195 3 1 1 
-2.70025e+14 -8.26958e-13 -7.36791e-24 4.97118e+27 0.001 10 25000 1.543e+14 196 3 1 1 
-1.92875e+14 -6.32625e-13 1.65778e-23 4.97118e+27 0.001 10 25000 1.543e+14 197 4 1 1 
-1.15725e+14 -2.59348e-13 -9.20989e-24 4.97118e+27 0.001 10 25000 1.543e+14 198 4 1 1 
-3.8575e+13 -2.42047e-13 1.10519e-23 4.97118e+27 0.001 10 25000 1.543e+14 199 5 1 1 
3.8575e+13 -4.27197e-13 -9.20989e-24 4.97118e+27 0.001 10 25000 1.543e+14 200 5 1 1 
1.15725e+14 -1.58195e-13 1.27813e-39 4.97118e+27 0.001 10 25000 1.543e+14 201 3 1 1 
1.92875e+14 -4.3711e-13 -1.84198e-24 4.97118e+27 0.001 10 25000 1.543e+14 202 4 1 1 
2.70025e+14 -1.2862e-12 -1.84198e-24 4.97118e+27 0.001 10 25000 1.543e+14 203 3 1 1 
3.47175e+14 -5.09176e-13 -1.84198e-24 4.97118e+27 0.001 10 25000 1.543e+14 204 3 1 1 
4.24325e+14 2.75703e-13 1.10519e-23 4.97118e+27 0.001 10 25000 1.543e+14 205 4 1 1 
5.01475e+14 1.36327e-12 2.57877e-23 4.97118e+27 0.001 10 25000 1.543e+14 206 5 1 1 
5.78625e+14 9.2007e-13 -2.57877e-23 4.97118e+27 0.001 10 25000 1.543e+14 207 5 1 1 
6.55775e+14 1.15483e-12 1.81633e-55 4.97118e+27 0.001 10 25000 1.543e+14 208 4 1 1 
7.32925e+14 2.34176e-12 5.52593e-24 4.97118e+27 0.001 10 25000 1.543e+14 209 5 1 1 
8.10075e+14 1.12333e-12 -1.84198e-24 4.97118e+27 0.001 10 25000 1.543e+14 210 4 1 1 
8.87225e+14 6.756e-13 -3.68395e-24 4.97118e+27 0.001 10 25000 1.543e+14 211 3 1 1 
9.64375e+14 2.70701e-12 -3.68395e-24 4.97118e+27 0.001 10 25000 1.543e+14 212 4 1 1 
1.04153e+15 1.79818e-12 1.78938e-38 4.97118e+27 0.001 10 25000 1.543e+14 213 5 1 1 
1.11868e+15 2.09434e-12 -1.27143e-54 4.97118e+27 0.001 10 25000 1.543e+14 214 5 1 1 
1.19583e+15 1.81041e-12 -7.36791e-24 4.97118e+27 0.001 10 25000 1.543e+14 215 5 1 1 
1.27298e+15 7.16592e-13 1.84198e-23 4.97118e+27 0.001 10 25000 1.543e+14 216 4 1 1 
1.35013e+15 5.02468e-12 -9.39408e-23 4.97118e+27 0.001 10 25000 1.543e+14 217 3 1 1 
1.42728e+15 3.12462e-12 8.2889e-23 4.97118e+27 0.001 10 25000 1.543e+14 218 3 1 1 
1.50443e+15 1.3585e-12 -1.84198e-24 4.97118e+27 0.001 10 25000 1.543e+14 219 5 1 1 
1.58158e+15 9.29434e-13 -1.27813e-39 4.97118e+27 0.001 10 25000 1.543e+14 220 5 1 1 
1.65873e+15 7.41769e-13 1.84198e-24 4.97118e+27 0.001 10 25000 1.543e+14 221 5 1 1 
1.73588e+15 5.70048e-13 -1.84198e-24 4.97118e+27 0.001 10 25000 1.543e+14 222 5 1 1 
1.81303e+15 4.32477e-13 1.84198e-24 4.97118e+27 0.001 10 25000 1.543e+14 223 5 1 1 
1.89018e+15 2.94526e-13 -1.84198e-24 4.97118e+27 0.001 10 25000 1.543e+14 224 5 1 1 
1.96733e+15 1.56197e-13 1.84198e-24 4.97118e+27 0.001 10 25000 1.543e+14 225 5 1 1 
2.04448e+15 3.4759e-14 3.63266e-55 4.97118e+27 0.001 10 25000 1.543e+14 226 5 1 1 
2.12163e+15 6.85501e-45 0 4.97118e+27 0.001 10 25000 1.543e+14 227 5 1 1 
2.19878e+15 0 0 4.97118e+27 0.001 10 25000 1.543e+14 228 5 1 1 
2.27593e+15 0 0 4.97118e+27 0.001 10 25000 1.543e+14 229 5 1 1 
2.35308e+15 0 0 4.97118e+27 0.001 10 25000 1.543e+14 230 5 1 1 
2.43023e+15 0 0 4.97118e+27 0.001 10 25000 1.543e+14 231 5 1 1 
2.50738e+15 0 0 4.97118e+27 0.001 10 25000 1.543e+14 232 5 1 1 
2.58453e+15 0 0 4.97118e+27 0.001 10 25000 1.543e+14 233 5 1 1 
2.66168e+15 0 0 4.97118e+27 0.001 10 25000 1.543e+14 234 5 1 1 
2.73883e+15 0 0 4.97118e+27 0.001 10 25000 1.543e+14 235 5 1 1 
2.81598e+15 0 0 4.97118e+27 0.001 10 25000 1.543e+14 236 5 1 1 
2.89313e+15 -1.23785e-42 -3.63266e-55 4.97118e+27 0.001 10 25000 1.543e+14 237 5 1 1 
2.97028e+15 -1.69188e-13 0 4.97118e+27 0.001 10 25000 1.543e+14 238 5 1 1 
3.04743e+15 -3.37357e-13 3.63266e-55 4.97118e+27 0.001 10 25000 1.543e+14 239 5 1 1 
3.12458e+15 1.58941e-12 0 4.97118e+27 0.001 10 25000 1.543e+14 240 5 1 1 
3.20173e+15 1.42405e-12 1.81633e-54 4.97118e+27 0.001 10 25000 1.543e+14 241 5 1 1 
3.27888e+15 2.7e-12 -5.08572e-54 4.97118e+27 0.001 10 25000 1.543e+14 242 5 1 1 
3.35603e+15 1.07261e-12 2.54286e-54 4.97118e+27 0.001 10 25000 1.543e+14 243 5 1 1 
3.43318e+15 9.12418e-13 -1.84198e-24 4.97118e+27 0.001 10 25000 1.543e+14 244 5 1 1 
3.51033e+15 -1.24986e-12 1.0898e-53 4.97118e+27 0.001 10 25000 1.543e+14 245 5 1 1 
3.58748e+15 2.70484e-12 -1.19878e-53 4.97118e+27 0.001 10 25000 1.543e+14 246 5 1 1 
3.66463e+15 -3.37504e-14 1.27813e-39 4.97118e+27 0.001 10 25000 1.543e+14 247 5 1 1 
3.74178e+15 -2.09243e-14 -2.31661e-37 4.97118e+27 0.001 10 25000 1.543e+14 248 5 1 1 
3.81893e+15 -3.1251e-12 -2.32939e-37 4.97118e+27 0.001 10 25000 1.543e+14 249 4 1 1 
3.89608e+15 3.1251e-12 2.32939e-37 4.97118e+27 0.001 10 25000 1.543e+14 250 4 1 1 
3.97323e+15 2.09243e-14 2.31661e-37 4.97118e+27 0.001 10 25000 1.543e+14 251 5 1 1 
4.05038e+15 3.37504e-14 -1.27813e-39 4.97118e+27 0.001 10 25000 1.543e+14 252 5 1 1 
4.12753e+15 -2.70484e-12 1.19878e-53 4.97118e+27 0.001 10 25000 1.543e+14 253 5 1 1 
4.20468e+15 1.24986e-12 -1.0898e-53 4.97118e+27 0.001 10 25000 1.543e+14 254 5 1 1 
4.28183e+15 -9.12418e-13 1.84198e-24 4.97118e+27 0.001 10 25000 1.543e+14 255 5 1 1 
4.35898e+15 -1.07261e-12 -2.54286e-54 4.97118e+27 0.001 10 25000 1.543e+14 256 5 1 1 
4.43613e+15 -2.7e-12 5.08572e-54 4.97118e+27 0.001 10 25000 1.543e+14 257 5 1 1 
4.51328e+15 -1.42405e-12 -1.81633e-54 4.97118e+27 0.001 10 25000 1.543e+14 258 5 1 1 
4.59043e+15 -1.58941e-12 0 4.97118e+27 0.001 10 25000 1.543e+14 259 5 1 1 
4.66758e+15 3.37357e-13 -3.63266e-55 4.97118e+27 0.001 10 25000 1.543e+14 260 5 1 1 
4.74473e+15 1.69188e-13 0 4.97118e+27 0.001 10 25000 1.543e+14 261 5 1 1 
4.82188e+15 1.23785e-42 3.63266e-55 4.97118e+27 0.001 10 25000 1.543e+14 262 5 1 1 
4.89903e+15 0 0 4.97118e+27 0.001 10 25000 1.543e+14 263 5 1 1 
4.97618e+15 0 0 4.97118e+27 0.001 10 25000 1.543e+14 264 5 1 1 
5.05333e+15 0 0 4.97118e+27 0.001 10 25000 1.543e+14 265 5 1 1 
5.13048e+15 0 0 4.97118e+27 0.001 10 25000 1.543e+14 266 5 1 1 
5.20763e+15 0 0 4.97118e+27 0.001 10 25000 1.543e+14 267 5 1 1 
5.28478e+15 0 0 4.97118e+27 0.001 10 25000 1.543e+14 268 5 1 1 
5.36193e+15 0 0 4.97118e+27 0.001 10 25000 1.543e+14 269 5 1 1 
5.43908e+15 0 0 4.97118e+27 0.001 10 25000 1.543e+14 270 5 1 1 
5.51623e+15 0 0 4.97118e+27 0.001 10 25000 1.543e+14 271 5 1 1 
5.59338e+15 0 0 4.97118e+27 0.001 10 25000 1.543e+14 272 5 1 1 
5.67053e+15 0 0 4.97118e+27 0.001 10 25000 1.543e+14 273 5 1 1 
5.74768e+15 0 0 4.97118e+27 0.001 10 25000 1.543e+14 274 5 1 1 
5.82483e+15 0 0 4.97118e+27 0.001 10 25000 1.543e+14 275 5 1 1 
5.90198e+15 0 0 4.97118e+27 0.001 10 25000 1.543e+14 276 5 1 1 
5.97913e+15 0 0 4.97118e+27 0.001 10 25000 1.543e+14 277 5 1 1 
6.05628e+15 0 0 4.97118e+27 0.001 10 25000 1.543e+14 278 5 1 1 
6.13343e+15 0 0 4.97118e+27 0.001 10 25000 1.543e+14 279 5 1 1 
6.21058e+15 -8.41637e-43 -3.63266e-55 4.97118e+27 0.001 10 25000 1.543e+14 280 5 1 1 
6.28773e+15 -6.85718e-14 0 4.97118e+27 0.001 10 25000 1.543e+14 281 5 1 1 
6.36488e+15 -1.87809e-13 1.84198e-24 4.97118e+27 0.001 10 25000 1.543e+14 282 5 1 1 
6.44203e+15 -4.27845e-13 -5.52593e-24 4.97118e+27 0.001 10 25000 1.543e+14 283 5 1 1 
6.51918e+15 4.11689e-14 -8.1047e-23 4.97118e+27 0.001 10 25000 1.543e+14 284 5 1 1 
6.59633e+15 -2.93607e-11 -1.17518e-21 4.97118e+27 0.001 10 25000 1.543e+14 285 4 1 1 
6.67348e+15 -1.22525e-10 -3.30082e-21 4.97118e+27 0.001 10 25000 1.543e+14 286 4 1 1 
6.75062e+15 -4.50409e-10 -1.16081e-20 4.97118e+27 0.001 10 25000 1.543e+14 287 4 1 1 
6.82777e+15 -1.6122e-09 -3.83168e-20 4.97118e+27 0.001 10 25000 1.543e+14 288 4 1 1 
6.90492e+15 -5.34215e-09 -1.23074e-19 4.97118e+27 0.001 10 25000 1.543e+14 289 4 1 1 
6.98207e+15 -1.70393e-08 -3.76515e-19 4.97118e+27 0.001 10 25000 1.543e+14 290 4 1 1 
7.05922e+15 -5.22976e-08 -1.11119e-18 4.97118e+27 0.001 10 25000 1.543e+14 291 4 1 1 
7.13637e+15 -1.54761e-07 -3.16447e-18 4.97118e+27 0.001 10 25000 1.543e+14 292 4 1 1 
7.21352e+15 -4.42334e-07 -8.70465e-18 4.97118e+27 0.001 10 25000 1.543e+14 293 4 1 1 
7.29067e+15 -1.22259e-06 -2.31616e-17 4.97118e+27 0.001 10 25000 1.543e+14 294 4 1 1 
7.36782e+15 -3.27128e-06 -5.96554e-17 4.97118e+27 0.001 10 25000 1.543e+14 295 4 1 1 
7.44497e+15 -8.4816e-06 -1.48863e-16 4.97118e+27 0.001 10 25000 1.543e+14 296 4 1 1 
7.52212e+15 -2.13254e-05 -3.60119e-16 4.97118e+27 0.001 10 25000 1.543e+14 297 4 1 1 
7.59927e+15 -5.20315e-05 -8.4504e-16 4.97118e+27 0.001 10 25000 1.543e+14 298 4 1 1 
7.67642e+15 -0.000123266 -1.92434e-15 4.97118e+27 0.001 10 25000 1.543e+14 299 4 1 1 
7.75357e+15 -0.000283686 -4.2543e-15 4.97118e+27 0.001 10 25000 1.543e+14 300 4 1 1 
7.83072e+15 -0.000634519 -9.13392e-15 4.97118e+27 0.001 10 25000 1.543e+14 301 4 1 1 
7.90787e+15 -0.00137982 -1.90494e-14 4.97118e+27 0.001 10 25000 1.543e+14 302 4 1 1 
7.98502e+15 -0.00291818 -3.86e-14 4.97118e+27 0.001 10 25000 1.543e+14 303 4 1 1 
8.06217e+15 -0.00600387 -7.60051e-14 4.97118e+27 0.001 10.0001 25000 1.54299e+14 304 4 1 1 
8.13932e+15 -0.0120194 -1.45441e-13 4.97118e+27 0.00100001 10.0001 25000.1 1.54299e+14 305 4 1 1 
8.21647e+15 -0.0234179 -2.70485e-13 4.97118e+27 0.00100002 10.0002 25000.2 1.54297e+14 306 4 1 1 
8.29362e+15 -0.0444118 -4.8888e-13 4.97118e+27 0.00100003 10.0005 25000.3 1.54295e+14 307 4 1 1 
8.37077e+15 -0.0819941 -8.58675e-13 4.97118e+27 0.00100006 10.0009 25000.6 1.5429e+14 308 4 1 1 
8.44791e+15 -0.147378 -1.46538e-12 4.97118e+27 0.00100011 10.0016 25001.1 1.54282e+14 309 4 1 1 
8.52505e+15 -0.2579 -2.42906e-12 4.97118e+27 0.0010002 10.0028 25002 1.54269e+14 310 4 1 1 
8.60218e+15 -0.43936 -3.9093e-12 4.97118e+27 0.00100034 10.0047 25003.4 1.54248e+14 311 4 1 1 
8.6793e+15 -0.72857 -6.10439e-12 4.97118e+27 0.00100056 10.0079 25005.6 1.54213e+14 312 4 1 1 
8.75639e+15 -1.17567 -9.23944e-12 4.97118e+27 0.00100091 10.0128 25009.1 1.54159e+14 313 4 1 0.999999 
8.83346e+15 -1.84534 -1.35368e-11 4.97118e+27 0.00100144 10.0201 25014.3 1.54078e+14 314 4 1 0.999998 
8.91047e+15 -2.81561 -1.91619e-11 4.97118e+27 0.0010022 10.0308 25021.9 1.53961e+14 315 4 1 0.999996 
8.98742e+15 -4.1726 -2.61426e-11 4.97118e+27 0.00100328 10.0458 25032.7 1.53796e+14 316 4 1 0.999993 
9.06427e+15 -5.99963 -3.42681e-11 4.97118e+27 0.00100473 10.0662 25047.2 1.53574e+14 317 4 1 0.999989 
9.14099e+15 -8.35975 -4.29949e-11 4.97118e+27 0.00100662 10.0927 25066 1.53285e+14 318 4 1 0.999983 
9.21755e+15 -11.2734 -5.14059e-11 4.97118e+27 0.00100898 10.1258 25089.5 1.52927e+14 319 4 1 0.999976 
9.29392e+15 -14.6958 -5.82786e-11 4.97118e+27 0.00101178 10.1652 25117.4 1.52504e+14 320 4 1 0.99997 
9.37006e+15 -18.5017 -6.22938e-11 4.97118e+27 0.00101493 10.2097 25148.8 1.52031e+14 321 4 1 0.999967 
9.44595e+15 -22.4862 -6.2335e-11 4.97118e+27 0.00101828 10.257 25182.1 1.5153e+14 322 4 1 0.999969 
9.52159e+15 -26.3855 -5.78728e-11 4.97118e+27 0.00102162 10.3042 25215.3 1.51034e+14 323 4 1 0.999974 
9.59698e+15 -29.9087 -4.85036e-11 4.97118e+27 0.00102471 10.3479 25245.8 1.5058e+14 324 4 1 0.999984 
9.67217e+15 -32.7481 -3.4925e-11 4.97118e+27 0.00102722 10.3836 25270.7 1.50212e+14 325 4 1 1 
9.7472e+15 -34.1671 4.35523e-12 4.97118e+27 0.0010279 10.3945 25278.3 1.50112e+14 326 3 1 1 
9.82228e+15 -28.2377 2.26378e-10 4.97118e+27 0.00102163 10.3072 25217.8 1.51033e+14 327 4 1 0.999984 
9.89824e+15 -7.38478 3.74035e-10 4.97118e+27 0.0010065 10.0919 25066.2 1.53304e+14 328 4 1 0.999476 
9.9756e+15 11.6234 1.92197e-10 4.97118e+27 0.000991848 9.88418 24917.3 1.55568e+14 329 4 1 0.999297 
1.00538e+16 19.5894 8.20192e-11 4.97118e+27 0.000983526 9.7697 24834.3 1.56885e+14 330 4 1 0.999758 
1.01325e+16 27.5537 1.63204e-10 4.97118e+27 0.000976044 9.66741 24760 1.58087e+14 331 4 1 0.999859 
1.02119e+16 41.2228 2.26856e-10 4.97118e+27 0.000965364 9.51922 24651.1 1.59836e+14 332 4 1 0.999688 
1.02923e+16 56.4384 2.14852e-10 4.97118e+27 0.000953285 9.35223 24526.7 1.61861e+14 333 4 1 0.999544 
1.03738e+16 70.6735 1.98691e-10 4.97118e+27 0.000941645 9.19278 24406.5 1.63862e+14 334 4 1 0.999561 
1.04562e+16 84.8016 2.01944e-10 4.97118e+27 0.000930239 9.03744 24287.9 1.65871e+14 335 4 1 0.999577 
1.05396e+16 99.4478 2.06282e-10 4.97118e+27 0.000918628 8.87991 24166.2 1.67968e+14 336 4 1 0.999553 
1.06242e+16 114.485 2.06516e-10 4.97118e+27 0.000906845 8.72083 24041.8 1.7015e+14 337 4 1 0.999526 
1.07098e+16 129.74 2.06434e-10 4.97118e+27 0.000894985 8.56157 23915.5 1.72405e+14 338 4 1 0.999507 
1.07966e+16 145.22 2.06517e-10 4.97118e+27 0.000883058 8.40228 23787.5 1.74734e+14 339 4 1 0.999489 
1.08845e+16 160.978 2.06257e-10 4.97118e+27 0.000871072 8.24305 23657.9 1.77138e+14 340 4 1 0.99947 
1.09737e+16 176.989 2.06246e-10 4.97118e+27 0.000859026 8.08391 23526.5 1.79622e+14 341 4 1 0.99945 
1.10642e+16 193.262 2.06195e-10 4.97118e+27 0.000846916 7.92482 23393.2 1.8219e+14 342 4 1 0.999429 
1.11559e+16 209.795 2.05632e-10 4.97118e+27 0.000834753 7.76594 23258.3 1.84845e+14 343 4 1 0.999408 
1.1249e+16 226.595 2.0577e-10 4.97118e+27 0.000822531 7.60724 23121.5 1.87592e+14 344 4 1 0.999385 
1.13435e+16 243.664 2.05065e-10 4.97118e+27 0.000810256 7.44877 22982.9 1.90434e+14 345 4 1 0.999361 
1.14395e+16 261.039 2.04532e-10 4.97118e+27 0.000797939 7.29075 22842.5 1.93373e+14 346 4 1 0.999338 
1.15369e+16 278.671 2.04458e-10 4.97118e+27 0.000785567 7.13298 22700.2 1.96419e+14 347 4 1 0.999312 
1.16359e+16 296.608 2.03414e-10 4.97118e+27 0.00077315 6.97565 22556 1.99573e+14 348 4 1 0.999285 
1.17365e+16 314.824 2.03123e-10 4.97118e+27 0.000760694 6.81882 22410 2.02841e+14 349 4 1 0.999259 
1.18388e+16 333.339 2.02065e-10 4.97118e+27 0.000748199 6.66254 22262 2.06229e+14 350 4 1 0.999229 
1.19428e+16 352.168 2.01084e-10 4.97118e+27 0.000735681 6.50701 22112.3 2.09738e+14 351 4 1 0.999201 
1.20485e+16 371.277 2.00376e-10 4.97118e+27 0.000723133 6.35217 21960.7 2.13377e+14 352 4 1 0.999171 
1.21561e+16 390.663 1.98876e-10 4.97118e+27 0.000710569 6.19821 21807.3 2.1715e+14 353 4 1 0.99914 
1.22657e+16 410.345 1.97306e-10 4.97118e+27 0.000698017 6.04547 21652.4 2.21055e+14 354 4 1 0.999111 
1.23772e+16 430.219 1.94656e-10 4.97118e+27 0.000685512 5.89439 21496.4 2.25087e+14 355 4 1 0.999085 
1.24908e+16 450.281 1.91598e-10 4.97118e+27 0.000673104 5.74558 21340 2.29236e+14 356 4 1 0.999066 
1.26065e+16 470.315 1.8682e-10 4.97118e+27 0.000660869 5.5999 21184 2.3348e+14 357 4 1 0.999055 
1.27243e+16 490.192 1.79904e-10 4.97118e+27 0.000648932 5.4588 21030.1 2.37775e+14 358 4 1 0.999063 
1.28443e+16 509.622 1.7073e-10 4.97118e+27 0.000637441 5.32395 20880.4 2.42062e+14 359 4 1 0.999094 
1.29664e+16 528.234 1.57962e-10 4.97118e+27 0.000626582 5.19741 20737.4 2.46257e+14 360 4 1 0.999153 
1.30905e+16 545.717 1.44895e-10 4.97118e+27 0.000616475 5.08044 20603 2.50294e+14 361 4 1 0.999237 
1.32167e+16 562.066 1.33894e-10 4.97118e+27 0.00060706 4.97219 20476.6 2.54176e+14 362 4 1 0.999316 
1.33447e+16 577.947 1.31907e-10 4.97118e+27 0.000597989 4.86853 20353.8 2.58031e+14 363 4 1 0.999357 
1.34747e+16 594.483 1.40247e-10 4.97118e+27 0.000588682 4.76281 20226.5 2.62111e+14 364 4 1 0.99932 
1.36069e+16 612.645 1.51564e-10 4.97118e+27 0.000578756 4.65077 20089.5 2.66606e+14 365 4 1 0.999208 
1.37414e+16 631.986 1.5223e-10 4.97118e+27 0.000568468 4.53541 19945.8 2.71431e+14 366 4 1 0.999102 
1.38783e+16 650.758 1.34917e-10 4.97118e+27 0.000558728 4.42694 19808.4 2.76163e+14 367 4 1 0.999131 
1.40176e+16 666.34 9.85236e-11 4.97118e+27 0.00055074 4.33854 19694.6 2.80169e+14 368 4 1 0.999357 
1.41585e+16 676.321 4.76606e-11 4.97118e+27 0.000545609 4.28206 19621 2.82803e+14 369 4 1 0.9997 
1.43004e+16 679.49 1.37725e-12 4.97118e+27 0.000543623 4.26034 19592.6 2.83836e+14 370 4 1 0.999948 
1.44423e+16 679.141 -1.85461e-12 4.97118e+27 0.000543422 4.25822 19589.9 2.83942e+14 371 5 1 0.999999 
1.45843e+16 678.926 -3.49753e-12 4.97118e+27 0.000543557 4.25973 19591.9 2.83871e+14 372 4 1 0.999999 
1.47262e+16 678.395 -4.53761e-12 4.97118e+27 0.000543781 4.26221 19595.3 2.83754e+14 373 4 1 0.999999 
1.48681e+16 677.767 -4.91798e-12 4.97118e+27 0.000544089 4.26562 19599.8 2.83593e+14 374 4 1 0.999999 
1.50098e+16 677.113 -4.62554e-12 4.97118e+27 0.00054442 4.26928 19604.7 2.83421e+14 375 4 1 0.999999 
1.51515e+16 676.504 -4.02346e-12 4.97118e+27 0.000544736 4.27277 19609.4 2.83256e+14 376 4 1 0.999999 
1.52931e+16 675.98 -3.35435e-12 4.97118e+27 0.000545015 4.27586 19613.5 2.83111e+14 377 4 1 0.999999 
1.54346e+16 675.55 -2.70995e-12 4.97118e+27 0.000545249 4.27846 19617 2.8299e+14 378 4 1 1 
1.55761e+16 675.204 -2.15064e-12 4.97118e+27 0.000545437 4.28056 19619.9 2.82892e+14 379 4 1 1 
1.57175e+16 674.927 -1.7189e-12 4.97118e+27 0.000545587 4.28224 19622.2 2.82815e+14 380 4 1 1 
1.58589e+16 674.705 -1.40263e-12 4.97118e+27 0.000545706 4.28359 19624.1 2.82753e+14 381 4 1 1 
1.60002e+16 674.523 -1.16836e-12 4.97118e+27 0.000545801 4.28469 19625.7 2.82704e+14 382 4 1 1 
1.61416e+16 674.369 -9.95957e-13 4.97118e+27 0.00054588 4.28559 19627 2.82663e+14 383 4 1 1 
1.62829e+16 674.237 -8.69736e-13 4.97118e+27 0.000545946 4.28637 19628.2 2.82629e+14 384 4 1 1 
1.64242e+16 674.121 -7.71166e-13 4.97118e+27 0.000546001 4.28705 19629.3 2.826e+14 385 4 1 1 
1.65655e+16 674.018 -6.8743e-13 4.97118e+27 0.000546049 4.28765 19630.3 2.82575e+14 386 4 1 1 
1.67068e+16 673.926 -6.13261e-13 4.97118e+27 0.00054609 4.28818 19631.3 2.82554e+14 387 4 1 1 
1.6848e+16 673.843 -5.46196e-13 4.97118e+27 0.000546125 4.28865 19632.2 2.82536e+14 388 4 1 1 
1.69893e+16 673.769 -4.85493e-13 4.97118e+27 0.000546153 4.28907 19633.1 2.82522e+14 389 4 1 1 
1.71306e+16 673.703 -4.31703e-13 4.97118e+27 0.000546175 4.28945 19634 2.8251e+14 390 4 1 1 
1.72718e+16 673.644 -3.8444e-13 4.97118e+27 0.000546191 4.28978 19635 2.82502e+14 391 4 1 1 
1.74131e+16 673.591 -3.4225e-13 4.97118e+27 0.000546201 4.29007 19635.9 2.82497e+14 392 4 1 1 
1.75543e+16 673.544 -3.04363e-13 4.97118e+27 0.000546204 4.29032 19637 2.82495e+14 393 3 1 1 
1.76956e+16 673.501 -2.70889e-13 4.97118e+27 0.000546188 4.29043 19638.1 2.82503e+14 394 4 1 1 
1.78368e+16 673.463 -2.41748e-13 4.97118e+27 0.000546098 4.29 19639.3 2.8255e+14 395 4 1 1 
1.79781e+16 673.428 -2.16349e-13 4.97118e+27 0.000545689 4.28756 19642.9 2.82762e+14 396 4 1 0.999999 
1.81196e+16 673.396 -1.94001e-13 4.97118e+27 0.00054407 4.27014 19621.3 2.83603e+14 397 4 1 0.999987 
1.82617e+16 673.367 -1.73941e-13 4.97118e+27 0.000530949 4.11549 19378 2.90612e+14 398 4 1 0.999669 
1.84103e+16 673.339 -1.54885e-13 4.97118e+27 0.000506865 4.40239 21713.8 3.04421e+14 399 4 1 0.994709 
1.85664e+16 673.311 -1.36601e-13 4.97118e+27 0.000481326 4.15605 21586.4 3.20573e+14 400 4 1 0.993701 
1.87312e+16 673.284 -1.19051e-13 4.97118e+27 0.000458837 4.50064 24522 3.36285e+14 401 4 1 0.993695 
1.89028e+16 673.258 -1.02623e-13 4.97118e+27 0.000450221 4.30598 23910.4 3.4272e+14 402 5 1 0.998659 
1.90739e+16 673.234 -8.81151e-14 4.97118e+27 0.000451818 4.28924 23733.3 3.4151e+14 403 4 1 0.999967 
1.92443e+16 673.211 -7.5171e-14 4.97118e+27 0.00045344 4.28881 23645.9 3.40288e+14 404 4 1 0.999986 
1.94142e+16 673.189 -6.30703e-14 4.97118e+27 0.000454527 4.29016 23596.8 3.39473e+14 405 4 1 0.999994 
1.95838e+16 673.168 -5.10144e-14 4.97118e+27 0.000455226 4.29098 23565.1 3.38953e+14 406 4 1 0.999997 
1.97532e+16 673.148 -3.83714e-14 4.97118e+27 0.000455697 4.29141 23543.1 3.38602e+14 407 4 1 0.999999 
1.99224e+16 673.129 -2.46305e-14 4.97118e+27 0.000456031 4.29165 23527.1 3.38354e+14 408 4 1 0.999999 
2.00915e+16 673.109 -8.71558e-15 4.97118e+27 0.000456278 4.29178 23515.2 3.38171e+14 409 4 1 1 
2.02606e+16 673.087 1.40595e-14 4.97118e+27 0.000456463 4.29185 23506 3.38034e+14 410 4 1 1 
2.04296e+16 673.062 5.84003e-14 4.97118e+27 0.000456602 4.29184 23498.8 3.37931e+14 411 4 1 1 
2.05985e+16 673.023 1.74061e-13 4.97118e+27 0.000456701 4.29168 23492.8 3.37858e+14 412 4 1 1 
2.07674e+16 672.942 5.20087e-13 4.97118e+27 0.000456746 4.29112 23487.4 3.37824e+14 413 3 1 1 
2.09363e+16 672.728 1.56811e-12 4.97118e+27 0.000456681 4.28934 23481 3.37872e+14 414 4 1 1 
2.11053e+16 672.105 4.81301e-12 4.97118e+27 0.000456323 4.28388 23469.5 3.38137e+14 415 4 1 0.999999 
2.12745e+16 670.29 1.39193e-11 4.97118e+27 0.000455165 4.26808 23442.3 3.38998e+14 416 4 1 0.999989 
2.14443e+16 665.223 3.73797e-11 4.97118e+27 0.000452011 4.22623 23374.2 3.41364e+14 417 4 1 0.999911 
2.16158e+16 652.595 9.14009e-11 4.97118e+27 0.000444373 4.12597 23211.5 3.4723e+14 418 4 1 0.999457 
2.17916e+16 623.107 1.97505e-10 4.97118e+27 0.000428559 3.9202 22867.2 3.60044e+14 419 4 1 0.997514 
2.19761e+16 565.198 3.8783e-10 4.97118e+27 0.00039982 3.55119 22202.7 3.85923e+14 420 4 1 0.991794 
2.21784e+16 443.814 8.02214e-10 4.97118e+27 0.000354568 2.9845 21041.9 4.35177e+14 421 4 1 0.979392 
2.24146e+16 247.791 9.8261e-10 4.97118e+27 0.000303985 2.38278 19597.9 5.0759e+14 422 4 1 0.96196 
2.26908e+16 80.2728 5.67088e-10 4.97118e+27 0.000268442 1.98711 18508.8 5.74798e+14 423 4 1 0.967249 
2.29914e+16 11.9075 1.40681e-10 4.97118e+27 0.000253677 1.83218 18057.6 6.08253e+14 424 4 1 0.99067 
2.32992e+16 0.119065 1.07637e-11 4.97118e+27 0.0002503 1.79798 17958.5 6.1646e+14 425 4 1 0.999344 
2.36079e+16 -0.167198 -1.75355e-12 4.97118e+27 0.000249977 1.79477 17949.3 6.17256e+14 426 5 1 0.999993 
2.39165e+16 0.00290999 -1.13729e-13 4.97118e+27 0.000249996 1.79496 17949.9 6.17209e+14 427 4 1 1 
2.42251e+16 0.00349182 1.68716e-14 4.97118e+27 0.000250001 1.79501 17950 6.17199e+14 428 3 1 1 
2.45337e+16 0.00091205 6.29423e-15 4.97118e+27 0.00025 1.795 17950 6.17199e+14 429 4 1 1 
2.48423e+16 0.00020396 1.49447e-15 4.97118e+27 0.00025 1.795 17950 6.172e+14 430 4 1 1 
2.51509e+16 4.3356e-05 3.28171e-16 4.97118e+27 0.00025 1.795 17950 6.172e+14 431 4 1 1 
2.54595e+16 8.85641e-06 6.93968e-17 4.97118e+27 0.00025 1.795 17950 6.172e+14 432 4 1 1 
2.57681e+16 1.73468e-06 1.41176e-17 4.97118e+27 0.00025 1.795 17950 6.172e+14 433 4 1 1 
2.60767e+16 3.24619e-07 2.75104e-18 4.97118e+27 0.00025 1.795 17950 6.172e+14 434 4 1 1 
2.63853e+16 5.78445e-08 5.11572e-19 4.97118e+27 0.00025 1.795 17950 6.172e+14 435 4 1 1 
2.66939e+16 9.79065e-09 9.0454e-20 4.97118e+27 0.00025 1.795 17950 6.172e+14 436 4 1 1 
2.70025e+16 1.57459e-09 1.51107e-20 4.97118e+27 0.00025 1.795 17950 6.172e+14 437 4 1 1 
2.73111e+16 2.43676e-10 2.46503e-21 4.97118e+27 0.00025 1.795 17950 6.172e+14 438 4 1 1 
2.76197e+16 2.61133e-11 3.86355e-22 4.97118e+27 0.00025 1.795 17950 6.172e+14 439 4 1 1 
2.79283e+16 1.16491e-12 1.84198e-23 4.97118e+27 0.00025 1.795 17950 6.172e+14 440 5 1 1 
2.82369e+16 -6.04722e-13 1.84198e-24 4.97118e+27 0.00025 1.795 17950 6.172e+14 441 5 1 1 
2.85455e+16 -1.39852e-12 1.81633e-55 4.97118e+27 0.00025 1.795 17950 6.172e+14 442 5 1 1 
2.88541e+16 -2.3081e-12 9.08165e-56 4.97118e+27 0.00025 1.795 17950 6.172e+14 443 5 1 1 
2.91627e+16 -3.50211e-12 9.20989e-25 4.97118e+27 0.00025 1.795 17950 6.172e+14 444 5 1 1 
2.94713e+16 -4.96973e-12 4.81327e-54 4.97118e+27 0.00025 1.795 17950 6.172e+14 445 5 1 1 
2.97799e+16 7.73555e-12 7.36791e-24 4.97118e+27 0.00025 1.795 17950 6.172e+14 446 5 1 1 
3.00885e+16 8.88209e-13 3.22346e-24 4.97118e+27 0.00025 1.795 17950 6.172e+14 447 5 1 1 
3.03971e+16 -2.09328e-12 -1.38148e-24 4.97118e+27 0.00025 1.795 17950 6.172e+14 448 5 1 1 
3.07057e+16 -1.11069e-11 -3.22346e-24 4.97118e+27 0.00025 1.795 17950 6.172e+14 449 3 1 1 
3.10143e+16 1.11069e-11 3.22346e-24 4.97118e+27 0.00025 1.795 17950 6.172e+14 450 3 1 1 
3.13229e+16 2.09328e-12 1.38148e-24 4.97118e+27 0.00025 1.795 17950 6.172e+14 451 5 1 1 
3.16315e+16 -8.88209e-13 -3.22346e-24 4.97118e+27 0.00025 1.795 17950 6.172e+14 452 5 1 1 
3.19401e+16 -7.73555e-12 -7.36791e-24 4.97118e+27 0.00025 1.795 17950 6.172e+14 453 5 1 1 
3.22487e+16 4.96973e-12 -4.81327e-54 4.97118e+27 0.00025 1.795 17950 6.172e+14 454 5 1 1 
3.25573e+16 3.50211e-12 -9.20989e-25 4.97118e+27 0.00025 1.795 17950 6.172e+14 455 5 1 1 
3.28659e+16 2.3081e-12 -9.08165e-56 4.97118e+27 0.00025 1.795 17950 6.172e+14 456 5 1 1 
3.31745e+16 1.39852e-12 -3.63266e-55 4.97118e+27 0.00025 1.795 17950 6.172e+14 457 5 1 1 
3.34831e+16 5.78651e-13 -2.76297e-24 4.97118e+27 0.00025 1.795 17950 6.172e+14 458 5 1 1 
3.37917e+16 -1.80794e-12 -1.56568e-23 4.97118e+27 0.00025 1.795 17950 6.172e+14 459 5 1 1 
3.41003e+16 -1.58899e-11 -2.85506e-22 4.97118e+27 0.00025 1.795 17950 6.172e+14 460 4 1 1 
3.44089e+16 -2.41392e-10 -2.58015e-21 4.97118e+27 0.00025 1.795 17950 6.172e+14 461 4 1 1 
3.47175e+16 -1.5743e-09 -1.51747e-20 4.97118e+27 0.00025 1.795 17950 6.172e+14 462 4 1 1 
3.50261e+16 -9.80605e-09 -9.03098e-20 4.97118e+27 0.00025 1.795 17950 6.172e+14 463 4 1 1 
3.53347e+16 -5.78489e-08 -5.11672e-19 4.97118e+27 0.00025 1.795 17950 6.172e+14 464 4 1 1 
3.56433e+16 -3.24619e-07 -2.75092e-18 4.97118e+27 0.00025 1.795 17950 6.172e+14 465 4 1 1 
3.59519e+16 -1.73465e-06 -1.41177e-17 4.97118e+27 0.00025 1.795 17950 6.172e+14 466 4 1 1 
3.62605e+16 -8.85641e-06 -6.9397e-17 4.97118e+27 0.00025 1.795 17950 6.172e+14 467 4 1 1 
3.65691e+16 -4.3356e-05 -3.28171e-16 4.97118e+27 0.00025 1.795 17950 6.172e+14 468 4 1 1 
3.68777e+16 -0.00020396 -1.49447e-15 4.97118e+27 0.00025 1.795 17950 6.172e+14 469 4 1 1 
3.71863e+16 -0.00091205 -6.29423e-15 4.97118e+27 0.00025 1.795 17950 6.17199e+14 470 4 1 1 
3.74949e+16 -0.00349182 -1.68716e-14 4.97118e+27 0.000250001 1.79501 17950 6.17199e+14 471 3 1 1 
3.78035e+16 -0.00290999 1.13729e-13 4.97118e+27 0.000249996 1.79496 17949.9 6.17209e+14 472 4 1 1 
3.81121e+16 0.167198 1.75355e-12 4.97118e+27 0.000249977 1.79477 17949.3 6.17256e+14 473 5 1 0.999993 
3.84208e+16 -0.119065 -1.07637e-11 4.97118e+27 0.0002503 1.79798 17958.5 6.1646e+14 474 4 1 0.999344 
3.87286e+16 -11.9075 -1.40681e-10 4.97118e+27 0.000253677 1.83218 18057.6 6.08253e+14 475 4 1 0.99067 
3.90292e+16 -80.2728 -5.67088e-10 4.97118e+27 0.000268442 1.98711 18508.8 5.74798e+14 476 4 1 0.967249 
3.93054e+16 -247.791 -9.8261e-10 4.97118e+27 0.000303985 2.38278 19597.9 5.0759e+14 477 4 1 0.96196 
3.95416e+16 -443.814 -8.02214e-10 4.97118e+27 0.000354568 2.9845 21041.9 4.35177e+14 478 4 1 0.979392 
3.97439e+16 -565.198 -3.8783e-10 4.97118e+27 0.00039982 3.55119 22202.7 3.85923e+14 479 4 1 0.991794 
3.99284e+16 -623.107 -1.97505e-10 4.97118e+27 0.000428559 3.9202 22867.2 3.60044e+14 480 4 1 0.997514 
4.01042e+16 -652.595 -9.14009e-11 4.97118e+27 0.000444373 4.12597 23211.5 3.4723e+14 481 4 1 0.999457 
4.02757e+16 -665.223 -3.73797e-11 4.97118e+27 0.000452011 4.22623 23374.2 3.41364e+14 482 4 1 0.999911 
4.04455e+16 -670.29 -1.39193e-11 4.97118e+27 0.000455165 4.26808 23442.3 3.38998e+14 483 4 1 0.999989 
4.06147e+16 -672.105 -4.81301e-12 4.97118e+27 0.000456323 4.28388 23469.5 3.38137e+14 484 4 1 0.999999 
4.07837e+16 -672.728 -1.56811e-12 4.97118e+27 0.000456681 4.28934 23481 3.37872e+14 485 4 1 1 
4.09526e+16 -672.942 -5.20087e-13 4.97118e+27 0.000456746 4.29112 23487.4 3.37824e+14 486 3 1 1 
4.11215e+16 -673.023 -1.74061e-13 4.97118e+27 0.000456701 4.29168 23492.8 3.37858e+14 487 4 1 1 
4.12904e+16 -673.062 -5.84003e-14 4.97118e+27 0.000456602 4.29184 23498.8 3.37931e+14 488 4 1 1 
4.14594e+16 -673.087 -1.40595e-14 4.97118e+27 0.000456463 4.29185 23506 3.38034e+14 489 4 1 1 
4.16285e+16 -673.109 8.71558e-15 4.97118e+27 0.000456278 4.29178 23515.2 3.38171e+14 490 4 1 1 
4.17976e+16 -673.129 2.46305e-14 4.97118e+27 0.000456031 4.29165 23527.1 3.38354e+14 491 4 1 0.999999 
4.19668e+16 -673.148 3.83714e-14 4.97118e+27 0.000455697 4.29141 23543.1 3.38602e+14 492 4 1 0.999999 
4.21362e+16 -673.168 5.10144e-14 4.97118e+27 0.000455226 4.29098 23565.1 3.38953e+14 493 4 1 0.999997 
4.23058e+16 -673.189 6.30703e-14 4.97118e+27 0.000454527 4.29016 23596.8 3.39473e+14 494 4 1 0.999994 
4.24757e+16 -673.211 7.5171e-14 4.97118e+27 0.00045344 4.28881 23645.9 3.40288e+14 495 4 1 0.999986 
4.26461e+16 -673.234 8.81151e-14 4.97118e+27 0.000451818 4.28924 23733.3 3.4151e+14 496 4 1 0.999967 
4.28172e+16 -673.258 1.02623e-13 4.97118e+27 0.000450221 4.30598 23910.4 3.4272e+14 497 5 1 0.998659 
4.29888e+16 -673.284 1.19051e-13 4.97118e+27 0.000458837 4.50064 24522 3.36285e+14 498 4 1 0.993695 
4.31536e+16 -673.311 1.36601e-13 4.97118e+27 0.000481326 4.15605 21586.4 3.20573e+14 499 4 1 0.993701 
