# Time [s]: 0.154653
# Columns: pos [m], vel [m/s], acc [m/s^2], mass [kg], dens [kg/m^3], pres [Pa], ene [J/kg], sml [m], id, neighbor, alpha, gradh, ...additional?
1.39807 -0.673304 0.00405393 0.0025 0.506886 0.440264 2.17142 0.00986416 0 4 1 0.994708 
1.40288 -0.673328 0.00452831 0.0025 0.530972 0.411574 1.93783 0.00941669 1 4 1 0.999668 
1.40749 -0.673352 0.00502872 0.0025 0.544097 0.427043 1.96217 0.00918954 2 4 1 0.999987 
1.41207 -0.673379 0.00558882 0.0025 0.545718 0.428788 1.96433 0.00916225 3 4 1 0.999999 
1.41665 -0.673408 0.00622328 0.0025 0.54613 0.429035 1.96398 0.00915532 4 4 1 1 
1.42123 -0.67344 0.00693591 0.0025 0.546223 0.429082 1.96386 0.00915377 5 4 1 1 
1.42581 -0.673476 0.00773122 0.0025 0.546242 0.429074 1.96375 0.00915344 6 4 1 1 
1.43038 -0.673515 0.00862841 0.0025 0.546244 0.429054 1.96366 0.00915341 7 3 1 1 
1.43496 -0.673559 0.00966232 0.0025 0.546239 0.429031 1.96357 0.0091535 8 4 1 1 
1.43954 -0.673607 0.0108602 0.0025 0.546229 0.429004 1.96348 0.00915368 9 4 1 1 
1.44411 -0.673661 0.0122268 0.0025 0.546213 0.428973 1.9634 0.00915394 10 4 1 1 
1.44869 -0.673722 0.0137585 0.0025 0.546192 0.428939 1.96332 0.00915429 11 4 1 1 
1.45327 -0.673789 0.0154548 0.0025 0.546165 0.4289 1.96323 0.00915474 12 4 1 1 
1.45785 -0.673865 0.0173257 0.0025 0.546133 0.428857 1.96315 0.00915527 13 4 1 1 
1.46242 -0.67395 0.0194221 0.0025 0.546096 0.428808 1.96306 0.00915591 14 4 1 1 
1.467 -0.674044 0.0218317 0.0025 0.546052 0.428754 1.96297 0.00915664 15 4 1 1 
1.47158 -0.67415 0.0246343 0.0025 0.546 0.428692 1.96287 0.0091575 16 4 1 1 
1.47616 -0.67427 0.0280028 0.0025 0.545941 0.428621 1.96277 0.00915851 17 4 1 1 
1.48074 -0.674408 0.0323695 0.0025 0.54587 0.42854 1.96264 0.00915969 18 4 1 1 
1.48532 -0.674569 0.0382647 0.0025 0.545786 0.428443 1.9625 0.0091611 19 4 1 1 
1.4899 -0.674762 0.0461103 0.0025 0.545683 0.428326 1.96234 0.00916284 20 4 1 1 
1.49448 -0.675 0.0566007 0.0025 0.545555 0.428182 1.96214 0.00916498 21 4 1 1 
1.49906 -0.675296 0.0707143 0.0025 0.545395 0.428003 1.9619 0.00916767 22 4 1 1 
-0.496351 -0.675663 0.0883309 0.0025 0.545196 0.427782 1.9616 0.00917101 23 4 1 1 
-0.491765 -0.676112 0.107628 0.0025 0.544954 0.427514 1.96124 0.00917509 24 4 1 0.999999 
-0.487176 -0.676647 0.126337 0.0025 0.544671 0.427201 1.96082 0.00917986 25 4 1 0.999999 
-0.482585 -0.677249 0.140694 0.0025 0.54436 0.426857 1.96036 0.00918509 26 4 1 0.999999 
-0.477991 -0.677872 0.142935 0.0025 0.544047 0.426512 1.9599 0.00919038 27 4 1 0.999999 
-0.473395 -0.678446 0.125676 0.0025 0.543771 0.426207 1.9595 0.00919504 28 4 1 0.999999 
-0.468796 -0.678898 0.0804086 0.0025 0.543591 0.426008 1.95923 0.00919809 29 4 1 1 
-0.464196 -0.679062 0.101458 0.0025 0.543481 0.425883 1.95906 0.00919995 30 5 1 0.999998 
-0.459596 -0.679165 -0.265044 0.0025 0.543889 0.426321 1.95963 0.00919305 31 4 1 0.999924 
-0.455003 -0.674857 -1.7143 0.0025 0.546328 0.428994 1.96313 0.00915201 32 4 1 0.99967 
-0.450444 -0.664248 -3.11317 0.0025 0.551779 0.435 1.97094 0.00906159 33 4 1 0.999367 
-0.445941 -0.648697 -4.08825 0.0025 0.559763 0.443841 1.9823 0.00893236 34 4 1 0.999181 
-0.441511 -0.630522 -4.52931 0.0025 0.569247 0.454409 1.99567 0.00878353 35 4 1 0.999163 
-0.437157 -0.611887 -4.50705 0.0025 0.579176 0.465547 2.00952 0.00863296 36 4 1 0.99926 
-0.432877 -0.59438 -4.18611 0.0025 0.588759 0.476367 2.02275 0.00849244 37 4 1 0.999362 
-0.428664 -0.578333 -3.94327 0.0025 0.59776 0.486591 2.03506 0.00836455 38 4 1 0.999402 
-0.424512 -0.563039 -3.9692 0.0025 0.606504 0.49658 2.0469 0.00824397 39 4 1 0.999375 
-0.42042 -0.547373 -4.24747 0.0025 0.615501 0.506919 2.05899 0.00812347 40 4 1 0.999308 
-0.416388 -0.530785 -4.61343 0.0025 0.625094 0.518013 2.07176 0.0079988 41 4 1 0.999237 
-0.41242 -0.513135 -4.96293 0.0025 0.635363 0.529966 2.08531 0.00786951 42 4 1 0.99918 
-0.408518 -0.494725 -5.24855 0.0025 0.646226 0.542695 2.09949 0.00773723 43 4 1 0.999151 
-0.404683 -0.475859 -5.4361 0.0025 0.657519 0.556018 2.11409 0.00760434 44 4 1 0.99914 
-0.400913 -0.456805 -5.59145 0.0025 0.669099 0.569776 2.1289 0.00747273 45 4 1 0.999147 
-0.397209 -0.437711 -5.67556 0.0025 0.680857 0.583842 2.14379 0.00734369 46 4 1 0.999162 
-0.393569 -0.418736 -5.75955 0.0025 0.692714 0.598125 2.15864 0.00721799 47 4 1 0.999183 
-0.389991 -0.399956 -5.81137 0.0025 0.70463 0.61258 2.17342 0.00709592 48 4 1 0.999209 
-0.386472 -0.381395 -5.84652 0.0025 0.71656 0.627148 2.18806 0.00697778 49 4 1 0.999234 
-0.383012 -0.363097 -5.8836 0.0025 0.728485 0.641807 2.20255 0.00686356 50 4 1 0.999262 
-0.379608 -0.345064 -5.89839 0.0025 0.740387 0.656535 2.21687 0.00675322 51 4 1 0.999286 
-0.376259 -0.327288 -5.93866 0.0025 0.752268 0.671331 2.23103 0.00664657 52 4 1 0.999311 
-0.372961 -0.30981 -5.94802 0.0025 0.764123 0.686188 2.24503 0.00654345 53 4 1 0.999336 
-0.369715 -0.292569 -5.96856 0.0025 0.775936 0.701085 2.25884 0.00644383 54 4 1 0.999359 
-0.366517 -0.275604 -5.98758 0.0025 0.787715 0.716029 2.2725 0.00634747 55 4 1 0.999382 
-0.363367 -0.258888 -5.99407 0.0025 0.799451 0.731008 2.28598 0.00625429 56 4 1 0.999403 
-0.360263 -0.242437 -6.01635 0.0025 0.811146 0.746021 2.29929 0.00616412 57 4 1 0.999423 
-0.357202 -0.226239 -6.02595 0.0025 0.822802 0.761072 2.31245 0.0060768 58 4 1 0.999444 
-0.354185 -0.210286 -6.02381 0.0025 0.834402 0.776136 2.32543 0.00599232 59 4 1 0.999463 
-0.35121 -0.194563 -6.04184 0.0025 0.845953 0.791219 2.33826 0.00591049 60 4 1 0.999482 
-0.348275 -0.179089 -6.04402 0.0025 0.857459 0.806326 2.35092 0.00583118 61 4 1 0.9995 
-0.345378 -0.163841 -6.04678 0.0025 0.86891 0.821441 2.36343 0.00575433 62 4 1 0.999516 
-0.34252 -0.148835 -6.06068 0.0025 0.880314 0.836574 2.37579 0.00567979 63 4 1 0.999533 
-0.339698 -0.134061 -6.04251 0.0025 0.891657 0.851703 2.38798 0.00560754 64 4 1 0.99955 
-0.336912 -0.119493 -6.04512 0.0025 0.902931 0.866816 2.40001 0.00553752 65 4 1 0.999564 
-0.334161 -0.105154 -6.06395 0.0025 0.914159 0.881944 2.41191 0.00546951 66 4 1 0.999581 
-0.331443 -0.09102 -6.02937 0.0025 0.925308 0.897043 2.42363 0.00540361 67 4 1 0.999607 
-0.328757 -0.0772769 -5.87421 0.0025 0.93626 0.91194 2.43506 0.0053404 68 4 1 0.999624 
-0.326102 -0.0640514 -5.83579 0.0025 0.947045 0.926663 2.44623 0.00527958 69 4 1 0.9996 
-0.323477 -0.0504435 -6.42956 0.0025 0.958174 0.941948 2.45769 0.00521826 70 4 1 0.999595 
-0.320883 -0.0358749 -6.58789 0.0025 0.969645 0.957847 2.46948 0.00515653 71 4 1 0.999754 
-0.31832 -0.0236189 -4.25628 0.0025 0.97932 0.971275 2.47931 0.00510558 72 4 1 0.999886 
-0.315778 -0.0170215 -2.26694 0.0025 0.98595 0.980309 2.48585 0.00507125 73 4 1 0.999746 
-0.313249 -0.00859817 -6.54359 0.0025 0.994398 0.991991 2.4943 0.00502817 74 4 1 0.999316 
-0.310749 0.0109001 -11.1417 0.0025 1.00905 1.01282 2.50919 0.00495515 75 4 1 0.999611 
-0.308293 0.0293657 -5.43355 0.0025 1.02267 1.03217 2.52279 0.00488917 76 4 1 1 
-0.30586 0.0333231 0.184577 0.0025 1.02742 1.03873 2.52733 0.00486656 77 3 1 1 
-0.303427 0.0317101 1.06337 0.0025 1.02636 1.03715 2.52623 0.00487156 78 4 1 1 
-0.300989 0.0289352 1.45455 0.0025 1.02391 1.03366 2.52379 0.00488326 79 4 1 0.999985 
-0.298544 0.0255533 1.70681 0.0025 1.02095 1.02947 2.52086 0.0048974 80 4 1 0.999976 
-0.296091 0.0218366 1.83029 0.0025 1.01777 1.02497 2.5177 0.00491272 81 4 1 0.999971 
-0.293631 0.0180466 1.82719 0.0025 1.01458 1.02047 2.51453 0.00492816 82 4 1 0.999971 
-0.291163 0.0144224 1.71305 0.0025 1.01157 1.01624 2.51154 0.0049428 83 4 1 0.999973 
-0.288688 0.0111504 1.51844 0.0025 1.00889 1.01247 2.50887 0.00495592 84 4 1 0.999978 
-0.286207 0.00834688 1.27925 0.0025 1.00662 1.00927 2.50661 0.00496711 85 4 1 0.999984 
-0.283721 0.00605635 1.02915 0.0025 1.00478 1.00669 2.50477 0.0049762 86 4 1 0.999989 
-0.281231 0.0042645 0.793896 0.0025 1.00335 1.00469 2.50334 0.00498329 87 4 1 0.999993 
-0.278738 0.00291738 0.589333 0.0025 1.00229 1.00319 2.50228 0.0049886 88 4 1 0.999996 
-0.276242 0.00194096 0.422241 0.0025 1.00152 1.00212 2.50151 0.00499243 89 4 1 0.999998 
-0.273745 0.00125688 0.292678 0.0025 1.00098 1.00137 2.50097 0.00499511 90 4 1 0.999999 
-0.271247 0.000792663 0.196627 0.0025 1.00062 1.00086 2.50061 0.00499692 91 4 1 1 
-0.268748 0.000487075 0.128206 0.0025 1.00038 1.00053 2.50038 0.00499811 92 4 1 1 
-0.266249 0.000291702 0.0812097 0.0025 1.00023 1.00031 2.50022 0.00499887 93 4 1 1 
-0.263749 0.000170293 0.0500089 0.0025 1.00013 1.00018 2.50013 0.00499934 94 4 1 1 
-0.26125 9.69174e-05 0.0299524 0.0025 1.00007 1.0001 2.50007 0.00499963 95 4 1 1 
-0.25875 5.37729e-05 0.0174542 0.0025 1.00004 1.00006 2.50004 0.00499979 96 4 1 1 
-0.25625 2.90847e-05 0.00989781 0.0025 1.00002 1.00003 2.50002 0.00499989 97 4 1 1 
-0.25375 1.53346e-05 0.00546263 0.0025 1.00001 1.00002 2.50001 0.00499994 98 4 1 1 
-0.25125 7.88019e-06 0.00293434 0.0025 1.00001 1.00001 2.50001 0.00499997 99 4 1 1 
-0.24875 3.94634e-06 0.00153414 0.0025 1 1 2.5 0.00499998 100 4 1 1 
-0.24625 1.92562e-06 0.000780624 0.0025 1 1 2.5 0.00499999 101 4 1 1 
-0.24375 9.15315e-07 0.000386547 0.0025 1 1 2.5 0.005 102 4 1 1 
-0.24125 4.23731e-07 0.000186246 0.0025 1 1 2.5 0.005 103 4 1 1 
-0.23875 1.90988e-07 8.73009e-05 0.0025 1 1 2.5 0.005 104 4 1 1 
-0.23625 8.37866e-08 3.9801e-05 0.0025 1 1 2.5 0.005 105 4 1 1 
-0.23375 3.57628e-08 1.76439e-05 0.0025 1 1 2.5 0.005 106 4 1 1 
-0.23125 1.48452e-08 7.60273e-06 0.0025 1 1 2.5 0.005 107 4 1 1 
-0.22875 5.98997e-09 3.18305e-06 0.0025 1 1 2.5 0.005 108 4 1 1 
-0.22625 2.34797e-09 1.29424e-06 0.0025 1 1 2.5 0.005 109 4 1 1 
-0.22375 8.93506e-10 5.10768e-07 0.0025 1 1 2.5 0.005 110 4 1 1 
-0.22125 3.29843e-10 1.9553e-07 0.0025 1 1 2.5 0.005 111 4 1 1 
-0.21875 1.18016e-10 7.25361e-08 0.0025 1 1 2.5 0.005 112 4 1 1 
-0.21625 4.08695e-11 2.60737e-08 0.0025 1 1 2.5 0.005 113 4 1 1 
-0.21375 1.36899e-11 9.05072e-09 0.0025 1 1 2.5 0.005 114 4 1 1 
-0.21125 4.429e-12 3.04783e-09 0.0025 1 1 2.5 0.005 115 4 1 1 
-0.20875 1.37519e-12 9.75149e-10 0.0025 1 1 2.5 0.005 116 4 1 1 
-0.20625 4.15182e-13 3.12809e-10 0.0025 1 1 2.5 0.005 117 4 1 1 
-0.20375 1.16671e-13 8.67431e-11 0.0025 1 1 2.5 0.005 118 4 1 1 
-0.20125 3.2542e-14 3.51861e-11 0.0025 1 1 2.5 0.005 119 4 1 1 
-0.19875 2.12194e-15 2.84217e-12 0.0025 1 1 2.5 0.005 120 5 1 1 
-0.19625 2.26128e-16 6.25278e-13 0.0025 1 1 2.5 0.005 121 5 1 1 
-0.19375 4.80264e-47 1.34525e-43 0.0025 1 1 2.5 0.005 122 5 1 1 
-0.19125 0 0 0.0025 1 1 2.5 0.005 123 5 1 1 
-0.18875 0 0 0.0025 1 1 2.5 0.005 124 5 1 1 
-0.18625 0 0 0.0025 1 1 2.5 0.005 125 5 1 1 
-0.18375 0 0 0.0025 1 1 2.5 0.005 126 5 1 1 
-0.18125 0 0 0.0025 1 1 2.5 0.005 127 5 1 1 
-0.17875 0 0 0.0025 1 1 2.5 0.005 128 5 1 1 
-0.17625 0 0 0.0025 1 1 2.5 0.005 129 5 1 1 
-0.17375 0 0 0.0025 1 1 2.5 0.005 130 5 1 1 
-0.17125 0 0 0.0025 1 1 2.5 0.005 131 5 1 1 
-0.16875 0 0 0.0025 1 1 2.5 0.005 132 5 1 1 
-0.16625 0 0 0.0025 1 1 2.5 0.005 133 5 1 1 
-0.16375 0 0 0.0025 1 1 2.5 0.005 134 5 1 1 
-0.16125 0 0 0.0025 1 1 2.5 0.005 135 5 1 1 
-0.15875 0 0 0.0025 1 1 2.5 0.005 136 5 1 1 
-0.15625 0 0 0.0025 1 1 2.5 0.005 137 5 1 1 
-0.15375 0 0 0.0025 1 1 2.5 0.005 138 5 1 1 
-0.15125 0 0 0.0025 1 1 2.5 0.005 139 5 1 1 
-0.14875 0 0 0.0025 1 1 2.5 0.005 140 5 1 1 
-0.14625 0 0 0.0025 1 1 2.5 0.005 141 5 1 1 
-0.14375 0 0 0.0025 1 1 2.5 0.005 142 5 1 1 
-0.14125 0 0 0.0025 1 1 2.5 0.005 143 5 1 1 
-0.13875 0 0 0.0025 1 1 2.5 0.005 144 5 1 1 
-0.13625 0 0 0.0025 1 1 2.5 0.005 145 5 1 1 
-0.13375 0 0 0.0025 1 1 2.5 0.005 146 5 1 1 
-0.13125 0 0 0.0025 1 1 2.5 0.005 147 5 1 1 
-0.12875 0 0 0.0025 1 1 2.5 0.005 148 5 1 1 
-0.12625 0 0 0.0025 1 1 2.5 0.005 149 5 1 1 
-0.12375 0 0 0.0025 1 1 2.5 0.005 150 5 1 1 
-0.12125 0 0 0.0025 1 1 2.5 0.005 151 5 1 1 
-0.11875 0 0 0.0025 1 1 2.5 0.005 152 5 1 1 
-0.11625 0 0 0.0025 1 1 2.5 0.005 153 5 1 1 
-0.11375 0 0 0.0025 1 1 2.5 0.005 154 5 1 1 
-0.11125 0 0 0.0025 1 1 2.5 0.005 155 5 1 1 
-0.10875 0 0 0.0025 1 1 2.5 0.005 156 5 1 1 
-0.10625 0 0 0.0025 1 1 2.5 0.005 157 5 1 1 
-0.10375 0 0 0.0025 1 1 2.5 0.005 158 5 1 1 
-0.10125 0 0 0.0025 1 1 2.5 0.005 159 5 1 1 
-0.09875 0 0 0.0025 1 1 2.5 0.005 160 5 1 1 
-0.09625 0 0 0.0025 1 1 2.5 0.005 161 5 1 1 
-0.09375 0 0 0.0025 1 1 2.5 0.005 162 5 1 1 
-0.09125 0 0 0.0025 1 1 2.5 0.005 163 5 1 1 
-0.08875 0 0 0.0025 1 1 2.5 0.005 164 5 1 1 
-0.08625 0 0 0.0025 1 1 2.5 0.005 165 5 1 1 
-0.08375 0 0 0.0025 1 1 2.5 0.005 166 5 1 1 
-0.08125 0 0 0.0025 1 1 2.5 0.005 167 5 1 1 
-0.07875 0 0 0.0025 1 1 2.5 0.005 168 5 1 1 
-0.07625 0 0 0.0025 1 1 2.5 0.005 169 5 1 1 
-0.07375 0 0 0.0025 1 1 2.5 0.005 170 5 1 1 
-0.07125 0 0 0.0025 1 1 2.5 0.005 171 5 1 1 
-0.06875 0 0 0.0025 1 1 2.5 0.005 172 5 1 1 
-0.06625 -1.61099e-46 -1.12104e-44 0.0025 1 1 2.5 0.005 173 5 1 1 
-0.06375 -1.04199e-16 -1.12104e-44 0.0025 1 1 2.5 0.005 174 5 1 1 
-0.06125 -2.42604e-16 0 0.0025 1 1 2.5 0.005 175 5 1 1 
-0.05875 -3.80393e-16 0 0.0025 1 1 2.5 0.005 176 5 1 1 
-0.05625 -5.17443e-16 0 0.0025 1 1 2.5 0.005 177 5 1 1 
-0.05375 -6.1882e-16 0 0.0025 1 1 2.5 0.005 178 5 1 1 
-0.05125 -7.88258e-16 0 0.0025 1 1 2.5 0.005 179 5 1 1 
-0.04875 -9.5614e-16 0 0.0025 1 1 2.5 0.005 180 5 1 1 
-0.04625 -1.12228e-15 0 0.0025 1 1 2.5 0.005 181 5 1 1 
-0.04375 -1.28541e-15 -1.12104e-44 0.0025 1 1 2.5 0.005 182 5 1 1 
-0.04125 -1.44403e-15 -1.12104e-44 0.0025 1 1 2.5 0.005 183 5 1 1 
-0.03875 -1.97495e-15 3.9443e-29 0.0025 1 1 2.5 0.005 184 5 1 1 
-0.03625 9.52097e-16 -3.86542e-27 0.0025 1 1 2.5 0.005 185 5 1 1 
-0.03375 -3.67117e-15 -3.82598e-27 0.0025 1 1 2.5 0.005 186 4 1 1 
-0.03125 -5.01095e-17 5.68434e-14 0.0025 1 1 2.5 0.005 187 3 1 1 
-0.02875 -1.59976e-15 1.7053e-13 0.0025 1 1 2.5 0.005 188 5 1 1 
-0.02625 -2.06212e-15 -1.36424e-12 0.0025 1 1 2.5 0.005 189 4 1 1 
-0.02375 -2.44333e-15 1.59162e-12 0.0025 1 1 2.5 0.005 190 4 1 1 
-0.02125 -1.73147e-15 -6.82121e-13 0.0025 1 1 2.5 0.005 191 5 1 1 
-0.01875 -2.05604e-15 4.54747e-13 0.0025 1 1 2.5 0.005 192 5 1 1 
-0.01625 -1.69571e-15 -6.82121e-13 0.0025 1 1 2.5 0.005 193 4 1 1 
-0.01375 -1.2444e-15 8.52651e-13 0.0025 1 1 2.5 0.005 194 3 1 1 
-0.01125 -1.2933e-15 -8.52651e-13 0.0025 1 1 2.5 0.005 195 3 1 1 
-0.00875 -1.15717e-15 8.52651e-13 0.0025 1 1 2.5 0.005 196 3 1 1 
-0.00625 6.26591e-17 -7.38964e-13 0.0025 1 1 2.5 0.005 197 5 1 1 
-0.00375 -1.72517e-16 1.13687e-13 0.0025 1 1 2.5 0.005 198 3 1 1 
-0.00125 -1.72377e-16 9.86076e-29 0.0025 1 1 2.5 0.005 199 5 1 1 
0.00125 -1.6629e-16 -8.87469e-29 0.0025 1 1 2.5 0.005 200 3 1 1 
0.00375 -3.84173e-16 3.97904e-13 0.0025 1 1 2.5 0.005 201 4 1 1 
0.00625 -7.67491e-16 -2.27374e-13 0.0025 1 1 2.5 0.005 202 5 1 1 
0.00875 -5.55792e-16 1.7053e-13 0.0025 1 1 2.5 0.005 203 4 1 1 
0.01125 4.126e-16 1.13687e-13 0.0025 1 1 2.5 0.005 204 4 1 1 
0.01375 7.27071e-16 -3.41061e-13 0.0025 1 1 2.5 0.005 205 5 1 1 
0.01625 1.2932e-15 -3.9443e-29 0.0025 1 1 2.5 0.005 206 5 1 1 
0.01875 1.26863e-15 2.27374e-13 0.0025 1 1 2.5 0.005 207 5 1 1 
0.02125 1.2244e-15 3.9443e-29 0.0025 1 1 2.5 0.005 208 5 1 1 
0.02375 2.35914e-15 -5.52203e-28 0.0025 1 1 2.5 0.005 209 5 1 1 
0.02625 1.0016e-15 -1.11427e-27 0.0025 1 1 2.5 0.005 210 4 1 1 
0.02875 4.66977e-16 6.27782e-43 0.0025 1 1 2.5 0.005 211 3 1 1 
0.03125 2.25493e-15 1.11427e-27 0.0025 1 1 2.5 0.005 212 4 1 1 
0.03375 1.3461e-15 -1.13687e-13 0.0025 1 1 2.5 0.005 213 5 1 1 
0.03625 2.09434e-15 -3.9443e-29 0.0025 1 1 2.5 0.005 214 5 1 1 
0.03875 1.67134e-15 -4.48416e-44 0.0025 1 1 2.5 0.005 215 5 1 1 
0.04125 1.20337e-15 2.24208e-44 0.0025 1 1 2.5 0.005 216 5 1 1 
0.04375 1.061e-15 -5.68434e-14 0.0025 1 1 2.5 0.005 217 5 1 1 
0.04625 9.52076e-16 3.9443e-29 0.0025 1 1 2.5 0.005 218 5 1 1 
0.04875 5.55861e-16 2.84217e-13 0.0025 1 1 2.5 0.005 219 5 1 1 
0.05125 3.32916e-15 -2.04636e-12 0.0025 1 1 2.5 0.005 220 3 1 1 
0.05375 4.04618e-15 1.08002e-12 0.0025 1 1 2.5 0.005 221 3 1 1 
0.05625 1.17882e-15 6.82121e-13 0.0025 1 1 2.5 0.005 222 5 1 1 
0.05875 5.54209e-16 -3.9443e-29 0.0025 1 1 2.5 0.005 223 5 1 1 
0.06125 3.64079e-16 5.68434e-14 0.0025 1 1 2.5 0.005 224 5 1 1 
0.06375 2.08374e-16 0 0.0025 1 1 2.5 0.005 225 5 1 1 
0.06625 6.95419e-17 1.12104e-44 0.0025 1 1 2.5 0.005 226 5 1 1 
0.06875 3.7721e-47 1.12104e-44 0.0025 1 1 2.5 0.005 227 5 1 1 
0.07125 0 0 0.0025 1 1 2.5 0.005 228 5 1 1 
0.07375 0 0 0.0025 1 1 2.5 0.005 229 5 1 1 
0.07625 0 0 0.0025 1 1 2.5 0.005 230 5 1 1 
0.07875 0 0 0.0025 1 1 2.5 0.005 231 5 1 1 
0.08125 0 0 0.0025 1 1 2.5 0.005 232 5 1 1 
0.08375 0 0 0.0025 1 1 2.5 0.005 233 5 1 1 
0.08625 0 0 0.0025 1 1 2.5 0.005 234 5 1 1 
0.08875 0 0 0.0025 1 1 2.5 0.005 235 5 1 1 
0.09125 0 0 0.0025 1 1 2.5 0.005 236 5 1 1 
0.09375 -1.32701e-45 -1.12104e-44 0.0025 1 1 2.5 0.005 237 5 1 1 
0.09625 -1.69188e-16 0 0.0025 1 1 2.5 0.005 238 5 1 1 
0.09875 -3.37357e-16 1.12104e-44 0.0025 1 1 2.5 0.005 239 5 1 1 
0.10125 1.58941e-15 0 0.0025 1 1 2.5 0.005 240 5 1 1 
0.10375 1.42405e-15 5.60519e-44 0.0025 1 1 2.5 0.005 241 5 1 1 
0.10625 2.63044e-15 -1.56945e-43 0.0025 1 1 2.5 0.005 242 5 1 1 
0.10875 9.8572e-16 -5.68434e-14 0.0025 1 1 2.5 0.005 243 5 1 1 
0.11125 8.42818e-16 5.68434e-14 0.0025 1 1 2.5 0.005 244 5 1 1 
0.11375 -1.33681e-15 -5.68434e-14 0.0025 1 1 2.5 0.005 245 5 1 1 
0.11625 2.63532e-15 -3.69943e-43 0.0025 1 1 2.5 0.005 246 5 1 1 
0.11875 -1.03312e-16 3.9443e-29 0.0025 1 1 2.5 0.005 247 5 1 1 
0.12125 -2.09243e-17 -7.14905e-27 0.0025 1 1 2.5 0.005 248 5 1 1 
0.12375 -3.1251e-15 -7.18849e-27 0.0025 1 1 2.5 0.005 249 4 1 1 
0.12625 3.1251e-15 7.18849e-27 0.0025 1 1 2.5 0.005 250 4 1 1 
0.12875 2.09243e-17 7.14905e-27 0.0025 1 1 2.5 0.005 251 5 1 1 
0.13125 1.03312e-16 -3.9443e-29 0.0025 1 1 2.5 0.005 252 5 1 1 
0.13375 -2.63532e-15 3.69943e-43 0.0025 1 1 2.5 0.005 253 5 1 1 
0.13625 1.33681e-15 5.68434e-14 0.0025 1 1 2.5 0.005 254 5 1 1 
0.13875 -8.42818e-16 -5.68434e-14 0.0025 1 1 2.5 0.005 255 5 1 1 
0.14125 -9.8572e-16 5.68434e-14 0.0025 1 1 2.5 0.005 256 5 1 1 
0.14375 -2.63044e-15 1.56945e-43 0.0025 1 1 2.5 0.005 257 5 1 1 
0.14625 -1.42405e-15 -5.60519e-44 0.0025 1 1 2.5 0.005 258 5 1 1 
0.14875 -1.58941e-15 0 0.0025 1 1 2.5 0.005 259 5 1 1 
0.15125 3.37357e-16 -1.12104e-44 0.0025 1 1 2.5 0.005 260 5 1 1 
0.15375 1.69188e-16 0 0.0025 1 1 2.5 0.005 261 5 1 1 
0.15625 1.32701e-45 1.12104e-44 0.0025 1 1 2.5 0.005 262 5 1 1 
0.15875 0 0 0.0025 1 1 2.5 0.005 263 5 1 1 
0.16125 0 0 0.0025 1 1 2.5 0.005 264 5 1 1 
0.16375 0 0 0.0025 1 1 2.5 0.005 265 5 1 1 
0.16625 0 0 0.0025 1 1 2.5 0.005 266 5 1 1 
0.16875 0 0 0.0025 1 1 2.5 0.005 267 5 1 1 
0.17125 0 0 0.0025 1 1 2.5 0.005 268 5 1 1 
0.17375 0 0 0.0025 1 1 2.5 0.005 269 5 1 1 
0.17625 0 0 0.0025 1 1 2.5 0.005 270 5 1 1 
0.17875 0 0 0.0025 1 1 2.5 0.005 271 5 1 1 
0.18125 0 0 0.0025 1 1 2.5 0.005 272 5 1 1 
0.18375 0 0 0.0025 1 1 2.5 0.005 273 5 1 1 
0.18625 0 0 0.0025 1 1 2.5 0.005 274 5 1 1 
0.18875 0 0 0.0025 1 1 2.5 0.005 275 5 1 1 
0.19125 0 0 0.0025 1 1 2.5 0.005 276 5 1 1 
0.19375 -2.74442e-47 -8.96831e-44 0.0025 1 1 2.5 0.005 277 5 1 1 
0.19625 -1.39158e-16 -4.54747e-13 0.0025 1 1 2.5 0.005 278 5 1 1 
0.19875 -1.39143e-15 -2.6148e-12 0.0025 1 1 2.5 0.005 279 5 1 1 
0.20125 -3.15504e-14 -3.49019e-11 0.0025 1 1 2.5 0.005 280 4 1 1 
0.20375 -1.13089e-13 -8.67431e-11 0.0025 1 1 2.5 0.005 281 4 1 1 
0.20625 -4.07211e-13 -3.08262e-10 0.0025 1 1 2.5 0.005 282 4 1 1 
0.20875 -1.37723e-12 -9.81117e-10 0.0025 1 1 2.5 0.005 283 4 1 1 
0.21125 -4.42189e-12 -3.04317e-09 0.0025 1 1 2.5 0.005 284 4 1 1 
0.21375 -1.36936e-11 -9.05584e-09 0.0025 1 1 2.5 0.005 285 4 1 1 
0.21625 -4.08792e-11 -2.60723e-08 0.0025 1 1 2.5 0.005 286 4 1 1 
0.21875 -1.18006e-10 -7.25365e-08 0.0025 1 1 2.5 0.005 287 4 1 1 
0.22125 -3.29843e-10 -1.95531e-07 0.0025 1 1 2.5 0.005 288 4 1 1 
0.22375 -8.93504e-10 -5.10769e-07 0.0025 1 1 2.5 0.005 289 4 1 1 
0.22625 -2.34797e-09 -1.29424e-06 0.0025 1 1 2.5 0.005 290 4 1 1 
0.22875 -5.98997e-09 -3.18306e-06 0.0025 1 1 2.5 0.005 291 4 1 1 
0.23125 -1.48453e-08 -7.60271e-06 0.0025 1 1 2.5 0.005 292 4 1 1 
0.23375 -3.57628e-08 -1.76439e-05 0.0025 1 1 2.5 0.005 293 4 1 1 
0.23625 -8.37866e-08 -3.9801e-05 0.0025 1 1 2.5 0.005 294 4 1 1 
0.23875 -1.90988e-07 -8.73009e-05 0.0025 1 1 2.5 0.005 295 4 1 1 
0.24125 -4.23731e-07 -0.000186246 0.0025 1 1 2.5 0.005 296 4 1 1 
0.24375 -9.15315e-07 -0.000386547 0.0025 1 1 2.5 0.005 297 4 1 1 
0.24625 -1.92562e-06 -0.000780624 0.0025 1 1 2.5 0.00499999 298 4 1 1 
0.24875 -3.94634e-06 -0.00153414 0.0025 1 1 2.5 0.00499998 299 4 1 1 
0.25125 -7.88019e-06 -0.00293434 0.0025 1.00001 1.00001 2.50001 0.00499997 300 4 1 1 
0.25375 -1.53346e-05 -0.00546263 0.0025 1.00001 1.00002 2.50001 0.00499994 301 4 1 1 
0.25625 -2.90847e-05 -0.00989781 0.0025 1.00002 1.00003 2.50002 0.00499989 302 4 1 1 
0.25875 -5.37729e-05 -0.0174542 0.0025 1.00004 1.00006 2.50004 0.00499979 303 4 1 1 
0.26125 -9.69174e-05 -0.0299524 0.0025 1.00007 1.0001 2.50007 0.00499963 304 4 1 1 
0.263749 -0.000170293 -0.0500089 0.0025 1.00013 1.00018 2.50013 0.00499934 305 4 1 1 
0.266249 -0.000291702 -0.0812097 0.0025 1.00023 1.00031 2.50022 0.00499887 306 4 1 1 
0.268748 -0.000487075 -0.128206 0.0025 1.00038 1.00053 2.50038 0.00499811 307 4 1 1 
0.271247 -0.000792663 -0.196627 0.0025 1.00062 1.00086 2.50061 0.00499692 308 4 1 1 
0.273745 -0.00125688 -0.292678 0.0025 1.00098 1.00137 2.50097 0.00499511 309 4 1 0.999999 
0.276242 -0.00194096 -0.422241 0.0025 1.00152 1.00212 2.50151 0.00499243 310 4 1 0.999998 
0.278738 -0.00291738 -0.589333 0.0025 1.00229 1.00319 2.50228 0.0049886 311 4 1 0.999996 
0.281231 -0.0042645 -0.793896 0.0025 1.00335 1.00469 2.50334 0.00498329 312 4 1 0.999993 
0.283721 -0.00605635 -1.02915 0.0025 1.00478 1.00669 2.50477 0.0049762 313 4 1 0.999989 
0.286207 -0.00834688 -1.27925 0.0025 1.00662 1.00927 2.50661 0.00496711 314 4 1 0.999984 
0.288688 -0.0111504 -1.51844 0.0025 1.00889 1.01247 2.50887 0.00495592 315 4 1 0.999978 
0.291163 -0.0144224 -1.71305 0.0025 1.01157 1.01624 2.51154 0.0049428 316 4 1 0.999973 
0.293631 -0.0180466 -1.82719 0.0025 1.01458 1.02047 2.51453 0.00492816 317 4 1 0.999971 
0.296091 -0.0218366 -1.83029 0.0025 1.01777 1.02497 2.5177 0.00491272 318 4 1 0.999971 
0.298544 -0.0255533 -1.70681 0.0025 1.02095 1.02947 2.52086 0.0048974 319 4 1 0.999976 
0.300989 -0.0289352 -1.45455 0.0025 1.02391 1.03366 2.52379 0.00488326 320 4 1 0.999985 
0.303427 -0.0317101 -1.06337 0.0025 1.02636 1.03715 2.52623 0.00487156 321 4 1 1 
0.30586 -0.0333231 -0.184577 0.0025 1.02742 1.03873 2.52733 0.00486656 322 3 1 1 
0.308293 -0.0293657 5.43355 0.0025 1.02267 1.03217 2.52279 0.00488917 323 4 1 1 
0.310749 -0.0109001 11.1417 0.0025 1.00905 1.01282 2.50919 0.00495515 324 4 1 0.999611 
0.313249 0.00859817 6.54359 0.0025 0.994398 0.991991 2.4943 0.00502817 325 4 1 0.999316 
0.315778 0.0170215 2.26694 0.0025 0.98595 0.980309 2.48585 0.00507125 326 4 1 0.999746 
0.31832 0.0236189 4.25628 0.0025 0.97932 0.971275 2.47931 0.00510558 327 4 1 0.999886 
0.320883 0.0358749 6.58789 0.0025 0.969645 0.957847 2.46948 0.00515653 328 4 1 0.999754 
0.323477 0.0504435 6.42956 0.0025 0.958174 0.941948 2.45769 0.00521826 329 4 1 0.999595 
0.326102 0.0640514 5.83579 0.0025 0.947045 0.926663 2.44623 0.00527958 330 4 1 0.9996 
0.328757 0.0772769 5.87421 0.0025 0.93626 0.91194 2.43506 0.0053404 331 4 1 0.999624 
0.331443 0.09102 6.02937 0.0025 0.925308 0.897043 2.42363 0.00540361 332 4 1 0.999607 
0.334161 0.105154 6.06395 0.0025 0.914159 0.881944 2.41191 0.00546951 333 4 1 0.999581 
0.336912 0.119493 6.04512 0.0025 0.902931 0.866816 2.40001 0.00553752 334 4 1 0.999564 
0.339698 0.134061 6.04251 0.0025 0.891657 0.851703 2.38798 0.00560754 335 4 1 0.99955 
0.34252 0.148835 6.06068 0.0025 0.880314 0.836574 2.37579 0.00567979 336 4 1 0.999533 
0.345378 0.163841 6.04678 0.0025 0.86891 0.821441 2.36343 0.00575433 337 4 1 0.999516 
0.348275 0.179089 6.04402 0.0025 0.857459 0.806326 2.35092 0.00583118 338 4 1 0.9995 
0.35121 0.194563 6.04184 0.0025 0.845953 0.791219 2.33826 0.00591049 339 4 1 0.999482 
0.354185 0.210286 6.02381 0.0025 0.834402 0.776136 2.32543 0.00599232 340 4 1 0.999463 
0.357202 0.226239 6.02595 0.0025 0.822802 0.761072 2.31245 0.0060768 341 4 1 0.999444 
0.360263 0.242437 6.01635 0.0025 0.811146 0.746021 2.29929 0.00616412 342 4 1 0.999423 
0.363367 0.258888 5.99407 0.0025 0.799451 0.731008 2.28598 0.00625429 343 4 1 0.999403 
0.366517 0.275604 5.98758 0.0025 0.787715 0.716029 2.2725 0.00634747 344 4 1 0.999382 
0.369715 0.292569 5.96856 0.0025 0.775936 0.701085 2.25884 0.00644383 345 4 1 0.999359 
0.372961 0.30981 5.94802 0.0025 0.764123 0.686188 2.24503 0.00654345 346 4 1 0.999336 
0.376259 0.327288 5.93866 0.0025 0.752268 0.671331 2.23103 0.00664657 347 4 1 0.999311 
0.379608 0.345064 5.89839 0.0025 0.740387 0.656535 2.21687 0.00675322 348 4 1 0.999286 
0.383012 0.363097 5.8836 0.0025 0.728485 0.641807 2.20255 0.00686356 349 4 1 0.999262 
0.386472 0.381395 5.84652 0.0025 0.71656 0.627148 2.18806 0.00697778 350 4 1 0.999234 
0.389991 0.399956 5.81137 0.0025 0.70463 0.61258 2.17342 0.00709592 351 4 1 0.999209 
0.393569 0.418736 5.75955 0.0025 0.692714 0.598125 2.15864 0.00721799 352 4 1 0.999183 
0.397209 0.437711 5.67556 0.0025 0.680857 0.583842 2.14379 0.00734369 353 4 1 0.999162 
0.400913 0.456805 5.59145 0.0025 0.669099 0.569776 2.1289 0.00747273 354 4 1 0.999147 
0.404683 0.475859 5.4361 0.0025 0.657519 0.556018 2.11409 0.00760434 355 4 1 0.99914 
0.408518 0.494725 5.24855 0.0025 0.646226 0.542695 2.09949 0.00773723 356 4 1 0.999151 
0.41242 0.513135 4.96293 0.0025 0.635363 0.529966 2.08531 0.00786951 357 4 1 0.99918 
0.416388 0.530785 4.61343 0.0025 0.625094 0.518013 2.07176 0.0079988 358 4 1 0.999237 
0.42042 0.547373 4.24747 0.0025 0.615501 0.506919 2.05899 0.00812347 359 4 1 0.999308 
0.424512 0.563039 3.9692 0.0025 0.606504 0.49658 2.0469 0.00824397 360 4 1 0.999375 
0.428664 0.578333 3.94327 0.0025 0.59776 0.486591 2.03506 0.00836455 361 4 1 0.999402 
0.432877 0.59438 4.18611 0.0025 0.588759 0.476367 2.02275 0.00849244 362 4 1 0.999362 
0.437157 0.611887 4.50705 0.0025 0.579176 0.465547 2.00952 0.00863296 363 4 1 0.99926 
0.441511 0.630522 4.52931 0.0025 0.569247 0.454409 1.99567 0.00878353 364 4 1 0.999163 
0.445941 0.648697 4.08825 0.0025 0.559763 0.443841 1.9823 0.00893236 365 4 1 0.999181 
0.450444 0.664248 3.11317 0.0025 0.551779 0.435 1.97094 0.00906159 366 4 1 0.999367 
0.455003 0.674857 1.7143 0.0025 0.546328 0.428994 1.96313 0.00915201 367 4 1 0.99967 
0.459596 0.679165 0.265044 0.0025 0.543889 0.426321 1.95963 0.00919305 368 4 1 0.999924 
0.464196 0.679062 -0.101458 0.0025 0.543481 0.425883 1.95906 0.00919995 369 5 1 0.999998 
0.468796 0.678898 -0.0804086 0.0025 0.543591 0.426008 1.95923 0.00919809 370 4 1 1 
0.473395 0.678446 -0.125676 0.0025 0.543771 0.426207 1.9595 0.00919504 371 4 1 0.999999 
0.477991 0.677872 -0.142935 0.0025 0.544047 0.426512 1.9599 0.00919038 372 4 1 0.999999 
0.482585 0.677249 -0.140694 0.0025 0.54436 0.426857 1.96036 0.00918509 373 4 1 0.999999 
0.487176 0.676647 -0.126337 0.0025 0.544671 0.427201 1.96082 0.00917986 374 4 1 0.999999 
0.491765 0.676112 -0.107628 0.0025 0.544954 0.427514 1.96124 0.00917509 375 4 1 0.999999 
0.496351 0.675663 -0.0883309 0.0025 0.545196 0.427782 1.9616 0.00917101 376 4 1 1 
0.500936 0.675296 -0.0707143 0.0025 0.545395 0.428003 1.9619 0.00916767 377 4 1 1 
0.505519 0.675 -0.0566007 0.0025 0.545555 0.428182 1.96214 0.00916498 378 4 1 1 
0.510101 0.674762 -0.0461103 0.0025 0.545683 0.428326 1.96234 0.00916284 379 4 1 1 
0.514682 0.674569 -0.0382647 0.0025 0.545786 0.428443 1.9625 0.0091611 380 4 1 1 
0.519262 0.674408 -0.0323695 0.0025 0.54587 0.42854 1.96264 0.00915969 381 4 1 1 
0.523841 0.67427 -0.0280028 0.0025 0.545941 0.428621 1.96277 0.00915851 382 4 1 1 
0.52842 0.67415 -0.0246343 0.0025 0.546 0.428692 1.96287 0.0091575 383 4 1 1 
0.532999 0.674044 -0.0218317 0.0025 0.546052 0.428754 1.96297 0.00915664 384 4 1 1 
0.537577 0.67395 -0.0194221 0.0025 0.546096 0.428808 1.96306 0.00915591 385 4 1 1 
0.542155 0.673865 -0.0173257 0.0025 0.546133 0.428857 1.96315 0.00915527 386 4 1 1 
0.546732 0.673789 -0.0154548 0.0025 0.546165 0.4289 1.96323 0.00915474 387 4 1 1 
0.55131 0.673722 -0.0137585 0.0025 0.546192 0.428939 1.96332 0.00915429 388 4 1 1 
0.555887 0.673661 -0.0122268 0.0025 0.546213 0.428973 1.9634 0.00915394 389 4 1 1 
0.560464 0.673607 -0.0108602 0.0025 0.546229 0.429004 1.96348 0.00915368 390 4 1 1 
0.56504 0.673559 -0.00966232 0.0025 0.546239 0.429031 1.96357 0.0091535 391 4 1 1 
0.569617 0.673515 -0.00862841 0.0025 0.546244 0.429054 1.96366 0.00915341 392 3 1 1 
0.574194 0.673476 -0.00773122 0.0025 0.546242 0.429074 1.96375 0.00915344 393 4 1 1 
0.57877 0.67344 -0.00693591 0.0025 0.546223 0.429082 1.96386 0.00915377 394 4 1 1 
0.583347 0.673408 -0.00622328 0.0025 0.54613 0.429035 1.96398 0.00915532 395 4 1 1 
0.587926 0.673379 -0.00558882 0.0025 0.545718 0.428788 1.96433 0.00916225 396 4 1 0.999999 
0.59251 0.673352 -0.00502872 0.0025 0.544097 0.427043 1.96217 0.00918954 397 4 1 0.999987 
0.597115 0.673328 -0.00452831 0.0025 0.530972 0.411574 1.93783 0.00941669 398 4 1 0.999668 
0.601931 0.673304 -0.00405393 0.0025 0.506886 0.440264 2.17142 0.00986416 399 4 1 0.994708 
0.606986 0.67328 -0.00359506 0.0025 0.481345 0.415627 2.15868 0.0103876 400 4 1 0.9937 
0.612328 0.673257 -0.00314503 0.0025 0.458854 0.450087 2.45223 0.0108967 401 4 1 0.993695 
0.617889 0.673235 -0.00271068 0.0025 0.450236 0.430618 2.39107 0.0111053 402 5 1 0.998659 
0.623434 0.673214 -0.00231579 0.0025 0.451832 0.428943 2.37336 0.0110661 403 4 1 0.999967 
0.628955 0.673194 -0.00196039 0.0025 0.453454 0.428899 2.36462 0.0110265 404 4 1 0.999986 
0.63446 0.673175 -0.0016381 0.0025 0.45454 0.429033 2.35971 0.0110001 405 4 1 0.999994 
0.639955 0.673157 -0.00133812 0.0025 0.455238 0.429115 2.35654 0.0109833 406 4 1 0.999997 
0.645443 0.673139 -0.00104411 0.0025 0.455709 0.429157 2.35434 0.0109719 407 4 1 0.999999 
0.650927 0.673123 -0.000737322 0.0025 0.456044 0.429181 2.35274 0.0109639 408 4 1 0.999999 
0.656407 0.673106 -0.000397429 0.0025 0.45629 0.429194 2.35154 0.0109579 409 4 1 1 
0.661885 0.673089 1.32329e-05 0.0025 0.456476 0.429202 2.35063 0.0109535 410 4 1 1 
0.667361 0.67307 0.000613532 0.0025 0.456619 0.429206 2.34991 0.01095 411 4 1 1 
0.672835 0.673048 0.00177365 0.0025 0.456728 0.429204 2.34934 0.0109474 412 4 1 1 
0.678308 0.673015 0.00479749 0.0025 0.456805 0.429189 2.34886 0.0109456 413 4 1 1 
0.683781 0.672946 0.0136169 0.0025 0.45684 0.429142 2.34842 0.0109447 414 3 1 1 
0.689253 0.672768 0.040611 0.0025 0.456784 0.428993 2.3479 0.0109461 415 4 1 1 
0.694727 0.672251 0.123882 0.0025 0.456485 0.428539 2.34694 0.0109533 416 4 1 0.999999 
0.700206 0.670735 0.358708 0.0025 0.455516 0.427217 2.34467 0.0109766 417 4 1 0.999992 
0.705703 0.666465 0.985724 0.0025 0.452834 0.42366 2.3389 0.0110416 418 4 1 0.999936 
0.711248 0.655672 2.4061 0.0025 0.44624 0.415001 2.32492 0.0112047 419 4 1 0.999596 
0.716909 0.629979 5.43386 0.0025 0.43217 0.396668 2.29451 0.0115695 420 4 1 0.99806 
0.722823 0.578614 10.4328 0.0025 0.406206 0.363244 2.23538 0.012309 421 4 1 0.993212 
0.729242 0.472286 22.2385 0.0025 0.363712 0.309705 2.12862 0.0137471 422 4 1 0.982311 
0.736661 0.285154 30.7844 0.0025 0.312574 0.248202 1.98526 0.0159962 423 4 1 0.964491 
0.745395 0.10363 20.4941 0.0025 0.273259 0.203906 1.8658 0.0182976 424 4 1 0.963832 
0.755042 0.0183044 6.01136 0.0025 0.255199 0.184778 1.8103 0.0195926 425 4 1 0.987098 
0.764999 0.000717014 0.614117 0.0025 0.250539 0.180038 1.79654 0.0199569 426 4 1 0.998796 
0.774999 -0.000228453 -0.0473533 0.0025 0.249984 0.179483 1.79495 0.0200013 427 5 1 0.999981 
0.785 -4.58659e-06 -0.00807133 0.0025 0.249993 0.179493 1.79498 0.0200005 428 4 1 1 
0.795 4.12969e-06 0.000640883 0.0025 0.250001 0.179501 1.795 0.02 429 3 1 1 
0.805 1.16158e-06 0.000240545 0.0025 0.25 0.1795 1.795 0.02 430 4 1 1 
0.815 2.66467e-07 5.91963e-05 0.0025 0.25 0.1795 1.795 0.02 431 4 1 1 
0.825 5.77261e-08 1.32578e-05 0.0025 0.25 0.1795 1.795 0.02 432 4 1 1 
0.835 1.20662e-08 2.85462e-06 0.0025 0.25 0.1795 1.795 0.02 433 4 1 1 
0.845 2.43102e-09 5.94751e-07 0.0025 0.25 0.1795 1.795 0.02 434 4 1 1 
0.855 4.70279e-10 1.19363e-07 0.0025 0.25 0.1795 1.795 0.02 435 4 1 1 
0.865 8.70115e-11 2.2972e-08 0.0025 0.25 0.1795 1.795 0.02 436 4 1 1 
0.875 1.53709e-11 4.2231e-09 0.0025 0.25 0.1795 1.795 0.02 437 4 1 1 
0.885 2.58772e-12 7.40599e-10 0.0025 0.25 0.1795 1.795 0.02 438 4 1 1 
0.895 4.14658e-13 1.22895e-10 0.0025 0.25 0.1795 1.795 0.02 439 4 1 1 
0.905 5.64877e-14 2.17142e-11 0.0025 0.25 0.1795 1.795 0.02 440 4 1 1 
0.915 2.569e-15 1.33582e-12 0.0025 0.25 0.1795 1.795 0.02 441 5 1 1 
0.925 -1.0333e-15 1.7053e-13 0.0025 0.25 0.1795 1.795 0.02 442 5 1 1 
0.935 -2.27766e-15 4.26326e-14 0.0025 0.25 0.1795 1.795 0.02 443 5 1 1 
0.945 -2.94132e-15 9.9476e-14 0.0025 0.25 0.1795 1.795 0.02 444 5 1 1 
0.955 -4.93493e-15 2.84217e-14 0.0025 0.25 0.1795 1.795 0.02 445 5 1 1 
0.965 8.70043e-15 -1.56945e-43 0.0025 0.25 0.1795 1.795 0.02 446 5 1 1 
0.975 1.30111e-15 7.08003e-30 0.0025 0.25 0.1795 1.795 0.02 447 5 1 1 
0.985 -1.64542e-15 1.42109e-13 0.0025 0.25 0.1795 1.795 0.02 448 5 1 1 
0.995 -1.08416e-14 1.7053e-13 0.0025 0.25 0.1795 1.795 0.02 449 3 1 1 
1.005 1.08416e-14 -1.7053e-13 0.0025 0.25 0.1795 1.795 0.02 450 3 1 1 
1.015 1.64542e-15 -1.42109e-13 0.0025 0.25 0.1795 1.795 0.02 451 5 1 1 
1.025 -1.30111e-15 -7.08003e-30 0.0025 0.25 0.1795 1.795 0.02 452 5 1 1 
1.035 -8.70043e-15 1.56945e-43 0.0025 0.25 0.1795 1.795 0.02 453 5 1 1 
1.045 4.93493e-15 -2.84217e-14 0.0025 0.25 0.1795 1.795 0.02 454 5 1 1 
1.055 2.94132e-15 -9.9476e-14 0.0025 0.25 0.1795 1.795 0.02 455 5 1 1 
1.065 2.27766e-15 -4.26326e-14 0.0025 0.25 0.1795 1.795 0.02 456 5 1 1 
1.075 9.85468e-16 -1.56319e-13 0.0025 0.25 0.1795 1.795 0.02 457 5 1 1 
1.085 -2.58202e-15 -9.80549e-13 0.0025 0.25 0.1795 1.795 0.02 458 5 1 1 
1.095 -4.22828e-14 -2.03642e-11 0.0025 0.25 0.1795 1.795 0.02 459 4 1 1 
1.105 -4.23466e-13 -1.26974e-10 0.0025 0.25 0.1795 1.795 0.02 460 4 1 1 
1.115 -2.58807e-12 -7.37288e-10 0.0025 0.25 0.1795 1.795 0.02 461 4 1 1 
1.125 -1.53399e-11 -4.22257e-09 0.0025 0.25 0.1795 1.795 0.02 462 4 1 1 
1.135 -8.70823e-11 -2.29746e-08 0.0025 0.25 0.1795 1.795 0.02 463 4 1 1 
1.145 -4.70227e-10 -1.1936e-07 0.0025 0.25 0.1795 1.795 0.02 464 4 1 1 
1.155 -2.43102e-09 -5.94748e-07 0.0025 0.25 0.1795 1.795 0.02 465 4 1 1 
1.165 -1.20662e-08 -2.85463e-06 0.0025 0.25 0.1795 1.795 0.02 466 4 1 1 
1.175 -5.77262e-08 -1.32578e-05 0.0025 0.25 0.1795 1.795 0.02 467 4 1 1 
1.185 -2.66467e-07 -5.91963e-05 0.0025 0.25 0.1795 1.795 0.02 468 4 1 1 
1.195 -1.16158e-06 -0.000240545 0.0025 0.25 0.1795 1.795 0.02 469 4 1 1 
1.205 -4.12969e-06 -0.000640883 0.0025 0.250001 0.179501 1.795 0.02 470 3 1 1 
1.215 4.58659e-06 0.00807133 0.0025 0.249993 0.179493 1.79498 0.0200005 471 4 1 1 
1.225 0.000228453 0.0473533 0.0025 0.249984 0.179483 1.79495 0.0200013 472 5 1 0.999981 
1.235 -0.000717014 -0.614117 0.0025 0.250539 0.180038 1.79654 0.0199569 473 4 1 0.998796 
1.24496 -0.0183044 -6.01136 0.0025 0.255199 0.184778 1.8103 0.0195926 474 4 1 0.987098 
1.2546 -0.10363 -20.4941 0.0025 0.273259 0.203906 1.8658 0.0182976 475 4 1 0.963832 
1.26334 -0.285154 -30.7844 0.0025 0.312574 0.248202 1.98526 0.0159962 476 4 1 0.964491 
1.27076 -0.472286 -22.2385 0.0025 0.363712 0.309705 2.12862 0.0137471 477 4 1 0.982311 
1.27718 -0.578614 -10.4328 0.0025 0.406206 0.363244 2.23538 0.012309 478 4 1 0.993212 
1.28309 -0.629979 -5.43386 0.0025 0.43217 0.396668 2.29451 0.0115695 479 4 1 0.99806 
1.28875 -0.655672 -2.4061 0.0025 0.44624 0.415001 2.32492 0.0112047 480 4 1 0.999596 
1.2943 -0.666465 -0.985724 0.0025 0.452834 0.42366 2.3389 0.0110416 481 4 1 0.999936 
1.29979 -0.670735 -0.358708 0.0025 0.455516 0.427217 2.34467 0.0109766 482 4 1 0.999992 
1.30527 -0.672251 -0.123882 0.0025 0.456485 0.428539 2.34694 0.0109533 483 4 1 0.999999 
1.31075 -0.672768 -0.040611 0.0025 0.456784 0.428993 2.3479 0.0109461 484 4 1 1 
1.31622 -0.672946 -0.0136169 0.0025 0.45684 0.429142 2.34842 0.0109447 485 3 1 1 
1.32169 -0.673015 -0.00479749 0.0025 0.456805 0.429189 2.34886 0.0109456 486 4 1 1 
1.32716 -0.673048 -0.00177365 0.0025 0.456728 0.429204 2.34934 0.0109474 487 4 1 1 
1.33264 -0.67307 -0.000613532 0.0025 0.456619 0.429206 2.34991 0.01095 488 4 1 1 
1.33811 -0.673089 -1.32329e-05 0.0025 0.456476 0.429202 2.35063 0.0109535 489 4 1 1 
1.34359 -0.673106 0.000397429 0.0025 0.45629 0.429194 2.35154 0.0109579 490 4 1 1 
1.34907 -0.673123 0.000737322 0.0025 0.456044 0.429181 2.35274 0.0109639 491 4 1 0.999999 
1.35456 -0.673139 0.00104411 0.0025 0.455709 0.429157 2.35434 0.0109719 492 4 1 0.999999 
1.36004 -0.673157 0.00133812 0.0025 0.455238 0.429115 2.35654 0.0109833 493 4 1 0.999997 
1.36554 -0.673175 0.0016381 0.0025 0.45454 0.429033 2.35971 0.0110001 494 4 1 0.999994 
1.37104 -0.673194 0.00196039 0.0025 0.453454 0.428899 2.36462 0.0110265 495 4 1 0.999986 
1.37657 -0.673214 0.00231579 0.0025 0.451832 0.428943 2.37336 0.0110661 496 4 1 0.999967 
1.38211 -0.673235 0.00271068 0.0025 0.450236 0.430618 2.39107 0.0111053 497 5 1 0.998659 
1.38767 -0.673257 0.00314503 0.0025 0.458854 0.450087 2.45223 0.0108967 498 4 1 0.993695 
1.39301 -0.67328 0.00359506 0.0025 0.481345 0.415627 2.15868 0.0103876 499 4 1 0.9937 
