# Time [s]: 4.67816e+12
# Columns: pos [pc], vel [pc/s], acc [pc/s^2], mass [Msun], dens [g/cm^3], pres [barye], ene [erg/g], sml [pc], id, neighbor, alpha, gradh, ...additional?
4.3208e+16 -673.317 1.3993e-13 4.97118e+27 0.000506878 4.40255 21714.1 3.04413e+14 0 4 1 0.994708 
4.33566e+16 -673.342 1.56579e-13 4.97118e+27 0.000530964 4.11565 19378.2 2.90604e+14 1 4 1 0.999668 
4.34987e+16 -673.368 1.74087e-13 4.97118e+27 0.000544087 4.27033 19621.5 2.83594e+14 2 4 1 0.999987 
4.36402e+16 -673.397 1.93659e-13 4.97118e+27 0.000545707 4.28777 19643.2 2.82752e+14 3 4 1 0.999999 
4.37815e+16 -673.428 2.15968e-13 4.97118e+27 0.000546119 4.29023 19639.6 2.82539e+14 4 4 1 1 
4.39227e+16 -673.462 2.41372e-13 4.97118e+27 0.00054621 4.29068 19638.4 2.82492e+14 5 4 1 1 
4.4064e+16 -673.5 2.69984e-13 4.97118e+27 0.000546228 4.29059 19637.3 2.82483e+14 6 4 1 1 
4.42052e+16 -673.542 3.02005e-13 4.97118e+27 0.000546229 4.29037 19636.3 2.82482e+14 7 3 1 1 
4.43465e+16 -673.589 3.38341e-13 4.97118e+27 0.000546222 4.29012 19635.4 2.82486e+14 8 4 1 1 
4.44877e+16 -673.642 3.80277e-13 4.97118e+27 0.000546209 4.28983 19634.5 2.82493e+14 9 4 1 1 
4.4629e+16 -673.7 4.28366e-13 4.97118e+27 0.000546191 4.28949 19633.7 2.82502e+14 10 4 1 1 
4.47702e+16 -673.766 4.82328e-13 4.97118e+27 0.000546168 4.28912 19632.8 2.82514e+14 11 4 1 1 
4.49115e+16 -673.839 5.41949e-13 4.97118e+27 0.000546138 4.2887 19632 2.82529e+14 12 4 1 1 
4.50527e+16 -673.92 6.07336e-13 4.97118e+27 0.000546103 4.28824 19631.1 2.82547e+14 13 4 1 1 
4.5194e+16 -674.011 6.79792e-13 4.97118e+27 0.000546062 4.28771 19630.2 2.82569e+14 14 4 1 1 
4.53353e+16 -674.114 7.63908e-13 4.97118e+27 0.000546013 4.28712 19629.2 2.82594e+14 15 4 1 1 
4.54766e+16 -674.229 8.6647e-13 4.97118e+27 0.000545957 4.28644 19628.1 2.82623e+14 16 4 1 1 
4.56179e+16 -674.36 9.94589e-13 4.97118e+27 0.000545891 4.28567 19626.9 2.82657e+14 17 4 1 1 
4.57593e+16 -674.512 1.16236e-12 4.97118e+27 0.000545813 4.28476 19625.6 2.82698e+14 18 4 1 1 
4.59006e+16 -674.693 1.39489e-12 4.97118e+27 0.000545717 4.28367 19624 2.82747e+14 19 4 1 1 
4.6042e+16 -674.913 1.71271e-12 4.97118e+27 0.000545599 4.28233 19622.2 2.82809e+14 20 4 1 1 
4.61834e+16 -675.186 2.12474e-12 4.97118e+27 0.00054545 4.28067 19619.9 2.82886e+14 21 4 1 1 
-1.53951e+16 -675.528 2.64866e-12 4.97118e+27 0.000545265 4.27861 19617.1 2.82982e+14 22 4 1 1 
-1.52536e+16 -675.953 3.28825e-12 4.97118e+27 0.000545037 4.27607 19613.7 2.831e+14 23 4 1 1 
-1.5112e+16 -676.463 3.95564e-12 4.97118e+27 0.000544764 4.27306 19609.6 2.83242e+14 24 4 1 0.999999 
-1.49703e+16 -677.052 4.48574e-12 4.97118e+27 0.000544456 4.26965 19605.1 2.83402e+14 25 4 1 0.999999 
-1.48286e+16 -677.689 4.73081e-12 4.97118e+27 0.000544135 4.2661 19600.4 2.83569e+14 26 4 1 0.999999 
-1.46868e+16 -678.303 4.44151e-12 4.97118e+27 0.000543836 4.2628 19596 2.83725e+14 27 4 1 0.999999 
-1.45449e+16 -678.815 3.58732e-12 4.97118e+27 0.00054361 4.26029 19592.6 2.83843e+14 28 4 1 0.999999 
-1.44029e+16 -679.043 1.20626e-12 4.97118e+27 0.000543479 4.25884 19590.7 2.83912e+14 29 5 1 1 
-1.4261e+16 -679.411 8.763e-13 4.97118e+27 0.000543603 4.26012 19592.3 2.83847e+14 30 4 1 0.999964 
-1.41191e+16 -676.914 -4.06212e-11 4.97118e+27 0.000545264 4.27826 19616 2.82982e+14 31 4 1 0.999754 
-1.3978e+16 -667.958 -9.01083e-11 4.97118e+27 0.000549879 4.32904 19682.2 2.80607e+14 32 4 1 0.99943 
-1.38385e+16 -653.413 -1.27493e-10 4.97118e+27 0.000557345 4.41159 19788.7 2.76848e+14 33 4 1 0.999192 
-1.37011e+16 -635.447 -1.46812e-10 4.97118e+27 0.000566667 4.51528 19920.5 2.72294e+14 34 4 1 0.999132 
-1.35662e+16 -616.478 -1.49389e-10 4.97118e+27 0.000576706 4.6277 20060.9 2.67554e+14 35 4 1 0.999213 
-1.34335e+16 -598.349 -1.40086e-10 4.97118e+27 0.000586542 4.73859 20197.1 2.63067e+14 36 4 1 0.999326 
-1.33031e+16 -581.833 -1.30666e-10 4.97118e+27 0.000595788 4.84346 20323.7 2.58985e+14 37 4 1 0.999384 
-1.31745e+16 -566.252 -1.2923e-10 4.97118e+27 0.000604665 4.94474 20444.2 2.55183e+14 38 4 1 0.999366 
-1.30479e+16 -550.501 -1.37677e-10 4.97118e+27 0.000613706 5.04852 20565.9 2.51423e+14 39 4 1 0.999301 
-1.29231e+16 -533.824 -1.49659e-10 4.97118e+27 0.000623327 5.15965 20694.2 2.47543e+14 40 4 1 0.999222 
-1.28003e+16 -516.063 -1.62209e-10 4.97118e+27 0.000633661 5.2798 20830.7 2.43505e+14 41 4 1 0.99916 
-1.26796e+16 -497.431 -1.71712e-10 4.97118e+27 0.000644634 5.40825 20974.3 2.3936e+14 42 4 1 0.999124 
-1.25609e+16 -478.243 -1.78772e-10 4.97118e+27 0.000656076 5.54311 21122.4 2.35186e+14 43 4 1 0.99911 
-1.24444e+16 -458.853 -1.84031e-10 4.97118e+27 0.000667841 5.68278 21273 2.31043e+14 44 4 1 0.999113 
-1.23299e+16 -439.386 -1.87539e-10 4.97118e+27 0.000679813 5.8259 21424.7 2.26974e+14 45 4 1 0.999129 
-1.22174e+16 -420.058 -1.90069e-10 4.97118e+27 0.000691899 5.97141 21576.3 2.23009e+14 46 4 1 0.999152 
-1.21068e+16 -400.872 -1.91703e-10 4.97118e+27 0.000704039 6.11861 21726.9 2.19164e+14 47 4 1 0.999177 
-1.19982e+16 -381.935 -1.93321e-10 4.97118e+27 0.000716201 6.26708 21876.2 2.15442e+14 48 4 1 0.999204 
-1.18914e+16 -363.279 -1.94349e-10 4.97118e+27 0.000728364 6.41659 22024.1 2.11845e+14 49 4 1 0.999232 
-1.17863e+16 -344.884 -1.95111e-10 4.97118e+27 0.000740505 6.56682 22170.1 2.08371e+14 50 4 1 0.999259 
-1.1683e+16 -326.779 -1.96203e-10 4.97118e+27 0.000752623 6.71775 22314.5 2.05016e+14 51 4 1 0.999287 
-1.15813e+16 -308.935 -1.96365e-10 4.97118e+27 0.000764704 6.86919 22457.1 2.01777e+14 52 4 1 0.999311 
-1.14812e+16 -291.378 -1.97578e-10 4.97118e+27 0.000776751 7.02116 22597.9 1.98648e+14 53 4 1 0.999336 
-1.13826e+16 -274.104 -1.97822e-10 4.97118e+27 0.000788766 7.17367 22737.1 1.95622e+14 54 4 1 0.99936 
-1.12856e+16 -257.08 -1.98251e-10 4.97118e+27 0.000800731 7.32647 22874.4 1.92699e+14 55 4 1 0.999382 
-1.11899e+16 -240.339 -1.98777e-10 4.97118e+27 0.000812652 7.47962 23010 1.89872e+14 56 4 1 0.999405 
-1.10957e+16 -223.838 -1.98963e-10 4.97118e+27 0.000824525 7.63306 23143.9 1.87138e+14 57 4 1 0.999426 
-1.10028e+16 -207.609 -1.9934e-10 4.97118e+27 0.000836348 7.78672 23276 1.84493e+14 58 4 1 0.999445 
-1.09112e+16 -191.637 -1.99819e-10 4.97118e+27 0.000848127 7.94068 23406.6 1.8193e+14 59 4 1 0.999465 
-1.08208e+16 -175.9 -1.99589e-10 4.97118e+27 0.00085985 8.09475 23535.4 1.7945e+14 60 4 1 0.999484 
-1.07317e+16 -160.401 -1.99911e-10 4.97118e+27 0.000871512 8.24888 23662.6 1.77049e+14 61 4 1 0.999502 
-1.06438e+16 -145.152 -1.99981e-10 4.97118e+27 0.000883122 8.40313 23788.2 1.74721e+14 62 4 1 0.99952 
-1.0557e+16 -130.137 -1.99639e-10 4.97118e+27 0.000894667 8.5573 23912.1 1.72466e+14 63 4 1 0.999536 
-1.04713e+16 -115.362 -2.00282e-10 4.97118e+27 0.000906157 8.71156 24034.4 1.7028e+14 64 4 1 0.999552 
-1.03867e+16 -100.803 -2.00141e-10 4.97118e+27 0.000917592 8.86586 24155.3 1.68158e+14 65 4 1 0.999574 
-1.03031e+16 -86.4954 -1.97226e-10 4.97118e+27 0.000928888 9.01907 24273.8 1.66113e+14 66 4 1 0.999601 
-1.02206e+16 -72.7169 -1.92053e-10 4.97118e+27 0.000939957 9.16978 24389 1.64156e+14 67 4 1 0.999602 
-1.0139e+16 -59.1836 -1.99732e-10 4.97118e+27 0.000951054 9.32154 24503.6 1.62241e+14 68 4 1 0.999568 
-1.00583e+16 -44.737 -2.2146e-10 4.97118e+27 0.000962683 9.48189 24623.4 1.60281e+14 69 4 1 0.999637 
-9.9787e+15 -30.3661 -1.91259e-10 4.97118e+27 0.000973869 9.63726 24738 1.5844e+14 70 4 1 0.999834 
-9.8999e+15 -20.6374 -9.41548e-11 4.97118e+27 0.000982111 9.75085 24820.7 1.57111e+14 71 4 1 0.999853 
-9.82159e+15 -14.5749 -1.17244e-10 4.97118e+27 0.000988899 9.84324 24887.6 1.56032e+14 72 4 1 0.999517 
-9.74386e+15 -0.620332 -3.18388e-10 4.97118e+27 0.00100068 10.0089 25007 1.54195e+14 73 4 1 0.999306 
-9.66738e+15 21.5058 -3.15383e-10 4.97118e+27 0.00101658 10.2355 25167.6 1.51783e+14 74 4 1 0.99988 
-9.59207e+15 33.0496 -5.45507e-11 4.97118e+27 0.00102632 10.3729 25263.4 1.50342e+14 75 4 1 1.00001 
-9.51704e+15 33.0492 2.2533e-11 4.97118e+27 0.00102747 10.3874 25273.4 1.50174e+14 76 3 1 1 
-9.4419e+15 30.6925 4.25322e-11 4.97118e+27 0.00102544 10.3584 25253.1 1.50472e+14 77 4 1 0.999991 
-9.36657e+15 27.5117 5.27863e-11 4.97118e+27 0.00102263 10.3186 25225.3 1.50885e+14 78 4 1 0.999979 
-9.29101e+15 23.8542 5.90639e-11 4.97118e+27 0.00101947 10.2738 25193.9 1.51353e+14 79 4 1 0.999972 
-9.21521e+15 19.9944 6.09066e-11 4.97118e+27 0.0010162 10.2276 25161.4 1.51841e+14 80 4 1 0.999969 
-9.13917e+15 16.1956 5.87113e-11 4.97118e+27 0.00101303 10.1829 25129.9 1.52316e+14 81 4 1 0.99997 
-9.0629e+15 12.6798 5.32966e-11 4.97118e+27 0.00101014 10.1421 25101.1 1.52752e+14 82 4 1 0.999975 
-8.98642e+15 9.60177 4.58323e-11 4.97118e+27 0.00100763 10.1069 25076.1 1.53131e+14 83 4 1 0.999981 
-8.90976e+15 7.03982 3.7527e-11 4.97118e+27 0.00100557 10.0779 25055.5 1.53446e+14 84 4 1 0.999987 
-8.83297e+15 5.00339 2.93878e-11 4.97118e+27 0.00100394 10.0551 25039.3 1.53695e+14 85 4 1 0.999992 
-8.75607e+15 3.45134 2.20978e-11 4.97118e+27 0.00100271 10.0378 25027 1.53883e+14 86 4 1 0.999995 
-8.67909e+15 2.31317 1.60077e-11 4.97118e+27 0.00100181 10.0253 25018 1.54022e+14 87 4 1 0.999997 
-8.60205e+15 1.50772 1.12015e-11 4.97118e+27 0.00100118 10.0164 25011.7 1.54119e+14 88 4 1 0.999999 
-8.52497e+15 0.956395 7.58744e-12 4.97118e+27 0.00100074 10.0104 25007.4 1.54185e+14 89 4 1 0.999999 
-8.44786e+15 0.590721 4.98278e-12 4.97118e+27 0.00100046 10.0064 25004.6 1.54229e+14 90 4 1 1 
-8.37074e+15 0.355393 3.17615e-12 4.97118e+27 0.00100027 10.0038 25002.7 1.54258e+14 91 4 1 1 
-8.29361e+15 0.20831 1.96668e-12 4.97118e+27 0.00100016 10.0022 25001.6 1.54275e+14 92 4 1 1 
-8.21646e+15 0.11897 1.18362e-12 4.97118e+27 0.00100009 10.0013 25000.9 1.54286e+14 93 4 1 1 
-8.13932e+15 0.0662066 6.92633e-13 4.97118e+27 0.00100005 10.0007 25000.5 1.54292e+14 94 4 1 1 
-8.06217e+15 0.0358999 3.94192e-13 4.97118e+27 0.00100003 10.0004 25000.3 1.54296e+14 95 4 1 1 
-7.98502e+15 0.0189663 2.18217e-13 4.97118e+27 0.00100001 10.0002 25000.1 1.54298e+14 96 4 1 1 
-7.90787e+15 0.00976155 1.1751e-13 4.97118e+27 0.00100001 10.0001 25000.1 1.54299e+14 97 4 1 1 
-7.83072e+15 0.00489372 6.15564e-14 4.97118e+27 0.001 10.0001 25000 1.54299e+14 98 4 1 1 
-7.75357e+15 0.00238927 3.13661e-14 4.97118e+27 0.001 10 25000 1.543e+14 99 4 1 1 
-7.67642e+15 0.0011358 1.55453e-14 4.97118e+27 0.001 10 25000 1.543e+14 100 4 1 1 
-7.59927e+15 0.000525582 7.49249e-15 4.97118e+27 0.001 10 25000 1.543e+14 101 4 1 1 
-7.52212e+15 0.000236675 3.51128e-15 4.97118e+27 0.001 10 25000 1.543e+14 102 4 1 1 
-7.44497e+15 0.000103679 1.5996e-15 4.97118e+27 0.001 10 25000 1.543e+14 103 4 1 1 
-7.36782e+15 4.41657e-05 7.08171e-16 4.97118e+27 0.001 10 25000 1.543e+14 104 4 1 1 
-7.29067e+15 1.82867e-05 3.04574e-16 4.97118e+27 0.001 10 25000 1.543e+14 105 4 1 1 
-7.21352e+15 7.35558e-06 1.27201e-16 4.97118e+27 0.001 10 25000 1.543e+14 106 4 1 1 
-7.13637e+15 2.87252e-06 5.15607e-17 4.97118e+27 0.001 10 25000 1.543e+14 107 4 1 1 
-7.05922e+15 1.08836e-06 2.0273e-17 4.97118e+27 0.001 10 25000 1.543e+14 108 4 1 1 
-6.98207e+15 3.9974e-07 7.72652e-18 4.97118e+27 0.001 10 25000 1.543e+14 109 4 1 1 
-6.90492e+15 1.42209e-07 2.85195e-18 4.97118e+27 0.001 10 25000 1.543e+14 110 4 1 1 
-6.82777e+15 4.89325e-08 1.01857e-18 4.97118e+27 0.001 10 25000 1.543e+14 111 4 1 1 
-6.75062e+15 1.62678e-08 3.51939e-19 4.97118e+27 0.001 10 25000 1.543e+14 112 4 1 1 
-6.67347e+15 5.21157e-09 1.1699e-19 4.97118e+27 0.001 10 25000 1.543e+14 113 4 1 1 
-6.59632e+15 1.60438e-09 3.75119e-20 4.97118e+27 0.001 10 25000 1.543e+14 114 4 1 1 
-6.51917e+15 4.71465e-10 1.15971e-20 4.97118e+27 0.001 10 25000 1.543e+14 115 4 1 1 
-6.44202e+15 1.44948e-10 3.68764e-21 4.97118e+27 0.001 10 25000 1.543e+14 116 4 1 1 
-6.36487e+15 3.04508e-11 7.42317e-22 4.97118e+27 0.001 10 25000 1.543e+14 117 4 1 1 
-6.28772e+15 5.37406e-12 3.92341e-22 4.97118e+27 0.001 10 25000 1.543e+14 118 4 1 1 
-6.21057e+15 -1.04361e-13 -1.47358e-23 4.97118e+27 0.001 10 25000 1.543e+14 119 5 1 1 
-6.13342e+15 -1.20685e-29 -1.27813e-39 4.97118e+27 0.001 10 25000 1.543e+14 120 5 1 1 
-6.05627e+15 0 0 4.97118e+27 0.001 10 25000 1.543e+14 121 5 1 1 
-5.97912e+15 0 0 4.97118e+27 0.001 10 25000 1.543e+14 122 5 1 1 
-5.90197e+15 0 0 4.97118e+27 0.001 10 25000 1.543e+14 123 5 1 1 
-5.82482e+15 0 0 4.97118e+27 0.001 10 25000 1.543e+14 124 5 1 1 
-5.74767e+15 0 0 4.97118e+27 0.001 10 25000 1.543e+14 125 5 1 1 
-5.67052e+15 0 0 4.97118e+27 0.001 10 25000 1.543e+14 126 5 1 1 
-5.59337e+15 0 0 4.97118e+27 0.001 10 25000 1.543e+14 127 5 1 1 
-5.51622e+15 0 0 4.97118e+27 0.001 10 25000 1.543e+14 128 5 1 1 
-5.43907e+15 0 0 4.97118e+27 0.001 10 25000 1.543e+14 129 5 1 1 
-5.36192e+15 0 0 4.97118e+27 0.001 10 25000 1.543e+14 130 5 1 1 
-5.28477e+15 0 0 4.97118e+27 0.001 10 25000 1.543e+14 131 5 1 1 
-5.20762e+15 0 0 4.97118e+27 0.001 10 25000 1.543e+14 132 5 1 1 
-5.13047e+15 0 0 4.97118e+27 0.001 10 25000 1.543e+14 133 5 1 1 
-5.05332e+15 0 0 4.97118e+27 0.001 10 25000 1.543e+14 134 5 1 1 
-4.97617e+15 0 0 4.97118e+27 0.001 10 25000 1.543e+14 135 5 1 1 
-4.89902e+15 0 0 4.97118e+27 0.001 10 25000 1.543e+14 136 5 1 1 
-4.82187e+15 0 0 4.97118e+27 0.001 10 25000 1.543e+14 137 5 1 1 
-4.74472e+15 0 0 4.97118e+27 0.001 10 25000 1.543e+14 138 5 1 1 
-4.66757e+15 0 0 4.97118e+27 0.001 10 25000 1.543e+14 139 5 1 1 
-4.59042e+15 0 0 4.97118e+27 0.001 10 25000 1.543e+14 140 5 1 1 
-4.51327e+15 0 0 4.97118e+27 0.001 10 25000 1.543e+14 141 5 1 1 
-4.43612e+15 0 0 4.97118e+27 0.001 10 25000 1.543e+14 142 5 1 1 
-4.35897e+15 0 0 4.97118e+27 0.001 10 25000 1.543e+14 143 5 1 1 
-4.28182e+15 0 0 4.97118e+27 0.001 10 25000 1.543e+14 144 5 1 1 
-4.20467e+15 0 0 4.97118e+27 0.001 10 25000 1.543e+14 145 5 1 1 
-4.12752e+15 0 0 4.97118e+27 0.001 10 25000 1.543e+14 146 5 1 1 
-4.05037e+15 0 0 4.97118e+27 0.001 10 25000 1.543e+14 147 5 1 1 
-3.97322e+15 0 0 4.97118e+27 0.001 10 25000 1.543e+14 148 5 1 1 
-3.89607e+15 0 0 4.97118e+27 0.001 10 25000 1.543e+14 149 5 1 1 
-3.81892e+15 0 0 4.97118e+27 0.001 10 25000 1.543e+14 150 5 1 1 
-3.74177e+15 0 0 4.97118e+27 0.001 10 25000 1.543e+14 151 5 1 1 
-3.66462e+15 0 0 4.97118e+27 0.001 10 25000 1.543e+14 152 5 1 1 
-3.58747e+15 0 0 4.97118e+27 0.001 10 25000 1.543e+14 153 5 1 1 
-3.51032e+15 0 0 4.97118e+27 0.001 10 25000 1.543e+14 154 5 1 1 
-3.43317e+15 0 0 4.97118e+27 0.001 10 25000 1.543e+14 155 5 1 1 
-3.35602e+15 0 0 4.97118e+27 0.001 10 25000 1.543e+14 156 5 1 1 
-3.27887e+15 0 0 4.97118e+27 0.001 10 25000 1.543e+14 157 5 1 1 
-3.20172e+15 0 0 4.97118e+27 0.001 10 25000 1.543e+14 158 5 1 1 
-3.12457e+15 0 0 4.97118e+27 0.001 10 25000 1.543e+14 159 5 1 1 
-3.04742e+15 0 0 4.97118e+27 0.001 10 25000 1.543e+14 160 5 1 1 
-2.97027e+15 0 0 4.97118e+27 0.001 10 25000 1.543e+14 161 5 1 1 
-2.89312e+15 0 0 4.97118e+27 0.001 10 25000 1.543e+14 162 5 1 1 
-2.81597e+15 0 0 4.97118e+27 0.001 10 25000 1.543e+14 163 5 1 1 
-2.73882e+15 0 0 4.97118e+27 0.001 10 25000 1.543e+14 164 5 1 1 
-2.66167e+15 0 0 4.97118e+27 0.001 10 25000 1.543e+14 165 5 1 1 
-2.58452e+15 0 0 4.97118e+27 0.001 10 25000 1.543e+14 166 5 1 1 
-2.50737e+15 0 0 4.97118e+27 0.001 10 25000 1.543e+14 167 5 1 1 
-2.43022e+15 0 0 4.97118e+27 0.001 10 25000 1.543e+14 168 5 1 1 
-2.35307e+15 0 0 4.97118e+27 0.001 10 25000 1.543e+14 169 5 1 1 
-2.27592e+15 0 0 4.97118e+27 0.001 10 25000 1.543e+14 170 5 1 1 
-2.19877e+15 0 0 4.97118e+27 0.001 10 25000 1.543e+14 171 5 1 1 
-2.12162e+15 0 0 4.97118e+27 0.001 10 25000 1.543e+14 172 5 1 1 
-2.04447e+15 -1.26798e-43 -3.63266e-55 4.97118e+27 0.001 10 25000 1.543e+14 173 5 1 1 
-1.96732e+15 -1.04199e-13 -3.63266e-55 4.97118e+27 0.001 10 25000 1.543e+14 174 5 1 1 
-1.89017e+15 -2.42604e-13 0 4.97118e+27 0.001 10 25000 1.543e+14 175 5 1 1 
-1.81302e+15 -3.80393e-13 0 4.97118e+27 0.001 10 25000 1.543e+14 176 5 1 1 
-1.73587e+15 -5.00054e-13 -1.84198e-24 4.97118e+27 0.001 10 25000 1.543e+14 177 5 1 1 
-1.65872e+15 -6.36209e-13 1.84198e-24 4.97118e+27 0.001 10 25000 1.543e+14 178 5 1 1 
-1.58157e+15 -7.88258e-13 0 4.97118e+27 0.001 10 25000 1.543e+14 179 5 1 1 
-1.50442e+15 -9.5614e-13 0 4.97118e+27 0.001 10 25000 1.543e+14 180 5 1 1 
-1.42727e+15 -1.12228e-12 0 4.97118e+27 0.001 10 25000 1.543e+14 181 5 1 1 
-1.35012e+15 -1.28541e-12 -3.63266e-55 4.97118e+27 0.001 10 25000 1.543e+14 182 5 1 1 
-1.27297e+15 -1.44403e-12 -3.63266e-55 4.97118e+27 0.001 10 25000 1.543e+14 183 5 1 1 
-1.19582e+15 -1.97495e-12 1.27813e-39 4.97118e+27 0.001 10 25000 1.543e+14 184 5 1 1 
-1.11867e+15 9.52097e-13 -1.25257e-37 4.97118e+27 0.001 10 25000 1.543e+14 185 5 1 1 
-1.04152e+15 -3.67117e-12 -1.23978e-37 4.97118e+27 0.001 10 25000 1.543e+14 186 4 1 1 
-9.64375e+14 -1.0229e-13 1.1631e-37 4.97118e+27 0.001 10 25000 1.543e+14 187 3 1 1 
-8.87225e+14 -1.72152e-12 9.93745e-38 4.97118e+27 0.001 10 25000 1.543e+14 188 4 1 1 
-8.10075e+14 -1.92292e-12 8.62737e-39 4.97118e+27 0.001 10 25000 1.543e+14 189 4 1 1 
-7.32925e+14 -1.50419e-12 7.36791e-24 4.97118e+27 0.001 10 25000 1.543e+14 190 5 1 1 
-6.55775e+14 -2.84463e-12 -3.31556e-23 4.97118e+27 0.001 10 25000 1.543e+14 191 5 1 1 
-5.78625e+14 -2.68211e-12 4.05235e-23 4.97118e+27 0.001 10 25000 1.543e+14 192 4 1 1 
-5.01475e+14 -6.86912e-13 -7.36791e-24 4.97118e+27 0.001 10 25000 1.543e+14 193 5 1 1 
-4.24325e+14 -1.43582e-12 -1.47358e-23 4.97118e+27 0.001 10 25000 1.543e+14 194 4 1 1 
-3.47175e+14 -7.54022e-13 7.9883e-39 4.97118e+27 0.001 10 25000 1.543e+14 195 3 1 1 
-2.70025e+14 -1.17463e-12 8.62737e-39 4.97118e+27 0.001 10 25000 1.543e+14 196 3 1 1 
-1.92875e+14 1.67042e-13 1.84198e-24 4.97118e+27 0.001 10 25000 1.543e+14 197 3 1 1 
-1.15725e+14 -1.37729e-13 7.26532e-55 4.97118e+27 0.001 10 25000 1.543e+14 198 4 1 1 
-3.8575e+13 -1.89781e-13 -1.84198e-24 4.97118e+27 0.001 10 25000 1.543e+14 199 4 1 1 
3.8575e+13 -4.09803e-13 1.10519e-23 4.97118e+27 0.001 10 25000 1.543e+14 200 5 1 1 
1.15725e+14 -2.62408e-13 -7.36791e-24 4.97118e+27 0.001 10 25000 1.543e+14 201 4 1 1 
1.92875e+14 -8.71845e-13 -1.10519e-23 4.97118e+27 0.001 10 25000 1.543e+14 202 3 1 1 
2.70025e+14 -1.26886e-12 2.21037e-23 4.97118e+27 0.001 10 25000 1.543e+14 203 4 1 1 
3.47175e+14 2.03824e-13 -1.10519e-23 4.97118e+27 0.001 10 25000 1.543e+14 204 4 1 1 
4.24325e+14 9.70714e-13 2.57877e-23 4.97118e+27 0.001 10 25000 1.543e+14 205 4 1 1 
5.01475e+14 2.58009e-12 -5.52593e-23 4.97118e+27 0.001 10 25000 1.543e+14 206 5 1 1 
5.78625e+14 -1.22723e-13 3.68395e-23 4.97118e+27 0.001 10 25000 1.543e+14 207 4 1 1 
6.55775e+14 1.17223e-12 1.84198e-24 4.97118e+27 0.001 10 25000 1.543e+14 208 5 1 1 
7.32925e+14 2.41133e-12 1.84198e-24 4.97118e+27 0.001 10 25000 1.543e+14 209 5 1 1 
8.10075e+14 1.03638e-12 -3.68395e-24 4.97118e+27 0.001 10 25000 1.543e+14 210 4 1 1 
8.87225e+14 4.66977e-13 2.03429e-53 4.97118e+27 0.001 10 25000 1.543e+14 211 3 1 1 
9.64375e+14 2.42886e-12 -3.68395e-24 4.97118e+27 0.001 10 25000 1.543e+14 212 4 1 1 
1.04153e+15 1.52003e-12 1.78938e-38 4.97118e+27 0.001 10 25000 1.543e+14 213 5 1 1 
1.11868e+15 2.09434e-12 -1.27813e-39 4.97118e+27 0.001 10 25000 1.543e+14 214 5 1 1 
1.19583e+15 1.67134e-12 -7.26532e-55 4.97118e+27 0.001 10 25000 1.543e+14 215 5 1 1 
1.27298e+15 1.23816e-12 1.27813e-39 4.97118e+27 0.001 10 25000 1.543e+14 216 5 1 1 
1.35013e+15 1.18272e-12 -1.10519e-23 4.97118e+27 0.001 10 25000 1.543e+14 217 5 1 1 
1.42728e+15 4.30296e-13 1.84198e-23 4.97118e+27 0.001 10 25000 1.543e+14 218 4 1 1 
1.50443e+15 4.92143e-12 -9.57828e-23 4.97118e+27 0.001 10 25000 1.543e+14 219 3 1 1 
1.58158e+15 2.98126e-12 8.84149e-23 4.97118e+27 0.001 10 25000 1.543e+14 220 3 1 1 
1.65873e+15 1.08954e-12 -5.52593e-24 4.97118e+27 0.001 10 25000 1.543e+14 221 5 1 1 
1.73588e+15 6.56983e-13 3.68395e-24 4.97118e+27 0.001 10 25000 1.543e+14 222 5 1 1 
1.81303e+15 4.67246e-13 1.84198e-24 4.97118e+27 0.001 10 25000 1.543e+14 223 5 1 1 
1.89018e+15 3.29298e-13 -1.84198e-24 4.97118e+27 0.001 10 25000 1.543e+14 224 5 1 1 
1.96733e+15 1.90975e-13 1.84198e-24 4.97118e+27 0.001 10 25000 1.543e+14 225 5 1 1 
2.04448e+15 3.4759e-14 3.63266e-55 4.97118e+27 0.001 10 25000 1.543e+14 226 5 1 1 
2.12163e+15 1.37111e-44 0 4.97118e+27 0.001 10 25000 1.543e+14 227 5 1 1 
2.19878e+15 0 0 4.97118e+27 0.001 10 25000 1.543e+14 228 5 1 1 
2.27593e+15 0 0 4.97118e+27 0.001 10 25000 1.543e+14 229 5 1 1 
2.35308e+15 0 0 4.97118e+27 0.001 10 25000 1.543e+14 230 5 1 1 
2.43023e+15 0 0 4.97118e+27 0.001 10 25000 1.543e+14 231 5 1 1 
2.50738e+15 0 0 4.97118e+27 0.001 10 25000 1.543e+14 232 5 1 1 
2.58453e+15 0 0 4.97118e+27 0.001 10 25000 1.543e+14 233 5 1 1 
2.66168e+15 0 0 4.97118e+27 0.001 10 25000 1.543e+14 234 5 1 1 
2.73883e+15 0 0 4.97118e+27 0.001 10 25000 1.543e+14 235 5 1 1 
2.81598e+15 0 0 4.97118e+27 0.001 10 25000 1.543e+14 236 5 1 1 
2.89313e+15 -1.29271e-42 -3.63266e-55 4.97118e+27 0.001 10 25000 1.543e+14 237 5 1 1 
2.97028e+15 -1.69188e-13 0 4.97118e+27 0.001 10 25000 1.543e+14 238 5 1 1 
3.04743e+15 -3.37357e-13 3.63266e-55 4.97118e+27 0.001 10 25000 1.543e+14 239 5 1 1 
3.12458e+15 1.58941e-12 0 4.97118e+27 0.001 10 25000 1.543e+14 240 5 1 1 
3.20173e+15 1.42405e-12 1.81633e-54 4.97118e+27 0.001 10 25000 1.543e+14 241 5 1 1 
3.27888e+15 2.66522e-12 -5.08572e-54 4.97118e+27 0.001 10 25000 1.543e+14 242 5 1 1 
3.35603e+15 1.00312e-12 2.54286e-54 4.97118e+27 0.001 10 25000 1.543e+14 243 5 1 1 
3.43318e+15 8.77587e-13 -1.84198e-24 4.97118e+27 0.001 10 25000 1.543e+14 244 5 1 1 
3.51033e+15 -1.28463e-12 1.0898e-53 4.97118e+27 0.001 10 25000 1.543e+14 245 5 1 1 
3.58748e+15 2.67011e-12 -1.19878e-53 4.97118e+27 0.001 10 25000 1.543e+14 246 5 1 1 
3.66463e+15 -1.03312e-13 1.27813e-39 4.97118e+27 0.001 10 25000 1.543e+14 247 5 1 1 
3.74178e+15 -2.09243e-14 -2.31661e-37 4.97118e+27 0.001 10 25000 1.543e+14 248 5 1 1 
3.81893e+15 -3.1251e-12 -2.32939e-37 4.97118e+27 0.001 10 25000 1.543e+14 249 4 1 1 
3.89608e+15 3.1251e-12 2.32939e-37 4.97118e+27 0.001 10 25000 1.543e+14 250 4 1 1 
3.97323e+15 2.09243e-14 2.31661e-37 4.97118e+27 0.001 10 25000 1.543e+14 251 5 1 1 
4.05038e+15 1.03312e-13 -1.27813e-39 4.97118e+27 0.001 10 25000 1.543e+14 252 5 1 1 
4.12753e+15 -2.67011e-12 1.19878e-53 4.97118e+27 0.001 10 25000 1.543e+14 253 5 1 1 
4.20468e+15 1.28463e-12 -1.0898e-53 4.97118e+27 0.001 10 25000 1.543e+14 254 5 1 1 
4.28183e+15 -8.77587e-13 1.84198e-24 4.97118e+27 0.001 10 25000 1.543e+14 255 5 1 1 
4.35898e+15 -1.00312e-12 -2.54286e-54 4.97118e+27 0.001 10 25000 1.543e+14 256 5 1 1 
4.43613e+15 -2.66522e-12 5.08572e-54 4.97118e+27 0.001 10 25000 1.543e+14 257 5 1 1 
4.51328e+15 -1.42405e-12 -1.81633e-54 4.97118e+27 0.001 10 25000 1.543e+14 258 5 1 1 
4.59043e+15 -1.58941e-12 0 4.97118e+27 0.001 10 25000 1.543e+14 259 5 1 1 
4.66758e+15 3.37357e-13 -3.63266e-55 4.97118e+27 0.001 10 25000 1.543e+14 260 5 1 1 
4.74473e+15 1.69188e-13 0 4.97118e+27 0.001 10 25000 1.543e+14 261 5 1 1 
4.82188e+15 1.29271e-42 3.63266e-55 4.97118e+27 0.001 10 25000 1.543e+14 262 5 1 1 
4.89903e+15 0 0 4.97118e+27 0.001 10 25000 1.543e+14 263 5 1 1 
4.97618e+15 0 0 4.97118e+27 0.001 10 25000 1.543e+14 264 5 1 1 
5.05333e+15 0 0 4.97118e+27 0.001 10 25000 1.543e+14 265 5 1 1 
5.13048e+15 0 0 4.97118e+27 0.001 10 25000 1.543e+14 266 5 1 1 
5.20763e+15 0 0 4.97118e+27 0.001 10 25000 1.543e+14 267 5 1 1 
5.28478e+15 0 0 4.97118e+27 0.001 10 25000 1.543e+14 268 5 1 1 
5.36193e+15 0 0 4.97118e+27 0.001 10 25000 1.543e+14 269 5 1 1 
5.43908e+15 0 0 4.97118e+27 0.001 10 25000 1.543e+14 270 5 1 1 
5.51623e+15 0 0 4.97118e+27 0.001 10 25000 1.543e+14 271 5 1 1 
5.59338e+15 0 0 4.97118e+27 0.001 10 25000 1.543e+14 272 5 1 1 
5.67053e+15 0 0 4.97118e+27 0.001 10 25000 1.543e+14 273 5 1 1 
5.74768e+15 0 0 4.97118e+27 0.001 10 25000 1.543e+14 274 5 1 1 
5.82483e+15 0 0 4.97118e+27 0.001 10 25000 1.543e+14 275 5 1 1 
5.90198e+15 0 0 4.97118e+27 0.001 10 25000 1.543e+14 276 5 1 1 
5.97913e+15 0 0 4.97118e+27 0.001 10 25000 1.543e+14 277 5 1 1 
6.05628e+15 0 0 4.97118e+27 0.001 10 25000 1.543e+14 278 5 1 1 
6.13343e+15 -4.1154e-44 -3.63266e-54 4.97118e+27 0.001 10 25000 1.543e+14 279 5 1 1 
6.21058e+15 -2.08676e-13 -1.84198e-23 4.97118e+27 0.001 10 25000 1.543e+14 280 5 1 1 
6.28773e+15 -1.77305e-12 -9.20989e-23 4.97118e+27 0.001 10 25000 1.543e+14 281 5 1 1 
6.36488e+15 -3.31616e-11 -1.21018e-21 4.97118e+27 0.001 10 25000 1.543e+14 282 4 1 1 
6.44203e+15 -1.31084e-10 -3.38371e-21 4.97118e+27 0.001 10 25000 1.543e+14 283 4 1 1 
6.51918e+15 -4.79076e-10 -1.16966e-20 4.97118e+27 0.001 10 25000 1.543e+14 284 4 1 1 
6.59632e+15 -1.60007e-09 -3.723e-20 4.97118e+27 0.001 10 25000 1.543e+14 285 4 1 1 
6.67347e+15 -5.21386e-09 -1.17492e-19 4.97118e+27 0.001 10 25000 1.543e+14 286 4 1 1 
6.75062e+15 -1.62626e-08 -3.51689e-19 4.97118e+27 0.001 10 25000 1.543e+14 287 4 1 1 
6.82777e+15 -4.89321e-08 -1.0185e-18 4.97118e+27 0.001 10 25000 1.543e+14 288 4 1 1 
6.90492e+15 -1.42197e-07 -2.85231e-18 4.97118e+27 0.001 10 25000 1.543e+14 289 4 1 1 
6.98207e+15 -3.99744e-07 -7.72624e-18 4.97118e+27 0.001 10 25000 1.543e+14 290 4 1 1 
7.05922e+15 -1.08836e-06 -2.02731e-17 4.97118e+27 0.001 10 25000 1.543e+14 291 4 1 1 
7.13637e+15 -2.87252e-06 -5.15607e-17 4.97118e+27 0.001 10 25000 1.543e+14 292 4 1 1 
7.21352e+15 -7.35559e-06 -1.27201e-16 4.97118e+27 0.001 10 25000 1.543e+14 293 4 1 1 
7.29067e+15 -1.82867e-05 -3.04574e-16 4.97118e+27 0.001 10 25000 1.543e+14 294 4 1 1 
7.36782e+15 -4.41657e-05 -7.08171e-16 4.97118e+27 0.001 10 25000 1.543e+14 295 4 1 1 
7.44497e+15 -0.000103679 -1.5996e-15 4.97118e+27 0.001 10 25000 1.543e+14 296 4 1 1 
7.52212e+15 -0.000236675 -3.51128e-15 4.97118e+27 0.001 10 25000 1.543e+14 297 4 1 1 
7.59927e+15 -0.000525582 -7.49249e-15 4.97118e+27 0.001 10 25000 1.543e+14 298 4 1 1 
7.67642e+15 -0.0011358 -1.55453e-14 4.97118e+27 0.001 10 25000 1.543e+14 299 4 1 1 
7.75357e+15 -0.00238927 -3.13661e-14 4.97118e+27 0.001 10 25000 1.543e+14 300 4 1 1 
7.83072e+15 -0.00489372 -6.15564e-14 4.97118e+27 0.001 10.0001 25000 1.54299e+14 301 4 1 1 
7.90787e+15 -0.00976155 -1.1751e-13 4.97118e+27 0.00100001 10.0001 25000.1 1.54299e+14 302 4 1 1 
7.98502e+15 -0.0189663 -2.18217e-13 4.97118e+27 0.00100001 10.0002 25000.1 1.54298e+14 303 4 1 1 
8.06217e+15 -0.0358999 -3.94192e-13 4.97118e+27 0.00100003 10.0004 25000.3 1.54296e+14 304 4 1 1 
8.13932e+15 -0.0662066 -6.92633e-13 4.97118e+27 0.00100005 10.0007 25000.5 1.54292e+14 305 4 1 1 
8.21646e+15 -0.11897 -1.18362e-12 4.97118e+27 0.00100009 10.0013 25000.9 1.54286e+14 306 4 1 1 
8.29361e+15 -0.20831 -1.96668e-12 4.97118e+27 0.00100016 10.0022 25001.6 1.54275e+14 307 4 1 1 
8.37074e+15 -0.355393 -3.17615e-12 4.97118e+27 0.00100027 10.0038 25002.7 1.54258e+14 308 4 1 1 
8.44786e+15 -0.590721 -4.98278e-12 4.97118e+27 0.00100046 10.0064 25004.6 1.54229e+14 309 4 1 1 
8.52497e+15 -0.956395 -7.58744e-12 4.97118e+27 0.00100074 10.0104 25007.4 1.54185e+14 310 4 1 0.999999 
8.60205e+15 -1.50772 -1.12015e-11 4.97118e+27 0.00100118 10.0164 25011.7 1.54119e+14 311 4 1 0.999999 
8.67909e+15 -2.31317 -1.60077e-11 4.97118e+27 0.00100181 10.0253 25018 1.54022e+14 312 4 1 0.999997 
8.75607e+15 -3.45134 -2.20978e-11 4.97118e+27 0.00100271 10.0378 25027 1.53883e+14 313 4 1 0.999995 
8.83297e+15 -5.00339 -2.93878e-11 4.97118e+27 0.00100394 10.0551 25039.3 1.53695e+14 314 4 1 0.999992 
8.90976e+15 -7.03982 -3.7527e-11 4.97118e+27 0.00100557 10.0779 25055.5 1.53446e+14 315 4 1 0.999987 
8.98642e+15 -9.60177 -4.58323e-11 4.97118e+27 0.00100763 10.1069 25076.1 1.53131e+14 316 4 1 0.999981 
9.0629e+15 -12.6798 -5.32966e-11 4.97118e+27 0.00101014 10.1421 25101.1 1.52752e+14 317 4 1 0.999975 
9.13917e+15 -16.1956 -5.87113e-11 4.97118e+27 0.00101303 10.1829 25129.9 1.52316e+14 318 4 1 0.99997 
9.21521e+15 -19.9944 -6.09066e-11 4.97118e+27 0.0010162 10.2276 25161.4 1.51841e+14 319 4 1 0.999969 
9.29101e+15 -23.8542 -5.90639e-11 4.97118e+27 0.00101947 10.2738 25193.9 1.51353e+14 320 4 1 0.999972 
9.36657e+15 -27.5117 -5.27863e-11 4.97118e+27 0.00102263 10.3186 25225.3 1.50885e+14 321 4 1 0.999979 
9.4419e+15 -30.6925 -4.25322e-11 4.97118e+27 0.00102544 10.3584 25253.1 1.50472e+14 322 4 1 0.999991 
9.51704e+15 -33.0492 -2.2533e-11 4.97118e+27 0.00102747 10.3874 25273.4 1.50174e+14 323 3 1 1 
9.59207e+15 -33.0496 5.45507e-11 4.97118e+27 0.00102632 10.3729 25263.4 1.50342e+14 324 4 1 1.00001 
9.66738e+15 -21.5058 3.15383e-10 4.97118e+27 0.00101658 10.2355 25167.6 1.51783e+14 325 4 1 0.99988 
9.74386e+15 0.620332 3.18388e-10 4.97118e+27 0.00100068 10.0089 25007 1.54195e+14 326 4 1 0.999306 
9.82159e+15 14.5749 1.17244e-10 4.97118e+27 0.000988899 9.84324 24887.6 1.56032e+14 327 4 1 0.999517 
9.8999e+15 20.6374 9.41548e-11 4.97118e+27 0.000982111 9.75085 24820.7 1.57111e+14 328 4 1 0.999853 
9.9787e+15 30.3661 1.91259e-10 4.97118e+27 0.000973869 9.63726 24738 1.5844e+14 329 4 1 0.999834 
1.00583e+16 44.737 2.2146e-10 4.97118e+27 0.000962683 9.48189 24623.4 1.60281e+14 330 4 1 0.999637 
1.0139e+16 59.1836 1.99732e-10 4.97118e+27 0.000951054 9.32154 24503.6 1.62241e+14 331 4 1 0.999568 
1.02206e+16 72.7169 1.92053e-10 4.97118e+27 0.000939957 9.16978 24389 1.64156e+14 332 4 1 0.999602 
1.03031e+16 86.4954 1.97226e-10 4.97118e+27 0.000928888 9.01907 24273.8 1.66113e+14 333 4 1 0.999601 
1.03867e+16 100.803 2.00141e-10 4.97118e+27 0.000917592 8.86586 24155.3 1.68158e+14 334 4 1 0.999574 
1.04713e+16 115.362 2.00282e-10 4.97118e+27 0.000906157 8.71156 24034.4 1.7028e+14 335 4 1 0.999552 
1.0557e+16 130.137 1.99639e-10 4.97118e+27 0.000894667 8.5573 23912.1 1.72466e+14 336 4 1 0.999536 
1.06438e+16 145.152 1.99981e-10 4.97118e+27 0.000883122 8.40313 23788.2 1.74721e+14 337 4 1 0.99952 
1.07317e+16 160.401 1.99911e-10 4.97118e+27 0.000871512 8.24888 23662.6 1.77049e+14 338 4 1 0.999502 
1.08208e+16 175.9 1.99589e-10 4.97118e+27 0.00085985 8.09475 23535.4 1.7945e+14 339 4 1 0.999484 
1.09112e+16 191.637 1.99819e-10 4.97118e+27 0.000848127 7.94068 23406.6 1.8193e+14 340 4 1 0.999465 
1.10028e+16 207.609 1.9934e-10 4.97118e+27 0.000836348 7.78672 23276 1.84493e+14 341 4 1 0.999445 
1.10957e+16 223.838 1.98963e-10 4.97118e+27 0.000824525 7.63306 23143.9 1.87138e+14 342 4 1 0.999426 
1.11899e+16 240.339 1.98777e-10 4.97118e+27 0.000812652 7.47962 23010 1.89872e+14 343 4 1 0.999405 
1.12856e+16 257.08 1.98251e-10 4.97118e+27 0.000800731 7.32647 22874.4 1.92699e+14 344 4 1 0.999382 
1.13826e+16 274.104 1.97822e-10 4.97118e+27 0.000788766 7.17367 22737.1 1.95622e+14 345 4 1 0.99936 
1.14812e+16 291.378 1.97578e-10 4.97118e+27 0.000776751 7.02116 22597.9 1.98648e+14 346 4 1 0.999336 
1.15813e+16 308.935 1.96365e-10 4.97118e+27 0.000764704 6.86919 22457.1 2.01777e+14 347 4 1 0.999311 
1.1683e+16 326.779 1.96203e-10 4.97118e+27 0.000752623 6.71775 22314.5 2.05016e+14 348 4 1 0.999287 
1.17863e+16 344.884 1.95111e-10 4.97118e+27 0.000740505 6.56682 22170.1 2.08371e+14 349 4 1 0.999259 
1.18914e+16 363.279 1.94349e-10 4.97118e+27 0.000728364 6.41659 22024.1 2.11845e+14 350 4 1 0.999232 
1.19982e+16 381.935 1.93321e-10 4.97118e+27 0.000716201 6.26708 21876.2 2.15442e+14 351 4 1 0.999204 
1.21068e+16 400.872 1.91703e-10 4.97118e+27 0.000704039 6.11861 21726.9 2.19164e+14 352 4 1 0.999177 
1.22174e+16 420.058 1.90069e-10 4.97118e+27 0.000691899 5.97141 21576.3 2.23009e+14 353 4 1 0.999152 
1.23299e+16 439.386 1.87539e-10 4.97118e+27 0.000679813 5.8259 21424.7 2.26974e+14 354 4 1 0.999129 
1.24444e+16 458.853 1.84031e-10 4.97118e+27 0.000667841 5.68278 21273 2.31043e+14 355 4 1 0.999113 
1.25609e+16 478.243 1.78772e-10 4.97118e+27 0.000656076 5.54311 21122.4 2.35186e+14 356 4 1 0.99911 
1.26796e+16 497.431 1.71712e-10 4.97118e+27 0.000644634 5.40825 20974.3 2.3936e+14 357 4 1 0.999124 
1.28003e+16 516.063 1.62209e-10 4.97118e+27 0.000633661 5.2798 20830.7 2.43505e+14 358 4 1 0.99916 
1.29231e+16 533.824 1.49659e-10 4.97118e+27 0.000623327 5.15965 20694.2 2.47543e+14 359 4 1 0.999222 
1.30479e+16 550.501 1.37677e-10 4.97118e+27 0.000613706 5.04852 20565.9 2.51423e+14 360 4 1 0.999301 
1.31745e+16 566.252 1.2923e-10 4.97118e+27 0.000604665 4.94474 20444.2 2.55183e+14 361 4 1 0.999366 
1.33031e+16 581.833 1.30666e-10 4.97118e+27 0.000595788 4.84346 20323.7 2.58985e+14 362 4 1 0.999384 
1.34335e+16 598.349 1.40086e-10 4.97118e+27 0.000586542 4.73859 20197.1 2.63067e+14 363 4 1 0.999326 
1.35662e+16 616.478 1.49389e-10 4.97118e+27 0.000576706 4.6277 20060.9 2.67554e+14 364 4 1 0.999213 
1.37011e+16 635.447 1.46812e-10 4.97118e+27 0.000566667 4.51528 19920.5 2.72294e+14 365 4 1 0.999132 
1.38385e+16 653.413 1.27493e-10 4.97118e+27 0.000557345 4.41159 19788.7 2.76848e+14 366 4 1 0.999192 
1.3978e+16 667.958 9.01083e-11 4.97118e+27 0.000549879 4.32904 19682.2 2.80607e+14 367 4 1 0.99943 
1.41191e+16 676.914 4.06212e-11 4.97118e+27 0.000545264 4.27826 19616 2.82982e+14 368 4 1 0.999754 
1.4261e+16 679.411 -8.763e-13 4.97118e+27 0.000543603 4.26012 19592.3 2.83847e+14 369 4 1 0.999964 
1.44029e+16 679.043 -1.20626e-12 4.97118e+27 0.000543479 4.25884 19590.7 2.83912e+14 370 5 1 1 
1.45449e+16 678.815 -3.58732e-12 4.97118e+27 0.00054361 4.26029 19592.6 2.83843e+14 371 4 1 0.999999 
1.46868e+16 678.303 -4.44151e-12 4.97118e+27 0.000543836 4.2628 19596 2.83725e+14 372 4 1 0.999999 
1.48286e+16 677.689 -4.73081e-12 4.97118e+27 0.000544135 4.2661 19600.4 2.83569e+14 373 4 1 0.999999 
1.49703e+16 677.052 -4.48574e-12 4.97118e+27 0.000544456 4.26965 19605.1 2.83402e+14 374 4 1 0.999999 
1.5112e+16 676.463 -3.95564e-12 4.97118e+27 0.000544764 4.27306 19609.6 2.83242e+14 375 4 1 0.999999 
1.52536e+16 675.953 -3.28825e-12 4.97118e+27 0.000545037 4.27607 19613.7 2.831e+14 376 4 1 1 
1.53951e+16 675.528 -2.64866e-12 4.97118e+27 0.000545265 4.27861 19617.1 2.82982e+14 377 4 1 1 
1.55366e+16 675.186 -2.12474e-12 4.97118e+27 0.00054545 4.28067 19619.9 2.82886e+14 378 4 1 1 
1.5678e+16 674.913 -1.71271e-12 4.97118e+27 0.000545599 4.28233 19622.2 2.82809e+14 379 4 1 1 
1.58194e+16 674.693 -1.39489e-12 4.97118e+27 0.000545717 4.28367 19624 2.82747e+14 380 4 1 1 
1.59607e+16 674.512 -1.16236e-12 4.97118e+27 0.000545813 4.28476 19625.6 2.82698e+14 381 4 1 1 
1.61021e+16 674.36 -9.94589e-13 4.97118e+27 0.000545891 4.28567 19626.9 2.82657e+14 382 4 1 1 
1.62434e+16 674.229 -8.6647e-13 4.97118e+27 0.000545957 4.28644 19628.1 2.82623e+14 383 4 1 1 
1.63847e+16 674.114 -7.63908e-13 4.97118e+27 0.000546013 4.28712 19629.2 2.82594e+14 384 4 1 1 
1.6526e+16 674.011 -6.79792e-13 4.97118e+27 0.000546062 4.28771 19630.2 2.82569e+14 385 4 1 1 
1.66673e+16 673.92 -6.07336e-13 4.97118e+27 0.000546103 4.28824 19631.1 2.82547e+14 386 4 1 1 
1.68085e+16 673.839 -5.41949e-13 4.97118e+27 0.000546138 4.2887 19632 2.82529e+14 387 4 1 1 
1.69498e+16 673.766 -4.82328e-13 4.97118e+27 0.000546168 4.28912 19632.8 2.82514e+14 388 4 1 1 
1.7091e+16 673.7 -4.28366e-13 4.97118e+27 0.000546191 4.28949 19633.7 2.82502e+14 389 4 1 1 
1.72323e+16 673.642 -3.80277e-13 4.97118e+27 0.000546209 4.28983 19634.5 2.82493e+14 390 4 1 1 
1.73735e+16 673.589 -3.38341e-13 4.97118e+27 0.000546222 4.29012 19635.4 2.82486e+14 391 4 1 1 
1.75148e+16 673.542 -3.02005e-13 4.97118e+27 0.000546229 4.29037 19636.3 2.82482e+14 392 3 1 1 
1.7656e+16 673.5 -2.69984e-13 4.97118e+27 0.000546228 4.29059 19637.3 2.82483e+14 393 4 1 1 
1.77973e+16 673.462 -2.41372e-13 4.97118e+27 0.00054621 4.29068 19638.4 2.82492e+14 394 4 1 1 
1.79385e+16 673.428 -2.15968e-13 4.97118e+27 0.000546119 4.29023 19639.6 2.82539e+14 395 4 1 1 
1.80798e+16 673.397 -1.93659e-13 4.97118e+27 0.000545707 4.28777 19643.2 2.82752e+14 396 4 1 0.999999 
1.82213e+16 673.368 -1.74087e-13 4.97118e+27 0.000544087 4.27033 19621.5 2.83594e+14 397 4 1 0.999987 
1.83634e+16 673.342 -1.56579e-13 4.97118e+27 0.000530964 4.11565 19378.2 2.90604e+14 398 4 1 0.999668 
1.8512e+16 673.317 -1.3993e-13 4.97118e+27 0.000506878 4.40255 21714.1 3.04413e+14 399 4 1 0.994708 
1.8668e+16 673.292 -1.23818e-13 4.97118e+27 0.000481338 4.15619 21586.7 3.20565e+14 400 4 1 0.9937 
1.88329e+16 673.267 -1.08097e-13 4.97118e+27 0.000458848 4.50078 24522.2 3.36277e+14 401 4 1 0.993695 
1.90045e+16 673.243 -9.30956e-14 4.97118e+27 0.000450231 4.30611 23910.6 3.42713e+14 402 5 1 0.998659 
1.91756e+16 673.221 -7.96516e-14 4.97118e+27 0.000451827 4.28936 23733.5 3.41503e+14 403 4 1 0.999967 
1.9346e+16 673.2 -6.76563e-14 4.97118e+27 0.000453449 4.28892 23646.1 3.40281e+14 404 4 1 0.999986 
1.95159e+16 673.18 -5.67126e-14 4.97118e+27 0.000454536 4.29027 23597 3.39467e+14 405 4 1 0.999994 
1.96855e+16 673.161 -4.62915e-14 4.97118e+27 0.000455233 4.29109 23565.3 3.38947e+14 406 4 1 0.999997 
1.98548e+16 673.143 -3.57541e-14 4.97118e+27 0.000455705 4.29151 23543.3 3.38597e+14 407 4 1 0.999999 
2.00241e+16 673.125 -2.45169e-14 4.97118e+27 0.000456039 4.29175 23527.3 3.38348e+14 408 4 1 0.999999 
2.01932e+16 673.107 -1.18758e-14 4.97118e+27 0.000456285 4.29189 23515.4 3.38165e+14 409 4 1 1 
2.03622e+16 673.088 3.97149e-15 4.97118e+27 0.000456471 4.29196 23506.2 3.38028e+14 410 4 1 1 
2.05312e+16 673.068 2.96937e-14 4.97118e+27 0.000456613 4.29198 23499 3.37923e+14 411 4 1 1 
2.07001e+16 673.041 8.64267e-14 4.97118e+27 0.00045672 4.29193 23493.2 3.37844e+14 412 4 1 1 
2.0869e+16 672.996 2.41017e-13 4.97118e+27 0.00045679 4.29169 23488.3 3.37792e+14 413 4 1 1 
2.10379e+16 672.893 7.19817e-13 4.97118e+27 0.0004568 4.2909 23483.4 3.37784e+14 414 3 1 1 
2.12068e+16 672.607 2.16133e-12 4.97118e+27 0.00045667 4.28843 23476.6 3.37881e+14 415 4 1 1 
2.13758e+16 671.762 6.51019e-12 4.97118e+27 0.000456154 4.28105 23462.6 3.38263e+14 416 4 1 0.999998 
2.15451e+16 669.329 1.86613e-11 4.97118e+27 0.000454594 4.26008 23427.7 3.39424e+14 417 4 1 0.999979 
2.17152e+16 662.741 4.78175e-11 4.97118e+27 0.000450519 4.20628 23340.9 3.42494e+14 418 4 1 0.999849 
2.18876e+16 646.593 1.16382e-10 4.97118e+27 0.000441008 4.08176 23137.9 3.4988e+14 419 4 1 0.999149 
2.20652e+16 610.699 2.34157e-10 4.97118e+27 0.00042222 3.83812 22724.3 3.65449e+14 420 4 1 0.996428 
2.22534e+16 540.336 4.82578e-10 4.97118e+27 0.000388955 3.41314 21935.6 3.96704e+14 421 4 1 0.989225 
2.24633e+16 394.998 9.07411e-10 4.97118e+27 0.000340375 2.8117 20650.9 4.53324e+14 422 4 1 0.974457 
2.27108e+16 193.86 9.13141e-10 4.97118e+27 0.000292154 2.24815 19240.1 5.28146e+14 423 4 1 0.959973 
2.29957e+16 52.3659 4.24022e-10 4.97118e+27 0.000262635 1.92532 18329.4 5.87506e+14 424 4 1 0.973742 
2.32996e+16 5.80459 8.1002e-11 4.97118e+27 0.000252103 1.81616 18011 6.12051e+14 425 4 1 0.994734 
2.36079e+16 -0.233036 3.11697e-12 4.97118e+27 0.000250106 1.79604 17953 6.16939e+14 426 4 1 0.999761 
2.39165e+16 -0.0789972 -1.22623e-12 4.97118e+27 0.00024998 1.7948 17949.4 6.17249e+14 427 5 1 0.999999 
2.42251e+16 0.00576067 -1.40812e-14 4.97118e+27 0.000249999 1.79499 17950 6.17202e+14 428 4 1 1 
2.45337e+16 0.00249282 1.54844e-14 4.97118e+27 0.00025 1.795 17950 6.17199e+14 429 3 1 1 
2.48423e+16 0.000605014 4.28809e-15 4.97118e+27 0.00025 1.795 17950 6.172e+14 430 4 1 1 
2.51509e+16 0.000133834 9.82775e-16 4.97118e+27 0.00025 1.795 17950 6.172e+14 431 4 1 1 
2.54595e+16 2.83865e-05 2.14987e-16 4.97118e+27 0.00025 1.795 17950 6.172e+14 432 4 1 1 
2.57681e+16 5.79974e-06 4.54107e-17 4.97118e+27 0.00025 1.795 17950 6.172e+14 433 4 1 1 
2.60767e+16 1.13825e-06 9.24307e-18 4.97118e+27 0.00025 1.795 17950 6.172e+14 434 4 1 1 
2.63853e+16 2.13794e-07 1.80557e-18 4.97118e+27 0.00025 1.795 17950 6.172e+14 435 4 1 1 
2.66939e+16 3.82929e-08 3.36898e-19 4.97118e+27 0.00025 1.795 17950 6.172e+14 436 4 1 1 
2.70025e+16 6.53659e-09 5.99448e-20 4.97118e+27 0.00025 1.795 17950 6.172e+14 437 4 1 1 
2.73111e+16 1.06051e-09 1.01691e-20 4.97118e+27 0.00025 1.795 17950 6.172e+14 438 4 1 1 
2.76197e+16 1.6479e-10 1.62232e-21 4.97118e+27 0.00025 1.795 17950 6.172e+14 439 4 1 1 
2.79283e+16 1.42408e-11 2.63403e-22 4.97118e+27 0.00025 1.795 17950 6.172e+14 440 4 1 1 
2.82369e+16 3.07929e-13 8.2889e-24 4.97118e+27 0.00025 1.795 17950 6.172e+14 441 5 1 1 
2.85455e+16 -1.33767e-12 9.20989e-25 4.97118e+27 0.00025 1.795 17950 6.172e+14 442 5 1 1 
2.88541e+16 -2.3081e-12 9.08165e-55 4.97118e+27 0.00025 1.795 17950 6.172e+14 443 5 1 1 
2.91627e+16 -3.22395e-12 2.76297e-24 4.97118e+27 0.00025 1.795 17950 6.172e+14 444 5 1 1 
2.94713e+16 -4.97841e-12 4.45001e-54 4.97118e+27 0.00025 1.795 17950 6.172e+14 445 5 1 1 
2.97799e+16 8.55694e-12 3.22346e-24 4.97118e+27 0.00025 1.795 17950 6.172e+14 446 5 1 1 
3.00885e+16 1.23589e-12 1.38148e-24 4.97118e+27 0.00025 1.795 17950 6.172e+14 447 5 1 1 
3.03971e+16 -2.01067e-12 2.76297e-24 4.97118e+27 0.00025 1.795 17950 6.172e+14 448 5 1 1 
3.07057e+16 -1.11807e-11 1.84198e-24 4.97118e+27 0.00025 1.795 17950 6.172e+14 449 3 1 1 
3.10143e+16 1.11807e-11 -1.84198e-24 4.97118e+27 0.00025 1.795 17950 6.172e+14 450 3 1 1 
3.13229e+16 2.01067e-12 -2.76297e-24 4.97118e+27 0.00025 1.795 17950 6.172e+14 451 5 1 1 
3.16315e+16 -1.23589e-12 -1.38148e-24 4.97118e+27 0.00025 1.795 17950 6.172e+14 452 5 1 1 
3.19401e+16 -8.55694e-12 -3.22346e-24 4.97118e+27 0.00025 1.795 17950 6.172e+14 453 5 1 1 
3.22487e+16 4.97841e-12 -4.45001e-54 4.97118e+27 0.00025 1.795 17950 6.172e+14 454 5 1 1 
3.25573e+16 3.22395e-12 -2.76297e-24 4.97118e+27 0.00025 1.795 17950 6.172e+14 455 5 1 1 
3.28659e+16 2.3081e-12 -9.08165e-55 4.97118e+27 0.00025 1.795 17950 6.172e+14 456 5 1 1 
3.31745e+16 1.32897e-12 -1.84198e-24 4.97118e+27 0.00025 1.795 17950 6.172e+14 457 5 1 1 
3.34831e+16 -6.47102e-13 -1.84198e-23 4.97118e+27 0.00025 1.795 17950 6.172e+14 458 5 1 1 
3.37917e+16 -9.10164e-12 -1.10519e-22 4.97118e+27 0.00025 1.795 17950 6.172e+14 459 5 1 1 
3.41003e+16 -1.54797e-10 -1.89539e-21 4.97118e+27 0.00025 1.795 17950 6.172e+14 460 4 1 1 
3.44089e+16 -1.07372e-09 -1.00286e-20 4.97118e+27 0.00025 1.795 17950 6.172e+14 461 4 1 1 
3.47175e+16 -6.51018e-09 -5.98468e-20 4.97118e+27 0.00025 1.795 17950 6.172e+14 462 4 1 1 
3.50261e+16 -3.83415e-08 -3.3718e-19 4.97118e+27 0.00025 1.795 17950 6.172e+14 463 4 1 1 
3.53347e+16 -2.13768e-07 -1.80519e-18 4.97118e+27 0.00025 1.795 17950 6.172e+14 464 4 1 1 
3.56433e+16 -1.13825e-06 -9.24324e-18 4.97118e+27 0.00025 1.795 17950 6.172e+14 465 4 1 1 
3.59519e+16 -5.79972e-06 -4.54107e-17 4.97118e+27 0.00025 1.795 17950 6.172e+14 466 4 1 1 
3.62605e+16 -2.83865e-05 -2.14987e-16 4.97118e+27 0.00025 1.795 17950 6.172e+14 467 4 1 1 
3.65691e+16 -0.000133834 -9.82774e-16 4.97118e+27 0.00025 1.795 17950 6.172e+14 468 4 1 1 
3.68777e+16 -0.000605014 -4.28809e-15 4.97118e+27 0.00025 1.795 17950 6.172e+14 469 4 1 1 
3.71863e+16 -0.00249282 -1.54844e-14 4.97118e+27 0.00025 1.795 17950 6.17199e+14 470 3 1 1 
3.74949e+16 -0.00576067 1.40812e-14 4.97118e+27 0.000249999 1.79499 17950 6.17202e+14 471 4 1 1 
3.78035e+16 0.0789972 1.22623e-12 4.97118e+27 0.00024998 1.7948 17949.4 6.17249e+14 472 5 1 0.999999 
3.81121e+16 0.233036 -3.11697e-12 4.97118e+27 0.000250106 1.79604 17953 6.16939e+14 473 4 1 0.999761 
3.84204e+16 -5.80459 -8.1002e-11 4.97118e+27 0.000252103 1.81616 18011 6.12051e+14 474 4 1 0.994734 
3.87243e+16 -52.3659 -4.24022e-10 4.97118e+27 0.000262635 1.92532 18329.4 5.87506e+14 475 4 1 0.973742 
3.90092e+16 -193.86 -9.13141e-10 4.97118e+27 0.000292154 2.24815 19240.1 5.28146e+14 476 4 1 0.959973 
3.92567e+16 -394.998 -9.07411e-10 4.97118e+27 0.000340375 2.8117 20650.9 4.53324e+14 477 4 1 0.974457 
3.94666e+16 -540.336 -4.82578e-10 4.97118e+27 0.000388955 3.41314 21935.6 3.96704e+14 478 4 1 0.989225 
3.96548e+16 -610.699 -2.34157e-10 4.97118e+27 0.00042222 3.83812 22724.3 3.65449e+14 479 4 1 0.996428 
3.98324e+16 -646.593 -1.16382e-10 4.97118e+27 0.000441008 4.08176 23137.9 3.4988e+14 480 4 1 0.999149 
4.00048e+16 -662.741 -4.78175e-11 4.97118e+27 0.000450519 4.20628 23340.9 3.42494e+14 481 4 1 0.999849 
4.01749e+16 -669.329 -1.86613e-11 4.97118e+27 0.000454594 4.26008 23427.7 3.39424e+14 482 4 1 0.999979 
4.03442e+16 -671.762 -6.51019e-12 4.97118e+27 0.000456154 4.28105 23462.6 3.38263e+14 483 4 1 0.999998 
4.05132e+16 -672.607 -2.16133e-12 4.97118e+27 0.00045667 4.28843 23476.6 3.37881e+14 484 4 1 1 
4.06821e+16 -672.893 -7.19817e-13 4.97118e+27 0.0004568 4.2909 23483.4 3.37784e+14 485 3 1 1 
4.0851e+16 -672.996 -2.41017e-13 4.97118e+27 0.00045679 4.29169 23488.3 3.37792e+14 486 4 1 1 
4.10199e+16 -673.041 -8.64267e-14 4.97118e+27 0.00045672 4.29193 23493.2 3.37844e+14 487 4 1 1 
4.11888e+16 -673.068 -2.96937e-14 4.97118e+27 0.000456613 4.29198 23499 3.37923e+14 488 4 1 1 
4.13578e+16 -673.088 -3.97149e-15 4.97118e+27 0.000456471 4.29196 23506.2 3.38028e+14 489 4 1 1 
4.15268e+16 -673.107 1.18758e-14 4.97118e+27 0.000456285 4.29189 23515.4 3.38165e+14 490 4 1 1 
4.16959e+16 -673.125 2.45169e-14 4.97118e+27 0.000456039 4.29175 23527.3 3.38348e+14 491 4 1 0.999999 
4.18652e+16 -673.143 3.57541e-14 4.97118e+27 0.000455705 4.29151 23543.3 3.38597e+14 492 4 1 0.999999 
4.20345e+16 -673.161 4.62915e-14 4.97118e+27 0.000455233 4.29109 23565.3 3.38947e+14 493 4 1 0.999997 
4.22041e+16 -673.18 5.67126e-14 4.97118e+27 0.000454536 4.29027 23597 3.39467e+14 494 4 1 0.999994 
4.2374e+16 -673.2 6.76563e-14 4.97118e+27 0.000453449 4.28892 23646.1 3.40281e+14 495 4 1 0.999986 
4.25444e+16 -673.221 7.96516e-14 4.97118e+27 0.000451827 4.28936 23733.5 3.41503e+14 496 4 1 0.999967 
4.27155e+16 -673.243 9.30956e-14 4.97118e+27 0.000450231 4.30611 23910.6 3.42713e+14 497 5 1 0.998659 
4.28871e+16 -673.267 1.08097e-13 4.97118e+27 0.000458848 4.50078 24522.2 3.36277e+14 498 4 1 0.993695 
4.3052e+16 -673.292 1.23818e-13 4.97118e+27 0.000481338 4.15619 21586.7 3.20565e+14 499 4 1 0.9937 
