# Time [s]: 0.154041
# Columns: pos [m], vel [m/s], acc [m/s^2], mass [kg], dens [kg/m^3], pres [Pa], ene [J/kg], sml [m], id, neighbor, alpha, gradh, ...additional?
1.39848 -0.673306 0.00410537 0.0025 0.506884 0.440263 2.17142 0.00986419 0 4 1 0.994708 
1.4033 -0.67333 0.00458718 0.0025 0.530971 0.411573 1.93783 0.00941672 1 4 1 0.999668 
1.4079 -0.673355 0.00509506 0.0025 0.544095 0.427041 1.96216 0.00918957 2 4 1 0.999987 
1.41249 -0.673382 0.00566357 0.0025 0.545716 0.428786 1.96433 0.00916228 3 4 1 0.999999 
1.41706 -0.673412 0.00630873 0.0025 0.546128 0.429033 1.96398 0.00915536 4 4 1 1 
1.42164 -0.673445 0.00703551 0.0025 0.546221 0.429079 1.96385 0.00915381 5 4 1 1 
1.42622 -0.673481 0.00784746 0.0025 0.54624 0.429071 1.96375 0.00915349 6 4 1 1 
1.4308 -0.67352 0.00876129 0.0025 0.546241 0.429051 1.96365 0.00915346 7 3 1 1 
1.43537 -0.673565 0.00981168 0.0025 0.546236 0.429027 1.96356 0.00915356 8 4 1 1 
1.43995 -0.673614 0.0110288 0.0025 0.546225 0.429 1.96348 0.00915374 9 4 1 1 
1.44453 -0.673669 0.012419 0.0025 0.546209 0.428969 1.96339 0.00915401 10 4 1 1 
1.4491 -0.67373 0.0139775 0.0025 0.546187 0.428934 1.96331 0.00915437 11 4 1 1 
1.45368 -0.673799 0.0157022 0.0025 0.54616 0.428895 1.96323 0.00915482 12 4 1 1 
1.45826 -0.673876 0.0176004 0.0025 0.546127 0.428851 1.96314 0.00915537 13 4 1 1 
1.46284 -0.673962 0.0197218 0.0025 0.546089 0.428801 1.96306 0.00915602 14 4 1 1 
1.46741 -0.674058 0.0221674 0.0025 0.546044 0.428746 1.96296 0.00915677 15 4 1 1 
1.47199 -0.674166 0.0250373 0.0025 0.545992 0.428683 1.96286 0.00915764 16 4 1 1 
1.47657 -0.674288 0.0285054 0.0025 0.545931 0.428611 1.96275 0.00915867 17 4 1 1 
1.48115 -0.674428 0.0330152 0.0025 0.545859 0.428528 1.96263 0.00915987 18 4 1 1 
1.48573 -0.674593 0.0391542 0.0025 0.545773 0.428428 1.96248 0.00916132 19 4 1 1 
1.49031 -0.674791 0.0473609 0.0025 0.545667 0.428308 1.96232 0.0091631 20 4 1 1 
1.49489 -0.675035 0.0582465 0.0025 0.545535 0.42816 1.96211 0.00916532 21 4 1 1 
1.49948 -0.67534 0.0727745 0.0025 0.54537 0.427976 1.96186 0.00916808 22 4 1 1 
-0.495938 -0.675717 0.0908823 0.0025 0.545166 0.427749 1.96155 0.00917152 23 4 1 1 
-0.491351 -0.676178 0.110492 0.0025 0.544917 0.427474 1.96119 0.0091757 24 4 1 0.999999 
-0.486762 -0.676725 0.128855 0.0025 0.544629 0.427155 1.96076 0.00918056 25 4 1 0.999999 
-0.48217 -0.677335 0.142179 0.0025 0.544316 0.426808 1.9603 0.00918585 26 4 1 0.999999 
-0.477576 -0.67796 0.142511 0.0025 0.544004 0.426464 1.95984 0.00919111 27 4 1 0.999999 
-0.472979 -0.678523 0.124203 0.0025 0.543735 0.426167 1.95944 0.00919566 28 4 1 0.999999 
-0.46838 -0.678942 0.0632741 0.0025 0.543569 0.425984 1.9592 0.00919846 29 4 1 1 
-0.463781 -0.679135 0.13766 0.0025 0.543475 0.425876 1.95905 0.00920005 30 5 1 0.999995 
-0.45918 -0.678949 -0.443258 0.0025 0.544062 0.42651 1.95987 0.00919013 31 4 1 0.999899 
-0.454591 -0.673741 -1.93346 0.0025 0.546907 0.429631 1.96396 0.00914232 32 4 1 0.999623 
-0.450038 -0.662287 -3.29385 0.0025 0.552786 0.436112 1.97237 0.0090451 33 4 1 0.999326 
-0.445545 -0.646162 -4.19786 0.0025 0.561078 0.445302 1.98416 0.00891142 34 4 1 0.999164 
-0.441126 -0.627738 -4.56585 0.0025 0.570717 0.456053 1.99773 0.00876092 35 4 1 0.999169 
-0.436784 -0.609137 -4.48124 0.0025 0.580658 0.467217 2.01158 0.00861091 36 4 1 0.999274 
-0.432514 -0.591829 -4.14769 0.0025 0.590178 0.477975 2.0247 0.00847202 37 4 1 0.99937 
-0.428311 -0.575922 -3.93547 0.0025 0.599131 0.488153 2.03692 0.00834542 38 4 1 0.999399 
-0.424168 -0.560596 -4.01319 0.0025 0.607906 0.498187 2.04879 0.00822496 39 4 1 0.999362 
-0.420086 -0.544752 -4.31631 0.0025 0.61701 0.50866 2.06101 0.0081036 40 4 1 0.999291 
-0.416064 -0.527937 -4.69318 0.0025 0.626747 0.519932 2.07395 0.0079777 41 4 1 0.999221 
-0.412107 -0.510077 -5.03175 0.0025 0.637161 0.532067 2.08766 0.00784732 42 4 1 0.999168 
-0.408216 -0.491495 -5.30629 0.0025 0.648146 0.544953 2.10199 0.00771432 43 4 1 0.999142 
-0.404392 -0.472517 -5.48466 0.0025 0.659538 0.55841 2.11668 0.00758107 44 4 1 0.999134 
-0.400635 -0.45337 -5.63443 0.0025 0.671201 0.572283 2.13158 0.00744934 45 4 1 0.999143 
-0.396942 -0.434227 -5.71218 0.0025 0.683027 0.586449 2.14652 0.00732036 46 4 1 0.99916 
-0.393314 -0.415201 -5.79168 0.0025 0.694941 0.600819 2.16141 0.00719486 47 4 1 0.999182 
-0.389747 -0.39639 -5.84334 0.0025 0.706909 0.615354 2.17622 0.00707305 48 4 1 0.999208 
-0.38624 -0.377808 -5.8756 0.0025 0.718885 0.629999 2.1909 0.00695521 49 4 1 0.999234 
-0.382791 -0.359488 -5.91188 0.0025 0.730854 0.644731 2.20541 0.00684132 50 4 1 0.999261 
-0.379398 -0.341445 -5.92837 0.0025 0.742799 0.659531 2.21976 0.0067313 51 4 1 0.999286 
-0.376059 -0.323646 -5.96271 0.0025 0.754719 0.674395 2.23393 0.00662498 52 4 1 0.999311 
-0.372773 -0.30616 -5.97871 0.0025 0.766613 0.68932 2.24795 0.0065222 53 4 1 0.999336 
-0.369537 -0.288908 -5.99398 0.0025 0.778466 0.704287 2.26179 0.00642289 54 4 1 0.999359 
-0.36635 -0.271931 -6.0152 0.0025 0.790282 0.719298 2.27545 0.00632685 55 4 1 0.999382 
-0.36321 -0.255211 -6.01978 0.0025 0.802055 0.734343 2.28895 0.00623399 56 4 1 0.999403 
-0.360115 -0.238747 -6.0419 0.0025 0.813784 0.749421 2.30228 0.00614414 57 4 1 0.999424 
-0.357065 -0.222543 -6.05151 0.0025 0.825475 0.764536 2.31545 0.00605712 58 4 1 0.999445 
-0.354058 -0.20659 -6.05124 0.0025 0.837111 0.779666 2.32845 0.00597293 59 4 1 0.999464 
-0.351092 -0.190858 -6.06491 0.0025 0.848695 0.794812 2.34128 0.0058914 60 4 1 0.999482 
-0.348166 -0.175382 -6.06997 0.0025 0.860233 0.80998 2.35396 0.00581238 61 4 1 0.9995 
-0.345279 -0.160133 -6.07011 0.0025 0.871716 0.825157 2.36648 0.00573581 62 4 1 0.999517 
-0.34243 -0.145119 -6.08225 0.0025 0.883148 0.840346 2.37884 0.00566156 63 4 1 0.999534 
-0.339617 -0.130355 -6.06926 0.0025 0.894521 0.855535 2.39105 0.00558958 64 4 1 0.99955 
-0.33684 -0.115786 -6.06768 0.0025 0.905825 0.870708 2.40309 0.00551983 65 4 1 0.999565 
-0.334097 -0.101436 -6.08909 0.0025 0.91708 0.885893 2.41499 0.00545209 66 4 1 0.999584 
-0.331388 -0.0873324 -6.02118 0.0025 0.928232 0.901015 2.42669 0.00538658 67 4 1 0.999611 
-0.328711 -0.0736913 -5.84315 0.0025 0.939156 0.915887 2.43807 0.00532393 68 4 1 0.999619 
-0.326064 -0.060438 -5.97235 0.0025 0.95002 0.930736 2.4493 0.00526305 69 4 1 0.999586 
-0.323447 -0.0464388 -6.65709 0.0025 0.961378 0.946377 2.46099 0.00520087 70 4 1 0.999621 
-0.320863 -0.0319626 -6.19715 0.0025 0.97266 0.962043 2.47257 0.00514054 71 4 1 0.999811 
-0.318307 -0.0212973 -3.33033 0.0025 0.981378 0.974098 2.48136 0.00509488 72 4 1 0.999877 
-0.315768 -0.0154598 -2.83627 0.0025 0.987827 0.982861 2.4877 0.00506161 73 4 1 0.999624 
-0.313245 -0.00397396 -8.56761 0.0025 0.998138 0.997275 2.49811 0.00500933 74 4 1 0.999284 
-0.310758 0.0175425 -10.5645 0.0025 1.01375 1.01952 2.51393 0.00493218 75 4 1 0.999792 
-0.308312 0.0319256 -2.93182 0.0025 1.02509 1.03557 2.52514 0.00487763 76 4 1 1.00001 
-0.305881 0.0331024 0.536863 0.0025 1.02747 1.03875 2.52734 0.00486634 77 3 1 1 
-0.303446 0.0310165 1.20334 0.0025 1.02575 1.03627 2.52562 0.00487448 78 4 1 0.999994 
-0.301006 0.0280155 1.55094 0.0025 1.02309 1.0325 2.52298 0.00488715 79 4 1 0.999981 
-0.298559 0.0244912 1.76415 0.0025 1.02003 1.02817 2.51995 0.00490182 80 4 1 0.999974 
-0.296104 0.0207105 1.84972 0.0025 1.01681 1.02362 2.51675 0.00491734 81 4 1 0.999971 
-0.293642 0.0169337 1.80947 0.0025 1.01365 1.01916 2.51361 0.00493268 82 4 1 0.999971 
-0.291172 0.0133883 1.66608 0.0025 1.01072 1.01504 2.51069 0.00494696 83 4 1 0.999974 
-0.288695 0.0102413 1.45251 0.0025 1.00815 1.01143 2.50813 0.00495956 84 4 1 0.99998 
-0.286212 0.00758661 1.20519 0.0025 1.00601 1.00841 2.50599 0.00497013 85 4 1 0.999986 
-0.283725 0.00544886 0.956028 0.0025 1.0043 1.00601 2.50429 0.00497861 86 4 1 0.999991 
-0.281233 0.0037988 0.727942 0.0025 1.00298 1.00417 2.50298 0.00498513 87 4 1 0.999994 
-0.278739 0.00257367 0.533841 0.0025 1.00201 1.00281 2.50201 0.00498995 88 4 1 0.999997 
-0.276243 0.00169604 0.378119 0.0025 1.00132 1.00185 2.50132 0.00499339 89 4 1 0.999998 
-0.273746 0.00108798 0.25924 0.0025 1.00085 1.00118 2.50084 0.00499577 90 4 1 0.999999 
-0.271248 0.000679758 0.172328 0.0025 1.00053 1.00074 2.50053 0.00499736 91 4 1 1 
-0.268749 0.000413811 0.111206 0.0025 1.00032 1.00045 2.50032 0.0049984 92 4 1 1 
-0.266249 0.000245513 0.0697272 0.0025 1.00019 1.00026 2.50019 0.00499905 93 4 1 1 
-0.26375 0.000141982 0.0425054 0.0025 1.00011 1.00015 2.50011 0.00499945 94 4 1 1 
-0.26125 8.00394e-05 0.0252022 0.0025 1.00006 1.00009 2.50006 0.00499969 95 4 1 1 
-0.25875 4.39829e-05 0.014538 0.0025 1.00003 1.00005 2.50003 0.00499983 96 4 1 1 
-0.25625 2.35587e-05 0.00816049 0.0025 1.00002 1.00003 2.50002 0.00499991 97 4 1 1 
-0.25375 1.22988e-05 0.00445776 0.0025 1.00001 1.00001 2.50001 0.00499995 98 4 1 1 
-0.25125 6.25705e-06 0.00236983 0.0025 1 1.00001 2.5 0.00499998 99 4 1 1 
-0.24875 3.10169e-06 0.00122606 0.0025 1 1 2.5 0.00499999 100 4 1 1 
-0.24625 1.49785e-06 0.000617263 0.0025 1 1 2.5 0.00499999 101 4 1 1 
-0.24375 7.04496e-07 0.000302374 0.0025 1 1 2.5 0.005 102 4 1 1 
-0.24125 3.22641e-07 0.000144101 0.0025 1 1 2.5 0.005 103 4 1 1 
-0.23875 1.43832e-07 6.67964e-05 0.0025 1 1 2.5 0.005 104 4 1 1 
-0.23625 6.23933e-08 3.01086e-05 0.0025 1 1 2.5 0.005 105 4 1 1 
-0.23375 2.63263e-08 1.31931e-05 0.0025 1 1 2.5 0.005 106 4 1 1 
-0.23125 1.07996e-08 5.61777e-06 0.0025 1 1 2.5 0.005 107 4 1 1 
-0.22875 4.30488e-09 2.32354e-06 0.0025 1 1 2.5 0.005 108 4 1 1 
-0.22625 1.6664e-09 9.33008e-07 0.0025 1 1 2.5 0.005 109 4 1 1 
-0.22375 6.25972e-10 3.63489e-07 0.0025 1 1 2.5 0.005 110 4 1 1 
-0.22125 2.2799e-10 1.3731e-07 0.0025 1 1 2.5 0.005 111 4 1 1 
-0.21875 8.04436e-11 5.02441e-08 0.0025 1 1 2.5 0.005 112 4 1 1 
-0.21625 2.74472e-11 1.77884e-08 0.0025 1 1 2.5 0.005 113 4 1 1 
-0.21375 9.05377e-12 6.09953e-09 0.0025 1 1 2.5 0.005 114 4 1 1 
-0.21125 2.88122e-12 2.01004e-09 0.0025 1 1 2.5 0.005 115 4 1 1 
-0.20875 8.82051e-13 6.36362e-10 0.0025 1 1 2.5 0.005 116 4 1 1 
-0.20625 2.57985e-13 2.00885e-10 0.0025 1 1 2.5 0.005 117 4 1 1 
-0.20375 7.29402e-14 5.61613e-11 0.0025 1 1 2.5 0.005 118 4 1 1 
-0.20125 1.58952e-14 1.92131e-11 0.0025 1 1 2.5 0.005 119 4 1 1 
-0.19875 6.95567e-16 1.81899e-12 0.0025 1 1 2.5 0.005 120 5 1 1 
-0.19625 3.47852e-17 -3.9443e-29 0.0025 1 1 2.5 0.005 121 5 1 1 
-0.19375 6.86017e-48 0 0.0025 1 1 2.5 0.005 122 5 1 1 
-0.19125 0 0 0.0025 1 1 2.5 0.005 123 5 1 1 
-0.18875 0 0 0.0025 1 1 2.5 0.005 124 5 1 1 
-0.18625 0 0 0.0025 1 1 2.5 0.005 125 5 1 1 
-0.18375 0 0 0.0025 1 1 2.5 0.005 126 5 1 1 
-0.18125 0 0 0.0025 1 1 2.5 0.005 127 5 1 1 
-0.17875 0 0 0.0025 1 1 2.5 0.005 128 5 1 1 
-0.17625 0 0 0.0025 1 1 2.5 0.005 129 5 1 1 
-0.17375 0 0 0.0025 1 1 2.5 0.005 130 5 1 1 
-0.17125 0 0 0.0025 1 1 2.5 0.005 131 5 1 1 
-0.16875 0 0 0.0025 1 1 2.5 0.005 132 5 1 1 
-0.16625 0 0 0.0025 1 1 2.5 0.005 133 5 1 1 
-0.16375 0 0 0.0025 1 1 2.5 0.005 134 5 1 1 
-0.16125 0 0 0.0025 1 1 2.5 0.005 135 5 1 1 
-0.15875 0 0 0.0025 1 1 2.5 0.005 136 5 1 1 
-0.15625 0 0 0.0025 1 1 2.5 0.005 137 5 1 1 
-0.15375 0 0 0.0025 1 1 2.5 0.005 138 5 1 1 
-0.15125 0 0 0.0025 1 1 2.5 0.005 139 5 1 1 
-0.14875 0 0 0.0025 1 1 2.5 0.005 140 5 1 1 
-0.14625 0 0 0.0025 1 1 2.5 0.005 141 5 1 1 
-0.14375 0 0 0.0025 1 1 2.5 0.005 142 5 1 1 
-0.14125 0 0 0.0025 1 1 2.5 0.005 143 5 1 1 
-0.13875 0 0 0.0025 1 1 2.5 0.005 144 5 1 1 
-0.13625 0 0 0.0025 1 1 2.5 0.005 145 5 1 1 
-0.13375 0 0 0.0025 1 1 2.5 0.005 146 5 1 1 
-0.13125 0 0 0.0025 1 1 2.5 0.005 147 5 1 1 
-0.12875 0 0 0.0025 1 1 2.5 0.005 148 5 1 1 
-0.12625 0 0 0.0025 1 1 2.5 0.005 149 5 1 1 
-0.12375 0 0 0.0025 1 1 2.5 0.005 150 5 1 1 
-0.12125 0 0 0.0025 1 1 2.5 0.005 151 5 1 1 
-0.11875 0 0 0.0025 1 1 2.5 0.005 152 5 1 1 
-0.11625 0 0 0.0025 1 1 2.5 0.005 153 5 1 1 
-0.11375 0 0 0.0025 1 1 2.5 0.005 154 5 1 1 
-0.11125 0 0 0.0025 1 1 2.5 0.005 155 5 1 1 
-0.10875 0 0 0.0025 1 1 2.5 0.005 156 5 1 1 
-0.10625 0 0 0.0025 1 1 2.5 0.005 157 5 1 1 
-0.10375 0 0 0.0025 1 1 2.5 0.005 158 5 1 1 
-0.10125 0 0 0.0025 1 1 2.5 0.005 159 5 1 1 
-0.09875 0 0 0.0025 1 1 2.5 0.005 160 5 1 1 
-0.09625 0 0 0.0025 1 1 2.5 0.005 161 5 1 1 
-0.09375 0 0 0.0025 1 1 2.5 0.005 162 5 1 1 
-0.09125 0 0 0.0025 1 1 2.5 0.005 163 5 1 1 
-0.08875 0 0 0.0025 1 1 2.5 0.005 164 5 1 1 
-0.08625 0 0 0.0025 1 1 2.5 0.005 165 5 1 1 
-0.08375 0 0 0.0025 1 1 2.5 0.005 166 5 1 1 
-0.08125 0 0 0.0025 1 1 2.5 0.005 167 5 1 1 
-0.07875 0 0 0.0025 1 1 2.5 0.005 168 5 1 1 
-0.07625 0 0 0.0025 1 1 2.5 0.005 169 5 1 1 
-0.07375 0 0 0.0025 1 1 2.5 0.005 170 5 1 1 
-0.07125 0 0 0.0025 1 1 2.5 0.005 171 5 1 1 
-0.06875 0 0 0.0025 1 1 2.5 0.005 172 5 1 1 
-0.06625 -1.54238e-46 -1.12104e-44 0.0025 1 1 2.5 0.005 173 5 1 1 
-0.06375 -1.04199e-16 -1.12104e-44 0.0025 1 1 2.5 0.005 174 5 1 1 
-0.06125 -2.42604e-16 0 0.0025 1 1 2.5 0.005 175 5 1 1 
-0.05875 -3.80393e-16 0 0.0025 1 1 2.5 0.005 176 5 1 1 
-0.05625 -5.17443e-16 0 0.0025 1 1 2.5 0.005 177 5 1 1 
-0.05375 -6.1882e-16 0 0.0025 1 1 2.5 0.005 178 5 1 1 
-0.05125 -7.88258e-16 0 0.0025 1 1 2.5 0.005 179 5 1 1 
-0.04875 -9.5614e-16 0 0.0025 1 1 2.5 0.005 180 5 1 1 
-0.04625 -1.12228e-15 0 0.0025 1 1 2.5 0.005 181 5 1 1 
-0.04375 -1.28541e-15 -1.12104e-44 0.0025 1 1 2.5 0.005 182 5 1 1 
-0.04125 -1.44403e-15 -1.12104e-44 0.0025 1 1 2.5 0.005 183 5 1 1 
-0.03875 -1.97495e-15 3.9443e-29 0.0025 1 1 2.5 0.005 184 5 1 1 
-0.03625 9.52097e-16 -3.86542e-27 0.0025 1 1 2.5 0.005 185 5 1 1 
-0.03375 -3.67117e-15 -3.82598e-27 0.0025 1 1 2.5 0.005 186 4 1 1 
-0.03125 -6.75043e-17 3.58932e-27 0.0025 1 1 2.5 0.005 187 3 1 1 
-0.02875 -1.66934e-15 5.68434e-14 0.0025 1 1 2.5 0.005 188 4 1 1 
-0.02625 -1.66204e-15 5.68434e-14 0.0025 1 1 2.5 0.005 189 4 1 1 
-0.02375 -2.80862e-15 -3.97904e-13 0.0025 1 1 2.5 0.005 190 3 1 1 
-0.02125 -1.6271e-15 3.41061e-13 0.0025 1 1 2.5 0.005 191 4 1 1 
-0.01875 -2.24738e-15 1.7053e-13 0.0025 1 1 2.5 0.005 192 5 1 1 
-0.01625 -1.46958e-15 -5.68434e-14 0.0025 1 1 2.5 0.005 193 4 1 1 
-0.01375 -1.31398e-15 -6.25278e-13 0.0025 1 1 2.5 0.005 194 3 1 1 
-0.01125 -1.2933e-15 8.52651e-13 0.0025 1 1 2.5 0.005 195 3 1 1 
-0.00875 -1.22675e-15 -6.25278e-13 0.0025 1 1 2.5 0.005 196 4 1 1 
-0.00625 2.88792e-16 -8.87469e-29 0.0025 1 1 2.5 0.005 197 3 1 1 
-0.00375 -2.07307e-16 1.38051e-28 0.0025 1 1 2.5 0.005 198 4 1 1 
-0.00125 -1.54982e-16 -5.68434e-14 0.0025 1 1 2.5 0.005 199 5 1 1 
0.00125 -1.315e-16 -1.13687e-13 0.0025 1 1 2.5 0.005 200 5 1 1 
0.00375 -6.27701e-16 3.97904e-13 0.0025 1 1 2.5 0.005 201 5 1 1 
0.00625 -6.63122e-16 -1.13687e-13 0.0025 1 1 2.5 0.005 202 4 1 1 
0.00875 -6.77555e-16 2.27374e-13 0.0025 1 1 2.5 0.005 203 4 1 1 
0.01125 3.43021e-16 1.13687e-13 0.0025 1 1 2.5 0.005 204 4 1 1 
0.01375 9.35809e-16 -3.41061e-13 0.0025 1 1 2.5 0.005 205 5 1 1 
0.01625 1.32799e-15 -1.13687e-13 0.0025 1 1 2.5 0.005 206 5 1 1 
0.01875 1.09468e-15 3.41061e-13 0.0025 1 1 2.5 0.005 207 5 1 1 
0.02125 1.2244e-15 3.9443e-29 0.0025 1 1 2.5 0.005 208 5 1 1 
0.02375 2.35914e-15 -5.52203e-28 0.0025 1 1 2.5 0.005 209 5 1 1 
0.02625 1.0016e-15 -1.11427e-27 0.0025 1 1 2.5 0.005 210 4 1 1 
0.02875 4.66977e-16 6.27782e-43 0.0025 1 1 2.5 0.005 211 3 1 1 
0.03125 2.28972e-15 -1.13687e-13 0.0025 1 1 2.5 0.005 212 4 1 1 
0.03375 1.38089e-15 5.52203e-28 0.0025 1 1 2.5 0.005 213 5 1 1 
0.03625 2.09434e-15 -3.9443e-29 0.0025 1 1 2.5 0.005 214 5 1 1 
0.03875 1.67134e-15 -4.48416e-44 0.0025 1 1 2.5 0.005 215 5 1 1 
0.04125 1.20337e-15 3.36312e-44 0.0025 1 1 2.5 0.005 216 5 1 1 
0.04375 1.07839e-15 3.9443e-29 0.0025 1 1 2.5 0.005 217 5 1 1 
0.04625 1.02166e-15 -2.27374e-13 0.0025 1 1 2.5 0.005 218 5 1 1 
0.04875 3.29729e-16 4.54747e-13 0.0025 1 1 2.5 0.005 219 4 1 1 
0.05125 4.85991e-15 -2.95586e-12 0.0025 1 1 2.5 0.005 220 3 1 1 
0.05375 2.88073e-15 2.72848e-12 0.0025 1 1 2.5 0.005 221 3 1 1 
0.05625 9.87477e-16 -5.68434e-14 0.0025 1 1 2.5 0.005 222 5 1 1 
0.05875 5.36814e-16 5.68434e-14 0.0025 1 1 2.5 0.005 223 5 1 1 
0.06125 3.46685e-16 2.24208e-44 0.0025 1 1 2.5 0.005 224 5 1 1 
0.06375 2.08374e-16 0 0.0025 1 1 2.5 0.005 225 5 1 1 
0.06625 6.95419e-17 1.12104e-44 0.0025 1 1 2.5 0.005 226 5 1 1 
0.06875 3.08599e-47 1.12104e-44 0.0025 1 1 2.5 0.005 227 5 1 1 
0.07125 0 0 0.0025 1 1 2.5 0.005 228 5 1 1 
0.07375 0 0 0.0025 1 1 2.5 0.005 229 5 1 1 
0.07625 0 0 0.0025 1 1 2.5 0.005 230 5 1 1 
0.07875 0 0 0.0025 1 1 2.5 0.005 231 5 1 1 
0.08125 0 0 0.0025 1 1 2.5 0.005 232 5 1 1 
0.08375 0 0 0.0025 1 1 2.5 0.005 233 5 1 1 
0.08625 0 0 0.0025 1 1 2.5 0.005 234 5 1 1 
0.08875 0 0 0.0025 1 1 2.5 0.005 235 5 1 1 
0.09125 0 0 0.0025 1 1 2.5 0.005 236 5 1 1 
0.09375 -1.32015e-45 -1.12104e-44 0.0025 1 1 2.5 0.005 237 5 1 1 
0.09625 -1.69188e-16 0 0.0025 1 1 2.5 0.005 238 5 1 1 
0.09875 -3.37357e-16 1.12104e-44 0.0025 1 1 2.5 0.005 239 5 1 1 
0.10125 1.58941e-15 0 0.0025 1 1 2.5 0.005 240 5 1 1 
0.10375 1.42405e-15 5.60519e-44 0.0025 1 1 2.5 0.005 241 5 1 1 
0.10625 2.63044e-15 -1.56945e-43 0.0025 1 1 2.5 0.005 242 5 1 1 
0.10875 1.00312e-15 7.84727e-44 0.0025 1 1 2.5 0.005 243 5 1 1 
0.11125 8.42818e-16 -5.68434e-14 0.0025 1 1 2.5 0.005 244 5 1 1 
0.11375 -1.31941e-15 3.36312e-43 0.0025 1 1 2.5 0.005 245 5 1 1 
0.11625 2.63532e-15 -3.69943e-43 0.0025 1 1 2.5 0.005 246 5 1 1 
0.11875 -1.03312e-16 3.9443e-29 0.0025 1 1 2.5 0.005 247 5 1 1 
0.12125 -2.09243e-17 -7.14905e-27 0.0025 1 1 2.5 0.005 248 5 1 1 
0.12375 -3.1251e-15 -7.18849e-27 0.0025 1 1 2.5 0.005 249 4 1 1 
0.12625 3.1251e-15 7.18849e-27 0.0025 1 1 2.5 0.005 250 4 1 1 
0.12875 2.09243e-17 7.14905e-27 0.0025 1 1 2.5 0.005 251 5 1 1 
0.13125 1.03312e-16 -3.9443e-29 0.0025 1 1 2.5 0.005 252 5 1 1 
0.13375 -2.63532e-15 3.69943e-43 0.0025 1 1 2.5 0.005 253 5 1 1 
0.13625 1.31941e-15 -3.36312e-43 0.0025 1 1 2.5 0.005 254 5 1 1 
0.13875 -8.42818e-16 5.68434e-14 0.0025 1 1 2.5 0.005 255 5 1 1 
0.14125 -1.00312e-15 -7.84727e-44 0.0025 1 1 2.5 0.005 256 5 1 1 
0.14375 -2.63044e-15 1.56945e-43 0.0025 1 1 2.5 0.005 257 5 1 1 
0.14625 -1.42405e-15 -5.60519e-44 0.0025 1 1 2.5 0.005 258 5 1 1 
0.14875 -1.58941e-15 0 0.0025 1 1 2.5 0.005 259 5 1 1 
0.15125 3.37357e-16 -1.12104e-44 0.0025 1 1 2.5 0.005 260 5 1 1 
0.15375 1.69188e-16 0 0.0025 1 1 2.5 0.005 261 5 1 1 
0.15625 1.32015e-45 1.12104e-44 0.0025 1 1 2.5 0.005 262 5 1 1 
0.15875 0 0 0.0025 1 1 2.5 0.005 263 5 1 1 
0.16125 0 0 0.0025 1 1 2.5 0.005 264 5 1 1 
0.16375 0 0 0.0025 1 1 2.5 0.005 265 5 1 1 
0.16625 0 0 0.0025 1 1 2.5 0.005 266 5 1 1 
0.16875 0 0 0.0025 1 1 2.5 0.005 267 5 1 1 
0.17125 0 0 0.0025 1 1 2.5 0.005 268 5 1 1 
0.17375 0 0 0.0025 1 1 2.5 0.005 269 5 1 1 
0.17625 0 0 0.0025 1 1 2.5 0.005 270 5 1 1 
0.17875 0 0 0.0025 1 1 2.5 0.005 271 5 1 1 
0.18125 0 0 0.0025 1 1 2.5 0.005 272 5 1 1 
0.18375 0 0 0.0025 1 1 2.5 0.005 273 5 1 1 
0.18625 0 0 0.0025 1 1 2.5 0.005 274 5 1 1 
0.18875 0 0 0.0025 1 1 2.5 0.005 275 5 1 1 
0.19125 0 0 0.0025 1 1 2.5 0.005 276 5 1 1 
0.19375 0 0 0.0025 1 1 2.5 0.005 277 5 1 1 
0.19625 3.62016e-32 3.9443e-29 0.0025 1 1 2.5 0.005 278 5 1 1 
0.19875 -1.39001e-16 -1.47793e-12 0.0025 1 1 2.5 0.005 279 5 1 1 
0.20125 -1.50254e-14 -1.90994e-11 0.0025 1 1 2.5 0.005 280 4 1 1 
0.20375 -6.94275e-14 -5.59339e-11 0.0025 1 1 2.5 0.005 281 4 1 1 
0.20625 -2.52832e-13 -1.96223e-10 0.0025 1 1 2.5 0.005 282 4 1 1 
0.20875 -8.80642e-13 -6.41649e-10 0.0025 1 1 2.5 0.005 283 4 1 1 
0.21125 -2.87643e-12 -2.00714e-09 0.0025 1 1 2.5 0.005 284 4 1 1 
0.21375 -9.05501e-12 -6.10237e-09 0.0025 1 1 2.5 0.005 285 4 1 1 
0.21625 -2.7457e-11 -1.77894e-08 0.0025 1 1 2.5 0.005 286 4 1 1 
0.21875 -8.04341e-11 -5.02429e-08 0.0025 1 1 2.5 0.005 287 4 1 1 
0.22125 -2.27989e-10 -1.37311e-07 0.0025 1 1 2.5 0.005 288 4 1 1 
0.22375 -6.2597e-10 -3.6349e-07 0.0025 1 1 2.5 0.005 289 4 1 1 
0.22625 -1.6664e-09 -9.33008e-07 0.0025 1 1 2.5 0.005 290 4 1 1 
0.22875 -4.30488e-09 -2.32354e-06 0.0025 1 1 2.5 0.005 291 4 1 1 
0.23125 -1.07996e-08 -5.61777e-06 0.0025 1 1 2.5 0.005 292 4 1 1 
0.23375 -2.63263e-08 -1.31931e-05 0.0025 1 1 2.5 0.005 293 4 1 1 
0.23625 -6.23933e-08 -3.01086e-05 0.0025 1 1 2.5 0.005 294 4 1 1 
0.23875 -1.43832e-07 -6.67964e-05 0.0025 1 1 2.5 0.005 295 4 1 1 
0.24125 -3.22641e-07 -0.000144101 0.0025 1 1 2.5 0.005 296 4 1 1 
0.24375 -7.04496e-07 -0.000302374 0.0025 1 1 2.5 0.005 297 4 1 1 
0.24625 -1.49785e-06 -0.000617263 0.0025 1 1 2.5 0.00499999 298 4 1 1 
0.24875 -3.10169e-06 -0.00122606 0.0025 1 1 2.5 0.00499999 299 4 1 1 
0.25125 -6.25705e-06 -0.00236983 0.0025 1 1.00001 2.5 0.00499998 300 4 1 1 
0.25375 -1.22988e-05 -0.00445776 0.0025 1.00001 1.00001 2.50001 0.00499995 301 4 1 1 
0.25625 -2.35587e-05 -0.00816049 0.0025 1.00002 1.00003 2.50002 0.00499991 302 4 1 1 
0.25875 -4.39829e-05 -0.014538 0.0025 1.00003 1.00005 2.50003 0.00499983 303 4 1 1 
0.26125 -8.00394e-05 -0.0252022 0.0025 1.00006 1.00009 2.50006 0.00499969 304 4 1 1 
0.26375 -0.000141982 -0.0425054 0.0025 1.00011 1.00015 2.50011 0.00499945 305 4 1 1 
0.266249 -0.000245513 -0.0697272 0.0025 1.00019 1.00026 2.50019 0.00499905 306 4 1 1 
0.268749 -0.000413811 -0.111206 0.0025 1.00032 1.00045 2.50032 0.0049984 307 4 1 1 
0.271248 -0.000679758 -0.172328 0.0025 1.00053 1.00074 2.50053 0.00499736 308 4 1 1 
0.273746 -0.00108798 -0.25924 0.0025 1.00085 1.00118 2.50084 0.00499577 309 4 1 0.999999 
0.276243 -0.00169604 -0.378119 0.0025 1.00132 1.00185 2.50132 0.00499339 310 4 1 0.999998 
0.278739 -0.00257367 -0.533841 0.0025 1.00201 1.00281 2.50201 0.00498995 311 4 1 0.999997 
0.281233 -0.0037988 -0.727942 0.0025 1.00298 1.00417 2.50298 0.00498513 312 4 1 0.999994 
0.283725 -0.00544886 -0.956028 0.0025 1.0043 1.00601 2.50429 0.00497861 313 4 1 0.999991 
0.286212 -0.00758661 -1.20519 0.0025 1.00601 1.00841 2.50599 0.00497013 314 4 1 0.999986 
0.288695 -0.0102413 -1.45251 0.0025 1.00815 1.01143 2.50813 0.00495956 315 4 1 0.99998 
0.291172 -0.0133883 -1.66608 0.0025 1.01072 1.01504 2.51069 0.00494696 316 4 1 0.999974 
0.293642 -0.0169337 -1.80947 0.0025 1.01365 1.01916 2.51361 0.00493268 317 4 1 0.999971 
0.296104 -0.0207105 -1.84972 0.0025 1.01681 1.02362 2.51675 0.00491734 318 4 1 0.999971 
0.298559 -0.0244912 -1.76415 0.0025 1.02003 1.02817 2.51995 0.00490182 319 4 1 0.999974 
0.301006 -0.0280155 -1.55094 0.0025 1.02309 1.0325 2.52298 0.00488715 320 4 1 0.999981 
0.303446 -0.0310165 -1.20334 0.0025 1.02575 1.03627 2.52562 0.00487448 321 4 1 0.999994 
0.305881 -0.0331024 -0.536863 0.0025 1.02747 1.03875 2.52734 0.00486634 322 3 1 1 
0.308312 -0.0319256 2.93182 0.0025 1.02509 1.03557 2.52514 0.00487763 323 4 1 1.00001 
0.310758 -0.0175425 10.5645 0.0025 1.01375 1.01952 2.51393 0.00493218 324 4 1 0.999792 
0.313245 0.00397396 8.56761 0.0025 0.998138 0.997275 2.49811 0.00500933 325 4 1 0.999284 
0.315768 0.0154598 2.83627 0.0025 0.987827 0.982861 2.4877 0.00506161 326 4 1 0.999624 
0.318307 0.0212973 3.33033 0.0025 0.981378 0.974098 2.48136 0.00509488 327 4 1 0.999877 
0.320863 0.0319626 6.19715 0.0025 0.97266 0.962043 2.47257 0.00514054 328 4 1 0.999811 
0.323447 0.0464388 6.65709 0.0025 0.961378 0.946377 2.46099 0.00520087 329 4 1 0.999621 
0.326064 0.060438 5.97235 0.0025 0.95002 0.930736 2.4493 0.00526305 330 4 1 0.999586 
0.328711 0.0736913 5.84315 0.0025 0.939156 0.915887 2.43807 0.00532393 331 4 1 0.999619 
0.331388 0.0873324 6.02118 0.0025 0.928232 0.901015 2.42669 0.00538658 332 4 1 0.999611 
0.334097 0.101436 6.08909 0.0025 0.91708 0.885893 2.41499 0.00545209 333 4 1 0.999584 
0.33684 0.115786 6.06768 0.0025 0.905825 0.870708 2.40309 0.00551983 334 4 1 0.999565 
0.339617 0.130355 6.06926 0.0025 0.894521 0.855535 2.39105 0.00558958 335 4 1 0.99955 
0.34243 0.145119 6.08225 0.0025 0.883148 0.840346 2.37884 0.00566156 336 4 1 0.999534 
0.345279 0.160133 6.07011 0.0025 0.871716 0.825157 2.36648 0.00573581 337 4 1 0.999517 
0.348166 0.175382 6.06997 0.0025 0.860233 0.80998 2.35396 0.00581238 338 4 1 0.9995 
0.351092 0.190858 6.06491 0.0025 0.848695 0.794812 2.34128 0.0058914 339 4 1 0.999482 
0.354058 0.20659 6.05124 0.0025 0.837111 0.779666 2.32845 0.00597293 340 4 1 0.999464 
0.357065 0.222543 6.05151 0.0025 0.825475 0.764536 2.31545 0.00605712 341 4 1 0.999445 
0.360115 0.238747 6.0419 0.0025 0.813784 0.749421 2.30228 0.00614414 342 4 1 0.999424 
0.36321 0.255211 6.01978 0.0025 0.802055 0.734343 2.28895 0.00623399 343 4 1 0.999403 
0.36635 0.271931 6.0152 0.0025 0.790282 0.719298 2.27545 0.00632685 344 4 1 0.999382 
0.369537 0.288908 5.99398 0.0025 0.778466 0.704287 2.26179 0.00642289 345 4 1 0.999359 
0.372773 0.30616 5.97871 0.0025 0.766613 0.68932 2.24795 0.0065222 346 4 1 0.999336 
0.376059 0.323646 5.96271 0.0025 0.754719 0.674395 2.23393 0.00662498 347 4 1 0.999311 
0.379398 0.341445 5.92837 0.0025 0.742799 0.659531 2.21976 0.0067313 348 4 1 0.999286 
0.382791 0.359488 5.91188 0.0025 0.730854 0.644731 2.20541 0.00684132 349 4 1 0.999261 
0.38624 0.377808 5.8756 0.0025 0.718885 0.629999 2.1909 0.00695521 350 4 1 0.999234 
0.389747 0.39639 5.84334 0.0025 0.706909 0.615354 2.17622 0.00707305 351 4 1 0.999208 
0.393314 0.415201 5.79168 0.0025 0.694941 0.600819 2.16141 0.00719486 352 4 1 0.999182 
0.396942 0.434227 5.71218 0.0025 0.683027 0.586449 2.14652 0.00732036 353 4 1 0.99916 
0.400635 0.45337 5.63443 0.0025 0.671201 0.572283 2.13158 0.00744934 354 4 1 0.999143 
0.404392 0.472517 5.48466 0.0025 0.659538 0.55841 2.11668 0.00758107 355 4 1 0.999134 
0.408216 0.491495 5.30629 0.0025 0.648146 0.544953 2.10199 0.00771432 356 4 1 0.999142 
0.412107 0.510077 5.03175 0.0025 0.637161 0.532067 2.08766 0.00784732 357 4 1 0.999168 
0.416064 0.527937 4.69318 0.0025 0.626747 0.519932 2.07395 0.0079777 358 4 1 0.999221 
0.420086 0.544752 4.31631 0.0025 0.61701 0.50866 2.06101 0.0081036 359 4 1 0.999291 
0.424168 0.560596 4.01319 0.0025 0.607906 0.498187 2.04879 0.00822496 360 4 1 0.999362 
0.428311 0.575922 3.93547 0.0025 0.599131 0.488153 2.03692 0.00834542 361 4 1 0.999399 
0.432514 0.591829 4.14769 0.0025 0.590178 0.477975 2.0247 0.00847202 362 4 1 0.99937 
0.436784 0.609137 4.48124 0.0025 0.580658 0.467217 2.01158 0.00861091 363 4 1 0.999274 
0.441126 0.627738 4.56585 0.0025 0.570717 0.456053 1.99773 0.00876092 364 4 1 0.999169 
0.445545 0.646162 4.19786 0.0025 0.561078 0.445302 1.98416 0.00891142 365 4 1 0.999164 
0.450038 0.662287 3.29385 0.0025 0.552786 0.436112 1.97237 0.0090451 366 4 1 0.999326 
0.454591 0.673741 1.93346 0.0025 0.546907 0.429631 1.96396 0.00914232 367 4 1 0.999623 
0.45918 0.678949 0.443258 0.0025 0.544062 0.42651 1.95987 0.00919013 368 4 1 0.999899 
0.463781 0.679135 -0.13766 0.0025 0.543475 0.425876 1.95905 0.00920005 369 5 1 0.999995 
0.46838 0.678942 -0.0632741 0.0025 0.543569 0.425984 1.9592 0.00919846 370 4 1 1 
0.472979 0.678523 -0.124203 0.0025 0.543735 0.426167 1.95944 0.00919566 371 4 1 0.999999 
0.477576 0.67796 -0.142511 0.0025 0.544004 0.426464 1.95984 0.00919111 372 4 1 0.999999 
0.48217 0.677335 -0.142179 0.0025 0.544316 0.426808 1.9603 0.00918585 373 4 1 0.999999 
0.486762 0.676725 -0.128855 0.0025 0.544629 0.427155 1.96076 0.00918056 374 4 1 0.999999 
0.491351 0.676178 -0.110492 0.0025 0.544917 0.427474 1.96119 0.0091757 375 4 1 0.999999 
0.495938 0.675717 -0.0908823 0.0025 0.545166 0.427749 1.96155 0.00917152 376 4 1 1 
0.500523 0.67534 -0.0727745 0.0025 0.54537 0.427976 1.96186 0.00916808 377 4 1 1 
0.505106 0.675035 -0.0582465 0.0025 0.545535 0.42816 1.96211 0.00916532 378 4 1 1 
0.509688 0.674791 -0.0473609 0.0025 0.545667 0.428308 1.96232 0.0091631 379 4 1 1 
0.514269 0.674593 -0.0391542 0.0025 0.545773 0.428428 1.96248 0.00916132 380 4 1 1 
0.518849 0.674428 -0.0330152 0.0025 0.545859 0.428528 1.96263 0.00915987 381 4 1 1 
0.523429 0.674288 -0.0285054 0.0025 0.545931 0.428611 1.96275 0.00915867 382 4 1 1 
0.528008 0.674166 -0.0250373 0.0025 0.545992 0.428683 1.96286 0.00915764 383 4 1 1 
0.532586 0.674058 -0.0221674 0.0025 0.546044 0.428746 1.96296 0.00915677 384 4 1 1 
0.537165 0.673962 -0.0197218 0.0025 0.546089 0.428801 1.96306 0.00915602 385 4 1 1 
0.541742 0.673876 -0.0176004 0.0025 0.546127 0.428851 1.96314 0.00915537 386 4 1 1 
0.54632 0.673799 -0.0157022 0.0025 0.54616 0.428895 1.96323 0.00915482 387 4 1 1 
0.550897 0.67373 -0.0139775 0.0025 0.546187 0.428934 1.96331 0.00915437 388 4 1 1 
0.555474 0.673669 -0.012419 0.0025 0.546209 0.428969 1.96339 0.00915401 389 4 1 1 
0.560051 0.673614 -0.0110288 0.0025 0.546225 0.429 1.96348 0.00915374 390 4 1 1 
0.564628 0.673565 -0.00981168 0.0025 0.546236 0.429027 1.96356 0.00915356 391 4 1 1 
0.569205 0.67352 -0.00876129 0.0025 0.546241 0.429051 1.96365 0.00915346 392 3 1 1 
0.573782 0.673481 -0.00784746 0.0025 0.54624 0.429071 1.96375 0.00915349 393 4 1 1 
0.578358 0.673445 -0.00703551 0.0025 0.546221 0.429079 1.96385 0.00915381 394 4 1 1 
0.582935 0.673412 -0.00630873 0.0025 0.546128 0.429033 1.96398 0.00915536 395 4 1 1 
0.587514 0.673382 -0.00566357 0.0025 0.545716 0.428786 1.96433 0.00916228 396 4 1 0.999999 
0.592098 0.673355 -0.00509506 0.0025 0.544095 0.427041 1.96216 0.00918957 397 4 1 0.999987 
0.596703 0.67333 -0.00458718 0.0025 0.530971 0.411573 1.93783 0.00941672 398 4 1 0.999668 
0.601519 0.673306 -0.00410537 0.0025 0.506884 0.440263 2.17142 0.00986419 399 4 1 0.994708 
0.606574 0.673283 -0.00363912 0.0025 0.481343 0.415626 2.15868 0.0103876 400 4 1 0.9937 
0.611916 0.673259 -0.00318216 0.0025 0.458853 0.450085 2.45223 0.0108967 401 4 1 0.993695 
0.617477 0.673236 -0.00274203 0.0025 0.450235 0.430617 2.39107 0.0111053 402 5 1 0.998659 
0.623022 0.673215 -0.0023431 0.0025 0.451831 0.428942 2.37335 0.0110661 403 4 1 0.999967 
0.628543 0.673195 -0.00198481 0.0025 0.453453 0.428897 2.36462 0.0110265 404 4 1 0.999986 
0.634048 0.673176 -0.0016597 0.0025 0.454539 0.429032 2.35971 0.0110001 405 4 1 0.999994 
0.639543 0.673158 -0.00135591 0.0025 0.455237 0.429113 2.35654 0.0109833 406 4 1 0.999997 
0.645031 0.67314 -0.00105627 0.0025 0.455708 0.429156 2.35433 0.0109719 407 4 1 0.999999 
0.650515 0.673123 -0.000742058 0.0025 0.456043 0.429179 2.35274 0.0109639 408 4 1 0.999999 
0.655995 0.673106 -0.000392833 0.0025 0.456289 0.429193 2.35154 0.010958 409 4 1 1 
0.661473 0.673089 3.1462e-05 0.0025 0.456475 0.429201 2.35063 0.0109535 410 4 1 1 
0.666949 0.67307 0.00066478 0.0025 0.456618 0.429204 2.34991 0.0109501 411 4 1 1 
0.672423 0.673047 0.00191763 0.0025 0.456726 0.429202 2.34934 0.0109475 412 4 1 1 
0.677896 0.673012 0.00522654 0.0025 0.456803 0.429186 2.34886 0.0109456 413 4 1 1 
0.683369 0.672938 0.0150153 0.0025 0.456833 0.429133 2.34841 0.0109449 414 3 1 1 
0.688841 0.672742 0.0447799 0.0025 0.456766 0.428969 2.34786 0.0109465 415 4 1 1 
0.694315 0.672171 0.136693 0.0025 0.456431 0.428468 2.34683 0.0109546 416 4 1 0.999999 
0.699796 0.670504 0.394554 0.0025 0.455363 0.427016 2.34436 0.0109803 417 4 1 0.999991 
0.705296 0.665835 1.0706 0.0025 0.452442 0.423146 2.33809 0.0110511 418 4 1 0.999924 
0.710847 0.654137 2.61119 0.0025 0.445328 0.41381 2.32299 0.0112277 419 4 1 0.999529 
0.716525 0.626551 5.76717 0.0025 0.430389 0.394361 2.2906 0.0116174 420 4 1 0.997796 
0.722471 0.572003 11.173 0.0025 0.403052 0.359218 2.22789 0.0124053 421 4 1 0.99252 
0.728957 0.458287 23.5089 0.0025 0.359149 0.304071 2.11646 0.0139218 422 4 1 0.980887 
0.736492 0.266362 30.6263 0.0025 0.308217 0.24315 1.97237 0.0162223 423 4 1 0.963153 
0.745336 0.0915464 18.9945 0.0025 0.270768 0.201212 1.85808 0.018466 424 4 1 0.965451 
0.755032 0.0148934 5.13524 0.0025 0.254396 0.183954 1.8079 0.0196544 425 4 1 0.988963 
0.764998 0.000388251 0.460226 0.0025 0.25041 0.179908 1.79617 0.0199672 426 4 1 0.999102 
0.775 -0.000198301 -0.051179 0.0025 0.24998 0.179479 1.79494 0.0200016 427 5 1 0.999988 
0.785 -4.00884e-07 -0.00560688 0.0025 0.249995 0.179495 1.79499 0.0200004 428 4 1 1 
0.795 3.75426e-06 0.000585949 0.0025 0.250001 0.179501 1.795 0.02 429 3 1 1 
0.805 1.02292e-06 0.000212585 0.0025 0.25 0.1795 1.795 0.02 430 4 1 1 
0.815 2.32451e-07 5.19645e-05 0.0025 0.25 0.1795 1.795 0.02 431 4 1 1 
0.825 5.0134e-08 1.15521e-05 0.0025 0.25 0.1795 1.795 0.02 432 4 1 1 
0.835 1.04342e-08 2.47836e-06 0.0025 0.25 0.1795 1.795 0.02 433 4 1 1 
0.845 2.09169e-09 5.14114e-07 0.0025 0.25 0.1795 1.795 0.02 434 4 1 1 
0.855 4.02342e-10 1.02645e-07 0.0025 0.25 0.1795 1.795 0.02 435 4 1 1 
0.865 7.39723e-11 1.96379e-08 0.0025 0.25 0.1795 1.795 0.02 436 4 1 1 
0.875 1.29806e-11 3.58796e-09 0.0025 0.25 0.1795 1.795 0.02 437 4 1 1 
0.885 2.17008e-12 6.24198e-10 0.0025 0.25 0.1795 1.795 0.02 438 4 1 1 
0.895 3.45505e-13 1.03086e-10 0.0025 0.25 0.1795 1.795 0.02 439 4 1 1 
0.905 4.43548e-14 1.79341e-11 0.0025 0.25 0.1795 1.795 0.02 440 4 1 1 
0.915 1.84711e-15 1.02318e-12 0.0025 0.25 0.1795 1.795 0.02 441 5 1 1 
0.925 -1.12897e-15 1.42109e-13 0.0025 0.25 0.1795 1.795 0.02 442 5 1 1 
0.935 -2.29506e-15 1.42109e-14 0.0025 0.25 0.1795 1.795 0.02 443 5 1 1 
0.945 -3.0022e-15 9.9476e-14 0.0025 0.25 0.1795 1.795 0.02 444 5 1 1 
0.955 -4.94798e-15 1.42109e-14 0.0025 0.25 0.1795 1.795 0.02 445 5 1 1 
0.965 8.69608e-15 1.42109e-14 0.0025 0.25 0.1795 1.795 0.02 446 5 1 1 
0.975 1.29676e-15 1.42109e-14 0.0025 0.25 0.1795 1.795 0.02 447 5 1 1 
0.985 -1.73675e-15 1.56319e-13 0.0025 0.25 0.1795 1.795 0.02 448 5 1 1 
0.995 -1.09329e-14 1.27898e-13 0.0025 0.25 0.1795 1.795 0.02 449 3 1 1 
1.005 1.09329e-14 -1.27898e-13 0.0025 0.25 0.1795 1.795 0.02 450 3 1 1 
1.015 1.73675e-15 -1.56319e-13 0.0025 0.25 0.1795 1.795 0.02 451 5 1 1 
1.025 -1.29676e-15 -1.42109e-14 0.0025 0.25 0.1795 1.795 0.02 452 5 1 1 
1.035 -8.69608e-15 -1.42109e-14 0.0025 0.25 0.1795 1.795 0.02 453 5 1 1 
1.045 4.94798e-15 -1.42109e-14 0.0025 0.25 0.1795 1.795 0.02 454 5 1 1 
1.055 3.0022e-15 -9.9476e-14 0.0025 0.25 0.1795 1.795 0.02 455 5 1 1 
1.065 2.29506e-15 -1.42109e-14 0.0025 0.25 0.1795 1.795 0.02 456 5 1 1 
1.075 1.07679e-15 -1.42109e-13 0.0025 0.25 0.1795 1.795 0.02 457 5 1 1 
1.085 -2.07322e-15 -6.82121e-13 0.0025 0.25 0.1795 1.795 0.02 458 5 1 1 
1.095 -3.09501e-14 -1.66693e-11 0.0025 0.25 0.1795 1.795 0.02 459 4 1 1 
1.105 -3.52278e-13 -1.05658e-10 0.0025 0.25 0.1795 1.795 0.02 460 4 1 1 
1.115 -2.17145e-12 -6.24141e-10 0.0025 0.25 0.1795 1.795 0.02 461 4 1 1 
1.125 -1.29512e-11 -3.58328e-09 0.0025 0.25 0.1795 1.795 0.02 462 4 1 1 
1.135 -7.40398e-11 -1.96461e-08 0.0025 0.25 0.1795 1.795 0.02 463 4 1 1 
1.145 -4.02293e-10 -1.02637e-07 0.0025 0.25 0.1795 1.795 0.02 464 4 1 1 
1.155 -2.0917e-09 -5.14114e-07 0.0025 0.25 0.1795 1.795 0.02 465 4 1 1 
1.165 -1.04342e-08 -2.47837e-06 0.0025 0.25 0.1795 1.795 0.02 466 4 1 1 
1.175 -5.0134e-08 -1.15521e-05 0.0025 0.25 0.1795 1.795 0.02 467 4 1 1 
1.185 -2.32451e-07 -5.19645e-05 0.0025 0.25 0.1795 1.795 0.02 468 4 1 1 
1.195 -1.02292e-06 -0.000212585 0.0025 0.25 0.1795 1.795 0.02 469 4 1 1 
1.205 -3.75426e-06 -0.000585949 0.0025 0.250001 0.179501 1.795 0.02 470 3 1 1 
1.215 4.00884e-07 0.00560688 0.0025 0.249995 0.179495 1.79499 0.0200004 471 4 1 1 
1.225 0.000198301 0.051179 0.0025 0.24998 0.179479 1.79494 0.0200016 472 5 1 0.999988 
1.235 -0.000388251 -0.460226 0.0025 0.25041 0.179908 1.79617 0.0199672 473 4 1 0.999102 
1.24497 -0.0148934 -5.13524 0.0025 0.254396 0.183954 1.8079 0.0196544 474 4 1 0.988963 
1.25466 -0.0915464 -18.9945 0.0025 0.270768 0.201212 1.85808 0.018466 475 4 1 0.965451 
1.26351 -0.266362 -30.6263 0.0025 0.308217 0.24315 1.97237 0.0162223 476 4 1 0.963153 
1.27104 -0.458287 -23.5089 0.0025 0.359149 0.304071 2.11646 0.0139218 477 4 1 0.980887 
1.27753 -0.572003 -11.173 0.0025 0.403052 0.359218 2.22789 0.0124053 478 4 1 0.99252 
1.28348 -0.626551 -5.76717 0.0025 0.430389 0.394361 2.2906 0.0116174 479 4 1 0.997796 
1.28915 -0.654137 -2.61119 0.0025 0.445328 0.41381 2.32299 0.0112277 480 4 1 0.999529 
1.2947 -0.665835 -1.0706 0.0025 0.452442 0.423146 2.33809 0.0110511 481 4 1 0.999924 
1.3002 -0.670504 -0.394554 0.0025 0.455363 0.427016 2.34436 0.0109803 482 4 1 0.999991 
1.30568 -0.672171 -0.136693 0.0025 0.456431 0.428468 2.34683 0.0109546 483 4 1 0.999999 
1.31116 -0.672742 -0.0447799 0.0025 0.456766 0.428969 2.34786 0.0109465 484 4 1 1 
1.31663 -0.672938 -0.0150153 0.0025 0.456833 0.429133 2.34841 0.0109449 485 3 1 1 
1.3221 -0.673012 -0.00522654 0.0025 0.456803 0.429186 2.34886 0.0109456 486 4 1 1 
1.32758 -0.673047 -0.00191763 0.0025 0.456726 0.429202 2.34934 0.0109475 487 4 1 1 
1.33305 -0.67307 -0.00066478 0.0025 0.456618 0.429204 2.34991 0.0109501 488 4 1 1 
1.33853 -0.673089 -3.1462e-05 0.0025 0.456475 0.429201 2.35063 0.0109535 489 4 1 1 
1.344 -0.673106 0.000392833 0.0025 0.456289 0.429193 2.35154 0.010958 490 4 1 1 
1.34948 -0.673123 0.000742058 0.0025 0.456043 0.429179 2.35274 0.0109639 491 4 1 0.999999 
1.35497 -0.67314 0.00105627 0.0025 0.455708 0.429156 2.35433 0.0109719 492 4 1 0.999999 
1.36046 -0.673158 0.00135591 0.0025 0.455237 0.429113 2.35654 0.0109833 493 4 1 0.999997 
1.36595 -0.673176 0.0016597 0.0025 0.454539 0.429032 2.35971 0.0110001 494 4 1 0.999994 
1.37146 -0.673195 0.00198481 0.0025 0.453453 0.428897 2.36462 0.0110265 495 4 1 0.999986 
1.37698 -0.673215 0.0023431 0.0025 0.451831 0.428942 2.37335 0.0110661 496 4 1 0.999967 
1.38252 -0.673236 0.00274203 0.0025 0.450235 0.430617 2.39107 0.0111053 497 5 1 0.998659 
1.38808 -0.673259 0.00318216 0.0025 0.458853 0.450085 2.45223 0.0108967 498 4 1 0.993695 
1.39343 -0.673283 0.00363912 0.0025 0.481343 0.415626 2.15868 0.0103876 499 4 1 0.9937 
