# Time [s]: 4.98043e+12
# Columns: pos [pc], vel [pc/s], acc [pc/s^2], mass [Msun], dens [g/cm^3], pres [barye], ene [erg/g], sml [pc], id, neighbor, alpha, gradh, ...additional?
4.30045e+16 -673.278 1.14541e-13 4.97118e+27 0.000506901 4.40283 21714.5 3.04399e+14 0 4 1 0.994707 
4.31531e+16 -673.299 1.27671e-13 4.97118e+27 0.00053099 4.11593 19378.6 2.9059e+14 1 4 1 0.999668 
4.32952e+16 -673.321 1.41532e-13 4.97118e+27 0.000544116 4.27064 19621.9 2.83579e+14 2 4 1 0.999987 
4.34367e+16 -673.344 1.56806e-13 4.97118e+27 0.000545739 4.28811 19643.6 2.82736e+14 3 4 1 0.999999 
4.35779e+16 -673.369 1.73645e-13 4.97118e+27 0.000546153 4.29061 19640.1 2.82521e+14 4 4 1 1 
4.37192e+16 -673.397 1.92283e-13 4.97118e+27 0.000546248 4.29109 19638.9 2.82472e+14 5 4 1 1 
4.38604e+16 -673.428 2.13364e-13 4.97118e+27 0.00054627 4.29105 19637.9 2.82461e+14 6 4 1 1 
4.40016e+16 -673.461 2.37678e-13 4.97118e+27 0.000546275 4.29088 19637 2.82458e+14 7 3 1 1 
4.41429e+16 -673.499 2.65724e-13 4.97118e+27 0.000546273 4.29069 19636.2 2.82459e+14 8 4 1 1 
4.42841e+16 -673.54 2.97687e-13 4.97118e+27 0.000546267 4.29046 19635.4 2.82463e+14 9 4 1 1 
4.44253e+16 -673.586 3.33769e-13 4.97118e+27 0.000546255 4.2902 19634.6 2.82469e+14 10 4 1 1 
4.45666e+16 -673.637 3.74428e-13 4.97118e+27 0.000546239 4.28991 19633.8 2.82477e+14 11 4 1 1 
4.47078e+16 -673.694 4.20499e-13 4.97118e+27 0.000546218 4.28959 19633.1 2.82488e+14 12 4 1 1 
4.48491e+16 -673.758 4.72978e-13 4.97118e+27 0.000546193 4.28922 19632.4 2.82501e+14 13 4 1 1 
4.49903e+16 -673.829 5.3216e-13 4.97118e+27 0.000546162 4.28881 19631.6 2.82517e+14 14 4 1 1 
4.51316e+16 -673.909 5.97777e-13 4.97118e+27 0.000546126 4.28835 19630.8 2.82536e+14 15 4 1 1 
4.52728e+16 -673.998 6.71215e-13 4.97118e+27 0.000546083 4.28783 19629.9 2.82558e+14 16 4 1 1 
4.54141e+16 -674.098 7.56091e-13 4.97118e+27 0.000546034 4.28725 19629 2.82583e+14 17 4 1 1 
4.55554e+16 -674.211 8.56434e-13 4.97118e+27 0.000545978 4.28658 19628 2.82612e+14 18 4 1 1 
4.56967e+16 -674.34 9.80297e-13 4.97118e+27 0.000545912 4.28581 19626.9 2.82646e+14 19 4 1 1 
4.58381e+16 -674.491 1.14624e-12 4.97118e+27 0.000545834 4.28492 19625.6 2.82687e+14 20 4 1 1 
4.59794e+16 -674.67 1.37578e-12 4.97118e+27 0.000545739 4.28384 19624 2.82736e+14 21 4 1 1 
4.61208e+16 -674.886 1.68119e-12 4.97118e+27 0.000545622 4.28253 19622.2 2.82796e+14 22 4 1 1 
4.62622e+16 -675.154 2.07565e-12 4.97118e+27 0.000545477 4.28091 19620 2.82872e+14 23 4 1 1 
-1.53163e+16 -675.485 2.57652e-12 4.97118e+27 0.000545297 4.27891 19617.3 2.82965e+14 24 4 1 1 
-1.51748e+16 -675.892 3.16155e-12 4.97118e+27 0.000545078 4.27647 19614.1 2.83079e+14 25 4 1 1 
-1.50332e+16 -676.379 3.74721e-12 4.97118e+27 0.000544818 4.2736 19610.2 2.83214e+14 26 4 1 0.999999 
-1.48916e+16 -676.939 4.23568e-12 4.97118e+27 0.000544527 4.27038 19605.9 2.83365e+14 27 4 1 0.999999 
-1.47499e+16 -677.539 4.49524e-12 4.97118e+27 0.000544223 4.26703 19601.5 2.83524e+14 28 4 1 0.999999 
-1.46081e+16 -678.118 4.21356e-12 4.97118e+27 0.000543937 4.26387 19597.3 2.83673e+14 29 4 1 0.999999 
-1.44662e+16 -678.611 3.50997e-12 4.97118e+27 0.000543712 4.26138 19593.9 2.8379e+14 30 4 1 0.999999 
-1.43243e+16 -678.881 8.86818e-13 4.97118e+27 0.000543587 4.26 19592.1 2.83855e+14 31 5 1 1 
-1.41823e+16 -679.192 3.38167e-12 4.97118e+27 0.000543598 4.26006 19592.1 2.83849e+14 32 4 1 0.999983 
-1.40404e+16 -677.785 -2.8486e-11 4.97118e+27 0.000544727 4.27236 19608.2 2.83261e+14 33 4 1 0.999838 
-1.38991e+16 -670.744 -7.47212e-11 4.97118e+27 0.000548417 4.31291 19661.2 2.81355e+14 34 4 1 0.99956 
-1.37591e+16 -658.134 -1.12724e-10 4.97118e+27 0.000554883 4.3843 19753.6 2.78077e+14 35 4 1 0.999315 
-1.3621e+16 -641.772 -1.35313e-10 4.97118e+27 0.000563348 4.47825 19873.6 2.73898e+14 36 4 1 0.999203 
-1.34852e+16 -623.768 -1.43686e-10 4.97118e+27 0.000572824 4.58411 20006.7 2.69367e+14 37 4 1 0.999233 
-1.33516e+16 -605.932 -1.38888e-10 4.97118e+27 0.000582418 4.69198 20140 2.6493e+14 38 4 1 0.999332 
-1.32202e+16 -589.368 -1.29374e-10 4.97118e+27 0.000591557 4.79536 20265.8 2.60837e+14 39 4 1 0.999415 
-1.30907e+16 -574.085 -1.23245e-10 4.97118e+27 0.000600185 4.89353 20383.4 2.57087e+14 40 4 1 0.999436 
-1.29631e+16 -559.219 -1.26414e-10 4.97118e+27 0.000608678 4.99071 20498.3 2.535e+14 41 4 1 0.999403 
-1.28372e+16 -543.908 -1.3528e-10 4.97118e+27 0.000617494 5.09217 20616.4 2.49881e+14 42 4 1 0.999341 
-1.27132e+16 -527.669 -1.46373e-10 4.97118e+27 0.000626884 5.20091 20741.3 2.46138e+14 43 4 1 0.999279 
-1.25911e+16 -510.539 -1.56394e-10 4.97118e+27 0.00063689 5.31749 20873 2.42271e+14 44 4 1 0.999234 
-1.24709e+16 -492.709 -1.64236e-10 4.97118e+27 0.000647411 5.44087 21010.3 2.38334e+14 45 4 1 0.99921 
-1.23527e+16 -474.562 -1.69911e-10 4.97118e+27 0.000658305 5.56948 21150.9 2.3439e+14 46 4 1 0.999204 
-1.22365e+16 -456.225 -1.73896e-10 4.97118e+27 0.000669446 5.70188 21293.4 2.30489e+14 47 4 1 0.999211 
-1.21222e+16 -437.903 -1.76811e-10 4.97118e+27 0.000680741 5.83701 21436.3 2.26665e+14 48 4 1 0.999226 
-1.20098e+16 -419.691 -1.78773e-10 4.97118e+27 0.000692122 5.97408 21579 2.22938e+14 49 4 1 0.999245 
-1.18993e+16 -401.64 -1.80569e-10 4.97118e+27 0.00070355 6.11264 21720.8 2.19316e+14 50 4 1 0.999267 
-1.17905e+16 -383.834 -1.81685e-10 4.97118e+27 0.000714997 6.25232 21861.4 2.15805e+14 51 4 1 0.999291 
-1.16834e+16 -366.224 -1.82449e-10 4.97118e+27 0.000726434 6.39277 22000.6 2.12408e+14 52 4 1 0.999314 
-1.15781e+16 -348.894 -1.83428e-10 4.97118e+27 0.000737853 6.5339 22138.3 2.0912e+14 53 4 1 0.999337 
-1.14743e+16 -331.786 -1.84019e-10 4.97118e+27 0.000749252 6.67565 22274.4 2.05939e+14 54 4 1 0.999358 
-1.13721e+16 -314.944 -1.84888e-10 4.97118e+27 0.000760626 6.81794 22409.1 2.02859e+14 55 4 1 0.999381 
-1.12714e+16 -298.352 -1.8522e-10 4.97118e+27 0.000771969 6.96071 22542.1 1.99878e+14 56 4 1 0.999402 
-1.11722e+16 -281.982 -1.85747e-10 4.97118e+27 0.000783274 7.10382 22673.6 1.96994e+14 57 4 1 0.999422 
-1.10744e+16 -265.856 -1.86269e-10 4.97118e+27 0.000794544 7.24733 22803.5 1.94199e+14 58 4 1 0.999441 
-1.0978e+16 -249.98 -1.86563e-10 4.97118e+27 0.000805776 7.39115 22931.9 1.91493e+14 59 4 1 0.999459 
-1.08829e+16 -234.319 -1.87145e-10 4.97118e+27 0.000816971 7.53531 23058.8 1.88868e+14 60 4 1 0.999478 
-1.07891e+16 -218.91 -1.87309e-10 4.97118e+27 0.000828126 7.67974 23184.2 1.86324e+14 61 4 1 0.999496 
-1.06966e+16 -203.702 -1.8728e-10 4.97118e+27 0.000839228 7.82426 23308 1.83859e+14 62 4 1 0.999512 
-1.06053e+16 -188.712 -1.87953e-10 4.97118e+27 0.000850289 7.96902 23430.4 1.81468e+14 63 4 1 0.999528 
-1.05151e+16 -173.96 -1.87868e-10 4.97118e+27 0.000861309 8.11398 23551.4 1.79146e+14 64 4 1 0.999543 
-1.04261e+16 -159.4 -1.88069e-10 4.97118e+27 0.000872278 8.25901 23670.9 1.76893e+14 65 4 1 0.999558 
-1.03382e+16 -145.066 -1.88274e-10 4.97118e+27 0.000883202 8.40417 23789 1.74705e+14 66 4 1 0.999573 
-1.02514e+16 -130.934 -1.87865e-10 4.97118e+27 0.000894068 8.54927 23905.6 1.72582e+14 67 4 1 0.999588 
-1.01656e+16 -117.006 -1.87938e-10 4.97118e+27 0.000904873 8.69426 24020.7 1.70521e+14 68 4 1 0.9996 
-1.00809e+16 -103.29 -1.88305e-10 4.97118e+27 0.000915634 8.83936 24134.6 1.68517e+14 69 4 1 0.999614 
-9.99712e+15 -89.7457 -1.88116e-10 4.97118e+27 0.000926337 8.98437 24247.1 1.6657e+14 70 4 1 0.999636 
-9.91431e+15 -76.5141 -1.83597e-10 4.97118e+27 0.000936873 9.12777 24357 1.64697e+14 71 4 1 0.999657 
-9.83241e+15 -63.8225 -1.79515e-10 4.97118e+27 0.000947189 9.26862 24463.7 1.62903e+14 72 4 1 0.999643 
-9.7514e+15 -51.0467 -1.94068e-10 4.97118e+27 0.000957707 9.41296 24572 1.61114e+14 73 4 1 0.999616 
-9.67129e+15 -37.159 -2.10837e-10 4.97118e+27 0.000968769 9.56612 24685.7 1.59274e+14 74 4 1 0.999725 
-9.59212e+15 -24.3298 -1.5711e-10 4.97118e+27 0.000978762 9.70511 24787.6 1.57648e+14 75 4 1 0.99989 
-9.51364e+15 -16.9439 -6.85184e-11 4.97118e+27 0.00098556 9.79827 24855 1.56561e+14 76 4 1 0.99984 
-9.43556e+15 -10.8052 -1.48448e-10 4.97118e+27 0.00099236 9.89137 24922.4 1.55488e+14 77 4 1 0.99946 
-9.35815e+15 5.20656 -3.34892e-10 4.97118e+27 0.00100501 10.0705 25050.9 1.5353e+14 78 4 1 0.999481 
-9.28202e+15 25.3637 -2.42181e-10 4.97118e+27 0.00101951 10.277 25196.6 1.51348e+14 79 4 1 0.999963 
-9.2068e+15 32.6114 -1.79949e-11 4.97118e+27 0.00102648 10.3745 25264.4 1.5032e+14 80 3 1 1 
-9.1317e+15 31.7131 2.84965e-11 4.97118e+27 0.0010264 10.372 25262.6 1.50331e+14 81 4 1 1 
-9.05647e+15 29.288 4.19057e-11 4.97118e+27 0.00102427 10.3417 25241.5 1.50644e+14 82 4 1 0.999989 
-8.98105e+15 26.201 5.08955e-11 4.97118e+27 0.00102155 10.3032 25214.6 1.51045e+14 83 4 1 0.99998 
-8.90542e+15 22.7146 5.60268e-11 4.97118e+27 0.00101854 10.2607 25184.7 1.51491e+14 84 4 1 0.999975 
-8.82956e+15 19.0721 5.7303e-11 4.97118e+27 0.00101546 10.2172 25154.1 1.51951e+14 85 4 1 0.999973 
-8.75347e+15 15.5055 5.50279e-11 4.97118e+27 0.00101249 10.1752 25124.5 1.52397e+14 86 4 1 0.999974 
-8.67716e+15 12.2086 4.99531e-11 4.97118e+27 0.00100977 10.137 25097.5 1.52807e+14 87 4 1 0.999978 
-8.60066e+15 9.31584 4.31005e-11 4.97118e+27 0.00100742 10.1039 25074 1.53164e+14 88 4 1 0.999983 
-8.524e+15 6.89548 3.55101e-11 4.97118e+27 0.00100546 10.0765 25054.5 1.53462e+14 89 4 1 0.999988 
-8.4472e+15 4.95647 2.80519e-11 4.97118e+27 0.00100391 10.0547 25039 1.53699e+14 90 4 1 0.999992 
-8.3703e+15 3.46358 2.13245e-11 4.97118e+27 0.00100272 10.038 25027.1 1.53881e+14 91 4 1 0.999995 
-8.29332e+15 2.35539 1.56472e-11 4.97118e+27 0.00100184 10.0258 25018.4 1.54016e+14 92 4 1 0.999997 
-8.21628e+15 1.5601 1.11101e-11 4.97118e+27 0.00100122 10.017 25012.1 1.54112e+14 93 4 1 0.999999 
-8.13921e+15 1.00715 7.64858e-12 4.97118e+27 0.00100078 10.0109 25007.8 1.54179e+14 94 4 1 0.999999 
-8.06211e+15 0.634012 5.11303e-12 4.97118e+27 0.00100049 10.0069 25004.9 1.54224e+14 95 4 1 1 
-7.98498e+15 0.389333 3.32271e-12 4.97118e+27 0.0010003 10.0042 25003 1.54253e+14 96 4 1 1 
-7.90785e+15 0.233273 2.10074e-12 4.97118e+27 0.00100018 10.0025 25001.8 1.54272e+14 97 4 1 1 
-7.83071e+15 0.13639 1.2929e-12 4.97118e+27 0.00100011 10.0015 25001 1.54284e+14 98 4 1 1 
-7.75357e+15 0.0778227 7.74898e-13 4.97118e+27 0.00100006 10.0008 25000.6 1.54291e+14 99 4 1 1 
-7.67642e+15 0.0433345 4.52399e-13 4.97118e+27 0.00100003 10.0005 25000.3 1.54295e+14 100 4 1 1 
-7.59927e+15 0.0235477 2.5732e-13 4.97118e+27 0.00100002 10.0003 25000.2 1.54297e+14 101 4 1 1 
-7.52212e+15 0.0124859 1.42607e-13 4.97118e+27 0.00100001 10.0001 25000.1 1.54299e+14 102 4 1 1 
-7.44497e+15 0.00645958 7.70098e-14 4.97118e+27 0.001 10.0001 25000 1.54299e+14 103 4 1 1 
-7.36782e+15 0.00326019 4.05217e-14 4.97118e+27 0.001 10 25000 1.543e+14 104 4 1 1 
-7.29067e+15 0.00160497 2.07753e-14 4.97118e+27 0.001 10 25000 1.543e+14 105 4 1 1 
-7.21352e+15 0.000770547 1.03774e-14 4.97118e+27 0.001 10 25000 1.543e+14 106 4 1 1 
-7.13637e+15 0.000360697 5.04969e-15 4.97118e+27 0.001 10 25000 1.543e+14 107 4 1 1 
-7.05922e+15 0.000164584 2.39334e-15 4.97118e+27 0.001 10 25000 1.543e+14 108 4 1 1 
-6.98207e+15 7.31836e-05 1.10464e-15 4.97118e+27 0.001 10 25000 1.543e+14 109 4 1 1 
-6.90492e+15 3.17011e-05 4.96377e-16 4.97118e+27 0.001 10 25000 1.543e+14 110 4 1 1 
-6.82777e+15 1.33723e-05 2.17095e-16 4.97118e+27 0.001 10 25000 1.543e+14 111 4 1 1 
-6.75062e+15 5.49062e-06 9.23808e-17 4.97118e+27 0.001 10 25000 1.543e+14 112 4 1 1 
-6.67347e+15 2.19334e-06 3.82324e-17 4.97118e+27 0.001 10 25000 1.543e+14 113 4 1 1 
-6.59632e+15 8.51941e-07 1.53814e-17 4.97118e+27 0.001 10 25000 1.543e+14 114 4 1 1 
-6.51917e+15 3.21543e-07 6.01186e-18 4.97118e+27 0.001 10 25000 1.543e+14 115 4 1 1 
-6.44202e+15 1.17847e-07 2.28197e-18 4.97118e+27 0.001 10 25000 1.543e+14 116 4 1 1 
-6.36487e+15 4.18958e-08 8.39781e-19 4.97118e+27 0.001 10 25000 1.543e+14 117 4 1 1 
-6.28772e+15 1.44266e-08 3.0004e-19 4.97118e+27 0.001 10 25000 1.543e+14 118 4 1 1 
-6.21057e+15 4.80659e-09 1.03324e-19 4.97118e+27 0.001 10 25000 1.543e+14 119 4 1 1 
-6.13342e+15 1.55274e-09 3.46955e-20 4.97118e+27 0.001 10 25000 1.543e+14 120 4 1 1 
-6.05627e+15 4.8558e-10 1.112e-20 4.97118e+27 0.001 10 25000 1.543e+14 121 4 1 1 
-5.97912e+15 1.41509e-10 3.78158e-21 4.97118e+27 0.001 10 25000 1.543e+14 122 4 1 1 
-5.90197e+15 4.11508e-11 7.9205e-22 4.97118e+27 0.001 10 25000 1.543e+14 123 4 1 1 
-5.82482e+15 6.3381e-12 4.45759e-22 4.97118e+27 0.001 10 25000 1.543e+14 124 4 1 1 
-5.74767e+15 1.21851e-13 -9.20989e-24 4.97118e+27 0.001 10 25000 1.543e+14 125 5 1 1 
-5.67052e+15 1.74146e-14 1.84198e-24 4.97118e+27 0.001 10 25000 1.543e+14 126 5 1 1 
-5.59337e+15 3.43443e-45 3.63266e-55 4.97118e+27 0.001 10 25000 1.543e+14 127 5 1 1 
-5.51622e+15 0 0 4.97118e+27 0.001 10 25000 1.543e+14 128 5 1 1 
-5.43907e+15 0 0 4.97118e+27 0.001 10 25000 1.543e+14 129 5 1 1 
-5.36192e+15 0 0 4.97118e+27 0.001 10 25000 1.543e+14 130 5 1 1 
-5.28477e+15 0 0 4.97118e+27 0.001 10 25000 1.543e+14 131 5 1 1 
-5.20762e+15 0 0 4.97118e+27 0.001 10 25000 1.543e+14 132 5 1 1 
-5.13047e+15 0 0 4.97118e+27 0.001 10 25000 1.543e+14 133 5 1 1 
-5.05332e+15 0 0 4.97118e+27 0.001 10 25000 1.543e+14 134 5 1 1 
-4.97617e+15 0 0 4.97118e+27 0.001 10 25000 1.543e+14 135 5 1 1 
-4.89902e+15 0 0 4.97118e+27 0.001 10 25000 1.543e+14 136 5 1 1 
-4.82187e+15 0 0 4.97118e+27 0.001 10 25000 1.543e+14 137 5 1 1 
-4.74472e+15 0 0 4.97118e+27 0.001 10 25000 1.543e+14 138 5 1 1 
-4.66757e+15 0 0 4.97118e+27 0.001 10 25000 1.543e+14 139 5 1 1 
-4.59042e+15 0 0 4.97118e+27 0.001 10 25000 1.543e+14 140 5 1 1 
-4.51327e+15 0 0 4.97118e+27 0.001 10 25000 1.543e+14 141 5 1 1 
-4.43612e+15 0 0 4.97118e+27 0.001 10 25000 1.543e+14 142 5 1 1 
-4.35897e+15 0 0 4.97118e+27 0.001 10 25000 1.543e+14 143 5 1 1 
-4.28182e+15 0 0 4.97118e+27 0.001 10 25000 1.543e+14 144 5 1 1 
-4.20467e+15 0 0 4.97118e+27 0.001 10 25000 1.543e+14 145 5 1 1 
-4.12752e+15 0 0 4.97118e+27 0.001 10 25000 1.543e+14 146 5 1 1 
-4.05037e+15 0 0 4.97118e+27 0.001 10 25000 1.543e+14 147 5 1 1 
-3.97322e+15 0 0 4.97118e+27 0.001 10 25000 1.543e+14 148 5 1 1 
-3.89607e+15 0 0 4.97118e+27 0.001 10 25000 1.543e+14 149 5 1 1 
-3.81892e+15 0 0 4.97118e+27 0.001 10 25000 1.543e+14 150 5 1 1 
-3.74177e+15 0 0 4.97118e+27 0.001 10 25000 1.543e+14 151 5 1 1 
-3.66462e+15 0 0 4.97118e+27 0.001 10 25000 1.543e+14 152 5 1 1 
-3.58747e+15 0 0 4.97118e+27 0.001 10 25000 1.543e+14 153 5 1 1 
-3.51032e+15 0 0 4.97118e+27 0.001 10 25000 1.543e+14 154 5 1 1 
-3.43317e+15 0 0 4.97118e+27 0.001 10 25000 1.543e+14 155 5 1 1 
-3.35602e+15 0 0 4.97118e+27 0.001 10 25000 1.543e+14 156 5 1 1 
-3.27887e+15 0 0 4.97118e+27 0.001 10 25000 1.543e+14 157 5 1 1 
-3.20172e+15 0 0 4.97118e+27 0.001 10 25000 1.543e+14 158 5 1 1 
-3.12457e+15 0 0 4.97118e+27 0.001 10 25000 1.543e+14 159 5 1 1 
-3.04742e+15 0 0 4.97118e+27 0.001 10 25000 1.543e+14 160 5 1 1 
-2.97027e+15 0 0 4.97118e+27 0.001 10 25000 1.543e+14 161 5 1 1 
-2.89312e+15 0 0 4.97118e+27 0.001 10 25000 1.543e+14 162 5 1 1 
-2.81597e+15 0 0 4.97118e+27 0.001 10 25000 1.543e+14 163 5 1 1 
-2.73882e+15 0 0 4.97118e+27 0.001 10 25000 1.543e+14 164 5 1 1 
-2.66167e+15 0 0 4.97118e+27 0.001 10 25000 1.543e+14 165 5 1 1 
-2.58452e+15 0 0 4.97118e+27 0.001 10 25000 1.543e+14 166 5 1 1 
-2.50737e+15 0 0 4.97118e+27 0.001 10 25000 1.543e+14 167 5 1 1 
-2.43022e+15 0 0 4.97118e+27 0.001 10 25000 1.543e+14 168 5 1 1 
-2.35307e+15 0 0 4.97118e+27 0.001 10 25000 1.543e+14 169 5 1 1 
-2.27592e+15 0 0 4.97118e+27 0.001 10 25000 1.543e+14 170 5 1 1 
-2.19877e+15 0 0 4.97118e+27 0.001 10 25000 1.543e+14 171 5 1 1 
-2.12162e+15 0 0 4.97118e+27 0.001 10 25000 1.543e+14 172 5 1 1 
-2.04447e+15 -2.366e-43 -3.63266e-55 4.97118e+27 0.001 10 25000 1.543e+14 173 5 1 1 
-1.96732e+15 -1.04199e-13 -3.63266e-55 4.97118e+27 0.001 10 25000 1.543e+14 174 5 1 1 
-1.89017e+15 -2.42604e-13 0 4.97118e+27 0.001 10 25000 1.543e+14 175 5 1 1 
-1.81302e+15 -3.80393e-13 0 4.97118e+27 0.001 10 25000 1.543e+14 176 5 1 1 
-1.73587e+15 -5.17443e-13 0 4.97118e+27 0.001 10 25000 1.543e+14 177 5 1 1 
-1.65872e+15 -6.1882e-13 0 4.97118e+27 0.001 10 25000 1.543e+14 178 5 1 1 
-1.58157e+15 -7.88258e-13 0 4.97118e+27 0.001 10 25000 1.543e+14 179 5 1 1 
-1.50442e+15 -9.5614e-13 0 4.97118e+27 0.001 10 25000 1.543e+14 180 5 1 1 
-1.42727e+15 -1.12228e-12 0 4.97118e+27 0.001 10 25000 1.543e+14 181 5 1 1 
-1.35012e+15 -1.28541e-12 -3.63266e-55 4.97118e+27 0.001 10 25000 1.543e+14 182 5 1 1 
-1.27297e+15 -1.44403e-12 -3.63266e-55 4.97118e+27 0.001 10 25000 1.543e+14 183 5 1 1 
-1.19582e+15 -1.97495e-12 1.27813e-39 4.97118e+27 0.001 10 25000 1.543e+14 184 5 1 1 
-1.11867e+15 9.17306e-13 3.68395e-24 4.97118e+27 0.001 10 25000 1.543e+14 185 5 1 1 
-1.04152e+15 -3.35788e-12 -1.89163e-37 4.97118e+27 0.001 10 25000 1.543e+14 186 4 1 1 
-9.64375e+14 -2.99146e-12 -1.84198e-23 4.97118e+27 0.001 10 25000 1.543e+14 187 3 1 1 
-8.87225e+14 -1.54358e-13 1.47358e-23 4.97118e+27 0.001 10 25000 1.543e+14 188 4 1 1 
-8.10075e+14 -1.40128e-12 2.81188e-38 4.97118e+27 0.001 10 25000 1.543e+14 189 4 1 1 
-7.32925e+14 -1.85235e-12 -1.47358e-23 4.97118e+27 0.001 10 25000 1.543e+14 190 3 1 1 
-6.55775e+14 -1.87006e-12 2.21037e-23 4.97118e+27 0.001 10 25000 1.543e+14 191 4 1 1 
-5.78625e+14 -2.16086e-12 0 4.97118e+27 0.001 10 25000 1.543e+14 192 5 1 1 
-5.01475e+14 -2.37403e-12 -2.02618e-23 4.97118e+27 0.001 10 25000 1.543e+14 193 4 1 1 
-4.24325e+14 -6.17913e-13 1.28938e-23 4.97118e+27 0.001 10 25000 1.543e+14 194 3 1 1 
-3.47175e+14 -1.38062e-12 3.68395e-24 4.97118e+27 0.001 10 25000 1.543e+14 195 5 1 1 
-2.70025e+14 -6.8732e-13 -7.36791e-24 4.97118e+27 0.001 10 25000 1.543e+14 196 4 1 1 
-1.92875e+14 -6.1574e-13 -1.59766e-39 4.97118e+27 0.001 10 25000 1.543e+14 197 3 1 1 
-1.15725e+14 -1.72486e-13 3.68395e-24 4.97118e+27 0.001 10 25000 1.543e+14 198 4 1 1 
-3.8575e+13 -3.81135e-13 3.68395e-24 4.97118e+27 0.001 10 25000 1.543e+14 199 5 1 1 
3.8575e+13 -1.14225e-13 -5.52593e-24 4.97118e+27 0.001 10 25000 1.543e+14 200 4 1 1 
1.15725e+14 -1.23101e-13 -1.0898e-54 4.97118e+27 0.001 10 25000 1.543e+14 201 3 1 1 
1.92875e+14 -1.23851e-13 1.84198e-24 4.97118e+27 0.001 10 25000 1.543e+14 202 4 1 1 
2.70025e+14 -7.12286e-13 -5.11251e-39 4.97118e+27 0.001 10 25000 1.543e+14 203 4 1 1 
3.47175e+14 7.95238e-13 -3.68395e-24 4.97118e+27 0.001 10 25000 1.543e+14 204 4 1 1 
4.24325e+14 -4.56047e-13 5.43205e-39 4.97118e+27 0.001 10 25000 1.543e+14 205 5 1 1 
5.01475e+14 1.2932e-12 -1.27813e-39 4.97118e+27 0.001 10 25000 1.543e+14 206 5 1 1 
5.78625e+14 2.34743e-12 3.68395e-24 4.97118e+27 0.001 10 25000 1.543e+14 207 5 1 1 
6.55775e+14 1.67694e-12 3.68395e-24 4.97118e+27 0.001 10 25000 1.543e+14 208 5 1 1 
7.32925e+14 2.35914e-12 -1.78938e-38 4.97118e+27 0.001 10 25000 1.543e+14 209 5 1 1 
8.10075e+14 1.0016e-12 -3.61071e-38 4.97118e+27 0.001 10 25000 1.543e+14 210 4 1 1 
8.87225e+14 4.66977e-13 2.03429e-53 4.97118e+27 0.001 10 25000 1.543e+14 211 3 1 1 
9.64375e+14 1.8721e-12 -3.68395e-24 4.97118e+27 0.001 10 25000 1.543e+14 212 4 1 1 
1.04153e+15 9.63264e-13 1.78938e-38 4.97118e+27 0.001 10 25000 1.543e+14 213 5 1 1 
1.11868e+15 2.09434e-12 -1.27813e-39 4.97118e+27 0.001 10 25000 1.543e+14 214 5 1 1 
1.19583e+15 1.67134e-12 -1.45306e-54 4.97118e+27 0.001 10 25000 1.543e+14 215 5 1 1 
1.27298e+15 1.16856e-12 7.26532e-55 4.97118e+27 0.001 10 25000 1.543e+14 216 5 1 1 
1.35013e+15 1.00879e-12 3.63266e-55 4.97118e+27 0.001 10 25000 1.543e+14 217 5 1 1 
1.42728e+15 8.8246e-13 3.63266e-55 4.97118e+27 0.001 10 25000 1.543e+14 218 5 1 1 
1.50443e+15 7.81847e-13 3.68395e-24 4.97118e+27 0.001 10 25000 1.543e+14 219 5 1 1 
1.58158e+15 5.47089e-13 1.27813e-39 4.97118e+27 0.001 10 25000 1.543e+14 220 5 1 1 
1.65873e+15 3.72571e-13 7.36791e-24 4.97118e+27 0.001 10 25000 1.543e+14 221 5 1 1 
1.73588e+15 5.51275e-13 -6.99951e-23 4.97118e+27 0.001 10 25000 1.543e+14 222 3 1 1 
1.81303e+15 5.49679e-12 2.94716e-23 4.97118e+27 0.001 10 25000 1.543e+14 223 3 1 1 
1.89018e+15 1.73913e-12 1.84198e-23 4.97118e+27 0.001 10 25000 1.543e+14 224 5 1 1 
1.96733e+15 7.13191e-13 9.20989e-24 4.97118e+27 0.001 10 25000 1.543e+14 225 5 1 1 
2.04448e+15 2.08752e-13 2.54286e-54 4.97118e+27 0.001 10 25000 1.543e+14 226 5 1 1 
2.12163e+15 5.222e-14 1.84198e-24 4.97118e+27 0.001 10 25000 1.543e+14 227 5 1 1 
2.19878e+15 1.71657e-44 3.63266e-55 4.97118e+27 0.001 10 25000 1.543e+14 228 5 1 1 
2.27593e+15 0 0 4.97118e+27 0.001 10 25000 1.543e+14 229 5 1 1 
2.35308e+15 0 0 4.97118e+27 0.001 10 25000 1.543e+14 230 5 1 1 
2.43023e+15 0 0 4.97118e+27 0.001 10 25000 1.543e+14 231 5 1 1 
2.50738e+15 0 0 4.97118e+27 0.001 10 25000 1.543e+14 232 5 1 1 
2.58453e+15 0 0 4.97118e+27 0.001 10 25000 1.543e+14 233 5 1 1 
2.66168e+15 0 0 4.97118e+27 0.001 10 25000 1.543e+14 234 5 1 1 
2.73883e+15 0 0 4.97118e+27 0.001 10 25000 1.543e+14 235 5 1 1 
2.81598e+15 0 0 4.97118e+27 0.001 10 25000 1.543e+14 236 5 1 1 
2.89313e+15 -1.40251e-42 -3.63266e-55 4.97118e+27 0.001 10 25000 1.543e+14 237 5 1 1 
2.97028e+15 -1.69188e-13 0 4.97118e+27 0.001 10 25000 1.543e+14 238 5 1 1 
3.04743e+15 -3.37357e-13 3.63266e-55 4.97118e+27 0.001 10 25000 1.543e+14 239 5 1 1 
3.12458e+15 1.58941e-12 0 4.97118e+27 0.001 10 25000 1.543e+14 240 5 1 1 
3.20173e+15 1.42405e-12 1.81633e-54 4.97118e+27 0.001 10 25000 1.543e+14 241 5 1 1 
3.27888e+15 2.56081e-12 -5.08572e-54 4.97118e+27 0.001 10 25000 1.543e+14 242 5 1 1 
3.35603e+15 9.33523e-13 2.54286e-54 4.97118e+27 0.001 10 25000 1.543e+14 243 5 1 1 
3.43318e+15 7.73212e-13 -1.84198e-24 4.97118e+27 0.001 10 25000 1.543e+14 244 5 1 1 
3.51033e+15 -1.38902e-12 1.0898e-53 4.97118e+27 0.001 10 25000 1.543e+14 245 5 1 1 
3.58748e+15 2.5657e-12 -1.19878e-53 4.97118e+27 0.001 10 25000 1.543e+14 246 5 1 1 
3.66463e+15 -1.7289e-13 1.27813e-39 4.97118e+27 0.001 10 25000 1.543e+14 247 5 1 1 
3.74178e+15 -2.09243e-14 -2.31661e-37 4.97118e+27 0.001 10 25000 1.543e+14 248 5 1 1 
3.81893e+15 -3.1251e-12 -2.32939e-37 4.97118e+27 0.001 10 25000 1.543e+14 249 4 1 1 
3.89608e+15 3.1251e-12 2.32939e-37 4.97118e+27 0.001 10 25000 1.543e+14 250 4 1 1 
3.97323e+15 2.09243e-14 2.31661e-37 4.97118e+27 0.001 10 25000 1.543e+14 251 5 1 1 
4.05038e+15 1.7289e-13 -1.27813e-39 4.97118e+27 0.001 10 25000 1.543e+14 252 5 1 1 
4.12753e+15 -2.5657e-12 1.19878e-53 4.97118e+27 0.001 10 25000 1.543e+14 253 5 1 1 
4.20468e+15 1.38902e-12 -1.0898e-53 4.97118e+27 0.001 10 25000 1.543e+14 254 5 1 1 
4.28183e+15 -7.73212e-13 1.84198e-24 4.97118e+27 0.001 10 25000 1.543e+14 255 5 1 1 
4.35898e+15 -9.33523e-13 -2.54286e-54 4.97118e+27 0.001 10 25000 1.543e+14 256 5 1 1 
4.43613e+15 -2.56081e-12 5.08572e-54 4.97118e+27 0.001 10 25000 1.543e+14 257 5 1 1 
4.51328e+15 -1.42405e-12 -1.81633e-54 4.97118e+27 0.001 10 25000 1.543e+14 258 5 1 1 
4.59043e+15 -1.58941e-12 0 4.97118e+27 0.001 10 25000 1.543e+14 259 5 1 1 
4.66758e+15 3.37357e-13 -3.63266e-55 4.97118e+27 0.001 10 25000 1.543e+14 260 5 1 1 
4.74473e+15 1.69188e-13 0 4.97118e+27 0.001 10 25000 1.543e+14 261 5 1 1 
4.82188e+15 1.40251e-42 3.63266e-55 4.97118e+27 0.001 10 25000 1.543e+14 262 5 1 1 
4.89903e+15 0 0 4.97118e+27 0.001 10 25000 1.543e+14 263 5 1 1 
4.97618e+15 0 0 4.97118e+27 0.001 10 25000 1.543e+14 264 5 1 1 
5.05333e+15 0 0 4.97118e+27 0.001 10 25000 1.543e+14 265 5 1 1 
5.13048e+15 0 0 4.97118e+27 0.001 10 25000 1.543e+14 266 5 1 1 
5.20763e+15 0 0 4.97118e+27 0.001 10 25000 1.543e+14 267 5 1 1 
5.28478e+15 0 0 4.97118e+27 0.001 10 25000 1.543e+14 268 5 1 1 
5.36193e+15 0 0 4.97118e+27 0.001 10 25000 1.543e+14 269 5 1 1 
5.43908e+15 0 0 4.97118e+27 0.001 10 25000 1.543e+14 270 5 1 1 
5.51623e+15 0 0 4.97118e+27 0.001 10 25000 1.543e+14 271 5 1 1 
5.59338e+15 -3.43443e-45 -3.63266e-55 4.97118e+27 0.001 10 25000 1.543e+14 272 5 1 1 
5.67053e+15 -1.74146e-14 -1.84198e-24 4.97118e+27 0.001 10 25000 1.543e+14 273 5 1 1 
5.74768e+15 1.75165e-14 2.02618e-23 4.97118e+27 0.001 10 25000 1.543e+14 274 5 1 1 
5.82483e+15 -5.57218e-12 -4.45759e-22 4.97118e+27 0.001 10 25000 1.543e+14 275 4 1 1 
5.90198e+15 -3.76715e-11 -7.99418e-22 4.97118e+27 0.001 10 25000 1.543e+14 276 4 1 1 
5.97913e+15 -1.37381e-10 -3.6287e-21 4.97118e+27 0.001 10 25000 1.543e+14 277 4 1 1 
6.05627e+15 -4.87079e-10 -1.12637e-20 4.97118e+27 0.001 10 25000 1.543e+14 278 4 1 1 
6.13342e+15 -1.54624e-09 -3.46144e-20 4.97118e+27 0.001 10 25000 1.543e+14 279 4 1 1 
6.21057e+15 -4.8153e-09 -1.03444e-19 4.97118e+27 0.001 10 25000 1.543e+14 280 4 1 1 
6.28772e+15 -1.44191e-08 -2.99992e-19 4.97118e+27 0.001 10 25000 1.543e+14 281 4 1 1 
6.36487e+15 -4.18951e-08 -8.39824e-19 4.97118e+27 0.001 10 25000 1.543e+14 282 4 1 1 
6.44202e+15 -1.17843e-07 -2.28205e-18 4.97118e+27 0.001 10 25000 1.543e+14 283 4 1 1 
6.51917e+15 -3.21547e-07 -6.01173e-18 4.97118e+27 0.001 10 25000 1.543e+14 284 4 1 1 
6.59632e+15 -8.51939e-07 -1.53814e-17 4.97118e+27 0.001 10 25000 1.543e+14 285 4 1 1 
6.67347e+15 -2.19333e-06 -3.82324e-17 4.97118e+27 0.001 10 25000 1.543e+14 286 4 1 1 
6.75062e+15 -5.49063e-06 -9.23809e-17 4.97118e+27 0.001 10 25000 1.543e+14 287 4 1 1 
6.82777e+15 -1.33723e-05 -2.17094e-16 4.97118e+27 0.001 10 25000 1.543e+14 288 4 1 1 
6.90492e+15 -3.17011e-05 -4.96377e-16 4.97118e+27 0.001 10 25000 1.543e+14 289 4 1 1 
6.98207e+15 -7.31836e-05 -1.10464e-15 4.97118e+27 0.001 10 25000 1.543e+14 290 4 1 1 
7.05922e+15 -0.000164584 -2.39334e-15 4.97118e+27 0.001 10 25000 1.543e+14 291 4 1 1 
7.13637e+15 -0.000360697 -5.04969e-15 4.97118e+27 0.001 10 25000 1.543e+14 292 4 1 1 
7.21352e+15 -0.000770547 -1.03774e-14 4.97118e+27 0.001 10 25000 1.543e+14 293 4 1 1 
7.29067e+15 -0.00160497 -2.07753e-14 4.97118e+27 0.001 10 25000 1.543e+14 294 4 1 1 
7.36782e+15 -0.00326019 -4.05217e-14 4.97118e+27 0.001 10 25000 1.543e+14 295 4 1 1 
7.44497e+15 -0.00645958 -7.70098e-14 4.97118e+27 0.001 10.0001 25000 1.54299e+14 296 4 1 1 
7.52212e+15 -0.0124859 -1.42607e-13 4.97118e+27 0.00100001 10.0001 25000.1 1.54299e+14 297 4 1 1 
7.59927e+15 -0.0235477 -2.5732e-13 4.97118e+27 0.00100002 10.0003 25000.2 1.54297e+14 298 4 1 1 
7.67642e+15 -0.0433345 -4.52399e-13 4.97118e+27 0.00100003 10.0005 25000.3 1.54295e+14 299 4 1 1 
7.75357e+15 -0.0778227 -7.74898e-13 4.97118e+27 0.00100006 10.0008 25000.6 1.54291e+14 300 4 1 1 
7.83071e+15 -0.13639 -1.2929e-12 4.97118e+27 0.00100011 10.0015 25001 1.54284e+14 301 4 1 1 
7.90785e+15 -0.233273 -2.10074e-12 4.97118e+27 0.00100018 10.0025 25001.8 1.54272e+14 302 4 1 1 
7.98498e+15 -0.389333 -3.32271e-12 4.97118e+27 0.0010003 10.0042 25003 1.54253e+14 303 4 1 1 
8.06211e+15 -0.634012 -5.11303e-12 4.97118e+27 0.00100049 10.0069 25004.9 1.54224e+14 304 4 1 1 
8.13921e+15 -1.00715 -7.64858e-12 4.97118e+27 0.00100078 10.0109 25007.8 1.54179e+14 305 4 1 0.999999 
8.21628e+15 -1.5601 -1.11101e-11 4.97118e+27 0.00100122 10.017 25012.1 1.54112e+14 306 4 1 0.999999 
8.29332e+15 -2.35539 -1.56472e-11 4.97118e+27 0.00100184 10.0258 25018.4 1.54016e+14 307 4 1 0.999997 
8.3703e+15 -3.46358 -2.13245e-11 4.97118e+27 0.00100272 10.038 25027.1 1.53881e+14 308 4 1 0.999995 
8.4472e+15 -4.95647 -2.80519e-11 4.97118e+27 0.00100391 10.0547 25039 1.53699e+14 309 4 1 0.999992 
8.524e+15 -6.89548 -3.55101e-11 4.97118e+27 0.00100546 10.0765 25054.5 1.53462e+14 310 4 1 0.999988 
8.60066e+15 -9.31584 -4.31005e-11 4.97118e+27 0.00100742 10.1039 25074 1.53164e+14 311 4 1 0.999983 
8.67716e+15 -12.2086 -4.99531e-11 4.97118e+27 0.00100977 10.137 25097.5 1.52807e+14 312 4 1 0.999978 
8.75347e+15 -15.5055 -5.50279e-11 4.97118e+27 0.00101249 10.1752 25124.5 1.52397e+14 313 4 1 0.999974 
8.82956e+15 -19.0721 -5.7303e-11 4.97118e+27 0.00101546 10.2172 25154.1 1.51951e+14 314 4 1 0.999973 
8.90542e+15 -22.7146 -5.60268e-11 4.97118e+27 0.00101854 10.2607 25184.7 1.51491e+14 315 4 1 0.999975 
8.98105e+15 -26.201 -5.08955e-11 4.97118e+27 0.00102155 10.3032 25214.6 1.51045e+14 316 4 1 0.99998 
9.05647e+15 -29.288 -4.19057e-11 4.97118e+27 0.00102427 10.3417 25241.5 1.50644e+14 317 4 1 0.999989 
9.1317e+15 -31.7131 -2.84965e-11 4.97118e+27 0.0010264 10.372 25262.6 1.50331e+14 318 4 1 1 
9.2068e+15 -32.6114 1.79949e-11 4.97118e+27 0.00102648 10.3745 25264.4 1.5032e+14 319 3 1 1 
9.28202e+15 -25.3637 2.42181e-10 4.97118e+27 0.00101951 10.277 25196.6 1.51348e+14 320 4 1 0.999963 
9.35815e+15 -5.20656 3.34892e-10 4.97118e+27 0.00100501 10.0705 25050.9 1.5353e+14 321 4 1 0.999481 
9.43556e+15 10.8052 1.48448e-10 4.97118e+27 0.00099236 9.89137 24922.4 1.55488e+14 322 4 1 0.99946 
9.51364e+15 16.9439 6.85184e-11 4.97118e+27 0.00098556 9.79827 24855 1.56561e+14 323 4 1 0.99984 
9.59212e+15 24.3298 1.5711e-10 4.97118e+27 0.000978762 9.70511 24787.6 1.57648e+14 324 4 1 0.99989 
9.67129e+15 37.159 2.10837e-10 4.97118e+27 0.000968769 9.56612 24685.7 1.59274e+14 325 4 1 0.999725 
9.7514e+15 51.0467 1.94068e-10 4.97118e+27 0.000957707 9.41296 24572 1.61114e+14 326 4 1 0.999616 
9.83241e+15 63.8225 1.79515e-10 4.97118e+27 0.000947189 9.26862 24463.7 1.62903e+14 327 4 1 0.999643 
9.91431e+15 76.5141 1.83597e-10 4.97118e+27 0.000936873 9.12777 24357 1.64697e+14 328 4 1 0.999657 
9.99712e+15 89.7457 1.88116e-10 4.97118e+27 0.000926337 8.98437 24247.1 1.6657e+14 329 4 1 0.999636 
1.00809e+16 103.29 1.88305e-10 4.97118e+27 0.000915634 8.83936 24134.6 1.68517e+14 330 4 1 0.999614 
1.01656e+16 117.006 1.87938e-10 4.97118e+27 0.000904873 8.69426 24020.7 1.70521e+14 331 4 1 0.9996 
1.02514e+16 130.934 1.87865e-10 4.97118e+27 0.000894068 8.54927 23905.6 1.72582e+14 332 4 1 0.999588 
1.03382e+16 145.066 1.88274e-10 4.97118e+27 0.000883202 8.40417 23789 1.74705e+14 333 4 1 0.999573 
1.04261e+16 159.4 1.88069e-10 4.97118e+27 0.000872278 8.25901 23670.9 1.76893e+14 334 4 1 0.999558 
1.05151e+16 173.96 1.87868e-10 4.97118e+27 0.000861309 8.11398 23551.4 1.79146e+14 335 4 1 0.999543 
1.06053e+16 188.712 1.87953e-10 4.97118e+27 0.000850289 7.96902 23430.4 1.81468e+14 336 4 1 0.999528 
1.06966e+16 203.702 1.8728e-10 4.97118e+27 0.000839228 7.82426 23308 1.83859e+14 337 4 1 0.999512 
1.07891e+16 218.91 1.87309e-10 4.97118e+27 0.000828126 7.67974 23184.2 1.86324e+14 338 4 1 0.999496 
1.08829e+16 234.319 1.87145e-10 4.97118e+27 0.000816971 7.53531 23058.8 1.88868e+14 339 4 1 0.999478 
1.0978e+16 249.98 1.86563e-10 4.97118e+27 0.000805776 7.39115 22931.9 1.91493e+14 340 4 1 0.999459 
1.10744e+16 265.856 1.86269e-10 4.97118e+27 0.000794544 7.24733 22803.5 1.94199e+14 341 4 1 0.999441 
1.11722e+16 281.982 1.85747e-10 4.97118e+27 0.000783274 7.10382 22673.6 1.96994e+14 342 4 1 0.999422 
1.12714e+16 298.352 1.8522e-10 4.97118e+27 0.000771969 6.96071 22542.1 1.99878e+14 343 4 1 0.999402 
1.13721e+16 314.944 1.84888e-10 4.97118e+27 0.000760626 6.81794 22409.1 2.02859e+14 344 4 1 0.999381 
1.14743e+16 331.786 1.84019e-10 4.97118e+27 0.000749252 6.67565 22274.4 2.05939e+14 345 4 1 0.999358 
1.15781e+16 348.894 1.83428e-10 4.97118e+27 0.000737853 6.5339 22138.3 2.0912e+14 346 4 1 0.999337 
1.16834e+16 366.224 1.82449e-10 4.97118e+27 0.000726434 6.39277 22000.6 2.12408e+14 347 4 1 0.999314 
1.17905e+16 383.834 1.81685e-10 4.97118e+27 0.000714997 6.25232 21861.4 2.15805e+14 348 4 1 0.999291 
1.18993e+16 401.64 1.80569e-10 4.97118e+27 0.00070355 6.11264 21720.8 2.19316e+14 349 4 1 0.999267 
1.20098e+16 419.691 1.78773e-10 4.97118e+27 0.000692122 5.97408 21579 2.22938e+14 350 4 1 0.999245 
1.21222e+16 437.903 1.76811e-10 4.97118e+27 0.000680741 5.83701 21436.3 2.26665e+14 351 4 1 0.999226 
1.22365e+16 456.225 1.73896e-10 4.97118e+27 0.000669446 5.70188 21293.4 2.30489e+14 352 4 1 0.999211 
1.23527e+16 474.562 1.69911e-10 4.97118e+27 0.000658305 5.56948 21150.9 2.3439e+14 353 4 1 0.999204 
1.24709e+16 492.709 1.64236e-10 4.97118e+27 0.000647411 5.44087 21010.3 2.38334e+14 354 4 1 0.99921 
1.25911e+16 510.539 1.56394e-10 4.97118e+27 0.00063689 5.31749 20873 2.42271e+14 355 4 1 0.999234 
1.27132e+16 527.669 1.46373e-10 4.97118e+27 0.000626884 5.20091 20741.3 2.46138e+14 356 4 1 0.999279 
1.28372e+16 543.908 1.3528e-10 4.97118e+27 0.000617494 5.09217 20616.4 2.49881e+14 357 4 1 0.999341 
1.29631e+16 559.219 1.26414e-10 4.97118e+27 0.000608678 4.99071 20498.3 2.535e+14 358 4 1 0.999403 
1.30907e+16 574.085 1.23245e-10 4.97118e+27 0.000600185 4.89353 20383.4 2.57087e+14 359 4 1 0.999436 
1.32202e+16 589.368 1.29374e-10 4.97118e+27 0.000591557 4.79536 20265.8 2.60837e+14 360 4 1 0.999415 
1.33516e+16 605.932 1.38888e-10 4.97118e+27 0.000582418 4.69198 20140 2.6493e+14 361 4 1 0.999332 
1.34852e+16 623.768 1.43686e-10 4.97118e+27 0.000572824 4.58411 20006.7 2.69367e+14 362 4 1 0.999233 
1.3621e+16 641.772 1.35313e-10 4.97118e+27 0.000563348 4.47825 19873.6 2.73898e+14 363 4 1 0.999203 
1.37591e+16 658.134 1.12724e-10 4.97118e+27 0.000554883 4.3843 19753.6 2.78077e+14 364 4 1 0.999315 
1.38991e+16 670.744 7.47212e-11 4.97118e+27 0.000548417 4.31291 19661.2 2.81355e+14 365 4 1 0.99956 
1.40404e+16 677.785 2.8486e-11 4.97118e+27 0.000544727 4.27236 19608.2 2.83261e+14 366 4 1 0.999838 
1.41823e+16 679.192 -3.38167e-12 4.97118e+27 0.000543598 4.26006 19592.1 2.83849e+14 367 4 1 0.999983 
1.43243e+16 678.881 -8.86818e-13 4.97118e+27 0.000543587 4.26 19592.1 2.83855e+14 368 5 1 1 
1.44662e+16 678.611 -3.50997e-12 4.97118e+27 0.000543712 4.26138 19593.9 2.8379e+14 369 4 1 0.999999 
1.46081e+16 678.118 -4.21356e-12 4.97118e+27 0.000543937 4.26387 19597.3 2.83673e+14 370 4 1 0.999999 
1.47499e+16 677.539 -4.49524e-12 4.97118e+27 0.000544223 4.26703 19601.5 2.83524e+14 371 4 1 0.999999 
1.48916e+16 676.939 -4.23568e-12 4.97118e+27 0.000544527 4.27038 19605.9 2.83365e+14 372 4 1 0.999999 
1.50332e+16 676.379 -3.74721e-12 4.97118e+27 0.000544818 4.2736 19610.2 2.83214e+14 373 4 1 0.999999 
1.51748e+16 675.892 -3.16155e-12 4.97118e+27 0.000545078 4.27647 19614.1 2.83079e+14 374 4 1 1 
1.53163e+16 675.485 -2.57652e-12 4.97118e+27 0.000545297 4.27891 19617.3 2.82965e+14 375 4 1 1 
1.54578e+16 675.154 -2.07565e-12 4.97118e+27 0.000545477 4.28091 19620 2.82872e+14 376 4 1 1 
1.55992e+16 674.886 -1.68119e-12 4.97118e+27 0.000545622 4.28253 19622.2 2.82796e+14 377 4 1 1 
1.57406e+16 674.67 -1.37578e-12 4.97118e+27 0.000545739 4.28384 19624 2.82736e+14 378 4 1 1 
1.58819e+16 674.491 -1.14624e-12 4.97118e+27 0.000545834 4.28492 19625.6 2.82687e+14 379 4 1 1 
1.60233e+16 674.34 -9.80297e-13 4.97118e+27 0.000545912 4.28581 19626.9 2.82646e+14 380 4 1 1 
1.61646e+16 674.211 -8.56434e-13 4.97118e+27 0.000545978 4.28658 19628 2.82612e+14 381 4 1 1 
1.63059e+16 674.098 -7.56091e-13 4.97118e+27 0.000546034 4.28725 19629 2.82583e+14 382 4 1 1 
1.64472e+16 673.998 -6.71215e-13 4.97118e+27 0.000546083 4.28783 19629.9 2.82558e+14 383 4 1 1 
1.65884e+16 673.909 -5.97777e-13 4.97118e+27 0.000546126 4.28835 19630.8 2.82536e+14 384 4 1 1 
1.67297e+16 673.829 -5.3216e-13 4.97118e+27 0.000546162 4.28881 19631.6 2.82517e+14 385 4 1 1 
1.68709e+16 673.758 -4.72978e-13 4.97118e+27 0.000546193 4.28922 19632.4 2.82501e+14 386 4 1 1 
1.70122e+16 673.694 -4.20499e-13 4.97118e+27 0.000546218 4.28959 19633.1 2.82488e+14 387 4 1 1 
1.71534e+16 673.637 -3.74428e-13 4.97118e+27 0.000546239 4.28991 19633.8 2.82477e+14 388 4 1 1 
1.72947e+16 673.586 -3.33769e-13 4.97118e+27 0.000546255 4.2902 19634.6 2.82469e+14 389 4 1 1 
1.74359e+16 673.54 -2.97687e-13 4.97118e+27 0.000546267 4.29046 19635.4 2.82463e+14 390 4 1 1 
1.75771e+16 673.499 -2.65724e-13 4.97118e+27 0.000546273 4.29069 19636.2 2.82459e+14 391 4 1 1 
1.77184e+16 673.461 -2.37678e-13 4.97118e+27 0.000546275 4.29088 19637 2.82458e+14 392 3 1 1 
1.78596e+16 673.428 -2.13364e-13 4.97118e+27 0.00054627 4.29105 19637.9 2.82461e+14 393 4 1 1 
1.80008e+16 673.397 -1.92283e-13 4.97118e+27 0.000546248 4.29109 19638.9 2.82472e+14 394 4 1 1 
1.81421e+16 673.369 -1.73645e-13 4.97118e+27 0.000546153 4.29061 19640.1 2.82521e+14 395 4 1 1 
1.82833e+16 673.344 -1.56806e-13 4.97118e+27 0.000545739 4.28811 19643.6 2.82736e+14 396 4 1 0.999999 
1.84248e+16 673.321 -1.41532e-13 4.97118e+27 0.000544116 4.27064 19621.9 2.83579e+14 397 4 1 0.999987 
1.85669e+16 673.299 -1.27671e-13 4.97118e+27 0.00053099 4.11593 19378.6 2.9059e+14 398 4 1 0.999668 
1.87155e+16 673.278 -1.14541e-13 4.97118e+27 0.000506901 4.40283 21714.5 3.04399e+14 399 4 1 0.994707 
1.88715e+16 673.258 -1.0193e-13 4.97118e+27 0.000481358 4.15644 21587 3.20551e+14 400 4 1 0.9937 
1.90364e+16 673.237 -8.95957e-14 4.97118e+27 0.000458866 4.50103 24522.6 3.36264e+14 401 4 1 0.993694 
1.9208e+16 673.218 -7.75457e-14 4.97118e+27 0.000450248 4.30633 23910.9 3.427e+14 402 5 1 0.998658 
1.93791e+16 673.199 -6.6285e-14 4.97118e+27 0.000451843 4.28958 23733.8 3.41491e+14 403 4 1 0.999967 
1.95495e+16 673.181 -5.58616e-14 4.97118e+27 0.000453464 4.28912 23646.4 3.4027e+14 404 4 1 0.999986 
1.97194e+16 673.164 -4.63111e-14 4.97118e+27 0.00045455 4.29046 23597.3 3.39457e+14 405 4 1 0.999994 
1.98889e+16 673.148 -3.75966e-14 4.97118e+27 0.000455247 4.29127 23565.6 3.38937e+14 406 4 1 0.999997 
2.00583e+16 673.133 -2.94859e-14 4.97118e+27 0.000455718 4.29169 23543.5 3.38587e+14 407 4 1 0.999999 
2.02275e+16 673.118 -2.15282e-14 4.97118e+27 0.000456052 4.29192 23527.6 3.38338e+14 408 4 1 0.999999 
2.03966e+16 673.103 -1.31231e-14 4.97118e+27 0.000456299 4.29206 23515.6 3.38156e+14 409 4 1 1 
2.05657e+16 673.088 -3.5608e-15 4.97118e+27 0.000456485 4.29214 23506.5 3.38017e+14 410 4 1 1 
2.07346e+16 673.073 8.51521e-15 4.97118e+27 0.000456629 4.29219 23499.3 3.37911e+14 411 4 1 1 
2.09036e+16 673.056 2.70596e-14 4.97118e+27 0.00045674 4.2922 23493.7 3.37829e+14 412 4 1 1 
2.10725e+16 673.036 6.42006e-14 4.97118e+27 0.000456826 4.29216 23489.1 3.37766e+14 413 4 1 1 
2.12413e+16 673.004 1.63155e-13 4.97118e+27 0.000456885 4.29201 23485.2 3.37722e+14 414 4 1 1 
2.14102e+16 672.936 4.53028e-13 4.97118e+27 0.000456905 4.29152 23481.4 3.37707e+14 415 3 1 1 
2.1579e+16 672.757 1.33897e-12 4.97118e+27 0.000456837 4.29 23476.7 3.37757e+14 416 4 1 1 
2.1748e+16 672.235 4.06226e-12 4.97118e+27 0.000456526 4.28542 23467.5 3.37987e+14 417 4 1 0.999999 
2.1917e+16 670.708 1.17209e-11 4.97118e+27 0.000455543 4.27211 23445 3.38716e+14 418 4 1 0.999992 
2.20867e+16 666.417 3.21086e-11 4.97118e+27 0.000452845 4.2364 23387.4 3.40735e+14 419 4 1 0.999935 
2.22578e+16 655.59 7.82242e-11 4.97118e+27 0.000446233 4.14964 23247.5 3.45784e+14 420 4 1 0.999593 
2.24325e+16 629.859 1.7636e-10 4.97118e+27 0.000432145 3.96614 22943.3 3.57056e+14 421 4 1 0.998054 
2.2615e+16 578.447 3.38423e-10 4.97118e+27 0.000406174 3.63186 22352 3.79887e+14 422 4 1 0.993204 
2.28131e+16 472.14 7.20167e-10 4.97118e+27 0.0003637 3.0968 21285.1 4.24251e+14 423 4 1 0.982311 
2.3042e+16 285.204 9.96445e-10 4.97118e+27 0.000312599 2.48227 19853 4.93603e+14 424 4 1 0.964527 
2.33116e+16 103.804 6.63905e-10 4.97118e+27 0.000273297 2.03945 18659 5.64588e+14 425 4 1 0.96386 
2.36092e+16 18.4108 1.95184e-10 4.97118e+27 0.000255221 1.84801 18103.7 6.04574e+14 426 4 1 0.987083 
2.39165e+16 0.746931 2.00955e-11 4.97118e+27 0.000250547 1.80045 17965.6 6.15854e+14 427 4 1 0.998789 
2.42251e+16 -0.226061 -1.47236e-12 4.97118e+27 0.000249985 1.79485 17949.6 6.17237e+14 428 5 1 0.99998 
2.45337e+16 -0.00519291 -2.66095e-13 4.97118e+27 0.000249993 1.79493 17949.8 6.17217e+14 429 4 1 1 
2.48423e+16 0.00405428 2.03133e-14 4.97118e+27 0.000250001 1.79501 17950 6.17199e+14 430 3 1 1 
2.51509e+16 0.0011466 7.68691e-15 4.97118e+27 0.00025 1.795 17950 6.17199e+14 431 4 1 1 
2.54595e+16 0.000264266 1.89351e-15 4.97118e+27 0.00025 1.795 17950 6.172e+14 432 4 1 1 
2.57681e+16 5.76842e-05 4.25958e-16 4.97118e+27 0.00025 1.795 17950 6.172e+14 433 4 1 1 
2.60767e+16 1.21932e-05 9.24456e-17 4.97118e+27 0.00025 1.795 17950 6.172e+14 434 4 1 1 
2.63853e+16 2.49345e-06 1.94889e-17 4.97118e+27 0.00025 1.795 17950 6.172e+14 435 4 1 1 
2.66939e+16 4.91249e-07 3.97272e-18 4.97118e+27 0.00025 1.795 17950 6.172e+14 436 4 1 1 
2.70025e+16 9.28981e-08 7.7927e-19 4.97118e+27 0.00025 1.795 17950 6.172e+14 437 4 1 1 
2.73111e+16 1.68104e-08 1.46508e-19 4.97118e+27 0.00025 1.795 17950 6.172e+14 438 4 1 1 
2.76197e+16 2.91717e-09 2.63955e-20 4.97118e+27 0.00025 1.795 17950 6.172e+14 439 4 1 1 
2.79283e+16 4.74824e-10 4.49627e-21 4.97118e+27 0.00025 1.795 17950 6.172e+14 440 4 1 1 
2.82369e+16 7.0145e-11 8.16917e-22 4.97118e+27 0.00025 1.795 17950 6.172e+14 441 4 1 1 
2.85455e+16 2.8784e-12 5.57198e-23 4.97118e+27 0.00025 1.795 17950 6.172e+14 442 5 1 1 
2.88541e+16 -1.49881e-12 9.20989e-24 4.97118e+27 0.00025 1.795 17950 6.172e+14 443 5 1 1 
2.91627e+16 -2.08861e-12 5.06544e-24 4.97118e+27 0.00025 1.795 17950 6.172e+14 444 5 1 1 
2.94713e+16 -4.7087e-12 1.84198e-24 4.97118e+27 0.00025 1.795 17950 6.172e+14 445 5 1 1 
2.97799e+16 8.23922e-12 -3.68395e-24 4.97118e+27 0.00025 1.795 17950 6.172e+14 446 5 1 1 
3.00885e+16 1.23146e-12 -9.20989e-25 4.97118e+27 0.00025 1.795 17950 6.172e+14 447 5 1 1 
3.03971e+16 -2.70649e-13 7.36791e-24 4.97118e+27 0.00025 1.795 17950 6.172e+14 448 5 1 1 
3.07057e+16 -9.21005e-12 1.05914e-23 4.97118e+27 0.00025 1.795 17950 6.172e+14 449 3 1 1 
3.10143e+16 9.21005e-12 -1.05914e-23 4.97118e+27 0.00025 1.795 17950 6.172e+14 450 3 1 1 
3.13229e+16 2.70649e-13 -7.36791e-24 4.97118e+27 0.00025 1.795 17950 6.172e+14 451 5 1 1 
3.16315e+16 -1.23146e-12 9.20989e-25 4.97118e+27 0.00025 1.795 17950 6.172e+14 452 5 1 1 
3.19401e+16 -8.23922e-12 3.68395e-24 4.97118e+27 0.00025 1.795 17950 6.172e+14 453 5 1 1 
3.22487e+16 4.7087e-12 -1.84198e-24 4.97118e+27 0.00025 1.795 17950 6.172e+14 454 5 1 1 
3.25573e+16 2.08861e-12 -5.06544e-24 4.97118e+27 0.00025 1.795 17950 6.172e+14 455 5 1 1 
3.28659e+16 1.52057e-12 -7.8284e-24 4.97118e+27 0.00025 1.795 17950 6.172e+14 456 5 1 1 
3.31745e+16 -2.69121e-12 -4.51284e-23 4.97118e+27 0.00025 1.795 17950 6.172e+14 457 5 1 1 
3.34831e+16 -5.55087e-11 -7.94813e-22 4.97118e+27 0.00025 1.795 17950 6.172e+14 458 4 1 1 
3.37917e+16 -4.90611e-10 -4.53219e-21 4.97118e+27 0.00025 1.795 17950 6.172e+14 459 4 1 1 
3.41003e+16 -2.90103e-09 -2.63854e-20 4.97118e+27 0.00025 1.795 17950 6.172e+14 460 4 1 1 
3.44089e+16 -1.68181e-08 -1.46493e-19 4.97118e+27 0.00025 1.795 17950 6.172e+14 461 4 1 1 
3.47175e+16 -9.28909e-08 -7.79453e-19 4.97118e+27 0.00025 1.795 17950 6.172e+14 462 4 1 1 
3.50261e+16 -4.91288e-07 -3.97244e-18 4.97118e+27 0.00025 1.795 17950 6.172e+14 463 4 1 1 
3.53347e+16 -2.49339e-06 -1.94889e-17 4.97118e+27 0.00025 1.795 17950 6.172e+14 464 4 1 1 
3.56433e+16 -1.21932e-05 -9.24457e-17 4.97118e+27 0.00025 1.795 17950 6.172e+14 465 4 1 1 
3.59519e+16 -5.76842e-05 -4.25958e-16 4.97118e+27 0.00025 1.795 17950 6.172e+14 466 4 1 1 
3.62605e+16 -0.000264266 -1.89351e-15 4.97118e+27 0.00025 1.795 17950 6.172e+14 467 4 1 1 
3.65691e+16 -0.0011466 -7.68691e-15 4.97118e+27 0.00025 1.795 17950 6.17199e+14 468 4 1 1 
3.68777e+16 -0.00405428 -2.03133e-14 4.97118e+27 0.000250001 1.79501 17950 6.17199e+14 469 3 1 1 
3.71863e+16 0.00519291 2.66095e-13 4.97118e+27 0.000249993 1.79493 17949.8 6.17217e+14 470 4 1 1 
3.74949e+16 0.226061 1.47236e-12 4.97118e+27 0.000249985 1.79485 17949.6 6.17237e+14 471 5 1 0.99998 
3.78035e+16 -0.746931 -2.00955e-11 4.97118e+27 0.000250547 1.80045 17965.6 6.15854e+14 472 4 1 0.998789 
3.81108e+16 -18.4108 -1.95184e-10 4.97118e+27 0.000255221 1.84801 18103.7 6.04574e+14 473 4 1 0.987083 
3.84084e+16 -103.804 -6.63905e-10 4.97118e+27 0.000273297 2.03945 18659 5.64588e+14 474 4 1 0.96386 
3.8678e+16 -285.204 -9.96445e-10 4.97118e+27 0.000312599 2.48227 19853 4.93603e+14 475 4 1 0.964527 
3.89069e+16 -472.14 -7.20167e-10 4.97118e+27 0.0003637 3.0968 21285.1 4.24251e+14 476 4 1 0.982311 
3.9105e+16 -578.447 -3.38423e-10 4.97118e+27 0.000406174 3.63186 22352 3.79887e+14 477 4 1 0.993204 
3.92875e+16 -629.859 -1.7636e-10 4.97118e+27 0.000432145 3.96614 22943.3 3.57056e+14 478 4 1 0.998054 
3.94622e+16 -655.59 -7.82242e-11 4.97118e+27 0.000446233 4.14964 23247.5 3.45784e+14 479 4 1 0.999593 
3.96333e+16 -666.417 -3.21086e-11 4.97118e+27 0.000452845 4.2364 23387.4 3.40735e+14 480 4 1 0.999935 
3.9803e+16 -670.708 -1.17209e-11 4.97118e+27 0.000455543 4.27211 23445 3.38716e+14 481 4 1 0.999992 
3.9972e+16 -672.235 -4.06226e-12 4.97118e+27 0.000456526 4.28542 23467.5 3.37987e+14 482 4 1 0.999999 
4.0141e+16 -672.757 -1.33897e-12 4.97118e+27 0.000456837 4.29 23476.7 3.37757e+14 483 4 1 1 
4.03098e+16 -672.936 -4.53028e-13 4.97118e+27 0.000456905 4.29152 23481.4 3.37707e+14 484 3 1 1 
4.04787e+16 -673.004 -1.63155e-13 4.97118e+27 0.000456885 4.29201 23485.2 3.37722e+14 485 4 1 1 
4.06475e+16 -673.036 -6.42006e-14 4.97118e+27 0.000456826 4.29216 23489.1 3.37766e+14 486 4 1 1 
4.08164e+16 -673.056 -2.70596e-14 4.97118e+27 0.00045674 4.2922 23493.7 3.37829e+14 487 4 1 1 
4.09854e+16 -673.073 -8.51521e-15 4.97118e+27 0.000456629 4.29219 23499.3 3.37911e+14 488 4 1 1 
4.11543e+16 -673.088 3.5608e-15 4.97118e+27 0.000456485 4.29214 23506.5 3.38017e+14 489 4 1 1 
4.13234e+16 -673.103 1.31231e-14 4.97118e+27 0.000456299 4.29206 23515.6 3.38156e+14 490 4 1 1 
4.14925e+16 -673.118 2.15282e-14 4.97118e+27 0.000456052 4.29192 23527.6 3.38338e+14 491 4 1 0.999999 
4.16617e+16 -673.133 2.94859e-14 4.97118e+27 0.000455718 4.29169 23543.5 3.38587e+14 492 4 1 0.999999 
4.18311e+16 -673.148 3.75966e-14 4.97118e+27 0.000455247 4.29127 23565.6 3.38937e+14 493 4 1 0.999997 
4.20006e+16 -673.164 4.63111e-14 4.97118e+27 0.00045455 4.29046 23597.3 3.39457e+14 494 4 1 0.999994 
4.21705e+16 -673.181 5.58616e-14 4.97118e+27 0.000453464 4.28912 23646.4 3.4027e+14 495 4 1 0.999986 
4.23409e+16 -673.199 6.6285e-14 4.97118e+27 0.000451843 4.28958 23733.8 3.41491e+14 496 4 1 0.999967 
4.2512e+16 -673.218 7.75457e-14 4.97118e+27 0.000450248 4.30633 23910.9 3.427e+14 497 5 1 0.998658 
4.26836e+16 -673.237 8.95957e-14 4.97118e+27 0.000458866 4.50103 24522.6 3.36264e+14 498 4 1 0.993694 
4.28485e+16 -673.258 1.0193e-13 4.97118e+27 0.000481358 4.15644 21587 3.20551e+14 499 4 1 0.9937 
