# Time [s]: 4.88593e+12
# Columns: pos [pc], vel [pc/s], acc [pc/s^2], mass [Msun], dens [g/cm^3], pres [barye], ene [erg/g], sml [pc], id, neighbor, alpha, gradh, ...additional?
4.30681e+16 -673.289 1.21847e-13 4.97118e+27 0.000506894 4.40275 21714.3 3.04403e+14 0 4 1 0.994708 
4.32167e+16 -673.312 1.35916e-13 4.97118e+27 0.000530982 4.11585 19378.5 2.90594e+14 1 4 1 0.999668 
4.33588e+16 -673.334 1.50802e-13 4.97118e+27 0.000544107 4.27055 19621.8 2.83584e+14 2 4 1 0.999987 
4.35003e+16 -673.359 1.67374e-13 4.97118e+27 0.000545729 4.28801 19643.5 2.82741e+14 3 4 1 0.999999 
4.36416e+16 -673.386 1.85864e-13 4.97118e+27 0.000546143 4.29049 19640 2.82527e+14 4 4 1 1 
4.37828e+16 -673.416 2.0635e-13 4.97118e+27 0.000546237 4.29097 19638.8 2.82478e+14 5 4 1 1 
4.39241e+16 -673.449 2.29283e-13 4.97118e+27 0.000546258 4.29092 19637.8 2.82467e+14 6 4 1 1 
4.40653e+16 -673.485 2.55557e-13 4.97118e+27 0.000546262 4.29074 19636.8 2.82465e+14 7 3 1 1 
4.42065e+16 -673.525 2.86031e-13 4.97118e+27 0.000546259 4.29052 19636 2.82467e+14 8 4 1 1 
4.43477e+16 -673.569 3.21085e-13 4.97118e+27 0.00054625 4.29028 19635.1 2.82471e+14 9 4 1 1 
4.4489e+16 -673.618 3.60805e-13 4.97118e+27 0.000546237 4.29 19634.3 2.82478e+14 10 4 1 1 
4.46302e+16 -673.674 4.05352e-13 4.97118e+27 0.000546219 4.28969 19633.6 2.82488e+14 11 4 1 1 
4.47715e+16 -673.735 4.55132e-13 4.97118e+27 0.000546195 4.28933 19632.8 2.825e+14 12 4 1 1 
4.49127e+16 -673.804 5.11089e-13 4.97118e+27 0.000546167 4.28894 19632 2.82514e+14 13 4 1 1 
4.5054e+16 -673.882 5.74413e-13 4.97118e+27 0.000546133 4.2885 19631.2 2.82532e+14 14 4 1 1 
4.51953e+16 -673.968 6.45503e-13 4.97118e+27 0.000546093 4.288 19630.3 2.82552e+14 15 4 1 1 
4.53365e+16 -674.064 7.25438e-13 4.97118e+27 0.000546047 4.28743 19629.4 2.82576e+14 16 4 1 1 
4.54778e+16 -674.173 8.19679e-13 4.97118e+27 0.000545994 4.2868 19628.4 2.82604e+14 17 4 1 1 
4.56191e+16 -674.296 9.36908e-13 4.97118e+27 0.000545932 4.28607 19627.3 2.82636e+14 18 4 1 1 
4.57605e+16 -674.438 1.086e-12 4.97118e+27 0.000545858 4.28522 19626.1 2.82674e+14 19 4 1 1 
4.59018e+16 -674.605 1.28357e-12 4.97118e+27 0.00054577 4.28422 19624.6 2.8272e+14 20 4 1 1 
4.60432e+16 -674.808 1.55874e-12 4.97118e+27 0.000545662 4.283 19622.9 2.82776e+14 21 4 1 1 
4.61846e+16 -675.057 1.93229e-12 4.97118e+27 0.000545528 4.28149 19620.9 2.82845e+14 22 4 1 1 
-1.5394e+16 -675.365 2.40188e-12 4.97118e+27 0.00054536 4.27962 19618.3 2.82932e+14 23 4 1 1 
-1.52525e+16 -675.747 2.96224e-12 4.97118e+27 0.000545153 4.27733 19615.2 2.8304e+14 24 4 1 1 
-1.51109e+16 -676.211 3.58816e-12 4.97118e+27 0.000544905 4.27458 19611.6 2.83169e+14 25 4 1 0.999999 
-1.49693e+16 -676.753 4.16177e-12 4.97118e+27 0.000544619 4.27141 19607.3 2.83317e+14 26 4 1 0.999999 
-1.48276e+16 -677.353 4.4936e-12 4.97118e+27 0.000544311 4.26801 19602.8 2.83478e+14 27 4 1 0.999999 
-1.46858e+16 -677.964 4.43485e-12 4.97118e+27 0.000544011 4.2647 19598.4 2.83634e+14 28 4 1 0.999999 
-1.4544e+16 -678.503 3.93072e-12 4.97118e+27 0.000543754 4.26186 19594.6 2.83768e+14 29 4 1 0.999999 
-1.44021e+16 -678.881 1.82829e-12 4.97118e+27 0.000543597 4.26013 19592.3 2.8385e+14 30 4 1 1 
-1.42601e+16 -679.079 4.30284e-12 4.97118e+27 0.000543514 4.25916 19591 2.83893e+14 31 5 1 0.999995 
-1.41182e+16 -678.807 -1.56594e-11 4.97118e+27 0.000544144 4.26598 19599.9 2.83565e+14 32 4 1 0.999898 
-1.39766e+16 -673.527 -6.20191e-11 4.97118e+27 0.000547001 4.29733 19640.9 2.82084e+14 33 4 1 0.999636 
-1.38361e+16 -662.233 -1.04657e-10 4.97118e+27 0.000552785 4.36111 19723.7 2.79132e+14 34 4 1 0.999354 
-1.36974e+16 -646.474 -1.32857e-10 4.97118e+27 0.000560904 4.45108 19839.1 2.75092e+14 35 4 1 0.999197 
-1.3561e+16 -628.478 -1.4487e-10 4.97118e+27 0.000570338 4.55629 19971.9 2.70541e+14 36 4 1 0.999196 
-1.34268e+16 -610.182 -1.42748e-10 4.97118e+27 0.000580098 4.66584 20107.9 2.65989e+14 37 4 1 0.99929 
-1.3295e+16 -593.072 -1.33101e-10 4.97118e+27 0.000589487 4.7719 20237.5 2.61753e+14 38 4 1 0.999386 
-1.31651e+16 -577.354 -1.25557e-10 4.97118e+27 0.000598321 4.87229 20358.2 2.57888e+14 39 4 1 0.999421 
-1.30371e+16 -562.314 -1.26863e-10 4.97118e+27 0.000606923 4.97059 20474.6 2.54233e+14 40 4 1 0.999396 
-1.29108e+16 -546.889 -1.35142e-10 4.97118e+27 0.000615771 5.0723 20593.5 2.5058e+14 41 4 1 0.999333 
-1.27865e+16 -530.582 -1.46902e-10 4.97118e+27 0.000625192 5.18127 20718.9 2.46804e+14 42 4 1 0.999265 
-1.2664e+16 -513.308 -1.57547e-10 4.97118e+27 0.000635266 5.29853 20851.8 2.4289e+14 43 4 1 0.999213 
-1.25436e+16 -495.279 -1.66307e-10 4.97118e+27 0.000645901 5.42312 20990.7 2.38891e+14 44 4 1 0.999187 
-1.24251e+16 -476.825 -1.71944e-10 4.97118e+27 0.000656938 5.5533 21133.4 2.34878e+14 45 4 1 0.999176 
-1.23087e+16 -458.165 -1.76919e-10 4.97118e+27 0.000668251 5.68764 21278.2 2.30901e+14 46 4 1 0.999181 
-1.21942e+16 -439.511 -1.79838e-10 4.97118e+27 0.000679745 5.82507 21423.8 2.26997e+14 47 4 1 0.999196 
-1.20816e+16 -420.945 -1.82062e-10 4.97118e+27 0.000691333 5.96457 21569.2 2.23192e+14 48 4 1 0.999216 
-1.1971e+16 -402.555 -1.83869e-10 4.97118e+27 0.000702975 6.10565 21713.7 2.19496e+14 49 4 1 0.99924 
-1.18621e+16 -384.378 -1.84857e-10 4.97118e+27 0.000714631 6.24785 21857 2.15916e+14 50 4 1 0.999263 
-1.1755e+16 -366.441 -1.86248e-10 4.97118e+27 0.000726287 6.39097 21998.9 2.1245e+14 51 4 1 0.999288 
-1.16497e+16 -348.79 -1.86754e-10 4.97118e+27 0.000737929 6.53484 22139.2 2.09099e+14 52 4 1 0.999312 
-1.15459e+16 -331.354 -1.87658e-10 4.97118e+27 0.000749542 6.67927 22277.9 2.05859e+14 53 4 1 0.999336 
-1.14438e+16 -314.203 -1.88239e-10 4.97118e+27 0.00076113 6.82427 22415 2.02725e+14 54 4 1 0.999359 
-1.13432e+16 -297.29 -1.88756e-10 4.97118e+27 0.000772682 6.96971 22550.5 1.99694e+14 55 4 1 0.99938 
-1.12441e+16 -280.641 -1.89594e-10 4.97118e+27 0.000784205 7.11565 22684.4 1.9676e+14 56 4 1 0.999402 
-1.11464e+16 -264.241 -1.89784e-10 4.97118e+27 0.000795691 7.26198 22816.7 1.9392e+14 57 4 1 0.999423 
-1.10502e+16 -248.078 -1.90089e-10 4.97118e+27 0.000807129 7.40854 22947.3 1.91171e+14 58 4 1 0.999442 
-1.09552e+16 -232.149 -1.90728e-10 4.97118e+27 0.000818529 7.55544 23076.4 1.88509e+14 59 4 1 0.999461 
-1.08616e+16 -216.471 -1.90723e-10 4.97118e+27 0.000829884 7.70259 23203.9 1.8593e+14 60 4 1 0.999479 
-1.07693e+16 -201.018 -1.91236e-10 4.97118e+27 0.000841194 7.84994 23329.8 1.8343e+14 61 4 1 0.999496 
-1.06782e+16 -185.807 -1.91537e-10 4.97118e+27 0.000852464 7.99758 23454.3 1.81005e+14 62 4 1 0.999514 
-1.05883e+16 -170.803 -1.91205e-10 4.97118e+27 0.000863678 8.14524 23577.3 1.78655e+14 63 4 1 0.99953 
-1.04995e+16 -156.014 -1.91788e-10 4.97118e+27 0.00087484 8.29299 23698.7 1.76375e+14 64 4 1 0.999546 
-1.04119e+16 -141.465 -1.91661e-10 4.97118e+27 0.000885956 8.44089 23818.6 1.74162e+14 65 4 1 0.999561 
-1.03254e+16 -127.12 -1.91449e-10 4.97118e+27 0.00089701 8.58869 23937.1 1.72016e+14 66 4 1 0.999576 
-1.02399e+16 -113.002 -1.91754e-10 4.97118e+27 0.000908011 8.73651 24054 1.69932e+14 67 4 1 0.999589 
-1.01554e+16 -99.0734 -1.91834e-10 4.97118e+27 0.000918961 8.88437 24169.6 1.67907e+14 68 4 1 0.999607 
-1.0072e+16 -85.3495 -1.90186e-10 4.97118e+27 0.000929809 9.03157 24283.4 1.65948e+14 69 4 1 0.999633 
-9.98947e+15 -72.0935 -1.84302e-10 4.97118e+27 0.000940438 9.17638 24394 1.64072e+14 70 4 1 0.999642 
-9.90789e+15 -59.2452 -1.87124e-10 4.97118e+27 0.000950979 9.32052 24502.8 1.62254e+14 71 4 1 0.999609 
-9.82721e+15 -45.7098 -2.09416e-10 4.97118e+27 0.000962001 9.4723 24616.3 1.60395e+14 72 4 1 0.999632 
-9.74749e+15 -31.5228 -2.00182e-10 4.97118e+27 0.000973087 9.62628 24730 1.58568e+14 73 4 1 0.999811 
-9.66864e+15 -20.7679 -1.10299e-10 4.97118e+27 0.000981783 9.74671 24817.7 1.57163e+14 74 4 1 0.999892 
-9.59033e+15 -15.1237 -8.04735e-11 4.97118e+27 0.000987947 9.83043 24878.3 1.56182e+14 75 4 1 0.999679 
-9.51246e+15 -4.86235 -2.5455e-10 4.97118e+27 0.000997434 9.96273 24973.8 1.54697e+14 76 4 1 0.999313 
-9.43562e+15 15.7779 -3.43092e-10 4.97118e+27 0.00101253 10.1777 25126.9 1.52391e+14 77 4 1 0.999758 
-9.36006e+15 31.0216 -1.13132e-10 4.97118e+27 0.00102427 10.3441 25243.4 1.50644e+14 78 4 1 1.00001 
-9.28498e+15 32.7822 1.52891e-11 4.97118e+27 0.00102718 10.3835 25270.6 1.50218e+14 79 3 1 1 
-9.20984e+15 30.8764 3.62705e-11 4.97118e+27 0.00102566 10.3614 25255.2 1.5044e+14 80 4 1 0.999996 
-9.13454e+15 28.0284 4.79394e-11 4.97118e+27 0.00102313 10.3256 25230.2 1.50812e+14 81 4 1 0.999983 
-9.05903e+15 24.6434 5.50297e-11 4.97118e+27 0.00102018 10.2839 25201 1.51247e+14 82 4 1 0.999976 
-8.98329e+15 20.9786 5.82488e-11 4.97118e+27 0.00101705 10.2397 25170 1.51713e+14 83 4 1 0.999972 
-8.90731e+15 17.283 5.75341e-11 4.97118e+27 0.00101395 10.1959 25139.1 1.52177e+14 84 4 1 0.999972 
-8.83111e+15 13.7793 5.35166e-11 4.97118e+27 0.00101105 10.1551 25110.2 1.52613e+14 85 4 1 0.999975 
-8.7547e+15 10.6368 4.71572e-11 4.97118e+27 0.00100848 10.1189 25084.6 1.53002e+14 86 4 1 0.99998 
-8.67811e+15 7.95677 3.95645e-11 4.97118e+27 0.00100631 10.0884 25063 1.53332e+14 87 4 1 0.999985 
-8.60137e+15 5.77402 3.17469e-11 4.97118e+27 0.00100456 10.0638 25045.5 1.536e+14 88 4 1 0.99999 
-8.52451e+15 4.06944 2.44593e-11 4.97118e+27 0.0010032 10.0448 25031.9 1.53808e+14 89 4 1 0.999994 
-8.44756e+15 2.78855 1.81554e-11 4.97118e+27 0.00100219 10.0305 25021.8 1.53963e+14 90 4 1 0.999997 
-8.37054e+15 1.85962 1.30199e-11 4.97118e+27 0.00100145 10.0203 25014.5 1.54076e+14 91 4 1 0.999998 
-8.29348e+15 1.20782 9.04121e-12 4.97118e+27 0.00100094 10.0131 25009.4 1.54155e+14 92 4 1 0.999999 
-8.21639e+15 0.764482 6.08987e-12 4.97118e+27 0.00100059 10.0083 25005.9 1.54208e+14 93 4 1 1 
-8.13928e+15 0.471738 3.98395e-12 4.97118e+27 0.00100037 10.0051 25003.6 1.54244e+14 94 4 1 1 
-8.06215e+15 0.283873 2.53366e-12 4.97118e+27 0.00100022 10.0031 25002.2 1.54266e+14 95 4 1 1 
-7.98501e+15 0.166613 1.56747e-12 4.97118e+27 0.00100013 10.0018 25001.3 1.5428e+14 96 4 1 1 
-7.90787e+15 0.0953877 9.43775e-13 4.97118e+27 0.00100007 10.001 25000.7 1.54289e+14 97 4 1 1 
-7.83072e+15 0.0532699 5.53208e-13 4.97118e+27 0.00100004 10.0006 25000.4 1.54294e+14 98 4 1 1 
-7.75357e+15 0.0290178 3.15753e-13 4.97118e+27 0.00100002 10.0003 25000.2 1.54297e+14 99 4 1 1 
-7.67642e+15 0.0154174 1.75509e-13 4.97118e+27 0.00100001 10.0002 25000.1 1.54298e+14 100 4 1 1 
-7.59927e+15 0.0079887 9.50093e-14 4.97118e+27 0.00100001 10.0001 25000.1 1.54299e+14 101 4 1 1 
-7.52212e+15 0.00403648 5.00902e-14 4.97118e+27 0.001 10 25000 1.543e+14 102 4 1 1 
-7.44497e+15 0.00198849 2.57184e-14 4.97118e+27 0.001 10 25000 1.543e+14 103 4 1 1 
-7.36782e+15 0.000954885 1.28589e-14 4.97118e+27 0.001 10 25000 1.543e+14 104 4 1 1 
-7.29067e+15 0.000446882 6.26011e-15 4.97118e+27 0.001 10 25000 1.543e+14 105 4 1 1 
-7.21352e+15 0.000203767 2.96694e-15 4.97118e+27 0.001 10 25000 1.543e+14 106 4 1 1 
-7.13637e+15 9.04997e-05 1.36866e-15 4.97118e+27 0.001 10 25000 1.543e+14 107 4 1 1 
-7.05922e+15 3.91366e-05 6.14378e-16 4.97118e+27 0.001 10 25000 1.543e+14 108 4 1 1 
-6.98207e+15 1.64729e-05 2.68285e-16 4.97118e+27 0.001 10 25000 1.543e+14 109 4 1 1 
-6.90492e+15 6.74553e-06 1.13925e-16 4.97118e+27 0.001 10 25000 1.543e+14 110 4 1 1 
-6.82777e+15 2.6859e-06 4.70243e-17 4.97118e+27 0.001 10 25000 1.543e+14 111 4 1 1 
-6.75062e+15 1.03929e-06 1.88577e-17 4.97118e+27 0.001 10 25000 1.543e+14 112 4 1 1 
-6.67347e+15 3.9054e-07 7.34274e-18 4.97118e+27 0.001 10 25000 1.543e+14 113 4 1 1 
-6.59632e+15 1.42398e-07 2.7744e-18 4.97118e+27 0.001 10 25000 1.543e+14 114 4 1 1 
-6.51917e+15 5.03388e-08 1.01605e-18 4.97118e+27 0.001 10 25000 1.543e+14 115 4 1 1 
-6.44202e+15 1.7218e-08 3.60648e-19 4.97118e+27 0.001 10 25000 1.543e+14 116 4 1 1 
-6.36487e+15 5.71038e-09 1.2391e-19 4.97118e+27 0.001 10 25000 1.543e+14 117 4 1 1 
-6.28772e+15 1.8239e-09 4.09472e-20 4.97118e+27 0.001 10 25000 1.543e+14 118 4 1 1 
-6.21057e+15 5.6172e-10 1.30633e-20 4.97118e+27 0.001 10 25000 1.543e+14 119 4 1 1 
-6.13342e+15 1.56842e-10 4.08919e-21 4.97118e+27 0.001 10 25000 1.543e+14 120 4 1 1 
-6.05627e+15 5.22763e-11 1.18255e-21 4.97118e+27 0.001 10 25000 1.543e+14 121 4 1 1 
-5.97912e+15 6.47342e-12 4.67862e-22 4.97118e+27 0.001 10 25000 1.543e+14 122 4 1 1 
-5.90197e+15 2.95855e-13 -9.20989e-24 4.97118e+27 0.001 10 25000 1.543e+14 123 5 1 1 
-5.82482e+15 1.74011e-14 1.84198e-24 4.97118e+27 0.001 10 25000 1.543e+14 124 5 1 1 
-5.74767e+15 3.43175e-45 3.63266e-55 4.97118e+27 0.001 10 25000 1.543e+14 125 5 1 1 
-5.67052e+15 0 0 4.97118e+27 0.001 10 25000 1.543e+14 126 5 1 1 
-5.59337e+15 0 0 4.97118e+27 0.001 10 25000 1.543e+14 127 5 1 1 
-5.51622e+15 0 0 4.97118e+27 0.001 10 25000 1.543e+14 128 5 1 1 
-5.43907e+15 0 0 4.97118e+27 0.001 10 25000 1.543e+14 129 5 1 1 
-5.36192e+15 0 0 4.97118e+27 0.001 10 25000 1.543e+14 130 5 1 1 
-5.28477e+15 0 0 4.97118e+27 0.001 10 25000 1.543e+14 131 5 1 1 
-5.20762e+15 0 0 4.97118e+27 0.001 10 25000 1.543e+14 132 5 1 1 
-5.13047e+15 0 0 4.97118e+27 0.001 10 25000 1.543e+14 133 5 1 1 
-5.05332e+15 0 0 4.97118e+27 0.001 10 25000 1.543e+14 134 5 1 1 
-4.97617e+15 0 0 4.97118e+27 0.001 10 25000 1.543e+14 135 5 1 1 
-4.89902e+15 0 0 4.97118e+27 0.001 10 25000 1.543e+14 136 5 1 1 
-4.82187e+15 0 0 4.97118e+27 0.001 10 25000 1.543e+14 137 5 1 1 
-4.74472e+15 0 0 4.97118e+27 0.001 10 25000 1.543e+14 138 5 1 1 
-4.66757e+15 0 0 4.97118e+27 0.001 10 25000 1.543e+14 139 5 1 1 
-4.59042e+15 0 0 4.97118e+27 0.001 10 25000 1.543e+14 140 5 1 1 
-4.51327e+15 0 0 4.97118e+27 0.001 10 25000 1.543e+14 141 5 1 1 
-4.43612e+15 0 0 4.97118e+27 0.001 10 25000 1.543e+14 142 5 1 1 
-4.35897e+15 0 0 4.97118e+27 0.001 10 25000 1.543e+14 143 5 1 1 
-4.28182e+15 0 0 4.97118e+27 0.001 10 25000 1.543e+14 144 5 1 1 
-4.20467e+15 0 0 4.97118e+27 0.001 10 25000 1.543e+14 145 5 1 1 
-4.12752e+15 0 0 4.97118e+27 0.001 10 25000 1.543e+14 146 5 1 1 
-4.05037e+15 0 0 4.97118e+27 0.001 10 25000 1.543e+14 147 5 1 1 
-3.97322e+15 0 0 4.97118e+27 0.001 10 25000 1.543e+14 148 5 1 1 
-3.89607e+15 0 0 4.97118e+27 0.001 10 25000 1.543e+14 149 5 1 1 
-3.81892e+15 0 0 4.97118e+27 0.001 10 25000 1.543e+14 150 5 1 1 
-3.74177e+15 0 0 4.97118e+27 0.001 10 25000 1.543e+14 151 5 1 1 
-3.66462e+15 0 0 4.97118e+27 0.001 10 25000 1.543e+14 152 5 1 1 
-3.58747e+15 0 0 4.97118e+27 0.001 10 25000 1.543e+14 153 5 1 1 
-3.51032e+15 0 0 4.97118e+27 0.001 10 25000 1.543e+14 154 5 1 1 
-3.43317e+15 0 0 4.97118e+27 0.001 10 25000 1.543e+14 155 5 1 1 
-3.35602e+15 0 0 4.97118e+27 0.001 10 25000 1.543e+14 156 5 1 1 
-3.27887e+15 0 0 4.97118e+27 0.001 10 25000 1.543e+14 157 5 1 1 
-3.20172e+15 0 0 4.97118e+27 0.001 10 25000 1.543e+14 158 5 1 1 
-3.12457e+15 0 0 4.97118e+27 0.001 10 25000 1.543e+14 159 5 1 1 
-3.04742e+15 0 0 4.97118e+27 0.001 10 25000 1.543e+14 160 5 1 1 
-2.97027e+15 0 0 4.97118e+27 0.001 10 25000 1.543e+14 161 5 1 1 
-2.89312e+15 0 0 4.97118e+27 0.001 10 25000 1.543e+14 162 5 1 1 
-2.81597e+15 0 0 4.97118e+27 0.001 10 25000 1.543e+14 163 5 1 1 
-2.73882e+15 0 0 4.97118e+27 0.001 10 25000 1.543e+14 164 5 1 1 
-2.66167e+15 0 0 4.97118e+27 0.001 10 25000 1.543e+14 165 5 1 1 
-2.58452e+15 0 0 4.97118e+27 0.001 10 25000 1.543e+14 166 5 1 1 
-2.50737e+15 0 0 4.97118e+27 0.001 10 25000 1.543e+14 167 5 1 1 
-2.43022e+15 0 0 4.97118e+27 0.001 10 25000 1.543e+14 168 5 1 1 
-2.35307e+15 0 0 4.97118e+27 0.001 10 25000 1.543e+14 169 5 1 1 
-2.27592e+15 0 0 4.97118e+27 0.001 10 25000 1.543e+14 170 5 1 1 
-2.19877e+15 0 0 4.97118e+27 0.001 10 25000 1.543e+14 171 5 1 1 
-2.12162e+15 0 0 4.97118e+27 0.001 10 25000 1.543e+14 172 5 1 1 
-2.04447e+15 -2.02272e-43 -3.63266e-55 4.97118e+27 0.001 10 25000 1.543e+14 173 5 1 1 
-1.96732e+15 -1.04199e-13 -3.63266e-55 4.97118e+27 0.001 10 25000 1.543e+14 174 5 1 1 
-1.89017e+15 -2.42604e-13 0 4.97118e+27 0.001 10 25000 1.543e+14 175 5 1 1 
-1.81302e+15 -3.80393e-13 0 4.97118e+27 0.001 10 25000 1.543e+14 176 5 1 1 
-1.73587e+15 -5.17443e-13 0 4.97118e+27 0.001 10 25000 1.543e+14 177 5 1 1 
-1.65872e+15 -6.1882e-13 0 4.97118e+27 0.001 10 25000 1.543e+14 178 5 1 1 
-1.58157e+15 -7.88258e-13 0 4.97118e+27 0.001 10 25000 1.543e+14 179 5 1 1 
-1.50442e+15 -9.5614e-13 0 4.97118e+27 0.001 10 25000 1.543e+14 180 5 1 1 
-1.42727e+15 -1.12228e-12 0 4.97118e+27 0.001 10 25000 1.543e+14 181 5 1 1 
-1.35012e+15 -1.28541e-12 -3.63266e-55 4.97118e+27 0.001 10 25000 1.543e+14 182 5 1 1 
-1.27297e+15 -1.44403e-12 -3.63266e-55 4.97118e+27 0.001 10 25000 1.543e+14 183 5 1 1 
-1.19582e+15 -1.97495e-12 1.27813e-39 4.97118e+27 0.001 10 25000 1.543e+14 184 5 1 1 
-1.11867e+15 9.52097e-13 -1.25257e-37 4.97118e+27 0.001 10 25000 1.543e+14 185 5 1 1 
-1.04152e+15 -3.70598e-12 -1.89163e-37 4.97118e+27 0.001 10 25000 1.543e+14 186 4 1 1 
-9.64375e+14 -1.25085e-12 -1.84198e-23 4.97118e+27 0.001 10 25000 1.543e+14 187 3 1 1 
-8.87225e+14 -1.92975e-12 2.57877e-23 4.97118e+27 0.001 10 25000 1.543e+14 188 4 1 1 
-8.10075e+14 -1.15765e-12 -7.36791e-24 4.97118e+27 0.001 10 25000 1.543e+14 189 4 1 1 
-7.32925e+14 -1.32985e-12 1.15032e-38 4.97118e+27 0.001 10 25000 1.543e+14 190 4 1 1 
-6.55775e+14 -2.1839e-12 7.36791e-24 4.97118e+27 0.001 10 25000 1.543e+14 191 5 1 1 
-5.78625e+14 -1.95176e-12 -3.31556e-23 4.97118e+27 0.001 10 25000 1.543e+14 192 4 1 1 
-5.01475e+14 -2.46108e-12 4.42075e-23 4.97118e+27 0.001 10 25000 1.543e+14 193 3 1 1 
-4.24325e+14 -1.05291e-12 -2.57877e-23 4.97118e+27 0.001 10 25000 1.543e+14 194 4 1 1 
-3.47175e+14 -5.80219e-13 -7.36791e-24 4.97118e+27 0.001 10 25000 1.543e+14 195 3 1 1 
-2.70025e+14 -1.31375e-12 1.84198e-23 4.97118e+27 0.001 10 25000 1.543e+14 196 4 1 1 
-1.92875e+14 -2.67621e-13 -3.68395e-24 4.97118e+27 0.001 10 25000 1.543e+14 197 5 1 1 
-1.15725e+14 -7.46819e-13 -5.52593e-24 4.97118e+27 0.001 10 25000 1.543e+14 198 4 1 1 
-3.8575e+13 -3.31874e-14 1.59766e-39 4.97118e+27 0.001 10 25000 1.543e+14 199 4 1 1 
3.8575e+13 4.25e-14 3.68395e-24 4.97118e+27 0.001 10 25000 1.543e+14 200 3 1 1 
1.15725e+14 -1.92732e-13 -1.59766e-39 4.97118e+27 0.001 10 25000 1.543e+14 201 3 1 1 
1.92875e+14 -2.97912e-13 1.84198e-24 4.97118e+27 0.001 10 25000 1.543e+14 202 4 1 1 
2.70025e+14 -7.12286e-13 -5.11251e-39 4.97118e+27 0.001 10 25000 1.543e+14 203 4 1 1 
3.47175e+14 8.12662e-13 1.84198e-24 4.97118e+27 0.001 10 25000 1.543e+14 204 4 1 1 
4.24325e+14 -1.25348e-13 -5.52593e-24 4.97118e+27 0.001 10 25000 1.543e+14 205 5 1 1 
5.01475e+14 1.2932e-12 -1.27813e-39 4.97118e+27 0.001 10 25000 1.543e+14 206 5 1 1 
5.78625e+14 1.99931e-12 3.68395e-24 4.97118e+27 0.001 10 25000 1.543e+14 207 5 1 1 
6.55775e+14 1.32882e-12 3.68395e-24 4.97118e+27 0.001 10 25000 1.543e+14 208 5 1 1 
7.32925e+14 2.35914e-12 -1.78938e-38 4.97118e+27 0.001 10 25000 1.543e+14 209 5 1 1 
8.10075e+14 1.0016e-12 -3.61071e-38 4.97118e+27 0.001 10 25000 1.543e+14 210 4 1 1 
8.87225e+14 4.66977e-13 2.03429e-53 4.97118e+27 0.001 10 25000 1.543e+14 211 3 1 1 
9.64375e+14 2.04616e-12 3.61071e-38 4.97118e+27 0.001 10 25000 1.543e+14 212 4 1 1 
1.04153e+15 1.13733e-12 -3.68395e-24 4.97118e+27 0.001 10 25000 1.543e+14 213 5 1 1 
1.11868e+15 2.09434e-12 -1.27813e-39 4.97118e+27 0.001 10 25000 1.543e+14 214 5 1 1 
1.19583e+15 1.67134e-12 -1.45306e-54 4.97118e+27 0.001 10 25000 1.543e+14 215 5 1 1 
1.27298e+15 1.20337e-12 7.26532e-55 4.97118e+27 0.001 10 25000 1.543e+14 216 5 1 1 
1.35013e+15 1.02619e-12 -1.84198e-24 4.97118e+27 0.001 10 25000 1.543e+14 217 5 1 1 
1.42728e+15 8.99866e-13 1.84198e-24 4.97118e+27 0.001 10 25000 1.543e+14 218 5 1 1 
1.50443e+15 7.12211e-13 -3.68395e-24 4.97118e+27 0.001 10 25000 1.543e+14 219 5 1 1 
1.58158e+15 -7.95143e-14 1.47358e-23 4.97118e+27 0.001 10 25000 1.543e+14 220 5 1 1 
1.65873e+15 2.16544e-12 -7.18371e-23 4.97118e+27 0.001 10 25000 1.543e+14 221 3 1 1 
1.73588e+15 4.86782e-12 3.68395e-23 4.97118e+27 0.001 10 25000 1.543e+14 222 3 1 1 
1.81303e+15 1.65026e-12 1.28938e-23 4.97118e+27 0.001 10 25000 1.543e+14 223 5 1 1 
1.89018e+15 6.4251e-13 9.20989e-24 4.97118e+27 0.001 10 25000 1.543e+14 224 5 1 1 
1.96733e+15 2.95393e-13 1.84198e-24 4.97118e+27 0.001 10 25000 1.543e+14 225 5 1 1 
2.04448e+15 1.3912e-13 3.63266e-55 4.97118e+27 0.001 10 25000 1.543e+14 226 5 1 1 
2.12163e+15 7.88945e-44 3.63266e-55 4.97118e+27 0.001 10 25000 1.543e+14 227 5 1 1 
2.19878e+15 0 0 4.97118e+27 0.001 10 25000 1.543e+14 228 5 1 1 
2.27593e+15 0 0 4.97118e+27 0.001 10 25000 1.543e+14 229 5 1 1 
2.35308e+15 0 0 4.97118e+27 0.001 10 25000 1.543e+14 230 5 1 1 
2.43023e+15 0 0 4.97118e+27 0.001 10 25000 1.543e+14 231 5 1 1 
2.50738e+15 0 0 4.97118e+27 0.001 10 25000 1.543e+14 232 5 1 1 
2.58453e+15 0 0 4.97118e+27 0.001 10 25000 1.543e+14 233 5 1 1 
2.66168e+15 0 0 4.97118e+27 0.001 10 25000 1.543e+14 234 5 1 1 
2.73883e+15 0 0 4.97118e+27 0.001 10 25000 1.543e+14 235 5 1 1 
2.81598e+15 0 0 4.97118e+27 0.001 10 25000 1.543e+14 236 5 1 1 
2.89313e+15 -1.36818e-42 -3.63266e-55 4.97118e+27 0.001 10 25000 1.543e+14 237 5 1 1 
2.97028e+15 -1.69188e-13 0 4.97118e+27 0.001 10 25000 1.543e+14 238 5 1 1 
3.04743e+15 -3.37357e-13 3.63266e-55 4.97118e+27 0.001 10 25000 1.543e+14 239 5 1 1 
3.12458e+15 1.58941e-12 0 4.97118e+27 0.001 10 25000 1.543e+14 240 5 1 1 
3.20173e+15 1.42405e-12 1.81633e-54 4.97118e+27 0.001 10 25000 1.543e+14 241 5 1 1 
3.27888e+15 2.59563e-12 -5.08572e-54 4.97118e+27 0.001 10 25000 1.543e+14 242 5 1 1 
3.35603e+15 9.33503e-13 2.54286e-54 4.97118e+27 0.001 10 25000 1.543e+14 243 5 1 1 
3.43318e+15 8.42866e-13 -1.84198e-24 4.97118e+27 0.001 10 25000 1.543e+14 244 5 1 1 
3.51033e+15 -1.35421e-12 1.0898e-53 4.97118e+27 0.001 10 25000 1.543e+14 245 5 1 1 
3.58748e+15 2.5831e-12 1.84198e-24 4.97118e+27 0.001 10 25000 1.543e+14 246 5 1 1 
3.66463e+15 -1.55485e-13 -1.84198e-24 4.97118e+27 0.001 10 25000 1.543e+14 247 5 1 1 
3.74178e+15 -2.09243e-14 -2.31661e-37 4.97118e+27 0.001 10 25000 1.543e+14 248 5 1 1 
3.81893e+15 -3.1251e-12 -2.32939e-37 4.97118e+27 0.001 10 25000 1.543e+14 249 4 1 1 
3.89608e+15 3.1251e-12 2.32939e-37 4.97118e+27 0.001 10 25000 1.543e+14 250 4 1 1 
3.97323e+15 2.09243e-14 2.31661e-37 4.97118e+27 0.001 10 25000 1.543e+14 251 5 1 1 
4.05038e+15 1.55485e-13 1.84198e-24 4.97118e+27 0.001 10 25000 1.543e+14 252 5 1 1 
4.12753e+15 -2.5831e-12 -1.84198e-24 4.97118e+27 0.001 10 25000 1.543e+14 253 5 1 1 
4.20468e+15 1.35421e-12 -1.0898e-53 4.97118e+27 0.001 10 25000 1.543e+14 254 5 1 1 
4.28183e+15 -8.42866e-13 1.84198e-24 4.97118e+27 0.001 10 25000 1.543e+14 255 5 1 1 
4.35898e+15 -9.33503e-13 -2.54286e-54 4.97118e+27 0.001 10 25000 1.543e+14 256 5 1 1 
4.43613e+15 -2.59563e-12 5.08572e-54 4.97118e+27 0.001 10 25000 1.543e+14 257 5 1 1 
4.51328e+15 -1.42405e-12 -1.81633e-54 4.97118e+27 0.001 10 25000 1.543e+14 258 5 1 1 
4.59043e+15 -1.58941e-12 0 4.97118e+27 0.001 10 25000 1.543e+14 259 5 1 1 
4.66758e+15 3.37357e-13 -3.63266e-55 4.97118e+27 0.001 10 25000 1.543e+14 260 5 1 1 
4.74473e+15 1.69188e-13 0 4.97118e+27 0.001 10 25000 1.543e+14 261 5 1 1 
4.82188e+15 1.36818e-42 3.63266e-55 4.97118e+27 0.001 10 25000 1.543e+14 262 5 1 1 
4.89903e+15 0 0 4.97118e+27 0.001 10 25000 1.543e+14 263 5 1 1 
4.97618e+15 0 0 4.97118e+27 0.001 10 25000 1.543e+14 264 5 1 1 
5.05333e+15 0 0 4.97118e+27 0.001 10 25000 1.543e+14 265 5 1 1 
5.13048e+15 0 0 4.97118e+27 0.001 10 25000 1.543e+14 266 5 1 1 
5.20763e+15 0 0 4.97118e+27 0.001 10 25000 1.543e+14 267 5 1 1 
5.28478e+15 0 0 4.97118e+27 0.001 10 25000 1.543e+14 268 5 1 1 
5.36193e+15 0 0 4.97118e+27 0.001 10 25000 1.543e+14 269 5 1 1 
5.43908e+15 0 0 4.97118e+27 0.001 10 25000 1.543e+14 270 5 1 1 
5.51623e+15 0 0 4.97118e+27 0.001 10 25000 1.543e+14 271 5 1 1 
5.59338e+15 0 0 4.97118e+27 0.001 10 25000 1.543e+14 272 5 1 1 
5.67053e+15 0 0 4.97118e+27 0.001 10 25000 1.543e+14 273 5 1 1 
5.74768e+15 -3.43175e-45 -3.63266e-55 4.97118e+27 0.001 10 25000 1.543e+14 274 5 1 1 
5.82483e+15 -1.74011e-14 -1.84198e-24 4.97118e+27 0.001 10 25000 1.543e+14 275 5 1 1 
5.90198e+15 -1.91438e-13 5.52593e-24 4.97118e+27 0.001 10 25000 1.543e+14 276 5 1 1 
5.97913e+15 -6.22991e-12 -4.12603e-22 4.97118e+27 0.001 10 25000 1.543e+14 277 4 1 1 
6.05628e+15 -4.52452e-11 -1.13466e-21 4.97118e+27 0.001 10 25000 1.543e+14 278 4 1 1 
6.13343e+15 -1.57927e-10 -4.15182e-21 4.97118e+27 0.001 10 25000 1.543e+14 279 4 1 1 
6.21057e+15 -5.64322e-10 -1.30633e-20 4.97118e+27 0.001 10 25000 1.543e+14 280 4 1 1 
6.28772e+15 -1.81925e-09 -4.1054e-20 4.97118e+27 0.001 10 25000 1.543e+14 281 4 1 1 
6.36487e+15 -5.69763e-09 -1.23774e-19 4.97118e+27 0.001 10 25000 1.543e+14 282 4 1 1 
6.44202e+15 -1.72168e-08 -3.60652e-19 4.97118e+27 0.001 10 25000 1.543e+14 283 4 1 1 
6.51917e+15 -5.03554e-08 -1.0162e-18 4.97118e+27 0.001 10 25000 1.543e+14 284 4 1 1 
6.59632e+15 -1.42391e-07 -2.77431e-18 4.97118e+27 0.001 10 25000 1.543e+14 285 4 1 1 
6.67347e+15 -3.90538e-07 -7.34269e-18 4.97118e+27 0.001 10 25000 1.543e+14 286 4 1 1 
6.75062e+15 -1.03929e-06 -1.88577e-17 4.97118e+27 0.001 10 25000 1.543e+14 287 4 1 1 
6.82777e+15 -2.6859e-06 -4.70244e-17 4.97118e+27 0.001 10 25000 1.543e+14 288 4 1 1 
6.90492e+15 -6.74553e-06 -1.13925e-16 4.97118e+27 0.001 10 25000 1.543e+14 289 4 1 1 
6.98207e+15 -1.64729e-05 -2.68285e-16 4.97118e+27 0.001 10 25000 1.543e+14 290 4 1 1 
7.05922e+15 -3.91366e-05 -6.14379e-16 4.97118e+27 0.001 10 25000 1.543e+14 291 4 1 1 
7.13637e+15 -9.04997e-05 -1.36866e-15 4.97118e+27 0.001 10 25000 1.543e+14 292 4 1 1 
7.21352e+15 -0.000203767 -2.96694e-15 4.97118e+27 0.001 10 25000 1.543e+14 293 4 1 1 
7.29067e+15 -0.000446882 -6.26011e-15 4.97118e+27 0.001 10 25000 1.543e+14 294 4 1 1 
7.36782e+15 -0.000954885 -1.28589e-14 4.97118e+27 0.001 10 25000 1.543e+14 295 4 1 1 
7.44497e+15 -0.00198849 -2.57184e-14 4.97118e+27 0.001 10 25000 1.543e+14 296 4 1 1 
7.52212e+15 -0.00403648 -5.00902e-14 4.97118e+27 0.001 10 25000 1.543e+14 297 4 1 1 
7.59927e+15 -0.0079887 -9.50093e-14 4.97118e+27 0.00100001 10.0001 25000.1 1.54299e+14 298 4 1 1 
7.67642e+15 -0.0154174 -1.75509e-13 4.97118e+27 0.00100001 10.0002 25000.1 1.54298e+14 299 4 1 1 
7.75357e+15 -0.0290178 -3.15753e-13 4.97118e+27 0.00100002 10.0003 25000.2 1.54297e+14 300 4 1 1 
7.83072e+15 -0.0532699 -5.53208e-13 4.97118e+27 0.00100004 10.0006 25000.4 1.54294e+14 301 4 1 1 
7.90787e+15 -0.0953877 -9.43775e-13 4.97118e+27 0.00100007 10.001 25000.7 1.54289e+14 302 4 1 1 
7.98501e+15 -0.166613 -1.56747e-12 4.97118e+27 0.00100013 10.0018 25001.3 1.5428e+14 303 4 1 1 
8.06215e+15 -0.283873 -2.53366e-12 4.97118e+27 0.00100022 10.0031 25002.2 1.54266e+14 304 4 1 1 
8.13928e+15 -0.471738 -3.98395e-12 4.97118e+27 0.00100037 10.0051 25003.6 1.54244e+14 305 4 1 1 
8.21639e+15 -0.764482 -6.08987e-12 4.97118e+27 0.00100059 10.0083 25005.9 1.54208e+14 306 4 1 1 
8.29348e+15 -1.20782 -9.04121e-12 4.97118e+27 0.00100094 10.0131 25009.4 1.54155e+14 307 4 1 0.999999 
8.37054e+15 -1.85962 -1.30199e-11 4.97118e+27 0.00100145 10.0203 25014.5 1.54076e+14 308 4 1 0.999998 
8.44756e+15 -2.78855 -1.81554e-11 4.97118e+27 0.00100219 10.0305 25021.8 1.53963e+14 309 4 1 0.999997 
8.52451e+15 -4.06944 -2.44593e-11 4.97118e+27 0.0010032 10.0448 25031.9 1.53808e+14 310 4 1 0.999994 
8.60137e+15 -5.77402 -3.17469e-11 4.97118e+27 0.00100456 10.0638 25045.5 1.536e+14 311 4 1 0.99999 
8.67811e+15 -7.95677 -3.95645e-11 4.97118e+27 0.00100631 10.0884 25063 1.53332e+14 312 4 1 0.999985 
8.7547e+15 -10.6368 -4.71572e-11 4.97118e+27 0.00100848 10.1189 25084.6 1.53002e+14 313 4 1 0.99998 
8.83111e+15 -13.7793 -5.35166e-11 4.97118e+27 0.00101105 10.1551 25110.2 1.52613e+14 314 4 1 0.999975 
8.90731e+15 -17.283 -5.75341e-11 4.97118e+27 0.00101395 10.1959 25139.1 1.52177e+14 315 4 1 0.999972 
8.98329e+15 -20.9786 -5.82488e-11 4.97118e+27 0.00101705 10.2397 25170 1.51713e+14 316 4 1 0.999972 
9.05903e+15 -24.6434 -5.50297e-11 4.97118e+27 0.00102018 10.2839 25201 1.51247e+14 317 4 1 0.999976 
9.13454e+15 -28.0284 -4.79394e-11 4.97118e+27 0.00102313 10.3256 25230.2 1.50812e+14 318 4 1 0.999983 
9.20984e+15 -30.8764 -3.62705e-11 4.97118e+27 0.00102566 10.3614 25255.2 1.5044e+14 319 4 1 0.999996 
9.28498e+15 -32.7822 -1.52891e-11 4.97118e+27 0.00102718 10.3835 25270.6 1.50218e+14 320 3 1 1 
9.36006e+15 -31.0216 1.13132e-10 4.97118e+27 0.00102427 10.3441 25243.4 1.50644e+14 321 4 1 1.00001 
9.43562e+15 -15.7779 3.43092e-10 4.97118e+27 0.00101253 10.1777 25126.9 1.52391e+14 322 4 1 0.999758 
9.51246e+15 4.86235 2.5455e-10 4.97118e+27 0.000997434 9.96273 24973.8 1.54697e+14 323 4 1 0.999313 
9.59033e+15 15.1237 8.04735e-11 4.97118e+27 0.000987947 9.83043 24878.3 1.56182e+14 324 4 1 0.999679 
9.66864e+15 20.7679 1.10299e-10 4.97118e+27 0.000981783 9.74671 24817.7 1.57163e+14 325 4 1 0.999892 
9.74749e+15 31.5228 2.00182e-10 4.97118e+27 0.000973087 9.62628 24730 1.58568e+14 326 4 1 0.999811 
9.82721e+15 45.7098 2.09416e-10 4.97118e+27 0.000962001 9.4723 24616.3 1.60395e+14 327 4 1 0.999632 
9.90789e+15 59.2452 1.87124e-10 4.97118e+27 0.000950979 9.32052 24502.8 1.62254e+14 328 4 1 0.999609 
9.98947e+15 72.0935 1.84302e-10 4.97118e+27 0.000940438 9.17638 24394 1.64072e+14 329 4 1 0.999642 
1.0072e+16 85.3495 1.90186e-10 4.97118e+27 0.000929809 9.03157 24283.4 1.65948e+14 330 4 1 0.999633 
1.01554e+16 99.0734 1.91834e-10 4.97118e+27 0.000918961 8.88437 24169.6 1.67907e+14 331 4 1 0.999607 
1.02399e+16 113.002 1.91754e-10 4.97118e+27 0.000908011 8.73651 24054 1.69932e+14 332 4 1 0.999589 
1.03254e+16 127.12 1.91449e-10 4.97118e+27 0.00089701 8.58869 23937.1 1.72016e+14 333 4 1 0.999576 
1.04119e+16 141.465 1.91661e-10 4.97118e+27 0.000885956 8.44089 23818.6 1.74162e+14 334 4 1 0.999561 
1.04995e+16 156.014 1.91788e-10 4.97118e+27 0.00087484 8.29299 23698.7 1.76375e+14 335 4 1 0.999546 
1.05883e+16 170.803 1.91205e-10 4.97118e+27 0.000863678 8.14524 23577.3 1.78655e+14 336 4 1 0.99953 
1.06782e+16 185.807 1.91537e-10 4.97118e+27 0.000852464 7.99758 23454.3 1.81005e+14 337 4 1 0.999514 
1.07693e+16 201.018 1.91236e-10 4.97118e+27 0.000841194 7.84994 23329.8 1.8343e+14 338 4 1 0.999496 
1.08616e+16 216.471 1.90723e-10 4.97118e+27 0.000829884 7.70259 23203.9 1.8593e+14 339 4 1 0.999479 
1.09552e+16 232.149 1.90728e-10 4.97118e+27 0.000818529 7.55544 23076.4 1.88509e+14 340 4 1 0.999461 
1.10502e+16 248.078 1.90089e-10 4.97118e+27 0.000807129 7.40854 22947.3 1.91171e+14 341 4 1 0.999442 
1.11464e+16 264.241 1.89784e-10 4.97118e+27 0.000795691 7.26198 22816.7 1.9392e+14 342 4 1 0.999423 
1.12441e+16 280.641 1.89594e-10 4.97118e+27 0.000784205 7.11565 22684.4 1.9676e+14 343 4 1 0.999402 
1.13432e+16 297.29 1.88756e-10 4.97118e+27 0.000772682 6.96971 22550.5 1.99694e+14 344 4 1 0.99938 
1.14438e+16 314.203 1.88239e-10 4.97118e+27 0.00076113 6.82427 22415 2.02725e+14 345 4 1 0.999359 
1.15459e+16 331.354 1.87658e-10 4.97118e+27 0.000749542 6.67927 22277.9 2.05859e+14 346 4 1 0.999336 
1.16497e+16 348.79 1.86754e-10 4.97118e+27 0.000737929 6.53484 22139.2 2.09099e+14 347 4 1 0.999312 
1.1755e+16 366.441 1.86248e-10 4.97118e+27 0.000726287 6.39097 21998.9 2.1245e+14 348 4 1 0.999288 
1.18621e+16 384.378 1.84857e-10 4.97118e+27 0.000714631 6.24785 21857 2.15916e+14 349 4 1 0.999263 
1.1971e+16 402.555 1.83869e-10 4.97118e+27 0.000702975 6.10565 21713.7 2.19496e+14 350 4 1 0.99924 
1.20816e+16 420.945 1.82062e-10 4.97118e+27 0.000691333 5.96457 21569.2 2.23192e+14 351 4 1 0.999216 
1.21942e+16 439.511 1.79838e-10 4.97118e+27 0.000679745 5.82507 21423.8 2.26997e+14 352 4 1 0.999196 
1.23087e+16 458.165 1.76919e-10 4.97118e+27 0.000668251 5.68764 21278.2 2.30901e+14 353 4 1 0.999181 
1.24251e+16 476.825 1.71944e-10 4.97118e+27 0.000656938 5.5533 21133.4 2.34878e+14 354 4 1 0.999176 
1.25436e+16 495.279 1.66307e-10 4.97118e+27 0.000645901 5.42312 20990.7 2.38891e+14 355 4 1 0.999187 
1.2664e+16 513.308 1.57547e-10 4.97118e+27 0.000635266 5.29853 20851.8 2.4289e+14 356 4 1 0.999213 
1.27865e+16 530.582 1.46902e-10 4.97118e+27 0.000625192 5.18127 20718.9 2.46804e+14 357 4 1 0.999265 
1.29108e+16 546.889 1.35142e-10 4.97118e+27 0.000615771 5.0723 20593.5 2.5058e+14 358 4 1 0.999333 
1.30371e+16 562.314 1.26863e-10 4.97118e+27 0.000606923 4.97059 20474.6 2.54233e+14 359 4 1 0.999396 
1.31651e+16 577.354 1.25557e-10 4.97118e+27 0.000598321 4.87229 20358.2 2.57888e+14 360 4 1 0.999421 
1.3295e+16 593.072 1.33101e-10 4.97118e+27 0.000589487 4.7719 20237.5 2.61753e+14 361 4 1 0.999386 
1.34268e+16 610.182 1.42748e-10 4.97118e+27 0.000580098 4.66584 20107.9 2.65989e+14 362 4 1 0.99929 
1.3561e+16 628.478 1.4487e-10 4.97118e+27 0.000570338 4.55629 19971.9 2.70541e+14 363 4 1 0.999196 
1.36974e+16 646.474 1.32857e-10 4.97118e+27 0.000560904 4.45108 19839.1 2.75092e+14 364 4 1 0.999197 
1.38361e+16 662.233 1.04657e-10 4.97118e+27 0.000552785 4.36111 19723.7 2.79132e+14 365 4 1 0.999354 
1.39766e+16 673.527 6.20191e-11 4.97118e+27 0.000547001 4.29733 19640.9 2.82084e+14 366 4 1 0.999636 
1.41182e+16 678.807 1.56594e-11 4.97118e+27 0.000544144 4.26598 19599.9 2.83565e+14 367 4 1 0.999898 
1.42601e+16 679.079 -4.30284e-12 4.97118e+27 0.000543514 4.25916 19591 2.83893e+14 368 5 1 0.999995 
1.44021e+16 678.881 -1.82829e-12 4.97118e+27 0.000543597 4.26013 19592.3 2.8385e+14 369 4 1 1 
1.4544e+16 678.503 -3.93072e-12 4.97118e+27 0.000543754 4.26186 19594.6 2.83768e+14 370 4 1 0.999999 
1.46858e+16 677.964 -4.43485e-12 4.97118e+27 0.000544011 4.2647 19598.4 2.83634e+14 371 4 1 0.999999 
1.48276e+16 677.353 -4.4936e-12 4.97118e+27 0.000544311 4.26801 19602.8 2.83478e+14 372 4 1 0.999999 
1.49693e+16 676.753 -4.16177e-12 4.97118e+27 0.000544619 4.27141 19607.3 2.83317e+14 373 4 1 0.999999 
1.51109e+16 676.211 -3.58816e-12 4.97118e+27 0.000544905 4.27458 19611.6 2.83169e+14 374 4 1 0.999999 
1.52525e+16 675.747 -2.96224e-12 4.97118e+27 0.000545153 4.27733 19615.2 2.8304e+14 375 4 1 1 
1.5394e+16 675.365 -2.40188e-12 4.97118e+27 0.00054536 4.27962 19618.3 2.82932e+14 376 4 1 1 
1.55354e+16 675.057 -1.93229e-12 4.97118e+27 0.000545528 4.28149 19620.9 2.82845e+14 377 4 1 1 
1.56768e+16 674.808 -1.55874e-12 4.97118e+27 0.000545662 4.283 19622.9 2.82776e+14 378 4 1 1 
1.58182e+16 674.605 -1.28357e-12 4.97118e+27 0.00054577 4.28422 19624.6 2.8272e+14 379 4 1 1 
1.59595e+16 674.438 -1.086e-12 4.97118e+27 0.000545858 4.28522 19626.1 2.82674e+14 380 4 1 1 
1.61009e+16 674.296 -9.36908e-13 4.97118e+27 0.000545932 4.28607 19627.3 2.82636e+14 381 4 1 1 
1.62422e+16 674.173 -8.19679e-13 4.97118e+27 0.000545994 4.2868 19628.4 2.82604e+14 382 4 1 1 
1.63835e+16 674.064 -7.25438e-13 4.97118e+27 0.000546047 4.28743 19629.4 2.82576e+14 383 4 1 1 
1.65247e+16 673.968 -6.45503e-13 4.97118e+27 0.000546093 4.288 19630.3 2.82552e+14 384 4 1 1 
1.6666e+16 673.882 -5.74413e-13 4.97118e+27 0.000546133 4.2885 19631.2 2.82532e+14 385 4 1 1 
1.68073e+16 673.804 -5.11089e-13 4.97118e+27 0.000546167 4.28894 19632 2.82514e+14 386 4 1 1 
1.69485e+16 673.735 -4.55132e-13 4.97118e+27 0.000546195 4.28933 19632.8 2.825e+14 387 4 1 1 
1.70898e+16 673.674 -4.05352e-13 4.97118e+27 0.000546219 4.28969 19633.6 2.82488e+14 388 4 1 1 
1.7231e+16 673.618 -3.60805e-13 4.97118e+27 0.000546237 4.29 19634.3 2.82478e+14 389 4 1 1 
1.73723e+16 673.569 -3.21085e-13 4.97118e+27 0.00054625 4.29028 19635.1 2.82471e+14 390 4 1 1 
1.75135e+16 673.525 -2.86031e-13 4.97118e+27 0.000546259 4.29052 19636 2.82467e+14 391 4 1 1 
1.76547e+16 673.485 -2.55557e-13 4.97118e+27 0.000546262 4.29074 19636.8 2.82465e+14 392 3 1 1 
1.77959e+16 673.449 -2.29283e-13 4.97118e+27 0.000546258 4.29092 19637.8 2.82467e+14 393 4 1 1 
1.79372e+16 673.416 -2.0635e-13 4.97118e+27 0.000546237 4.29097 19638.8 2.82478e+14 394 4 1 1 
1.80784e+16 673.386 -1.85864e-13 4.97118e+27 0.000546143 4.29049 19640 2.82527e+14 395 4 1 1 
1.82197e+16 673.359 -1.67374e-13 4.97118e+27 0.000545729 4.28801 19643.5 2.82741e+14 396 4 1 0.999999 
1.83612e+16 673.334 -1.50802e-13 4.97118e+27 0.000544107 4.27055 19621.8 2.83584e+14 397 4 1 0.999987 
1.85033e+16 673.312 -1.35916e-13 4.97118e+27 0.000530982 4.11585 19378.5 2.90594e+14 398 4 1 0.999668 
1.86519e+16 673.289 -1.21847e-13 4.97118e+27 0.000506894 4.40275 21714.3 3.04403e+14 399 4 1 0.994708 
1.88079e+16 673.268 -1.08296e-13 4.97118e+27 0.000481352 4.15636 21586.9 3.20555e+14 400 4 1 0.9937 
1.89728e+16 673.246 -9.50003e-14 4.97118e+27 0.000458861 4.50096 24522.5 3.36268e+14 401 4 1 0.993694 
1.91444e+16 673.225 -8.20468e-14 4.97118e+27 0.000450243 4.30627 23910.8 3.42704e+14 402 5 1 0.998659 
1.93155e+16 673.205 -7.00671e-14 4.97118e+27 0.000451838 4.28951 23733.7 3.41494e+14 403 4 1 0.999967 
1.94859e+16 673.187 -5.91229e-14 4.97118e+27 0.000453459 4.28906 23646.3 3.40273e+14 404 4 1 0.999986 
1.96557e+16 673.169 -4.9176e-14 4.97118e+27 0.000454546 4.2904 23597.2 3.3946e+14 405 4 1 0.999994 
1.98253e+16 673.152 -4.00686e-14 4.97118e+27 0.000455243 4.29122 23565.5 3.3894e+14 406 4 1 0.999997 
1.99947e+16 673.136 -3.14361e-14 4.97118e+27 0.000455714 4.29164 23543.5 3.38589e+14 407 4 1 0.999999 
2.01639e+16 673.12 -2.27284e-14 4.97118e+27 0.000456048 4.29187 23527.5 3.38341e+14 408 4 1 0.999999 
2.0333e+16 673.104 -1.32898e-14 4.97118e+27 0.000456295 4.29201 23515.5 3.38158e+14 409 4 1 1 
2.05021e+16 673.089 -2.24017e-15 4.97118e+27 0.000456481 4.29209 23506.4 3.3802e+14 410 4 1 1 
2.0671e+16 673.072 1.23682e-14 4.97118e+27 0.000456625 4.29213 23499.2 3.37914e+14 411 4 1 1 
2.084e+16 673.053 3.7415e-14 4.97118e+27 0.000456735 4.29213 23493.6 3.37832e+14 412 4 1 1 
2.10089e+16 673.029 9.4212e-14 4.97118e+27 0.000456818 4.29206 23488.9 3.37771e+14 413 4 1 1 
2.11777e+16 672.985 2.51004e-13 4.97118e+27 0.00045687 4.2918 23484.8 3.37733e+14 414 3 1 1 
2.13466e+16 672.881 7.36916e-13 4.97118e+27 0.000456865 4.29099 23480.6 3.37736e+14 415 4 1 1 
2.15155e+16 672.593 2.1968e-12 4.97118e+27 0.000456722 4.28849 23474.3 3.37843e+14 416 4 1 1 
2.16844e+16 671.74 6.58431e-12 4.97118e+27 0.000456192 4.28104 23460.6 3.38235e+14 417 4 1 0.999998 
2.18537e+16 669.29 1.88032e-11 4.97118e+27 0.000454616 4.25995 23425.9 3.39408e+14 418 4 1 0.999979 
2.20239e+16 662.672 4.80601e-11 4.97118e+27 0.00045052 4.20596 23339 3.42493e+14 419 4 1 0.999847 
2.21962e+16 646.477 1.16699e-10 4.97118e+27 0.000440987 4.08121 23135.9 3.49897e+14 420 4 1 0.999144 
2.23738e+16 610.532 2.34579e-10 4.97118e+27 0.000422178 3.83737 22722.1 3.65485e+14 421 4 1 0.996418 
2.25621e+16 540.109 4.82847e-10 4.97118e+27 0.00038891 3.41243 21933.6 3.9675e+14 422 4 1 0.989214 
2.2772e+16 394.856 9.06508e-10 4.97118e+27 0.000340363 2.81147 20650 4.5334e+14 423 4 1 0.974465 
2.30195e+16 193.939 9.12153e-10 4.97118e+27 0.000292178 2.24839 19240.6 5.28102e+14 424 4 1 0.96002 
2.33044e+16 52.5052 4.24076e-10 4.97118e+27 0.000262664 1.92561 18330.2 5.87443e+14 425 4 1 0.973755 
2.36082e+16 5.86823 8.13056e-11 4.97118e+27 0.000252117 1.8163 18011.4 6.12017e+14 426 4 1 0.994721 
2.39165e+16 -0.218647 3.2541e-12 4.97118e+27 0.000250109 1.79608 17953.1 6.16931e+14 427 4 1 0.999758 
2.42251e+16 -0.0799388 -1.22351e-12 4.97118e+27 0.000249981 1.7948 17949.4 6.17248e+14 428 5 1 0.999999 
2.45337e+16 0.00551694 -1.65769e-14 4.97118e+27 0.000249999 1.79499 17950 6.17203e+14 429 4 1 1 
2.48423e+16 0.00245276 1.51138e-14 4.97118e+27 0.00025 1.795 17950 6.17199e+14 430 3 1 1 
2.51509e+16 0.000598222 4.22511e-15 4.97118e+27 0.00025 1.795 17950 6.172e+14 431 4 1 1 
2.54595e+16 0.000133169 9.71531e-16 4.97118e+27 0.00025 1.795 17950 6.172e+14 432 4 1 1 
2.57681e+16 2.85293e-05 2.13903e-16 4.97118e+27 0.00025 1.795 17950 6.172e+14 433 4 1 1 
2.60767e+16 5.90992e-06 4.56608e-17 4.97118e+27 0.00025 1.795 17950 6.172e+14 434 4 1 1 
2.63853e+16 1.18031e-06 9.4297e-18 4.97118e+27 0.00025 1.795 17950 6.172e+14 435 4 1 1 
2.66939e+16 2.26338e-07 1.87577e-18 4.97118e+27 0.00025 1.795 17950 6.172e+14 436 4 1 1 
2.70025e+16 4.15515e-08 3.57749e-19 4.97118e+27 0.00025 1.795 17950 6.172e+14 437 4 1 1 
2.73111e+16 7.28285e-09 6.52553e-20 4.97118e+27 0.00025 1.795 17950 6.172e+14 438 4 1 1 
2.76197e+16 1.21928e-09 1.14041e-20 4.97118e+27 0.00025 1.795 17950 6.172e+14 439 4 1 1 
2.79283e+16 1.92303e-10 1.85487e-21 4.97118e+27 0.00025 1.795 17950 6.172e+14 440 4 1 1 
2.82369e+16 1.95781e-11 3.21425e-22 4.97118e+27 0.00025 1.795 17950 6.172e+14 441 4 1 1 
2.85455e+16 -9.82141e-14 1.33543e-23 4.97118e+27 0.00025 1.795 17950 6.172e+14 442 5 1 1 
2.88541e+16 -2.04277e-12 3.22346e-24 4.97118e+27 0.00025 1.795 17950 6.172e+14 443 5 1 1 
2.91627e+16 -2.53247e-12 4.14445e-24 4.97118e+27 0.00025 1.795 17950 6.172e+14 444 5 1 1 
2.94713e+16 -4.83054e-12 9.20989e-25 4.97118e+27 0.00025 1.795 17950 6.172e+14 445 5 1 1 
2.97799e+16 8.53948e-12 -2.30247e-24 4.97118e+27 0.00025 1.795 17950 6.172e+14 446 5 1 1 
3.00885e+16 1.30543e-12 -4.60494e-25 4.97118e+27 0.00025 1.795 17950 6.172e+14 447 5 1 1 
3.03971e+16 -9.53843e-13 6.90741e-24 4.97118e+27 0.00025 1.795 17950 6.172e+14 448 5 1 1 
3.07057e+16 -1.01021e-11 8.2889e-24 4.97118e+27 0.00025 1.795 17950 6.172e+14 449 3 1 1 
3.10143e+16 1.01021e-11 -8.2889e-24 4.97118e+27 0.00025 1.795 17950 6.172e+14 450 3 1 1 
3.13229e+16 9.53843e-13 -6.90741e-24 4.97118e+27 0.00025 1.795 17950 6.172e+14 451 5 1 1 
3.16315e+16 -1.30543e-12 4.60494e-25 4.97118e+27 0.00025 1.795 17950 6.172e+14 452 5 1 1 
3.19401e+16 -8.53948e-12 2.30247e-24 4.97118e+27 0.00025 1.795 17950 6.172e+14 453 5 1 1 
3.22487e+16 4.83054e-12 -9.20989e-25 4.97118e+27 0.00025 1.795 17950 6.172e+14 454 5 1 1 
3.25573e+16 2.53247e-12 -4.14445e-24 4.97118e+27 0.00025 1.795 17950 6.172e+14 455 5 1 1 
3.28659e+16 2.04712e-12 -3.68395e-24 4.97118e+27 0.00025 1.795 17950 6.172e+14 456 5 1 1 
3.31745e+16 -4.1955e-13 -2.39457e-23 4.97118e+27 0.00025 1.795 17950 6.172e+14 457 5 1 1 
3.34831e+16 -1.10251e-11 -1.40911e-22 4.97118e+27 0.00025 1.795 17950 6.172e+14 458 5 1 1 
3.37917e+16 -1.92208e-10 -2.22419e-21 4.97118e+27 0.00025 1.795 17950 6.172e+14 459 4 1 1 
3.41003e+16 -1.22181e-09 -1.10873e-20 4.97118e+27 0.00025 1.795 17950 6.172e+14 460 4 1 1 
3.44089e+16 -7.28069e-09 -6.53543e-20 4.97118e+27 0.00025 1.795 17950 6.172e+14 461 4 1 1 
3.47175e+16 -4.15289e-08 -3.57941e-19 4.97118e+27 0.00025 1.795 17950 6.172e+14 462 4 1 1 
3.50261e+16 -2.26402e-07 -1.87551e-18 4.97118e+27 0.00025 1.795 17950 6.172e+14 463 4 1 1 
3.53347e+16 -1.18025e-06 -9.42972e-18 4.97118e+27 0.00025 1.795 17950 6.172e+14 464 4 1 1 
3.56433e+16 -5.90992e-06 -4.56607e-17 4.97118e+27 0.00025 1.795 17950 6.172e+14 465 4 1 1 
3.59519e+16 -2.85293e-05 -2.13903e-16 4.97118e+27 0.00025 1.795 17950 6.172e+14 466 4 1 1 
3.62605e+16 -0.000133169 -9.71531e-16 4.97118e+27 0.00025 1.795 17950 6.172e+14 467 4 1 1 
3.65691e+16 -0.000598222 -4.22511e-15 4.97118e+27 0.00025 1.795 17950 6.172e+14 468 4 1 1 
3.68777e+16 -0.00245276 -1.51138e-14 4.97118e+27 0.00025 1.795 17950 6.17199e+14 469 3 1 1 
3.71863e+16 -0.00551694 1.65769e-14 4.97118e+27 0.000249999 1.79499 17950 6.17203e+14 470 4 1 1 
3.74949e+16 0.0799388 1.22351e-12 4.97118e+27 0.000249981 1.7948 17949.4 6.17248e+14 471 5 1 0.999999 
3.78035e+16 0.218647 -3.2541e-12 4.97118e+27 0.000250109 1.79608 17953.1 6.16931e+14 472 4 1 0.999758 
3.81118e+16 -5.86823 -8.13056e-11 4.97118e+27 0.000252117 1.8163 18011.4 6.12017e+14 473 4 1 0.994721 
3.84156e+16 -52.5052 -4.24076e-10 4.97118e+27 0.000262664 1.92561 18330.2 5.87443e+14 474 4 1 0.973755 
3.87005e+16 -193.939 -9.12153e-10 4.97118e+27 0.000292178 2.24839 19240.6 5.28102e+14 475 4 1 0.96002 
3.8948e+16 -394.856 -9.06508e-10 4.97118e+27 0.000340363 2.81147 20650 4.5334e+14 476 4 1 0.974465 
3.91579e+16 -540.109 -4.82847e-10 4.97118e+27 0.00038891 3.41243 21933.6 3.9675e+14 477 4 1 0.989214 
3.93462e+16 -610.532 -2.34579e-10 4.97118e+27 0.000422178 3.83737 22722.1 3.65485e+14 478 4 1 0.996418 
3.95238e+16 -646.477 -1.16699e-10 4.97118e+27 0.000440987 4.08121 23135.9 3.49897e+14 479 4 1 0.999144 
3.96961e+16 -662.672 -4.80601e-11 4.97118e+27 0.00045052 4.20596 23339 3.42493e+14 480 4 1 0.999847 
3.98663e+16 -669.29 -1.88032e-11 4.97118e+27 0.000454616 4.25995 23425.9 3.39408e+14 481 4 1 0.999979 
4.00356e+16 -671.74 -6.58431e-12 4.97118e+27 0.000456192 4.28104 23460.6 3.38235e+14 482 4 1 0.999998 
4.02045e+16 -672.593 -2.1968e-12 4.97118e+27 0.000456722 4.28849 23474.3 3.37843e+14 483 4 1 1 
4.03734e+16 -672.881 -7.36916e-13 4.97118e+27 0.000456865 4.29099 23480.6 3.37736e+14 484 4 1 1 
4.05423e+16 -672.985 -2.51004e-13 4.97118e+27 0.00045687 4.2918 23484.8 3.37733e+14 485 3 1 1 
4.07111e+16 -673.029 -9.4212e-14 4.97118e+27 0.000456818 4.29206 23488.9 3.37771e+14 486 4 1 1 
4.088e+16 -673.053 -3.7415e-14 4.97118e+27 0.000456735 4.29213 23493.6 3.37832e+14 487 4 1 1 
4.1049e+16 -673.072 -1.23682e-14 4.97118e+27 0.000456625 4.29213 23499.2 3.37914e+14 488 4 1 1 
4.12179e+16 -673.089 2.24017e-15 4.97118e+27 0.000456481 4.29209 23506.4 3.3802e+14 489 4 1 1 
4.1387e+16 -673.104 1.32898e-14 4.97118e+27 0.000456295 4.29201 23515.5 3.38158e+14 490 4 1 1 
4.15561e+16 -673.12 2.27284e-14 4.97118e+27 0.000456048 4.29187 23527.5 3.38341e+14 491 4 1 0.999999 
4.17253e+16 -673.136 3.14361e-14 4.97118e+27 0.000455714 4.29164 23543.5 3.38589e+14 492 4 1 0.999999 
4.18947e+16 -673.152 4.00686e-14 4.97118e+27 0.000455243 4.29122 23565.5 3.3894e+14 493 4 1 0.999997 
4.20643e+16 -673.169 4.9176e-14 4.97118e+27 0.000454546 4.2904 23597.2 3.3946e+14 494 4 1 0.999994 
4.22341e+16 -673.187 5.91229e-14 4.97118e+27 0.000453459 4.28906 23646.3 3.40273e+14 495 4 1 0.999986 
4.24045e+16 -673.205 7.00671e-14 4.97118e+27 0.000451838 4.28951 23733.7 3.41494e+14 496 4 1 0.999967 
4.25756e+16 -673.225 8.20468e-14 4.97118e+27 0.000450243 4.30627 23910.8 3.42704e+14 497 5 1 0.998659 
4.27472e+16 -673.246 9.50003e-14 4.97118e+27 0.000458861 4.50096 24522.5 3.36268e+14 498 4 1 0.993694 
4.29121e+16 -673.268 1.08296e-13 4.97118e+27 0.000481352 4.15636 21586.9 3.20555e+14 499 4 1 0.9937 
