# Time [s]: 4.84814e+12
# Columns: pos [pc], vel [pc/s], acc [pc/s^2], mass [Msun], dens [g/cm^3], pres [barye], ene [erg/g], sml [pc], id, neighbor, alpha, gradh, ...additional?
4.30935e+16 -673.294 1.24929e-13 4.97118e+27 0.000506891 4.40272 21714.3 3.04404e+14 0 4 1 0.994708 
4.32421e+16 -673.317 1.39407e-13 4.97118e+27 0.000530979 4.11581 19378.4 2.90595e+14 1 4 1 0.999668 
4.33843e+16 -673.34 1.54717e-13 4.97118e+27 0.000544104 4.27051 19621.8 2.83586e+14 2 4 1 0.999987 
4.35257e+16 -673.366 1.7181e-13 4.97118e+27 0.000545726 4.28797 19643.4 2.82743e+14 3 4 1 0.999999 
4.3667e+16 -673.393 1.90985e-13 4.97118e+27 0.000546139 4.29045 19639.9 2.82529e+14 4 4 1 1 
4.38083e+16 -673.424 2.12303e-13 4.97118e+27 0.000546233 4.29092 19638.7 2.8248e+14 5 4 1 1 
4.39495e+16 -673.457 2.36104e-13 4.97118e+27 0.000546253 4.29086 19637.7 2.8247e+14 6 4 1 1 
4.40907e+16 -673.494 2.63239e-13 4.97118e+27 0.000546256 4.29067 19636.7 2.82468e+14 7 3 1 1 
4.4232e+16 -673.536 2.94702e-13 4.97118e+27 0.000546252 4.29045 19635.9 2.8247e+14 8 4 1 1 
4.43732e+16 -673.581 3.31009e-13 4.97118e+27 0.000546243 4.2902 19635 2.82475e+14 9 4 1 1 
4.45144e+16 -673.632 3.72237e-13 4.97118e+27 0.000546229 4.28991 19634.2 2.82482e+14 10 4 1 1 
4.46557e+16 -673.689 4.18449e-13 4.97118e+27 0.00054621 4.28959 19633.4 2.82492e+14 11 4 1 1 
4.47969e+16 -673.753 4.69877e-13 4.97118e+27 0.000546186 4.28923 19632.6 2.82505e+14 12 4 1 1 
4.49382e+16 -673.824 5.27288e-13 4.97118e+27 0.000546156 4.28882 19631.8 2.8252e+14 13 4 1 1 
4.50795e+16 -673.904 5.92159e-13 4.97118e+27 0.000546121 4.28836 19631 2.82538e+14 14 4 1 1 
4.52207e+16 -673.992 6.65567e-13 4.97118e+27 0.00054608 4.28785 19630.1 2.82559e+14 15 4 1 1 
4.5362e+16 -674.092 7.48703e-13 4.97118e+27 0.000546032 4.28727 19629.2 2.82584e+14 16 4 1 1 
4.55033e+16 -674.204 8.47242e-13 4.97118e+27 0.000545977 4.28661 19628.2 2.82613e+14 17 4 1 1 
4.56446e+16 -674.332 9.72045e-13 4.97118e+27 0.000545912 4.28586 19627 2.82646e+14 18 4 1 1 
4.5786e+16 -674.48 1.13389e-12 4.97118e+27 0.000545835 4.28497 19625.7 2.82686e+14 19 4 1 1 
4.59273e+16 -674.655 1.34775e-12 4.97118e+27 0.000545742 4.28391 19624.2 2.82734e+14 20 4 1 1 
4.60687e+16 -674.869 1.64275e-12 4.97118e+27 0.000545628 4.28263 19622.5 2.82793e+14 21 4 1 1 
4.62101e+16 -675.132 2.04467e-12 4.97118e+27 0.000545486 4.28103 19620.3 2.82867e+14 22 4 1 1 
-1.53684e+16 -675.458 2.54777e-12 4.97118e+27 0.000545308 4.27905 19617.6 2.82959e+14 23 4 1 1 
-1.52269e+16 -675.862 3.13024e-12 4.97118e+27 0.00054509 4.27663 19614.3 2.83073e+14 24 4 1 1 
-1.50854e+16 -676.35 3.75885e-12 4.97118e+27 0.00054483 4.27376 19610.5 2.83208e+14 25 4 1 0.999999 
-1.49437e+16 -676.913 4.31193e-12 4.97118e+27 0.000544535 4.27049 19606.1 2.83361e+14 26 4 1 0.999999 
-1.4802e+16 -677.524 4.57011e-12 4.97118e+27 0.000544223 4.26704 19601.5 2.83524e+14 27 4 1 0.999999 
-1.46602e+16 -678.129 4.32561e-12 4.97118e+27 0.000543928 4.26379 19597.2 2.83677e+14 28 4 1 0.999999 
-1.45183e+16 -678.648 3.76626e-12 4.97118e+27 0.000543692 4.26118 19593.7 2.83801e+14 29 4 1 0.999999 
-1.43764e+16 -678.935 1.10152e-12 4.97118e+27 0.000543554 4.25966 19591.7 2.83872e+14 30 4 1 1 
-1.42345e+16 -679.237 3.76694e-12 4.97118e+27 0.000543547 4.25951 19591.4 2.83876e+14 31 5 1 0.999984 
-1.40925e+16 -677.991 -2.77781e-11 4.97118e+27 0.000544644 4.27145 19607 2.83304e+14 32 4 1 0.999836 
-1.39511e+16 -670.927 -7.5513e-11 4.97118e+27 0.000548346 4.31213 19660.2 2.81392e+14 33 4 1 0.999544 
-1.38111e+16 -658.078 -1.15086e-10 4.97118e+27 0.000554921 4.38472 19754.2 2.78058e+14 34 4 1 0.999284 
-1.36731e+16 -641.339 -1.3877e-10 4.97118e+27 0.000563575 4.4808 19876.9 2.73788e+14 35 4 1 0.999172 
-1.35373e+16 -622.969 -1.46538e-10 4.97118e+27 0.000573257 4.58897 20012.8 2.69164e+14 36 4 1 0.999211 
-1.34039e+16 -604.823 -1.40743e-10 4.97118e+27 0.000583009 4.69866 20148.3 2.64661e+14 37 4 1 0.999317 
-1.32726e+16 -588.085 -1.30813e-10 4.97118e+27 0.000592265 4.80341 20275.5 2.60525e+14 38 4 1 0.999399 
-1.31433e+16 -572.613 -1.25494e-10 4.97118e+27 0.000601022 4.90309 20394.8 2.56729e+14 39 4 1 0.999412 
-1.30159e+16 -557.465 -1.29856e-10 4.97118e+27 0.000609703 5.00249 20512.1 2.53074e+14 40 4 1 0.99937 
-1.28903e+16 -541.699 -1.39576e-10 4.97118e+27 0.00061877 5.10692 20633.5 2.49366e+14 41 4 1 0.999301 
-1.27665e+16 -524.941 -1.51639e-10 4.97118e+27 0.000628467 5.2193 20762.2 2.45518e+14 42 4 1 0.999235 
-1.26447e+16 -507.271 -1.61911e-10 4.97118e+27 0.000638813 5.33999 20898.2 2.41542e+14 43 4 1 0.99919 
-1.2525e+16 -488.928 -1.69765e-10 4.97118e+27 0.000649679 5.46758 21039.7 2.37502e+14 44 4 1 0.99917 
-1.24072e+16 -470.267 -1.75091e-10 4.97118e+27 0.000660906 5.60032 21184.4 2.33467e+14 45 4 1 0.999166 
-1.22915e+16 -451.433 -1.79327e-10 4.97118e+27 0.000672374 5.73683 21330.6 2.29486e+14 46 4 1 0.999174 
-1.21777e+16 -432.67 -1.82186e-10 4.97118e+27 0.000683994 5.87612 21477.3 2.25587e+14 47 4 1 0.999191 
-1.20659e+16 -414.026 -1.84132e-10 4.97118e+27 0.000695695 6.01732 21623.5 2.21792e+14 48 4 1 0.999213 
-1.19559e+16 -395.57 -1.85777e-10 4.97118e+27 0.000707435 6.15995 21768.7 2.18112e+14 49 4 1 0.999238 
-1.18477e+16 -377.356 -1.8677e-10 4.97118e+27 0.000719182 6.30362 21912.6 2.14549e+14 50 4 1 0.999263 
-1.17413e+16 -359.373 -1.87794e-10 4.97118e+27 0.000730919 6.4481 22054.9 2.11104e+14 51 4 1 0.999287 
-1.16366e+16 -341.694 -1.88774e-10 4.97118e+27 0.000742641 6.59334 22195.7 2.07772e+14 52 4 1 0.999312 
-1.15335e+16 -324.233 -1.89202e-10 4.97118e+27 0.000754335 6.73915 22334.8 2.04551e+14 53 4 1 0.999336 
-1.14321e+16 -307.055 -1.90037e-10 4.97118e+27 0.000765997 6.88544 22472.2 2.01437e+14 54 4 1 0.999359 
-1.13321e+16 -290.125 -1.90411e-10 4.97118e+27 0.000777624 7.0322 22608.1 1.98425e+14 55 4 1 0.999381 
-1.12336e+16 -273.446 -1.91179e-10 4.97118e+27 0.000789217 7.1794 22742.2 1.9551e+14 56 4 1 0.999402 
-1.11366e+16 -257.037 -1.91502e-10 4.97118e+27 0.000800774 7.32701 22874.9 1.92689e+14 57 4 1 0.999423 
-1.10409e+16 -240.862 -1.91795e-10 4.97118e+27 0.000812284 7.47488 23005.8 1.89958e+14 58 4 1 0.999443 
-1.09466e+16 -224.914 -1.92162e-10 4.97118e+27 0.00082375 7.623 23135.1 1.87314e+14 59 4 1 0.999462 
-1.08536e+16 -209.231 -1.92441e-10 4.97118e+27 0.00083517 7.77136 23262.9 1.84753e+14 60 4 1 0.99948 
-1.07618e+16 -193.764 -1.92682e-10 4.97118e+27 0.000846545 7.91994 23389.1 1.8227e+14 61 4 1 0.999497 
-1.06713e+16 -178.538 -1.93115e-10 4.97118e+27 0.000857876 8.06875 23513.8 1.79863e+14 62 4 1 0.999515 
-1.0582e+16 -163.545 -1.92918e-10 4.97118e+27 0.000869155 8.21765 23637 1.77529e+14 63 4 1 0.999531 
-1.04938e+16 -148.743 -1.93009e-10 4.97118e+27 0.000880375 8.36654 23758.5 1.75266e+14 64 4 1 0.999547 
-1.04067e+16 -134.192 -1.93195e-10 4.97118e+27 0.000891545 8.51552 23878.6 1.7307e+14 65 4 1 0.999563 
-1.03207e+16 -119.859 -1.92848e-10 4.97118e+27 0.000902655 8.66445 23997.2 1.7094e+14 66 4 1 0.999576 
-1.02357e+16 -105.725 -1.93377e-10 4.97118e+27 0.000913712 8.81339 24114.3 1.68872e+14 67 4 1 0.999591 
-1.01518e+16 -91.7985 -1.93023e-10 4.97118e+27 0.000924706 8.96225 24230 1.66864e+14 68 4 1 0.999616 
-1.00689e+16 -78.1965 -1.88198e-10 4.97118e+27 0.000935523 9.10937 24343 1.64934e+14 69 4 1 0.999637 
-9.98688e+15 -65.1307 -1.8487e-10 4.97118e+27 0.000946128 9.2541 24452.8 1.63086e+14 70 4 1 0.999619 
-9.90579e+15 -51.9263 -2.01034e-10 4.97118e+27 0.000956981 9.40299 24564.6 1.61236e+14 71 4 1 0.999598 
-9.82564e+15 -37.6473 -2.14702e-10 4.97118e+27 0.000968327 9.56009 24681.3 1.59347e+14 72 4 1 0.999725 
-9.74644e+15 -24.7549 -1.5428e-10 4.97118e+27 0.000978387 9.6999 24783.8 1.57709e+14 73 4 1 0.999885 
-9.66793e+15 -17.4574 -7.08759e-11 4.97118e+27 0.000985248 9.79376 24851.7 1.5661e+14 74 4 1 0.99981 
-9.58982e+15 -10.5923 -1.68885e-10 4.97118e+27 0.000992629 9.89511 24925.1 1.55446e+14 75 4 1 0.999398 
-9.51248e+15 6.75055 -3.49538e-10 4.97118e+27 0.00100609 10.0859 25061.9 1.53365e+14 76 4 1 0.999502 
-9.43645e+15 26.81 -2.26954e-10 4.97118e+27 0.0010206 10.2925 25207.4 1.51186e+14 77 4 1 0.999977 
-9.36129e+15 33.0838 -9.20877e-12 4.97118e+27 0.00102698 10.3815 25269.3 1.50246e+14 78 3 1 1 
-9.2862e+15 31.9165 3.12043e-11 4.97118e+27 0.00102656 10.3742 25264.2 1.50308e+14 79 4 1 1 
-9.21098e+15 29.3462 4.40408e-11 4.97118e+27 0.00102429 10.342 25241.7 1.50641e+14 80 4 1 0.999987 
-9.13556e+15 26.1178 5.31364e-11 4.97118e+27 0.00102145 10.3019 25213.6 1.51059e+14 81 4 1 0.999978 
-9.05992e+15 22.5054 5.79065e-11 4.97118e+27 0.00101835 10.2579 25182.8 1.5152e+14 82 4 1 0.999973 
-8.98404e+15 18.7658 5.86806e-11 4.97118e+27 0.00101519 10.2133 25151.4 1.51992e+14 83 4 1 0.999971 
-8.90793e+15 15.1384 5.58048e-11 4.97118e+27 0.00101217 10.1708 25121.4 1.52445e+14 84 4 1 0.999973 
-8.83159e+15 11.8185 5.01452e-11 4.97118e+27 0.00100944 10.1324 25094.2 1.52857e+14 85 4 1 0.999977 
-8.75507e+15 8.93573 4.28082e-11 4.97118e+27 0.0010071 10.0995 25070.8 1.53212e+14 86 4 1 0.999983 
-8.67838e+15 6.54982 3.48828e-11 4.97118e+27 0.00100518 10.0725 25051.7 1.53505e+14 87 4 1 0.999988 
-8.60156e+15 4.65975 2.72457e-11 4.97118e+27 0.00100367 10.0513 25036.6 1.53736e+14 88 4 1 0.999993 
-8.52465e+15 3.22124 2.04723e-11 4.97118e+27 0.00100253 10.0353 25025.2 1.53911e+14 89 4 1 0.999996 
-8.44765e+15 2.16598 1.48438e-11 4.97118e+27 0.00100169 10.0237 25016.9 1.54039e+14 90 4 1 0.999998 
-8.37061e+15 1.41783 1.04115e-11 4.97118e+27 0.00100111 10.0154 25011 1.5413e+14 91 4 1 0.999999 
-8.29352e+15 0.904096 7.07779e-12 4.97118e+27 0.0010007 10.0098 25007 1.54192e+14 92 4 1 0.999999 
-8.21641e+15 0.561869 4.67019e-12 4.97118e+27 0.00100044 10.0061 25004.3 1.54233e+14 93 4 1 1 
-8.13929e+15 0.34043 2.99421e-12 4.97118e+27 0.00100026 10.0037 25002.6 1.54259e+14 94 4 1 1 
-8.06216e+15 0.201132 1.86668e-12 4.97118e+27 0.00100016 10.0022 25001.5 1.54276e+14 95 4 1 1 
-7.98501e+15 0.115889 1.13221e-12 4.97118e+27 0.00100009 10.0012 25000.9 1.54286e+14 96 4 1 1 
-7.90787e+15 0.0651216 6.68353e-13 4.97118e+27 0.00100005 10.0007 25000.5 1.54292e+14 97 4 1 1 
-7.83072e+15 0.0356884 3.84072e-13 4.97118e+27 0.00100003 10.0004 25000.3 1.54296e+14 98 4 1 1 
-7.75357e+15 0.019073 2.14887e-13 4.97118e+27 0.00100001 10.0002 25000.1 1.54298e+14 99 4 1 1 
-7.67642e+15 0.00993945 1.17065e-13 4.97118e+27 0.00100001 10.0001 25000.1 1.54299e+14 100 4 1 1 
-7.59927e+15 0.0050501 6.20982e-14 4.97118e+27 0.001 10.0001 25000 1.54299e+14 101 4 1 1 
-7.52212e+15 0.0025013 3.20737e-14 4.97118e+27 0.001 10 25000 1.543e+14 102 4 1 1 
-7.44497e+15 0.00120747 1.6129e-14 4.97118e+27 0.001 10 25000 1.543e+14 103 4 1 1 
-7.36782e+15 0.00056799 7.89606e-15 4.97118e+27 0.001 10 25000 1.543e+14 104 4 1 1 
-7.29067e+15 0.000260283 3.7626e-15 4.97118e+27 0.001 10 25000 1.543e+14 105 4 1 1 
-7.21352e+15 0.000116162 1.74484e-15 4.97118e+27 0.001 10 25000 1.543e+14 106 4 1 1 
-7.13637e+15 5.0472e-05 7.87242e-16 4.97118e+27 0.001 10 25000 1.543e+14 107 4 1 1 
-7.05922e+15 2.1342e-05 3.45475e-16 4.97118e+27 0.001 10 25000 1.543e+14 108 4 1 1 
-6.98207e+15 8.77859e-06 1.47411e-16 4.97118e+27 0.001 10 25000 1.543e+14 109 4 1 1 
-6.90492e+15 3.51074e-06 6.11311e-17 4.97118e+27 0.001 10 25000 1.543e+14 110 4 1 1 
-6.82777e+15 1.36425e-06 2.46263e-17 4.97118e+27 0.001 10 25000 1.543e+14 111 4 1 1 
-6.75062e+15 5.14775e-07 9.63136e-18 4.97118e+27 0.001 10 25000 1.543e+14 112 4 1 1 
-6.67347e+15 1.88472e-07 3.65513e-18 4.97118e+27 0.001 10 25000 1.543e+14 113 4 1 1 
-6.59632e+15 6.68878e-08 1.34406e-18 4.97118e+27 0.001 10 25000 1.543e+14 114 4 1 1 
-6.51917e+15 2.29865e-08 4.79187e-19 4.97118e+27 0.001 10 25000 1.543e+14 115 4 1 1 
-6.44202e+15 7.62919e-09 1.65148e-19 4.97118e+27 0.001 10 25000 1.543e+14 116 4 1 1 
-6.36487e+15 2.45071e-09 5.4692e-20 4.97118e+27 0.001 10 25000 1.543e+14 117 4 1 1 
-6.28772e+15 7.65202e-10 1.79814e-20 4.97118e+27 0.001 10 25000 1.543e+14 118 4 1 1 
-6.21057e+15 2.21223e-10 5.26806e-21 4.97118e+27 0.001 10 25000 1.543e+14 119 4 1 1 
-6.13342e+15 6.0763e-11 1.66331e-21 4.97118e+27 0.001 10 25000 1.543e+14 120 4 1 1 
-6.05627e+15 1.49128e-11 5.43383e-22 4.97118e+27 0.001 10 25000 1.543e+14 121 4 1 1 
-5.97912e+15 3.13201e-13 5.52593e-23 4.97118e+27 0.001 10 25000 1.543e+14 122 5 1 1 
-5.90197e+15 3.48019e-14 -1.27813e-39 4.97118e+27 0.001 10 25000 1.543e+14 123 5 1 1 
-5.82482e+15 6.86346e-45 0 4.97118e+27 0.001 10 25000 1.543e+14 124 5 1 1 
-5.74767e+15 0 0 4.97118e+27 0.001 10 25000 1.543e+14 125 5 1 1 
-5.67052e+15 0 0 4.97118e+27 0.001 10 25000 1.543e+14 126 5 1 1 
-5.59337e+15 0 0 4.97118e+27 0.001 10 25000 1.543e+14 127 5 1 1 
-5.51622e+15 0 0 4.97118e+27 0.001 10 25000 1.543e+14 128 5 1 1 
-5.43907e+15 0 0 4.97118e+27 0.001 10 25000 1.543e+14 129 5 1 1 
-5.36192e+15 0 0 4.97118e+27 0.001 10 25000 1.543e+14 130 5 1 1 
-5.28477e+15 0 0 4.97118e+27 0.001 10 25000 1.543e+14 131 5 1 1 
-5.20762e+15 0 0 4.97118e+27 0.001 10 25000 1.543e+14 132 5 1 1 
-5.13047e+15 0 0 4.97118e+27 0.001 10 25000 1.543e+14 133 5 1 1 
-5.05332e+15 0 0 4.97118e+27 0.001 10 25000 1.543e+14 134 5 1 1 
-4.97617e+15 0 0 4.97118e+27 0.001 10 25000 1.543e+14 135 5 1 1 
-4.89902e+15 0 0 4.97118e+27 0.001 10 25000 1.543e+14 136 5 1 1 
-4.82187e+15 0 0 4.97118e+27 0.001 10 25000 1.543e+14 137 5 1 1 
-4.74472e+15 0 0 4.97118e+27 0.001 10 25000 1.543e+14 138 5 1 1 
-4.66757e+15 0 0 4.97118e+27 0.001 10 25000 1.543e+14 139 5 1 1 
-4.59042e+15 0 0 4.97118e+27 0.001 10 25000 1.543e+14 140 5 1 1 
-4.51327e+15 0 0 4.97118e+27 0.001 10 25000 1.543e+14 141 5 1 1 
-4.43612e+15 0 0 4.97118e+27 0.001 10 25000 1.543e+14 142 5 1 1 
-4.35897e+15 0 0 4.97118e+27 0.001 10 25000 1.543e+14 143 5 1 1 
-4.28182e+15 0 0 4.97118e+27 0.001 10 25000 1.543e+14 144 5 1 1 
-4.20467e+15 0 0 4.97118e+27 0.001 10 25000 1.543e+14 145 5 1 1 
-4.12752e+15 0 0 4.97118e+27 0.001 10 25000 1.543e+14 146 5 1 1 
-4.05037e+15 0 0 4.97118e+27 0.001 10 25000 1.543e+14 147 5 1 1 
-3.97322e+15 0 0 4.97118e+27 0.001 10 25000 1.543e+14 148 5 1 1 
-3.89607e+15 0 0 4.97118e+27 0.001 10 25000 1.543e+14 149 5 1 1 
-3.81892e+15 0 0 4.97118e+27 0.001 10 25000 1.543e+14 150 5 1 1 
-3.74177e+15 0 0 4.97118e+27 0.001 10 25000 1.543e+14 151 5 1 1 
-3.66462e+15 0 0 4.97118e+27 0.001 10 25000 1.543e+14 152 5 1 1 
-3.58747e+15 0 0 4.97118e+27 0.001 10 25000 1.543e+14 153 5 1 1 
-3.51032e+15 0 0 4.97118e+27 0.001 10 25000 1.543e+14 154 5 1 1 
-3.43317e+15 0 0 4.97118e+27 0.001 10 25000 1.543e+14 155 5 1 1 
-3.35602e+15 0 0 4.97118e+27 0.001 10 25000 1.543e+14 156 5 1 1 
-3.27887e+15 0 0 4.97118e+27 0.001 10 25000 1.543e+14 157 5 1 1 
-3.20172e+15 0 0 4.97118e+27 0.001 10 25000 1.543e+14 158 5 1 1 
-3.12457e+15 0 0 4.97118e+27 0.001 10 25000 1.543e+14 159 5 1 1 
-3.04742e+15 0 0 4.97118e+27 0.001 10 25000 1.543e+14 160 5 1 1 
-2.97027e+15 0 0 4.97118e+27 0.001 10 25000 1.543e+14 161 5 1 1 
-2.89312e+15 0 0 4.97118e+27 0.001 10 25000 1.543e+14 162 5 1 1 
-2.81597e+15 0 0 4.97118e+27 0.001 10 25000 1.543e+14 163 5 1 1 
-2.73882e+15 0 0 4.97118e+27 0.001 10 25000 1.543e+14 164 5 1 1 
-2.66167e+15 0 0 4.97118e+27 0.001 10 25000 1.543e+14 165 5 1 1 
-2.58452e+15 0 0 4.97118e+27 0.001 10 25000 1.543e+14 166 5 1 1 
-2.50737e+15 0 0 4.97118e+27 0.001 10 25000 1.543e+14 167 5 1 1 
-2.43022e+15 0 0 4.97118e+27 0.001 10 25000 1.543e+14 168 5 1 1 
-2.35307e+15 0 0 4.97118e+27 0.001 10 25000 1.543e+14 169 5 1 1 
-2.27592e+15 0 0 4.97118e+27 0.001 10 25000 1.543e+14 170 5 1 1 
-2.19877e+15 0 0 4.97118e+27 0.001 10 25000 1.543e+14 171 5 1 1 
-2.12162e+15 0 0 4.97118e+27 0.001 10 25000 1.543e+14 172 5 1 1 
-2.04447e+15 -1.88544e-43 -3.63266e-55 4.97118e+27 0.001 10 25000 1.543e+14 173 5 1 1 
-1.96732e+15 -1.04199e-13 -3.63266e-55 4.97118e+27 0.001 10 25000 1.543e+14 174 5 1 1 
-1.89017e+15 -2.42604e-13 0 4.97118e+27 0.001 10 25000 1.543e+14 175 5 1 1 
-1.81302e+15 -3.80393e-13 0 4.97118e+27 0.001 10 25000 1.543e+14 176 5 1 1 
-1.73587e+15 -5.17443e-13 0 4.97118e+27 0.001 10 25000 1.543e+14 177 5 1 1 
-1.65872e+15 -6.1882e-13 0 4.97118e+27 0.001 10 25000 1.543e+14 178 5 1 1 
-1.58157e+15 -7.88258e-13 0 4.97118e+27 0.001 10 25000 1.543e+14 179 5 1 1 
-1.50442e+15 -9.5614e-13 0 4.97118e+27 0.001 10 25000 1.543e+14 180 5 1 1 
-1.42727e+15 -1.12228e-12 0 4.97118e+27 0.001 10 25000 1.543e+14 181 5 1 1 
-1.35012e+15 -1.28541e-12 -3.63266e-55 4.97118e+27 0.001 10 25000 1.543e+14 182 5 1 1 
-1.27297e+15 -1.44403e-12 -3.63266e-55 4.97118e+27 0.001 10 25000 1.543e+14 183 5 1 1 
-1.19582e+15 -1.97495e-12 1.27813e-39 4.97118e+27 0.001 10 25000 1.543e+14 184 5 1 1 
-1.11867e+15 9.52097e-13 -1.25257e-37 4.97118e+27 0.001 10 25000 1.543e+14 185 5 1 1 
-1.04152e+15 -3.68858e-12 -1.84198e-24 4.97118e+27 0.001 10 25000 1.543e+14 186 4 1 1 
-9.64375e+14 -3.11099e-13 -7.36791e-24 4.97118e+27 0.001 10 25000 1.543e+14 187 3 1 1 
-8.87225e+14 -2.83466e-12 -1.84198e-23 4.97118e+27 0.001 10 25000 1.543e+14 188 4 1 1 
-8.10075e+14 -1.14029e-12 3.13136e-23 4.97118e+27 0.001 10 25000 1.543e+14 189 4 1 1 
-7.32925e+14 -1.50388e-12 4.47345e-38 4.97118e+27 0.001 10 25000 1.543e+14 190 4 1 1 
-6.55775e+14 -2.14908e-12 -3.68395e-24 4.97118e+27 0.001 10 25000 1.543e+14 191 5 1 1 
-5.78625e+14 -1.63854e-12 -1.91719e-38 4.97118e+27 0.001 10 25000 1.543e+14 192 5 1 1 
-5.01475e+14 -2.66986e-12 -7.36791e-24 4.97118e+27 0.001 10 25000 1.543e+14 193 4 1 1 
-4.24325e+14 -9.13714e-13 3.68395e-24 4.97118e+27 0.001 10 25000 1.543e+14 194 3 1 1 
-3.47175e+14 -7.54267e-13 1.10519e-23 4.97118e+27 0.001 10 25000 1.543e+14 195 4 1 1 
-2.70025e+14 -1.10489e-12 -1.10519e-23 4.97118e+27 0.001 10 25000 1.543e+14 196 5 1 1 
-1.92875e+14 -7.54911e-13 3.68395e-24 4.97118e+27 0.001 10 25000 1.543e+14 197 4 1 1 
-1.15725e+14 -2.07327e-13 -7.36791e-24 4.97118e+27 0.001 10 25000 1.543e+14 198 5 1 1 
-3.8575e+13 -8.5398e-14 1.84198e-24 4.97118e+27 0.001 10 25000 1.543e+14 199 5 1 1 
3.8575e+13 -2.71117e-14 3.68395e-24 4.97118e+27 0.001 10 25000 1.543e+14 200 3 1 1 
1.15725e+14 -2.62343e-13 -1.59766e-39 4.97118e+27 0.001 10 25000 1.543e+14 201 3 1 1 
1.92875e+14 -3.67524e-13 1.84198e-24 4.97118e+27 0.001 10 25000 1.543e+14 202 4 1 1 
2.70025e+14 -7.12286e-13 -5.11251e-39 4.97118e+27 0.001 10 25000 1.543e+14 203 4 1 1 
3.47175e+14 7.43051e-13 1.84198e-24 4.97118e+27 0.001 10 25000 1.543e+14 204 4 1 1 
4.24325e+14 8.34868e-14 -5.52593e-24 4.97118e+27 0.001 10 25000 1.543e+14 205 5 1 1 
5.01475e+14 1.2932e-12 -1.27813e-39 4.97118e+27 0.001 10 25000 1.543e+14 206 5 1 1 
5.78625e+14 1.79047e-12 3.68395e-24 4.97118e+27 0.001 10 25000 1.543e+14 207 5 1 1 
6.55775e+14 1.25921e-12 3.68395e-24 4.97118e+27 0.001 10 25000 1.543e+14 208 5 1 1 
7.32925e+14 2.35914e-12 -1.78938e-38 4.97118e+27 0.001 10 25000 1.543e+14 209 5 1 1 
8.10075e+14 1.0016e-12 -3.61071e-38 4.97118e+27 0.001 10 25000 1.543e+14 210 4 1 1 
8.87225e+14 4.66977e-13 2.03429e-53 4.97118e+27 0.001 10 25000 1.543e+14 211 3 1 1 
9.64375e+14 2.11577e-12 3.61071e-38 4.97118e+27 0.001 10 25000 1.543e+14 212 4 1 1 
1.04153e+15 1.20694e-12 -3.68395e-24 4.97118e+27 0.001 10 25000 1.543e+14 213 5 1 1 
1.11868e+15 2.09434e-12 -1.27813e-39 4.97118e+27 0.001 10 25000 1.543e+14 214 5 1 1 
1.19583e+15 1.67134e-12 -1.45306e-54 4.97118e+27 0.001 10 25000 1.543e+14 215 5 1 1 
1.27298e+15 1.20337e-12 7.26532e-55 4.97118e+27 0.001 10 25000 1.543e+14 216 5 1 1 
1.35013e+15 1.04359e-12 7.26532e-55 4.97118e+27 0.001 10 25000 1.543e+14 217 5 1 1 
1.42728e+15 9.52076e-13 1.27813e-39 4.97118e+27 0.001 10 25000 1.543e+14 218 5 1 1 
1.50443e+15 8.51442e-13 -1.10519e-23 4.97118e+27 0.001 10 25000 1.543e+14 219 5 1 1 
1.58158e+15 -7.06027e-13 2.21037e-23 4.97118e+27 0.001 10 25000 1.543e+14 220 4 1 1 
1.65873e+15 5.17617e-12 -9.94668e-23 4.97118e+27 0.001 10 25000 1.543e+14 221 3 1 1 
1.73588e+15 3.09267e-12 8.4731e-23 4.97118e+27 0.001 10 25000 1.543e+14 222 3 1 1 
1.81303e+15 1.05858e-12 -1.84198e-24 4.97118e+27 0.001 10 25000 1.543e+14 223 5 1 1 
1.89018e+15 4.8589e-13 3.68395e-24 4.97118e+27 0.001 10 25000 1.543e+14 224 5 1 1 
1.96733e+15 2.60587e-13 1.84198e-24 4.97118e+27 0.001 10 25000 1.543e+14 225 5 1 1 
2.04448e+15 1.04314e-13 3.63266e-55 4.97118e+27 0.001 10 25000 1.543e+14 226 5 1 1 
2.12163e+15 6.5166e-44 3.63266e-55 4.97118e+27 0.001 10 25000 1.543e+14 227 5 1 1 
2.19878e+15 0 0 4.97118e+27 0.001 10 25000 1.543e+14 228 5 1 1 
2.27593e+15 0 0 4.97118e+27 0.001 10 25000 1.543e+14 229 5 1 1 
2.35308e+15 0 0 4.97118e+27 0.001 10 25000 1.543e+14 230 5 1 1 
2.43023e+15 0 0 4.97118e+27 0.001 10 25000 1.543e+14 231 5 1 1 
2.50738e+15 0 0 4.97118e+27 0.001 10 25000 1.543e+14 232 5 1 1 
2.58453e+15 0 0 4.97118e+27 0.001 10 25000 1.543e+14 233 5 1 1 
2.66168e+15 0 0 4.97118e+27 0.001 10 25000 1.543e+14 234 5 1 1 
2.73883e+15 0 0 4.97118e+27 0.001 10 25000 1.543e+14 235 5 1 1 
2.81598e+15 0 0 4.97118e+27 0.001 10 25000 1.543e+14 236 5 1 1 
2.89313e+15 -1.35445e-42 -3.63266e-55 4.97118e+27 0.001 10 25000 1.543e+14 237 5 1 1 
2.97028e+15 -1.69188e-13 0 4.97118e+27 0.001 10 25000 1.543e+14 238 5 1 1 
3.04743e+15 -3.37357e-13 3.63266e-55 4.97118e+27 0.001 10 25000 1.543e+14 239 5 1 1 
3.12458e+15 1.58941e-12 0 4.97118e+27 0.001 10 25000 1.543e+14 240 5 1 1 
3.20173e+15 1.42405e-12 1.45306e-54 4.97118e+27 0.001 10 25000 1.543e+14 241 5 1 1 
3.27888e+15 2.63044e-12 -5.08572e-54 4.97118e+27 0.001 10 25000 1.543e+14 242 5 1 1 
3.35603e+15 9.33507e-13 -3.68395e-24 4.97118e+27 0.001 10 25000 1.543e+14 243 5 1 1 
3.43318e+15 8.25458e-13 3.68395e-24 4.97118e+27 0.001 10 25000 1.543e+14 244 5 1 1 
3.51033e+15 -1.35421e-12 1.12612e-53 4.97118e+27 0.001 10 25000 1.543e+14 245 5 1 1 
3.58748e+15 2.6179e-12 -1.84198e-24 4.97118e+27 0.001 10 25000 1.543e+14 246 5 1 1 
3.66463e+15 -1.38084e-13 1.27813e-39 4.97118e+27 0.001 10 25000 1.543e+14 247 5 1 1 
3.74178e+15 -2.09243e-14 -2.31661e-37 4.97118e+27 0.001 10 25000 1.543e+14 248 5 1 1 
3.81893e+15 -3.1251e-12 -2.32939e-37 4.97118e+27 0.001 10 25000 1.543e+14 249 4 1 1 
3.89608e+15 3.1251e-12 2.32939e-37 4.97118e+27 0.001 10 25000 1.543e+14 250 4 1 1 
3.97323e+15 2.09243e-14 2.31661e-37 4.97118e+27 0.001 10 25000 1.543e+14 251 5 1 1 
4.05038e+15 1.38084e-13 -1.27813e-39 4.97118e+27 0.001 10 25000 1.543e+14 252 5 1 1 
4.12753e+15 -2.6179e-12 1.84198e-24 4.97118e+27 0.001 10 25000 1.543e+14 253 5 1 1 
4.20468e+15 1.35421e-12 -1.12612e-53 4.97118e+27 0.001 10 25000 1.543e+14 254 5 1 1 
4.28183e+15 -8.25458e-13 -3.68395e-24 4.97118e+27 0.001 10 25000 1.543e+14 255 5 1 1 
4.35898e+15 -9.33507e-13 3.68395e-24 4.97118e+27 0.001 10 25000 1.543e+14 256 5 1 1 
4.43613e+15 -2.63044e-12 5.08572e-54 4.97118e+27 0.001 10 25000 1.543e+14 257 5 1 1 
4.51328e+15 -1.42405e-12 -1.45306e-54 4.97118e+27 0.001 10 25000 1.543e+14 258 5 1 1 
4.59043e+15 -1.58941e-12 0 4.97118e+27 0.001 10 25000 1.543e+14 259 5 1 1 
4.66758e+15 3.37357e-13 -3.63266e-55 4.97118e+27 0.001 10 25000 1.543e+14 260 5 1 1 
4.74473e+15 1.69188e-13 0 4.97118e+27 0.001 10 25000 1.543e+14 261 5 1 1 
4.82188e+15 1.35445e-42 3.63266e-55 4.97118e+27 0.001 10 25000 1.543e+14 262 5 1 1 
4.89903e+15 0 0 4.97118e+27 0.001 10 25000 1.543e+14 263 5 1 1 
4.97618e+15 0 0 4.97118e+27 0.001 10 25000 1.543e+14 264 5 1 1 
5.05333e+15 0 0 4.97118e+27 0.001 10 25000 1.543e+14 265 5 1 1 
5.13048e+15 0 0 4.97118e+27 0.001 10 25000 1.543e+14 266 5 1 1 
5.20763e+15 0 0 4.97118e+27 0.001 10 25000 1.543e+14 267 5 1 1 
5.28478e+15 0 0 4.97118e+27 0.001 10 25000 1.543e+14 268 5 1 1 
5.36193e+15 0 0 4.97118e+27 0.001 10 25000 1.543e+14 269 5 1 1 
5.43908e+15 0 0 4.97118e+27 0.001 10 25000 1.543e+14 270 5 1 1 
5.51623e+15 0 0 4.97118e+27 0.001 10 25000 1.543e+14 271 5 1 1 
5.59338e+15 0 0 4.97118e+27 0.001 10 25000 1.543e+14 272 5 1 1 
5.67053e+15 0 0 4.97118e+27 0.001 10 25000 1.543e+14 273 5 1 1 
5.74768e+15 0 0 4.97118e+27 0.001 10 25000 1.543e+14 274 5 1 1 
5.82483e+15 0 0 4.97118e+27 0.001 10 25000 1.543e+14 275 5 1 1 
5.90198e+15 3.62255e-29 1.27813e-39 4.97118e+27 0.001 10 25000 1.543e+14 276 5 1 1 
5.97913e+15 -1.39266e-13 -4.05235e-23 4.97118e+27 0.001 10 25000 1.543e+14 277 5 1 1 
6.05628e+15 -1.42512e-11 -5.43383e-22 4.97118e+27 0.001 10 25000 1.543e+14 278 4 1 1 
6.13343e+15 -5.25721e-11 -1.562e-21 4.97118e+27 0.001 10 25000 1.543e+14 279 4 1 1 
6.21058e+15 -2.33204e-10 -5.42462e-21 4.97118e+27 0.001 10 25000 1.543e+14 280 4 1 1 
6.28772e+15 -7.46421e-10 -1.78046e-20 4.97118e+27 0.001 10 25000 1.543e+14 281 4 1 1 
6.36487e+15 -2.45195e-09 -5.48357e-20 4.97118e+27 0.001 10 25000 1.543e+14 282 4 1 1 
6.44202e+15 -7.6229e-09 -1.65067e-19 4.97118e+27 0.001 10 25000 1.543e+14 283 4 1 1 
6.51917e+15 -2.29969e-08 -4.79411e-19 4.97118e+27 0.001 10 25000 1.543e+14 284 4 1 1 
6.59632e+15 -6.68854e-08 -1.34391e-18 4.97118e+27 0.001 10 25000 1.543e+14 285 4 1 1 
6.67347e+15 -1.88472e-07 -3.65501e-18 4.97118e+27 0.001 10 25000 1.543e+14 286 4 1 1 
6.75062e+15 -5.14773e-07 -9.63148e-18 4.97118e+27 0.001 10 25000 1.543e+14 287 4 1 1 
6.82777e+15 -1.36426e-06 -2.46263e-17 4.97118e+27 0.001 10 25000 1.543e+14 288 4 1 1 
6.90492e+15 -3.51073e-06 -6.11311e-17 4.97118e+27 0.001 10 25000 1.543e+14 289 4 1 1 
6.98207e+15 -8.77861e-06 -1.47411e-16 4.97118e+27 0.001 10 25000 1.543e+14 290 4 1 1 
7.05922e+15 -2.1342e-05 -3.45475e-16 4.97118e+27 0.001 10 25000 1.543e+14 291 4 1 1 
7.13637e+15 -5.0472e-05 -7.87242e-16 4.97118e+27 0.001 10 25000 1.543e+14 292 4 1 1 
7.21352e+15 -0.000116162 -1.74484e-15 4.97118e+27 0.001 10 25000 1.543e+14 293 4 1 1 
7.29067e+15 -0.000260283 -3.7626e-15 4.97118e+27 0.001 10 25000 1.543e+14 294 4 1 1 
7.36782e+15 -0.00056799 -7.89606e-15 4.97118e+27 0.001 10 25000 1.543e+14 295 4 1 1 
7.44497e+15 -0.00120747 -1.6129e-14 4.97118e+27 0.001 10 25000 1.543e+14 296 4 1 1 
7.52212e+15 -0.0025013 -3.20737e-14 4.97118e+27 0.001 10 25000 1.543e+14 297 4 1 1 
7.59927e+15 -0.0050501 -6.20982e-14 4.97118e+27 0.001 10.0001 25000 1.54299e+14 298 4 1 1 
7.67642e+15 -0.00993945 -1.17065e-13 4.97118e+27 0.00100001 10.0001 25000.1 1.54299e+14 299 4 1 1 
7.75357e+15 -0.019073 -2.14887e-13 4.97118e+27 0.00100001 10.0002 25000.1 1.54298e+14 300 4 1 1 
7.83072e+15 -0.0356884 -3.84072e-13 4.97118e+27 0.00100003 10.0004 25000.3 1.54296e+14 301 4 1 1 
7.90787e+15 -0.0651216 -6.68353e-13 4.97118e+27 0.00100005 10.0007 25000.5 1.54292e+14 302 4 1 1 
7.98501e+15 -0.115889 -1.13221e-12 4.97118e+27 0.00100009 10.0012 25000.9 1.54286e+14 303 4 1 1 
8.06216e+15 -0.201132 -1.86668e-12 4.97118e+27 0.00100016 10.0022 25001.5 1.54276e+14 304 4 1 1 
8.13929e+15 -0.34043 -2.99421e-12 4.97118e+27 0.00100026 10.0037 25002.6 1.54259e+14 305 4 1 1 
8.21641e+15 -0.561869 -4.67019e-12 4.97118e+27 0.00100044 10.0061 25004.3 1.54233e+14 306 4 1 1 
8.29352e+15 -0.904096 -7.07779e-12 4.97118e+27 0.0010007 10.0098 25007 1.54192e+14 307 4 1 0.999999 
8.37061e+15 -1.41783 -1.04115e-11 4.97118e+27 0.00100111 10.0154 25011 1.5413e+14 308 4 1 0.999999 
8.44765e+15 -2.16598 -1.48438e-11 4.97118e+27 0.00100169 10.0237 25016.9 1.54039e+14 309 4 1 0.999998 
8.52465e+15 -3.22124 -2.04723e-11 4.97118e+27 0.00100253 10.0353 25025.2 1.53911e+14 310 4 1 0.999996 
8.60156e+15 -4.65975 -2.72457e-11 4.97118e+27 0.00100367 10.0513 25036.6 1.53736e+14 311 4 1 0.999993 
8.67838e+15 -6.54982 -3.48828e-11 4.97118e+27 0.00100518 10.0725 25051.7 1.53505e+14 312 4 1 0.999988 
8.75507e+15 -8.93573 -4.28082e-11 4.97118e+27 0.0010071 10.0995 25070.8 1.53212e+14 313 4 1 0.999983 
8.83159e+15 -11.8185 -5.01452e-11 4.97118e+27 0.00100944 10.1324 25094.2 1.52857e+14 314 4 1 0.999977 
8.90793e+15 -15.1384 -5.58048e-11 4.97118e+27 0.00101217 10.1708 25121.4 1.52445e+14 315 4 1 0.999973 
8.98404e+15 -18.7658 -5.86806e-11 4.97118e+27 0.00101519 10.2133 25151.4 1.51992e+14 316 4 1 0.999971 
9.05992e+15 -22.5054 -5.79065e-11 4.97118e+27 0.00101835 10.2579 25182.8 1.5152e+14 317 4 1 0.999973 
9.13556e+15 -26.1178 -5.31364e-11 4.97118e+27 0.00102145 10.3019 25213.6 1.51059e+14 318 4 1 0.999978 
9.21098e+15 -29.3462 -4.40408e-11 4.97118e+27 0.00102429 10.342 25241.7 1.50641e+14 319 4 1 0.999987 
9.2862e+15 -31.9165 -3.12043e-11 4.97118e+27 0.00102656 10.3742 25264.2 1.50308e+14 320 4 1 1 
9.36129e+15 -33.0838 9.20877e-12 4.97118e+27 0.00102698 10.3815 25269.3 1.50246e+14 321 3 1 1 
9.43645e+15 -26.81 2.26954e-10 4.97118e+27 0.0010206 10.2925 25207.4 1.51186e+14 322 4 1 0.999977 
9.51248e+15 -6.75055 3.49538e-10 4.97118e+27 0.00100609 10.0859 25061.9 1.53365e+14 323 4 1 0.999502 
9.58982e+15 10.5923 1.68885e-10 4.97118e+27 0.000992629 9.89511 24925.1 1.55446e+14 324 4 1 0.999398 
9.66793e+15 17.4574 7.08759e-11 4.97118e+27 0.000985248 9.79376 24851.7 1.5661e+14 325 4 1 0.99981 
9.74644e+15 24.7549 1.5428e-10 4.97118e+27 0.000978387 9.6999 24783.8 1.57709e+14 326 4 1 0.999885 
9.82564e+15 37.6473 2.14702e-10 4.97118e+27 0.000968327 9.56009 24681.3 1.59347e+14 327 4 1 0.999725 
9.90579e+15 51.9263 2.01034e-10 4.97118e+27 0.000956981 9.40299 24564.6 1.61236e+14 328 4 1 0.999598 
9.98688e+15 65.1307 1.8487e-10 4.97118e+27 0.000946128 9.2541 24452.8 1.63086e+14 329 4 1 0.999619 
1.00689e+16 78.1965 1.88198e-10 4.97118e+27 0.000935523 9.10937 24343 1.64934e+14 330 4 1 0.999637 
1.01518e+16 91.7985 1.93023e-10 4.97118e+27 0.000924706 8.96225 24230 1.66864e+14 331 4 1 0.999616 
1.02357e+16 105.725 1.93377e-10 4.97118e+27 0.000913712 8.81339 24114.3 1.68872e+14 332 4 1 0.999591 
1.03207e+16 119.859 1.92848e-10 4.97118e+27 0.000902655 8.66445 23997.2 1.7094e+14 333 4 1 0.999576 
1.04067e+16 134.192 1.93195e-10 4.97118e+27 0.000891545 8.51552 23878.6 1.7307e+14 334 4 1 0.999563 
1.04938e+16 148.743 1.93009e-10 4.97118e+27 0.000880375 8.36654 23758.5 1.75266e+14 335 4 1 0.999547 
1.0582e+16 163.545 1.92918e-10 4.97118e+27 0.000869155 8.21765 23637 1.77529e+14 336 4 1 0.999531 
1.06713e+16 178.538 1.93115e-10 4.97118e+27 0.000857876 8.06875 23513.8 1.79863e+14 337 4 1 0.999515 
1.07618e+16 193.764 1.92682e-10 4.97118e+27 0.000846545 7.91994 23389.1 1.8227e+14 338 4 1 0.999497 
1.08536e+16 209.231 1.92441e-10 4.97118e+27 0.00083517 7.77136 23262.9 1.84753e+14 339 4 1 0.99948 
1.09466e+16 224.914 1.92162e-10 4.97118e+27 0.00082375 7.623 23135.1 1.87314e+14 340 4 1 0.999462 
1.10409e+16 240.862 1.91795e-10 4.97118e+27 0.000812284 7.47488 23005.8 1.89958e+14 341 4 1 0.999443 
1.11366e+16 257.037 1.91502e-10 4.97118e+27 0.000800774 7.32701 22874.9 1.92689e+14 342 4 1 0.999423 
1.12336e+16 273.446 1.91179e-10 4.97118e+27 0.000789217 7.1794 22742.2 1.9551e+14 343 4 1 0.999402 
1.13321e+16 290.125 1.90411e-10 4.97118e+27 0.000777624 7.0322 22608.1 1.98425e+14 344 4 1 0.999381 
1.14321e+16 307.055 1.90037e-10 4.97118e+27 0.000765997 6.88544 22472.2 2.01437e+14 345 4 1 0.999359 
1.15335e+16 324.233 1.89202e-10 4.97118e+27 0.000754335 6.73915 22334.8 2.04551e+14 346 4 1 0.999336 
1.16366e+16 341.694 1.88774e-10 4.97118e+27 0.000742641 6.59334 22195.7 2.07772e+14 347 4 1 0.999312 
1.17413e+16 359.373 1.87794e-10 4.97118e+27 0.000730919 6.4481 22054.9 2.11104e+14 348 4 1 0.999287 
1.18477e+16 377.356 1.8677e-10 4.97118e+27 0.000719182 6.30362 21912.6 2.14549e+14 349 4 1 0.999263 
1.19559e+16 395.57 1.85777e-10 4.97118e+27 0.000707435 6.15995 21768.7 2.18112e+14 350 4 1 0.999238 
1.20659e+16 414.026 1.84132e-10 4.97118e+27 0.000695695 6.01732 21623.5 2.21792e+14 351 4 1 0.999213 
1.21777e+16 432.67 1.82186e-10 4.97118e+27 0.000683994 5.87612 21477.3 2.25587e+14 352 4 1 0.999191 
1.22915e+16 451.433 1.79327e-10 4.97118e+27 0.000672374 5.73683 21330.6 2.29486e+14 353 4 1 0.999174 
1.24072e+16 470.267 1.75091e-10 4.97118e+27 0.000660906 5.60032 21184.4 2.33467e+14 354 4 1 0.999166 
1.2525e+16 488.928 1.69765e-10 4.97118e+27 0.000649679 5.46758 21039.7 2.37502e+14 355 4 1 0.99917 
1.26447e+16 507.271 1.61911e-10 4.97118e+27 0.000638813 5.33999 20898.2 2.41542e+14 356 4 1 0.99919 
1.27665e+16 524.941 1.51639e-10 4.97118e+27 0.000628467 5.2193 20762.2 2.45518e+14 357 4 1 0.999235 
1.28903e+16 541.699 1.39576e-10 4.97118e+27 0.00061877 5.10692 20633.5 2.49366e+14 358 4 1 0.999301 
1.30159e+16 557.465 1.29856e-10 4.97118e+27 0.000609703 5.00249 20512.1 2.53074e+14 359 4 1 0.99937 
1.31433e+16 572.613 1.25494e-10 4.97118e+27 0.000601022 4.90309 20394.8 2.56729e+14 360 4 1 0.999412 
1.32726e+16 588.085 1.30813e-10 4.97118e+27 0.000592265 4.80341 20275.5 2.60525e+14 361 4 1 0.999399 
1.34039e+16 604.823 1.40743e-10 4.97118e+27 0.000583009 4.69866 20148.3 2.64661e+14 362 4 1 0.999317 
1.35373e+16 622.969 1.46538e-10 4.97118e+27 0.000573257 4.58897 20012.8 2.69164e+14 363 4 1 0.999211 
1.36731e+16 641.339 1.3877e-10 4.97118e+27 0.000563575 4.4808 19876.9 2.73788e+14 364 4 1 0.999172 
1.38111e+16 658.078 1.15086e-10 4.97118e+27 0.000554921 4.38472 19754.2 2.78058e+14 365 4 1 0.999284 
1.39511e+16 670.927 7.5513e-11 4.97118e+27 0.000548346 4.31213 19660.2 2.81392e+14 366 4 1 0.999544 
1.40925e+16 677.991 2.77781e-11 4.97118e+27 0.000544644 4.27145 19607 2.83304e+14 367 4 1 0.999836 
1.42345e+16 679.237 -3.76694e-12 4.97118e+27 0.000543547 4.25951 19591.4 2.83876e+14 368 5 1 0.999984 
1.43764e+16 678.935 -1.10152e-12 4.97118e+27 0.000543554 4.25966 19591.7 2.83872e+14 369 4 1 1 
1.45183e+16 678.648 -3.76626e-12 4.97118e+27 0.000543692 4.26118 19593.7 2.83801e+14 370 4 1 0.999999 
1.46602e+16 678.129 -4.32561e-12 4.97118e+27 0.000543928 4.26379 19597.2 2.83677e+14 371 4 1 0.999999 
1.4802e+16 677.524 -4.57011e-12 4.97118e+27 0.000544223 4.26704 19601.5 2.83524e+14 372 4 1 0.999999 
1.49437e+16 676.913 -4.31193e-12 4.97118e+27 0.000544535 4.27049 19606.1 2.83361e+14 373 4 1 0.999999 
1.50854e+16 676.35 -3.75885e-12 4.97118e+27 0.00054483 4.27376 19610.5 2.83208e+14 374 4 1 0.999999 
1.52269e+16 675.862 -3.13024e-12 4.97118e+27 0.00054509 4.27663 19614.3 2.83073e+14 375 4 1 1 
1.53684e+16 675.458 -2.54777e-12 4.97118e+27 0.000545308 4.27905 19617.6 2.82959e+14 376 4 1 1 
1.55099e+16 675.132 -2.04467e-12 4.97118e+27 0.000545486 4.28103 19620.3 2.82867e+14 377 4 1 1 
1.56513e+16 674.869 -1.64275e-12 4.97118e+27 0.000545628 4.28263 19622.5 2.82793e+14 378 4 1 1 
1.57927e+16 674.655 -1.34775e-12 4.97118e+27 0.000545742 4.28391 19624.2 2.82734e+14 379 4 1 1 
1.5934e+16 674.48 -1.13389e-12 4.97118e+27 0.000545835 4.28497 19625.7 2.82686e+14 380 4 1 1 
1.60754e+16 674.332 -9.72045e-13 4.97118e+27 0.000545912 4.28586 19627 2.82646e+14 381 4 1 1 
1.62167e+16 674.204 -8.47242e-13 4.97118e+27 0.000545977 4.28661 19628.2 2.82613e+14 382 4 1 1 
1.6358e+16 674.092 -7.48703e-13 4.97118e+27 0.000546032 4.28727 19629.2 2.82584e+14 383 4 1 1 
1.64993e+16 673.992 -6.65567e-13 4.97118e+27 0.00054608 4.28785 19630.1 2.82559e+14 384 4 1 1 
1.66405e+16 673.904 -5.92159e-13 4.97118e+27 0.000546121 4.28836 19631 2.82538e+14 385 4 1 1 
1.67818e+16 673.824 -5.27288e-13 4.97118e+27 0.000546156 4.28882 19631.8 2.8252e+14 386 4 1 1 
1.69231e+16 673.753 -4.69877e-13 4.97118e+27 0.000546186 4.28923 19632.6 2.82505e+14 387 4 1 1 
1.70643e+16 673.689 -4.18449e-13 4.97118e+27 0.00054621 4.28959 19633.4 2.82492e+14 388 4 1 1 
1.72056e+16 673.632 -3.72237e-13 4.97118e+27 0.000546229 4.28991 19634.2 2.82482e+14 389 4 1 1 
1.73468e+16 673.581 -3.31009e-13 4.97118e+27 0.000546243 4.2902 19635 2.82475e+14 390 4 1 1 
1.7488e+16 673.536 -2.94702e-13 4.97118e+27 0.000546252 4.29045 19635.9 2.8247e+14 391 4 1 1 
1.76293e+16 673.494 -2.63239e-13 4.97118e+27 0.000546256 4.29067 19636.7 2.82468e+14 392 3 1 1 
1.77705e+16 673.457 -2.36104e-13 4.97118e+27 0.000546253 4.29086 19637.7 2.8247e+14 393 4 1 1 
1.79117e+16 673.424 -2.12303e-13 4.97118e+27 0.000546233 4.29092 19638.7 2.8248e+14 394 4 1 1 
1.8053e+16 673.393 -1.90985e-13 4.97118e+27 0.000546139 4.29045 19639.9 2.82529e+14 395 4 1 1 
1.81943e+16 673.366 -1.7181e-13 4.97118e+27 0.000545726 4.28797 19643.4 2.82743e+14 396 4 1 0.999999 
1.83357e+16 673.34 -1.54717e-13 4.97118e+27 0.000544104 4.27051 19621.8 2.83586e+14 397 4 1 0.999987 
1.84779e+16 673.317 -1.39407e-13 4.97118e+27 0.000530979 4.11581 19378.4 2.90595e+14 398 4 1 0.999668 
1.86265e+16 673.294 -1.24929e-13 4.97118e+27 0.000506891 4.40272 21714.3 3.04404e+14 399 4 1 0.994708 
1.87825e+16 673.272 -1.10961e-13 4.97118e+27 0.00048135 4.15633 21586.9 3.20557e+14 400 4 1 0.9937 
1.89473e+16 673.25 -9.72501e-14 4.97118e+27 0.000458859 4.50093 24522.4 3.36269e+14 401 4 1 0.993695 
1.91189e+16 673.228 -8.39244e-14 4.97118e+27 0.000450241 4.30624 23910.8 3.42706e+14 402 5 1 0.998659 
1.929e+16 673.208 -7.16664e-14 4.97118e+27 0.000451836 4.28949 23733.7 3.41496e+14 403 4 1 0.999967 
1.94604e+16 673.189 -6.05271e-14 4.97118e+27 0.000453457 4.28904 23646.3 3.40274e+14 404 4 1 0.999986 
1.96303e+16 673.171 -5.04209e-14 4.97118e+27 0.000454544 4.29038 23597.1 3.39461e+14 405 4 1 0.999994 
1.97999e+16 673.154 -4.11306e-14 4.97118e+27 0.000455242 4.29119 23565.5 3.38941e+14 406 4 1 0.999997 
1.99692e+16 673.137 -3.22356e-14 4.97118e+27 0.000455712 4.29161 23543.4 3.38591e+14 407 4 1 0.999999 
2.01385e+16 673.121 -2.31577e-14 4.97118e+27 0.000456047 4.29185 23527.5 3.38342e+14 408 4 1 0.999999 
2.03076e+16 673.105 -1.32376e-14 4.97118e+27 0.000456293 4.29199 23515.5 3.3816e+14 409 4 1 1 
2.04766e+16 673.089 -1.49647e-15 4.97118e+27 0.00045648 4.29207 23506.4 3.38022e+14 410 4 1 1 
2.06456e+16 673.072 1.44536e-14 4.97118e+27 0.000456623 4.29211 23499.2 3.37916e+14 411 4 1 1 
2.08145e+16 673.052 4.28927e-14 4.97118e+27 0.000456733 4.2921 23493.5 3.37834e+14 412 4 1 1 
2.09834e+16 673.025 1.11021e-13 4.97118e+27 0.000456814 4.29201 23488.8 3.37774e+14 413 4 1 1 
2.11523e+16 672.974 3.01198e-13 4.97118e+27 0.000456861 4.2917 23484.7 3.37739e+14 414 3 1 1 
2.13212e+16 672.85 8.94105e-13 4.97118e+27 0.000456843 4.2907 23480.2 3.37753e+14 415 4 1 1 
2.14901e+16 672.501 2.68839e-12 4.97118e+27 0.000456657 4.28765 23473 3.3789e+14 416 4 1 1 
2.16591e+16 671.466 7.95609e-12 4.97118e+27 0.000456007 4.27861 23456.8 3.38372e+14 417 4 1 0.999997 
2.18284e+16 668.509 2.25827e-11 4.97118e+27 0.000454117 4.25341 23415.6 3.3978e+14 418 4 1 0.999969 
2.19989e+16 660.702 5.63631e-11 4.97118e+27 0.000449301 4.19001 23313.5 3.43422e+14 419 4 1 0.999787 
2.21719e+16 641.718 1.35308e-10 4.97118e+27 0.00043838 4.04729 23080 3.51978e+14 420 4 1 0.998864 
2.23509e+16 601.141 2.62935e-10 4.97118e+27 0.000417388 3.77573 22613.5 3.6968e+14 421 4 1 0.995517 
2.2542e+16 520.481 5.56889e-10 4.97118e+27 0.000380996 3.31268 21734.8 4.04991e+14 422 4 1 0.987205 
2.27577e+16 359.579 9.5812e-10 4.97118e+27 0.000330903 2.69798 20383.5 4.663e+14 423 4 1 0.970991 
2.30128e+16 160.749 8.42195e-10 4.97118e+27 0.000285127 2.16946 19024.6 5.41163e+14 424 4 1 0.960085 
2.33027e+16 38.1385 3.37317e-10 4.97118e+27 0.000259608 1.89351 18236.6 5.94357e+14 425 4 1 0.978406 
2.3608e+16 3.34186 5.34853e-11 4.97118e+27 0.0002514 1.80904 17990.4 6.13764e+14 426 4 1 0.996606 
2.39165e+16 -0.285941 5.12916e-13 4.97118e+27 0.00025004 1.79538 17951.1 6.17102e+14 427 4 1 0.999887 
2.42251e+16 -0.042157 -7.92292e-13 4.97118e+27 0.000249985 1.79485 17949.6 6.17238e+14 428 5 1 1 
2.45337e+16 0.00556349 1.11638e-14 4.97118e+27 0.00025 1.795 17950 6.172e+14 429 4 1 1 
2.48423e+16 0.00192579 1.26842e-14 4.97118e+27 0.00025 1.795 17950 6.17199e+14 430 3 1 1 
2.51509e+16 0.000457493 3.25097e-15 4.97118e+27 0.00025 1.795 17950 6.172e+14 431 4 1 1 
2.54595e+16 0.000100961 7.40731e-16 4.97118e+27 0.00025 1.795 17950 6.172e+14 432 4 1 1 
2.57681e+16 2.14587e-05 1.62043e-16 4.97118e+27 0.00025 1.795 17950 6.172e+14 433 4 1 1 
2.60767e+16 4.406e-06 3.43226e-17 4.97118e+27 0.00025 1.795 17950 6.172e+14 434 4 1 1 
2.63853e+16 8.71023e-07 7.02417e-18 4.97118e+27 0.00025 1.795 17950 6.172e+14 435 4 1 1 
2.66939e+16 1.65115e-07 1.38247e-18 4.97118e+27 0.00025 1.795 17950 6.172e+14 436 4 1 1 
2.70025e+16 2.99365e-08 2.60628e-19 4.97118e+27 0.00025 1.795 17950 6.172e+14 437 4 1 1 
2.73111e+16 5.17715e-09 4.69087e-20 4.97118e+27 0.00025 1.795 17950 6.172e+14 438 4 1 1 
2.76197e+16 8.53924e-10 8.06694e-21 4.97118e+27 0.00025 1.795 17950 6.172e+14 439 4 1 1 
2.79283e+16 1.32664e-10 1.33267e-21 4.97118e+27 0.00025 1.795 17950 6.172e+14 440 4 1 1 
2.82369e+16 9.75427e-12 1.98934e-22 4.97118e+27 0.00025 1.795 17950 6.172e+14 441 4 1 1 
2.85455e+16 -4.37564e-13 5.98643e-24 4.97118e+27 0.00025 1.795 17950 6.172e+14 442 5 1 1 
2.88541e+16 -2.14719e-12 2.30247e-24 4.97118e+27 0.00025 1.795 17950 6.172e+14 443 5 1 1 
2.91627e+16 -2.67604e-12 3.68395e-24 4.97118e+27 0.00025 1.795 17950 6.172e+14 444 5 1 1 
2.94713e+16 -4.86535e-12 9.20989e-25 4.97118e+27 0.00025 1.795 17950 6.172e+14 445 5 1 1 
2.97799e+16 8.61345e-12 -1.84198e-24 4.97118e+27 0.00025 1.795 17950 6.172e+14 446 5 1 1 
3.00885e+16 1.32719e-12 2.29424e-40 4.97118e+27 0.00025 1.795 17950 6.172e+14 447 5 1 1 
3.03971e+16 -1.21054e-12 6.44692e-24 4.97118e+27 0.00025 1.795 17950 6.172e+14 448 5 1 1 
3.07057e+16 -1.03936e-11 6.90741e-24 4.97118e+27 0.00025 1.795 17950 6.172e+14 449 3 1 1 
3.10143e+16 1.03936e-11 -6.90741e-24 4.97118e+27 0.00025 1.795 17950 6.172e+14 450 3 1 1 
3.13229e+16 1.21054e-12 -6.44692e-24 4.97118e+27 0.00025 1.795 17950 6.172e+14 451 5 1 1 
3.16315e+16 -1.32719e-12 -2.29424e-40 4.97118e+27 0.00025 1.795 17950 6.172e+14 452 5 1 1 
3.19401e+16 -8.61345e-12 1.84198e-24 4.97118e+27 0.00025 1.795 17950 6.172e+14 453 5 1 1 
3.22487e+16 4.86535e-12 -9.20989e-25 4.97118e+27 0.00025 1.795 17950 6.172e+14 454 5 1 1 
3.25573e+16 2.67604e-12 -3.68395e-24 4.97118e+27 0.00025 1.795 17950 6.172e+14 455 5 1 1 
3.28659e+16 2.15589e-12 -2.30247e-24 4.97118e+27 0.00025 1.795 17950 6.172e+14 456 5 1 1 
3.31745e+16 2.9396e-13 -1.47358e-23 4.97118e+27 0.00025 1.795 17950 6.172e+14 457 5 1 1 
3.34831e+16 -6.77453e-12 -8.97964e-23 4.97118e+27 0.00025 1.795 17950 6.172e+14 458 5 1 1 
3.37917e+16 -1.215e-10 -1.51503e-21 4.97118e+27 0.00025 1.795 17950 6.172e+14 459 4 1 1 
3.41003e+16 -8.65044e-10 -7.98727e-21 4.97118e+27 0.00025 1.795 17950 6.172e+14 460 4 1 1 
3.44089e+16 -5.17311e-09 -4.68788e-20 4.97118e+27 0.00025 1.795 17950 6.172e+14 461 4 1 1 
3.47175e+16 -2.99079e-08 -2.60729e-19 4.97118e+27 0.00025 1.795 17950 6.172e+14 462 4 1 1 
3.50261e+16 -1.65187e-07 -1.38237e-18 4.97118e+27 0.00025 1.795 17950 6.172e+14 463 4 1 1 
3.53347e+16 -8.70963e-07 -7.02407e-18 4.97118e+27 0.00025 1.795 17950 6.172e+14 464 4 1 1 
3.56433e+16 -4.406e-06 -3.43227e-17 4.97118e+27 0.00025 1.795 17950 6.172e+14 465 4 1 1 
3.59519e+16 -2.14588e-05 -1.62043e-16 4.97118e+27 0.00025 1.795 17950 6.172e+14 466 4 1 1 
3.62605e+16 -0.000100961 -7.40731e-16 4.97118e+27 0.00025 1.795 17950 6.172e+14 467 4 1 1 
3.65691e+16 -0.000457492 -3.25097e-15 4.97118e+27 0.00025 1.795 17950 6.172e+14 468 4 1 1 
3.68777e+16 -0.00192579 -1.26842e-14 4.97118e+27 0.00025 1.795 17950 6.17199e+14 469 3 1 1 
3.71863e+16 -0.00556349 -1.11638e-14 4.97118e+27 0.00025 1.795 17950 6.172e+14 470 4 1 1 
3.74949e+16 0.042157 7.92292e-13 4.97118e+27 0.000249985 1.79485 17949.6 6.17238e+14 471 5 1 1 
3.78035e+16 0.285941 -5.12916e-13 4.97118e+27 0.00025004 1.79538 17951.1 6.17102e+14 472 4 1 0.999887 
3.8112e+16 -3.34186 -5.34853e-11 4.97118e+27 0.0002514 1.80904 17990.4 6.13764e+14 473 4 1 0.996606 
3.84173e+16 -38.1385 -3.37317e-10 4.97118e+27 0.000259608 1.89351 18236.6 5.94357e+14 474 4 1 0.978406 
3.87072e+16 -160.749 -8.42195e-10 4.97118e+27 0.000285127 2.16946 19024.6 5.41163e+14 475 4 1 0.960085 
3.89623e+16 -359.579 -9.5812e-10 4.97118e+27 0.000330903 2.69798 20383.5 4.663e+14 476 4 1 0.970991 
3.9178e+16 -520.481 -5.56889e-10 4.97118e+27 0.000380996 3.31268 21734.8 4.04991e+14 477 4 1 0.987205 
3.93691e+16 -601.141 -2.62935e-10 4.97118e+27 0.000417388 3.77573 22613.5 3.6968e+14 478 4 1 0.995517 
3.95481e+16 -641.718 -1.35308e-10 4.97118e+27 0.00043838 4.04729 23080 3.51978e+14 479 4 1 0.998864 
3.97211e+16 -660.702 -5.63631e-11 4.97118e+27 0.000449301 4.19001 23313.5 3.43422e+14 480 4 1 0.999787 
3.98916e+16 -668.509 -2.25827e-11 4.97118e+27 0.000454117 4.25341 23415.6 3.3978e+14 481 4 1 0.999969 
4.00609e+16 -671.466 -7.95609e-12 4.97118e+27 0.000456007 4.27861 23456.8 3.38372e+14 482 4 1 0.999997 
4.02299e+16 -672.501 -2.68839e-12 4.97118e+27 0.000456657 4.28765 23473 3.3789e+14 483 4 1 1 
4.03988e+16 -672.85 -8.94105e-13 4.97118e+27 0.000456843 4.2907 23480.2 3.37753e+14 484 4 1 1 
4.05677e+16 -672.974 -3.01198e-13 4.97118e+27 0.000456861 4.2917 23484.7 3.37739e+14 485 3 1 1 
4.07366e+16 -673.025 -1.11021e-13 4.97118e+27 0.000456814 4.29201 23488.8 3.37774e+14 486 4 1 1 
4.09055e+16 -673.052 -4.28927e-14 4.97118e+27 0.000456733 4.2921 23493.5 3.37834e+14 487 4 1 1 
4.10744e+16 -673.072 -1.44536e-14 4.97118e+27 0.000456623 4.29211 23499.2 3.37916e+14 488 4 1 1 
4.12434e+16 -673.089 1.49647e-15 4.97118e+27 0.00045648 4.29207 23506.4 3.38022e+14 489 4 1 1 
4.14124e+16 -673.105 1.32376e-14 4.97118e+27 0.000456293 4.29199 23515.5 3.3816e+14 490 4 1 1 
4.15815e+16 -673.121 2.31577e-14 4.97118e+27 0.000456047 4.29185 23527.5 3.38342e+14 491 4 1 0.999999 
4.17508e+16 -673.137 3.22356e-14 4.97118e+27 0.000455712 4.29161 23543.4 3.38591e+14 492 4 1 0.999999 
4.19201e+16 -673.154 4.11306e-14 4.97118e+27 0.000455242 4.29119 23565.5 3.38941e+14 493 4 1 0.999997 
4.20897e+16 -673.171 5.04209e-14 4.97118e+27 0.000454544 4.29038 23597.1 3.39461e+14 494 4 1 0.999994 
4.22596e+16 -673.189 6.05271e-14 4.97118e+27 0.000453457 4.28904 23646.3 3.40274e+14 495 4 1 0.999986 
4.243e+16 -673.208 7.16664e-14 4.97118e+27 0.000451836 4.28949 23733.7 3.41496e+14 496 4 1 0.999967 
4.26011e+16 -673.228 8.39244e-14 4.97118e+27 0.000450241 4.30624 23910.8 3.42706e+14 497 5 1 0.998659 
4.27727e+16 -673.25 9.72501e-14 4.97118e+27 0.000458859 4.50093 24522.4 3.36269e+14 498 4 1 0.993695 
4.29375e+16 -673.272 1.10961e-13 4.97118e+27 0.00048135 4.15633 21586.9 3.20557e+14 499 4 1 0.9937 
