# Time [s]: 0.162
# Columns: pos [m], vel [m/s], acc [m/s^2], mass [kg], dens [kg/m^3], pres [Pa], ene [J/kg], sml [m], id, neighbor, alpha, gradh, ...additional?
1.39312 -0.673276 0.00349168 0.0025 0.506902 0.440285 2.17145 0.00986384 0 4 1 0.994707 
1.39794 -0.673297 0.00389142 0.0025 0.530991 0.411595 1.93786 0.00941635 1 4 1 0.999668 
1.40254 -0.673318 0.0043129 0.0025 0.544117 0.427066 1.9622 0.00918919 2 4 1 0.999987 
1.40713 -0.673341 0.00477626 0.0025 0.54574 0.428813 1.96436 0.00916186 3 4 1 0.999999 
1.4117 -0.673366 0.00528632 0.0025 0.546155 0.429063 1.96401 0.00915491 4 4 1 1 
1.41628 -0.673394 0.00585142 0.0025 0.54625 0.429112 1.9639 0.00915331 5 4 1 1 
1.42086 -0.673424 0.00649196 0.0025 0.546273 0.429108 1.9638 0.00915294 6 4 1 1 
1.42543 -0.673457 0.00723083 0.0025 0.546278 0.429091 1.9637 0.00915285 7 3 1 1 
1.43001 -0.673494 0.00808148 0.0025 0.546276 0.429072 1.96362 0.00915288 8 4 1 1 
1.43459 -0.673534 0.00904919 0.0025 0.54627 0.429049 1.96354 0.00915299 9 4 1 1 
1.43916 -0.673579 0.0101413 0.0025 0.546259 0.429024 1.96346 0.00915317 10 4 1 1 
1.44374 -0.67363 0.0113739 0.0025 0.546243 0.428995 1.96339 0.00915343 11 4 1 1 
1.44832 -0.673686 0.0127746 0.0025 0.546223 0.428963 1.96332 0.00915377 12 4 1 1 
1.45289 -0.673749 0.0143725 0.0025 0.546198 0.428928 1.96324 0.0091542 13 4 1 1 
1.45747 -0.673819 0.0161721 0.0025 0.546167 0.428887 1.96317 0.0091547 14 4 1 1 
1.46205 -0.673898 0.0181657 0.0025 0.546132 0.428842 1.96309 0.0091553 15 4 1 1 
1.46663 -0.673986 0.0203971 0.0025 0.54609 0.428791 1.963 0.009156 16 4 1 1 
1.47121 -0.674084 0.0229621 0.0025 0.546042 0.428733 1.96291 0.0091568 17 4 1 1 
1.47578 -0.674195 0.0259677 0.0025 0.545987 0.428668 1.96281 0.00915773 18 4 1 1 
1.48036 -0.674322 0.0296696 0.0025 0.545922 0.428592 1.9627 0.00915882 19 4 1 1 
1.48494 -0.674469 0.0346297 0.0025 0.545846 0.428505 1.96257 0.0091601 20 4 1 1 
1.48952 -0.674644 0.0414476 0.0025 0.545753 0.4284 1.96243 0.00916165 21 4 1 1 
1.4941 -0.674855 0.0504868 0.0025 0.54564 0.428272 1.96225 0.00916356 22 4 1 1 
1.49869 -0.675115 0.0622481 0.0025 0.545499 0.428115 1.96203 0.00916592 23 4 1 1 
-0.49673 -0.675437 0.0773042 0.0025 0.545324 0.42792 1.96177 0.00916886 24 4 1 1 
-0.492145 -0.675833 0.0949787 0.0025 0.54511 0.427683 1.96145 0.00917246 25 4 1 1 
-0.487557 -0.676309 0.113018 0.0025 0.544856 0.427401 1.96108 0.00917674 26 4 1 0.999999 
-0.482968 -0.67686 0.128835 0.0025 0.544569 0.427084 1.96065 0.00918158 27 4 1 0.999999 
-0.478376 -0.677455 0.138085 0.0025 0.544266 0.42675 1.96021 0.00918669 28 4 1 0.999999 
-0.473781 -0.678038 0.131595 0.0025 0.543976 0.42643 1.95978 0.00919158 29 4 1 0.999999 
-0.469184 -0.678544 0.111433 0.0025 0.543741 0.42617 1.95944 0.00919556 30 4 1 0.999999 
-0.464586 -0.678862 0.0345472 0.0025 0.543608 0.426023 1.95924 0.00919781 31 4 1 1 
-0.459986 -0.679121 0.129533 0.0025 0.543569 0.425974 1.95917 0.00919847 32 5 1 0.99999 
-0.455387 -0.678266 -0.690372 0.0025 0.544446 0.426928 1.96042 0.00918364 33 4 1 0.99987 
-0.450803 -0.672095 -2.10653 0.0025 0.547721 0.430525 1.96512 0.00912874 34 4 1 0.999603 
-0.446258 -0.660219 -3.32773 0.0025 0.553811 0.437244 1.97383 0.00902835 35 4 1 0.999347 
-0.441774 -0.644304 -4.09047 0.0025 0.562025 0.446353 1.98549 0.00889641 36 4 1 0.999214 
-0.437361 -0.626477 -4.4125 0.0025 0.571388 0.456803 1.99866 0.00875062 37 4 1 0.999226 
-0.433023 -0.608566 -4.31368 0.0025 0.580987 0.467585 2.01202 0.00860604 38 4 1 0.999319 
-0.428755 -0.591825 -4.02723 0.0025 0.590189 0.477985 2.02471 0.00847186 39 4 1 0.999409 
-0.42455 -0.576415 -3.80465 0.0025 0.598856 0.487838 2.03654 0.00834925 40 4 1 0.99944 
-0.420405 -0.561597 -3.86177 0.0025 0.607316 0.497509 2.04799 0.00823294 41 4 1 0.999414 
-0.416317 -0.546445 -4.10877 0.0025 0.616031 0.50753 2.05969 0.00811647 42 4 1 0.999356 
-0.412288 -0.530415 -4.44762 0.0025 0.625291 0.518241 2.07202 0.00799628 43 4 1 0.999294 
-0.40832 -0.513475 -4.76024 0.0025 0.635165 0.529734 2.08504 0.00787197 44 4 1 0.999245 
-0.404415 -0.495798 -5.019 0.0025 0.645574 0.541928 2.09864 0.00774504 45 4 1 0.999218 
-0.400575 -0.47776 -5.19604 0.0025 0.656378 0.554667 2.11262 0.00761756 46 4 1 0.99921 
-0.396797 -0.459501 -5.32895 0.0025 0.667442 0.567801 2.12679 0.00749128 47 4 1 0.999215 
-0.393083 -0.441236 -5.42251 0.0025 0.678675 0.581223 2.14103 0.0073673 48 4 1 0.999228 
-0.389429 -0.423061 -5.48549 0.0025 0.690002 0.594849 2.15525 0.00724636 49 4 1 0.999246 
-0.385836 -0.405046 -5.54607 0.0025 0.701384 0.608631 2.1694 0.00712876 50 4 1 0.999268 
-0.3823 -0.387259 -5.57616 0.0025 0.712787 0.622528 2.18344 0.00701472 51 4 1 0.999291 
-0.378821 -0.369666 -5.60758 0.0025 0.724183 0.636506 2.19733 0.00690433 52 4 1 0.999314 
-0.375395 -0.352353 -5.632 0.0025 0.735565 0.650555 2.21108 0.0067975 53 4 1 0.999337 
-0.372023 -0.335258 -5.65554 0.0025 0.746925 0.664664 2.22467 0.00669411 54 4 1 0.999358 
-0.368701 -0.318432 -5.6805 0.0025 0.758264 0.678833 2.23812 0.00659401 55 4 1 0.999381 
-0.365428 -0.301846 -5.68927 0.0025 0.769571 0.693045 2.25141 0.00649713 56 4 1 0.999402 
-0.362203 -0.285486 -5.70825 0.0025 0.780839 0.707293 2.26454 0.00640337 57 4 1 0.999421 
-0.359025 -0.269371 -5.72521 0.0025 0.792077 0.721585 2.27751 0.00631252 58 4 1 0.999441 
-0.355891 -0.253499 -5.73163 0.0025 0.803275 0.735907 2.29034 0.00622451 59 4 1 0.999459 
-0.3528 -0.23785 -5.75401 0.0025 0.814438 0.750263 2.30301 0.0061392 60 4 1 0.999477 
-0.349751 -0.222442 -5.75409 0.0025 0.825561 0.764647 2.31554 0.00605648 61 4 1 0.999496 
-0.346743 -0.207236 -5.7568 0.0025 0.836631 0.779039 2.32791 0.00597635 62 4 1 0.999511 
-0.343774 -0.192259 -5.77916 0.0025 0.847664 0.793459 2.34014 0.00589857 63 4 1 0.999528 
-0.340844 -0.177504 -5.77249 0.0025 0.858654 0.807898 2.35223 0.00582307 64 4 1 0.999543 
-0.337951 -0.162949 -5.78393 0.0025 0.869594 0.822344 2.36417 0.00574981 65 4 1 0.999558 
-0.335094 -0.148618 -5.78687 0.0025 0.88049 0.836806 2.37597 0.00567866 66 4 1 0.999573 
-0.332272 -0.13448 -5.77664 0.0025 0.891328 0.851261 2.38763 0.00560961 67 4 1 0.999587 
-0.329484 -0.120553 -5.78094 0.0025 0.902109 0.86571 2.39914 0.00554257 68 4 1 0.9996 
-0.326729 -0.106842 -5.78421 0.0025 0.912843 0.880165 2.41051 0.00547739 69 4 1 0.999613 
-0.324007 -0.093298 -5.79249 0.0025 0.923526 0.894622 2.42176 0.00541403 70 4 1 0.999631 
-0.321315 -0.0799962 -5.70269 0.0025 0.934086 0.908978 2.4328 0.00535283 71 4 1 0.999656 
-0.318654 -0.0672101 -5.51998 0.0025 0.944408 0.923062 2.44351 0.00529432 72 4 1 0.999655 
-0.316021 -0.0546442 -5.75625 0.0025 0.954752 0.937229 2.45416 0.00523696 73 4 1 0.99962 
-0.313417 -0.0411309 -6.46103 0.0025 0.965668 0.952302 2.46538 0.00517776 74 4 1 0.999676 
-0.310843 -0.0275365 -5.62108 0.0025 0.976243 0.967014 2.47621 0.00512167 75 4 1 0.999858 
-0.308295 -0.0184026 -2.64779 0.0025 0.983945 0.977641 2.48392 0.00508158 76 4 1 0.999885 
-0.305761 -0.013152 -3.08072 0.0025 0.989988 0.985852 2.48986 0.00505057 77 4 1 0.9996 
-0.303244 -0.000715341 -8.99938 0.0025 1.00065 1.00083 2.50065 0.00499674 78 4 1 0.999366 
-0.300764 0.0201753 -9.46568 0.0025 1.01567 1.02224 2.51584 0.00492286 79 4 1 0.999871 
-0.298321 0.0318698 -1.86611 0.0025 1.02533 1.03588 2.52536 0.00487646 80 4 1 1.00001 
-0.295888 0.0321546 0.562034 0.0025 1.02675 1.03772 2.52662 0.00486971 81 3 1 1 
-0.293451 0.0300484 1.18959 0.0025 1.02495 1.03514 2.52482 0.00487829 82 4 1 0.999993 
-0.291009 0.0271394 1.49307 0.0025 1.02237 1.03149 2.52227 0.00489058 83 4 1 0.999982 
-0.288561 0.0237609 1.68724 0.0025 1.01944 1.02734 2.51937 0.00490464 84 4 1 0.999976 
-0.286105 0.0201535 1.76227 0.0025 1.01637 1.02301 2.51632 0.00491946 85 4 1 0.999973 
-0.283641 0.0165537 1.72396 0.0025 1.01336 1.01875 2.51332 0.0049341 86 4 1 0.999973 
-0.281171 0.0131683 1.59162 0.0025 1.01056 1.01481 2.51053 0.00494776 87 4 1 0.999977 
-0.278693 0.0101504 1.39471 0.0025 1.00809 1.01134 2.50807 0.00495986 88 4 1 0.999981 
-0.276211 0.00758815 1.16561 0.0025 1.00602 1.00843 2.50601 0.00497008 89 4 1 0.999987 
-0.273723 0.0055074 0.933025 0.0025 1.00435 1.00609 2.50434 0.00497834 90 4 1 0.999991 
-0.271232 0.00388507 0.718017 0.0025 1.00306 1.00427 2.50305 0.00498476 91 4 1 0.999995 
-0.268739 0.00266652 0.532938 0.0025 1.00209 1.00292 2.50208 0.00498957 92 4 1 0.999997 
-0.266243 0.00178229 0.38254 0.0025 1.00139 1.00195 2.50139 0.00499304 93 4 1 0.999998 
-0.263746 0.00116095 0.266107 0.0025 1.0009 1.00126 2.5009 0.00499548 94 4 1 0.999999 
-0.261247 0.000737379 0.179691 0.0025 1.00057 1.0008 2.50057 0.00499713 95 4 1 1 
-0.258748 0.000456861 0.117928 0.0025 1.00035 1.00049 2.50035 0.00499823 96 4 1 1 
-0.256249 0.000276189 0.0752865 0.0025 1.00021 1.0003 2.50021 0.00499893 97 4 1 1 
-0.253749 0.000162941 0.0467844 0.0025 1.00013 1.00018 2.50013 0.00499937 98 4 1 1 
-0.25125 9.38188e-05 0.0283114 0.0025 1.00007 1.0001 2.50007 0.00499964 99 4 1 1 
-0.24875 5.27224e-05 0.016689 0.0025 1.00004 1.00006 2.50004 0.0049998 100 4 1 1 
-0.24625 2.89158e-05 0.00958504 0.0025 1.00002 1.00003 2.50002 0.00499989 101 4 1 1 
-0.24375 1.54769e-05 0.0053642 0.0025 1.00001 1.00002 2.50001 0.00499994 102 4 1 1 
-0.24125 8.08353e-06 0.00292544 0.0025 1.00001 1.00001 2.50001 0.00499997 103 4 1 1 
-0.23875 4.11941e-06 0.00155474 0.0025 1 1 2.5 0.00499998 104 4 1 1 
-0.23625 2.04797e-06 0.000805182 0.0025 1 1 2.5 0.00499999 105 4 1 1 
-0.23375 9.9309e-07 0.000406323 0.0025 1 1 2.5 0.005 106 4 1 1 
-0.23125 4.69618e-07 0.000199777 0.0025 1 1 2.5 0.005 107 4 1 1 
-0.22875 2.16515e-07 9.56876e-05 0.0025 1 1 2.5 0.005 108 4 1 1 
-0.22625 9.72977e-08 4.46399e-05 0.0025 1 1 2.5 0.005 109 4 1 1 
-0.22375 4.26043e-08 2.02792e-05 0.0025 1 1 2.5 0.005 110 4 1 1 
-0.22125 1.81713e-08 8.96855e-06 0.0025 1 1 2.5 0.005 111 4 1 1 
-0.21875 7.54613e-09 3.86007e-06 0.0025 1 1 2.5 0.005 112 4 1 1 
-0.21625 3.04976e-09 1.61626e-06 0.0025 1 1 2.5 0.005 113 4 1 1 
-0.21375 1.19889e-09 6.58057e-07 0.0025 1 1 2.5 0.005 114 4 1 1 
-0.21125 4.5813e-10 2.60411e-07 0.0025 1 1 2.5 0.005 115 4 1 1 
-0.20875 1.70072e-10 1.00088e-07 0.0025 1 1 2.5 0.005 116 4 1 1 
-0.20625 6.12702e-11 3.7339e-08 0.0025 1 1 2.5 0.005 117 4 1 1 
-0.20375 2.14014e-11 1.35122e-08 0.0025 1 1 2.5 0.005 118 4 1 1 
-0.20125 7.23345e-12 4.73477e-09 0.0025 1 1 2.5 0.005 119 4 1 1 
-0.19875 2.37011e-12 1.59787e-09 0.0025 1 1 2.5 0.005 120 4 1 1 
-0.19625 7.54193e-13 5.33817e-10 0.0025 1 1 2.5 0.005 121 4 1 1 
-0.19375 2.28389e-13 1.66949e-10 0.0025 1 1 2.5 0.005 122 4 1 1 
-0.19125 6.41156e-14 5.05338e-11 0.0025 1 1 2.5 0.005 123 4 1 1 
-0.18875 1.58618e-14 1.73372e-11 0.0025 1 1 2.5 0.005 124 4 1 1 
-0.18625 6.26761e-16 1.93268e-12 0.0025 1 1 2.5 0.005 125 5 1 1 
-0.18375 3.48253e-17 -3.9443e-29 0.0025 1 1 2.5 0.005 126 5 1 1 
-0.18125 6.86809e-48 0 0.0025 1 1 2.5 0.005 127 5 1 1 
-0.17875 0 0 0.0025 1 1 2.5 0.005 128 5 1 1 
-0.17625 0 0 0.0025 1 1 2.5 0.005 129 5 1 1 
-0.17375 0 0 0.0025 1 1 2.5 0.005 130 5 1 1 
-0.17125 0 0 0.0025 1 1 2.5 0.005 131 5 1 1 
-0.16875 0 0 0.0025 1 1 2.5 0.005 132 5 1 1 
-0.16625 0 0 0.0025 1 1 2.5 0.005 133 5 1 1 
-0.16375 0 0 0.0025 1 1 2.5 0.005 134 5 1 1 
-0.16125 0 0 0.0025 1 1 2.5 0.005 135 5 1 1 
-0.15875 0 0 0.0025 1 1 2.5 0.005 136 5 1 1 
-0.15625 0 0 0.0025 1 1 2.5 0.005 137 5 1 1 
-0.15375 0 0 0.0025 1 1 2.5 0.005 138 5 1 1 
-0.15125 0 0 0.0025 1 1 2.5 0.005 139 5 1 1 
-0.14875 0 0 0.0025 1 1 2.5 0.005 140 5 1 1 
-0.14625 0 0 0.0025 1 1 2.5 0.005 141 5 1 1 
-0.14375 0 0 0.0025 1 1 2.5 0.005 142 5 1 1 
-0.14125 0 0 0.0025 1 1 2.5 0.005 143 5 1 1 
-0.13875 0 0 0.0025 1 1 2.5 0.005 144 5 1 1 
-0.13625 0 0 0.0025 1 1 2.5 0.005 145 5 1 1 
-0.13375 0 0 0.0025 1 1 2.5 0.005 146 5 1 1 
-0.13125 0 0 0.0025 1 1 2.5 0.005 147 5 1 1 
-0.12875 0 0 0.0025 1 1 2.5 0.005 148 5 1 1 
-0.12625 0 0 0.0025 1 1 2.5 0.005 149 5 1 1 
-0.12375 0 0 0.0025 1 1 2.5 0.005 150 5 1 1 
-0.12125 0 0 0.0025 1 1 2.5 0.005 151 5 1 1 
-0.11875 0 0 0.0025 1 1 2.5 0.005 152 5 1 1 
-0.11625 0 0 0.0025 1 1 2.5 0.005 153 5 1 1 
-0.11375 0 0 0.0025 1 1 2.5 0.005 154 5 1 1 
-0.11125 0 0 0.0025 1 1 2.5 0.005 155 5 1 1 
-0.10875 0 0 0.0025 1 1 2.5 0.005 156 5 1 1 
-0.10625 0 0 0.0025 1 1 2.5 0.005 157 5 1 1 
-0.10375 0 0 0.0025 1 1 2.5 0.005 158 5 1 1 
-0.10125 0 0 0.0025 1 1 2.5 0.005 159 5 1 1 
-0.09875 0 0 0.0025 1 1 2.5 0.005 160 5 1 1 
-0.09625 0 0 0.0025 1 1 2.5 0.005 161 5 1 1 
-0.09375 0 0 0.0025 1 1 2.5 0.005 162 5 1 1 
-0.09125 0 0 0.0025 1 1 2.5 0.005 163 5 1 1 
-0.08875 0 0 0.0025 1 1 2.5 0.005 164 5 1 1 
-0.08625 0 0 0.0025 1 1 2.5 0.005 165 5 1 1 
-0.08375 0 0 0.0025 1 1 2.5 0.005 166 5 1 1 
-0.08125 0 0 0.0025 1 1 2.5 0.005 167 5 1 1 
-0.07875 0 0 0.0025 1 1 2.5 0.005 168 5 1 1 
-0.07625 0 0 0.0025 1 1 2.5 0.005 169 5 1 1 
-0.07375 0 0 0.0025 1 1 2.5 0.005 170 5 1 1 
-0.07125 0 0 0.0025 1 1 2.5 0.005 171 5 1 1 
-0.06875 0 0 0.0025 1 1 2.5 0.005 172 5 1 1 
-0.06625 -2.43467e-46 -1.12104e-44 0.0025 1 1 2.5 0.005 173 5 1 1 
-0.06375 -1.04199e-16 -1.12104e-44 0.0025 1 1 2.5 0.005 174 5 1 1 
-0.06125 -2.42604e-16 0 0.0025 1 1 2.5 0.005 175 5 1 1 
-0.05875 -3.80393e-16 0 0.0025 1 1 2.5 0.005 176 5 1 1 
-0.05625 -5.17443e-16 0 0.0025 1 1 2.5 0.005 177 5 1 1 
-0.05375 -6.1882e-16 0 0.0025 1 1 2.5 0.005 178 5 1 1 
-0.05125 -7.88258e-16 0 0.0025 1 1 2.5 0.005 179 5 1 1 
-0.04875 -9.5614e-16 0 0.0025 1 1 2.5 0.005 180 5 1 1 
-0.04625 -1.12228e-15 0 0.0025 1 1 2.5 0.005 181 5 1 1 
-0.04375 -1.28541e-15 -1.12104e-44 0.0025 1 1 2.5 0.005 182 5 1 1 
-0.04125 -1.44403e-15 -1.12104e-44 0.0025 1 1 2.5 0.005 183 5 1 1 
-0.03875 -1.97495e-15 3.9443e-29 0.0025 1 1 2.5 0.005 184 5 1 1 
-0.03625 9.52127e-16 -7.10961e-27 0.0025 1 1 2.5 0.005 185 5 1 1 
-0.03375 -3.67127e-15 -1.02318e-12 0.0025 1 1 2.5 0.005 186 4 1 1 
-0.03125 -2.7303e-15 1.42109e-12 0.0025 1 1 2.5 0.005 187 3 1 1 
-0.02875 -2.41412e-16 -7.38964e-13 0.0025 1 1 2.5 0.005 188 4 1 1 
-0.02625 -1.29682e-15 3.41061e-13 0.0025 1 1 2.5 0.005 189 4 1 1 
-0.02375 -2.13092e-15 -4.54747e-13 0.0025 1 1 2.5 0.005 190 3 1 1 
-0.02125 -1.50443e-15 5.11591e-13 0.0025 1 1 2.5 0.005 191 4 1 1 
-0.01875 -2.14345e-15 5.68434e-14 0.0025 1 1 2.5 0.005 192 5 1 1 
-0.01625 -2.72225e-15 -5.11591e-13 0.0025 1 1 2.5 0.005 193 4 1 1 
-0.01375 -3.74163e-16 3.97904e-13 0.0025 1 1 2.5 0.005 194 3 1 1 
-0.01125 -1.31098e-15 1.13687e-13 0.0025 1 1 2.5 0.005 195 5 1 1 
-0.00875 -8.26606e-16 -2.27374e-13 0.0025 1 1 2.5 0.005 196 4 1 1 
-0.00625 -6.1574e-16 0 0.0025 1 1 2.5 0.005 197 3 1 1 
-0.00375 -1.89897e-16 -1.7053e-13 0.0025 1 1 2.5 0.005 198 4 1 1 
-0.00125 -2.24439e-16 3.97904e-13 0.0025 1 1 2.5 0.005 199 5 1 1 
0.00125 -2.1869e-16 -1.7053e-13 0.0025 1 1 2.5 0.005 200 4 1 1 
0.00375 -1.23101e-16 -4.93038e-29 0.0025 1 1 2.5 0.005 201 3 1 1 
0.00625 -8.90294e-17 5.68434e-14 0.0025 1 1 2.5 0.005 202 4 1 1 
0.00875 -7.12286e-16 -1.57772e-28 0.0025 1 1 2.5 0.005 203 4 1 1 
0.01125 7.60417e-16 2.07076e-28 0.0025 1 1 2.5 0.005 204 4 1 1 
0.01375 -4.90868e-16 -1.13687e-13 0.0025 1 1 2.5 0.005 205 5 1 1 
0.01625 1.2932e-15 -3.9443e-29 0.0025 1 1 2.5 0.005 206 5 1 1 
0.01875 2.41707e-15 1.13687e-13 0.0025 1 1 2.5 0.005 207 5 1 1 
0.02125 1.74658e-15 1.13687e-13 0.0025 1 1 2.5 0.005 208 5 1 1 
0.02375 2.35914e-15 -5.52203e-28 0.0025 1 1 2.5 0.005 209 5 1 1 
0.02625 1.0016e-15 -1.11427e-27 0.0025 1 1 2.5 0.005 210 4 1 1 
0.02875 4.66977e-16 6.27782e-43 0.0025 1 1 2.5 0.005 211 3 1 1 
0.03125 1.83728e-15 1.11427e-27 0.0025 1 1 2.5 0.005 212 4 1 1 
0.03375 9.28443e-16 -1.13687e-13 0.0025 1 1 2.5 0.005 213 5 1 1 
0.03625 2.09434e-15 -3.9443e-29 0.0025 1 1 2.5 0.005 214 5 1 1 
0.03875 1.67134e-15 -4.48416e-44 0.0025 1 1 2.5 0.005 215 5 1 1 
0.04125 1.16856e-15 2.24208e-44 0.0025 1 1 2.5 0.005 216 5 1 1 
0.04375 1.00879e-15 2.24208e-44 0.0025 1 1 2.5 0.005 217 5 1 1 
0.04625 8.8246e-16 1.12104e-44 0.0025 1 1 2.5 0.005 218 5 1 1 
0.04875 8.16669e-16 0 0.0025 1 1 2.5 0.005 219 5 1 1 
0.05125 6.16732e-16 2.27374e-13 0.0025 1 1 2.5 0.005 220 5 1 1 
0.05375 3.37749e-16 -3.41061e-13 0.0025 1 1 2.5 0.005 221 5 1 1 
0.05625 -4.06897e-17 2.27374e-13 0.0025 1 1 2.5 0.005 222 4 1 1 
0.05875 4.88741e-15 -2.89901e-12 0.0025 1 1 2.5 0.005 223 3 1 1 
0.06125 2.76636e-15 2.78533e-12 0.0025 1 1 2.5 0.005 224 3 1 1 
0.06375 7.48012e-16 -1.7053e-13 0.0025 1 1 2.5 0.005 225 5 1 1 
0.06625 2.60984e-16 1.7053e-13 0.0025 1 1 2.5 0.005 226 5 1 1 
0.06875 6.96307e-17 3.36312e-44 0.0025 1 1 2.5 0.005 227 5 1 1 
0.07125 2.4033e-47 1.12104e-44 0.0025 1 1 2.5 0.005 228 5 1 1 
0.07375 0 0 0.0025 1 1 2.5 0.005 229 5 1 1 
0.07625 0 0 0.0025 1 1 2.5 0.005 230 5 1 1 
0.07875 0 0 0.0025 1 1 2.5 0.005 231 5 1 1 
0.08125 0 0 0.0025 1 1 2.5 0.005 232 5 1 1 
0.08375 0 0 0.0025 1 1 2.5 0.005 233 5 1 1 
0.08625 0 0 0.0025 1 1 2.5 0.005 234 5 1 1 
0.08875 0 0 0.0025 1 1 2.5 0.005 235 5 1 1 
0.09125 0 0 0.0025 1 1 2.5 0.005 236 5 1 1 
0.09375 -1.40938e-45 -1.12104e-44 0.0025 1 1 2.5 0.005 237 5 1 1 
0.09625 -1.69188e-16 0 0.0025 1 1 2.5 0.005 238 5 1 1 
0.09875 -3.37357e-16 1.12104e-44 0.0025 1 1 2.5 0.005 239 5 1 1 
0.10125 1.58941e-15 0 0.0025 1 1 2.5 0.005 240 5 1 1 
0.10375 1.42405e-15 5.60519e-44 0.0025 1 1 2.5 0.005 241 5 1 1 
0.10625 2.56081e-15 -1.56945e-43 0.0025 1 1 2.5 0.005 242 5 1 1 
0.10875 9.16112e-16 -5.68434e-14 0.0025 1 1 2.5 0.005 243 5 1 1 
0.11125 7.73212e-16 5.68434e-14 0.0025 1 1 2.5 0.005 244 5 1 1 
0.11375 -1.40643e-15 -5.68434e-14 0.0025 1 1 2.5 0.005 245 5 1 1 
0.11625 2.5657e-15 -3.69943e-43 0.0025 1 1 2.5 0.005 246 5 1 1 
0.11875 -1.7289e-16 3.9443e-29 0.0025 1 1 2.5 0.005 247 5 1 1 
0.12125 -2.09243e-17 -7.14905e-27 0.0025 1 1 2.5 0.005 248 5 1 1 
0.12375 -3.1251e-15 -7.18849e-27 0.0025 1 1 2.5 0.005 249 4 1 1 
0.12625 3.1251e-15 7.18849e-27 0.0025 1 1 2.5 0.005 250 4 1 1 
0.12875 2.09243e-17 7.14905e-27 0.0025 1 1 2.5 0.005 251 5 1 1 
0.13125 1.7289e-16 -3.9443e-29 0.0025 1 1 2.5 0.005 252 5 1 1 
0.13375 -2.5657e-15 3.69943e-43 0.0025 1 1 2.5 0.005 253 5 1 1 
0.13625 1.40643e-15 5.68434e-14 0.0025 1 1 2.5 0.005 254 5 1 1 
0.13875 -7.73212e-16 -5.68434e-14 0.0025 1 1 2.5 0.005 255 5 1 1 
0.14125 -9.16112e-16 5.68434e-14 0.0025 1 1 2.5 0.005 256 5 1 1 
0.14375 -2.56081e-15 1.56945e-43 0.0025 1 1 2.5 0.005 257 5 1 1 
0.14625 -1.42405e-15 -5.60519e-44 0.0025 1 1 2.5 0.005 258 5 1 1 
0.14875 -1.58941e-15 0 0.0025 1 1 2.5 0.005 259 5 1 1 
0.15125 3.37357e-16 -1.12104e-44 0.0025 1 1 2.5 0.005 260 5 1 1 
0.15375 1.69188e-16 0 0.0025 1 1 2.5 0.005 261 5 1 1 
0.15625 1.40938e-45 1.12104e-44 0.0025 1 1 2.5 0.005 262 5 1 1 
0.15875 0 0 0.0025 1 1 2.5 0.005 263 5 1 1 
0.16125 0 0 0.0025 1 1 2.5 0.005 264 5 1 1 
0.16375 0 0 0.0025 1 1 2.5 0.005 265 5 1 1 
0.16625 0 0 0.0025 1 1 2.5 0.005 266 5 1 1 
0.16875 0 0 0.0025 1 1 2.5 0.005 267 5 1 1 
0.17125 0 0 0.0025 1 1 2.5 0.005 268 5 1 1 
0.17375 0 0 0.0025 1 1 2.5 0.005 269 5 1 1 
0.17625 0 0 0.0025 1 1 2.5 0.005 270 5 1 1 
0.17875 0 0 0.0025 1 1 2.5 0.005 271 5 1 1 
0.18125 -6.86809e-48 0 0.0025 1 1 2.5 0.005 272 5 1 1 
0.18375 -3.48253e-17 3.9443e-29 0.0025 1 1 2.5 0.005 273 5 1 1 
0.18625 -3.13287e-16 -1.7053e-12 0.0025 1 1 2.5 0.005 274 5 1 1 
0.18875 -1.49217e-14 -1.67688e-11 0.0025 1 1 2.5 0.005 275 4 1 1 
0.19125 -6.09497e-14 -5.13296e-11 0.0025 1 1 2.5 0.005 276 4 1 1 
0.19375 -2.21753e-13 -1.63482e-10 0.0025 1 1 2.5 0.005 277 4 1 1 
0.19625 -7.55744e-13 -5.29553e-10 0.0025 1 1 2.5 0.005 278 4 1 1 
0.19875 -2.36667e-12 -1.61037e-09 0.0025 1 1 2.5 0.005 279 4 1 1 
0.20125 -7.24185e-12 -4.73005e-09 0.0025 1 1 2.5 0.005 280 4 1 1 
0.20375 -2.13932e-11 -1.35115e-08 0.0025 1 1 2.5 0.005 281 4 1 1 
0.20625 -6.12703e-11 -3.73401e-08 0.0025 1 1 2.5 0.005 282 4 1 1 
0.20875 -1.7007e-10 -1.0009e-07 0.0025 1 1 2.5 0.005 283 4 1 1 
0.21125 -4.58131e-10 -2.60407e-07 0.0025 1 1 2.5 0.005 284 4 1 1 
0.21375 -1.19888e-09 -6.58057e-07 0.0025 1 1 2.5 0.005 285 4 1 1 
0.21625 -3.04976e-09 -1.61626e-06 0.0025 1 1 2.5 0.005 286 4 1 1 
0.21875 -7.54614e-09 -3.86008e-06 0.0025 1 1 2.5 0.005 287 4 1 1 
0.22125 -1.81713e-08 -8.96854e-06 0.0025 1 1 2.5 0.005 288 4 1 1 
0.22375 -4.26043e-08 -2.02792e-05 0.0025 1 1 2.5 0.005 289 4 1 1 
0.22625 -9.72978e-08 -4.46399e-05 0.0025 1 1 2.5 0.005 290 4 1 1 
0.22875 -2.16515e-07 -9.56876e-05 0.0025 1 1 2.5 0.005 291 4 1 1 
0.23125 -4.69618e-07 -0.000199777 0.0025 1 1 2.5 0.005 292 4 1 1 
0.23375 -9.9309e-07 -0.000406323 0.0025 1 1 2.5 0.005 293 4 1 1 
0.23625 -2.04797e-06 -0.000805182 0.0025 1 1 2.5 0.00499999 294 4 1 1 
0.23875 -4.11941e-06 -0.00155474 0.0025 1 1 2.5 0.00499998 295 4 1 1 
0.24125 -8.08353e-06 -0.00292544 0.0025 1.00001 1.00001 2.50001 0.00499997 296 4 1 1 
0.24375 -1.54769e-05 -0.0053642 0.0025 1.00001 1.00002 2.50001 0.00499994 297 4 1 1 
0.24625 -2.89158e-05 -0.00958504 0.0025 1.00002 1.00003 2.50002 0.00499989 298 4 1 1 
0.24875 -5.27224e-05 -0.016689 0.0025 1.00004 1.00006 2.50004 0.0049998 299 4 1 1 
0.25125 -9.38188e-05 -0.0283114 0.0025 1.00007 1.0001 2.50007 0.00499964 300 4 1 1 
0.253749 -0.000162941 -0.0467844 0.0025 1.00013 1.00018 2.50013 0.00499937 301 4 1 1 
0.256249 -0.000276189 -0.0752865 0.0025 1.00021 1.0003 2.50021 0.00499893 302 4 1 1 
0.258748 -0.000456861 -0.117928 0.0025 1.00035 1.00049 2.50035 0.00499823 303 4 1 1 
0.261247 -0.000737379 -0.179691 0.0025 1.00057 1.0008 2.50057 0.00499713 304 4 1 1 
0.263746 -0.00116095 -0.266107 0.0025 1.0009 1.00126 2.5009 0.00499548 305 4 1 0.999999 
0.266243 -0.00178229 -0.38254 0.0025 1.00139 1.00195 2.50139 0.00499304 306 4 1 0.999998 
0.268739 -0.00266652 -0.532938 0.0025 1.00209 1.00292 2.50208 0.00498957 307 4 1 0.999997 
0.271232 -0.00388507 -0.718017 0.0025 1.00306 1.00427 2.50305 0.00498476 308 4 1 0.999995 
0.273723 -0.0055074 -0.933025 0.0025 1.00435 1.00609 2.50434 0.00497834 309 4 1 0.999991 
0.276211 -0.00758815 -1.16561 0.0025 1.00602 1.00843 2.50601 0.00497008 310 4 1 0.999987 
0.278693 -0.0101504 -1.39471 0.0025 1.00809 1.01134 2.50807 0.00495986 311 4 1 0.999981 
0.281171 -0.0131683 -1.59162 0.0025 1.01056 1.01481 2.51053 0.00494776 312 4 1 0.999977 
0.283641 -0.0165537 -1.72396 0.0025 1.01336 1.01875 2.51332 0.0049341 313 4 1 0.999973 
0.286105 -0.0201535 -1.76227 0.0025 1.01637 1.02301 2.51632 0.00491946 314 4 1 0.999973 
0.288561 -0.0237609 -1.68724 0.0025 1.01944 1.02734 2.51937 0.00490464 315 4 1 0.999976 
0.291009 -0.0271394 -1.49307 0.0025 1.02237 1.03149 2.52227 0.00489058 316 4 1 0.999982 
0.293451 -0.0300484 -1.18959 0.0025 1.02495 1.03514 2.52482 0.00487829 317 4 1 0.999993 
0.295888 -0.0321546 -0.562034 0.0025 1.02675 1.03772 2.52662 0.00486971 318 3 1 1 
0.298321 -0.0318698 1.86611 0.0025 1.02533 1.03588 2.52536 0.00487646 319 4 1 1.00001 
0.300764 -0.0201753 9.46568 0.0025 1.01567 1.02224 2.51584 0.00492286 320 4 1 0.999871 
0.303244 0.000715341 8.99938 0.0025 1.00065 1.00083 2.50065 0.00499674 321 4 1 0.999366 
0.305761 0.013152 3.08072 0.0025 0.989988 0.985852 2.48986 0.00505057 322 4 1 0.9996 
0.308295 0.0184026 2.64779 0.0025 0.983945 0.977641 2.48392 0.00508158 323 4 1 0.999885 
0.310843 0.0275365 5.62108 0.0025 0.976243 0.967014 2.47621 0.00512167 324 4 1 0.999858 
0.313417 0.0411309 6.46103 0.0025 0.965668 0.952302 2.46538 0.00517776 325 4 1 0.999676 
0.316021 0.0546442 5.75625 0.0025 0.954752 0.937229 2.45416 0.00523696 326 4 1 0.99962 
0.318654 0.0672101 5.51998 0.0025 0.944408 0.923062 2.44351 0.00529432 327 4 1 0.999655 
0.321315 0.0799962 5.70269 0.0025 0.934086 0.908978 2.4328 0.00535283 328 4 1 0.999656 
0.324007 0.093298 5.79249 0.0025 0.923526 0.894622 2.42176 0.00541403 329 4 1 0.999631 
0.326729 0.106842 5.78421 0.0025 0.912843 0.880165 2.41051 0.00547739 330 4 1 0.999613 
0.329484 0.120553 5.78094 0.0025 0.902109 0.86571 2.39914 0.00554257 331 4 1 0.9996 
0.332272 0.13448 5.77664 0.0025 0.891328 0.851261 2.38763 0.00560961 332 4 1 0.999587 
0.335094 0.148618 5.78687 0.0025 0.88049 0.836806 2.37597 0.00567866 333 4 1 0.999573 
0.337951 0.162949 5.78393 0.0025 0.869594 0.822344 2.36417 0.00574981 334 4 1 0.999558 
0.340844 0.177504 5.77249 0.0025 0.858654 0.807898 2.35223 0.00582307 335 4 1 0.999543 
0.343774 0.192259 5.77916 0.0025 0.847664 0.793459 2.34014 0.00589857 336 4 1 0.999528 
0.346743 0.207236 5.7568 0.0025 0.836631 0.779039 2.32791 0.00597635 337 4 1 0.999511 
0.349751 0.222442 5.75409 0.0025 0.825561 0.764647 2.31554 0.00605648 338 4 1 0.999496 
0.3528 0.23785 5.75401 0.0025 0.814438 0.750263 2.30301 0.0061392 339 4 1 0.999477 
0.355891 0.253499 5.73163 0.0025 0.803275 0.735907 2.29034 0.00622451 340 4 1 0.999459 
0.359025 0.269371 5.72521 0.0025 0.792077 0.721585 2.27751 0.00631252 341 4 1 0.999441 
0.362203 0.285486 5.70825 0.0025 0.780839 0.707293 2.26454 0.00640337 342 4 1 0.999421 
0.365428 0.301846 5.68927 0.0025 0.769571 0.693045 2.25141 0.00649713 343 4 1 0.999402 
0.368701 0.318432 5.6805 0.0025 0.758264 0.678833 2.23812 0.00659401 344 4 1 0.999381 
0.372023 0.335258 5.65554 0.0025 0.746925 0.664664 2.22467 0.00669411 345 4 1 0.999358 
0.375395 0.352353 5.632 0.0025 0.735565 0.650555 2.21108 0.0067975 346 4 1 0.999337 
0.378821 0.369666 5.60758 0.0025 0.724183 0.636506 2.19733 0.00690433 347 4 1 0.999314 
0.3823 0.387259 5.57616 0.0025 0.712787 0.622528 2.18344 0.00701472 348 4 1 0.999291 
0.385836 0.405046 5.54607 0.0025 0.701384 0.608631 2.1694 0.00712876 349 4 1 0.999268 
0.389429 0.423061 5.48549 0.0025 0.690002 0.594849 2.15525 0.00724636 350 4 1 0.999246 
0.393083 0.441236 5.42251 0.0025 0.678675 0.581223 2.14103 0.0073673 351 4 1 0.999228 
0.396797 0.459501 5.32895 0.0025 0.667442 0.567801 2.12679 0.00749128 352 4 1 0.999215 
0.400575 0.47776 5.19604 0.0025 0.656378 0.554667 2.11262 0.00761756 353 4 1 0.99921 
0.404415 0.495798 5.019 0.0025 0.645574 0.541928 2.09864 0.00774504 354 4 1 0.999218 
0.40832 0.513475 4.76024 0.0025 0.635165 0.529734 2.08504 0.00787197 355 4 1 0.999245 
0.412288 0.530415 4.44762 0.0025 0.625291 0.518241 2.07202 0.00799628 356 4 1 0.999294 
0.416317 0.546445 4.10877 0.0025 0.616031 0.50753 2.05969 0.00811647 357 4 1 0.999356 
0.420405 0.561597 3.86177 0.0025 0.607316 0.497509 2.04799 0.00823294 358 4 1 0.999414 
0.42455 0.576415 3.80465 0.0025 0.598856 0.487838 2.03654 0.00834925 359 4 1 0.99944 
0.428755 0.591825 4.02723 0.0025 0.590189 0.477985 2.02471 0.00847186 360 4 1 0.999409 
0.433023 0.608566 4.31368 0.0025 0.580987 0.467585 2.01202 0.00860604 361 4 1 0.999319 
0.437361 0.626477 4.4125 0.0025 0.571388 0.456803 1.99866 0.00875062 362 4 1 0.999226 
0.441774 0.644304 4.09047 0.0025 0.562025 0.446353 1.98549 0.00889641 363 4 1 0.999214 
0.446258 0.660219 3.32773 0.0025 0.553811 0.437244 1.97383 0.00902835 364 4 1 0.999347 
0.450803 0.672095 2.10653 0.0025 0.547721 0.430525 1.96512 0.00912874 365 4 1 0.999603 
0.455387 0.678266 0.690372 0.0025 0.544446 0.426928 1.96042 0.00918364 366 4 1 0.99987 
0.459986 0.679121 -0.129533 0.0025 0.543569 0.425974 1.95917 0.00919847 367 5 1 0.99999 
0.464586 0.678862 -0.0345472 0.0025 0.543608 0.426023 1.95924 0.00919781 368 4 1 1 
0.469184 0.678544 -0.111433 0.0025 0.543741 0.42617 1.95944 0.00919556 369 4 1 0.999999 
0.473781 0.678038 -0.131595 0.0025 0.543976 0.42643 1.95978 0.00919158 370 4 1 0.999999 
0.478376 0.677455 -0.138085 0.0025 0.544266 0.42675 1.96021 0.00918669 371 4 1 0.999999 
0.482968 0.67686 -0.128835 0.0025 0.544569 0.427084 1.96065 0.00918158 372 4 1 0.999999 
0.487557 0.676309 -0.113018 0.0025 0.544856 0.427401 1.96108 0.00917674 373 4 1 0.999999 
0.492145 0.675833 -0.0949787 0.0025 0.54511 0.427683 1.96145 0.00917246 374 4 1 1 
0.49673 0.675437 -0.0773042 0.0025 0.545324 0.42792 1.96177 0.00916886 375 4 1 1 
0.501314 0.675115 -0.0622481 0.0025 0.545499 0.428115 1.96203 0.00916592 376 4 1 1 
0.505896 0.674855 -0.0504868 0.0025 0.54564 0.428272 1.96225 0.00916356 377 4 1 1 
0.510477 0.674644 -0.0414476 0.0025 0.545753 0.4284 1.96243 0.00916165 378 4 1 1 
0.515057 0.674469 -0.0346297 0.0025 0.545846 0.428505 1.96257 0.0091601 379 4 1 1 
0.519637 0.674322 -0.0296696 0.0025 0.545922 0.428592 1.9627 0.00915882 380 4 1 1 
0.524216 0.674195 -0.0259677 0.0025 0.545987 0.428668 1.96281 0.00915773 381 4 1 1 
0.528795 0.674084 -0.0229621 0.0025 0.546042 0.428733 1.96291 0.0091568 382 4 1 1 
0.533373 0.673986 -0.0203971 0.0025 0.54609 0.428791 1.963 0.009156 383 4 1 1 
0.537951 0.673898 -0.0181657 0.0025 0.546132 0.428842 1.96309 0.0091553 384 4 1 1 
0.542528 0.673819 -0.0161721 0.0025 0.546167 0.428887 1.96317 0.0091547 385 4 1 1 
0.547106 0.673749 -0.0143725 0.0025 0.546198 0.428928 1.96324 0.0091542 386 4 1 1 
0.551683 0.673686 -0.0127746 0.0025 0.546223 0.428963 1.96332 0.00915377 387 4 1 1 
0.556259 0.67363 -0.0113739 0.0025 0.546243 0.428995 1.96339 0.00915343 388 4 1 1 
0.560836 0.673579 -0.0101413 0.0025 0.546259 0.429024 1.96346 0.00915317 389 4 1 1 
0.565413 0.673534 -0.00904919 0.0025 0.54627 0.429049 1.96354 0.00915299 390 4 1 1 
0.569989 0.673494 -0.00808148 0.0025 0.546276 0.429072 1.96362 0.00915288 391 4 1 1 
0.574565 0.673457 -0.00723083 0.0025 0.546278 0.429091 1.9637 0.00915285 392 3 1 1 
0.579142 0.673424 -0.00649196 0.0025 0.546273 0.429108 1.9638 0.00915294 393 4 1 1 
0.583718 0.673394 -0.00585142 0.0025 0.54625 0.429112 1.9639 0.00915331 394 4 1 1 
0.588295 0.673366 -0.00528632 0.0025 0.546155 0.429063 1.96401 0.00915491 395 4 1 1 
0.592873 0.673341 -0.00477626 0.0025 0.54574 0.428813 1.96436 0.00916186 396 4 1 0.999999 
0.597457 0.673318 -0.0043129 0.0025 0.544117 0.427066 1.9622 0.00918919 397 4 1 0.999987 
0.602063 0.673297 -0.00389142 0.0025 0.530991 0.411595 1.93786 0.00941635 398 4 1 0.999668 
0.606878 0.673276 -0.00349168 0.0025 0.506902 0.440285 2.17145 0.00986384 399 4 1 0.994707 
0.611933 0.673256 -0.00310784 0.0025 0.481359 0.415645 2.1587 0.0103873 400 4 1 0.9937 
0.617275 0.673236 -0.00273269 0.0025 0.458867 0.450105 2.45226 0.0108964 401 4 1 0.993694 
0.622835 0.673216 -0.00236619 0.0025 0.450249 0.430635 2.39109 0.011105 402 5 1 0.998658 
0.62838 0.673198 -0.00202321 0.0025 0.451843 0.428959 2.37338 0.0110658 403 4 1 0.999967 
0.633901 0.67318 -0.00170495 0.0025 0.453465 0.428913 2.36464 0.0110262 404 4 1 0.999986 
0.639406 0.673164 -0.00141273 0.0025 0.454551 0.429047 2.35973 0.0109999 405 4 1 0.999994 
0.644901 0.673148 -0.00114599 0.0025 0.455248 0.429128 2.35656 0.010983 406 4 1 0.999997 
0.650389 0.673132 -0.000898307 0.0025 0.455719 0.42917 2.35436 0.0109717 407 4 1 0.999999 
0.655873 0.673117 -0.000656506 0.0025 0.456053 0.429193 2.35276 0.0109636 408 4 1 0.999999 
0.661353 0.673103 -0.00040264 0.0025 0.4563 0.429207 2.35156 0.0109577 409 4 1 1 
0.666831 0.673088 -0.000115453 0.0025 0.456486 0.429215 2.35065 0.0109532 410 4 1 1 
0.672306 0.673073 0.000244423 0.0025 0.45663 0.42922 2.34993 0.0109498 411 4 1 1 
0.67778 0.673057 0.00078486 0.0025 0.456741 0.429221 2.34937 0.0109471 412 4 1 1 
0.683253 0.673037 0.00184646 0.0025 0.456827 0.429218 2.34891 0.0109451 413 4 1 1 
0.688725 0.673007 0.00463304 0.0025 0.456887 0.429204 2.34852 0.0109436 414 4 1 1 
0.694197 0.672944 0.012695 0.0025 0.456911 0.42916 2.34816 0.010943 415 3 1 1 
0.699668 0.672781 0.0375035 0.0025 0.456854 0.429023 2.3477 0.0109444 416 4 1 1 
0.705141 0.672308 0.113529 0.0025 0.456576 0.428607 2.34685 0.0109511 417 4 1 0.999999 
0.71062 0.67092 0.328929 0.0025 0.455684 0.427396 2.34479 0.0109725 418 4 1 0.999993 
0.716114 0.666999 0.910961 0.0025 0.453208 0.424116 2.33949 0.0110325 419 4 1 0.999946 
0.721652 0.657011 2.22465 0.0025 0.447086 0.416078 2.32654 0.0111835 420 4 1 0.999652 
0.727298 0.633093 5.11611 0.0025 0.433834 0.398803 2.29802 0.0115251 421 4 1 0.998291 
0.733183 0.58464 9.77381 0.0025 0.409184 0.367034 2.24228 0.0122195 422 4 1 0.993849 
0.739539 0.485361 20.9405 0.0025 0.36818 0.315237 2.14033 0.0135803 423 4 1 0.983653 
0.746844 0.304031 30.7188 0.0025 0.317064 0.253437 1.9984 0.0157697 424 4 1 0.966013 
0.755464 0.116804 21.9566 0.0025 0.27598 0.206866 1.87421 0.0181173 425 4 1 0.962496 
0.765055 0.0223971 6.99102 0.0025 0.256136 0.185744 1.81312 0.0195208 426 4 1 0.98507 
0.774999 0.00118526 0.810941 0.0025 0.250706 0.180205 1.79702 0.0199437 427 4 1 0.9984 
0.784999 -0.000251576 -0.0378627 0.0025 0.249992 0.179492 1.79498 0.0200006 428 4 1 0.999968 
0.795 -1.11524e-05 -0.011245 0.0025 0.249991 0.179491 1.79497 0.0200007 429 5 1 1 
0.805 4.44393e-06 0.000645272 0.0025 0.25 0.1795 1.795 0.02 430 3 1 1 
0.815 1.30176e-06 0.000269371 0.0025 0.25 0.1795 1.795 0.02 431 4 1 1 
0.825 3.02571e-07 6.66267e-05 0.0025 0.25 0.1795 1.795 0.02 432 4 1 1 
0.835 6.63247e-08 1.50648e-05 0.0025 0.25 0.1795 1.795 0.02 433 4 1 1 
0.845 1.4072e-08 3.28133e-06 0.0025 0.25 0.1795 1.795 0.02 434 4 1 1 
0.855 2.89032e-09 6.94304e-07 0.0025 0.25 0.1795 1.795 0.02 435 4 1 1 
0.865 5.72346e-10 1.42173e-07 0.0025 0.25 0.1795 1.795 0.02 436 4 1 1 
0.875 1.08851e-10 2.80364e-08 0.0025 0.25 0.1795 1.795 0.02 437 4 1 1 
0.885 1.98192e-11 5.30224e-09 0.0025 0.25 0.1795 1.795 0.02 438 4 1 1 
0.895 3.46125e-12 9.61805e-10 0.0025 0.25 0.1795 1.795 0.02 439 4 1 1 
0.905 5.67397e-13 1.63482e-10 0.0025 0.25 0.1795 1.795 0.02 440 4 1 1 
0.915 8.73294e-14 3.08944e-11 0.0025 0.25 0.1795 1.795 0.02 441 4 1 1 
0.925 4.03621e-15 2.06057e-12 0.0025 0.25 0.1795 1.795 0.02 442 5 1 1 
0.935 -1.29423e-15 3.83693e-13 0.0025 0.25 0.1795 1.795 0.02 443 5 1 1 
0.945 -1.98414e-15 1.84741e-13 0.0025 0.25 0.1795 1.795 0.02 444 5 1 1 
0.955 -4.67823e-15 4.26326e-14 0.0025 0.25 0.1795 1.795 0.02 445 5 1 1 
0.965 8.16958e-15 -1.13687e-13 0.0025 0.25 0.1795 1.795 0.02 446 5 1 1 
0.975 1.20969e-15 -4.26326e-14 0.0025 0.25 0.1795 1.795 0.02 447 5 1 1 
0.985 -1.35716e-16 2.13163e-13 0.0025 0.25 0.1795 1.795 0.02 448 5 1 1 
0.995 -9.00548e-15 3.41061e-13 0.0025 0.25 0.1795 1.795 0.02 449 3 1 1 
1.005 9.00548e-15 -3.41061e-13 0.0025 0.25 0.1795 1.795 0.02 450 3 1 1 
1.015 1.35716e-16 -2.13163e-13 0.0025 0.25 0.1795 1.795 0.02 451 5 1 1 
1.025 -1.20969e-15 4.26326e-14 0.0025 0.25 0.1795 1.795 0.02 452 5 1 1 
1.035 -8.16958e-15 1.13687e-13 0.0025 0.25 0.1795 1.795 0.02 453 5 1 1 
1.045 4.67823e-15 -4.26326e-14 0.0025 0.25 0.1795 1.795 0.02 454 5 1 1 
1.055 1.98414e-15 -1.84741e-13 0.0025 0.25 0.1795 1.795 0.02 455 5 1 1 
1.065 1.34646e-15 -3.2685e-13 0.0025 0.25 0.1795 1.795 0.02 456 5 1 1 
1.075 -3.70974e-15 -1.93268e-12 0.0025 0.25 0.1795 1.795 0.02 457 5 1 1 
1.085 -7.17442e-14 -2.84786e-11 0.0025 0.25 0.1795 1.795 0.02 458 4 1 1 
1.095 -5.85208e-13 -1.68981e-10 0.0025 0.25 0.1795 1.795 0.02 459 4 1 1 
1.105 -3.44346e-12 -9.56717e-10 0.0025 0.25 0.1795 1.795 0.02 460 4 1 1 
1.115 -1.98278e-11 -5.30561e-09 0.0025 0.25 0.1795 1.795 0.02 461 4 1 1 
1.125 -1.08846e-10 -2.80383e-08 0.0025 0.25 0.1795 1.795 0.02 462 4 1 1 
1.135 -5.72381e-10 -1.42166e-07 0.0025 0.25 0.1795 1.795 0.02 463 4 1 1 
1.145 -2.89026e-09 -6.94303e-07 0.0025 0.25 0.1795 1.795 0.02 464 4 1 1 
1.155 -1.40721e-08 -3.28133e-06 0.0025 0.25 0.1795 1.795 0.02 465 4 1 1 
1.165 -6.63247e-08 -1.50648e-05 0.0025 0.25 0.1795 1.795 0.02 466 4 1 1 
1.175 -3.02571e-07 -6.66266e-05 0.0025 0.25 0.1795 1.795 0.02 467 4 1 1 
1.185 -1.30176e-06 -0.000269371 0.0025 0.25 0.1795 1.795 0.02 468 4 1 1 
1.195 -4.44393e-06 -0.000645272 0.0025 0.25 0.1795 1.795 0.02 469 3 1 1 
1.205 1.11524e-05 0.011245 0.0025 0.249991 0.179491 1.79497 0.0200007 470 5 1 1 
1.215 0.000251576 0.0378627 0.0025 0.249992 0.179492 1.79498 0.0200006 471 4 1 0.999968 
1.225 -0.00118526 -0.810941 0.0025 0.250706 0.180205 1.79702 0.0199437 472 4 1 0.9984 
1.23494 -0.0223971 -6.99102 0.0025 0.256136 0.185744 1.81312 0.0195208 473 4 1 0.98507 
1.24454 -0.116804 -21.9566 0.0025 0.27598 0.206866 1.87421 0.0181173 474 4 1 0.962496 
1.25316 -0.304031 -30.7188 0.0025 0.317064 0.253437 1.9984 0.0157697 475 4 1 0.966013 
1.26046 -0.485361 -20.9405 0.0025 0.36818 0.315237 2.14033 0.0135803 476 4 1 0.983653 
1.26682 -0.58464 -9.77381 0.0025 0.409184 0.367034 2.24228 0.0122195 477 4 1 0.993849 
1.2727 -0.633093 -5.11611 0.0025 0.433834 0.398803 2.29802 0.0115251 478 4 1 0.998291 
1.27835 -0.657011 -2.22465 0.0025 0.447086 0.416078 2.32654 0.0111835 479 4 1 0.999652 
1.28389 -0.666999 -0.910961 0.0025 0.453208 0.424116 2.33949 0.0110325 480 4 1 0.999946 
1.28938 -0.67092 -0.328929 0.0025 0.455684 0.427396 2.34479 0.0109725 481 4 1 0.999993 
1.29486 -0.672308 -0.113529 0.0025 0.456576 0.428607 2.34685 0.0109511 482 4 1 0.999999 
1.30033 -0.672781 -0.0375035 0.0025 0.456854 0.429023 2.3477 0.0109444 483 4 1 1 
1.3058 -0.672944 -0.012695 0.0025 0.456911 0.42916 2.34816 0.010943 484 3 1 1 
1.31127 -0.673007 -0.00463304 0.0025 0.456887 0.429204 2.34852 0.0109436 485 4 1 1 
1.31675 -0.673037 -0.00184646 0.0025 0.456827 0.429218 2.34891 0.0109451 486 4 1 1 
1.32222 -0.673057 -0.00078486 0.0025 0.456741 0.429221 2.34937 0.0109471 487 4 1 1 
1.32769 -0.673073 -0.000244423 0.0025 0.45663 0.42922 2.34993 0.0109498 488 4 1 1 
1.33317 -0.673088 0.000115453 0.0025 0.456486 0.429215 2.35065 0.0109532 489 4 1 1 
1.33865 -0.673103 0.00040264 0.0025 0.4563 0.429207 2.35156 0.0109577 490 4 1 1 
1.34413 -0.673117 0.000656506 0.0025 0.456053 0.429193 2.35276 0.0109636 491 4 1 0.999999 
1.34961 -0.673132 0.000898307 0.0025 0.455719 0.42917 2.35436 0.0109717 492 4 1 0.999999 
1.3551 -0.673148 0.00114599 0.0025 0.455248 0.429128 2.35656 0.010983 493 4 1 0.999997 
1.36059 -0.673164 0.00141273 0.0025 0.454551 0.429047 2.35973 0.0109999 494 4 1 0.999994 
1.3661 -0.67318 0.00170495 0.0025 0.453465 0.428913 2.36464 0.0110262 495 4 1 0.999986 
1.37162 -0.673198 0.00202321 0.0025 0.451843 0.428959 2.37338 0.0110658 496 4 1 0.999967 
1.37716 -0.673216 0.00236619 0.0025 0.450249 0.430635 2.39109 0.011105 497 5 1 0.998658 
1.38273 -0.673236 0.00273269 0.0025 0.458867 0.450105 2.45226 0.0108964 498 4 1 0.993694 
1.38807 -0.673256 0.00310784 0.0025 0.481359 0.415645 2.1587 0.0103873 499 4 1 0.9937 
