# Time [s]: 5.07496e+12
# Columns: pos [pc], vel [pc/s], acc [pc/s^2], mass [Msun], dens [g/cm^3], pres [barye], ene [erg/g], sml [pc], id, neighbor, alpha, gradh, ...additional?
4.29408e+16 -673.268 1.07777e-13 4.97118e+27 0.000506907 4.40291 21714.6 3.04395e+14 0 4 1 0.994707 
4.30894e+16 -673.287 1.20039e-13 4.97118e+27 0.000530997 4.11601 19378.7 2.90586e+14 1 4 1 0.999668 
4.32316e+16 -673.308 1.32883e-13 4.97118e+27 0.000544124 4.27073 19622 2.83575e+14 2 4 1 0.999987 
4.3373e+16 -673.33 1.46883e-13 4.97118e+27 0.000545747 4.28821 19643.7 2.82732e+14 3 4 1 0.999999 
4.35143e+16 -673.353 1.62255e-13 4.97118e+27 0.000546163 4.29071 19640.3 2.82517e+14 4 4 1 1 
4.36555e+16 -673.38 1.79403e-13 4.97118e+27 0.000546259 4.29121 19639.1 2.82467e+14 5 4 1 1 
4.37968e+16 -673.408 1.98964e-13 4.97118e+27 0.000546282 4.29117 19638.1 2.82455e+14 6 4 1 1 
4.3938e+16 -673.44 2.21456e-13 4.97118e+27 0.000546288 4.29102 19637.2 2.82452e+14 7 3 1 1 
4.40792e+16 -673.474 2.4712e-13 4.97118e+27 0.000546287 4.29084 19636.4 2.82452e+14 8 4 1 1 
4.42204e+16 -673.513 2.76136e-13 4.97118e+27 0.000546282 4.29063 19635.6 2.82455e+14 9 4 1 1 
4.43617e+16 -673.555 3.08909e-13 4.97118e+27 0.000546272 4.29039 19634.8 2.8246e+14 10 4 1 1 
4.45029e+16 -673.603 3.462e-13 4.97118e+27 0.000546258 4.29012 19634.1 2.82467e+14 11 4 1 1 
4.46441e+16 -673.656 3.88997e-13 4.97118e+27 0.00054624 4.28982 19633.4 2.82477e+14 12 4 1 1 
4.47854e+16 -673.715 4.37888e-13 4.97118e+27 0.000546216 4.28948 19632.7 2.82489e+14 13 4 1 1 
4.49266e+16 -673.781 4.927e-13 4.97118e+27 0.000546188 4.2891 19632 2.82503e+14 14 4 1 1 
4.50679e+16 -673.855 5.53507e-13 4.97118e+27 0.000546155 4.28868 19631.2 2.8252e+14 15 4 1 1 
4.52091e+16 -673.937 6.21457e-13 4.97118e+27 0.000546117 4.2882 19630.4 2.8254e+14 16 4 1 1 
4.53504e+16 -674.029 6.97802e-13 4.97118e+27 0.000546072 4.28766 19629.5 2.82564e+14 17 4 1 1 
4.54917e+16 -674.133 7.85175e-13 4.97118e+27 0.00054602 4.28705 19628.6 2.8259e+14 18 4 1 1 
4.5633e+16 -674.252 8.92628e-13 4.97118e+27 0.000545961 4.28635 19627.6 2.82621e+14 19 4 1 1 
4.57743e+16 -674.388 1.03462e-12 4.97118e+27 0.000545891 4.28554 19626.4 2.82657e+14 20 4 1 1 
4.59157e+16 -674.547 1.22319e-12 4.97118e+27 0.000545807 4.28459 19625 2.82701e+14 21 4 1 1 
4.6057e+16 -674.738 1.47161e-12 4.97118e+27 0.000545705 4.28344 19623.4 2.82754e+14 22 4 1 1 
4.61984e+16 -674.971 1.8038e-12 4.97118e+27 0.000545579 4.28203 19621.5 2.82819e+14 23 4 1 1 
-1.53802e+16 -675.258 2.2364e-12 4.97118e+27 0.000545423 4.28029 19619.1 2.829e+14 24 4 1 1 
-1.52387e+16 -675.613 2.75478e-12 4.97118e+27 0.000545231 4.27815 19616.3 2.83e+14 25 4 1 1 
-1.50972e+16 -676.045 3.32874e-12 4.97118e+27 0.000544999 4.27559 19612.8 2.8312e+14 26 4 1 0.999999 
-1.49556e+16 -676.554 3.90414e-12 4.97118e+27 0.00054473 4.27262 19608.9 2.83259e+14 27 4 1 0.999999 
-1.48139e+16 -677.121 4.31875e-12 4.97118e+27 0.000544436 4.26936 19604.5 2.83413e+14 28 4 1 0.999999 
-1.46722e+16 -677.711 4.35872e-12 4.97118e+27 0.000544138 4.26608 19600.2 2.83568e+14 29 4 1 0.999999 
-1.45303e+16 -678.261 3.85875e-12 4.97118e+27 0.000543874 4.26317 19596.3 2.83705e+14 30 4 1 0.999999 
-1.43885e+16 -678.707 2.94144e-12 4.97118e+27 0.00054369 4.26113 19593.6 2.83802e+14 31 4 1 1 
-1.42465e+16 -678.859 1.63014e-12 4.97118e+27 0.000543576 4.25986 19591.9 2.83861e+14 32 5 1 0.999999 
-1.41046e+16 -679.15 -2.15452e-12 4.97118e+27 0.000543777 4.26198 19594.6 2.83756e+14 33 4 1 0.999959 
-1.39628e+16 -676.263 -4.19615e-11 4.97118e+27 0.000545546 4.28133 19619.9 2.82836e+14 34 4 1 0.999769 
-1.38218e+16 -667.563 -8.58488e-11 4.97118e+27 0.00055004 4.33079 19684.4 2.80525e+14 35 4 1 0.999495 
-1.36822e+16 -653.834 -1.18818e-10 4.97118e+27 0.000557074 4.40856 19784.7 2.76983e+14 36 4 1 0.999288 
-1.35448e+16 -637.096 -1.3706e-10 4.97118e+27 0.000565795 4.50552 19908.1 2.72714e+14 37 4 1 0.99922 
-1.34095e+16 -619.221 -1.4143e-10 4.97118e+27 0.000575254 4.61136 20040.5 2.68229e+14 38 4 1 0.999272 
-1.32765e+16 -601.868 -1.35018e-10 4.97118e+27 0.000584648 4.71714 20170.8 2.6392e+14 39 4 1 0.999371 
-1.31456e+16 -585.813 -1.25747e-10 4.97118e+27 0.000593539 4.81786 20292.9 2.59966e+14 40 4 1 0.999439 
-1.30165e+16 -570.92 -1.21913e-10 4.97118e+27 0.000601992 4.91415 20407.9 2.56316e+14 41 4 1 0.999449 
-1.28892e+16 -556.225 -1.25863e-10 4.97118e+27 0.000610403 5.01052 20521.4 2.52784e+14 42 4 1 0.99941 
-1.27637e+16 -540.977 -1.35229e-10 4.97118e+27 0.000619181 5.11165 20638.9 2.492e+14 43 4 1 0.999351 
-1.264e+16 -524.815 -1.45641e-10 4.97118e+27 0.000628531 5.22003 20763 2.45493e+14 44 4 1 0.999292 
-1.25182e+16 -507.837 -1.55523e-10 4.97118e+27 0.00063847 5.33597 20893.7 2.41671e+14 45 4 1 0.999254 
-1.23983e+16 -490.258 -1.62128e-10 4.97118e+27 0.000648883 5.45819 21029.3 2.37793e+14 46 4 1 0.999235 
-1.22804e+16 -472.369 -1.67519e-10 4.97118e+27 0.000659624 5.58511 21167.9 2.33921e+14 47 4 1 0.999231 
-1.21644e+16 -454.353 -1.71129e-10 4.97118e+27 0.000670592 5.71554 21307.9 2.30095e+14 48 4 1 0.999239 
-1.20503e+16 -436.354 -1.73826e-10 4.97118e+27 0.000681696 5.84848 21448.3 2.26347e+14 49 4 1 0.999253 
-1.1938e+16 -418.497 -1.75912e-10 4.97118e+27 0.000692883 5.98328 21588.4 2.22693e+14 50 4 1 0.999273 
-1.18276e+16 -400.782 -1.77016e-10 4.97118e+27 0.000704104 6.11937 21727.6 2.19144e+14 51 4 1 0.999293 
-1.17189e+16 -383.292 -1.78539e-10 4.97118e+27 0.000715338 6.25649 21865.6 2.15702e+14 52 4 1 0.999316 
-1.16119e+16 -366.021 -1.79049e-10 4.97118e+27 0.000726567 6.39442 22002.2 2.12368e+14 53 4 1 0.999337 
-1.15065e+16 -349.004 -1.80212e-10 4.97118e+27 0.000737781 6.533 22137.4 2.09141e+14 54 4 1 0.999359 
-1.14027e+16 -332.225 -1.80664e-10 4.97118e+27 0.000748975 6.67219 22271.1 2.06015e+14 55 4 1 0.999381 
-1.13005e+16 -315.666 -1.812e-10 4.97118e+27 0.000760136 6.81179 22403.3 2.0299e+14 56 4 1 0.999401 
-1.11997e+16 -299.358 -1.81874e-10 4.97118e+27 0.000771268 6.95185 22533.9 2.0006e+14 57 4 1 0.999421 
-1.11004e+16 -283.284 -1.8238e-10 4.97118e+27 0.000782371 7.09236 22663.1 1.97221e+14 58 4 1 0.99944 
-1.10025e+16 -267.432 -1.82832e-10 4.97118e+27 0.000793441 7.23324 22790.8 1.9447e+14 59 4 1 0.999459 
-1.09059e+16 -251.833 -1.83213e-10 4.97118e+27 0.000804473 7.37443 22917 1.91802e+14 60 4 1 0.999477 
-1.08107e+16 -236.422 -1.83336e-10 4.97118e+27 0.000815463 7.51584 23041.7 1.89218e+14 61 4 1 0.999494 
-1.07167e+16 -221.244 -1.83936e-10 4.97118e+27 0.000826414 7.65752 23165 1.8671e+14 62 4 1 0.99951 
-1.0624e+16 -206.302 -1.84001e-10 4.97118e+27 0.000837327 7.79945 23286.8 1.84277e+14 63 4 1 0.999526 
-1.05324e+16 -191.544 -1.84341e-10 4.97118e+27 0.000848195 7.94155 23407.3 1.81916e+14 64 4 1 0.999541 
-1.0442e+16 -177.019 -1.84555e-10 4.97118e+27 0.000859023 8.08384 23526.3 1.79623e+14 65 4 1 0.999557 
-1.03528e+16 -162.682 -1.84437e-10 4.97118e+27 0.000869802 8.22619 23643.9 1.77397e+14 66 4 1 0.999571 
-1.02646e+16 -148.544 -1.84778e-10 4.97118e+27 0.000880533 8.36862 23760.2 1.75235e+14 67 4 1 0.999584 
-1.01775e+16 -134.625 -1.84746e-10 4.97118e+27 0.000891219 8.51115 23875.1 1.73134e+14 68 4 1 0.999598 
-1.00915e+16 -120.901 -1.84527e-10 4.97118e+27 0.000901849 8.65361 23988.6 1.71093e+14 69 4 1 0.999611 
-1.00064e+16 -107.377 -1.84543e-10 4.97118e+27 0.000912424 8.79599 24100.7 1.6911e+14 70 4 1 0.999623 
-9.92237e+15 -94.0264 -1.85081e-10 4.97118e+27 0.000922954 8.93845 24211.6 1.67181e+14 71 4 1 0.999639 
-9.83925e+15 -80.8767 -1.82834e-10 4.97118e+27 0.000933383 9.08021 24320.6 1.65313e+14 72 4 1 0.999664 
-9.75705e+15 -68.1959 -1.76838e-10 4.97118e+27 0.000943583 9.21936 24426.5 1.63526e+14 73 4 1 0.99967 
-9.67572e+15 -55.8932 -1.8071e-10 4.97118e+27 0.000953721 9.35813 24531 1.61787e+14 74 4 1 0.999636 
-9.59526e+15 -42.8153 -2.03563e-10 4.97118e+27 0.000964376 9.50506 24640.5 1.6e+14 75 4 1 0.999661 
-9.51571e+15 -29.119 -1.91606e-10 4.97118e+27 0.000975049 9.65348 24749.9 1.58248e+14 76 4 1 0.999835 
-9.437e+15 -19.0419 -1.00387e-10 4.97118e+27 0.000983251 9.76706 24832.5 1.56928e+14 77 4 1 0.999904 
-9.35878e+15 -13.8839 -7.69835e-11 4.97118e+27 0.000989035 9.84555 24889.2 1.56011e+14 78 4 1 0.999694 
-9.28099e+15 -3.77593 -2.5159e-10 4.97118e+27 0.000998291 9.97479 24982.5 1.54564e+14 79 4 1 0.999357 
-9.20421e+15 16.3181 -3.29286e-10 4.97118e+27 0.00101294 10.1836 25131 1.52329e+14 80 4 1 0.999787 
-9.12865e+15 30.6795 -1.02581e-10 4.97118e+27 0.00102408 10.3414 25241.4 1.50671e+14 81 4 1 1.00001 
-9.05354e+15 32.1862 1.51221e-11 4.97118e+27 0.00102671 10.3768 25265.9 1.50286e+14 82 3 1 1 
-8.97837e+15 30.3327 3.50286e-11 4.97118e+27 0.00102522 10.3552 25250.9 1.50504e+14 83 4 1 0.999996 
-8.90304e+15 27.5955 4.59963e-11 4.97118e+27 0.00102279 10.3208 25226.8 1.50862e+14 84 4 1 0.999985 
-8.82751e+15 24.3444 5.28412e-11 4.97118e+27 0.00101996 10.2807 25198.8 1.51281e+14 85 4 1 0.999978 
-8.75175e+15 20.8175 5.6082e-11 4.97118e+27 0.00101694 10.2381 25168.8 1.51729e+14 86 4 1 0.999974 
-8.67578e+15 17.2476 5.56342e-11 4.97118e+27 0.00101394 10.1958 25139 1.52178e+14 87 4 1 0.999974 
-8.59958e+15 13.8449 5.20576e-11 4.97118e+27 0.00101112 10.156 25110.9 1.52603e+14 88 4 1 0.999976 
-8.52317e+15 10.772 4.62102e-11 4.97118e+27 0.0010086 10.1206 25085.8 1.52984e+14 89 4 1 0.999981 
-8.44659e+15 8.13 3.91049e-11 4.97118e+27 0.00100646 10.0905 25064.4 1.5331e+14 90 4 1 0.999986 
-8.36986e+15 5.95809 3.1683e-11 4.97118e+27 0.00100471 10.066 25047 1.53576e+14 91 4 1 0.99999 
-8.29302e+15 4.24442 2.46704e-11 4.97118e+27 0.00100334 10.0468 25033.4 1.53786e+14 92 4 1 0.999994 
-8.21608e+15 2.94226 1.85228e-11 4.97118e+27 0.00100231 10.0323 25023 1.53944e+14 93 4 1 0.999997 
-8.13907e+15 1.98652 1.34467e-11 4.97118e+27 0.00100155 10.0217 25015.5 1.5406e+14 94 4 1 0.999998 
-8.06202e+15 1.30734 9.45941e-12 4.97118e+27 0.00100102 10.0142 25010.2 1.54143e+14 95 4 1 0.999999 
-7.98493e+15 0.839112 6.45959e-12 4.97118e+27 0.00100065 10.0091 25006.5 1.54199e+14 96 4 1 1 
-7.90782e+15 0.525504 4.28751e-12 4.97118e+27 0.00100041 10.0057 25004.1 1.54237e+14 97 4 1 1 
-7.83069e+15 0.321207 2.76873e-12 4.97118e+27 0.00100025 10.0035 25002.5 1.54262e+14 98 4 1 1 
-7.75356e+15 0.191659 1.74074e-12 4.97118e+27 0.00100015 10.0021 25001.5 1.54277e+14 99 4 1 1 
-7.67641e+15 0.111649 1.06604e-12 4.97118e+27 0.00100009 10.0012 25000.9 1.54287e+14 100 4 1 1 
-7.59927e+15 0.0635004 6.36139e-13 4.97118e+27 0.00100005 10.0007 25000.5 1.54292e+14 101 4 1 1 
-7.52212e+15 0.035261 3.69967e-13 4.97118e+27 0.00100003 10.0004 25000.3 1.54296e+14 102 4 1 1 
-7.44497e+15 0.0191156 2.09736e-13 4.97118e+27 0.00100001 10.0002 25000.1 1.54298e+14 103 4 1 1 
-7.36782e+15 0.0101163 1.15908e-13 4.97118e+27 0.00100001 10.0001 25000.1 1.54299e+14 104 4 1 1 
-7.29067e+15 0.00522583 6.24458e-14 4.97118e+27 0.001 10.0001 25000 1.54299e+14 105 4 1 1 
-7.21352e+15 0.00263469 3.27973e-14 4.97118e+27 0.001 10 25000 1.543e+14 106 4 1 1 
-7.13637e+15 0.00129622 1.67918e-14 4.97118e+27 0.001 10 25000 1.543e+14 107 4 1 1 
-7.05922e+15 0.000622189 8.38002e-15 4.97118e+27 0.001 10 25000 1.543e+14 108 4 1 1 
-6.98207e+15 0.00029132 4.07599e-15 4.97118e+27 0.001 10 25000 1.543e+14 109 4 1 1 
-6.90492e+15 0.00013302 1.93193e-15 4.97118e+27 0.001 10 25000 1.543e+14 110 4 1 1 
-6.82777e+15 5.92168e-05 8.92154e-16 4.97118e+27 0.001 10 25000 1.543e+14 111 4 1 1 
-6.75062e+15 2.56928e-05 4.01304e-16 4.97118e+27 0.001 10 25000 1.543e+14 112 4 1 1 
-6.67347e+15 1.08608e-05 1.75781e-16 4.97118e+27 0.001 10 25000 1.543e+14 113 4 1 1 
-6.59632e+15 4.47107e-06 7.49529e-17 4.97118e+27 0.001 10 25000 1.543e+14 114 4 1 1 
-6.51917e+15 1.79167e-06 3.10994e-17 4.97118e+27 0.001 10 25000 1.543e+14 115 4 1 1 
-6.44202e+15 6.98494e-07 1.25507e-17 4.97118e+27 0.001 10 25000 1.543e+14 116 4 1 1 
-6.36487e+15 2.64775e-07 4.92362e-18 4.97118e+27 0.001 10 25000 1.543e+14 117 4 1 1 
-6.28772e+15 9.74973e-08 1.87693e-18 4.97118e+27 0.001 10 25000 1.543e+14 118 4 1 1 
-6.21057e+15 3.48485e-08 6.94287e-19 4.97118e+27 0.001 10 25000 1.543e+14 119 4 1 1 
-6.13342e+15 1.2075e-08 2.49481e-19 4.97118e+27 0.001 10 25000 1.543e+14 120 4 1 1 
-6.05627e+15 4.07025e-09 8.6293e-20 4.97118e+27 0.001 10 25000 1.543e+14 121 4 1 1 
-5.97912e+15 1.31921e-09 2.92561e-20 4.97118e+27 0.001 10 25000 1.543e+14 122 4 1 1 
-5.90197e+15 4.08837e-10 9.5617e-21 4.97118e+27 0.001 10 25000 1.543e+14 123 4 1 1 
-5.82482e+15 1.31574e-10 3.16452e-21 4.97118e+27 0.001 10 25000 1.543e+14 124 4 1 1 
-5.74767e+15 3.05444e-11 6.889e-22 4.97118e+27 0.001 10 25000 1.543e+14 125 4 1 1 
-5.67052e+15 5.57214e-12 3.94183e-22 4.97118e+27 0.001 10 25000 1.543e+14 126 4 1 1 
-5.59337e+15 -3.48051e-14 -1.47358e-23 4.97118e+27 0.001 10 25000 1.543e+14 127 5 1 1 
-5.51622e+15 -1.20823e-29 -1.27813e-39 4.97118e+27 0.001 10 25000 1.543e+14 128 5 1 1 
-5.43907e+15 0 0 4.97118e+27 0.001 10 25000 1.543e+14 129 5 1 1 
-5.36192e+15 0 0 4.97118e+27 0.001 10 25000 1.543e+14 130 5 1 1 
-5.28477e+15 0 0 4.97118e+27 0.001 10 25000 1.543e+14 131 5 1 1 
-5.20762e+15 0 0 4.97118e+27 0.001 10 25000 1.543e+14 132 5 1 1 
-5.13047e+15 0 0 4.97118e+27 0.001 10 25000 1.543e+14 133 5 1 1 
-5.05332e+15 0 0 4.97118e+27 0.001 10 25000 1.543e+14 134 5 1 1 
-4.97617e+15 0 0 4.97118e+27 0.001 10 25000 1.543e+14 135 5 1 1 
-4.89902e+15 0 0 4.97118e+27 0.001 10 25000 1.543e+14 136 5 1 1 
-4.82187e+15 0 0 4.97118e+27 0.001 10 25000 1.543e+14 137 5 1 1 
-4.74472e+15 0 0 4.97118e+27 0.001 10 25000 1.543e+14 138 5 1 1 
-4.66757e+15 0 0 4.97118e+27 0.001 10 25000 1.543e+14 139 5 1 1 
-4.59042e+15 0 0 4.97118e+27 0.001 10 25000 1.543e+14 140 5 1 1 
-4.51327e+15 0 0 4.97118e+27 0.001 10 25000 1.543e+14 141 5 1 1 
-4.43612e+15 0 0 4.97118e+27 0.001 10 25000 1.543e+14 142 5 1 1 
-4.35897e+15 0 0 4.97118e+27 0.001 10 25000 1.543e+14 143 5 1 1 
-4.28182e+15 0 0 4.97118e+27 0.001 10 25000 1.543e+14 144 5 1 1 
-4.20467e+15 0 0 4.97118e+27 0.001 10 25000 1.543e+14 145 5 1 1 
-4.12752e+15 0 0 4.97118e+27 0.001 10 25000 1.543e+14 146 5 1 1 
-4.05037e+15 0 0 4.97118e+27 0.001 10 25000 1.543e+14 147 5 1 1 
-3.97322e+15 0 0 4.97118e+27 0.001 10 25000 1.543e+14 148 5 1 1 
-3.89607e+15 0 0 4.97118e+27 0.001 10 25000 1.543e+14 149 5 1 1 
-3.81892e+15 0 0 4.97118e+27 0.001 10 25000 1.543e+14 150 5 1 1 
-3.74177e+15 0 0 4.97118e+27 0.001 10 25000 1.543e+14 151 5 1 1 
-3.66462e+15 0 0 4.97118e+27 0.001 10 25000 1.543e+14 152 5 1 1 
-3.58747e+15 0 0 4.97118e+27 0.001 10 25000 1.543e+14 153 5 1 1 
-3.51032e+15 0 0 4.97118e+27 0.001 10 25000 1.543e+14 154 5 1 1 
-3.43317e+15 0 0 4.97118e+27 0.001 10 25000 1.543e+14 155 5 1 1 
-3.35602e+15 0 0 4.97118e+27 0.001 10 25000 1.543e+14 156 5 1 1 
-3.27887e+15 0 0 4.97118e+27 0.001 10 25000 1.543e+14 157 5 1 1 
-3.20172e+15 0 0 4.97118e+27 0.001 10 25000 1.543e+14 158 5 1 1 
-3.12457e+15 0 0 4.97118e+27 0.001 10 25000 1.543e+14 159 5 1 1 
-3.04742e+15 0 0 4.97118e+27 0.001 10 25000 1.543e+14 160 5 1 1 
-2.97027e+15 0 0 4.97118e+27 0.001 10 25000 1.543e+14 161 5 1 1 
-2.89312e+15 0 0 4.97118e+27 0.001 10 25000 1.543e+14 162 5 1 1 
-2.81597e+15 0 0 4.97118e+27 0.001 10 25000 1.543e+14 163 5 1 1 
-2.73882e+15 0 0 4.97118e+27 0.001 10 25000 1.543e+14 164 5 1 1 
-2.66167e+15 0 0 4.97118e+27 0.001 10 25000 1.543e+14 165 5 1 1 
-2.58452e+15 0 0 4.97118e+27 0.001 10 25000 1.543e+14 166 5 1 1 
-2.50737e+15 0 0 4.97118e+27 0.001 10 25000 1.543e+14 167 5 1 1 
-2.43022e+15 0 0 4.97118e+27 0.001 10 25000 1.543e+14 168 5 1 1 
-2.35307e+15 0 0 4.97118e+27 0.001 10 25000 1.543e+14 169 5 1 1 
-2.27592e+15 0 0 4.97118e+27 0.001 10 25000 1.543e+14 170 5 1 1 
-2.19877e+15 0 0 4.97118e+27 0.001 10 25000 1.543e+14 171 5 1 1 
-2.12162e+15 0 0 4.97118e+27 0.001 10 25000 1.543e+14 172 5 1 1 
-2.04447e+15 -2.7094e-43 -3.63266e-55 4.97118e+27 0.001 10 25000 1.543e+14 173 5 1 1 
-1.96732e+15 -1.04199e-13 -3.63266e-55 4.97118e+27 0.001 10 25000 1.543e+14 174 5 1 1 
-1.89017e+15 -2.42604e-13 0 4.97118e+27 0.001 10 25000 1.543e+14 175 5 1 1 
-1.81302e+15 -3.80393e-13 0 4.97118e+27 0.001 10 25000 1.543e+14 176 5 1 1 
-1.73587e+15 -5.17443e-13 0 4.97118e+27 0.001 10 25000 1.543e+14 177 5 1 1 
-1.65872e+15 -6.1882e-13 0 4.97118e+27 0.001 10 25000 1.543e+14 178 5 1 1 
-1.58157e+15 -7.88258e-13 0 4.97118e+27 0.001 10 25000 1.543e+14 179 5 1 1 
-1.50442e+15 -9.5614e-13 0 4.97118e+27 0.001 10 25000 1.543e+14 180 5 1 1 
-1.42727e+15 -1.12228e-12 0 4.97118e+27 0.001 10 25000 1.543e+14 181 5 1 1 
-1.35012e+15 -1.28541e-12 -3.63266e-55 4.97118e+27 0.001 10 25000 1.543e+14 182 5 1 1 
-1.27297e+15 -1.44403e-12 -3.63266e-55 4.97118e+27 0.001 10 25000 1.543e+14 183 5 1 1 
-1.19582e+15 -1.97495e-12 1.27813e-39 4.97118e+27 0.001 10 25000 1.543e+14 184 5 1 1 
-1.11867e+15 2.55568e-13 -1.47358e-23 4.97118e+27 0.001 10 25000 1.543e+14 185 5 1 1 
-1.04152e+15 -5.65635e-12 -1.84198e-23 4.97118e+27 0.001 10 25000 1.543e+14 186 4 1 1 
-9.64375e+14 6.82684e-13 3.49976e-23 4.97118e+27 0.001 10 25000 1.543e+14 187 3 1 1 
-8.87225e+14 -1.07721e-12 -1.84198e-24 4.97118e+27 0.001 10 25000 1.543e+14 188 4 1 1 
-8.10075e+14 -1.47097e-12 -3.68395e-24 4.97118e+27 0.001 10 25000 1.543e+14 189 4 1 1 
-7.32925e+14 -2.72296e-12 -2.58821e-38 4.97118e+27 0.001 10 25000 1.543e+14 190 3 1 1 
-6.55775e+14 -1.20849e-12 -7.36791e-24 4.97118e+27 0.001 10 25000 1.543e+14 191 3 1 1 
-5.78625e+14 -1.76029e-12 2.76297e-23 4.97118e+27 0.001 10 25000 1.543e+14 192 4 1 1 
-5.01475e+14 -1.76443e-12 -1.84198e-23 4.97118e+27 0.001 10 25000 1.543e+14 193 5 1 1 
-4.24325e+14 -1.26232e-12 1.84198e-23 4.97118e+27 0.001 10 25000 1.543e+14 194 5 1 1 
-3.47175e+14 -1.08461e-12 -2.02618e-23 4.97118e+27 0.001 10 25000 1.543e+14 195 4 1 1 
-2.70025e+14 -1.26193e-12 -1.84198e-24 4.97118e+27 0.001 10 25000 1.543e+14 196 4 1 1 
-1.92875e+14 -6.1574e-13 6.71017e-39 4.97118e+27 0.001 10 25000 1.543e+14 197 3 1 1 
-1.15725e+14 -8.54019e-14 1.28938e-23 4.97118e+27 0.001 10 25000 1.543e+14 198 5 1 1 
-3.8575e+13 -1.8965e-13 -9.20989e-24 4.97118e+27 0.001 10 25000 1.543e+14 199 5 1 1 
3.8575e+13 -1.14193e-13 9.20989e-24 4.97118e+27 0.001 10 25000 1.543e+14 200 5 1 1 
1.15725e+14 -2.10164e-13 -9.20989e-24 4.97118e+27 0.001 10 25000 1.543e+14 201 5 1 1 
1.92875e+14 8.5105e-14 1.84198e-24 4.97118e+27 0.001 10 25000 1.543e+14 202 4 1 1 
2.70025e+14 -7.12286e-13 -3.83439e-39 4.97118e+27 0.001 10 25000 1.543e+14 203 4 1 1 
3.47175e+14 6.21111e-13 6.71017e-39 4.97118e+27 0.001 10 25000 1.543e+14 204 4 1 1 
4.24325e+14 -6.30174e-13 -3.68395e-24 4.97118e+27 0.001 10 25000 1.543e+14 205 5 1 1 
5.01475e+14 1.2932e-12 -1.27813e-39 4.97118e+27 0.001 10 25000 1.543e+14 206 5 1 1 
5.78625e+14 2.69568e-12 3.68395e-24 4.97118e+27 0.001 10 25000 1.543e+14 207 5 1 1 
6.55775e+14 2.0252e-12 3.68395e-24 4.97118e+27 0.001 10 25000 1.543e+14 208 5 1 1 
7.32925e+14 2.35914e-12 -1.78938e-38 4.97118e+27 0.001 10 25000 1.543e+14 209 5 1 1 
8.10075e+14 1.0016e-12 -3.61071e-38 4.97118e+27 0.001 10 25000 1.543e+14 210 4 1 1 
8.87225e+14 4.66977e-13 2.03429e-53 4.97118e+27 0.001 10 25000 1.543e+14 211 3 1 1 
9.64375e+14 1.69797e-12 3.61071e-38 4.97118e+27 0.001 10 25000 1.543e+14 212 4 1 1 
1.04153e+15 7.89137e-13 -3.68395e-24 4.97118e+27 0.001 10 25000 1.543e+14 213 5 1 1 
1.11868e+15 2.09434e-12 -1.27813e-39 4.97118e+27 0.001 10 25000 1.543e+14 214 5 1 1 
1.19583e+15 1.67134e-12 -1.45306e-54 4.97118e+27 0.001 10 25000 1.543e+14 215 5 1 1 
1.27298e+15 1.16856e-12 7.26532e-55 4.97118e+27 0.001 10 25000 1.543e+14 216 5 1 1 
1.35013e+15 1.00879e-12 7.26532e-55 4.97118e+27 0.001 10 25000 1.543e+14 217 5 1 1 
1.42728e+15 8.8246e-13 3.63266e-55 4.97118e+27 0.001 10 25000 1.543e+14 218 5 1 1 
1.50443e+15 9.55974e-13 -7.26532e-55 4.97118e+27 0.001 10 25000 1.543e+14 219 5 1 1 
1.58158e+15 7.21207e-13 3.68395e-24 4.97118e+27 0.001 10 25000 1.543e+14 220 5 1 1 
1.65873e+15 1.98457e-13 -3.68395e-24 4.97118e+27 0.001 10 25000 1.543e+14 221 5 1 1 
1.73588e+15 3.07578e-13 3.68395e-24 4.97118e+27 0.001 10 25000 1.543e+14 222 5 1 1 
1.81303e+15 -3.19077e-13 -5.89433e-23 4.97118e+27 0.001 10 25000 1.543e+14 223 3 1 1 
1.89018e+15 5.69164e-12 2.39457e-23 4.97118e+27 0.001 10 25000 1.543e+14 224 3 1 1 
1.96733e+15 1.93216e-12 1.65778e-23 4.97118e+27 0.001 10 25000 1.543e+14 225 5 1 1 
2.04448e+15 7.83395e-13 1.28938e-23 4.97118e+27 0.001 10 25000 1.543e+14 226 5 1 1 
2.12163e+15 1.74115e-13 3.99593e-54 4.97118e+27 0.001 10 25000 1.543e+14 227 5 1 1 
2.19878e+15 1.74125e-14 1.84198e-24 4.97118e+27 0.001 10 25000 1.543e+14 228 5 1 1 
2.27593e+15 3.43401e-45 3.63266e-55 4.97118e+27 0.001 10 25000 1.543e+14 229 5 1 1 
2.35308e+15 0 0 4.97118e+27 0.001 10 25000 1.543e+14 230 5 1 1 
2.43023e+15 0 0 4.97118e+27 0.001 10 25000 1.543e+14 231 5 1 1 
2.50738e+15 0 0 4.97118e+27 0.001 10 25000 1.543e+14 232 5 1 1 
2.58453e+15 0 0 4.97118e+27 0.001 10 25000 1.543e+14 233 5 1 1 
2.66168e+15 0 0 4.97118e+27 0.001 10 25000 1.543e+14 234 5 1 1 
2.73883e+15 0 0 4.97118e+27 0.001 10 25000 1.543e+14 235 5 1 1 
2.81598e+15 0 0 4.97118e+27 0.001 10 25000 1.543e+14 236 5 1 1 
2.89313e+15 -1.43685e-42 -3.63266e-55 4.97118e+27 0.001 10 25000 1.543e+14 237 5 1 1 
2.97028e+15 -1.69188e-13 0 4.97118e+27 0.001 10 25000 1.543e+14 238 5 1 1 
3.04743e+15 -3.37357e-13 3.63266e-55 4.97118e+27 0.001 10 25000 1.543e+14 239 5 1 1 
3.12458e+15 1.58941e-12 0 4.97118e+27 0.001 10 25000 1.543e+14 240 5 1 1 
3.20173e+15 1.42405e-12 1.45306e-54 4.97118e+27 0.001 10 25000 1.543e+14 241 5 1 1 
3.27888e+15 2.56081e-12 -5.08572e-54 4.97118e+27 0.001 10 25000 1.543e+14 242 5 1 1 
3.35603e+15 8.63878e-13 -3.68395e-24 4.97118e+27 0.001 10 25000 1.543e+14 243 5 1 1 
3.43318e+15 7.55785e-13 3.68395e-24 4.97118e+27 0.001 10 25000 1.543e+14 244 5 1 1 
3.51033e+15 -1.42384e-12 1.12612e-53 4.97118e+27 0.001 10 25000 1.543e+14 245 5 1 1 
3.58748e+15 2.54829e-12 -1.84198e-24 4.97118e+27 0.001 10 25000 1.543e+14 246 5 1 1 
3.66463e+15 -2.07721e-13 1.27813e-39 4.97118e+27 0.001 10 25000 1.543e+14 247 5 1 1 
3.74178e+15 -2.09243e-14 -2.31661e-37 4.97118e+27 0.001 10 25000 1.543e+14 248 5 1 1 
3.81893e+15 -3.1251e-12 -2.32939e-37 4.97118e+27 0.001 10 25000 1.543e+14 249 4 1 1 
3.89608e+15 3.1251e-12 2.32939e-37 4.97118e+27 0.001 10 25000 1.543e+14 250 4 1 1 
3.97323e+15 2.09243e-14 2.31661e-37 4.97118e+27 0.001 10 25000 1.543e+14 251 5 1 1 
4.05038e+15 2.07721e-13 -1.27813e-39 4.97118e+27 0.001 10 25000 1.543e+14 252 5 1 1 
4.12753e+15 -2.54829e-12 1.84198e-24 4.97118e+27 0.001 10 25000 1.543e+14 253 5 1 1 
4.20468e+15 1.42384e-12 -1.12612e-53 4.97118e+27 0.001 10 25000 1.543e+14 254 5 1 1 
4.28183e+15 -7.55785e-13 -3.68395e-24 4.97118e+27 0.001 10 25000 1.543e+14 255 5 1 1 
4.35898e+15 -8.63878e-13 3.68395e-24 4.97118e+27 0.001 10 25000 1.543e+14 256 5 1 1 
4.43613e+15 -2.56081e-12 5.08572e-54 4.97118e+27 0.001 10 25000 1.543e+14 257 5 1 1 
4.51328e+15 -1.42405e-12 -1.45306e-54 4.97118e+27 0.001 10 25000 1.543e+14 258 5 1 1 
4.59043e+15 -1.58941e-12 0 4.97118e+27 0.001 10 25000 1.543e+14 259 5 1 1 
4.66758e+15 3.37357e-13 -3.63266e-55 4.97118e+27 0.001 10 25000 1.543e+14 260 5 1 1 
4.74473e+15 1.69188e-13 0 4.97118e+27 0.001 10 25000 1.543e+14 261 5 1 1 
4.82188e+15 1.43685e-42 3.63266e-55 4.97118e+27 0.001 10 25000 1.543e+14 262 5 1 1 
4.89903e+15 0 0 4.97118e+27 0.001 10 25000 1.543e+14 263 5 1 1 
4.97618e+15 0 0 4.97118e+27 0.001 10 25000 1.543e+14 264 5 1 1 
5.05333e+15 0 0 4.97118e+27 0.001 10 25000 1.543e+14 265 5 1 1 
5.13048e+15 0 0 4.97118e+27 0.001 10 25000 1.543e+14 266 5 1 1 
5.20763e+15 0 0 4.97118e+27 0.001 10 25000 1.543e+14 267 5 1 1 
5.28478e+15 0 0 4.97118e+27 0.001 10 25000 1.543e+14 268 5 1 1 
5.36193e+15 0 0 4.97118e+27 0.001 10 25000 1.543e+14 269 5 1 1 
5.43908e+15 0 0 4.97118e+27 0.001 10 25000 1.543e+14 270 5 1 1 
5.51623e+15 1.20823e-29 1.27813e-39 4.97118e+27 0.001 10 25000 1.543e+14 271 5 1 1 
5.59338e+15 1.21881e-13 1.65778e-23 4.97118e+27 0.001 10 25000 1.543e+14 272 5 1 1 
5.67053e+15 -5.2761e-12 -3.88657e-22 4.97118e+27 0.001 10 25000 1.543e+14 273 4 1 1 
5.74768e+15 -2.94647e-11 -6.77848e-22 4.97118e+27 0.001 10 25000 1.543e+14 274 4 1 1 
5.82483e+15 -1.29694e-10 -3.14978e-21 4.97118e+27 0.001 10 25000 1.543e+14 275 4 1 1 
5.90198e+15 -4.05409e-10 -9.53776e-21 4.97118e+27 0.001 10 25000 1.543e+14 276 4 1 1 
5.97912e+15 -1.30664e-09 -2.91935e-20 4.97118e+27 0.001 10 25000 1.543e+14 277 4 1 1 
6.05627e+15 -4.07311e-09 -8.65914e-20 4.97118e+27 0.001 10 25000 1.543e+14 278 4 1 1 
6.13342e+15 -1.20773e-08 -2.48986e-19 4.97118e+27 0.001 10 25000 1.543e+14 279 4 1 1 
6.21057e+15 -3.48535e-08 -6.94845e-19 4.97118e+27 0.001 10 25000 1.543e+14 280 4 1 1 
6.28772e+15 -9.74992e-08 -1.87648e-18 4.97118e+27 0.001 10 25000 1.543e+14 281 4 1 1 
6.36487e+15 -2.64772e-07 -4.9239e-18 4.97118e+27 0.001 10 25000 1.543e+14 282 4 1 1 
6.44202e+15 -6.98487e-07 -1.25506e-17 4.97118e+27 0.001 10 25000 1.543e+14 283 4 1 1 
6.51917e+15 -1.79168e-06 -3.10996e-17 4.97118e+27 0.001 10 25000 1.543e+14 284 4 1 1 
6.59632e+15 -4.47106e-06 -7.49528e-17 4.97118e+27 0.001 10 25000 1.543e+14 285 4 1 1 
6.67347e+15 -1.08608e-05 -1.75781e-16 4.97118e+27 0.001 10 25000 1.543e+14 286 4 1 1 
6.75062e+15 -2.56928e-05 -4.01304e-16 4.97118e+27 0.001 10 25000 1.543e+14 287 4 1 1 
6.82777e+15 -5.92168e-05 -8.92154e-16 4.97118e+27 0.001 10 25000 1.543e+14 288 4 1 1 
6.90492e+15 -0.00013302 -1.93193e-15 4.97118e+27 0.001 10 25000 1.543e+14 289 4 1 1 
6.98207e+15 -0.00029132 -4.07599e-15 4.97118e+27 0.001 10 25000 1.543e+14 290 4 1 1 
7.05922e+15 -0.000622189 -8.38002e-15 4.97118e+27 0.001 10 25000 1.543e+14 291 4 1 1 
7.13637e+15 -0.00129622 -1.67918e-14 4.97118e+27 0.001 10 25000 1.543e+14 292 4 1 1 
7.21352e+15 -0.00263469 -3.27973e-14 4.97118e+27 0.001 10 25000 1.543e+14 293 4 1 1 
7.29067e+15 -0.00522583 -6.24458e-14 4.97118e+27 0.001 10.0001 25000 1.54299e+14 294 4 1 1 
7.36782e+15 -0.0101163 -1.15908e-13 4.97118e+27 0.00100001 10.0001 25000.1 1.54299e+14 295 4 1 1 
7.44497e+15 -0.0191156 -2.09736e-13 4.97118e+27 0.00100001 10.0002 25000.1 1.54298e+14 296 4 1 1 
7.52212e+15 -0.035261 -3.69967e-13 4.97118e+27 0.00100003 10.0004 25000.3 1.54296e+14 297 4 1 1 
7.59927e+15 -0.0635004 -6.36139e-13 4.97118e+27 0.00100005 10.0007 25000.5 1.54292e+14 298 4 1 1 
7.67641e+15 -0.111649 -1.06604e-12 4.97118e+27 0.00100009 10.0012 25000.9 1.54287e+14 299 4 1 1 
7.75356e+15 -0.191659 -1.74074e-12 4.97118e+27 0.00100015 10.0021 25001.5 1.54277e+14 300 4 1 1 
7.83069e+15 -0.321207 -2.76873e-12 4.97118e+27 0.00100025 10.0035 25002.5 1.54262e+14 301 4 1 1 
7.90782e+15 -0.525504 -4.28751e-12 4.97118e+27 0.00100041 10.0057 25004.1 1.54237e+14 302 4 1 1 
7.98493e+15 -0.839112 -6.45959e-12 4.97118e+27 0.00100065 10.0091 25006.5 1.54199e+14 303 4 1 1 
8.06202e+15 -1.30734 -9.45941e-12 4.97118e+27 0.00100102 10.0142 25010.2 1.54143e+14 304 4 1 0.999999 
8.13907e+15 -1.98652 -1.34467e-11 4.97118e+27 0.00100155 10.0217 25015.5 1.5406e+14 305 4 1 0.999998 
8.21608e+15 -2.94226 -1.85228e-11 4.97118e+27 0.00100231 10.0323 25023 1.53944e+14 306 4 1 0.999997 
8.29302e+15 -4.24442 -2.46704e-11 4.97118e+27 0.00100334 10.0468 25033.4 1.53786e+14 307 4 1 0.999994 
8.36986e+15 -5.95809 -3.1683e-11 4.97118e+27 0.00100471 10.066 25047 1.53576e+14 308 4 1 0.99999 
8.44659e+15 -8.13 -3.91049e-11 4.97118e+27 0.00100646 10.0905 25064.4 1.5331e+14 309 4 1 0.999986 
8.52317e+15 -10.772 -4.62102e-11 4.97118e+27 0.0010086 10.1206 25085.8 1.52984e+14 310 4 1 0.999981 
8.59958e+15 -13.8449 -5.20576e-11 4.97118e+27 0.00101112 10.156 25110.9 1.52603e+14 311 4 1 0.999976 
8.67578e+15 -17.2476 -5.56342e-11 4.97118e+27 0.00101394 10.1958 25139 1.52178e+14 312 4 1 0.999974 
8.75175e+15 -20.8175 -5.6082e-11 4.97118e+27 0.00101694 10.2381 25168.8 1.51729e+14 313 4 1 0.999974 
8.82751e+15 -24.3444 -5.28412e-11 4.97118e+27 0.00101996 10.2807 25198.8 1.51281e+14 314 4 1 0.999978 
8.90304e+15 -27.5955 -4.59963e-11 4.97118e+27 0.00102279 10.3208 25226.8 1.50862e+14 315 4 1 0.999985 
8.97837e+15 -30.3327 -3.50286e-11 4.97118e+27 0.00102522 10.3552 25250.9 1.50504e+14 316 4 1 0.999996 
9.05354e+15 -32.1862 -1.51221e-11 4.97118e+27 0.00102671 10.3768 25265.9 1.50286e+14 317 3 1 1 
9.12865e+15 -30.6795 1.02581e-10 4.97118e+27 0.00102408 10.3414 25241.4 1.50671e+14 318 4 1 1.00001 
9.20421e+15 -16.3181 3.29286e-10 4.97118e+27 0.00101294 10.1836 25131 1.52329e+14 319 4 1 0.999787 
9.28099e+15 3.77593 2.5159e-10 4.97118e+27 0.000998291 9.97479 24982.5 1.54564e+14 320 4 1 0.999357 
9.35878e+15 13.8839 7.69835e-11 4.97118e+27 0.000989035 9.84555 24889.2 1.56011e+14 321 4 1 0.999694 
9.437e+15 19.0419 1.00387e-10 4.97118e+27 0.000983251 9.76706 24832.5 1.56928e+14 322 4 1 0.999904 
9.51571e+15 29.119 1.91606e-10 4.97118e+27 0.000975049 9.65348 24749.9 1.58248e+14 323 4 1 0.999835 
9.59526e+15 42.8153 2.03563e-10 4.97118e+27 0.000964376 9.50506 24640.5 1.6e+14 324 4 1 0.999661 
9.67572e+15 55.8932 1.8071e-10 4.97118e+27 0.000953721 9.35813 24531 1.61787e+14 325 4 1 0.999636 
9.75705e+15 68.1959 1.76838e-10 4.97118e+27 0.000943583 9.21936 24426.5 1.63526e+14 326 4 1 0.99967 
9.83925e+15 80.8767 1.82834e-10 4.97118e+27 0.000933383 9.08021 24320.6 1.65313e+14 327 4 1 0.999664 
9.92237e+15 94.0264 1.85081e-10 4.97118e+27 0.000922954 8.93845 24211.6 1.67181e+14 328 4 1 0.999639 
1.00064e+16 107.377 1.84543e-10 4.97118e+27 0.000912424 8.79599 24100.7 1.6911e+14 329 4 1 0.999623 
1.00915e+16 120.901 1.84527e-10 4.97118e+27 0.000901849 8.65361 23988.6 1.71093e+14 330 4 1 0.999611 
1.01775e+16 134.625 1.84746e-10 4.97118e+27 0.000891219 8.51115 23875.1 1.73134e+14 331 4 1 0.999598 
1.02646e+16 148.544 1.84778e-10 4.97118e+27 0.000880533 8.36862 23760.2 1.75235e+14 332 4 1 0.999584 
1.03528e+16 162.682 1.84437e-10 4.97118e+27 0.000869802 8.22619 23643.9 1.77397e+14 333 4 1 0.999571 
1.0442e+16 177.019 1.84555e-10 4.97118e+27 0.000859023 8.08384 23526.3 1.79623e+14 334 4 1 0.999557 
1.05324e+16 191.544 1.84341e-10 4.97118e+27 0.000848195 7.94155 23407.3 1.81916e+14 335 4 1 0.999541 
1.0624e+16 206.302 1.84001e-10 4.97118e+27 0.000837327 7.79945 23286.8 1.84277e+14 336 4 1 0.999526 
1.07167e+16 221.244 1.83936e-10 4.97118e+27 0.000826414 7.65752 23165 1.8671e+14 337 4 1 0.99951 
1.08107e+16 236.422 1.83336e-10 4.97118e+27 0.000815463 7.51584 23041.7 1.89218e+14 338 4 1 0.999494 
1.09059e+16 251.833 1.83213e-10 4.97118e+27 0.000804473 7.37443 22917 1.91802e+14 339 4 1 0.999477 
1.10025e+16 267.432 1.82832e-10 4.97118e+27 0.000793441 7.23324 22790.8 1.9447e+14 340 4 1 0.999459 
1.11004e+16 283.284 1.8238e-10 4.97118e+27 0.000782371 7.09236 22663.1 1.97221e+14 341 4 1 0.99944 
1.11997e+16 299.358 1.81874e-10 4.97118e+27 0.000771268 6.95185 22533.9 2.0006e+14 342 4 1 0.999421 
1.13005e+16 315.666 1.812e-10 4.97118e+27 0.000760136 6.81179 22403.3 2.0299e+14 343 4 1 0.999401 
1.14027e+16 332.225 1.80664e-10 4.97118e+27 0.000748975 6.67219 22271.1 2.06015e+14 344 4 1 0.999381 
1.15065e+16 349.004 1.80212e-10 4.97118e+27 0.000737781 6.533 22137.4 2.09141e+14 345 4 1 0.999359 
1.16119e+16 366.021 1.79049e-10 4.97118e+27 0.000726567 6.39442 22002.2 2.12368e+14 346 4 1 0.999337 
1.17189e+16 383.292 1.78539e-10 4.97118e+27 0.000715338 6.25649 21865.6 2.15702e+14 347 4 1 0.999316 
1.18276e+16 400.782 1.77016e-10 4.97118e+27 0.000704104 6.11937 21727.6 2.19144e+14 348 4 1 0.999293 
1.1938e+16 418.497 1.75912e-10 4.97118e+27 0.000692883 5.98328 21588.4 2.22693e+14 349 4 1 0.999273 
1.20503e+16 436.354 1.73826e-10 4.97118e+27 0.000681696 5.84848 21448.3 2.26347e+14 350 4 1 0.999253 
1.21644e+16 454.353 1.71129e-10 4.97118e+27 0.000670592 5.71554 21307.9 2.30095e+14 351 4 1 0.999239 
1.22804e+16 472.369 1.67519e-10 4.97118e+27 0.000659624 5.58511 21167.9 2.33921e+14 352 4 1 0.999231 
1.23983e+16 490.258 1.62128e-10 4.97118e+27 0.000648883 5.45819 21029.3 2.37793e+14 353 4 1 0.999235 
1.25182e+16 507.837 1.55523e-10 4.97118e+27 0.00063847 5.33597 20893.7 2.41671e+14 354 4 1 0.999254 
1.264e+16 524.815 1.45641e-10 4.97118e+27 0.000628531 5.22003 20763 2.45493e+14 355 4 1 0.999292 
1.27637e+16 540.977 1.35229e-10 4.97118e+27 0.000619181 5.11165 20638.9 2.492e+14 356 4 1 0.999351 
1.28892e+16 556.225 1.25863e-10 4.97118e+27 0.000610403 5.01052 20521.4 2.52784e+14 357 4 1 0.99941 
1.30165e+16 570.92 1.21913e-10 4.97118e+27 0.000601992 4.91415 20407.9 2.56316e+14 358 4 1 0.999449 
1.31456e+16 585.813 1.25747e-10 4.97118e+27 0.000593539 4.81786 20292.9 2.59966e+14 359 4 1 0.999439 
1.32765e+16 601.868 1.35018e-10 4.97118e+27 0.000584648 4.71714 20170.8 2.6392e+14 360 4 1 0.999371 
1.34095e+16 619.221 1.4143e-10 4.97118e+27 0.000575254 4.61136 20040.5 2.68229e+14 361 4 1 0.999272 
1.35448e+16 637.096 1.3706e-10 4.97118e+27 0.000565795 4.50552 19908.1 2.72714e+14 362 4 1 0.99922 
1.36822e+16 653.834 1.18818e-10 4.97118e+27 0.000557074 4.40856 19784.7 2.76983e+14 363 4 1 0.999288 
1.38218e+16 667.563 8.58488e-11 4.97118e+27 0.00055004 4.33079 19684.4 2.80525e+14 364 4 1 0.999495 
1.39628e+16 676.263 4.19615e-11 4.97118e+27 0.000545546 4.28133 19619.9 2.82836e+14 365 4 1 0.999769 
1.41046e+16 679.15 2.15452e-12 4.97118e+27 0.000543777 4.26198 19594.6 2.83756e+14 366 4 1 0.999959 
1.42465e+16 678.859 -1.63014e-12 4.97118e+27 0.000543576 4.25986 19591.9 2.83861e+14 367 5 1 0.999999 
1.43885e+16 678.707 -2.94144e-12 4.97118e+27 0.00054369 4.26113 19593.6 2.83802e+14 368 4 1 1 
1.45303e+16 678.261 -3.85875e-12 4.97118e+27 0.000543874 4.26317 19596.3 2.83705e+14 369 4 1 0.999999 
1.46722e+16 677.711 -4.35872e-12 4.97118e+27 0.000544138 4.26608 19600.2 2.83568e+14 370 4 1 0.999999 
1.48139e+16 677.121 -4.31875e-12 4.97118e+27 0.000544436 4.26936 19604.5 2.83413e+14 371 4 1 0.999999 
1.49556e+16 676.554 -3.90414e-12 4.97118e+27 0.00054473 4.27262 19608.9 2.83259e+14 372 4 1 0.999999 
1.50972e+16 676.045 -3.32874e-12 4.97118e+27 0.000544999 4.27559 19612.8 2.8312e+14 373 4 1 0.999999 
1.52387e+16 675.613 -2.75478e-12 4.97118e+27 0.000545231 4.27815 19616.3 2.83e+14 374 4 1 1 
1.53802e+16 675.258 -2.2364e-12 4.97118e+27 0.000545423 4.28029 19619.1 2.829e+14 375 4 1 1 
1.55216e+16 674.971 -1.8038e-12 4.97118e+27 0.000545579 4.28203 19621.5 2.82819e+14 376 4 1 1 
1.5663e+16 674.738 -1.47161e-12 4.97118e+27 0.000545705 4.28344 19623.4 2.82754e+14 377 4 1 1 
1.58043e+16 674.547 -1.22319e-12 4.97118e+27 0.000545807 4.28459 19625 2.82701e+14 378 4 1 1 
1.59457e+16 674.388 -1.03462e-12 4.97118e+27 0.000545891 4.28554 19626.4 2.82657e+14 379 4 1 1 
1.6087e+16 674.252 -8.92628e-13 4.97118e+27 0.000545961 4.28635 19627.6 2.82621e+14 380 4 1 1 
1.62283e+16 674.133 -7.85175e-13 4.97118e+27 0.00054602 4.28705 19628.6 2.8259e+14 381 4 1 1 
1.63696e+16 674.029 -6.97802e-13 4.97118e+27 0.000546072 4.28766 19629.5 2.82564e+14 382 4 1 1 
1.65109e+16 673.937 -6.21457e-13 4.97118e+27 0.000546117 4.2882 19630.4 2.8254e+14 383 4 1 1 
1.66521e+16 673.855 -5.53507e-13 4.97118e+27 0.000546155 4.28868 19631.2 2.8252e+14 384 4 1 1 
1.67934e+16 673.781 -4.927e-13 4.97118e+27 0.000546188 4.2891 19632 2.82503e+14 385 4 1 1 
1.69346e+16 673.715 -4.37888e-13 4.97118e+27 0.000546216 4.28948 19632.7 2.82489e+14 386 4 1 1 
1.70759e+16 673.656 -3.88997e-13 4.97118e+27 0.00054624 4.28982 19633.4 2.82477e+14 387 4 1 1 
1.72171e+16 673.603 -3.462e-13 4.97118e+27 0.000546258 4.29012 19634.1 2.82467e+14 388 4 1 1 
1.73583e+16 673.555 -3.08909e-13 4.97118e+27 0.000546272 4.29039 19634.8 2.8246e+14 389 4 1 1 
1.74996e+16 673.513 -2.76136e-13 4.97118e+27 0.000546282 4.29063 19635.6 2.82455e+14 390 4 1 1 
1.76408e+16 673.474 -2.4712e-13 4.97118e+27 0.000546287 4.29084 19636.4 2.82452e+14 391 4 1 1 
1.7782e+16 673.44 -2.21456e-13 4.97118e+27 0.000546288 4.29102 19637.2 2.82452e+14 392 3 1 1 
1.79232e+16 673.408 -1.98964e-13 4.97118e+27 0.000546282 4.29117 19638.1 2.82455e+14 393 4 1 1 
1.80645e+16 673.38 -1.79403e-13 4.97118e+27 0.000546259 4.29121 19639.1 2.82467e+14 394 4 1 1 
1.82057e+16 673.353 -1.62255e-13 4.97118e+27 0.000546163 4.29071 19640.3 2.82517e+14 395 4 1 1 
1.8347e+16 673.33 -1.46883e-13 4.97118e+27 0.000545747 4.28821 19643.7 2.82732e+14 396 4 1 0.999999 
1.84884e+16 673.308 -1.32883e-13 4.97118e+27 0.000544124 4.27073 19622 2.83575e+14 397 4 1 0.999987 
1.86306e+16 673.287 -1.20039e-13 4.97118e+27 0.000530997 4.11601 19378.7 2.90586e+14 398 4 1 0.999668 
1.87792e+16 673.268 -1.07777e-13 4.97118e+27 0.000506907 4.40291 21714.6 3.04395e+14 399 4 1 0.994707 
1.89352e+16 673.248 -9.59877e-14 4.97118e+27 0.000481364 4.1565 21587.1 3.20548e+14 400 4 1 0.993699 
1.91e+16 673.229 -8.44931e-14 4.97118e+27 0.000458871 4.5011 24522.7 3.3626e+14 401 4 1 0.993694 
1.92716e+16 673.21 -7.32819e-14 4.97118e+27 0.000450252 4.30639 23911 3.42697e+14 402 5 1 0.998658 
1.94427e+16 673.193 -6.27547e-14 4.97118e+27 0.000451847 4.28963 23733.9 3.41487e+14 403 4 1 0.999967 
1.96131e+16 673.176 -5.29029e-14 4.97118e+27 0.000453468 4.28918 23646.5 3.40267e+14 404 4 1 0.999986 
1.9783e+16 673.16 -4.37731e-14 4.97118e+27 0.000454554 4.29051 23597.4 3.39453e+14 405 4 1 0.999994 
1.99526e+16 673.145 -3.53992e-14 4.97118e+27 0.000455251 4.29132 23565.7 3.38934e+14 406 4 1 0.999997 
2.01219e+16 673.13 -2.76616e-14 4.97118e+27 0.000455722 4.29174 23543.6 3.38584e+14 407 4 1 0.999999 
2.02911e+16 673.116 -2.02365e-14 4.97118e+27 0.000456056 4.29197 23527.7 3.38336e+14 408 4 1 0.999999 
2.04603e+16 673.102 -1.26333e-14 4.97118e+27 0.000456302 4.29211 23515.7 3.38153e+14 409 4 1 1 
2.06293e+16 673.088 -4.22904e-15 4.97118e+27 0.000456489 4.29219 23506.5 3.38015e+14 410 4 1 1 
2.07983e+16 673.074 5.95295e-15 4.97118e+27 0.000456633 4.29224 23499.4 3.37908e+14 411 4 1 1 
2.09672e+16 673.059 2.01204e-14 4.97118e+27 0.000456745 4.29226 23493.7 3.37825e+14 412 4 1 1 
2.11361e+16 673.041 4.60794e-14 4.97118e+27 0.000456832 4.29224 23489.2 3.37761e+14 413 4 1 1 
2.1305e+16 673.016 1.08403e-13 4.97118e+27 0.000456896 4.29215 23485.4 3.37714e+14 414 4 1 1 
2.14738e+16 672.97 2.8307e-13 4.97118e+27 0.000456931 4.29185 23482 3.37688e+14 415 3 1 1 
2.16427e+16 672.857 8.26722e-13 4.97118e+27 0.000456908 4.29093 23478.1 3.37705e+14 416 4 1 1 
2.18115e+16 672.538 2.461e-12 4.97118e+27 0.000456733 4.28814 23471.8 3.37834e+14 417 4 1 1 
2.19805e+16 671.591 7.30203e-12 4.97118e+27 0.000456135 4.27987 23457.2 3.38277e+14 418 4 1 0.999997 
2.21498e+16 668.885 2.07352e-11 4.97118e+27 0.000454395 4.25672 23419.5 3.39572e+14 419 4 1 0.999974 
2.23201e+16 661.671 5.22237e-11 4.97118e+27 0.000449937 4.19806 23325.3 3.42937e+14 420 4 1 0.999817 
2.24927e+16 644.1 1.26017e-10 4.97118e+27 0.000439712 4.06439 23107.3 3.50911e+14 421 4 1 0.999009 
2.26711e+16 605.858 2.48459e-10 4.97118e+27 0.000419827 3.80693 22667.9 3.67532e+14 422 4 1 0.995983 
2.28607e+16 530.525 5.18747e-10 4.97118e+27 0.000385015 3.36315 21835.5 4.00763e+14 423 4 1 0.988242 
2.30734e+16 377.492 9.3355e-10 4.97118e+27 0.000335653 2.75474 20517.5 4.59701e+14 424 4 1 0.972758 
2.33247e+16 177.221 8.788e-10 4.97118e+27 0.000288613 2.20833 19131.4 5.34626e+14 425 4 1 0.959941 
2.36121e+16 45.0824 3.80044e-10 4.97118e+27 0.000261093 1.90906 18282 5.90978e+14 426 4 1 0.976062 
2.39167e+16 4.53225 6.66562e-11 4.97118e+27 0.000251742 1.8125 18000.4 6.12928e+14 427 4 1 0.995724 
2.42251e+16 -0.254736 1.79369e-12 4.97118e+27 0.000250072 1.79571 17952 6.17021e+14 428 4 1 0.999831 
2.45337e+16 -0.0599808 -9.92636e-13 4.97118e+27 0.000249983 1.79483 17949.5 6.17243e+14 429 5 1 0.999999 
2.48423e+16 0.00549442 -1.65884e-15 4.97118e+27 0.000249999 1.79499 17950 6.17201e+14 430 4 1 1 
2.51509e+16 0.00214876 1.3739e-14 4.97118e+27 0.00025 1.795 17950 6.17199e+14 431 3 1 1 
2.54595e+16 0.000518075 3.66392e-15 4.97118e+27 0.00025 1.795 17950 6.172e+14 432 4 1 1 
2.57681e+16 0.000115426 8.39701e-16 4.97118e+27 0.00025 1.795 17950 6.172e+14 433 4 1 1 
2.60767e+16 2.48475e-05 1.85302e-16 4.97118e+27 0.00025 1.795 17950 6.172e+14 434 4 1 1 
2.63853e+16 5.18844e-06 3.97681e-17 4.97118e+27 0.00025 1.795 17950 6.172e+14 435 4 1 1 
2.66939e+16 1.04745e-06 8.28281e-18 4.97118e+27 0.00025 1.795 17950 6.172e+14 436 4 1 1 
2.70025e+16 2.03596e-07 1.66625e-18 4.97118e+27 0.00025 1.795 17950 6.172e+14 437 4 1 1 
2.73111e+16 3.79745e-08 3.22435e-19 4.97118e+27 0.00025 1.795 17950 6.172e+14 438 4 1 1 
2.76197e+16 6.78887e-09 5.97703e-20 4.97118e+27 0.00025 1.795 17950 6.172e+14 439 4 1 1 
2.79283e+16 1.15376e-09 1.06291e-20 4.97118e+27 0.00025 1.795 17950 6.172e+14 440 4 1 1 
2.82369e+16 1.8595e-10 1.77382e-21 4.97118e+27 0.00025 1.795 17950 6.172e+14 441 4 1 1 
2.85455e+16 1.88422e-11 3.15899e-22 4.97118e+27 0.00025 1.795 17950 6.172e+14 442 4 1 1 
2.88541e+16 -5.6289e-13 1.42753e-23 4.97118e+27 0.00025 1.795 17950 6.172e+14 443 5 1 1 
2.91627e+16 -1.50528e-12 5.98643e-24 4.97118e+27 0.00025 1.795 17950 6.172e+14 444 5 1 1 
2.94713e+16 -4.52586e-12 2.76297e-24 4.97118e+27 0.00025 1.795 17950 6.172e+14 445 5 1 1 
2.97799e+16 7.8605e-12 -4.14445e-24 4.97118e+27 0.00025 1.795 17950 6.172e+14 446 5 1 1 
3.00885e+16 1.11392e-12 -4.60494e-25 4.97118e+27 0.00025 1.795 17950 6.172e+14 447 5 1 1 
3.03971e+16 3.69267e-13 5.98643e-24 4.97118e+27 0.00025 1.795 17950 6.172e+14 448 5 1 1 
3.07057e+16 -8.16094e-12 1.10519e-23 4.97118e+27 0.00025 1.795 17950 6.172e+14 449 3 1 1 
3.10143e+16 8.16094e-12 -1.10519e-23 4.97118e+27 0.00025 1.795 17950 6.172e+14 450 3 1 1 
3.13229e+16 -3.69267e-13 -5.98643e-24 4.97118e+27 0.00025 1.795 17950 6.172e+14 451 5 1 1 
3.16315e+16 -1.11392e-12 4.60494e-25 4.97118e+27 0.00025 1.795 17950 6.172e+14 452 5 1 1 
3.19401e+16 -7.8605e-12 4.14445e-24 4.97118e+27 0.00025 1.795 17950 6.172e+14 453 5 1 1 
3.22487e+16 4.52586e-12 -2.76297e-24 4.97118e+27 0.00025 1.795 17950 6.172e+14 454 5 1 1 
3.25573e+16 1.50092e-12 -6.44692e-24 4.97118e+27 0.00025 1.795 17950 6.172e+14 455 5 1 1 
3.28659e+16 6.2216e-14 -2.57877e-23 4.97118e+27 0.00025 1.795 17950 6.172e+14 456 5 1 1 
3.31745e+16 -1.10626e-11 -1.44135e-22 4.97118e+27 0.00025 1.795 17950 6.172e+14 457 5 1 1 
3.34831e+16 -1.80178e-10 -2.02986e-21 4.97118e+27 0.00025 1.795 17950 6.172e+14 458 4 1 1 
3.37917e+16 -1.1662e-09 -1.0479e-20 4.97118e+27 0.00025 1.795 17950 6.172e+14 459 4 1 1 
3.41003e+16 -6.7769e-09 -5.98822e-20 4.97118e+27 0.00025 1.795 17950 6.172e+14 460 4 1 1 
3.44089e+16 -3.79791e-08 -3.22371e-19 4.97118e+27 0.00025 1.795 17950 6.172e+14 461 4 1 1 
3.47175e+16 -2.036e-07 -1.66638e-18 4.97118e+27 0.00025 1.795 17950 6.172e+14 462 4 1 1 
3.50261e+16 -1.04746e-06 -8.28248e-18 4.97118e+27 0.00025 1.795 17950 6.172e+14 463 4 1 1 
3.53347e+16 -5.18839e-06 -3.97683e-17 4.97118e+27 0.00025 1.795 17950 6.172e+14 464 4 1 1 
3.56433e+16 -2.48475e-05 -1.85302e-16 4.97118e+27 0.00025 1.795 17950 6.172e+14 465 4 1 1 
3.59519e+16 -0.000115426 -8.39702e-16 4.97118e+27 0.00025 1.795 17950 6.172e+14 466 4 1 1 
3.62605e+16 -0.000518075 -3.66392e-15 4.97118e+27 0.00025 1.795 17950 6.172e+14 467 4 1 1 
3.65691e+16 -0.00214876 -1.3739e-14 4.97118e+27 0.00025 1.795 17950 6.17199e+14 468 3 1 1 
3.68777e+16 -0.00549442 1.65884e-15 4.97118e+27 0.000249999 1.79499 17950 6.17201e+14 469 4 1 1 
3.71863e+16 0.0599808 9.92636e-13 4.97118e+27 0.000249983 1.79483 17949.5 6.17243e+14 470 5 1 0.999999 
3.74949e+16 0.254736 -1.79369e-12 4.97118e+27 0.000250072 1.79571 17952 6.17021e+14 471 4 1 0.999831 
3.78033e+16 -4.53225 -6.66562e-11 4.97118e+27 0.000251742 1.8125 18000.4 6.12928e+14 472 4 1 0.995724 
3.81079e+16 -45.0824 -3.80044e-10 4.97118e+27 0.000261093 1.90906 18282 5.90978e+14 473 4 1 0.976062 
3.83953e+16 -177.221 -8.788e-10 4.97118e+27 0.000288613 2.20833 19131.4 5.34626e+14 474 4 1 0.959941 
3.86466e+16 -377.492 -9.3355e-10 4.97118e+27 0.000335653 2.75474 20517.5 4.59701e+14 475 4 1 0.972758 
3.88593e+16 -530.525 -5.18747e-10 4.97118e+27 0.000385015 3.36315 21835.5 4.00763e+14 476 4 1 0.988242 
3.90489e+16 -605.858 -2.48459e-10 4.97118e+27 0.000419827 3.80693 22667.9 3.67532e+14 477 4 1 0.995983 
3.92273e+16 -644.1 -1.26017e-10 4.97118e+27 0.000439712 4.06439 23107.3 3.50911e+14 478 4 1 0.999009 
3.93999e+16 -661.671 -5.22237e-11 4.97118e+27 0.000449937 4.19806 23325.3 3.42937e+14 479 4 1 0.999817 
3.95702e+16 -668.885 -2.07352e-11 4.97118e+27 0.000454395 4.25672 23419.5 3.39572e+14 480 4 1 0.999974 
3.97395e+16 -671.591 -7.30203e-12 4.97118e+27 0.000456135 4.27987 23457.2 3.38277e+14 481 4 1 0.999997 
3.99085e+16 -672.538 -2.461e-12 4.97118e+27 0.000456733 4.28814 23471.8 3.37834e+14 482 4 1 1 
4.00773e+16 -672.857 -8.26722e-13 4.97118e+27 0.000456908 4.29093 23478.1 3.37705e+14 483 4 1 1 
4.02462e+16 -672.97 -2.8307e-13 4.97118e+27 0.000456931 4.29185 23482 3.37688e+14 484 3 1 1 
4.0415e+16 -673.016 -1.08403e-13 4.97118e+27 0.000456896 4.29215 23485.4 3.37714e+14 485 4 1 1 
4.05839e+16 -673.041 -4.60794e-14 4.97118e+27 0.000456832 4.29224 23489.2 3.37761e+14 486 4 1 1 
4.07528e+16 -673.059 -2.01204e-14 4.97118e+27 0.000456745 4.29226 23493.7 3.37825e+14 487 4 1 1 
4.09217e+16 -673.074 -5.95295e-15 4.97118e+27 0.000456633 4.29224 23499.4 3.37908e+14 488 4 1 1 
4.10907e+16 -673.088 4.22904e-15 4.97118e+27 0.000456489 4.29219 23506.5 3.38015e+14 489 4 1 1 
4.12597e+16 -673.102 1.26333e-14 4.97118e+27 0.000456302 4.29211 23515.7 3.38153e+14 490 4 1 1 
4.14289e+16 -673.116 2.02365e-14 4.97118e+27 0.000456056 4.29197 23527.7 3.38336e+14 491 4 1 0.999999 
4.15981e+16 -673.13 2.76616e-14 4.97118e+27 0.000455722 4.29174 23543.6 3.38584e+14 492 4 1 0.999999 
4.17674e+16 -673.145 3.53992e-14 4.97118e+27 0.000455251 4.29132 23565.7 3.38934e+14 493 4 1 0.999997 
4.1937e+16 -673.16 4.37731e-14 4.97118e+27 0.000454554 4.29051 23597.4 3.39453e+14 494 4 1 0.999994 
4.21069e+16 -673.176 5.29029e-14 4.97118e+27 0.000453468 4.28918 23646.5 3.40267e+14 495 4 1 0.999986 
4.22773e+16 -673.193 6.27547e-14 4.97118e+27 0.000451847 4.28963 23733.9 3.41487e+14 496 4 1 0.999967 
4.24484e+16 -673.21 7.32819e-14 4.97118e+27 0.000450252 4.30639 23911 3.42697e+14 497 5 1 0.998658 
4.262e+16 -673.229 8.44931e-14 4.97118e+27 0.000458871 4.5011 24522.7 3.3626e+14 498 4 1 0.993694 
4.27848e+16 -673.248 9.59877e-14 4.97118e+27 0.000481364 4.1565 21587.1 3.20548e+14 499 4 1 0.993699 
