# Time [s]: 5.13168e+12
# Columns: pos [pc], vel [pc/s], acc [pc/s^2], mass [Msun], dens [g/cm^3], pres [barye], ene [erg/g], sml [pc], id, neighbor, alpha, gradh, ...additional?
4.29026e+16 -673.262 1.03957e-13 4.97118e+27 0.000506911 4.40295 21714.6 3.04393e+14 0 4 1 0.994707 
4.30512e+16 -673.281 1.15709e-13 4.97118e+27 0.000531001 4.11605 19378.8 2.90583e+14 1 4 1 0.999668 
4.31934e+16 -673.3 1.27943e-13 4.97118e+27 0.000544128 4.27078 19622.1 2.83573e+14 2 4 1 0.999987 
4.33348e+16 -673.321 1.41222e-13 4.97118e+27 0.000545752 4.28826 19643.8 2.82729e+14 3 4 1 0.999999 
4.34761e+16 -673.344 1.55834e-13 4.97118e+27 0.000546168 4.29077 19640.3 2.82514e+14 4 4 1 1 
4.36173e+16 -673.37 1.72236e-13 4.97118e+27 0.000546265 4.29127 19639.2 2.82464e+14 5 4 1 1 
4.37586e+16 -673.397 1.90972e-13 4.97118e+27 0.000546288 4.29125 19638.2 2.82452e+14 6 4 1 1 
4.38998e+16 -673.427 2.12398e-13 4.97118e+27 0.000546295 4.2911 19637.3 2.82448e+14 7 4 1 1 
4.4041e+16 -673.461 2.36675e-13 4.97118e+27 0.000546295 4.29092 19636.5 2.82448e+14 8 3 1 1 
4.41822e+16 -673.497 2.64045e-13 4.97118e+27 0.000546291 4.29072 19635.7 2.8245e+14 9 4 1 1 
4.43235e+16 -673.538 2.9505e-13 4.97118e+27 0.000546282 4.29049 19635 2.82455e+14 10 4 1 1 
4.44647e+16 -673.584 3.30565e-13 4.97118e+27 0.000546269 4.29024 19634.3 2.82462e+14 11 4 1 1 
4.46059e+16 -673.634 3.71483e-13 4.97118e+27 0.000546252 4.28995 19633.6 2.82471e+14 12 4 1 1 
4.47472e+16 -673.691 4.18133e-13 4.97118e+27 0.00054623 4.28963 19632.9 2.82482e+14 13 4 1 1 
4.48884e+16 -673.754 4.70371e-13 4.97118e+27 0.000546203 4.28927 19632.2 2.82496e+14 14 4 1 1 
4.50296e+16 -673.824 5.28499e-13 4.97118e+27 0.000546172 4.28886 19631.5 2.82512e+14 15 4 1 1 
4.51709e+16 -673.903 5.9317e-13 4.97118e+27 0.000546135 4.2884 19630.7 2.82531e+14 16 4 1 1 
4.53122e+16 -673.991 6.64872e-13 4.97118e+27 0.000546093 4.28789 19629.8 2.82553e+14 17 4 1 1 
4.54535e+16 -674.09 7.46627e-13 4.97118e+27 0.000546044 4.28731 19628.9 2.82578e+14 18 4 1 1 
4.55948e+16 -674.202 8.47025e-13 4.97118e+27 0.000545988 4.28665 19627.9 2.82607e+14 19 4 1 1 
4.57361e+16 -674.331 9.76416e-13 4.97118e+27 0.000545922 4.28589 19626.8 2.82641e+14 20 4 1 1 
4.58774e+16 -674.48 1.14371e-12 4.97118e+27 0.000545844 4.285 19625.6 2.82682e+14 21 4 1 1 
4.60188e+16 -674.657 1.36463e-12 4.97118e+27 0.00054575 4.28393 19624.1 2.8273e+14 22 4 1 1 
4.61601e+16 -674.872 1.66336e-12 4.97118e+27 0.000545634 4.28263 19622.3 2.8279e+14 23 4 1 1 
-1.54185e+16 -675.137 2.05314e-12 4.97118e+27 0.00054549 4.28103 19620.1 2.82865e+14 24 4 1 1 
-1.5277e+16 -675.463 2.53088e-12 4.97118e+27 0.000545313 4.27906 19617.4 2.82957e+14 25 4 1 1 
-1.51355e+16 -675.863 3.08961e-12 4.97118e+27 0.000545098 4.27668 19614.3 2.83068e+14 26 4 1 1 
-1.49939e+16 -676.339 3.67754e-12 4.97118e+27 0.000544845 4.27387 19610.5 2.832e+14 27 4 1 0.999999 
-1.48523e+16 -676.881 4.14373e-12 4.97118e+27 0.00054456 4.27073 19606.3 2.83348e+14 28 4 1 0.999999 
-1.47106e+16 -677.464 4.3248e-12 4.97118e+27 0.000544264 4.26746 19602 2.83502e+14 29 4 1 0.999999 
-1.45688e+16 -678.036 4.07704e-12 4.97118e+27 0.000543986 4.2644 19597.9 2.83647e+14 30 4 1 0.999999 
-1.44269e+16 -678.521 3.54618e-12 4.97118e+27 0.000543763 4.26193 19594.6 2.83763e+14 31 4 1 0.999999 
-1.4285e+16 -678.797 1.01265e-12 4.97118e+27 0.000543634 4.2605 19592.7 2.83831e+14 32 4 1 1 
-1.41431e+16 -679.069 3.72378e-12 4.97118e+27 0.00054361 4.26018 19592.2 2.83843e+14 33 5 1 0.999989 
-1.40012e+16 -678.104 -2.3238e-11 4.97118e+27 0.000544528 4.27017 19605.3 2.83365e+14 34 4 1 0.999871 
-1.38597e+16 -671.917 -6.74708e-11 4.97118e+27 0.000547797 4.30608 19652.2 2.81674e+14 35 4 1 0.999616 
-1.37195e+16 -660.213 -1.05731e-10 4.97118e+27 0.000553788 4.37218 19737.9 2.78626e+14 36 4 1 0.999373 
-1.35811e+16 -644.669 -1.29602e-10 4.97118e+27 0.000561834 4.4614 19852.2 2.74637e+14 37 4 1 0.999244 
-1.34449e+16 -627.213 -1.39989e-10 4.97118e+27 0.000571003 4.56371 19981.2 2.70226e+14 38 4 1 0.99925 
-1.33109e+16 -609.604 -1.37582e-10 4.97118e+27 0.000580431 4.66957 20112.5 2.65837e+14 39 4 1 0.999334 
-1.3179e+16 -593.038 -1.29107e-10 4.97118e+27 0.000589509 4.77213 20237.7 2.61743e+14 40 4 1 0.999422 
-1.30491e+16 -577.821 -1.21707e-10 4.97118e+27 0.000598069 4.86939 20354.6 2.57997e+14 41 4 1 0.99946 
-1.2921e+16 -563.251 -1.22109e-10 4.97118e+27 0.000606373 4.96427 20467.2 2.54464e+14 42 4 1 0.999443 
-1.27946e+16 -548.469 -1.29067e-10 4.97118e+27 0.000614858 5.06177 20581.2 2.50952e+14 43 4 1 0.999391 
-1.267e+16 -532.897 -1.39351e-10 4.97118e+27 0.000623835 5.16552 20700.8 2.47341e+14 44 4 1 0.999332 
-1.25473e+16 -516.487 -1.49379e-10 4.97118e+27 0.000633402 5.27676 20827.2 2.43605e+14 45 4 1 0.999285 
-1.24264e+16 -499.32 -1.57363e-10 4.97118e+27 0.000643492 5.39481 20959.3 2.39786e+14 46 4 1 0.999258 
-1.23075e+16 -481.751 -1.63252e-10 4.97118e+27 0.000653972 5.51821 21095.1 2.35943e+14 47 4 1 0.999247 
-1.21904e+16 -463.958 -1.67551e-10 4.97118e+27 0.000664721 5.64561 21233.1 2.32128e+14 48 4 1 0.999249 
-1.20753e+16 -446.13 -1.70837e-10 4.97118e+27 0.000675648 5.77597 21372 2.28373e+14 49 4 1 0.999261 
-1.19621e+16 -428.386 -1.72754e-10 4.97118e+27 0.000686678 5.9084 21510.9 2.24705e+14 50 4 1 0.999277 
-1.18506e+16 -410.753 -1.7459e-10 4.97118e+27 0.00069776 6.04232 21649.1 2.21136e+14 51 4 1 0.999296 
-1.17409e+16 -393.341 -1.75784e-10 4.97118e+27 0.00070887 6.17743 21786.3 2.1767e+14 52 4 1 0.999317 
-1.16329e+16 -376.114 -1.76871e-10 4.97118e+27 0.000719984 6.31344 21922.2 2.1431e+14 53 4 1 0.999339 
-1.15266e+16 -359.154 -1.77666e-10 4.97118e+27 0.000731088 6.45018 22056.9 2.11055e+14 54 4 1 0.999361 
-1.14218e+16 -342.402 -1.782e-10 4.97118e+27 0.000742169 6.58746 22190 2.07904e+14 55 4 1 0.999381 
-1.13187e+16 -325.882 -1.79004e-10 4.97118e+27 0.000753226 6.72526 22321.6 2.04852e+14 56 4 1 0.999401 
-1.1217e+16 -309.608 -1.79528e-10 4.97118e+27 0.000764258 6.86356 22451.8 2.01895e+14 57 4 1 0.999421 
-1.11168e+16 -293.562 -1.8004e-10 4.97118e+27 0.000775259 7.00227 22580.5 1.9903e+14 58 4 1 0.999439 
-1.10179e+16 -277.745 -1.80739e-10 4.97118e+27 0.000786233 7.14142 22707.8 1.96252e+14 59 4 1 0.999459 
-1.09205e+16 -262.151 -1.80635e-10 4.97118e+27 0.000797167 7.28083 22833.5 1.93561e+14 60 4 1 0.999476 
-1.08244e+16 -246.765 -1.81361e-10 4.97118e+27 0.00080806 7.42049 22957.8 1.90951e+14 61 4 1 0.999493 
-1.07295e+16 -231.617 -1.81758e-10 4.97118e+27 0.000818925 7.56055 23080.8 1.88418e+14 62 4 1 0.99951 
-1.06359e+16 -216.671 -1.81697e-10 4.97118e+27 0.000829745 7.70076 23202.3 1.85961e+14 63 4 1 0.999525 
-1.05436e+16 -201.945 -1.82357e-10 4.97118e+27 0.000840526 7.8412 23322.4 1.83576e+14 64 4 1 0.999541 
-1.04524e+16 -187.42 -1.82197e-10 4.97118e+27 0.000851266 7.98182 23441.1 1.8126e+14 65 4 1 0.999555 
-1.03623e+16 -173.086 -1.8247e-10 4.97118e+27 0.000861957 8.12251 23558.4 1.79011e+14 66 4 1 0.999569 
-1.02733e+16 -158.97 -1.82802e-10 4.97118e+27 0.000872611 8.26341 23674.4 1.76826e+14 67 4 1 0.999583 
-1.01855e+16 -145.045 -1.82679e-10 4.97118e+27 0.000883219 8.40438 23789.1 1.74702e+14 68 4 1 0.999596 
-1.00986e+16 -131.316 -1.82687e-10 4.97118e+27 0.000893774 8.54533 23902.4 1.72639e+14 69 4 1 0.99961 
-1.00128e+16 -117.786 -1.82546e-10 4.97118e+27 0.000904276 8.68622 24014.4 1.70634e+14 70 4 1 0.999622 
-9.928e+15 -104.452 -1.82484e-10 4.97118e+27 0.000914723 8.82704 24124.9 1.68685e+14 71 4 1 0.999633 
-9.84413e+15 -91.2704 -1.83085e-10 4.97118e+27 0.000925127 8.96793 24234.3 1.66788e+14 72 4 1 0.99965 
-9.7612e+15 -78.3321 -1.80537e-10 4.97118e+27 0.000935425 9.10803 24341.9 1.64952e+14 73 4 1 0.999674 
-9.67918e+15 -65.8794 -1.74067e-10 4.97118e+27 0.000945482 9.24532 24446.1 1.63197e+14 74 4 1 0.999676 
-9.598e+15 -53.694 -1.80412e-10 4.97118e+27 0.000955522 9.38287 24549.5 1.61482e+14 75 4 1 0.99964 
-9.51769e+15 -40.6187 -2.04004e-10 4.97118e+27 0.000966137 9.52944 24658.6 1.59708e+14 76 4 1 0.999682 
-9.43829e+15 -27.1944 -1.82617e-10 4.97118e+27 0.000976568 9.6746 24765.3 1.58002e+14 77 4 1 0.999858 
-9.35968e+15 -17.902 -8.82902e-11 4.97118e+27 0.000984278 9.78116 24842.7 1.56765e+14 78 4 1 0.9999 
-9.28152e+15 -12.9834 -8.63373e-11 4.97118e+27 0.000989998 9.85879 24898.8 1.55859e+14 79 4 1 0.999656 
-9.20382e+15 -1.80758 -2.69916e-10 4.97118e+27 0.000999836 9.99669 24998.2 1.54325e+14 80 4 1 0.999379 
-9.12719e+15 18.4933 -3.12719e-10 4.97118e+27 0.00101448 10.2055 25146.4 1.52097e+14 81 4 1 0.999843 
-9.05171e+15 31.1267 -7.63665e-11 4.97118e+27 0.00102463 10.3489 25246.6 1.50591e+14 82 4 1 1.00001 
-8.9766e+15 31.8938 1.6585e-11 4.97118e+27 0.00102652 10.374 25263.9 1.50314e+14 83 3 1 1 
-8.9014e+15 29.9364 3.62336e-11 4.97118e+27 0.00102488 10.3504 25247.5 1.50554e+14 84 4 1 0.999995 
-8.82604e+15 27.1663 4.62489e-11 4.97118e+27 0.00102242 10.3156 25223.2 1.50916e+14 85 4 1 0.999984 
-8.75048e+15 23.9158 5.27135e-11 4.97118e+27 0.0010196 10.2756 25195.2 1.51334e+14 86 4 1 0.999978 
-8.67471e+15 20.4137 5.55747e-11 4.97118e+27 0.00101661 10.2334 25165.5 1.51779e+14 87 4 1 0.999975 
-8.59871e+15 16.8875 5.48666e-11 4.97118e+27 0.00101365 10.1916 25136.1 1.52223e+14 88 4 1 0.999974 
-8.52248e+15 13.5401 5.11457e-11 4.97118e+27 0.00101087 10.1525 25108.5 1.5264e+14 89 4 1 0.999977 
-8.44606e+15 10.5265 4.52713e-11 4.97118e+27 0.00100841 10.1178 25083.9 1.53014e+14 90 4 1 0.999981 
-8.36947e+15 7.94143 3.82323e-11 4.97118e+27 0.00100631 10.0884 25063 1.53332e+14 91 4 1 0.999986 
-8.29273e+15 5.8197 3.09348e-11 4.97118e+27 0.0010046 10.0644 25045.9 1.53593e+14 92 4 1 0.999991 
-8.21588e+15 4.1472 2.40705e-11 4.97118e+27 0.00100327 10.0457 25032.6 1.53797e+14 93 4 1 0.999994 
-8.13893e+15 2.87677 1.80693e-11 4.97118e+27 0.00100226 10.0316 25022.5 1.53952e+14 94 4 1 0.999997 
-8.06193e+15 1.94421 1.31213e-11 4.97118e+27 0.00100152 10.0213 25015.2 1.54066e+14 95 4 1 0.999998 
-7.98487e+15 1.28112 9.23699e-12 4.97118e+27 0.001001 10.014 25010 1.54146e+14 96 4 1 0.999999 
-7.90778e+15 0.823566 6.31444e-12 4.97118e+27 0.00100064 10.0089 25006.4 1.54201e+14 97 4 1 1 
-7.83067e+15 0.516711 4.19703e-12 4.97118e+27 0.0010004 10.0056 25004 1.54238e+14 98 4 1 1 
-7.75354e+15 0.316492 2.71493e-12 4.97118e+27 0.00100025 10.0034 25002.4 1.54262e+14 99 4 1 1 
-7.67641e+15 0.189289 1.71033e-12 4.97118e+27 0.00100015 10.002 25001.5 1.54277e+14 100 4 1 1 
-7.59926e+15 0.110556 1.04982e-12 4.97118e+27 0.00100009 10.0012 25000.8 1.54287e+14 101 4 1 1 
-7.52212e+15 0.063059 6.28063e-13 4.97118e+27 0.00100005 10.0007 25000.5 1.54292e+14 102 4 1 1 
-7.44497e+15 0.0351253 3.66309e-13 4.97118e+27 0.00100003 10.0004 25000.3 1.54296e+14 103 4 1 1 
-7.36782e+15 0.0191066 2.08309e-13 4.97118e+27 0.00100001 10.0002 25000.1 1.54298e+14 104 4 1 1 
-7.29067e+15 0.0101485 1.15511e-13 4.97118e+27 0.00100001 10.0001 25000.1 1.54299e+14 105 4 1 1 
-7.21352e+15 0.00526308 6.24609e-14 4.97118e+27 0.001 10.0001 25000 1.54299e+14 106 4 1 1 
-7.13637e+15 0.00266464 3.29353e-14 4.97118e+27 0.001 10 25000 1.543e+14 107 4 1 1 
-7.05922e+15 0.00131684 1.69342e-14 4.97118e+27 0.001 10 25000 1.543e+14 108 4 1 1 
-6.98207e+15 0.000635117 8.48957e-15 4.97118e+27 0.001 10 25000 1.543e+14 109 4 1 1 
-6.90492e+15 0.000298888 4.14932e-15 4.97118e+27 0.001 10 25000 1.543e+14 110 4 1 1 
-6.82777e+15 0.000137214 1.97686e-15 4.97118e+27 0.001 10 25000 1.543e+14 111 4 1 1 
-6.75062e+15 6.1434e-05 9.17918e-16 4.97118e+27 0.001 10 25000 1.543e+14 112 4 1 1 
-6.67347e+15 2.68168e-05 4.15301e-16 4.97118e+27 0.001 10 25000 1.543e+14 113 4 1 1 
-6.59632e+15 1.14089e-05 1.83037e-16 4.97118e+27 0.001 10 25000 1.543e+14 114 4 1 1 
-6.51917e+15 4.72875e-06 7.85589e-17 4.97118e+27 0.001 10 25000 1.543e+14 115 4 1 1 
-6.44202e+15 1.90861e-06 3.28223e-17 4.97118e+27 0.001 10 25000 1.543e+14 116 4 1 1 
-6.36487e+15 7.49793e-07 1.33433e-17 4.97118e+27 0.001 10 25000 1.543e+14 117 4 1 1 
-6.28772e+15 2.86522e-07 5.27596e-18 4.97118e+27 0.001 10 25000 1.543e+14 118 4 1 1 
-6.21057e+15 1.06417e-07 2.02752e-18 4.97118e+27 0.001 10 25000 1.543e+14 119 4 1 1 
-6.13342e+15 3.83937e-08 7.56859e-19 4.97118e+27 0.001 10 25000 1.543e+14 120 4 1 1 
-6.05627e+15 1.34456e-08 2.74348e-19 4.97118e+27 0.001 10 25000 1.543e+14 121 4 1 1 
-5.97912e+15 4.55526e-09 9.5816e-20 4.97118e+27 0.001 10 25000 1.543e+14 122 4 1 1 
-5.90197e+15 1.50883e-09 3.31022e-20 4.97118e+27 0.001 10 25000 1.543e+14 123 4 1 1 
-5.82482e+15 4.75642e-10 1.0619e-20 4.97118e+27 0.001 10 25000 1.543e+14 124 4 1 1 
-5.74767e+15 1.43247e-10 3.75579e-21 4.97118e+27 0.001 10 25000 1.543e+14 125 4 1 1 
-5.67052e+15 4.1999e-11 8.06786e-22 4.97118e+27 0.001 10 25000 1.543e+14 126 4 1 1 
-5.59337e+15 6.52773e-12 4.43917e-22 4.97118e+27 0.001 10 25000 1.543e+14 127 4 1 1 
-5.51622e+15 2.2639e-13 -5.52593e-24 4.97118e+27 0.001 10 25000 1.543e+14 128 5 1 1 
-5.43907e+15 1.74033e-14 1.84198e-24 4.97118e+27 0.001 10 25000 1.543e+14 129 5 1 1 
-5.36192e+15 3.4322e-45 3.63266e-55 4.97118e+27 0.001 10 25000 1.543e+14 130 5 1 1 
-5.28477e+15 0 0 4.97118e+27 0.001 10 25000 1.543e+14 131 5 1 1 
-5.20762e+15 0 0 4.97118e+27 0.001 10 25000 1.543e+14 132 5 1 1 
-5.13047e+15 0 0 4.97118e+27 0.001 10 25000 1.543e+14 133 5 1 1 
-5.05332e+15 0 0 4.97118e+27 0.001 10 25000 1.543e+14 134 5 1 1 
-4.97617e+15 0 0 4.97118e+27 0.001 10 25000 1.543e+14 135 5 1 1 
-4.89902e+15 0 0 4.97118e+27 0.001 10 25000 1.543e+14 136 5 1 1 
-4.82187e+15 0 0 4.97118e+27 0.001 10 25000 1.543e+14 137 5 1 1 
-4.74472e+15 0 0 4.97118e+27 0.001 10 25000 1.543e+14 138 5 1 1 
-4.66757e+15 0 0 4.97118e+27 0.001 10 25000 1.543e+14 139 5 1 1 
-4.59042e+15 0 0 4.97118e+27 0.001 10 25000 1.543e+14 140 5 1 1 
-4.51327e+15 0 0 4.97118e+27 0.001 10 25000 1.543e+14 141 5 1 1 
-4.43612e+15 0 0 4.97118e+27 0.001 10 25000 1.543e+14 142 5 1 1 
-4.35897e+15 0 0 4.97118e+27 0.001 10 25000 1.543e+14 143 5 1 1 
-4.28182e+15 0 0 4.97118e+27 0.001 10 25000 1.543e+14 144 5 1 1 
-4.20467e+15 0 0 4.97118e+27 0.001 10 25000 1.543e+14 145 5 1 1 
-4.12752e+15 0 0 4.97118e+27 0.001 10 25000 1.543e+14 146 5 1 1 
-4.05037e+15 0 0 4.97118e+27 0.001 10 25000 1.543e+14 147 5 1 1 
-3.97322e+15 0 0 4.97118e+27 0.001 10 25000 1.543e+14 148 5 1 1 
-3.89607e+15 0 0 4.97118e+27 0.001 10 25000 1.543e+14 149 5 1 1 
-3.81892e+15 0 0 4.97118e+27 0.001 10 25000 1.543e+14 150 5 1 1 
-3.74177e+15 0 0 4.97118e+27 0.001 10 25000 1.543e+14 151 5 1 1 
-3.66462e+15 0 0 4.97118e+27 0.001 10 25000 1.543e+14 152 5 1 1 
-3.58747e+15 0 0 4.97118e+27 0.001 10 25000 1.543e+14 153 5 1 1 
-3.51032e+15 0 0 4.97118e+27 0.001 10 25000 1.543e+14 154 5 1 1 
-3.43317e+15 0 0 4.97118e+27 0.001 10 25000 1.543e+14 155 5 1 1 
-3.35602e+15 0 0 4.97118e+27 0.001 10 25000 1.543e+14 156 5 1 1 
-3.27887e+15 0 0 4.97118e+27 0.001 10 25000 1.543e+14 157 5 1 1 
-3.20172e+15 0 0 4.97118e+27 0.001 10 25000 1.543e+14 158 5 1 1 
-3.12457e+15 0 0 4.97118e+27 0.001 10 25000 1.543e+14 159 5 1 1 
-3.04742e+15 0 0 4.97118e+27 0.001 10 25000 1.543e+14 160 5 1 1 
-2.97027e+15 0 0 4.97118e+27 0.001 10 25000 1.543e+14 161 5 1 1 
-2.89312e+15 0 0 4.97118e+27 0.001 10 25000 1.543e+14 162 5 1 1 
-2.81597e+15 0 0 4.97118e+27 0.001 10 25000 1.543e+14 163 5 1 1 
-2.73882e+15 0 0 4.97118e+27 0.001 10 25000 1.543e+14 164 5 1 1 
-2.66167e+15 0 0 4.97118e+27 0.001 10 25000 1.543e+14 165 5 1 1 
-2.58452e+15 0 0 4.97118e+27 0.001 10 25000 1.543e+14 166 5 1 1 
-2.50737e+15 0 0 4.97118e+27 0.001 10 25000 1.543e+14 167 5 1 1 
-2.43022e+15 0 0 4.97118e+27 0.001 10 25000 1.543e+14 168 5 1 1 
-2.35307e+15 0 0 4.97118e+27 0.001 10 25000 1.543e+14 169 5 1 1 
-2.27592e+15 0 0 4.97118e+27 0.001 10 25000 1.543e+14 170 5 1 1 
-2.19877e+15 0 0 4.97118e+27 0.001 10 25000 1.543e+14 171 5 1 1 
-2.12162e+15 0 0 4.97118e+27 0.001 10 25000 1.543e+14 172 5 1 1 
-2.04447e+15 -2.91545e-43 -3.63266e-55 4.97118e+27 0.001 10 25000 1.543e+14 173 5 1 1 
-1.96732e+15 -1.04199e-13 -3.63266e-55 4.97118e+27 0.001 10 25000 1.543e+14 174 5 1 1 
-1.89017e+15 -2.42604e-13 0 4.97118e+27 0.001 10 25000 1.543e+14 175 5 1 1 
-1.81302e+15 -3.80393e-13 0 4.97118e+27 0.001 10 25000 1.543e+14 176 5 1 1 
-1.73587e+15 -5.17443e-13 0 4.97118e+27 0.001 10 25000 1.543e+14 177 5 1 1 
-1.65872e+15 -6.1882e-13 0 4.97118e+27 0.001 10 25000 1.543e+14 178 5 1 1 
-1.58157e+15 -7.88258e-13 0 4.97118e+27 0.001 10 25000 1.543e+14 179 5 1 1 
-1.50442e+15 -9.5614e-13 0 4.97118e+27 0.001 10 25000 1.543e+14 180 5 1 1 
-1.42727e+15 -1.13969e-12 -1.84198e-24 4.97118e+27 0.001 10 25000 1.543e+14 181 5 1 1 
-1.35012e+15 -1.30283e-12 1.84198e-24 4.97118e+27 0.001 10 25000 1.543e+14 182 5 1 1 
-1.27297e+15 -1.49627e-12 -1.84198e-24 4.97118e+27 0.001 10 25000 1.543e+14 183 5 1 1 
-1.19582e+15 -1.69631e-12 3.68395e-24 4.97118e+27 0.001 10 25000 1.543e+14 184 5 1 1 
-1.11867e+15 -2.58307e-12 -3.49976e-23 4.97118e+27 0.001 10 25000 1.543e+14 185 4 1 1 
-1.04152e+15 -1.9297e-12 6.26272e-23 4.97118e+27 0.001 10 25000 1.543e+14 186 4 1 1 
-9.64375e+14 -4.14372e-13 -2.57877e-23 4.97118e+27 0.001 10 25000 1.543e+14 187 4 1 1 
-8.87225e+14 -1.12938e-12 -3.68395e-24 4.97118e+27 0.001 10 25000 1.543e+14 188 4 1 1 
-8.10075e+14 -1.57543e-12 -7.36791e-24 4.97118e+27 0.001 10 25000 1.543e+14 189 4 1 1 
-7.32925e+14 -2.75782e-12 3.68395e-24 4.97118e+27 0.001 10 25000 1.543e+14 190 3 1 1 
-6.55775e+14 -1.52194e-12 -3.68395e-24 4.97118e+27 0.001 10 25000 1.543e+14 191 3 1 1 
-5.78625e+14 -7.15437e-13 1.28938e-23 4.97118e+27 0.001 10 25000 1.543e+14 192 4 1 1 
-5.01475e+14 -2.30432e-12 -1.84198e-24 4.97118e+27 0.001 10 25000 1.543e+14 193 5 1 1 
-4.24325e+14 -1.05315e-12 -1.84198e-23 4.97118e+27 0.001 10 25000 1.543e+14 194 3 1 1 
-3.47175e+14 -1.13711e-12 3.31556e-23 4.97118e+27 0.001 10 25000 1.543e+14 195 4 1 1 
-2.70025e+14 -1.36637e-12 -2.02618e-23 4.97118e+27 0.001 10 25000 1.543e+14 196 5 1 1 
-1.92875e+14 -9.1178e-13 5.52593e-24 4.97118e+27 0.001 10 25000 1.543e+14 197 4 1 1 
-1.15725e+14 5.39804e-14 -5.52593e-24 4.97118e+27 0.001 10 25000 1.543e+14 198 4 1 1 
-3.8575e+13 -1.54933e-13 9.20989e-24 4.97118e+27 0.001 10 25000 1.543e+14 199 5 1 1 
3.8575e+13 -2.69956e-14 -1.47358e-23 4.97118e+27 0.001 10 25000 1.543e+14 200 5 1 1 
1.15725e+14 -3.32095e-13 3.68395e-24 4.97118e+27 0.001 10 25000 1.543e+14 201 3 1 1 
1.92875e+14 1.54779e-13 -1.84198e-24 4.97118e+27 0.001 10 25000 1.543e+14 202 4 1 1 
2.70025e+14 -6.60077e-13 5.52593e-24 4.97118e+27 0.001 10 25000 1.543e+14 203 4 1 1 
3.47175e+14 5.16631e-13 -3.68395e-24 4.97118e+27 0.001 10 25000 1.543e+14 204 4 1 1 
4.24325e+14 -7.34654e-13 7.9883e-39 4.97118e+27 0.001 10 25000 1.543e+14 205 4 1 1 
5.01475e+14 1.67607e-12 4.05235e-23 4.97118e+27 0.001 10 25000 1.543e+14 206 5 1 1 
5.78625e+14 2.31293e-12 -5.89433e-23 4.97118e+27 0.001 10 25000 1.543e+14 207 4 1 1 
6.55775e+14 2.54742e-12 3.68395e-23 4.97118e+27 0.001 10 25000 1.543e+14 208 3 1 1 
7.32925e+14 2.25472e-12 -1.10519e-23 4.97118e+27 0.001 10 25000 1.543e+14 209 5 1 1 
8.10075e+14 1.0016e-12 -3.73853e-38 4.97118e+27 0.001 10 25000 1.543e+14 210 4 1 1 
8.87225e+14 4.66977e-13 2.03429e-53 4.97118e+27 0.001 10 25000 1.543e+14 211 3 1 1 
9.64375e+14 1.59349e-12 -3.68395e-24 4.97118e+27 0.001 10 25000 1.543e+14 212 4 1 1 
1.04153e+15 6.84657e-13 1.78938e-38 4.97118e+27 0.001 10 25000 1.543e+14 213 5 1 1 
1.11868e+15 2.09434e-12 -1.27813e-39 4.97118e+27 0.001 10 25000 1.543e+14 214 5 1 1 
1.19583e+15 1.67134e-12 -1.45306e-54 4.97118e+27 0.001 10 25000 1.543e+14 215 5 1 1 
1.27298e+15 1.16856e-12 7.26532e-55 4.97118e+27 0.001 10 25000 1.543e+14 216 5 1 1 
1.35013e+15 1.00879e-12 7.26532e-55 4.97118e+27 0.001 10 25000 1.543e+14 217 5 1 1 
1.42728e+15 8.8246e-13 1.0898e-54 4.97118e+27 0.001 10 25000 1.543e+14 218 5 1 1 
1.50443e+15 1.02565e-12 -1.0898e-54 4.97118e+27 0.001 10 25000 1.543e+14 219 5 1 1 
1.58158e+15 7.56014e-13 -1.81633e-54 4.97118e+27 0.001 10 25000 1.543e+14 220 5 1 1 
1.65873e+15 9.39765e-14 2.54286e-54 4.97118e+27 0.001 10 25000 1.543e+14 221 5 1 1 
1.73588e+15 8.1147e-14 -1.84198e-24 4.97118e+27 0.001 10 25000 1.543e+14 222 5 1 1 
1.81303e+15 -9.27123e-14 1.28938e-23 4.97118e+27 0.001 10 25000 1.543e+14 223 5 1 1 
1.89018e+15 1.96512e-12 -7.18371e-23 4.97118e+27 0.001 10 25000 1.543e+14 224 3 1 1 
1.96733e+15 4.66631e-12 3.68395e-23 4.97118e+27 0.001 10 25000 1.543e+14 225 3 1 1 
2.04448e+15 1.47984e-12 1.28938e-23 4.97118e+27 0.001 10 25000 1.543e+14 226 5 1 1 
2.12163e+15 4.00467e-13 9.20989e-24 4.97118e+27 0.001 10 25000 1.543e+14 227 5 1 1 
2.19878e+15 8.7056e-14 1.84198e-24 4.97118e+27 0.001 10 25000 1.543e+14 228 5 1 1 
2.27593e+15 1.71688e-44 3.63266e-55 4.97118e+27 0.001 10 25000 1.543e+14 229 5 1 1 
2.35308e+15 0 0 4.97118e+27 0.001 10 25000 1.543e+14 230 5 1 1 
2.43023e+15 0 0 4.97118e+27 0.001 10 25000 1.543e+14 231 5 1 1 
2.50738e+15 0 0 4.97118e+27 0.001 10 25000 1.543e+14 232 5 1 1 
2.58453e+15 0 0 4.97118e+27 0.001 10 25000 1.543e+14 233 5 1 1 
2.66168e+15 0 0 4.97118e+27 0.001 10 25000 1.543e+14 234 5 1 1 
2.73883e+15 0 0 4.97118e+27 0.001 10 25000 1.543e+14 235 5 1 1 
2.81598e+15 0 0 4.97118e+27 0.001 10 25000 1.543e+14 236 5 1 1 
2.89313e+15 -1.45745e-42 -3.63266e-55 4.97118e+27 0.001 10 25000 1.543e+14 237 5 1 1 
2.97028e+15 -1.69188e-13 0 4.97118e+27 0.001 10 25000 1.543e+14 238 5 1 1 
3.04743e+15 -3.37357e-13 3.63266e-55 4.97118e+27 0.001 10 25000 1.543e+14 239 5 1 1 
3.12458e+15 1.58941e-12 0 4.97118e+27 0.001 10 25000 1.543e+14 240 5 1 1 
3.20173e+15 1.42405e-12 1.81633e-54 4.97118e+27 0.001 10 25000 1.543e+14 241 5 1 1 
3.27888e+15 2.52598e-12 -5.08572e-54 4.97118e+27 0.001 10 25000 1.543e+14 242 5 1 1 
3.35603e+15 8.63885e-13 2.54286e-54 4.97118e+27 0.001 10 25000 1.543e+14 243 5 1 1 
3.43318e+15 7.38387e-13 -1.84198e-24 4.97118e+27 0.001 10 25000 1.543e+14 244 5 1 1 
3.51033e+15 -1.42384e-12 1.0898e-53 4.97118e+27 0.001 10 25000 1.543e+14 245 5 1 1 
3.58748e+15 2.53087e-12 -1.19878e-53 4.97118e+27 0.001 10 25000 1.543e+14 246 5 1 1 
3.66463e+15 -2.42546e-13 1.27813e-39 4.97118e+27 0.001 10 25000 1.543e+14 247 5 1 1 
3.74178e+15 -2.09243e-14 -2.31661e-37 4.97118e+27 0.001 10 25000 1.543e+14 248 5 1 1 
3.81893e+15 -3.1251e-12 -2.32939e-37 4.97118e+27 0.001 10 25000 1.543e+14 249 4 1 1 
3.89608e+15 3.1251e-12 2.32939e-37 4.97118e+27 0.001 10 25000 1.543e+14 250 4 1 1 
3.97323e+15 2.09243e-14 2.31661e-37 4.97118e+27 0.001 10 25000 1.543e+14 251 5 1 1 
4.05038e+15 2.42546e-13 -1.27813e-39 4.97118e+27 0.001 10 25000 1.543e+14 252 5 1 1 
4.12753e+15 -2.53087e-12 1.19878e-53 4.97118e+27 0.001 10 25000 1.543e+14 253 5 1 1 
4.20468e+15 1.42384e-12 -1.0898e-53 4.97118e+27 0.001 10 25000 1.543e+14 254 5 1 1 
4.28183e+15 -7.38387e-13 1.84198e-24 4.97118e+27 0.001 10 25000 1.543e+14 255 5 1 1 
4.35898e+15 -8.63885e-13 -2.54286e-54 4.97118e+27 0.001 10 25000 1.543e+14 256 5 1 1 
4.43613e+15 -2.52598e-12 5.08572e-54 4.97118e+27 0.001 10 25000 1.543e+14 257 5 1 1 
4.51328e+15 -1.42405e-12 -1.81633e-54 4.97118e+27 0.001 10 25000 1.543e+14 258 5 1 1 
4.59043e+15 -1.58941e-12 0 4.97118e+27 0.001 10 25000 1.543e+14 259 5 1 1 
4.66758e+15 3.37357e-13 -3.63266e-55 4.97118e+27 0.001 10 25000 1.543e+14 260 5 1 1 
4.74473e+15 1.69188e-13 0 4.97118e+27 0.001 10 25000 1.543e+14 261 5 1 1 
4.82188e+15 1.45745e-42 3.63266e-55 4.97118e+27 0.001 10 25000 1.543e+14 262 5 1 1 
4.89903e+15 0 0 4.97118e+27 0.001 10 25000 1.543e+14 263 5 1 1 
4.97618e+15 0 0 4.97118e+27 0.001 10 25000 1.543e+14 264 5 1 1 
5.05333e+15 0 0 4.97118e+27 0.001 10 25000 1.543e+14 265 5 1 1 
5.13048e+15 0 0 4.97118e+27 0.001 10 25000 1.543e+14 266 5 1 1 
5.20763e+15 0 0 4.97118e+27 0.001 10 25000 1.543e+14 267 5 1 1 
5.28478e+15 0 0 4.97118e+27 0.001 10 25000 1.543e+14 268 5 1 1 
5.36193e+15 -3.4322e-45 -3.63266e-55 4.97118e+27 0.001 10 25000 1.543e+14 269 5 1 1 
5.43908e+15 -1.74033e-14 -1.84198e-24 4.97118e+27 0.001 10 25000 1.543e+14 270 5 1 1 
5.51623e+15 -1.21933e-13 9.20989e-24 4.97118e+27 0.001 10 25000 1.543e+14 271 5 1 1 
5.59338e+15 -6.371e-12 -4.45759e-22 4.97118e+27 0.001 10 25000 1.543e+14 272 4 1 1 
5.67053e+15 -4.12328e-11 -7.9205e-22 4.97118e+27 0.001 10 25000 1.543e+14 273 4 1 1 
5.74768e+15 -1.41523e-10 -3.75027e-21 4.97118e+27 0.001 10 25000 1.543e+14 274 4 1 1 
5.82482e+15 -4.73257e-10 -1.05987e-20 4.97118e+27 0.001 10 25000 1.543e+14 275 4 1 1 
5.90197e+15 -1.49621e-09 -3.27651e-20 4.97118e+27 0.001 10 25000 1.543e+14 276 4 1 1 
5.97912e+15 -4.55856e-09 -9.64975e-20 4.97118e+27 0.001 10 25000 1.543e+14 277 4 1 1 
6.05627e+15 -1.34453e-08 -2.7404e-19 4.97118e+27 0.001 10 25000 1.543e+14 278 4 1 1 
6.13342e+15 -3.8387e-08 -7.56797e-19 4.97118e+27 0.001 10 25000 1.543e+14 279 4 1 1 
6.21057e+15 -1.06433e-07 -2.02758e-18 4.97118e+27 0.001 10 25000 1.543e+14 280 4 1 1 
6.28772e+15 -2.86516e-07 -5.27592e-18 4.97118e+27 0.001 10 25000 1.543e+14 281 4 1 1 
6.36487e+15 -7.49795e-07 -1.33434e-17 4.97118e+27 0.001 10 25000 1.543e+14 282 4 1 1 
6.44202e+15 -1.90861e-06 -3.28224e-17 4.97118e+27 0.001 10 25000 1.543e+14 283 4 1 1 
6.51917e+15 -4.72875e-06 -7.85584e-17 4.97118e+27 0.001 10 25000 1.543e+14 284 4 1 1 
6.59632e+15 -1.14089e-05 -1.83038e-16 4.97118e+27 0.001 10 25000 1.543e+14 285 4 1 1 
6.67347e+15 -2.68168e-05 -4.15301e-16 4.97118e+27 0.001 10 25000 1.543e+14 286 4 1 1 
6.75062e+15 -6.1434e-05 -9.17918e-16 4.97118e+27 0.001 10 25000 1.543e+14 287 4 1 1 
6.82777e+15 -0.000137214 -1.97686e-15 4.97118e+27 0.001 10 25000 1.543e+14 288 4 1 1 
6.90492e+15 -0.000298888 -4.14932e-15 4.97118e+27 0.001 10 25000 1.543e+14 289 4 1 1 
6.98207e+15 -0.000635117 -8.48957e-15 4.97118e+27 0.001 10 25000 1.543e+14 290 4 1 1 
7.05922e+15 -0.00131684 -1.69342e-14 4.97118e+27 0.001 10 25000 1.543e+14 291 4 1 1 
7.13637e+15 -0.00266464 -3.29353e-14 4.97118e+27 0.001 10 25000 1.543e+14 292 4 1 1 
7.21352e+15 -0.00526308 -6.24609e-14 4.97118e+27 0.001 10.0001 25000 1.54299e+14 293 4 1 1 
7.29067e+15 -0.0101485 -1.15511e-13 4.97118e+27 0.00100001 10.0001 25000.1 1.54299e+14 294 4 1 1 
7.36782e+15 -0.0191066 -2.08309e-13 4.97118e+27 0.00100001 10.0002 25000.1 1.54298e+14 295 4 1 1 
7.44497e+15 -0.0351253 -3.66309e-13 4.97118e+27 0.00100003 10.0004 25000.3 1.54296e+14 296 4 1 1 
7.52212e+15 -0.063059 -6.28063e-13 4.97118e+27 0.00100005 10.0007 25000.5 1.54292e+14 297 4 1 1 
7.59926e+15 -0.110556 -1.04982e-12 4.97118e+27 0.00100009 10.0012 25000.8 1.54287e+14 298 4 1 1 
7.67641e+15 -0.189289 -1.71033e-12 4.97118e+27 0.00100015 10.002 25001.5 1.54277e+14 299 4 1 1 
7.75354e+15 -0.316492 -2.71493e-12 4.97118e+27 0.00100025 10.0034 25002.4 1.54262e+14 300 4 1 1 
7.83067e+15 -0.516711 -4.19703e-12 4.97118e+27 0.0010004 10.0056 25004 1.54238e+14 301 4 1 1 
7.90778e+15 -0.823566 -6.31444e-12 4.97118e+27 0.00100064 10.0089 25006.4 1.54201e+14 302 4 1 1 
7.98487e+15 -1.28112 -9.23699e-12 4.97118e+27 0.001001 10.014 25010 1.54146e+14 303 4 1 0.999999 
8.06193e+15 -1.94421 -1.31213e-11 4.97118e+27 0.00100152 10.0213 25015.2 1.54066e+14 304 4 1 0.999998 
8.13893e+15 -2.87677 -1.80693e-11 4.97118e+27 0.00100226 10.0316 25022.5 1.53952e+14 305 4 1 0.999997 
8.21588e+15 -4.1472 -2.40705e-11 4.97118e+27 0.00100327 10.0457 25032.6 1.53797e+14 306 4 1 0.999994 
8.29273e+15 -5.8197 -3.09348e-11 4.97118e+27 0.0010046 10.0644 25045.9 1.53593e+14 307 4 1 0.999991 
8.36947e+15 -7.94143 -3.82323e-11 4.97118e+27 0.00100631 10.0884 25063 1.53332e+14 308 4 1 0.999986 
8.44606e+15 -10.5265 -4.52713e-11 4.97118e+27 0.00100841 10.1178 25083.9 1.53014e+14 309 4 1 0.999981 
8.52248e+15 -13.5401 -5.11457e-11 4.97118e+27 0.00101087 10.1525 25108.5 1.5264e+14 310 4 1 0.999977 
8.59871e+15 -16.8875 -5.48666e-11 4.97118e+27 0.00101365 10.1916 25136.1 1.52223e+14 311 4 1 0.999974 
8.67471e+15 -20.4137 -5.55747e-11 4.97118e+27 0.00101661 10.2334 25165.5 1.51779e+14 312 4 1 0.999975 
8.75048e+15 -23.9158 -5.27135e-11 4.97118e+27 0.0010196 10.2756 25195.2 1.51334e+14 313 4 1 0.999978 
8.82604e+15 -27.1663 -4.62489e-11 4.97118e+27 0.00102242 10.3156 25223.2 1.50916e+14 314 4 1 0.999984 
8.9014e+15 -29.9364 -3.62336e-11 4.97118e+27 0.00102488 10.3504 25247.5 1.50554e+14 315 4 1 0.999995 
8.9766e+15 -31.8938 -1.6585e-11 4.97118e+27 0.00102652 10.374 25263.9 1.50314e+14 316 3 1 1 
9.05171e+15 -31.1267 7.63665e-11 4.97118e+27 0.00102463 10.3489 25246.6 1.50591e+14 317 4 1 1.00001 
9.12719e+15 -18.4933 3.12719e-10 4.97118e+27 0.00101448 10.2055 25146.4 1.52097e+14 318 4 1 0.999843 
9.20382e+15 1.80758 2.69916e-10 4.97118e+27 0.000999836 9.99669 24998.2 1.54325e+14 319 4 1 0.999379 
9.28152e+15 12.9834 8.63373e-11 4.97118e+27 0.000989998 9.85879 24898.8 1.55859e+14 320 4 1 0.999656 
9.35968e+15 17.902 8.82902e-11 4.97118e+27 0.000984278 9.78116 24842.7 1.56765e+14 321 4 1 0.9999 
9.43829e+15 27.1944 1.82617e-10 4.97118e+27 0.000976568 9.6746 24765.3 1.58002e+14 322 4 1 0.999858 
9.51769e+15 40.6187 2.04004e-10 4.97118e+27 0.000966137 9.52944 24658.6 1.59708e+14 323 4 1 0.999682 
9.598e+15 53.694 1.80412e-10 4.97118e+27 0.000955522 9.38287 24549.5 1.61482e+14 324 4 1 0.99964 
9.67918e+15 65.8794 1.74067e-10 4.97118e+27 0.000945482 9.24532 24446.1 1.63197e+14 325 4 1 0.999676 
9.7612e+15 78.3321 1.80537e-10 4.97118e+27 0.000935425 9.10803 24341.9 1.64952e+14 326 4 1 0.999674 
9.84413e+15 91.2704 1.83085e-10 4.97118e+27 0.000925127 8.96793 24234.3 1.66788e+14 327 4 1 0.99965 
9.928e+15 104.452 1.82484e-10 4.97118e+27 0.000914723 8.82704 24124.9 1.68685e+14 328 4 1 0.999633 
1.00128e+16 117.786 1.82546e-10 4.97118e+27 0.000904276 8.68622 24014.4 1.70634e+14 329 4 1 0.999622 
1.00986e+16 131.316 1.82687e-10 4.97118e+27 0.000893774 8.54533 23902.4 1.72639e+14 330 4 1 0.99961 
1.01855e+16 145.045 1.82679e-10 4.97118e+27 0.000883219 8.40438 23789.1 1.74702e+14 331 4 1 0.999596 
1.02733e+16 158.97 1.82802e-10 4.97118e+27 0.000872611 8.26341 23674.4 1.76826e+14 332 4 1 0.999583 
1.03623e+16 173.086 1.8247e-10 4.97118e+27 0.000861957 8.12251 23558.4 1.79011e+14 333 4 1 0.999569 
1.04524e+16 187.42 1.82197e-10 4.97118e+27 0.000851266 7.98182 23441.1 1.8126e+14 334 4 1 0.999555 
1.05436e+16 201.945 1.82357e-10 4.97118e+27 0.000840526 7.8412 23322.4 1.83576e+14 335 4 1 0.999541 
1.06359e+16 216.671 1.81697e-10 4.97118e+27 0.000829745 7.70076 23202.3 1.85961e+14 336 4 1 0.999525 
1.07295e+16 231.617 1.81758e-10 4.97118e+27 0.000818925 7.56055 23080.8 1.88418e+14 337 4 1 0.99951 
1.08244e+16 246.765 1.81361e-10 4.97118e+27 0.00080806 7.42049 22957.8 1.90951e+14 338 4 1 0.999493 
1.09205e+16 262.151 1.80635e-10 4.97118e+27 0.000797167 7.28083 22833.5 1.93561e+14 339 4 1 0.999476 
1.10179e+16 277.745 1.80739e-10 4.97118e+27 0.000786233 7.14142 22707.8 1.96252e+14 340 4 1 0.999459 
1.11168e+16 293.562 1.8004e-10 4.97118e+27 0.000775259 7.00227 22580.5 1.9903e+14 341 4 1 0.999439 
1.1217e+16 309.608 1.79528e-10 4.97118e+27 0.000764258 6.86356 22451.8 2.01895e+14 342 4 1 0.999421 
1.13187e+16 325.882 1.79004e-10 4.97118e+27 0.000753226 6.72526 22321.6 2.04852e+14 343 4 1 0.999401 
1.14218e+16 342.402 1.782e-10 4.97118e+27 0.000742169 6.58746 22190 2.07904e+14 344 4 1 0.999381 
1.15266e+16 359.154 1.77666e-10 4.97118e+27 0.000731088 6.45018 22056.9 2.11055e+14 345 4 1 0.999361 
1.16329e+16 376.114 1.76871e-10 4.97118e+27 0.000719984 6.31344 21922.2 2.1431e+14 346 4 1 0.999339 
1.17409e+16 393.341 1.75784e-10 4.97118e+27 0.00070887 6.17743 21786.3 2.1767e+14 347 4 1 0.999317 
1.18506e+16 410.753 1.7459e-10 4.97118e+27 0.00069776 6.04232 21649.1 2.21136e+14 348 4 1 0.999296 
1.19621e+16 428.386 1.72754e-10 4.97118e+27 0.000686678 5.9084 21510.9 2.24705e+14 349 4 1 0.999277 
1.20753e+16 446.13 1.70837e-10 4.97118e+27 0.000675648 5.77597 21372 2.28373e+14 350 4 1 0.999261 
1.21904e+16 463.958 1.67551e-10 4.97118e+27 0.000664721 5.64561 21233.1 2.32128e+14 351 4 1 0.999249 
1.23075e+16 481.751 1.63252e-10 4.97118e+27 0.000653972 5.51821 21095.1 2.35943e+14 352 4 1 0.999247 
1.24264e+16 499.32 1.57363e-10 4.97118e+27 0.000643492 5.39481 20959.3 2.39786e+14 353 4 1 0.999258 
1.25473e+16 516.487 1.49379e-10 4.97118e+27 0.000633402 5.27676 20827.2 2.43605e+14 354 4 1 0.999285 
1.267e+16 532.897 1.39351e-10 4.97118e+27 0.000623835 5.16552 20700.8 2.47341e+14 355 4 1 0.999332 
1.27946e+16 548.469 1.29067e-10 4.97118e+27 0.000614858 5.06177 20581.2 2.50952e+14 356 4 1 0.999391 
1.2921e+16 563.251 1.22109e-10 4.97118e+27 0.000606373 4.96427 20467.2 2.54464e+14 357 4 1 0.999443 
1.30491e+16 577.821 1.21707e-10 4.97118e+27 0.000598069 4.86939 20354.6 2.57997e+14 358 4 1 0.99946 
1.3179e+16 593.038 1.29107e-10 4.97118e+27 0.000589509 4.77213 20237.7 2.61743e+14 359 4 1 0.999422 
1.33109e+16 609.604 1.37582e-10 4.97118e+27 0.000580431 4.66957 20112.5 2.65837e+14 360 4 1 0.999334 
1.34449e+16 627.213 1.39989e-10 4.97118e+27 0.000571003 4.56371 19981.2 2.70226e+14 361 4 1 0.99925 
1.35811e+16 644.669 1.29602e-10 4.97118e+27 0.000561834 4.4614 19852.2 2.74637e+14 362 4 1 0.999244 
1.37195e+16 660.213 1.05731e-10 4.97118e+27 0.000553788 4.37218 19737.9 2.78626e+14 363 4 1 0.999373 
1.38597e+16 671.917 6.74708e-11 4.97118e+27 0.000547797 4.30608 19652.2 2.81674e+14 364 4 1 0.999616 
1.40012e+16 678.104 2.3238e-11 4.97118e+27 0.000544528 4.27017 19605.3 2.83365e+14 365 4 1 0.999871 
1.41431e+16 679.069 -3.72378e-12 4.97118e+27 0.00054361 4.26018 19592.2 2.83843e+14 366 5 1 0.999989 
1.4285e+16 678.797 -1.01265e-12 4.97118e+27 0.000543634 4.2605 19592.7 2.83831e+14 367 4 1 1 
1.44269e+16 678.521 -3.54618e-12 4.97118e+27 0.000543763 4.26193 19594.6 2.83763e+14 368 4 1 0.999999 
1.45688e+16 678.036 -4.07704e-12 4.97118e+27 0.000543986 4.2644 19597.9 2.83647e+14 369 4 1 0.999999 
1.47106e+16 677.464 -4.3248e-12 4.97118e+27 0.000544264 4.26746 19602 2.83502e+14 370 4 1 0.999999 
1.48523e+16 676.881 -4.14373e-12 4.97118e+27 0.00054456 4.27073 19606.3 2.83348e+14 371 4 1 0.999999 
1.49939e+16 676.339 -3.67754e-12 4.97118e+27 0.000544845 4.27387 19610.5 2.832e+14 372 4 1 0.999999 
1.51355e+16 675.863 -3.08961e-12 4.97118e+27 0.000545098 4.27668 19614.3 2.83068e+14 373 4 1 1 
1.5277e+16 675.463 -2.53088e-12 4.97118e+27 0.000545313 4.27906 19617.4 2.82957e+14 374 4 1 1 
1.54185e+16 675.137 -2.05314e-12 4.97118e+27 0.00054549 4.28103 19620.1 2.82865e+14 375 4 1 1 
1.55599e+16 674.872 -1.66336e-12 4.97118e+27 0.000545634 4.28263 19622.3 2.8279e+14 376 4 1 1 
1.57012e+16 674.657 -1.36463e-12 4.97118e+27 0.00054575 4.28393 19624.1 2.8273e+14 377 4 1 1 
1.58426e+16 674.48 -1.14371e-12 4.97118e+27 0.000545844 4.285 19625.6 2.82682e+14 378 4 1 1 
1.59839e+16 674.331 -9.76416e-13 4.97118e+27 0.000545922 4.28589 19626.8 2.82641e+14 379 4 1 1 
1.61252e+16 674.202 -8.47025e-13 4.97118e+27 0.000545988 4.28665 19627.9 2.82607e+14 380 4 1 1 
1.62665e+16 674.09 -7.46627e-13 4.97118e+27 0.000546044 4.28731 19628.9 2.82578e+14 381 4 1 1 
1.64078e+16 673.991 -6.64872e-13 4.97118e+27 0.000546093 4.28789 19629.8 2.82553e+14 382 4 1 1 
1.65491e+16 673.903 -5.9317e-13 4.97118e+27 0.000546135 4.2884 19630.7 2.82531e+14 383 4 1 1 
1.66904e+16 673.824 -5.28499e-13 4.97118e+27 0.000546172 4.28886 19631.5 2.82512e+14 384 4 1 1 
1.68316e+16 673.754 -4.70371e-13 4.97118e+27 0.000546203 4.28927 19632.2 2.82496e+14 385 4 1 1 
1.69728e+16 673.691 -4.18133e-13 4.97118e+27 0.00054623 4.28963 19632.9 2.82482e+14 386 4 1 1 
1.71141e+16 673.634 -3.71483e-13 4.97118e+27 0.000546252 4.28995 19633.6 2.82471e+14 387 4 1 1 
1.72553e+16 673.584 -3.30565e-13 4.97118e+27 0.000546269 4.29024 19634.3 2.82462e+14 388 4 1 1 
1.73965e+16 673.538 -2.9505e-13 4.97118e+27 0.000546282 4.29049 19635 2.82455e+14 389 4 1 1 
1.75378e+16 673.497 -2.64045e-13 4.97118e+27 0.000546291 4.29072 19635.7 2.8245e+14 390 4 1 1 
1.7679e+16 673.461 -2.36675e-13 4.97118e+27 0.000546295 4.29092 19636.5 2.82448e+14 391 3 1 1 
1.78202e+16 673.427 -2.12398e-13 4.97118e+27 0.000546295 4.2911 19637.3 2.82448e+14 392 4 1 1 
1.79614e+16 673.397 -1.90972e-13 4.97118e+27 0.000546288 4.29125 19638.2 2.82452e+14 393 4 1 1 
1.81027e+16 673.37 -1.72236e-13 4.97118e+27 0.000546265 4.29127 19639.2 2.82464e+14 394 4 1 1 
1.82439e+16 673.344 -1.55834e-13 4.97118e+27 0.000546168 4.29077 19640.3 2.82514e+14 395 4 1 1 
1.83852e+16 673.321 -1.41222e-13 4.97118e+27 0.000545752 4.28826 19643.8 2.82729e+14 396 4 1 0.999999 
1.85266e+16 673.3 -1.27943e-13 4.97118e+27 0.000544128 4.27078 19622.1 2.83573e+14 397 4 1 0.999987 
1.86688e+16 673.281 -1.15709e-13 4.97118e+27 0.000531001 4.11605 19378.8 2.90583e+14 398 4 1 0.999668 
1.88174e+16 673.262 -1.03957e-13 4.97118e+27 0.000506911 4.40295 21714.6 3.04393e+14 399 4 1 0.994707 
1.89734e+16 673.243 -9.26226e-14 4.97118e+27 0.000481367 4.15654 21587.2 3.20545e+14 400 4 1 0.993699 
1.91382e+16 673.225 -8.15778e-14 4.97118e+27 0.000458874 4.50114 24522.8 3.36258e+14 401 4 1 0.993694 
1.93098e+16 673.206 -7.08294e-14 4.97118e+27 0.000450255 4.30643 23911.1 3.42695e+14 402 5 1 0.998658 
1.94809e+16 673.189 -6.07356e-14 4.97118e+27 0.00045185 4.28967 23733.9 3.41485e+14 403 4 1 0.999967 
1.96513e+16 673.173 -5.12454e-14 4.97118e+27 0.00045347 4.28921 23646.6 3.40265e+14 404 4 1 0.999986 
1.98212e+16 673.158 -4.23859e-14 4.97118e+27 0.000454557 4.29054 23597.4 3.39452e+14 405 4 1 0.999994 
1.99907e+16 673.143 -3.42081e-14 4.97118e+27 0.000455254 4.29135 23565.7 3.38932e+14 406 4 1 0.999997 
2.01601e+16 673.129 -2.66472e-14 4.97118e+27 0.000455724 4.29177 23543.7 3.38582e+14 407 4 1 0.999999 
2.03293e+16 673.115 -1.94599e-14 4.97118e+27 0.000456058 4.292 23527.7 3.38334e+14 408 4 1 0.999999 
2.04984e+16 673.101 -1.22316e-14 4.97118e+27 0.000456305 4.29214 23515.7 3.38151e+14 409 4 1 1 
2.06675e+16 673.088 -4.396e-15 4.97118e+27 0.000456491 4.29222 23506.6 3.38013e+14 410 4 1 1 
2.08364e+16 673.074 4.83491e-15 4.97118e+27 0.000456635 4.29227 23499.5 3.37907e+14 411 4 1 1 
2.10054e+16 673.06 1.71868e-14 4.97118e+27 0.000456747 4.29229 23493.8 3.37824e+14 412 4 1 1 
2.11743e+16 673.043 3.85225e-14 4.97118e+27 0.000456835 4.29228 23489.2 3.37759e+14 413 4 1 1 
2.13431e+16 673.022 8.5892e-14 4.97118e+27 0.000456901 4.29221 23485.5 3.3771e+14 414 4 1 1 
2.1512e+16 672.984 2.17407e-13 4.97118e+27 0.000456941 4.29199 23482.2 3.3768e+14 415 3 1 1 
2.16808e+16 672.898 6.18364e-13 4.97118e+27 0.000456937 4.29131 23478.7 3.37684e+14 416 4 1 1 
2.18497e+16 672.658 1.82226e-12 4.97118e+27 0.000456817 4.28924 23473.5 3.37772e+14 417 4 1 1 
2.20186e+16 671.952 5.48972e-12 4.97118e+27 0.000456377 4.28306 23462.2 3.38097e+14 418 4 1 0.999998 
2.21878e+16 669.913 1.56789e-11 4.97118e+27 0.000455057 4.26539 23433.1 3.39078e+14 419 4 1 0.999985 
2.23577e+16 664.308 4.11405e-11 4.97118e+27 0.00045157 4.21942 23359.3 3.41697e+14 420 4 1 0.99989 
2.25295e+16 650.493 9.99719e-11 4.97118e+27 0.000443288 4.11097 23183.7 3.48081e+14 421 4 1 0.999357 
2.27058e+16 618.831 2.10025e-10 4.97118e+27 0.000426476 3.89263 22817.2 3.61802e+14 422 4 1 0.997167 
2.28915e+16 556.996 4.17723e-10 4.97118e+27 0.000396253 3.50535 22113.3 3.89397e+14 423 4 1 0.990972 
2.30963e+16 427.878 8.38199e-10 4.97118e+27 0.000349848 2.9265 20911.6 4.41049e+14 424 4 1 0.977822 
2.33362e+16 229.626 9.62268e-10 4.97118e+27 0.000299964 2.33663 19476.3 5.14396e+14 425 4 1 0.961156 
2.36153e+16 70.5022 5.18361e-10 4.97118e+27 0.00026642 1.96546 18446 5.7916e+14 426 4 1 0.969329 
2.39171e+16 9.70672 1.1909e-10 4.97118e+27 0.000253119 1.82649 18041 6.09594e+14 427 4 1 0.992157 
2.4225e+16 0.00610114 8.0442e-12 4.97118e+27 0.000250232 1.7973 17956.6 6.16628e+14 428 4 1 0.999513 
2.45337e+16 -0.135777 -1.60198e-12 4.97118e+27 0.000249979 1.79479 17949.4 6.17252e+14 429 5 1 0.999996 
2.48423e+16 0.00354932 -7.86321e-14 4.97118e+27 0.000249997 1.79497 17949.9 6.17207e+14 430 4 1 1 
2.51509e+16 0.00299698 1.5471e-14 4.97118e+27 0.000250001 1.79501 17950 6.17199e+14 431 3 1 1 
2.54595e+16 0.00077155 5.33841e-15 4.97118e+27 0.00025 1.795 17950 6.172e+14 432 4 1 1 
2.57681e+16 0.000174261 1.2596e-15 4.97118e+27 0.00025 1.795 17950 6.172e+14 433 4 1 1 
2.60767e+16 3.78842e-05 2.80085e-16 4.97118e+27 0.00025 1.795 17950 6.172e+14 434 4 1 1 
2.63853e+16 8.00085e-06 6.06737e-17 4.97118e+27 0.00025 1.795 17950 6.172e+14 435 4 1 1 
2.66939e+16 1.63696e-06 1.27845e-17 4.97118e+27 0.00025 1.795 17950 6.172e+14 436 4 1 1 
2.70025e+16 3.23094e-07 2.60774e-18 4.97118e+27 0.00025 1.795 17950 6.172e+14 437 4 1 1 
2.73111e+16 6.13029e-08 5.12684e-19 4.97118e+27 0.00025 1.795 17950 6.172e+14 438 4 1 1 
2.76197e+16 1.11527e-08 9.67015e-20 4.97118e+27 0.00025 1.795 17950 6.172e+14 439 4 1 1 
2.79283e+16 1.93836e-09 1.75011e-20 4.97118e+27 0.00025 1.795 17950 6.172e+14 440 4 1 1 
2.82369e+16 3.19009e-10 2.984e-21 4.97118e+27 0.00025 1.795 17950 6.172e+14 441 4 1 1 
2.85455e+16 4.26626e-11 5.61803e-22 4.97118e+27 0.00025 1.795 17950 6.172e+14 442 4 1 1 
2.88541e+16 7.95273e-13 3.26951e-23 4.97118e+27 0.00025 1.795 17950 6.172e+14 443 5 1 1 
2.91627e+16 -1.09608e-12 8.74939e-24 4.97118e+27 0.00025 1.795 17950 6.172e+14 444 5 1 1 
2.94713e+16 -4.36914e-12 2.76297e-24 4.97118e+27 0.00025 1.795 17950 6.172e+14 445 5 1 1 
2.97799e+16 7.64718e-12 -3.68395e-24 4.97118e+27 0.00025 1.795 17950 6.172e+14 446 5 1 1 
3.00885e+16 1.06603e-12 -9.20989e-25 4.97118e+27 0.00025 1.795 17950 6.172e+14 447 5 1 1 
3.03971e+16 7.30595e-13 6.44692e-24 4.97118e+27 0.00025 1.795 17950 6.172e+14 448 5 1 1 
3.07057e+16 -7.55582e-12 1.05914e-23 4.97118e+27 0.00025 1.795 17950 6.172e+14 449 3 1 1 
3.10143e+16 7.55582e-12 -1.05914e-23 4.97118e+27 0.00025 1.795 17950 6.172e+14 450 3 1 1 
3.13229e+16 -7.30595e-13 -6.44692e-24 4.97118e+27 0.00025 1.795 17950 6.172e+14 451 5 1 1 
3.16315e+16 -1.06603e-12 9.20989e-25 4.97118e+27 0.00025 1.795 17950 6.172e+14 452 5 1 1 
3.19401e+16 -7.64718e-12 3.68395e-24 4.97118e+27 0.00025 1.795 17950 6.172e+14 453 5 1 1 
3.22487e+16 4.36914e-12 -2.76297e-24 4.97118e+27 0.00025 1.795 17950 6.172e+14 454 5 1 1 
3.25573e+16 1.06995e-12 -8.74939e-24 4.97118e+27 0.00025 1.795 17950 6.172e+14 455 5 1 1 
3.28659e+16 -1.0914e-12 -2.34852e-23 4.97118e+27 0.00025 1.795 17950 6.172e+14 456 5 1 1 
3.31745e+16 -3.04857e-11 -5.24503e-22 4.97118e+27 0.00025 1.795 17950 6.172e+14 457 4 1 1 
3.34831e+16 -3.1743e-10 -2.98723e-21 4.97118e+27 0.00025 1.795 17950 6.172e+14 458 4 1 1 
3.37917e+16 -1.94903e-09 -1.75098e-20 4.97118e+27 0.00025 1.795 17950 6.172e+14 459 4 1 1 
3.41003e+16 -1.1148e-08 -9.68599e-20 4.97118e+27 0.00025 1.795 17950 6.172e+14 460 4 1 1 
3.44089e+16 -6.13008e-08 -5.12522e-19 4.97118e+27 0.00025 1.795 17950 6.172e+14 461 4 1 1 
3.47175e+16 -3.23108e-07 -2.60791e-18 4.97118e+27 0.00025 1.795 17950 6.172e+14 462 4 1 1 
3.50261e+16 -1.63695e-06 -1.27841e-17 4.97118e+27 0.00025 1.795 17950 6.172e+14 463 4 1 1 
3.53347e+16 -8.00082e-06 -6.06741e-17 4.97118e+27 0.00025 1.795 17950 6.172e+14 464 4 1 1 
3.56433e+16 -3.78842e-05 -2.80085e-16 4.97118e+27 0.00025 1.795 17950 6.172e+14 465 4 1 1 
3.59519e+16 -0.000174261 -1.2596e-15 4.97118e+27 0.00025 1.795 17950 6.172e+14 466 4 1 1 
3.62605e+16 -0.00077155 -5.33841e-15 4.97118e+27 0.00025 1.795 17950 6.172e+14 467 4 1 1 
3.65691e+16 -0.00299698 -1.5471e-14 4.97118e+27 0.000250001 1.79501 17950 6.17199e+14 468 3 1 1 
3.68777e+16 -0.00354932 7.86321e-14 4.97118e+27 0.000249997 1.79497 17949.9 6.17207e+14 469 4 1 1 
3.71863e+16 0.135777 1.60198e-12 4.97118e+27 0.000249979 1.79479 17949.4 6.17252e+14 470 5 1 0.999996 
3.7495e+16 -0.00610114 -8.0442e-12 4.97118e+27 0.000250232 1.7973 17956.6 6.16628e+14 471 4 1 0.999513 
3.78029e+16 -9.70672 -1.1909e-10 4.97118e+27 0.000253119 1.82649 18041 6.09594e+14 472 4 1 0.992157 
3.81047e+16 -70.5022 -5.18361e-10 4.97118e+27 0.00026642 1.96546 18446 5.7916e+14 473 4 1 0.969329 
3.83838e+16 -229.626 -9.62268e-10 4.97118e+27 0.000299964 2.33663 19476.3 5.14396e+14 474 4 1 0.961156 
3.86237e+16 -427.878 -8.38199e-10 4.97118e+27 0.000349848 2.9265 20911.6 4.41049e+14 475 4 1 0.977822 
3.88285e+16 -556.996 -4.17723e-10 4.97118e+27 0.000396253 3.50535 22113.3 3.89397e+14 476 4 1 0.990972 
3.90142e+16 -618.831 -2.10025e-10 4.97118e+27 0.000426476 3.89263 22817.2 3.61802e+14 477 4 1 0.997167 
3.91905e+16 -650.493 -9.99719e-11 4.97118e+27 0.000443288 4.11097 23183.7 3.48081e+14 478 4 1 0.999357 
3.93623e+16 -664.308 -4.11405e-11 4.97118e+27 0.00045157 4.21942 23359.3 3.41697e+14 479 4 1 0.99989 
3.95322e+16 -669.913 -1.56789e-11 4.97118e+27 0.000455057 4.26539 23433.1 3.39078e+14 480 4 1 0.999985 
3.97014e+16 -671.952 -5.48972e-12 4.97118e+27 0.000456377 4.28306 23462.2 3.38097e+14 481 4 1 0.999998 
3.98703e+16 -672.658 -1.82226e-12 4.97118e+27 0.000456817 4.28924 23473.5 3.37772e+14 482 4 1 1 
4.00392e+16 -672.898 -6.18364e-13 4.97118e+27 0.000456937 4.29131 23478.7 3.37684e+14 483 4 1 1 
4.0208e+16 -672.984 -2.17407e-13 4.97118e+27 0.000456941 4.29199 23482.2 3.3768e+14 484 3 1 1 
4.03769e+16 -673.022 -8.5892e-14 4.97118e+27 0.000456901 4.29221 23485.5 3.3771e+14 485 4 1 1 
4.05457e+16 -673.043 -3.85225e-14 4.97118e+27 0.000456835 4.29228 23489.2 3.37759e+14 486 4 1 1 
4.07146e+16 -673.06 -1.71868e-14 4.97118e+27 0.000456747 4.29229 23493.8 3.37824e+14 487 4 1 1 
4.08836e+16 -673.074 -4.83491e-15 4.97118e+27 0.000456635 4.29227 23499.5 3.37907e+14 488 4 1 1 
4.10525e+16 -673.088 4.396e-15 4.97118e+27 0.000456491 4.29222 23506.6 3.38013e+14 489 4 1 1 
4.12216e+16 -673.101 1.22316e-14 4.97118e+27 0.000456305 4.29214 23515.7 3.38151e+14 490 4 1 1 
4.13907e+16 -673.115 1.94599e-14 4.97118e+27 0.000456058 4.292 23527.7 3.38334e+14 491 4 1 0.999999 
4.15599e+16 -673.129 2.66472e-14 4.97118e+27 0.000455724 4.29177 23543.7 3.38582e+14 492 4 1 0.999999 
4.17293e+16 -673.143 3.42081e-14 4.97118e+27 0.000455254 4.29135 23565.7 3.38932e+14 493 4 1 0.999997 
4.18988e+16 -673.158 4.23859e-14 4.97118e+27 0.000454557 4.29054 23597.4 3.39452e+14 494 4 1 0.999994 
4.20687e+16 -673.173 5.12454e-14 4.97118e+27 0.00045347 4.28921 23646.6 3.40265e+14 495 4 1 0.999986 
4.22391e+16 -673.189 6.07356e-14 4.97118e+27 0.00045185 4.28967 23733.9 3.41485e+14 496 4 1 0.999967 
4.24102e+16 -673.206 7.08294e-14 4.97118e+27 0.000450255 4.30643 23911.1 3.42695e+14 497 5 1 0.998658 
4.25818e+16 -673.225 8.15778e-14 4.97118e+27 0.000458874 4.50114 24522.8 3.36258e+14 498 4 1 0.993694 
4.27466e+16 -673.243 9.26226e-14 4.97118e+27 0.000481367 4.15654 21587.2 3.20545e+14 499 4 1 0.993699 
