# Time [s]: 5.16951e+12
# Columns: pos [pc], vel [pc/s], acc [pc/s^2], mass [Msun], dens [g/cm^3], pres [barye], ene [erg/g], sml [pc], id, neighbor, alpha, gradh, ...additional?
4.28772e+16 -673.258 1.01498e-13 4.97118e+27 0.000506913 4.40298 21714.7 3.04391e+14 0 4 1 0.994707 
4.30258e+16 -673.276 1.1291e-13 4.97118e+27 0.000531003 4.11608 19378.8 2.90582e+14 1 4 1 0.999668 
4.31679e+16 -673.296 1.24744e-13 4.97118e+27 0.000544131 4.27081 19622.2 2.83571e+14 2 4 1 0.999987 
4.33093e+16 -673.316 1.3757e-13 4.97118e+27 0.000545755 4.2883 19643.9 2.82727e+14 3 4 1 0.999999 
4.34506e+16 -673.339 1.51728e-13 4.97118e+27 0.000546172 4.29081 19640.4 2.82512e+14 4 4 1 1 
4.35919e+16 -673.363 1.67677e-13 4.97118e+27 0.000546268 4.29131 19639.2 2.82462e+14 5 4 1 1 
4.37331e+16 -673.39 1.85883e-13 4.97118e+27 0.000546292 4.29129 19638.3 2.8245e+14 6 4 1 1 
4.38743e+16 -673.419 2.06604e-13 4.97118e+27 0.000546299 4.29115 19637.3 2.82446e+14 7 4 1 1 
4.40155e+16 -673.452 2.29986e-13 4.97118e+27 0.0005463 4.29098 19636.6 2.82445e+14 8 3 1 1 
4.41567e+16 -673.488 2.56325e-13 4.97118e+27 0.000546296 4.29078 19635.8 2.82447e+14 9 4 1 1 
4.4298e+16 -673.527 2.86248e-13 4.97118e+27 0.000546288 4.29056 19635.1 2.82452e+14 10 4 1 1 
4.44392e+16 -673.571 3.20657e-13 4.97118e+27 0.000546276 4.29032 19634.4 2.82458e+14 11 4 1 1 
4.45804e+16 -673.62 3.60331e-13 4.97118e+27 0.000546259 4.29004 19633.7 2.82467e+14 12 4 1 1 
4.47217e+16 -673.675 4.05471e-13 4.97118e+27 0.000546238 4.28973 19633 2.82477e+14 13 4 1 1 
4.48629e+16 -673.736 4.5604e-13 4.97118e+27 0.000546213 4.28937 19632.3 2.82491e+14 14 4 1 1 
4.50042e+16 -673.804 5.12394e-13 4.97118e+27 0.000546183 4.28898 19631.6 2.82506e+14 15 4 1 1 
4.51454e+16 -673.881 5.74848e-13 4.97118e+27 0.000546147 4.28853 19630.8 2.82525e+14 16 4 1 1 
4.52867e+16 -673.966 6.43773e-13 4.97118e+27 0.000546106 4.28804 19630 2.82546e+14 17 4 1 1 
4.5428e+16 -674.062 7.22562e-13 4.97118e+27 0.000546059 4.28747 19629.2 2.8257e+14 18 4 1 1 
4.55693e+16 -674.171 8.1887e-13 4.97118e+27 0.000546005 4.28684 19628.2 2.82598e+14 19 4 1 1 
4.57106e+16 -674.295 9.40417e-13 4.97118e+27 0.000545942 4.28611 19627.1 2.82631e+14 20 4 1 1 
4.58519e+16 -674.438 1.09527e-12 4.97118e+27 0.000545867 4.28525 19625.9 2.82669e+14 21 4 1 1 
4.59932e+16 -674.607 1.30027e-12 4.97118e+27 0.000545777 4.28424 19624.5 2.82716e+14 22 4 1 1 
4.61346e+16 -674.811 1.57774e-12 4.97118e+27 0.000545668 4.283 19622.8 2.82773e+14 23 4 1 1 
4.6276e+16 -675.061 1.93985e-12 4.97118e+27 0.000545532 4.28149 19620.7 2.82843e+14 24 4 1 1 
-1.53026e+16 -675.37 2.39209e-12 4.97118e+27 0.000545365 4.27963 19618.2 2.8293e+14 25 4 1 1 
-1.51611e+16 -675.749 2.93604e-12 4.97118e+27 0.00054516 4.27736 19615.1 2.83036e+14 26 4 1 1 
-1.50195e+16 -676.203 3.5188e-12 4.97118e+27 0.000544917 4.27467 19611.6 2.83162e+14 27 4 1 0.999999 
-1.48779e+16 -676.727 4.00806e-12 4.97118e+27 0.000544641 4.27162 19607.5 2.83306e+14 28 4 1 0.999999 
-1.47362e+16 -677.302 4.27218e-12 4.97118e+27 0.000544347 4.26838 19603.2 2.83459e+14 29 4 1 0.999999 
-1.45944e+16 -677.88 4.19692e-12 4.97118e+27 0.000544064 4.26525 19599 2.83606e+14 30 4 1 0.999999 
-1.44526e+16 -678.384 3.67957e-12 4.97118e+27 0.000543822 4.26258 19595.5 2.83732e+14 31 4 1 0.999999 
-1.43107e+16 -678.745 1.77558e-12 4.97118e+27 0.000543673 4.26093 19593.3 2.8381e+14 32 4 1 1 
-1.41688e+16 -678.92 3.89092e-12 4.97118e+27 0.000543589 4.25998 19592 2.83854e+14 33 5 1 0.999996 
-1.40269e+16 -678.776 -1.25371e-11 4.97118e+27 0.000544101 4.2655 19599.2 2.83587e+14 34 4 1 0.999922 
-1.38852e+16 -674.229 -5.47608e-11 4.97118e+27 0.000546595 4.29286 19635 2.82293e+14 35 4 1 0.999697 
-1.37446e+16 -664.025 -9.5718e-11 4.97118e+27 0.000551833 4.35057 19710 2.79614e+14 36 4 1 0.99944 
-1.36056e+16 -649.456 -1.23351e-10 4.97118e+27 0.000559341 4.4337 19816.9 2.7586e+14 37 4 1 0.999275 
-1.34687e+16 -632.466 -1.37575e-10 4.97118e+27 0.000568228 4.53267 19942.2 2.71546e+14 38 4 1 0.999244 
-1.3334e+16 -614.829 -1.38529e-10 4.97118e+27 0.000577608 4.6378 20073.3 2.67136e+14 39 4 1 0.999311 
-1.32015e+16 -597.967 -1.31462e-10 4.97118e+27 0.00058679 4.74134 20200.3 2.62956e+14 40 4 1 0.999405 
-1.3071e+16 -582.441 -1.2263e-10 4.97118e+27 0.000595456 4.83964 20319 2.59129e+14 41 4 1 0.99946 
-1.29424e+16 -567.839 -1.20537e-10 4.97118e+27 0.000603749 4.93423 20431.7 2.5557e+14 42 4 1 0.99946 
-1.28155e+16 -553.283 -1.255e-10 4.97118e+27 0.000612085 5.02985 20544 2.52089e+14 43 4 1 0.999416 
-1.26903e+16 -538.091 -1.35251e-10 4.97118e+27 0.000620833 5.13075 20660.9 2.48537e+14 44 4 1 0.999359 
-1.25669e+16 -522.057 -1.45088e-10 4.97118e+27 0.000630149 5.23885 20784.3 2.44863e+14 45 4 1 0.999307 
-1.24454e+16 -505.21 -1.54009e-10 4.97118e+27 0.00064001 5.35399 20913.8 2.4109e+14 46 4 1 0.999274 
-1.23258e+16 -487.871 -1.60262e-10 4.97118e+27 0.000650304 5.47494 21047.7 2.37273e+14 47 4 1 0.999259 
-1.22081e+16 -470.251 -1.65104e-10 4.97118e+27 0.000660899 5.60022 21184.2 2.3347e+14 48 4 1 0.999256 
-1.20923e+16 -452.553 -1.68674e-10 4.97118e+27 0.000671701 5.72878 21322 2.29715e+14 49 4 1 0.999266 
-1.19784e+16 -434.882 -1.70701e-10 4.97118e+27 0.00068262 5.85958 21460 2.26041e+14 50 4 1 0.99928 
-1.18663e+16 -417.327 -1.72917e-10 4.97118e+27 0.000693609 5.99206 21597.5 2.2246e+14 51 4 1 0.999299 
-1.17559e+16 -399.957 -1.73955e-10 4.97118e+27 0.000704634 6.12581 21734.1 2.18979e+14 52 4 1 0.999318 
-1.16473e+16 -382.778 -1.75423e-10 4.97118e+27 0.00071567 6.26055 21869.6 2.15602e+14 53 4 1 0.99934 
-1.15403e+16 -365.843 -1.75927e-10 4.97118e+27 0.0007267 6.39605 22003.8 2.1233e+14 54 4 1 0.999361 
-1.14349e+16 -349.114 -1.76669e-10 4.97118e+27 0.000737707 6.53207 22136.5 2.09162e+14 55 4 1 0.999381 
-1.13311e+16 -332.625 -1.77507e-10 4.97118e+27 0.000748696 6.66869 22267.8 2.06092e+14 56 4 1 0.999402 
-1.12288e+16 -316.37 -1.77991e-10 4.97118e+27 0.000759661 6.80582 22397.6 2.03117e+14 57 4 1 0.999421 
-1.1128e+16 -300.345 -1.78571e-10 4.97118e+27 0.000770596 6.94337 22526 2.00235e+14 58 4 1 0.99944 
-1.10286e+16 -284.552 -1.79143e-10 4.97118e+27 0.000781504 7.08135 22653 1.9744e+14 59 4 1 0.999459 
-1.09305e+16 -268.956 -1.79183e-10 4.97118e+27 0.000792371 7.21959 22778.5 1.94732e+14 60 4 1 0.999476 
-1.08338e+16 -253.6 -1.79996e-10 4.97118e+27 0.000803205 7.35815 22902.5 1.92105e+14 61 4 1 0.999493 
-1.07384e+16 -238.463 -1.80165e-10 4.97118e+27 0.000814008 7.49707 23025.2 1.89556e+14 62 4 1 0.999509 
-1.06443e+16 -223.52 -1.80445e-10 4.97118e+27 0.000824769 7.63618 23146.5 1.87083e+14 63 4 1 0.999525 
-1.05513e+16 -208.815 -1.80781e-10 4.97118e+27 0.000835491 7.77552 23266.4 1.84682e+14 64 4 1 0.99954 
-1.04596e+16 -194.285 -1.80785e-10 4.97118e+27 0.00084617 7.91501 23384.9 1.82351e+14 65 4 1 0.999554 
-1.0369e+16 -179.966 -1.81232e-10 4.97118e+27 0.000856808 8.05466 23502 1.80087e+14 66 4 1 0.999568 
-1.02795e+16 -165.858 -1.81328e-10 4.97118e+27 0.000867408 8.19451 23617.9 1.77886e+14 67 4 1 0.999582 
-1.01911e+16 -151.931 -1.81371e-10 4.97118e+27 0.000877961 8.33443 23732.4 1.75748e+14 68 4 1 0.999595 
-1.01037e+16 -138.203 -1.81425e-10 4.97118e+27 0.000888467 8.47437 23845.6 1.7367e+14 69 4 1 0.999608 
-1.00174e+16 -124.669 -1.81322e-10 4.97118e+27 0.000898921 8.6143 23957.4 1.7165e+14 70 4 1 0.999621 
-9.93208e+15 -111.327 -1.8102e-10 4.97118e+27 0.000909318 8.7541 24067.8 1.69688e+14 71 4 1 0.999632 
-9.84772e+15 -98.1725 -1.81737e-10 4.97118e+27 0.000919674 8.89399 24177.1 1.67777e+14 72 4 1 0.999644 
-9.7643e+15 -85.1818 -1.81328e-10 4.97118e+27 0.000929977 9.03383 24285.1 1.65918e+14 73 4 1 0.999666 
-9.68179e+15 -72.5014 -1.76273e-10 4.97118e+27 0.000940101 9.17182 24390.5 1.64131e+14 74 4 1 0.999685 
-9.60016e+15 -60.3506 -1.7266e-10 4.97118e+27 0.000950008 9.30725 24492.8 1.6242e+14 75 4 1 0.999668 
-9.51937e+15 -48.0573 -1.88509e-10 4.97118e+27 0.000960161 9.44673 24597.2 1.60702e+14 76 4 1 0.999642 
-9.43945e+15 -34.5938 -2.04308e-10 4.97118e+27 0.000970865 9.59512 24707 1.58931e+14 77 4 1 0.999753 
-9.36043e+15 -22.3456 -1.47273e-10 4.97118e+27 0.000980409 9.72797 24804.2 1.57383e+14 78 4 1 0.999905 
-9.28207e+15 -15.5828 -6.16118e-11 4.97118e+27 0.000986757 9.81487 24867 1.56371e+14 79 4 1 0.999851 
-9.20406e+15 -9.69397 -1.47182e-10 4.97118e+27 0.000993293 9.90441 24931.7 1.55342e+14 80 4 1 0.999485 
-9.12672e+15 6.06772 -3.26757e-10 4.97118e+27 0.00100566 10.0796 25057.4 1.53432e+14 81 4 1 0.999526 
-9.05062e+15 25.4147 -2.27656e-10 4.97118e+27 0.00101959 10.278 25197.3 1.51335e+14 82 4 1 0.99997 
-8.97538e+15 32.0695 -1.46352e-11 4.97118e+27 0.00102611 10.3691 25260.6 1.50374e+14 83 3 1 1 
-8.90024e+15 31.1435 2.77421e-11 4.97118e+27 0.00102594 10.3655 25258.1 1.50399e+14 84 4 1 1 
-8.82498e+15 28.8069 4.02434e-11 4.97118e+27 0.00102388 10.3363 25237.6 1.50701e+14 85 4 1 0.99999 
-8.74954e+15 25.8404 4.88872e-11 4.97118e+27 0.00102127 10.2993 25211.8 1.51086e+14 86 4 1 0.999982 
-8.6739e+15 22.4873 5.38882e-11 4.97118e+27 0.00101838 10.2584 25183.1 1.51516e+14 87 4 1 0.999977 
-8.59803e+15 18.9743 5.53046e-11 4.97118e+27 0.0010154 10.2163 25153.5 1.5196e+14 88 4 1 0.999975 
-8.52194e+15 15.5194 5.33739e-11 4.97118e+27 0.00101251 10.1756 25124.8 1.52393e+14 89 4 1 0.999975 
-8.44563e+15 12.3067 4.87646e-11 4.97118e+27 0.00100986 10.1383 25098.4 1.52793e+14 90 4 1 0.999979 
-8.36914e+15 9.46731 4.24014e-11 4.97118e+27 0.00100755 10.1058 25075.3 1.53144e+14 91 4 1 0.999984 
-8.29249e+15 7.07147 3.52446e-11 4.97118e+27 0.00100561 10.0786 25056 1.53439e+14 92 4 1 0.999988 
-8.2157e+15 5.13381 2.8117e-11 4.97118e+27 0.00100406 10.0567 25040.5 1.53677e+14 93 4 1 0.999992 
-8.13881e+15 3.62639 2.16035e-11 4.97118e+27 0.00100285 10.0399 25028.5 1.53861e+14 94 4 1 0.999995 
-8.06184e+15 2.49481 1.60345e-11 4.97118e+27 0.00100196 10.0273 25019.5 1.53999e+14 95 4 1 0.999997 
-7.98481e+15 1.67298 1.15247e-11 4.97118e+27 0.00100131 10.0183 25013 1.54098e+14 96 4 1 0.999999 
-7.90774e+15 1.09428 8.03711e-12 4.97118e+27 0.00100085 10.0119 25008.5 1.54168e+14 97 4 1 0.999999 
-7.83065e+15 0.698504 5.44657e-12 4.97118e+27 0.00100054 10.0076 25005.4 1.54216e+14 98 4 1 1 
-7.75353e+15 0.435287 3.5908e-12 4.97118e+27 0.00100034 10.0047 25003.4 1.54248e+14 99 4 1 1 
-7.6764e+15 0.264883 2.30496e-12 4.97118e+27 0.00100021 10.0029 25002 1.54268e+14 100 4 1 1 
-7.59926e+15 0.157425 1.44145e-12 4.97118e+27 0.00100012 10.0017 25001.2 1.54281e+14 101 4 1 1 
-7.52212e+15 0.0913831 8.78584e-13 4.97118e+27 0.00100007 10.001 25000.7 1.54289e+14 102 4 1 1 
-7.44497e+15 0.0518135 5.22082e-13 4.97118e+27 0.00100004 10.0006 25000.4 1.54294e+14 103 4 1 1 
-7.36782e+15 0.0286944 3.02518e-13 4.97118e+27 0.00100002 10.0003 25000.2 1.54297e+14 104 4 1 1 
-7.29067e+15 0.0155206 1.70952e-13 4.97118e+27 0.00100001 10.0002 25000.1 1.54298e+14 105 4 1 1 
-7.21352e+15 0.0081986 9.42191e-14 4.97118e+27 0.00100001 10.0001 25000.1 1.54299e+14 106 4 1 1 
-7.13637e+15 0.0042291 5.0647e-14 4.97118e+27 0.001 10 25000 1.54299e+14 107 4 1 1 
-7.05922e+15 0.00212999 2.6553e-14 4.97118e+27 0.001 10 25000 1.543e+14 108 4 1 1 
-6.98207e+15 0.00104728 1.35768e-14 4.97118e+27 0.001 10 25000 1.543e+14 109 4 1 1 
-6.90492e+15 0.000502605 6.76968e-15 4.97118e+27 0.001 10 25000 1.543e+14 110 4 1 1 
-6.82777e+15 0.000235386 3.29137e-15 4.97118e+27 0.001 10 25000 1.543e+14 111 4 1 1 
-6.75062e+15 0.000107553 1.56012e-15 4.97118e+27 0.001 10 25000 1.543e+14 112 4 1 1 
-6.67347e+15 4.79334e-05 7.20828e-16 4.97118e+27 0.001 10 25000 1.543e+14 113 4 1 1 
-6.59632e+15 2.083e-05 3.24561e-16 4.97118e+27 0.001 10 25000 1.543e+14 114 4 1 1 
-6.51917e+15 8.82326e-06 1.42375e-16 4.97118e+27 0.001 10 25000 1.543e+14 115 4 1 1 
-6.44202e+15 3.64149e-06 6.08284e-17 4.97118e+27 0.001 10 25000 1.543e+14 116 4 1 1 
-6.36487e+15 1.46367e-06 2.53015e-17 4.97118e+27 0.001 10 25000 1.543e+14 117 4 1 1 
-6.28772e+15 5.72679e-07 1.02418e-17 4.97118e+27 0.001 10 25000 1.543e+14 118 4 1 1 
-6.21057e+15 2.17953e-07 4.03225e-18 4.97118e+27 0.001 10 25000 1.543e+14 119 4 1 1 
-6.13342e+15 8.06472e-08 1.54345e-18 4.97118e+27 0.001 10 25000 1.543e+14 120 4 1 1 
-6.05627e+15 2.89896e-08 5.73457e-19 4.97118e+27 0.001 10 25000 1.543e+14 121 4 1 1 
-5.97912e+15 1.00944e-08 2.07204e-19 4.97118e+27 0.001 10 25000 1.543e+14 122 4 1 1 
-5.90197e+15 3.43398e-09 7.23234e-20 4.97118e+27 0.001 10 25000 1.543e+14 123 4 1 1 
-5.82482e+15 1.11461e-09 2.4432e-20 4.97118e+27 0.001 10 25000 1.543e+14 124 4 1 1 
-5.74767e+15 3.59778e-10 8.39573e-21 4.97118e+27 0.001 10 25000 1.543e+14 125 4 1 1 
-5.67052e+15 1.01581e-10 2.23248e-21 4.97118e+27 0.001 10 25000 1.543e+14 126 4 1 1 
-5.59337e+15 3.21898e-11 1.12361e-21 4.97118e+27 0.001 10 25000 1.543e+14 127 4 1 1 
-5.51622e+15 2.14285e-12 8.2889e-23 4.97118e+27 0.001 10 25000 1.543e+14 128 5 1 1 
-5.43907e+15 2.2649e-13 2.02618e-23 4.97118e+27 0.001 10 25000 1.543e+14 129 5 1 1 
-5.36192e+15 4.81037e-44 4.35919e-54 4.97118e+27 0.001 10 25000 1.543e+14 130 5 1 1 
-5.28477e+15 0 0 4.97118e+27 0.001 10 25000 1.543e+14 131 5 1 1 
-5.20762e+15 0 0 4.97118e+27 0.001 10 25000 1.543e+14 132 5 1 1 
-5.13047e+15 0 0 4.97118e+27 0.001 10 25000 1.543e+14 133 5 1 1 
-5.05332e+15 0 0 4.97118e+27 0.001 10 25000 1.543e+14 134 5 1 1 
-4.97617e+15 0 0 4.97118e+27 0.001 10 25000 1.543e+14 135 5 1 1 
-4.89902e+15 0 0 4.97118e+27 0.001 10 25000 1.543e+14 136 5 1 1 
-4.82187e+15 0 0 4.97118e+27 0.001 10 25000 1.543e+14 137 5 1 1 
-4.74472e+15 0 0 4.97118e+27 0.001 10 25000 1.543e+14 138 5 1 1 
-4.66757e+15 0 0 4.97118e+27 0.001 10 25000 1.543e+14 139 5 1 1 
-4.59042e+15 0 0 4.97118e+27 0.001 10 25000 1.543e+14 140 5 1 1 
-4.51327e+15 0 0 4.97118e+27 0.001 10 25000 1.543e+14 141 5 1 1 
-4.43612e+15 0 0 4.97118e+27 0.001 10 25000 1.543e+14 142 5 1 1 
-4.35897e+15 0 0 4.97118e+27 0.001 10 25000 1.543e+14 143 5 1 1 
-4.28182e+15 0 0 4.97118e+27 0.001 10 25000 1.543e+14 144 5 1 1 
-4.20467e+15 0 0 4.97118e+27 0.001 10 25000 1.543e+14 145 5 1 1 
-4.12752e+15 0 0 4.97118e+27 0.001 10 25000 1.543e+14 146 5 1 1 
-4.05037e+15 0 0 4.97118e+27 0.001 10 25000 1.543e+14 147 5 1 1 
-3.97322e+15 0 0 4.97118e+27 0.001 10 25000 1.543e+14 148 5 1 1 
-3.89607e+15 0 0 4.97118e+27 0.001 10 25000 1.543e+14 149 5 1 1 
-3.81892e+15 0 0 4.97118e+27 0.001 10 25000 1.543e+14 150 5 1 1 
-3.74177e+15 0 0 4.97118e+27 0.001 10 25000 1.543e+14 151 5 1 1 
-3.66462e+15 0 0 4.97118e+27 0.001 10 25000 1.543e+14 152 5 1 1 
-3.58747e+15 0 0 4.97118e+27 0.001 10 25000 1.543e+14 153 5 1 1 
-3.51032e+15 0 0 4.97118e+27 0.001 10 25000 1.543e+14 154 5 1 1 
-3.43317e+15 0 0 4.97118e+27 0.001 10 25000 1.543e+14 155 5 1 1 
-3.35602e+15 0 0 4.97118e+27 0.001 10 25000 1.543e+14 156 5 1 1 
-3.27887e+15 0 0 4.97118e+27 0.001 10 25000 1.543e+14 157 5 1 1 
-3.20172e+15 0 0 4.97118e+27 0.001 10 25000 1.543e+14 158 5 1 1 
-3.12457e+15 0 0 4.97118e+27 0.001 10 25000 1.543e+14 159 5 1 1 
-3.04742e+15 0 0 4.97118e+27 0.001 10 25000 1.543e+14 160 5 1 1 
-2.97027e+15 0 0 4.97118e+27 0.001 10 25000 1.543e+14 161 5 1 1 
-2.89312e+15 0 0 4.97118e+27 0.001 10 25000 1.543e+14 162 5 1 1 
-2.81597e+15 0 0 4.97118e+27 0.001 10 25000 1.543e+14 163 5 1 1 
-2.73882e+15 0 0 4.97118e+27 0.001 10 25000 1.543e+14 164 5 1 1 
-2.66167e+15 0 0 4.97118e+27 0.001 10 25000 1.543e+14 165 5 1 1 
-2.58452e+15 0 0 4.97118e+27 0.001 10 25000 1.543e+14 166 5 1 1 
-2.50737e+15 0 0 4.97118e+27 0.001 10 25000 1.543e+14 167 5 1 1 
-2.43022e+15 0 0 4.97118e+27 0.001 10 25000 1.543e+14 168 5 1 1 
-2.35307e+15 0 0 4.97118e+27 0.001 10 25000 1.543e+14 169 5 1 1 
-2.27592e+15 0 0 4.97118e+27 0.001 10 25000 1.543e+14 170 5 1 1 
-2.19877e+15 0 0 4.97118e+27 0.001 10 25000 1.543e+14 171 5 1 1 
-2.12162e+15 0 0 4.97118e+27 0.001 10 25000 1.543e+14 172 5 1 1 
-2.04447e+15 -3.05288e-43 -3.63266e-55 4.97118e+27 0.001 10 25000 1.543e+14 173 5 1 1 
-1.96732e+15 -1.04199e-13 -3.63266e-55 4.97118e+27 0.001 10 25000 1.543e+14 174 5 1 1 
-1.89017e+15 -2.42604e-13 0 4.97118e+27 0.001 10 25000 1.543e+14 175 5 1 1 
-1.81302e+15 -3.80393e-13 0 4.97118e+27 0.001 10 25000 1.543e+14 176 5 1 1 
-1.73587e+15 -5.17443e-13 0 4.97118e+27 0.001 10 25000 1.543e+14 177 5 1 1 
-1.65872e+15 -6.1882e-13 0 4.97118e+27 0.001 10 25000 1.543e+14 178 5 1 1 
-1.58157e+15 -8.05683e-13 -1.84198e-24 4.97118e+27 0.001 10 25000 1.543e+14 179 5 1 1 
-1.50442e+15 -9.73556e-13 1.84198e-24 4.97118e+27 0.001 10 25000 1.543e+14 180 5 1 1 
-1.42727e+15 -1.13969e-12 -1.84198e-24 4.97118e+27 0.001 10 25000 1.543e+14 181 5 1 1 
-1.35012e+15 -1.30283e-12 1.84198e-24 4.97118e+27 0.001 10 25000 1.543e+14 182 5 1 1 
-1.27297e+15 -1.49627e-12 -1.84198e-24 4.97118e+27 0.001 10 25000 1.543e+14 183 5 1 1 
-1.19582e+15 -1.78343e-12 -5.52593e-24 4.97118e+27 0.001 10 25000 1.543e+14 184 5 1 1 
-1.11867e+15 -3.7154e-12 -2.57877e-23 4.97118e+27 0.001 10 25000 1.543e+14 185 4 1 1 
-1.04152e+15 2.65266e-13 4.78914e-23 4.97118e+27 0.001 10 25000 1.543e+14 186 4 1 1 
-9.64375e+14 -1.11116e-12 -7.36791e-24 4.97118e+27 0.001 10 25000 1.543e+14 187 4 1 1 
-8.87225e+14 -1.37328e-12 -7.36791e-24 4.97118e+27 0.001 10 25000 1.543e+14 188 4 1 1 
-8.10075e+14 -1.69736e-12 -1.84198e-24 4.97118e+27 0.001 10 25000 1.543e+14 189 4 1 1 
-7.32925e+14 -2.77525e-12 -1.84198e-24 4.97118e+27 0.001 10 25000 1.543e+14 190 3 1 1 
-6.55775e+14 -1.66131e-12 -3.68395e-24 4.97118e+27 0.001 10 25000 1.543e+14 191 3 1 1 
-5.78625e+14 -2.79925e-13 1.10519e-23 4.97118e+27 0.001 10 25000 1.543e+14 192 5 1 1 
-5.01475e+14 -2.47856e-12 -1.65778e-23 4.97118e+27 0.001 10 25000 1.543e+14 193 4 1 1 
-4.24325e+14 -1.38407e-12 1.65778e-23 4.97118e+27 0.001 10 25000 1.543e+14 194 3 1 1 
-3.47175e+14 -7.8878e-13 -7.36791e-24 4.97118e+27 0.001 10 25000 1.543e+14 195 5 1 1 
-2.70025e+14 -1.2618e-12 1.84198e-24 4.97118e+27 0.001 10 25000 1.543e+14 196 3 1 1 
-1.92875e+14 -5.80753e-13 2.21037e-23 4.97118e+27 0.001 10 25000 1.543e+14 197 5 1 1 
-1.15725e+14 -4.86095e-13 -2.21037e-23 4.97118e+27 0.001 10 25000 1.543e+14 198 4 1 1 
-3.8575e+13 8.89407e-14 1.84198e-24 4.97118e+27 0.001 10 25000 1.543e+14 199 4 1 1 
3.8575e+13 -3.75393e-13 -7.36791e-24 4.97118e+27 0.001 10 25000 1.543e+14 200 5 1 1 
1.15725e+14 -2.97262e-13 1.27813e-39 4.97118e+27 0.001 10 25000 1.543e+14 201 4 1 1 
1.92875e+14 1.3737e-13 3.68395e-24 4.97118e+27 0.001 10 25000 1.543e+14 202 4 1 1 
2.70025e+14 -4.68453e-13 3.68395e-24 4.97118e+27 0.001 10 25000 1.543e+14 203 4 1 1 
3.47175e+14 4.81797e-13 -1.24618e-38 4.97118e+27 0.001 10 25000 1.543e+14 204 4 1 1 
4.24325e+14 -7.52071e-13 1.84198e-24 4.97118e+27 0.001 10 25000 1.543e+14 205 4 1 1 
5.01475e+14 2.80838e-12 2.39457e-23 4.97118e+27 0.001 10 25000 1.543e+14 206 5 1 1 
5.78625e+14 1.33745e-12 -2.21037e-23 4.97118e+27 0.001 10 25000 1.543e+14 207 5 1 1 
6.55775e+14 2.28605e-12 9.20989e-24 4.97118e+27 0.001 10 25000 1.543e+14 208 4 1 1 
7.32925e+14 2.48113e-12 -3.86815e-23 4.97118e+27 0.001 10 25000 1.543e+14 209 4 1 1 
8.10075e+14 1.17589e-12 4.05235e-23 4.97118e+27 0.001 10 25000 1.543e+14 210 4 1 1 
8.87225e+14 3.6243e-13 -1.10519e-23 4.97118e+27 0.001 10 25000 1.543e+14 211 3 1 1 
9.64375e+14 1.52381e-12 -3.68395e-24 4.97118e+27 0.001 10 25000 1.543e+14 212 4 1 1 
1.04153e+15 6.14974e-13 1.78938e-38 4.97118e+27 0.001 10 25000 1.543e+14 213 5 1 1 
1.11868e+15 2.09434e-12 -1.27813e-39 4.97118e+27 0.001 10 25000 1.543e+14 214 5 1 1 
1.19583e+15 1.67134e-12 -1.45306e-54 4.97118e+27 0.001 10 25000 1.543e+14 215 5 1 1 
1.27298e+15 1.16856e-12 7.26532e-55 4.97118e+27 0.001 10 25000 1.543e+14 216 5 1 1 
1.35013e+15 1.00879e-12 7.26532e-55 4.97118e+27 0.001 10 25000 1.543e+14 217 5 1 1 
1.42728e+15 8.8246e-13 1.0898e-54 4.97118e+27 0.001 10 25000 1.543e+14 218 5 1 1 
1.50443e+15 1.02565e-12 -7.26532e-55 4.97118e+27 0.001 10 25000 1.543e+14 219 5 1 1 
1.58158e+15 7.56014e-13 -1.81633e-54 4.97118e+27 0.001 10 25000 1.543e+14 220 5 1 1 
1.65873e+15 9.39765e-14 2.1796e-54 4.97118e+27 0.001 10 25000 1.543e+14 221 5 1 1 
1.73588e+15 6.37303e-14 1.27813e-39 4.97118e+27 0.001 10 25000 1.543e+14 222 5 1 1 
1.81303e+15 3.77633e-13 7.36791e-24 4.97118e+27 0.001 10 25000 1.543e+14 223 5 1 1 
1.89018e+15 -7.17644e-13 -6.44692e-23 4.97118e+27 0.001 10 25000 1.543e+14 224 3 1 1 
1.96733e+15 5.76378e-12 2.39457e-23 4.97118e+27 0.001 10 25000 1.543e+14 225 3 1 1 
2.04448e+15 2.12441e-12 1.47358e-23 4.97118e+27 0.001 10 25000 1.543e+14 226 5 1 1 
2.12163e+15 7.83729e-13 1.28938e-23 4.97118e+27 0.001 10 25000 1.543e+14 227 5 1 1 
2.19878e+15 1.91588e-13 5.52593e-24 4.97118e+27 0.001 10 25000 1.543e+14 228 5 1 1 
2.27593e+15 5.15265e-44 1.0898e-54 4.97118e+27 0.001 10 25000 1.543e+14 229 5 1 1 
2.35308e+15 0 0 4.97118e+27 0.001 10 25000 1.543e+14 230 5 1 1 
2.43023e+15 0 0 4.97118e+27 0.001 10 25000 1.543e+14 231 5 1 1 
2.50738e+15 0 0 4.97118e+27 0.001 10 25000 1.543e+14 232 5 1 1 
2.58453e+15 0 0 4.97118e+27 0.001 10 25000 1.543e+14 233 5 1 1 
2.66168e+15 0 0 4.97118e+27 0.001 10 25000 1.543e+14 234 5 1 1 
2.73883e+15 0 0 4.97118e+27 0.001 10 25000 1.543e+14 235 5 1 1 
2.81598e+15 0 0 4.97118e+27 0.001 10 25000 1.543e+14 236 5 1 1 
2.89313e+15 -1.4712e-42 -3.63266e-55 4.97118e+27 0.001 10 25000 1.543e+14 237 5 1 1 
2.97028e+15 -1.69188e-13 0 4.97118e+27 0.001 10 25000 1.543e+14 238 5 1 1 
3.04743e+15 -3.37357e-13 3.63266e-55 4.97118e+27 0.001 10 25000 1.543e+14 239 5 1 1 
3.12458e+15 1.58941e-12 0 4.97118e+27 0.001 10 25000 1.543e+14 240 5 1 1 
3.20173e+15 1.42405e-12 1.45306e-54 4.97118e+27 0.001 10 25000 1.543e+14 241 5 1 1 
3.27888e+15 2.52598e-12 -5.08572e-54 4.97118e+27 0.001 10 25000 1.543e+14 242 5 1 1 
3.35603e+15 8.4646e-13 -1.84198e-24 4.97118e+27 0.001 10 25000 1.543e+14 243 5 1 1 
3.43318e+15 7.38395e-13 1.84198e-24 4.97118e+27 0.001 10 25000 1.543e+14 244 5 1 1 
3.51033e+15 -1.45868e-12 1.12612e-53 4.97118e+27 0.001 10 25000 1.543e+14 245 5 1 1 
3.58748e+15 2.51344e-12 -1.84198e-24 4.97118e+27 0.001 10 25000 1.543e+14 246 5 1 1 
3.66463e+15 -2.42546e-13 1.27813e-39 4.97118e+27 0.001 10 25000 1.543e+14 247 5 1 1 
3.74178e+15 -2.09243e-14 -2.31661e-37 4.97118e+27 0.001 10 25000 1.543e+14 248 5 1 1 
3.81893e+15 -3.1251e-12 -2.32939e-37 4.97118e+27 0.001 10 25000 1.543e+14 249 4 1 1 
3.89608e+15 3.1251e-12 2.32939e-37 4.97118e+27 0.001 10 25000 1.543e+14 250 4 1 1 
3.97323e+15 2.09243e-14 2.31661e-37 4.97118e+27 0.001 10 25000 1.543e+14 251 5 1 1 
4.05038e+15 2.42546e-13 -1.27813e-39 4.97118e+27 0.001 10 25000 1.543e+14 252 5 1 1 
4.12753e+15 -2.51344e-12 1.84198e-24 4.97118e+27 0.001 10 25000 1.543e+14 253 5 1 1 
4.20468e+15 1.45868e-12 -1.12612e-53 4.97118e+27 0.001 10 25000 1.543e+14 254 5 1 1 
4.28183e+15 -7.38395e-13 -1.84198e-24 4.97118e+27 0.001 10 25000 1.543e+14 255 5 1 1 
4.35898e+15 -8.4646e-13 1.84198e-24 4.97118e+27 0.001 10 25000 1.543e+14 256 5 1 1 
4.43613e+15 -2.52598e-12 5.08572e-54 4.97118e+27 0.001 10 25000 1.543e+14 257 5 1 1 
4.51328e+15 -1.42405e-12 -1.45306e-54 4.97118e+27 0.001 10 25000 1.543e+14 258 5 1 1 
4.59043e+15 -1.58941e-12 0 4.97118e+27 0.001 10 25000 1.543e+14 259 5 1 1 
4.66758e+15 3.37357e-13 -3.63266e-55 4.97118e+27 0.001 10 25000 1.543e+14 260 5 1 1 
4.74473e+15 1.69188e-13 0 4.97118e+27 0.001 10 25000 1.543e+14 261 5 1 1 
4.82188e+15 1.4712e-42 3.63266e-55 4.97118e+27 0.001 10 25000 1.543e+14 262 5 1 1 
4.89903e+15 0 0 4.97118e+27 0.001 10 25000 1.543e+14 263 5 1 1 
4.97618e+15 0 0 4.97118e+27 0.001 10 25000 1.543e+14 264 5 1 1 
5.05333e+15 0 0 4.97118e+27 0.001 10 25000 1.543e+14 265 5 1 1 
5.13048e+15 0 0 4.97118e+27 0.001 10 25000 1.543e+14 266 5 1 1 
5.20763e+15 0 0 4.97118e+27 0.001 10 25000 1.543e+14 267 5 1 1 
5.28478e+15 0 0 4.97118e+27 0.001 10 25000 1.543e+14 268 5 1 1 
5.36193e+15 -4.81037e-44 -4.35919e-54 4.97118e+27 0.001 10 25000 1.543e+14 269 5 1 1 
5.43908e+15 -2.2649e-13 -2.02618e-23 4.97118e+27 0.001 10 25000 1.543e+14 270 5 1 1 
5.51623e+15 -2.02097e-12 -7.7363e-23 4.97118e+27 0.001 10 25000 1.543e+14 271 5 1 1 
5.59338e+15 -3.17543e-11 -1.12176e-21 4.97118e+27 0.001 10 25000 1.543e+14 272 4 1 1 
5.67053e+15 -1.00849e-10 -2.25826e-21 4.97118e+27 0.001 10 25000 1.543e+14 273 4 1 1 
5.74768e+15 -3.55092e-10 -8.11759e-21 4.97118e+27 0.001 10 25000 1.543e+14 274 4 1 1 
5.82482e+15 -1.11264e-09 -2.46143e-20 4.97118e+27 0.001 10 25000 1.543e+14 275 4 1 1 
5.90197e+15 -3.41752e-09 -7.24855e-20 4.97118e+27 0.001 10 25000 1.543e+14 276 4 1 1 
5.97912e+15 -1.01081e-08 -2.06942e-19 4.97118e+27 0.001 10 25000 1.543e+14 277 4 1 1 
6.05627e+15 -2.89889e-08 -5.73916e-19 4.97118e+27 0.001 10 25000 1.543e+14 278 4 1 1 
6.13342e+15 -8.06349e-08 -1.54311e-18 4.97118e+27 0.001 10 25000 1.543e+14 279 4 1 1 
6.21057e+15 -2.17971e-07 -4.03229e-18 4.97118e+27 0.001 10 25000 1.543e+14 280 4 1 1 
6.28772e+15 -5.72673e-07 -1.02418e-17 4.97118e+27 0.001 10 25000 1.543e+14 281 4 1 1 
6.36487e+15 -1.46368e-06 -2.53016e-17 4.97118e+27 0.001 10 25000 1.543e+14 282 4 1 1 
6.44202e+15 -3.64149e-06 -6.08284e-17 4.97118e+27 0.001 10 25000 1.543e+14 283 4 1 1 
6.51917e+15 -8.82325e-06 -1.42375e-16 4.97118e+27 0.001 10 25000 1.543e+14 284 4 1 1 
6.59632e+15 -2.08301e-05 -3.24561e-16 4.97118e+27 0.001 10 25000 1.543e+14 285 4 1 1 
6.67347e+15 -4.79334e-05 -7.20828e-16 4.97118e+27 0.001 10 25000 1.543e+14 286 4 1 1 
6.75062e+15 -0.000107553 -1.56012e-15 4.97118e+27 0.001 10 25000 1.543e+14 287 4 1 1 
6.82777e+15 -0.000235386 -3.29137e-15 4.97118e+27 0.001 10 25000 1.543e+14 288 4 1 1 
6.90492e+15 -0.000502605 -6.76968e-15 4.97118e+27 0.001 10 25000 1.543e+14 289 4 1 1 
6.98207e+15 -0.00104728 -1.35768e-14 4.97118e+27 0.001 10 25000 1.543e+14 290 4 1 1 
7.05922e+15 -0.00212999 -2.6553e-14 4.97118e+27 0.001 10 25000 1.543e+14 291 4 1 1 
7.13637e+15 -0.0042291 -5.0647e-14 4.97118e+27 0.001 10 25000 1.54299e+14 292 4 1 1 
7.21352e+15 -0.0081986 -9.42191e-14 4.97118e+27 0.00100001 10.0001 25000.1 1.54299e+14 293 4 1 1 
7.29067e+15 -0.0155206 -1.70952e-13 4.97118e+27 0.00100001 10.0002 25000.1 1.54298e+14 294 4 1 1 
7.36782e+15 -0.0286944 -3.02518e-13 4.97118e+27 0.00100002 10.0003 25000.2 1.54297e+14 295 4 1 1 
7.44497e+15 -0.0518135 -5.22082e-13 4.97118e+27 0.00100004 10.0006 25000.4 1.54294e+14 296 4 1 1 
7.52212e+15 -0.0913831 -8.78584e-13 4.97118e+27 0.00100007 10.001 25000.7 1.54289e+14 297 4 1 1 
7.59926e+15 -0.157425 -1.44145e-12 4.97118e+27 0.00100012 10.0017 25001.2 1.54281e+14 298 4 1 1 
7.6764e+15 -0.264883 -2.30496e-12 4.97118e+27 0.00100021 10.0029 25002 1.54268e+14 299 4 1 1 
7.75353e+15 -0.435287 -3.5908e-12 4.97118e+27 0.00100034 10.0047 25003.4 1.54248e+14 300 4 1 1 
7.83065e+15 -0.698504 -5.44657e-12 4.97118e+27 0.00100054 10.0076 25005.4 1.54216e+14 301 4 1 1 
7.90774e+15 -1.09428 -8.03711e-12 4.97118e+27 0.00100085 10.0119 25008.5 1.54168e+14 302 4 1 0.999999 
7.98481e+15 -1.67298 -1.15247e-11 4.97118e+27 0.00100131 10.0183 25013 1.54098e+14 303 4 1 0.999999 
8.06184e+15 -2.49481 -1.60345e-11 4.97118e+27 0.00100196 10.0273 25019.5 1.53999e+14 304 4 1 0.999997 
8.13881e+15 -3.62639 -2.16035e-11 4.97118e+27 0.00100285 10.0399 25028.5 1.53861e+14 305 4 1 0.999995 
8.2157e+15 -5.13381 -2.8117e-11 4.97118e+27 0.00100406 10.0567 25040.5 1.53677e+14 306 4 1 0.999992 
8.29249e+15 -7.07147 -3.52446e-11 4.97118e+27 0.00100561 10.0786 25056 1.53439e+14 307 4 1 0.999988 
8.36914e+15 -9.46731 -4.24014e-11 4.97118e+27 0.00100755 10.1058 25075.3 1.53144e+14 308 4 1 0.999984 
8.44563e+15 -12.3067 -4.87646e-11 4.97118e+27 0.00100986 10.1383 25098.4 1.52793e+14 309 4 1 0.999979 
8.52194e+15 -15.5194 -5.33739e-11 4.97118e+27 0.00101251 10.1756 25124.8 1.52393e+14 310 4 1 0.999975 
8.59803e+15 -18.9743 -5.53046e-11 4.97118e+27 0.0010154 10.2163 25153.5 1.5196e+14 311 4 1 0.999975 
8.6739e+15 -22.4873 -5.38882e-11 4.97118e+27 0.00101838 10.2584 25183.1 1.51516e+14 312 4 1 0.999977 
8.74954e+15 -25.8404 -4.88872e-11 4.97118e+27 0.00102127 10.2993 25211.8 1.51086e+14 313 4 1 0.999982 
8.82498e+15 -28.8069 -4.02434e-11 4.97118e+27 0.00102388 10.3363 25237.6 1.50701e+14 314 4 1 0.99999 
8.90024e+15 -31.1435 -2.77421e-11 4.97118e+27 0.00102594 10.3655 25258.1 1.50399e+14 315 4 1 1 
8.97538e+15 -32.0695 1.46352e-11 4.97118e+27 0.00102611 10.3691 25260.6 1.50374e+14 316 3 1 1 
9.05062e+15 -25.4147 2.27656e-10 4.97118e+27 0.00101959 10.278 25197.3 1.51335e+14 317 4 1 0.99997 
9.12672e+15 -6.06772 3.26757e-10 4.97118e+27 0.00100566 10.0796 25057.4 1.53432e+14 318 4 1 0.999526 
9.20406e+15 9.69397 1.47182e-10 4.97118e+27 0.000993293 9.90441 24931.7 1.55342e+14 319 4 1 0.999485 
9.28207e+15 15.5828 6.16118e-11 4.97118e+27 0.000986757 9.81487 24867 1.56371e+14 320 4 1 0.999851 
9.36043e+15 22.3456 1.47273e-10 4.97118e+27 0.000980409 9.72797 24804.2 1.57383e+14 321 4 1 0.999905 
9.43945e+15 34.5938 2.04308e-10 4.97118e+27 0.000970865 9.59512 24707 1.58931e+14 322 4 1 0.999753 
9.51937e+15 48.0573 1.88509e-10 4.97118e+27 0.000960161 9.44673 24597.2 1.60702e+14 323 4 1 0.999642 
9.60016e+15 60.3506 1.7266e-10 4.97118e+27 0.000950008 9.30725 24492.8 1.6242e+14 324 4 1 0.999668 
9.68179e+15 72.5014 1.76273e-10 4.97118e+27 0.000940101 9.17182 24390.5 1.64131e+14 325 4 1 0.999685 
9.7643e+15 85.1818 1.81328e-10 4.97118e+27 0.000929977 9.03383 24285.1 1.65918e+14 326 4 1 0.999666 
9.84772e+15 98.1725 1.81737e-10 4.97118e+27 0.000919674 8.89399 24177.1 1.67777e+14 327 4 1 0.999644 
9.93208e+15 111.327 1.8102e-10 4.97118e+27 0.000909318 8.7541 24067.8 1.69688e+14 328 4 1 0.999632 
1.00174e+16 124.669 1.81322e-10 4.97118e+27 0.000898921 8.6143 23957.4 1.7165e+14 329 4 1 0.999621 
1.01037e+16 138.203 1.81425e-10 4.97118e+27 0.000888467 8.47437 23845.6 1.7367e+14 330 4 1 0.999608 
1.01911e+16 151.931 1.81371e-10 4.97118e+27 0.000877961 8.33443 23732.4 1.75748e+14 331 4 1 0.999595 
1.02795e+16 165.858 1.81328e-10 4.97118e+27 0.000867408 8.19451 23617.9 1.77886e+14 332 4 1 0.999582 
1.0369e+16 179.966 1.81232e-10 4.97118e+27 0.000856808 8.05466 23502 1.80087e+14 333 4 1 0.999568 
1.04596e+16 194.285 1.80785e-10 4.97118e+27 0.00084617 7.91501 23384.9 1.82351e+14 334 4 1 0.999554 
1.05513e+16 208.815 1.80781e-10 4.97118e+27 0.000835491 7.77552 23266.4 1.84682e+14 335 4 1 0.99954 
1.06443e+16 223.52 1.80445e-10 4.97118e+27 0.000824769 7.63618 23146.5 1.87083e+14 336 4 1 0.999525 
1.07384e+16 238.463 1.80165e-10 4.97118e+27 0.000814008 7.49707 23025.2 1.89556e+14 337 4 1 0.999509 
1.08338e+16 253.6 1.79996e-10 4.97118e+27 0.000803205 7.35815 22902.5 1.92105e+14 338 4 1 0.999493 
1.09305e+16 268.956 1.79183e-10 4.97118e+27 0.000792371 7.21959 22778.5 1.94732e+14 339 4 1 0.999476 
1.10286e+16 284.552 1.79143e-10 4.97118e+27 0.000781504 7.08135 22653 1.9744e+14 340 4 1 0.999459 
1.1128e+16 300.345 1.78571e-10 4.97118e+27 0.000770596 6.94337 22526 2.00235e+14 341 4 1 0.99944 
1.12288e+16 316.37 1.77991e-10 4.97118e+27 0.000759661 6.80582 22397.6 2.03117e+14 342 4 1 0.999421 
1.13311e+16 332.625 1.77507e-10 4.97118e+27 0.000748696 6.66869 22267.8 2.06092e+14 343 4 1 0.999402 
1.14349e+16 349.114 1.76669e-10 4.97118e+27 0.000737707 6.53207 22136.5 2.09162e+14 344 4 1 0.999381 
1.15403e+16 365.843 1.75927e-10 4.97118e+27 0.0007267 6.39605 22003.8 2.1233e+14 345 4 1 0.999361 
1.16473e+16 382.778 1.75423e-10 4.97118e+27 0.00071567 6.26055 21869.6 2.15602e+14 346 4 1 0.99934 
1.17559e+16 399.957 1.73955e-10 4.97118e+27 0.000704634 6.12581 21734.1 2.18979e+14 347 4 1 0.999318 
1.18663e+16 417.327 1.72917e-10 4.97118e+27 0.000693609 5.99206 21597.5 2.2246e+14 348 4 1 0.999299 
1.19784e+16 434.882 1.70701e-10 4.97118e+27 0.00068262 5.85958 21460 2.26041e+14 349 4 1 0.99928 
1.20923e+16 452.553 1.68674e-10 4.97118e+27 0.000671701 5.72878 21322 2.29715e+14 350 4 1 0.999266 
1.22081e+16 470.251 1.65104e-10 4.97118e+27 0.000660899 5.60022 21184.2 2.3347e+14 351 4 1 0.999256 
1.23258e+16 487.871 1.60262e-10 4.97118e+27 0.000650304 5.47494 21047.7 2.37273e+14 352 4 1 0.999259 
1.24454e+16 505.21 1.54009e-10 4.97118e+27 0.00064001 5.35399 20913.8 2.4109e+14 353 4 1 0.999274 
1.25669e+16 522.057 1.45088e-10 4.97118e+27 0.000630149 5.23885 20784.3 2.44863e+14 354 4 1 0.999307 
1.26903e+16 538.091 1.35251e-10 4.97118e+27 0.000620833 5.13075 20660.9 2.48537e+14 355 4 1 0.999359 
1.28155e+16 553.283 1.255e-10 4.97118e+27 0.000612085 5.02985 20544 2.52089e+14 356 4 1 0.999416 
1.29424e+16 567.839 1.20537e-10 4.97118e+27 0.000603749 4.93423 20431.7 2.5557e+14 357 4 1 0.99946 
1.3071e+16 582.441 1.2263e-10 4.97118e+27 0.000595456 4.83964 20319 2.59129e+14 358 4 1 0.99946 
1.32015e+16 597.967 1.31462e-10 4.97118e+27 0.00058679 4.74134 20200.3 2.62956e+14 359 4 1 0.999405 
1.3334e+16 614.829 1.38529e-10 4.97118e+27 0.000577608 4.6378 20073.3 2.67136e+14 360 4 1 0.999311 
1.34687e+16 632.466 1.37575e-10 4.97118e+27 0.000568228 4.53267 19942.2 2.71546e+14 361 4 1 0.999244 
1.36056e+16 649.456 1.23351e-10 4.97118e+27 0.000559341 4.4337 19816.9 2.7586e+14 362 4 1 0.999275 
1.37446e+16 664.025 9.5718e-11 4.97118e+27 0.000551833 4.35057 19710 2.79614e+14 363 4 1 0.99944 
1.38852e+16 674.229 5.47608e-11 4.97118e+27 0.000546595 4.29286 19635 2.82293e+14 364 4 1 0.999697 
1.40269e+16 678.776 1.25371e-11 4.97118e+27 0.000544101 4.2655 19599.2 2.83587e+14 365 4 1 0.999922 
1.41688e+16 678.92 -3.89092e-12 4.97118e+27 0.000543589 4.25998 19592 2.83854e+14 366 5 1 0.999996 
1.43107e+16 678.745 -1.77558e-12 4.97118e+27 0.000543673 4.26093 19593.3 2.8381e+14 367 4 1 1 
1.44526e+16 678.384 -3.67957e-12 4.97118e+27 0.000543822 4.26258 19595.5 2.83732e+14 368 4 1 0.999999 
1.45944e+16 677.88 -4.19692e-12 4.97118e+27 0.000544064 4.26525 19599 2.83606e+14 369 4 1 0.999999 
1.47362e+16 677.302 -4.27218e-12 4.97118e+27 0.000544347 4.26838 19603.2 2.83459e+14 370 4 1 0.999999 
1.48779e+16 676.727 -4.00806e-12 4.97118e+27 0.000544641 4.27162 19607.5 2.83306e+14 371 4 1 0.999999 
1.50195e+16 676.203 -3.5188e-12 4.97118e+27 0.000544917 4.27467 19611.6 2.83162e+14 372 4 1 0.999999 
1.51611e+16 675.749 -2.93604e-12 4.97118e+27 0.00054516 4.27736 19615.1 2.83036e+14 373 4 1 1 
1.53026e+16 675.37 -2.39209e-12 4.97118e+27 0.000545365 4.27963 19618.2 2.8293e+14 374 4 1 1 
1.5444e+16 675.061 -1.93985e-12 4.97118e+27 0.000545532 4.28149 19620.7 2.82843e+14 375 4 1 1 
1.55854e+16 674.811 -1.57774e-12 4.97118e+27 0.000545668 4.283 19622.8 2.82773e+14 376 4 1 1 
1.57268e+16 674.607 -1.30027e-12 4.97118e+27 0.000545777 4.28424 19624.5 2.82716e+14 377 4 1 1 
1.58681e+16 674.438 -1.09527e-12 4.97118e+27 0.000545867 4.28525 19625.9 2.82669e+14 378 4 1 1 
1.60094e+16 674.295 -9.40417e-13 4.97118e+27 0.000545942 4.28611 19627.1 2.82631e+14 379 4 1 1 
1.61507e+16 674.171 -8.1887e-13 4.97118e+27 0.000546005 4.28684 19628.2 2.82598e+14 380 4 1 1 
1.6292e+16 674.062 -7.22562e-13 4.97118e+27 0.000546059 4.28747 19629.2 2.8257e+14 381 4 1 1 
1.64333e+16 673.966 -6.43773e-13 4.97118e+27 0.000546106 4.28804 19630 2.82546e+14 382 4 1 1 
1.65746e+16 673.881 -5.74848e-13 4.97118e+27 0.000546147 4.28853 19630.8 2.82525e+14 383 4 1 1 
1.67158e+16 673.804 -5.12394e-13 4.97118e+27 0.000546183 4.28898 19631.6 2.82506e+14 384 4 1 1 
1.68571e+16 673.736 -4.5604e-13 4.97118e+27 0.000546213 4.28937 19632.3 2.82491e+14 385 4 1 1 
1.69983e+16 673.675 -4.05471e-13 4.97118e+27 0.000546238 4.28973 19633 2.82477e+14 386 4 1 1 
1.71396e+16 673.62 -3.60331e-13 4.97118e+27 0.000546259 4.29004 19633.7 2.82467e+14 387 4 1 1 
1.72808e+16 673.571 -3.20657e-13 4.97118e+27 0.000546276 4.29032 19634.4 2.82458e+14 388 4 1 1 
1.7422e+16 673.527 -2.86248e-13 4.97118e+27 0.000546288 4.29056 19635.1 2.82452e+14 389 4 1 1 
1.75633e+16 673.488 -2.56325e-13 4.97118e+27 0.000546296 4.29078 19635.8 2.82447e+14 390 4 1 1 
1.77045e+16 673.452 -2.29986e-13 4.97118e+27 0.0005463 4.29098 19636.6 2.82445e+14 391 3 1 1 
1.78457e+16 673.419 -2.06604e-13 4.97118e+27 0.000546299 4.29115 19637.3 2.82446e+14 392 4 1 1 
1.79869e+16 673.39 -1.85883e-13 4.97118e+27 0.000546292 4.29129 19638.3 2.8245e+14 393 4 1 1 
1.81281e+16 673.363 -1.67677e-13 4.97118e+27 0.000546268 4.29131 19639.2 2.82462e+14 394 4 1 1 
1.82694e+16 673.339 -1.51728e-13 4.97118e+27 0.000546172 4.29081 19640.4 2.82512e+14 395 4 1 1 
1.84107e+16 673.316 -1.3757e-13 4.97118e+27 0.000545755 4.2883 19643.9 2.82727e+14 396 4 1 0.999999 
1.85521e+16 673.296 -1.24744e-13 4.97118e+27 0.000544131 4.27081 19622.2 2.83571e+14 397 4 1 0.999987 
1.86942e+16 673.276 -1.1291e-13 4.97118e+27 0.000531003 4.11608 19378.8 2.90582e+14 398 4 1 0.999668 
1.88428e+16 673.258 -1.01498e-13 4.97118e+27 0.000506913 4.40298 21714.7 3.04391e+14 399 4 1 0.994707 
1.89988e+16 673.24 -9.04583e-14 4.97118e+27 0.000481369 4.15657 21587.2 3.20544e+14 400 4 1 0.993699 
1.91637e+16 673.221 -7.96954e-14 4.97118e+27 0.000458876 4.50117 24522.8 3.36256e+14 401 4 1 0.993694 
1.93353e+16 673.204 -6.92377e-14 4.97118e+27 0.000450257 4.30645 23911.1 3.42693e+14 402 5 1 0.998658 
1.95064e+16 673.187 -5.94256e-14 4.97118e+27 0.000451851 4.28969 23734 3.41484e+14 403 4 1 0.999967 
1.96768e+16 673.171 -5.01806e-14 4.97118e+27 0.000453472 4.28923 23646.6 3.40264e+14 404 4 1 0.999986 
1.98466e+16 673.156 -4.15086e-14 4.97118e+27 0.000454558 4.29056 23597.4 3.39451e+14 405 4 1 0.999994 
2.00162e+16 673.142 -3.34623e-14 4.97118e+27 0.000455255 4.29137 23565.8 3.38931e+14 406 4 1 0.999997 
2.01856e+16 673.128 -2.60073e-14 4.97118e+27 0.000455725 4.29179 23543.7 3.38581e+14 407 4 1 0.999999 
2.03548e+16 673.114 -1.8952e-14 4.97118e+27 0.00045606 4.29202 23527.7 3.38333e+14 408 4 1 0.999999 
2.05239e+16 673.101 -1.19342e-14 4.97118e+27 0.000456306 4.29215 23515.8 3.3815e+14 409 4 1 1 
2.06929e+16 673.087 -4.43604e-15 4.97118e+27 0.000456493 4.29224 23506.6 3.38012e+14 410 4 1 1 
2.08619e+16 673.074 4.23697e-15 4.97118e+27 0.000456637 4.29229 23499.5 3.37906e+14 411 4 1 1 
2.10308e+16 673.06 1.5612e-14 4.97118e+27 0.000456749 4.29231 23493.8 3.37822e+14 412 4 1 1 
2.11997e+16 673.045 3.43869e-14 4.97118e+27 0.000456837 4.29231 23489.3 3.37757e+14 413 4 1 1 
2.13686e+16 673.025 7.4214e-14 4.97118e+27 0.000456904 4.29225 23485.5 3.37708e+14 414 4 1 1 
2.15374e+16 672.992 1.83588e-13 4.97118e+27 0.000456947 4.29207 23482.3 3.37676e+14 415 4 1 1 
2.17063e+16 672.919 5.09214e-13 4.97118e+27 0.000456952 4.29151 23479 3.37672e+14 416 3 1 1 
2.18751e+16 672.721 1.49636e-12 4.97118e+27 0.000456861 4.28982 23474.4 3.37739e+14 417 4 1 1 
2.2044e+16 672.141 4.52316e-12 4.97118e+27 0.000456505 4.28473 23464.8 3.38003e+14 418 4 1 0.999999 
2.22131e+16 670.454 1.29705e-11 4.97118e+27 0.000455412 4.27005 23440.4 3.38814e+14 419 4 1 0.99999 
2.23828e+16 665.746 3.50016e-11 4.97118e+27 0.000452462 4.2311 23377.9 3.41023e+14 420 4 1 0.999922 
2.25541e+16 653.987 8.50522e-11 4.97118e+27 0.000445317 4.13745 23226.8 3.46494e+14 421 4 1 0.999524 
2.27294e+16 626.344 1.87346e-10 4.97118e+27 0.000430353 3.94274 22902.9 3.58543e+14 422 4 1 0.997786 
2.29129e+16 571.73 3.62492e-10 4.97118e+27 0.000403014 3.59139 22276.2 3.82865e+14 423 4 1 0.992511 
2.31131e+16 458.134 7.60453e-10 4.97118e+27 0.000359164 3.04072 21163.7 4.29608e+14 424 4 1 0.9809 
2.33456e+16 266.619 9.90481e-10 4.97118e+27 0.000308299 2.43236 19725.5 5.00489e+14 425 4 1 0.963236 
2.36184e+16 91.9494 6.15656e-10 4.97118e+27 0.000270853 2.01301 18583.2 5.69681e+14 426 4 1 0.965483 
2.39175e+16 15.0974 1.67316e-10 4.97118e+27 0.00025444 1.83998 18080.2 6.06431e+14 427 4 1 0.98892 
2.42251e+16 0.439098 1.52697e-11 4.97118e+27 0.000250423 1.79921 17962.1 6.16158e+14 428 4 1 0.999089 
2.45337e+16 -0.196087 -1.55618e-12 4.97118e+27 0.000249982 1.79481 17949.5 6.17245e+14 429 5 1 0.999988 
2.48423e+16 -0.00139629 -1.90682e-13 4.97118e+27 0.000249995 1.79495 17949.8 6.17213e+14 430 4 1 1 
2.51509e+16 0.0036269 1.84441e-14 4.97118e+27 0.000250001 1.79501 17950 6.17199e+14 431 3 1 1 
2.54595e+16 0.000998393 6.70278e-15 4.97118e+27 0.00025 1.795 17950 6.17199e+14 432 4 1 1 
2.57681e+16 0.000228957 1.64308e-15 4.97118e+27 0.00025 1.795 17950 6.172e+14 433 4 1 1 
2.60767e+16 5.00967e-05 3.68561e-16 4.97118e+27 0.00025 1.795 17950 6.172e+14 434 4 1 1 
2.63853e+16 1.0654e-05 8.02623e-17 4.97118e+27 0.00025 1.795 17950 6.172e+14 435 4 1 1 
2.66939e+16 2.19814e-06 1.70323e-17 4.97118e+27 0.00025 1.795 17950 6.172e+14 436 4 1 1 
2.70025e+16 4.38103e-07 3.50468e-18 4.97118e+27 0.00025 1.795 17950 6.172e+14 437 4 1 1 
2.73111e+16 8.4035e-08 6.95856e-19 4.97118e+27 0.00025 1.795 17950 6.172e+14 438 4 1 1 
2.76197e+16 1.54673e-08 1.32829e-19 4.97118e+27 0.00025 1.795 17950 6.172e+14 439 4 1 1 
2.79283e+16 2.72329e-09 2.42404e-20 4.97118e+27 0.00025 1.795 17950 6.172e+14 440 4 1 1 
2.82369e+16 4.54514e-10 4.24438e-21 4.97118e+27 0.00025 1.795 17950 6.172e+14 441 4 1 1 
2.85455e+16 6.83368e-11 7.97116e-22 4.97118e+27 0.00025 1.795 17950 6.172e+14 442 4 1 1 
2.88541e+16 2.39802e-12 5.47988e-23 4.97118e+27 0.00025 1.795 17950 6.172e+14 443 5 1 1 
2.91627e+16 -7.04106e-13 1.15124e-23 4.97118e+27 0.00025 1.795 17950 6.172e+14 444 5 1 1 
2.94713e+16 -4.25591e-12 3.68395e-24 4.97118e+27 0.00025 1.795 17950 6.172e+14 445 5 1 1 
2.97799e+16 7.50782e-12 -3.68395e-24 4.97118e+27 0.00025 1.795 17950 6.172e+14 446 5 1 1 
3.00885e+16 1.04862e-12 2.29424e-40 4.97118e+27 0.00025 1.795 17950 6.172e+14 447 5 1 1 
3.03971e+16 9.57061e-13 5.52593e-24 4.97118e+27 0.00025 1.795 17950 6.172e+14 448 5 1 1 
3.07057e+16 -7.15515e-12 1.05914e-23 4.97118e+27 0.00025 1.795 17950 6.172e+14 449 3 1 1 
3.10143e+16 7.15515e-12 -1.05914e-23 4.97118e+27 0.00025 1.795 17950 6.172e+14 450 3 1 1 
3.13229e+16 -9.57061e-13 -5.52593e-24 4.97118e+27 0.00025 1.795 17950 6.172e+14 451 5 1 1 
3.16315e+16 -1.04862e-12 -2.29424e-40 4.97118e+27 0.00025 1.795 17950 6.172e+14 452 5 1 1 
3.19401e+16 -7.50782e-12 3.68395e-24 4.97118e+27 0.00025 1.795 17950 6.172e+14 453 5 1 1 
3.22487e+16 4.25591e-12 -3.68395e-24 4.97118e+27 0.00025 1.795 17950 6.172e+14 454 5 1 1 
3.25573e+16 6.99759e-13 -1.01309e-23 4.97118e+27 0.00025 1.795 17950 6.172e+14 455 5 1 1 
3.28659e+16 -2.33267e-12 -4.42075e-23 4.97118e+27 0.00025 1.795 17950 6.172e+14 456 5 1 1 
3.31745e+16 -5.48184e-11 -7.64421e-22 4.97118e+27 0.00025 1.795 17950 6.172e+14 457 4 1 1 
3.34831e+16 -4.532e-10 -4.25082e-21 4.97118e+27 0.00025 1.795 17950 6.172e+14 458 4 1 1 
3.37917e+16 -2.73289e-09 -2.42086e-20 4.97118e+27 0.00025 1.795 17950 6.172e+14 459 4 1 1 
3.41003e+16 -1.54717e-08 -1.33076e-19 4.97118e+27 0.00025 1.795 17950 6.172e+14 460 4 1 1 
3.44089e+16 -8.40254e-08 -6.95665e-19 4.97118e+27 0.00025 1.795 17950 6.172e+14 461 4 1 1 
3.47175e+16 -4.38119e-07 -3.50466e-18 4.97118e+27 0.00025 1.795 17950 6.172e+14 462 4 1 1 
3.50261e+16 -2.19812e-06 -1.70322e-17 4.97118e+27 0.00025 1.795 17950 6.172e+14 463 4 1 1 
3.53347e+16 -1.06539e-05 -8.02624e-17 4.97118e+27 0.00025 1.795 17950 6.172e+14 464 4 1 1 
3.56433e+16 -5.00967e-05 -3.68561e-16 4.97118e+27 0.00025 1.795 17950 6.172e+14 465 4 1 1 
3.59519e+16 -0.000228957 -1.64308e-15 4.97118e+27 0.00025 1.795 17950 6.172e+14 466 4 1 1 
3.62605e+16 -0.000998393 -6.70278e-15 4.97118e+27 0.00025 1.795 17950 6.17199e+14 467 4 1 1 
3.65691e+16 -0.0036269 -1.84441e-14 4.97118e+27 0.000250001 1.79501 17950 6.17199e+14 468 3 1 1 
3.68777e+16 0.00139629 1.90682e-13 4.97118e+27 0.000249995 1.79495 17949.8 6.17213e+14 469 4 1 1 
3.71863e+16 0.196087 1.55618e-12 4.97118e+27 0.000249982 1.79481 17949.5 6.17245e+14 470 5 1 0.999988 
3.74949e+16 -0.439098 -1.52697e-11 4.97118e+27 0.000250423 1.79921 17962.1 6.16158e+14 471 4 1 0.999089 
3.78025e+16 -15.0974 -1.67316e-10 4.97118e+27 0.00025444 1.83998 18080.2 6.06431e+14 472 4 1 0.98892 
3.81016e+16 -91.9494 -6.15656e-10 4.97118e+27 0.000270853 2.01301 18583.2 5.69681e+14 473 4 1 0.965483 
3.83744e+16 -266.619 -9.90481e-10 4.97118e+27 0.000308299 2.43236 19725.5 5.00489e+14 474 4 1 0.963236 
3.86069e+16 -458.134 -7.60453e-10 4.97118e+27 0.000359164 3.04072 21163.7 4.29608e+14 475 4 1 0.9809 
3.88071e+16 -571.73 -3.62492e-10 4.97118e+27 0.000403014 3.59139 22276.2 3.82865e+14 476 4 1 0.992511 
3.89906e+16 -626.344 -1.87346e-10 4.97118e+27 0.000430353 3.94274 22902.9 3.58543e+14 477 4 1 0.997786 
3.91659e+16 -653.987 -8.50522e-11 4.97118e+27 0.000445317 4.13745 23226.8 3.46494e+14 478 4 1 0.999524 
3.93372e+16 -665.746 -3.50016e-11 4.97118e+27 0.000452462 4.2311 23377.9 3.41023e+14 479 4 1 0.999922 
3.95069e+16 -670.454 -1.29705e-11 4.97118e+27 0.000455412 4.27005 23440.4 3.38814e+14 480 4 1 0.99999 
3.9676e+16 -672.141 -4.52316e-12 4.97118e+27 0.000456505 4.28473 23464.8 3.38003e+14 481 4 1 0.999999 
3.98449e+16 -672.721 -1.49636e-12 4.97118e+27 0.000456861 4.28982 23474.4 3.37739e+14 482 4 1 1 
4.00137e+16 -672.919 -5.09214e-13 4.97118e+27 0.000456952 4.29151 23479 3.37672e+14 483 3 1 1 
4.01826e+16 -672.992 -1.83588e-13 4.97118e+27 0.000456947 4.29207 23482.3 3.37676e+14 484 4 1 1 
4.03514e+16 -673.025 -7.4214e-14 4.97118e+27 0.000456904 4.29225 23485.5 3.37708e+14 485 4 1 1 
4.05203e+16 -673.045 -3.43869e-14 4.97118e+27 0.000456837 4.29231 23489.3 3.37757e+14 486 4 1 1 
4.06892e+16 -673.06 -1.5612e-14 4.97118e+27 0.000456749 4.29231 23493.8 3.37822e+14 487 4 1 1 
4.08581e+16 -673.074 -4.23697e-15 4.97118e+27 0.000456637 4.29229 23499.5 3.37906e+14 488 4 1 1 
4.10271e+16 -673.087 4.43604e-15 4.97118e+27 0.000456493 4.29224 23506.6 3.38012e+14 489 4 1 1 
4.11961e+16 -673.101 1.19342e-14 4.97118e+27 0.000456306 4.29215 23515.8 3.3815e+14 490 4 1 1 
4.13652e+16 -673.114 1.8952e-14 4.97118e+27 0.00045606 4.29202 23527.7 3.38333e+14 491 4 1 0.999999 
4.15344e+16 -673.128 2.60073e-14 4.97118e+27 0.000455725 4.29179 23543.7 3.38581e+14 492 4 1 0.999999 
4.17038e+16 -673.142 3.34623e-14 4.97118e+27 0.000455255 4.29137 23565.8 3.38931e+14 493 4 1 0.999997 
4.18734e+16 -673.156 4.15086e-14 4.97118e+27 0.000454558 4.29056 23597.4 3.39451e+14 494 4 1 0.999994 
4.20432e+16 -673.171 5.01806e-14 4.97118e+27 0.000453472 4.28923 23646.6 3.40264e+14 495 4 1 0.999986 
4.22136e+16 -673.187 5.94256e-14 4.97118e+27 0.000451851 4.28969 23734 3.41484e+14 496 4 1 0.999967 
4.23847e+16 -673.204 6.92377e-14 4.97118e+27 0.000450257 4.30645 23911.1 3.42693e+14 497 5 1 0.998658 
4.25563e+16 -673.221 7.96954e-14 4.97118e+27 0.000458876 4.50117 24522.8 3.36256e+14 498 4 1 0.993694 
4.27212e+16 -673.24 9.04583e-14 4.97118e+27 0.000481369 4.15657 21587.2 3.20544e+14 499 4 1 0.993699 
