# Time [s]: 5.2641e+12
# Columns: pos [pc], vel [pc/s], acc [pc/s^2], mass [Msun], dens [g/cm^3], pres [barye], ene [erg/g], sml [pc], id, neighbor, alpha, gradh, ...additional?
4.28135e+16 -673.248 9.56198e-14 4.97118e+27 0.000506919 4.40305 21714.8 3.04388e+14 0 4 1 0.994707 
4.29621e+16 -673.266 1.06186e-13 4.97118e+27 0.00053101 4.11615 19378.9 2.90578e+14 1 4 1 0.999668 
4.31042e+16 -673.284 1.17067e-13 4.97118e+27 0.000544138 4.27089 19622.3 2.83568e+14 2 4 1 0.999987 
4.32457e+16 -673.304 1.2889e-13 4.97118e+27 0.000545763 4.28838 19644 2.82723e+14 3 4 1 0.999999 
4.33869e+16 -673.325 1.4207e-13 4.97118e+27 0.00054618 4.2909 19640.5 2.82508e+14 4 4 1 1 
4.35282e+16 -673.348 1.56987e-13 4.97118e+27 0.000546278 4.29141 19639.4 2.82457e+14 5 4 1 1 
4.36694e+16 -673.373 1.73892e-13 4.97118e+27 0.000546302 4.2914 19638.4 2.82444e+14 6 4 1 1 
4.38106e+16 -673.401 1.92896e-13 4.97118e+27 0.00054631 4.29127 19637.5 2.8244e+14 7 4 1 1 
4.39518e+16 -673.431 2.14185e-13 4.97118e+27 0.000546312 4.29111 19636.7 2.82439e+14 8 3 1 1 
4.4093e+16 -673.464 2.3822e-13 4.97118e+27 0.00054631 4.29093 19636 2.82441e+14 9 4 1 1 
4.42343e+16 -673.501 2.65751e-13 4.97118e+27 0.000546303 4.29072 19635.3 2.82444e+14 10 4 1 1 
4.43755e+16 -673.542 2.97572e-13 4.97118e+27 0.000546292 4.2905 19634.6 2.82449e+14 11 4 1 1 
4.45167e+16 -673.587 3.34134e-13 4.97118e+27 0.000546278 4.29024 19634 2.82457e+14 12 4 1 1 
4.46579e+16 -673.638 3.75561e-13 4.97118e+27 0.000546259 4.28995 19633.3 2.82467e+14 13 4 1 1 
4.47992e+16 -673.695 4.22076e-13 4.97118e+27 0.000546236 4.28962 19632.7 2.82479e+14 14 4 1 1 
4.49404e+16 -673.758 4.73891e-13 4.97118e+27 0.000546208 4.28926 19632 2.82493e+14 15 4 1 1 
4.50817e+16 -673.828 5.30941e-13 4.97118e+27 0.000546176 4.28885 19631.3 2.8251e+14 16 4 1 1 
4.52229e+16 -673.908 5.94253e-13 4.97118e+27 0.000546138 4.28839 19630.5 2.82529e+14 17 4 1 1 
4.53642e+16 -673.996 6.67369e-13 4.97118e+27 0.000546095 4.28787 19629.7 2.82551e+14 18 4 1 1 
4.55055e+16 -674.097 7.54356e-13 4.97118e+27 0.000546046 4.28728 19628.8 2.82577e+14 19 4 1 1 
4.56468e+16 -674.21 8.58657e-13 4.97118e+27 0.000545988 4.28662 19627.8 2.82607e+14 20 4 1 1 
4.57881e+16 -674.339 9.88538e-13 4.97118e+27 0.000545921 4.28585 19626.7 2.82641e+14 21 4 1 1 
4.59294e+16 -674.491 1.15982e-12 4.97118e+27 0.000545842 4.28494 19625.4 2.82683e+14 22 4 1 1 
4.60708e+16 -674.671 1.38833e-12 4.97118e+27 0.000545745 4.28386 19623.9 2.82733e+14 23 4 1 1 
4.62122e+16 -674.89 1.68903e-12 4.97118e+27 0.000545627 4.28254 19622.1 2.82794e+14 24 4 1 1 
-1.53664e+16 -675.159 2.0824e-12 4.97118e+27 0.000545482 4.28092 19619.9 2.82869e+14 25 4 1 1 
-1.5225e+16 -675.489 2.57207e-12 4.97118e+27 0.000545303 4.27893 19617.2 2.82962e+14 26 4 1 1 
-1.50835e+16 -675.889 3.11281e-12 4.97118e+27 0.000545086 4.27653 19614 2.83074e+14 27 4 1 1 
-1.49419e+16 -676.365 3.63726e-12 4.97118e+27 0.000544834 4.27373 19610.3 2.83206e+14 28 4 1 0.999999 
-1.48003e+16 -676.906 4.07401e-12 4.97118e+27 0.000544554 4.27065 19606.2 2.83351e+14 29 4 1 0.999999 
-1.46585e+16 -677.477 4.27729e-12 4.97118e+27 0.000544264 4.26745 19601.9 2.83502e+14 30 4 1 0.999999 
-1.45168e+16 -678.023 3.9516e-12 4.97118e+27 0.000543995 4.26447 19598 2.83643e+14 31 4 1 0.999999 
-1.43749e+16 -678.489 3.29342e-12 4.97118e+27 0.000543782 4.26213 19594.8 2.83753e+14 32 4 1 0.999999 
-1.4233e+16 -678.75 9.38036e-13 4.97118e+27 0.000543663 4.26081 19593.1 2.83816e+14 33 4 1 1 
-1.40911e+16 -679.02 3.39521e-12 4.97118e+27 0.000543653 4.26064 19592.8 2.83821e+14 34 5 1 0.999988 
-1.39492e+16 -677.926 -2.39634e-11 4.97118e+27 0.0005446 4.27096 19606.3 2.83327e+14 35 4 1 0.999871 
-1.38078e+16 -671.755 -6.7011e-11 4.97118e+27 0.000547869 4.30687 19653.2 2.81637e+14 36 4 1 0.999629 
-1.36675e+16 -660.231 -1.03519e-10 4.97118e+27 0.000553768 4.37195 19737.6 2.78637e+14 37 4 1 0.999398 
-1.35291e+16 -645.013 -1.26666e-10 4.97118e+27 0.000561644 4.45928 19849.4 2.74729e+14 38 4 1 0.999273 
-1.33928e+16 -627.911 -1.37116e-10 4.97118e+27 0.000570624 4.55945 19975.8 2.70406e+14 39 4 1 0.999271 
-1.32587e+16 -610.628 -1.35693e-10 4.97118e+27 0.000579893 4.6635 20105 2.66083e+14 40 4 1 0.99935 
-1.31267e+16 -594.252 -1.27493e-10 4.97118e+27 0.00058885 4.76465 20228.6 2.62036e+14 41 4 1 0.999436 
-1.29966e+16 -579.18 -1.20046e-10 4.97118e+27 0.000597296 4.86058 20344.1 2.58331e+14 42 4 1 0.999478 
-1.28684e+16 -564.835 -1.19483e-10 4.97118e+27 0.000605455 4.95375 20454.7 2.5485e+14 43 4 1 0.999468 
-1.27418e+16 -550.417 -1.25577e-10 4.97118e+27 0.00061374 5.04888 20566.2 2.51409e+14 44 4 1 0.999424 
-1.26169e+16 -535.282 -1.34704e-10 4.97118e+27 0.000622455 5.14953 20682.5 2.47889e+14 45 4 1 0.999369 
-1.24939e+16 -519.342 -1.44557e-10 4.97118e+27 0.000631723 5.25718 20805.1 2.44253e+14 46 4 1 0.999322 
-1.23727e+16 -502.666 -1.52484e-10 4.97118e+27 0.000641506 5.37152 20933.3 2.40528e+14 47 4 1 0.999293 
-1.22533e+16 -485.563 -1.58523e-10 4.97118e+27 0.000651685 5.49122 21065.6 2.36771e+14 48 4 1 0.999282 
-1.21359e+16 -468.227 -1.6264e-10 4.97118e+27 0.000662136 5.61489 21200 2.33034e+14 49 4 1 0.999282 
-1.20203e+16 -450.802 -1.6593e-10 4.97118e+27 0.000672765 5.74148 21335.5 2.29352e+14 50 4 1 0.999291 
-1.19065e+16 -433.46 -1.68091e-10 4.97118e+27 0.000683506 5.87022 21471.1 2.25748e+14 51 4 1 0.999305 
-1.17945e+16 -416.216 -1.69923e-10 4.97118e+27 0.00069431 6.00053 21606.2 2.22235e+14 52 4 1 0.999323 
-1.16843e+16 -399.175 -1.71123e-10 4.97118e+27 0.000705146 6.13204 21740.4 2.1882e+14 53 4 1 0.999343 
-1.15757e+16 -382.293 -1.72028e-10 4.97118e+27 0.000715984 6.26439 21873.4 2.15508e+14 54 4 1 0.999363 
-1.14687e+16 -365.65 -1.72957e-10 4.97118e+27 0.000726815 6.39745 22005.2 2.12296e+14 55 4 1 0.999383 
-1.13634e+16 -349.232 -1.73621e-10 4.97118e+27 0.000737632 6.53114 22135.6 2.09183e+14 56 4 1 0.999402 
-1.12595e+16 -333.033 -1.74355e-10 4.97118e+27 0.000748429 6.66537 22264.6 2.06165e+14 57 4 1 0.999421 
-1.11572e+16 -317.063 -1.74872e-10 4.97118e+27 0.000759202 6.80007 22392.2 2.0324e+14 58 4 1 0.999441 
-1.10563e+16 -301.3 -1.75084e-10 4.97118e+27 0.00076994 6.93508 22518.3 2.00405e+14 59 4 1 0.999457 
-1.09568e+16 -285.76 -1.76083e-10 4.97118e+27 0.000780653 7.07055 22643.1 1.97655e+14 60 4 1 0.999475 
-1.08586e+16 -270.445 -1.76133e-10 4.97118e+27 0.000791338 7.2064 22766.6 1.94986e+14 61 4 1 0.999492 
-1.07618e+16 -255.33 -1.76594e-10 4.97118e+27 0.000801983 7.34248 22888.6 1.92398e+14 62 4 1 0.999508 
-1.06662e+16 -240.438 -1.77072e-10 4.97118e+27 0.000812598 7.4789 23009.3 1.89885e+14 63 4 1 0.999524 
-1.05719e+16 -225.727 -1.77001e-10 4.97118e+27 0.000823172 7.61549 23128.6 1.87446e+14 64 4 1 0.999539 
-1.04788e+16 -211.237 -1.77621e-10 4.97118e+27 0.000833708 7.7523 23246.5 1.85077e+14 65 4 1 0.999553 
-1.03868e+16 -196.948 -1.7775e-10 4.97118e+27 0.000844212 7.88937 23363.2 1.82774e+14 66 4 1 0.999567 
-1.0296e+16 -182.841 -1.77867e-10 4.97118e+27 0.000854672 8.02656 23478.5 1.80537e+14 67 4 1 0.99958 
-1.02063e+16 -168.934 -1.7809e-10 4.97118e+27 0.00086509 8.16387 23592.6 1.78363e+14 68 4 1 0.999594 
-1.01176e+16 -155.21 -1.78146e-10 4.97118e+27 0.000875467 8.30129 23705.4 1.76249e+14 69 4 1 0.999606 
-1.003e+16 -141.67 -1.78174e-10 4.97118e+27 0.000885798 8.43875 23816.9 1.74193e+14 70 4 1 0.999618 
-9.94342e+15 -128.327 -1.78433e-10 4.97118e+27 0.000896087 8.5763 23927.1 1.72193e+14 71 4 1 0.999631 
-9.85781e+15 -115.175 -1.7792e-10 4.97118e+27 0.000906323 8.71376 24036.1 1.70248e+14 72 4 1 0.999642 
-9.77316e+15 -102.197 -1.77997e-10 4.97118e+27 0.000916503 8.85108 24143.7 1.68357e+14 73 4 1 0.999652 
-9.68945e+15 -89.3748 -1.78686e-10 4.97118e+27 0.000926645 8.98853 24250.2 1.66515e+14 74 4 1 0.999668 
-9.60664e+15 -76.7591 -1.76034e-10 4.97118e+27 0.000936684 9.1252 24355 1.6473e+14 75 4 1 0.999691 
-9.52471e+15 -64.6071 -1.69867e-10 4.97118e+27 0.000946487 9.25908 24456.5 1.63024e+14 76 4 1 0.999694 
-9.44361e+15 -52.8087 -1.74759e-10 4.97118e+27 0.00095625 9.39288 24557 1.61359e+14 77 4 1 0.999659 
-9.36335e+15 -40.1432 -1.98254e-10 4.97118e+27 0.000966569 9.53534 24662.9 1.59637e+14 78 4 1 0.999688 
-9.28397e+15 -26.9094 -1.83402e-10 4.97118e+27 0.000976857 9.67855 24768.2 1.57956e+14 79 4 1 0.999856 
-9.20539e+15 -17.4657 -9.1241e-11 4.97118e+27 0.000984596 9.78572 24846 1.56714e+14 80 4 1 0.999914 
-9.12726e+15 -12.7471 -7.404e-11 4.97118e+27 0.000990035 9.85945 24899.2 1.55853e+14 81 4 1 0.999707 
-9.04953e+15 -2.78324 -2.48568e-10 4.97118e+27 0.000999077 9.98587 24990.4 1.54443e+14 82 4 1 0.999398 
-8.97281e+15 16.797 -3.16011e-10 4.97118e+27 0.0010133 10.1886 25134.5 1.52275e+14 83 4 1 0.999812 
-8.89725e+15 30.3282 -9.32506e-11 4.97118e+27 0.00102389 10.3385 25239.4 1.507e+14 84 4 1 1.00001 
-8.8221e+15 31.6196 1.48753e-11 4.97118e+27 0.00102627 10.3705 25261.5 1.50351e+14 85 3 1 1 
-8.7469e+15 29.8166 3.38785e-11 4.97118e+27 0.0010248 10.3493 25246.8 1.50566e+14 86 4 1 0.999996 
-8.67154e+15 27.1812 4.42045e-11 4.97118e+27 0.00102246 10.3161 25223.6 1.5091e+14 87 4 1 0.999986 
-8.59599e+15 24.0546 5.0808e-11 4.97118e+27 0.00101974 10.2776 25196.6 1.51314e+14 88 4 1 0.99998 
-8.52023e+15 20.6567 5.40495e-11 4.97118e+27 0.00101683 10.2365 25167.7 1.51746e+14 89 4 1 0.999976 
-8.44424e+15 17.2054 5.38373e-11 4.97118e+27 0.00101393 10.1955 25138.8 1.52181e+14 90 4 1 0.999975 
-8.36804e+15 13.8993 5.06561e-11 4.97118e+27 0.00101118 10.1569 25111.5 1.52594e+14 91 4 1 0.999978 
-8.29165e+15 10.8945 4.52759e-11 4.97118e+27 0.00100871 10.1222 25086.9 1.52967e+14 92 4 1 0.999982 
-8.21508e+15 8.29123 3.86234e-11 4.97118e+27 0.0010066 10.0924 25065.8 1.53289e+14 93 4 1 0.999986 
-8.13836e+15 6.13251 3.15775e-11 4.97118e+27 0.00100486 10.068 25048.5 1.53554e+14 94 4 1 0.99999 
-8.06152e+15 4.41278 2.48337e-11 4.97118e+27 0.00100348 10.0487 25034.7 1.53765e+14 95 4 1 0.999994 
-7.98459e+15 3.09225 1.88465e-11 4.97118e+27 0.00100243 10.034 25024.2 1.53926e+14 96 4 1 0.999996 
-7.9076e+15 2.11211 1.38392e-11 4.97118e+27 0.00100166 10.0231 25016.5 1.54045e+14 97 4 1 0.999998 
-7.83055e+15 1.40723 9.85463e-12 4.97118e+27 0.0010011 10.0154 25011 1.5413e+14 98 4 1 0.999999 
-7.75347e+15 0.915111 6.81655e-12 4.97118e+27 0.00100071 10.01 25007.1 1.5419e+14 99 4 1 1 
-7.67636e+15 0.581082 4.58625e-12 4.97118e+27 0.00100045 10.0063 25004.5 1.5423e+14 100 4 1 1 
-7.59924e+15 0.360404 3.00433e-12 4.97118e+27 0.00100028 10.0039 25002.8 1.54257e+14 101 4 1 1 
-7.5221e+15 0.218385 1.91754e-12 4.97118e+27 0.00100017 10.0024 25001.7 1.54274e+14 102 4 1 1 
-7.44496e+15 0.129296 1.19309e-12 4.97118e+27 0.0010001 10.0014 25001 1.54285e+14 103 4 1 1 
-7.36782e+15 0.0748013 7.23916e-13 4.97118e+27 0.00100006 10.0008 25000.6 1.54291e+14 104 4 1 1 
-7.29067e+15 0.0422859 4.28451e-13 4.97118e+27 0.00100003 10.0005 25000.3 1.54295e+14 105 4 1 1 
-7.21352e+15 0.0233579 2.47391e-13 4.97118e+27 0.00100002 10.0002 25000.2 1.54297e+14 106 4 1 1 
-7.13637e+15 0.0126067 1.39374e-13 4.97118e+27 0.00100001 10.0001 25000.1 1.54299e+14 107 4 1 1 
-7.05922e+15 0.00664761 7.66156e-14 4.97118e+27 0.00100001 10.0001 25000.1 1.54299e+14 108 4 1 1 
-6.98207e+15 0.00342435 4.1096e-14 4.97118e+27 0.001 10 25000 1.543e+14 109 4 1 1 
-6.90492e+15 0.001723 2.1509e-14 4.97118e+27 0.001 10 25000 1.543e+14 110 4 1 1 
-6.82777e+15 0.000846688 1.09839e-14 4.97118e+27 0.001 10 25000 1.543e+14 111 4 1 1 
-6.75062e+15 0.000406273 5.47233e-15 4.97118e+27 0.001 10 25000 1.543e+14 112 4 1 1 
-6.67347e+15 0.000190319 2.65961e-15 4.97118e+27 0.001 10 25000 1.543e+14 113 4 1 1 
-6.59632e+15 8.70197e-05 1.26075e-15 4.97118e+27 0.001 10 25000 1.543e+14 114 4 1 1 
-6.51917e+15 3.8825e-05 5.82811e-16 4.97118e+27 0.001 10 25000 1.543e+14 115 4 1 1 
-6.44202e+15 1.68979e-05 2.62674e-16 4.97118e+27 0.001 10 25000 1.543e+14 116 4 1 1 
-6.36487e+15 7.17198e-06 1.15394e-16 4.97118e+27 0.001 10 25000 1.543e+14 117 4 1 1 
-6.28772e+15 2.96728e-06 4.93949e-17 4.97118e+27 0.001 10 25000 1.543e+14 118 4 1 1 
-6.21057e+15 1.19622e-06 2.05961e-17 4.97118e+27 0.001 10 25000 1.543e+14 119 4 1 1 
-6.13342e+15 4.69633e-07 8.36111e-18 4.97118e+27 0.001 10 25000 1.543e+14 120 4 1 1 
-6.05627e+15 1.79459e-07 3.30323e-18 4.97118e+27 0.001 10 25000 1.543e+14 121 4 1 1 
-5.97912e+15 6.67102e-08 1.26951e-18 4.97118e+27 0.001 10 25000 1.543e+14 122 4 1 1 
-5.90197e+15 2.40952e-08 4.74046e-19 4.97118e+27 0.001 10 25000 1.543e+14 123 4 1 1 
-5.82482e+15 8.45151e-09 1.71761e-19 4.97118e+27 0.001 10 25000 1.543e+14 124 4 1 1 
-5.74767e+15 2.88048e-09 6.07005e-20 4.97118e+27 0.001 10 25000 1.543e+14 125 4 1 1 
-5.67052e+15 9.50149e-10 2.05215e-20 4.97118e+27 0.001 10 25000 1.543e+14 126 4 1 1 
-5.59337e+15 3.08134e-10 6.8982e-21 4.97118e+27 0.001 10 25000 1.543e+14 127 4 1 1 
-5.51622e+15 8.64746e-11 2.23063e-21 4.97118e+27 0.001 10 25000 1.543e+14 128 4 1 1 
-5.43907e+15 2.69212e-11 8.04944e-22 4.97118e+27 0.001 10 25000 1.543e+14 129 4 1 1 
-5.36192e+15 1.63782e-12 9.20989e-23 4.97118e+27 0.001 10 25000 1.543e+14 130 5 1 1 
-5.28477e+15 1.7423e-13 1.47358e-23 4.97118e+27 0.001 10 25000 1.543e+14 131 5 1 1 
-5.20762e+15 4.12342e-44 2.90613e-54 4.97118e+27 0.001 10 25000 1.543e+14 132 5 1 1 
-5.13047e+15 0 0 4.97118e+27 0.001 10 25000 1.543e+14 133 5 1 1 
-5.05332e+15 0 0 4.97118e+27 0.001 10 25000 1.543e+14 134 5 1 1 
-4.97617e+15 0 0 4.97118e+27 0.001 10 25000 1.543e+14 135 5 1 1 
-4.89902e+15 0 0 4.97118e+27 0.001 10 25000 1.543e+14 136 5 1 1 
-4.82187e+15 0 0 4.97118e+27 0.001 10 25000 1.543e+14 137 5 1 1 
-4.74472e+15 0 0 4.97118e+27 0.001 10 25000 1.543e+14 138 5 1 1 
-4.66757e+15 0 0 4.97118e+27 0.001 10 25000 1.543e+14 139 5 1 1 
-4.59042e+15 0 0 4.97118e+27 0.001 10 25000 1.543e+14 140 5 1 1 
-4.51327e+15 0 0 4.97118e+27 0.001 10 25000 1.543e+14 141 5 1 1 
-4.43612e+15 0 0 4.97118e+27 0.001 10 25000 1.543e+14 142 5 1 1 
-4.35897e+15 0 0 4.97118e+27 0.001 10 25000 1.543e+14 143 5 1 1 
-4.28182e+15 0 0 4.97118e+27 0.001 10 25000 1.543e+14 144 5 1 1 
-4.20467e+15 0 0 4.97118e+27 0.001 10 25000 1.543e+14 145 5 1 1 
-4.12752e+15 0 0 4.97118e+27 0.001 10 25000 1.543e+14 146 5 1 1 
-4.05037e+15 0 0 4.97118e+27 0.001 10 25000 1.543e+14 147 5 1 1 
-3.97322e+15 0 0 4.97118e+27 0.001 10 25000 1.543e+14 148 5 1 1 
-3.89607e+15 0 0 4.97118e+27 0.001 10 25000 1.543e+14 149 5 1 1 
-3.81892e+15 0 0 4.97118e+27 0.001 10 25000 1.543e+14 150 5 1 1 
-3.74177e+15 0 0 4.97118e+27 0.001 10 25000 1.543e+14 151 5 1 1 
-3.66462e+15 0 0 4.97118e+27 0.001 10 25000 1.543e+14 152 5 1 1 
-3.58747e+15 0 0 4.97118e+27 0.001 10 25000 1.543e+14 153 5 1 1 
-3.51032e+15 0 0 4.97118e+27 0.001 10 25000 1.543e+14 154 5 1 1 
-3.43317e+15 0 0 4.97118e+27 0.001 10 25000 1.543e+14 155 5 1 1 
-3.35602e+15 0 0 4.97118e+27 0.001 10 25000 1.543e+14 156 5 1 1 
-3.27887e+15 0 0 4.97118e+27 0.001 10 25000 1.543e+14 157 5 1 1 
-3.20172e+15 0 0 4.97118e+27 0.001 10 25000 1.543e+14 158 5 1 1 
-3.12457e+15 0 0 4.97118e+27 0.001 10 25000 1.543e+14 159 5 1 1 
-3.04742e+15 0 0 4.97118e+27 0.001 10 25000 1.543e+14 160 5 1 1 
-2.97027e+15 0 0 4.97118e+27 0.001 10 25000 1.543e+14 161 5 1 1 
-2.89312e+15 0 0 4.97118e+27 0.001 10 25000 1.543e+14 162 5 1 1 
-2.81597e+15 0 0 4.97118e+27 0.001 10 25000 1.543e+14 163 5 1 1 
-2.73882e+15 0 0 4.97118e+27 0.001 10 25000 1.543e+14 164 5 1 1 
-2.66167e+15 0 0 4.97118e+27 0.001 10 25000 1.543e+14 165 5 1 1 
-2.58452e+15 0 0 4.97118e+27 0.001 10 25000 1.543e+14 166 5 1 1 
-2.50737e+15 0 0 4.97118e+27 0.001 10 25000 1.543e+14 167 5 1 1 
-2.43022e+15 0 0 4.97118e+27 0.001 10 25000 1.543e+14 168 5 1 1 
-2.35307e+15 0 0 4.97118e+27 0.001 10 25000 1.543e+14 169 5 1 1 
-2.27592e+15 0 0 4.97118e+27 0.001 10 25000 1.543e+14 170 5 1 1 
-2.19877e+15 0 0 4.97118e+27 0.001 10 25000 1.543e+14 171 5 1 1 
-2.12162e+15 0 0 4.97118e+27 0.001 10 25000 1.543e+14 172 5 1 1 
-2.04447e+15 -3.39649e-43 -3.63266e-55 4.97118e+27 0.001 10 25000 1.543e+14 173 5 1 1 
-1.96732e+15 -1.04199e-13 -3.63266e-55 4.97118e+27 0.001 10 25000 1.543e+14 174 5 1 1 
-1.89017e+15 -2.42604e-13 0 4.97118e+27 0.001 10 25000 1.543e+14 175 5 1 1 
-1.81302e+15 -3.80393e-13 0 4.97118e+27 0.001 10 25000 1.543e+14 176 5 1 1 
-1.73587e+15 -5.17443e-13 0 4.97118e+27 0.001 10 25000 1.543e+14 177 5 1 1 
-1.65872e+15 -6.53662e-13 0 4.97118e+27 0.001 10 25000 1.543e+14 178 5 1 1 
-1.58157e+15 -8.23108e-13 0 4.97118e+27 0.001 10 25000 1.543e+14 179 5 1 1 
-1.50442e+15 -9.90984e-13 0 4.97118e+27 0.001 10 25000 1.543e+14 180 5 1 1 
-1.42727e+15 -1.15711e-12 -7.26532e-55 4.97118e+27 0.001 10 25000 1.543e+14 181 5 1 1 
-1.35012e+15 -1.37253e-12 -1.84198e-24 4.97118e+27 0.001 10 25000 1.543e+14 182 5 1 1 
-1.27297e+15 -1.80991e-12 -1.84198e-24 4.97118e+27 0.001 10 25000 1.543e+14 183 5 1 1 
-1.19582e+15 -2.42808e-12 -7.36791e-24 4.97118e+27 0.001 10 25000 1.543e+14 184 5 1 1 
-1.11867e+15 -5.50999e-12 -1.28938e-23 4.97118e+27 0.001 10 25000 1.543e+14 185 4 1 1 
-1.04152e+15 3.31427e-12 1.65778e-23 4.97118e+27 0.001 10 25000 1.543e+14 186 4 1 1 
-9.64375e+14 -9.0203e-13 3.35509e-38 4.97118e+27 0.001 10 25000 1.543e+14 187 5 1 1 
-8.87225e+14 -2.00048e-12 -3.31556e-23 4.97118e+27 0.001 10 25000 1.543e+14 188 4 1 1 
-8.10075e+14 -2.56869e-12 4.60494e-23 4.97118e+27 0.001 10 25000 1.543e+14 189 4 1 1 
-7.32925e+14 -1.18947e-12 -7.36791e-24 4.97118e+27 0.001 10 25000 1.543e+14 190 4 1 1 
-6.55775e+14 -2.72425e-12 -5.52593e-24 4.97118e+27 0.001 10 25000 1.543e+14 191 4 1 1 
-5.78625e+14 -7.32917e-13 -2.04501e-38 4.97118e+27 0.001 10 25000 1.543e+14 192 3 1 1 
-5.01475e+14 -1.06718e-12 1.10519e-23 4.97118e+27 0.001 10 25000 1.543e+14 193 4 1 1 
-4.24325e+14 -1.24476e-12 9.20989e-24 4.97118e+27 0.001 10 25000 1.543e+14 194 5 1 1 
-3.47175e+14 -1.48573e-12 -1.47358e-23 4.97118e+27 0.001 10 25000 1.543e+14 195 5 1 1 
-2.70025e+14 -1.12241e-12 5.52593e-24 4.97118e+27 0.001 10 25000 1.543e+14 196 3 1 1 
-1.92875e+14 -1.97519e-13 -3.68395e-24 4.97118e+27 0.001 10 25000 1.543e+14 197 3 1 1 
-1.15725e+14 -3.81418e-13 0 4.97118e+27 0.001 10 25000 1.543e+14 198 5 1 1 
-3.8575e+13 -7.82267e-13 -5.52593e-24 4.97118e+27 0.001 10 25000 1.543e+14 199 5 1 1 
3.8575e+13 -6.1751e-14 3.63266e-55 4.97118e+27 0.001 10 25000 1.543e+14 200 3 1 1 
1.15725e+14 -2.97275e-13 1.10519e-23 4.97118e+27 0.001 10 25000 1.543e+14 201 5 1 1 
1.92875e+14 1.53924e-14 -9.20989e-24 4.97118e+27 0.001 10 25000 1.543e+14 202 5 1 1 
2.70025e+14 -1.89691e-13 3.68395e-24 4.97118e+27 0.001 10 25000 1.543e+14 203 4 1 1 
3.47175e+14 1.00452e-12 7.36791e-24 4.97118e+27 0.001 10 25000 1.543e+14 204 4 1 1 
4.24325e+14 1.46068e-12 1.10519e-23 4.97118e+27 0.001 10 25000 1.543e+14 205 5 1 1 
5.01475e+14 -1.01313e-13 -1.84198e-23 4.97118e+27 0.001 10 25000 1.543e+14 206 5 1 1 
5.78625e+14 1.89498e-12 7.36791e-24 4.97118e+27 0.001 10 25000 1.543e+14 207 4 1 1 
6.55775e+14 2.54737e-12 -3.68395e-24 4.97118e+27 0.001 10 25000 1.543e+14 208 5 1 1 
7.32925e+14 1.5229e-12 -3.68395e-24 4.97118e+27 0.001 10 25000 1.543e+14 209 4 1 1 
8.10075e+14 2.11672e-12 3.68395e-24 4.97118e+27 0.001 10 25000 1.543e+14 210 3 1 1 
8.87225e+14 8.3663e-14 5.43205e-39 4.97118e+27 0.001 10 25000 1.543e+14 211 3 1 1 
9.64375e+14 1.34957e-12 1.0225e-38 4.97118e+27 0.001 10 25000 1.543e+14 212 4 1 1 
1.04153e+15 4.4074e-13 -3.68395e-24 4.97118e+27 0.001 10 25000 1.543e+14 213 5 1 1 
1.11868e+15 2.09434e-12 -1.27813e-39 4.97118e+27 0.001 10 25000 1.543e+14 214 5 1 1 
1.19583e+15 1.67134e-12 -1.45306e-54 4.97118e+27 0.001 10 25000 1.543e+14 215 5 1 1 
1.27298e+15 1.16856e-12 7.26532e-55 4.97118e+27 0.001 10 25000 1.543e+14 216 5 1 1 
1.35013e+15 1.00879e-12 7.26532e-55 4.97118e+27 0.001 10 25000 1.543e+14 217 5 1 1 
1.42728e+15 8.8246e-13 1.0898e-54 4.97118e+27 0.001 10 25000 1.543e+14 218 5 1 1 
1.50443e+15 1.02565e-12 -7.26532e-55 4.97118e+27 0.001 10 25000 1.543e+14 219 5 1 1 
1.58158e+15 7.56014e-13 -1.81633e-54 4.97118e+27 0.001 10 25000 1.543e+14 220 5 1 1 
1.65873e+15 9.39765e-14 1.45306e-54 4.97118e+27 0.001 10 25000 1.543e+14 221 5 1 1 
1.73588e+15 2.8884e-14 -3.68395e-24 4.97118e+27 0.001 10 25000 1.543e+14 222 5 1 1 
1.81303e+15 9.88331e-14 -7.36791e-24 4.97118e+27 0.001 10 25000 1.543e+14 223 5 1 1 
1.89018e+15 -4.60298e-12 -2.21037e-23 4.97118e+27 0.001 10 25000 1.543e+14 224 3 1 1 
1.96733e+15 6.75686e-12 6.13502e-38 4.97118e+27 0.001 10 25000 1.543e+14 225 3 1 1 
2.04448e+15 3.13493e-12 7.36791e-24 4.97118e+27 0.001 10 25000 1.543e+14 226 5 1 1 
2.12163e+15 2.19504e-12 1.47358e-23 4.97118e+27 0.001 10 25000 1.543e+14 227 5 1 1 
2.19878e+15 7.83992e-13 5.52593e-24 4.97118e+27 0.001 10 25000 1.543e+14 228 5 1 1 
2.27593e+15 1.91658e-13 5.52593e-24 4.97118e+27 0.001 10 25000 1.543e+14 229 5 1 1 
2.35308e+15 5.1544e-44 1.0898e-54 4.97118e+27 0.001 10 25000 1.543e+14 230 5 1 1 
2.43023e+15 0 0 4.97118e+27 0.001 10 25000 1.543e+14 231 5 1 1 
2.50738e+15 0 0 4.97118e+27 0.001 10 25000 1.543e+14 232 5 1 1 
2.58453e+15 0 0 4.97118e+27 0.001 10 25000 1.543e+14 233 5 1 1 
2.66168e+15 0 0 4.97118e+27 0.001 10 25000 1.543e+14 234 5 1 1 
2.73883e+15 0 0 4.97118e+27 0.001 10 25000 1.543e+14 235 5 1 1 
2.81598e+15 0 0 4.97118e+27 0.001 10 25000 1.543e+14 236 5 1 1 
2.89313e+15 -1.50556e-42 -3.63266e-55 4.97118e+27 0.001 10 25000 1.543e+14 237 5 1 1 
2.97028e+15 -1.69188e-13 0 4.97118e+27 0.001 10 25000 1.543e+14 238 5 1 1 
3.04743e+15 -3.37357e-13 3.63266e-55 4.97118e+27 0.001 10 25000 1.543e+14 239 5 1 1 
3.12458e+15 1.58941e-12 0 4.97118e+27 0.001 10 25000 1.543e+14 240 5 1 1 
3.20173e+15 1.42405e-12 1.45306e-54 4.97118e+27 0.001 10 25000 1.543e+14 241 5 1 1 
3.27888e+15 2.49113e-12 -5.08572e-54 4.97118e+27 0.001 10 25000 1.543e+14 242 5 1 1 
3.35603e+15 8.29027e-13 2.90613e-54 4.97118e+27 0.001 10 25000 1.543e+14 243 5 1 1 
3.43318e+15 7.0356e-13 -1.84198e-24 4.97118e+27 0.001 10 25000 1.543e+14 244 5 1 1 
3.51033e+15 -1.49353e-12 1.0898e-53 4.97118e+27 0.001 10 25000 1.543e+14 245 5 1 1 
3.58748e+15 2.47859e-12 1.84198e-24 4.97118e+27 0.001 10 25000 1.543e+14 246 5 1 1 
3.66463e+15 -2.5997e-13 -1.84198e-24 4.97118e+27 0.001 10 25000 1.543e+14 247 5 1 1 
3.74178e+15 -2.09243e-14 -2.31661e-37 4.97118e+27 0.001 10 25000 1.543e+14 248 5 1 1 
3.81893e+15 -3.1251e-12 -2.32939e-37 4.97118e+27 0.001 10 25000 1.543e+14 249 4 1 1 
3.89608e+15 3.1251e-12 2.32939e-37 4.97118e+27 0.001 10 25000 1.543e+14 250 4 1 1 
3.97323e+15 2.09243e-14 2.31661e-37 4.97118e+27 0.001 10 25000 1.543e+14 251 5 1 1 
4.05038e+15 2.5997e-13 1.84198e-24 4.97118e+27 0.001 10 25000 1.543e+14 252 5 1 1 
4.12753e+15 -2.47859e-12 -1.84198e-24 4.97118e+27 0.001 10 25000 1.543e+14 253 5 1 1 
4.20468e+15 1.49353e-12 -1.0898e-53 4.97118e+27 0.001 10 25000 1.543e+14 254 5 1 1 
4.28183e+15 -7.0356e-13 1.84198e-24 4.97118e+27 0.001 10 25000 1.543e+14 255 5 1 1 
4.35898e+15 -8.29027e-13 -2.90613e-54 4.97118e+27 0.001 10 25000 1.543e+14 256 5 1 1 
4.43613e+15 -2.49113e-12 5.08572e-54 4.97118e+27 0.001 10 25000 1.543e+14 257 5 1 1 
4.51328e+15 -1.42405e-12 -1.45306e-54 4.97118e+27 0.001 10 25000 1.543e+14 258 5 1 1 
4.59043e+15 -1.58941e-12 0 4.97118e+27 0.001 10 25000 1.543e+14 259 5 1 1 
4.66758e+15 3.37357e-13 -3.63266e-55 4.97118e+27 0.001 10 25000 1.543e+14 260 5 1 1 
4.74473e+15 1.69188e-13 0 4.97118e+27 0.001 10 25000 1.543e+14 261 5 1 1 
4.82188e+15 1.50556e-42 3.63266e-55 4.97118e+27 0.001 10 25000 1.543e+14 262 5 1 1 
4.89903e+15 0 0 4.97118e+27 0.001 10 25000 1.543e+14 263 5 1 1 
4.97618e+15 0 0 4.97118e+27 0.001 10 25000 1.543e+14 264 5 1 1 
5.05333e+15 0 0 4.97118e+27 0.001 10 25000 1.543e+14 265 5 1 1 
5.13048e+15 0 0 4.97118e+27 0.001 10 25000 1.543e+14 266 5 1 1 
5.20763e+15 -3.43608e-44 -2.90613e-54 4.97118e+27 0.001 10 25000 1.543e+14 267 5 1 1 
5.28478e+15 -1.7423e-13 -1.47358e-23 4.97118e+27 0.001 10 25000 1.543e+14 268 5 1 1 
5.36193e+15 -1.49842e-12 -9.20989e-23 4.97118e+27 0.001 10 25000 1.543e+14 269 5 1 1 
5.43908e+15 -2.67643e-11 -8.03102e-22 4.97118e+27 0.001 10 25000 1.543e+14 270 4 1 1 
5.51623e+15 -8.6161e-11 -2.22327e-21 4.97118e+27 0.001 10 25000 1.543e+14 271 4 1 1 
5.59338e+15 -3.06566e-10 -6.87242e-21 4.97118e+27 0.001 10 25000 1.543e+14 272 4 1 1 
5.67052e+15 -9.46613e-10 -2.04828e-20 4.97118e+27 0.001 10 25000 1.543e+14 273 4 1 1 
5.74767e+15 -2.86652e-09 -6.06692e-20 4.97118e+27 0.001 10 25000 1.543e+14 274 4 1 1 
5.82482e+15 -8.44944e-09 -1.71718e-19 4.97118e+27 0.001 10 25000 1.543e+14 275 4 1 1 
5.90197e+15 -2.40993e-08 -4.74258e-19 4.97118e+27 0.001 10 25000 1.543e+14 276 4 1 1 
5.97912e+15 -6.6714e-08 -1.26945e-18 4.97118e+27 0.001 10 25000 1.543e+14 277 4 1 1 
6.05627e+15 -1.79462e-07 -3.30325e-18 4.97118e+27 0.001 10 25000 1.543e+14 278 4 1 1 
6.13342e+15 -4.69638e-07 -8.36128e-18 4.97118e+27 0.001 10 25000 1.543e+14 279 4 1 1 
6.21057e+15 -1.19621e-06 -2.05956e-17 4.97118e+27 0.001 10 25000 1.543e+14 280 4 1 1 
6.28772e+15 -2.96729e-06 -4.93955e-17 4.97118e+27 0.001 10 25000 1.543e+14 281 4 1 1 
6.36487e+15 -7.17198e-06 -1.15393e-16 4.97118e+27 0.001 10 25000 1.543e+14 282 4 1 1 
6.44202e+15 -1.68979e-05 -2.62674e-16 4.97118e+27 0.001 10 25000 1.543e+14 283 4 1 1 
6.51917e+15 -3.8825e-05 -5.82812e-16 4.97118e+27 0.001 10 25000 1.543e+14 284 4 1 1 
6.59632e+15 -8.70197e-05 -1.26075e-15 4.97118e+27 0.001 10 25000 1.543e+14 285 4 1 1 
6.67347e+15 -0.000190319 -2.65961e-15 4.97118e+27 0.001 10 25000 1.543e+14 286 4 1 1 
6.75062e+15 -0.000406273 -5.47233e-15 4.97118e+27 0.001 10 25000 1.543e+14 287 4 1 1 
6.82777e+15 -0.000846688 -1.09839e-14 4.97118e+27 0.001 10 25000 1.543e+14 288 4 1 1 
6.90492e+15 -0.001723 -2.1509e-14 4.97118e+27 0.001 10 25000 1.543e+14 289 4 1 1 
6.98207e+15 -0.00342435 -4.1096e-14 4.97118e+27 0.001 10 25000 1.543e+14 290 4 1 1 
7.05922e+15 -0.00664761 -7.66156e-14 4.97118e+27 0.00100001 10.0001 25000.1 1.54299e+14 291 4 1 1 
7.13637e+15 -0.0126067 -1.39374e-13 4.97118e+27 0.00100001 10.0001 25000.1 1.54299e+14 292 4 1 1 
7.21352e+15 -0.0233579 -2.47391e-13 4.97118e+27 0.00100002 10.0002 25000.2 1.54297e+14 293 4 1 1 
7.29067e+15 -0.0422859 -4.28451e-13 4.97118e+27 0.00100003 10.0005 25000.3 1.54295e+14 294 4 1 1 
7.36782e+15 -0.0748013 -7.23916e-13 4.97118e+27 0.00100006 10.0008 25000.6 1.54291e+14 295 4 1 1 
7.44496e+15 -0.129296 -1.19309e-12 4.97118e+27 0.0010001 10.0014 25001 1.54285e+14 296 4 1 1 
7.5221e+15 -0.218385 -1.91754e-12 4.97118e+27 0.00100017 10.0024 25001.7 1.54274e+14 297 4 1 1 
7.59924e+15 -0.360404 -3.00433e-12 4.97118e+27 0.00100028 10.0039 25002.8 1.54257e+14 298 4 1 1 
7.67636e+15 -0.581082 -4.58625e-12 4.97118e+27 0.00100045 10.0063 25004.5 1.5423e+14 299 4 1 1 
7.75347e+15 -0.915111 -6.81655e-12 4.97118e+27 0.00100071 10.01 25007.1 1.5419e+14 300 4 1 1 
7.83055e+15 -1.40723 -9.85463e-12 4.97118e+27 0.0010011 10.0154 25011 1.5413e+14 301 4 1 0.999999 
7.9076e+15 -2.11211 -1.38392e-11 4.97118e+27 0.00100166 10.0231 25016.5 1.54045e+14 302 4 1 0.999998 
7.98459e+15 -3.09225 -1.88465e-11 4.97118e+27 0.00100243 10.034 25024.2 1.53926e+14 303 4 1 0.999996 
8.06152e+15 -4.41278 -2.48337e-11 4.97118e+27 0.00100348 10.0487 25034.7 1.53765e+14 304 4 1 0.999994 
8.13836e+15 -6.13251 -3.15775e-11 4.97118e+27 0.00100486 10.068 25048.5 1.53554e+14 305 4 1 0.99999 
8.21508e+15 -8.29123 -3.86234e-11 4.97118e+27 0.0010066 10.0924 25065.8 1.53289e+14 306 4 1 0.999986 
8.29165e+15 -10.8945 -4.52759e-11 4.97118e+27 0.00100871 10.1222 25086.9 1.52967e+14 307 4 1 0.999982 
8.36804e+15 -13.8993 -5.06561e-11 4.97118e+27 0.00101118 10.1569 25111.5 1.52594e+14 308 4 1 0.999978 
8.44424e+15 -17.2054 -5.38373e-11 4.97118e+27 0.00101393 10.1955 25138.8 1.52181e+14 309 4 1 0.999975 
8.52023e+15 -20.6567 -5.40495e-11 4.97118e+27 0.00101683 10.2365 25167.7 1.51746e+14 310 4 1 0.999976 
8.59599e+15 -24.0546 -5.0808e-11 4.97118e+27 0.00101974 10.2776 25196.6 1.51314e+14 311 4 1 0.99998 
8.67154e+15 -27.1812 -4.42045e-11 4.97118e+27 0.00102246 10.3161 25223.6 1.5091e+14 312 4 1 0.999986 
8.7469e+15 -29.8166 -3.38785e-11 4.97118e+27 0.0010248 10.3493 25246.8 1.50566e+14 313 4 1 0.999996 
8.8221e+15 -31.6196 -1.48753e-11 4.97118e+27 0.00102627 10.3705 25261.5 1.50351e+14 314 3 1 1 
8.89725e+15 -30.3282 9.32506e-11 4.97118e+27 0.00102389 10.3385 25239.4 1.507e+14 315 4 1 1.00001 
8.97281e+15 -16.797 3.16011e-10 4.97118e+27 0.0010133 10.1886 25134.5 1.52275e+14 316 4 1 0.999812 
9.04953e+15 2.78324 2.48568e-10 4.97118e+27 0.000999077 9.98587 24990.4 1.54443e+14 317 4 1 0.999398 
9.12726e+15 12.7471 7.404e-11 4.97118e+27 0.000990035 9.85945 24899.2 1.55853e+14 318 4 1 0.999707 
9.20539e+15 17.4657 9.1241e-11 4.97118e+27 0.000984596 9.78572 24846 1.56714e+14 319 4 1 0.999914 
9.28397e+15 26.9094 1.83402e-10 4.97118e+27 0.000976857 9.67855 24768.2 1.57956e+14 320 4 1 0.999856 
9.36335e+15 40.1432 1.98254e-10 4.97118e+27 0.000966569 9.53534 24662.9 1.59637e+14 321 4 1 0.999688 
9.44361e+15 52.8087 1.74759e-10 4.97118e+27 0.00095625 9.39288 24557 1.61359e+14 322 4 1 0.999659 
9.52471e+15 64.6071 1.69867e-10 4.97118e+27 0.000946487 9.25908 24456.5 1.63024e+14 323 4 1 0.999694 
9.60664e+15 76.7591 1.76034e-10 4.97118e+27 0.000936684 9.1252 24355 1.6473e+14 324 4 1 0.999691 
9.68945e+15 89.3748 1.78686e-10 4.97118e+27 0.000926645 8.98853 24250.2 1.66515e+14 325 4 1 0.999668 
9.77316e+15 102.197 1.77997e-10 4.97118e+27 0.000916503 8.85108 24143.7 1.68357e+14 326 4 1 0.999652 
9.85781e+15 115.175 1.7792e-10 4.97118e+27 0.000906323 8.71376 24036.1 1.70248e+14 327 4 1 0.999642 
9.94342e+15 128.327 1.78433e-10 4.97118e+27 0.000896087 8.5763 23927.1 1.72193e+14 328 4 1 0.999631 
1.003e+16 141.67 1.78174e-10 4.97118e+27 0.000885798 8.43875 23816.9 1.74193e+14 329 4 1 0.999618 
1.01176e+16 155.21 1.78146e-10 4.97118e+27 0.000875467 8.30129 23705.4 1.76249e+14 330 4 1 0.999606 
1.02063e+16 168.934 1.7809e-10 4.97118e+27 0.00086509 8.16387 23592.6 1.78363e+14 331 4 1 0.999594 
1.0296e+16 182.841 1.77867e-10 4.97118e+27 0.000854672 8.02656 23478.5 1.80537e+14 332 4 1 0.99958 
1.03868e+16 196.948 1.7775e-10 4.97118e+27 0.000844212 7.88937 23363.2 1.82774e+14 333 4 1 0.999567 
1.04788e+16 211.237 1.77621e-10 4.97118e+27 0.000833708 7.7523 23246.5 1.85077e+14 334 4 1 0.999553 
1.05719e+16 225.727 1.77001e-10 4.97118e+27 0.000823172 7.61549 23128.6 1.87446e+14 335 4 1 0.999539 
1.06662e+16 240.438 1.77072e-10 4.97118e+27 0.000812598 7.4789 23009.3 1.89885e+14 336 4 1 0.999524 
1.07618e+16 255.33 1.76594e-10 4.97118e+27 0.000801983 7.34248 22888.6 1.92398e+14 337 4 1 0.999508 
1.08586e+16 270.445 1.76133e-10 4.97118e+27 0.000791338 7.2064 22766.6 1.94986e+14 338 4 1 0.999492 
1.09568e+16 285.76 1.76083e-10 4.97118e+27 0.000780653 7.07055 22643.1 1.97655e+14 339 4 1 0.999475 
1.10563e+16 301.3 1.75084e-10 4.97118e+27 0.00076994 6.93508 22518.3 2.00405e+14 340 4 1 0.999457 
1.11572e+16 317.063 1.74872e-10 4.97118e+27 0.000759202 6.80007 22392.2 2.0324e+14 341 4 1 0.999441 
1.12595e+16 333.033 1.74355e-10 4.97118e+27 0.000748429 6.66537 22264.6 2.06165e+14 342 4 1 0.999421 
1.13634e+16 349.232 1.73621e-10 4.97118e+27 0.000737632 6.53114 22135.6 2.09183e+14 343 4 1 0.999402 
1.14687e+16 365.65 1.72957e-10 4.97118e+27 0.000726815 6.39745 22005.2 2.12296e+14 344 4 1 0.999383 
1.15757e+16 382.293 1.72028e-10 4.97118e+27 0.000715984 6.26439 21873.4 2.15508e+14 345 4 1 0.999363 
1.16843e+16 399.175 1.71123e-10 4.97118e+27 0.000705146 6.13204 21740.4 2.1882e+14 346 4 1 0.999343 
1.17945e+16 416.216 1.69923e-10 4.97118e+27 0.00069431 6.00053 21606.2 2.22235e+14 347 4 1 0.999323 
1.19065e+16 433.46 1.68091e-10 4.97118e+27 0.000683506 5.87022 21471.1 2.25748e+14 348 4 1 0.999305 
1.20203e+16 450.802 1.6593e-10 4.97118e+27 0.000672765 5.74148 21335.5 2.29352e+14 349 4 1 0.999291 
1.21359e+16 468.227 1.6264e-10 4.97118e+27 0.000662136 5.61489 21200 2.33034e+14 350 4 1 0.999282 
1.22533e+16 485.563 1.58523e-10 4.97118e+27 0.000651685 5.49122 21065.6 2.36771e+14 351 4 1 0.999282 
1.23727e+16 502.666 1.52484e-10 4.97118e+27 0.000641506 5.37152 20933.3 2.40528e+14 352 4 1 0.999293 
1.24939e+16 519.342 1.44557e-10 4.97118e+27 0.000631723 5.25718 20805.1 2.44253e+14 353 4 1 0.999322 
1.26169e+16 535.282 1.34704e-10 4.97118e+27 0.000622455 5.14953 20682.5 2.47889e+14 354 4 1 0.999369 
1.27418e+16 550.417 1.25577e-10 4.97118e+27 0.00061374 5.04888 20566.2 2.51409e+14 355 4 1 0.999424 
1.28684e+16 564.835 1.19483e-10 4.97118e+27 0.000605455 4.95375 20454.7 2.5485e+14 356 4 1 0.999468 
1.29966e+16 579.18 1.20046e-10 4.97118e+27 0.000597296 4.86058 20344.1 2.58331e+14 357 4 1 0.999478 
1.31267e+16 594.252 1.27493e-10 4.97118e+27 0.00058885 4.76465 20228.6 2.62036e+14 358 4 1 0.999436 
1.32587e+16 610.628 1.35693e-10 4.97118e+27 0.000579893 4.6635 20105 2.66083e+14 359 4 1 0.99935 
1.33928e+16 627.911 1.37116e-10 4.97118e+27 0.000570624 4.55945 19975.8 2.70406e+14 360 4 1 0.999271 
1.35291e+16 645.013 1.26666e-10 4.97118e+27 0.000561644 4.45928 19849.4 2.74729e+14 361 4 1 0.999273 
1.36675e+16 660.231 1.03519e-10 4.97118e+27 0.000553768 4.37195 19737.6 2.78637e+14 362 4 1 0.999398 
1.38078e+16 671.755 6.7011e-11 4.97118e+27 0.000547869 4.30687 19653.2 2.81637e+14 363 4 1 0.999629 
1.39492e+16 677.926 2.39634e-11 4.97118e+27 0.0005446 4.27096 19606.3 2.83327e+14 364 4 1 0.999871 
1.40911e+16 679.02 -3.39521e-12 4.97118e+27 0.000543653 4.26064 19592.8 2.83821e+14 365 5 1 0.999988 
1.4233e+16 678.75 -9.38036e-13 4.97118e+27 0.000543663 4.26081 19593.1 2.83816e+14 366 4 1 1 
1.43749e+16 678.489 -3.29342e-12 4.97118e+27 0.000543782 4.26213 19594.8 2.83753e+14 367 4 1 0.999999 
1.45168e+16 678.023 -3.9516e-12 4.97118e+27 0.000543995 4.26447 19598 2.83643e+14 368 4 1 0.999999 
1.46585e+16 677.477 -4.27729e-12 4.97118e+27 0.000544264 4.26745 19601.9 2.83502e+14 369 4 1 0.999999 
1.48003e+16 676.906 -4.07401e-12 4.97118e+27 0.000544554 4.27065 19606.2 2.83351e+14 370 4 1 0.999999 
1.49419e+16 676.365 -3.63726e-12 4.97118e+27 0.000544834 4.27373 19610.3 2.83206e+14 371 4 1 0.999999 
1.50835e+16 675.889 -3.11281e-12 4.97118e+27 0.000545086 4.27653 19614 2.83074e+14 372 4 1 1 
1.5225e+16 675.489 -2.57207e-12 4.97118e+27 0.000545303 4.27893 19617.2 2.82962e+14 373 4 1 1 
1.53664e+16 675.159 -2.0824e-12 4.97118e+27 0.000545482 4.28092 19619.9 2.82869e+14 374 4 1 1 
1.55078e+16 674.89 -1.68903e-12 4.97118e+27 0.000545627 4.28254 19622.1 2.82794e+14 375 4 1 1 
1.56492e+16 674.671 -1.38833e-12 4.97118e+27 0.000545745 4.28386 19623.9 2.82733e+14 376 4 1 1 
1.57906e+16 674.491 -1.15982e-12 4.97118e+27 0.000545842 4.28494 19625.4 2.82683e+14 377 4 1 1 
1.59319e+16 674.339 -9.88538e-13 4.97118e+27 0.000545921 4.28585 19626.7 2.82641e+14 378 4 1 1 
1.60732e+16 674.21 -8.58657e-13 4.97118e+27 0.000545988 4.28662 19627.8 2.82607e+14 379 4 1 1 
1.62145e+16 674.097 -7.54356e-13 4.97118e+27 0.000546046 4.28728 19628.8 2.82577e+14 380 4 1 1 
1.63558e+16 673.996 -6.67369e-13 4.97118e+27 0.000546095 4.28787 19629.7 2.82551e+14 381 4 1 1 
1.64971e+16 673.908 -5.94253e-13 4.97118e+27 0.000546138 4.28839 19630.5 2.82529e+14 382 4 1 1 
1.66383e+16 673.828 -5.30941e-13 4.97118e+27 0.000546176 4.28885 19631.3 2.8251e+14 383 4 1 1 
1.67796e+16 673.758 -4.73891e-13 4.97118e+27 0.000546208 4.28926 19632 2.82493e+14 384 4 1 1 
1.69208e+16 673.695 -4.22076e-13 4.97118e+27 0.000546236 4.28962 19632.7 2.82479e+14 385 4 1 1 
1.70621e+16 673.638 -3.75561e-13 4.97118e+27 0.000546259 4.28995 19633.3 2.82467e+14 386 4 1 1 
1.72033e+16 673.587 -3.34134e-13 4.97118e+27 0.000546278 4.29024 19634 2.82457e+14 387 4 1 1 
1.73445e+16 673.542 -2.97572e-13 4.97118e+27 0.000546292 4.2905 19634.6 2.82449e+14 388 4 1 1 
1.74857e+16 673.501 -2.65751e-13 4.97118e+27 0.000546303 4.29072 19635.3 2.82444e+14 389 4 1 1 
1.7627e+16 673.464 -2.3822e-13 4.97118e+27 0.00054631 4.29093 19636 2.82441e+14 390 4 1 1 
1.77682e+16 673.431 -2.14185e-13 4.97118e+27 0.000546312 4.29111 19636.7 2.82439e+14 391 3 1 1 
1.79094e+16 673.401 -1.92896e-13 4.97118e+27 0.00054631 4.29127 19637.5 2.8244e+14 392 4 1 1 
1.80506e+16 673.373 -1.73892e-13 4.97118e+27 0.000546302 4.2914 19638.4 2.82444e+14 393 4 1 1 
1.81918e+16 673.348 -1.56987e-13 4.97118e+27 0.000546278 4.29141 19639.4 2.82457e+14 394 4 1 1 
1.83331e+16 673.325 -1.4207e-13 4.97118e+27 0.00054618 4.2909 19640.5 2.82508e+14 395 4 1 1 
1.84743e+16 673.304 -1.2889e-13 4.97118e+27 0.000545763 4.28838 19644 2.82723e+14 396 4 1 0.999999 
1.86158e+16 673.284 -1.17067e-13 4.97118e+27 0.000544138 4.27089 19622.3 2.83568e+14 397 4 1 0.999987 
1.87579e+16 673.266 -1.06186e-13 4.97118e+27 0.00053101 4.11615 19378.9 2.90578e+14 398 4 1 0.999668 
1.89065e+16 673.248 -9.56198e-14 4.97118e+27 0.000506919 4.40305 21714.8 3.04388e+14 399 4 1 0.994707 
1.90625e+16 673.231 -8.53055e-14 4.97118e+27 0.000481374 4.15663 21587.3 3.20541e+14 400 4 1 0.993699 
1.92274e+16 673.214 -7.52049e-14 4.97118e+27 0.00045888 4.50123 24522.9 3.36253e+14 401 4 1 0.993694 
1.93989e+16 673.197 -6.54164e-14 4.97118e+27 0.000450261 4.30651 23911.2 3.4269e+14 402 5 1 0.998658 
1.957e+16 673.182 -5.62706e-14 4.97118e+27 0.000451855 4.28974 23734.1 3.41481e+14 403 4 1 0.999967 
1.97404e+16 673.167 -4.76363e-14 4.97118e+27 0.000453476 4.28928 23646.7 3.40261e+14 404 4 1 0.999986 
1.99103e+16 673.152 -3.94516e-14 4.97118e+27 0.000454562 4.29061 23597.5 3.39448e+14 405 4 1 0.999994 
2.00799e+16 673.139 -3.17459e-14 4.97118e+27 0.000455259 4.29142 23565.8 3.38928e+14 406 4 1 0.999997 
2.02492e+16 673.125 -2.45362e-14 4.97118e+27 0.000455729 4.29183 23543.8 3.38578e+14 407 4 1 0.999999 
2.04185e+16 673.112 -1.77444e-14 4.97118e+27 0.000456063 4.29206 23527.8 3.3833e+14 408 4 1 0.999999 
2.05876e+16 673.1 -1.11432e-14 4.97118e+27 0.000456309 4.2922 23515.8 3.38148e+14 409 4 1 1 
2.07566e+16 673.087 -4.35453e-15 4.97118e+27 0.000456496 4.29228 23506.7 3.3801e+14 410 4 1 1 
2.09256e+16 673.074 3.18468e-15 4.97118e+27 0.00045664 4.29233 23499.6 3.37903e+14 411 4 1 1 
2.10945e+16 673.062 1.25984e-14 4.97118e+27 0.000456752 4.29236 23493.9 3.3782e+14 412 4 1 1 
2.12634e+16 673.048 2.64839e-14 4.97118e+27 0.000456841 4.29236 23489.4 3.37754e+14 413 4 1 1 
2.14323e+16 673.031 5.35768e-14 4.97118e+27 0.00045691 4.29233 23485.7 3.37704e+14 414 4 1 1 
2.16011e+16 673.006 1.22205e-13 4.97118e+27 0.000456959 4.29222 23482.5 3.37667e+14 415 4 1 1 
2.17699e+16 672.957 3.17028e-13 4.97118e+27 0.00045698 4.29188 23479.6 3.37652e+14 416 3 1 1 
2.19388e+16 672.833 9.23398e-13 4.97118e+27 0.00045694 4.29085 23476 3.37681e+14 417 4 1 1 
2.21076e+16 672.479 2.74935e-12 4.97118e+27 0.000456734 4.28774 23469.5 3.37833e+14 418 4 1 1 
2.22766e+16 671.431 8.07916e-12 4.97118e+27 0.000456063 4.27859 23453.8 3.3833e+14 419 4 1 0.999996 
2.24459e+16 668.449 2.27944e-11 4.97118e+27 0.00045415 4.25322 23412.8 3.39755e+14 420 4 1 0.999968 
2.26163e+16 660.6 5.66952e-11 4.97118e+27 0.000449309 4.1896 23310.8 3.43416e+14 421 4 1 0.999784 
2.27894e+16 641.571 1.3562e-10 4.97118e+27 0.000438368 4.04671 23077.3 3.51987e+14 422 4 1 0.998858 
2.29684e+16 600.958 2.63335e-10 4.97118e+27 0.000417369 3.77517 22611.1 3.69696e+14 423 4 1 0.995512 
2.31595e+16 520.335 5.56235e-10 4.97118e+27 0.000381016 3.31272 21733.9 4.0497e+14 424 4 1 0.987212 
2.33752e+16 359.791 9.5598e-10 4.97118e+27 0.000330994 2.69895 20385.3 4.66172e+14 425 4 1 0.971054 
2.36302e+16 161.251 8.41717e-10 4.97118e+27 0.00028524 2.17069 19027.8 5.40947e+14 426 4 1 0.960153 
2.39199e+16 38.4781 3.38452e-10 4.97118e+27 0.000259679 1.89424 18238.7 5.94196e+14 427 4 1 0.978362 
2.42252e+16 3.445 5.41616e-11 4.97118e+27 0.000251424 1.80929 17991.1 6.13704e+14 428 4 1 0.996572 
2.45337e+16 -0.270162 7.10221e-13 4.97118e+27 0.000250044 1.79543 17951.2 6.17091e+14 429 4 1 0.999884 
2.48423e+16 -0.0439938 -7.97923e-13 4.97118e+27 0.000249985 1.79485 17949.6 6.17237e+14 430 5 1 1 
2.51509e+16 0.00529252 8.25241e-15 4.97118e+27 0.00025 1.795 17950 6.172e+14 431 4 1 1 
2.54595e+16 0.00187949 1.23195e-14 4.97118e+27 0.00025 1.795 17950 6.17199e+14 432 3 1 1 
2.57681e+16 0.000449097 3.17737e-15 4.97118e+27 0.00025 1.795 17950 6.172e+14 433 4 1 1 
2.60767e+16 0.000100102 7.26673e-16 4.97118e+27 0.00025 1.795 17950 6.172e+14 434 4 1 1 
2.63853e+16 2.16358e-05 1.60612e-16 4.97118e+27 0.00025 1.795 17950 6.172e+14 435 4 1 1 
2.66939e+16 4.54964e-06 3.46254e-17 4.97118e+27 0.00025 1.795 17950 6.172e+14 436 4 1 1 
2.70025e+16 9.27461e-07 7.26578e-18 4.97118e+27 0.00025 1.795 17950 6.172e+14 437 4 1 1 
2.73111e+16 1.82515e-07 1.47679e-18 4.97118e+27 0.00025 1.795 17950 6.172e+14 438 4 1 1 
2.76197e+16 3.45462e-08 2.89321e-19 4.97118e+27 0.00025 1.795 17950 6.172e+14 439 4 1 1 
2.79283e+16 6.27335e-09 5.44977e-20 4.97118e+27 0.00025 1.795 17950 6.172e+14 440 4 1 1 
2.82369e+16 1.08498e-09 9.8776e-21 4.97118e+27 0.00025 1.795 17950 6.172e+14 441 4 1 1 
2.85455e+16 1.80854e-10 1.66791e-21 4.97118e+27 0.00025 1.795 17950 6.172e+14 442 4 1 1 
2.88541e+16 1.81146e-11 3.15439e-22 4.97118e+27 0.00025 1.795 17950 6.172e+14 443 4 1 1 
2.91627e+16 3.84842e-13 1.51963e-23 4.97118e+27 0.00025 1.795 17950 6.172e+14 444 5 1 1 
2.94713e+16 -3.8813e-12 4.60494e-24 4.97118e+27 0.00025 1.795 17950 6.172e+14 445 5 1 1 
2.97799e+16 7.18113e-12 -3.22346e-24 4.97118e+27 0.00025 1.795 17950 6.172e+14 446 5 1 1 
3.00885e+16 1.02683e-12 -4.60494e-25 4.97118e+27 0.00025 1.795 17950 6.172e+14 447 5 1 1 
3.03971e+16 1.53203e-12 6.44692e-24 4.97118e+27 0.00025 1.795 17950 6.172e+14 448 5 1 1 
3.07057e+16 -6.20557e-12 9.67038e-24 4.97118e+27 0.00025 1.795 17950 6.172e+14 449 3 1 1 
3.10143e+16 6.20557e-12 -9.67038e-24 4.97118e+27 0.00025 1.795 17950 6.172e+14 450 3 1 1 
3.13229e+16 -1.53203e-12 -6.44692e-24 4.97118e+27 0.00025 1.795 17950 6.172e+14 451 5 1 1 
3.16315e+16 -1.02683e-12 4.60494e-25 4.97118e+27 0.00025 1.795 17950 6.172e+14 452 5 1 1 
3.19401e+16 -7.18113e-12 3.22346e-24 4.97118e+27 0.00025 1.795 17950 6.172e+14 453 5 1 1 
3.22487e+16 3.85952e-12 -5.06544e-24 4.97118e+27 0.00025 1.795 17950 6.172e+14 454 5 1 1 
3.25573e+16 -9.16288e-13 -2.71692e-23 4.97118e+27 0.00025 1.795 17950 6.172e+14 455 5 1 1 
3.28659e+16 -1.02561e-11 -1.34004e-22 4.97118e+27 0.00025 1.795 17950 6.172e+14 456 5 1 1 
3.31745e+16 -1.75613e-10 -1.96585e-21 4.97118e+27 0.00025 1.795 17950 6.172e+14 457 4 1 1 
3.34831e+16 -1.07935e-09 -9.64644e-21 4.97118e+27 0.00025 1.795 17950 6.172e+14 458 4 1 1 
3.37917e+16 -6.27927e-09 -5.45796e-20 4.97118e+27 0.00025 1.795 17950 6.172e+14 459 4 1 1 
3.41003e+16 -3.45724e-08 -2.89443e-19 4.97118e+27 0.00025 1.795 17950 6.172e+14 460 4 1 1 
3.44089e+16 -1.82495e-07 -1.4768e-18 4.97118e+27 0.00025 1.795 17950 6.172e+14 461 4 1 1 
3.47175e+16 -9.27464e-07 -7.26551e-18 4.97118e+27 0.00025 1.795 17950 6.172e+14 462 4 1 1 
3.50261e+16 -4.54962e-06 -3.46256e-17 4.97118e+27 0.00025 1.795 17950 6.172e+14 463 4 1 1 
3.53347e+16 -2.16358e-05 -1.60612e-16 4.97118e+27 0.00025 1.795 17950 6.172e+14 464 4 1 1 
3.56433e+16 -0.000100102 -7.26673e-16 4.97118e+27 0.00025 1.795 17950 6.172e+14 465 4 1 1 
3.59519e+16 -0.000449097 -3.17737e-15 4.97118e+27 0.00025 1.795 17950 6.172e+14 466 4 1 1 
3.62605e+16 -0.00187949 -1.23195e-14 4.97118e+27 0.00025 1.795 17950 6.17199e+14 467 3 1 1 
3.65691e+16 -0.00529252 -8.25241e-15 4.97118e+27 0.00025 1.795 17950 6.172e+14 468 4 1 1 
3.68777e+16 0.0439938 7.97923e-13 4.97118e+27 0.000249985 1.79485 17949.6 6.17237e+14 469 5 1 1 
3.71863e+16 0.270162 -7.10221e-13 4.97118e+27 0.000250044 1.79543 17951.2 6.17091e+14 470 4 1 0.999884 
3.74948e+16 -3.445 -5.41616e-11 4.97118e+27 0.000251424 1.80929 17991.1 6.13704e+14 471 4 1 0.996572 
3.78001e+16 -38.4781 -3.38452e-10 4.97118e+27 0.000259679 1.89424 18238.7 5.94196e+14 472 4 1 0.978362 
3.80898e+16 -161.251 -8.41717e-10 4.97118e+27 0.00028524 2.17069 19027.8 5.40947e+14 473 4 1 0.960153 
3.83448e+16 -359.791 -9.5598e-10 4.97118e+27 0.000330994 2.69895 20385.3 4.66172e+14 474 4 1 0.971054 
3.85605e+16 -520.335 -5.56235e-10 4.97118e+27 0.000381016 3.31272 21733.9 4.0497e+14 475 4 1 0.987212 
3.87516e+16 -600.958 -2.63335e-10 4.97118e+27 0.000417369 3.77517 22611.1 3.69696e+14 476 4 1 0.995512 
3.89306e+16 -641.571 -1.3562e-10 4.97118e+27 0.000438368 4.04671 23077.3 3.51987e+14 477 4 1 0.998858 
3.91037e+16 -660.6 -5.66952e-11 4.97118e+27 0.000449309 4.1896 23310.8 3.43416e+14 478 4 1 0.999784 
3.92741e+16 -668.449 -2.27944e-11 4.97118e+27 0.00045415 4.25322 23412.8 3.39755e+14 479 4 1 0.999968 
3.94434e+16 -671.431 -8.07916e-12 4.97118e+27 0.000456063 4.27859 23453.8 3.3833e+14 480 4 1 0.999996 
3.96124e+16 -672.479 -2.74935e-12 4.97118e+27 0.000456734 4.28774 23469.5 3.37833e+14 481 4 1 1 
3.97812e+16 -672.833 -9.23398e-13 4.97118e+27 0.00045694 4.29085 23476 3.37681e+14 482 4 1 1 
3.99501e+16 -672.957 -3.17028e-13 4.97118e+27 0.00045698 4.29188 23479.6 3.37652e+14 483 3 1 1 
4.01189e+16 -673.006 -1.22205e-13 4.97118e+27 0.000456959 4.29222 23482.5 3.37667e+14 484 4 1 1 
4.02877e+16 -673.031 -5.35768e-14 4.97118e+27 0.00045691 4.29233 23485.7 3.37704e+14 485 4 1 1 
4.04566e+16 -673.048 -2.64839e-14 4.97118e+27 0.000456841 4.29236 23489.4 3.37754e+14 486 4 1 1 
4.06255e+16 -673.062 -1.25984e-14 4.97118e+27 0.000456752 4.29236 23493.9 3.3782e+14 487 4 1 1 
4.07944e+16 -673.074 -3.18468e-15 4.97118e+27 0.00045664 4.29233 23499.6 3.37903e+14 488 4 1 1 
4.09634e+16 -673.087 4.35454e-15 4.97118e+27 0.000456496 4.29228 23506.7 3.3801e+14 489 4 1 1 
4.11324e+16 -673.1 1.11432e-14 4.97118e+27 0.000456309 4.2922 23515.8 3.38148e+14 490 4 1 1 
4.13015e+16 -673.112 1.77444e-14 4.97118e+27 0.000456063 4.29206 23527.8 3.3833e+14 491 4 1 0.999999 
4.14708e+16 -673.125 2.45362e-14 4.97118e+27 0.000455729 4.29183 23543.8 3.38578e+14 492 4 1 0.999999 
4.16401e+16 -673.139 3.17459e-14 4.97118e+27 0.000455259 4.29142 23565.8 3.38928e+14 493 4 1 0.999997 
4.18097e+16 -673.152 3.94516e-14 4.97118e+27 0.000454562 4.29061 23597.5 3.39448e+14 494 4 1 0.999994 
4.19796e+16 -673.167 4.76363e-14 4.97118e+27 0.000453476 4.28928 23646.7 3.40261e+14 495 4 1 0.999986 
4.215e+16 -673.182 5.62706e-14 4.97118e+27 0.000451855 4.28974 23734.1 3.41481e+14 496 4 1 0.999967 
4.23211e+16 -673.197 6.54164e-14 4.97118e+27 0.000450261 4.30651 23911.2 3.4269e+14 497 5 1 0.998658 
4.24926e+16 -673.214 7.52049e-14 4.97118e+27 0.00045888 4.50123 24522.9 3.36253e+14 498 4 1 0.993694 
4.26575e+16 -673.231 8.53055e-14 4.97118e+27 0.000481374 4.15663 21587.3 3.20541e+14 499 4 1 0.993699 
