# Time [s]: 5.20734e+12
# Columns: pos [pc], vel [pc/s], acc [pc/s^2], mass [Msun], dens [g/cm^3], pres [barye], ene [erg/g], sml [pc], id, neighbor, alpha, gradh, ...additional?
4.28517e+16 -673.254 9.91039e-14 4.97118e+27 0.000506916 4.40301 21714.7 3.0439e+14 0 4 1 0.994707 
4.30003e+16 -673.272 1.10176e-13 4.97118e+27 0.000531006 4.11611 19378.8 2.90581e+14 1 4 1 0.999668 
4.31424e+16 -673.291 1.21618e-13 4.97118e+27 0.000544134 4.27084 19622.2 2.8357e+14 2 4 1 0.999987 
4.32839e+16 -673.311 1.3402e-13 4.97118e+27 0.000545758 4.28833 19643.9 2.82726e+14 3 4 1 0.999999 
4.34251e+16 -673.333 1.47762e-13 4.97118e+27 0.000546175 4.29084 19640.4 2.8251e+14 4 4 1 1 
4.35664e+16 -673.357 1.63285e-13 4.97118e+27 0.000546272 4.29136 19639.3 2.8246e+14 5 4 1 1 
4.37076e+16 -673.383 1.80968e-13 4.97118e+27 0.000546296 4.29134 19638.3 2.82447e+14 6 4 1 1 
4.38488e+16 -673.412 2.00993e-13 4.97118e+27 0.000546304 4.2912 19637.4 2.82444e+14 7 4 1 1 
4.399e+16 -673.443 2.2351e-13 4.97118e+27 0.000546305 4.29103 19636.6 2.82443e+14 8 3 1 1 
4.41313e+16 -673.478 2.48879e-13 4.97118e+27 0.000546302 4.29084 19635.9 2.82445e+14 9 4 1 1 
4.42725e+16 -673.516 2.77795e-13 4.97118e+27 0.000546294 4.29063 19635.1 2.82448e+14 10 4 1 1 
4.44137e+16 -673.559 3.11146e-13 4.97118e+27 0.000546283 4.29039 19634.5 2.82454e+14 11 4 1 1 
4.45549e+16 -673.607 3.49573e-13 4.97118e+27 0.000546267 4.29012 19633.8 2.82463e+14 12 4 1 1 
4.46962e+16 -673.66 3.93213e-13 4.97118e+27 0.000546247 4.28982 19633.1 2.82473e+14 13 4 1 1 
4.48374e+16 -673.719 4.42145e-13 4.97118e+27 0.000546222 4.28948 19632.5 2.82486e+14 14 4 1 1 
4.49787e+16 -673.785 4.96705e-13 4.97118e+27 0.000546193 4.28909 19631.8 2.82501e+14 15 4 1 1 
4.51199e+16 -673.859 5.56952e-13 4.97118e+27 0.000546159 4.28866 19631 2.82518e+14 16 4 1 1 
4.52612e+16 -673.942 6.23403e-13 4.97118e+27 0.000546119 4.28818 19630.2 2.82539e+14 17 4 1 1 
4.54025e+16 -674.035 6.99699e-13 4.97118e+27 0.000546074 4.28764 19629.4 2.82562e+14 18 4 1 1 
4.55437e+16 -674.14 7.92177e-13 4.97118e+27 0.000546022 4.28702 19628.4 2.82589e+14 19 4 1 1 
4.56851e+16 -674.26 9.06383e-13 4.97118e+27 0.000545961 4.28632 19627.4 2.82621e+14 20 4 1 1 
4.58264e+16 -674.397 1.05025e-12 4.97118e+27 0.00054589 4.2855 19626.2 2.82658e+14 21 4 1 1 
4.59677e+16 -674.559 1.24086e-12 4.97118e+27 0.000545804 4.28453 19624.8 2.82702e+14 22 4 1 1 
4.61091e+16 -674.753 1.49794e-12 4.97118e+27 0.0005457 4.28336 19623.2 2.82756e+14 23 4 1 1 
4.62505e+16 -674.99 1.83394e-12 4.97118e+27 0.000545572 4.28193 19621.3 2.82823e+14 24 4 1 1 
-1.53281e+16 -675.282 2.262e-12 4.97118e+27 0.000545414 4.28016 19618.9 2.82905e+14 25 4 1 1 
-1.51866e+16 -675.641 2.78708e-12 4.97118e+27 0.00054522 4.27801 19616 2.83005e+14 26 4 1 1 
-1.50451e+16 -676.073 3.35669e-12 4.97118e+27 0.000544987 4.27544 19612.6 2.83126e+14 27 4 1 0.999999 
-1.49035e+16 -676.578 3.86296e-12 4.97118e+27 0.00054472 4.27248 19608.6 2.83265e+14 28 4 1 0.999999 
-1.47618e+16 -677.141 4.20373e-12 4.97118e+27 0.000544431 4.26929 19604.4 2.83415e+14 29 4 1 0.999999 
-1.46201e+16 -677.72 4.26594e-12 4.97118e+27 0.000544143 4.26612 19600.2 2.83565e+14 30 4 1 0.999999 
-1.44783e+16 -678.243 3.78159e-12 4.97118e+27 0.000543888 4.2633 19596.4 2.83698e+14 31 4 1 0.999999 
-1.43364e+16 -678.66 2.64537e-12 4.97118e+27 0.000543712 4.26136 19593.8 2.8379e+14 32 4 1 1 
-1.41945e+16 -678.814 1.76153e-12 4.97118e+27 0.000543608 4.26019 19592.2 2.83844e+14 33 5 1 0.999999 
-1.40525e+16 -679.064 -3.12955e-12 4.97118e+27 0.000543835 4.26261 19595.4 2.83726e+14 34 4 1 0.999958 
-1.39108e+16 -676.06 -4.20654e-11 4.97118e+27 0.000545629 4.28223 19621.1 2.82793e+14 35 4 1 0.999773 
-1.37698e+16 -667.442 -8.47788e-11 4.97118e+27 0.000550083 4.33126 19685 2.80503e+14 36 4 1 0.999513 
-1.36302e+16 -653.988 -1.16133e-10 4.97118e+27 0.00055699 4.40762 19783.5 2.77025e+14 37 4 1 0.999317 
-1.34927e+16 -637.605 -1.3401e-10 4.97118e+27 0.000565524 4.50249 19904.2 2.72844e+14 38 4 1 0.999248 
-1.33574e+16 -620.074 -1.38678e-10 4.97118e+27 0.000574794 4.60618 20034.1 2.68444e+14 39 4 1 0.999291 
-1.32242e+16 -602.981 -1.33549e-10 4.97118e+27 0.000584045 4.71032 20162.4 2.64192e+14 40 4 1 0.999384 
-1.30932e+16 -587.109 -1.24259e-10 4.97118e+27 0.00059283 4.8098 20283.2 2.60277e+14 41 4 1 0.999455 
-1.2964e+16 -572.382 -1.19748e-10 4.97118e+27 0.000601157 4.90461 20396.6 2.56672e+14 42 4 1 0.999471 
-1.28365e+16 -557.973 -1.22549e-10 4.97118e+27 0.000609388 4.99885 20507.8 2.53205e+14 43 4 1 0.999439 
-1.27107e+16 -543.131 -1.31241e-10 4.97118e+27 0.000617929 5.09718 20622.2 2.49705e+14 44 4 1 0.999386 
-1.25868e+16 -527.465 -1.40823e-10 4.97118e+27 0.000626997 5.2022 20742.7 2.46094e+14 45 4 1 0.999331 
-1.24646e+16 -510.969 -1.50415e-10 4.97118e+27 0.000636624 5.31437 20869.5 2.42372e+14 46 4 1 0.999293 
-1.23444e+16 -493.876 -1.57203e-10 4.97118e+27 0.000646721 5.43275 21001.2 2.38588e+14 47 4 1 0.999272 
-1.2226e+16 -476.449 -1.62572e-10 4.97118e+27 0.000657155 5.55586 21136.1 2.348e+14 48 4 1 0.999266 
-1.21096e+16 -458.89 -1.66344e-10 4.97118e+27 0.000667823 5.68253 21272.7 2.31049e+14 49 4 1 0.999272 
-1.1995e+16 -441.303 -1.6876e-10 4.97118e+27 0.000678629 5.81167 21409.7 2.2737e+14 50 4 1 0.999284 
-1.18822e+16 -423.834 -1.71083e-10 4.97118e+27 0.000689521 5.94267 21546.5 2.23778e+14 51 4 1 0.999301 
-1.17712e+16 -406.505 -1.72262e-10 4.97118e+27 0.000700459 6.07506 21682.5 2.20284e+14 52 4 1 0.999319 
-1.16619e+16 -389.385 -1.73822e-10 4.97118e+27 0.000711416 6.20852 21817.5 2.16891e+14 53 4 1 0.999341 
-1.15543e+16 -372.466 -1.74274e-10 4.97118e+27 0.000722371 6.34277 21951.3 2.13602e+14 54 4 1 0.999362 
-1.14483e+16 -355.769 -1.75189e-10 4.97118e+27 0.000733306 6.47758 22083.6 2.10417e+14 55 4 1 0.999382 
-1.13438e+16 -339.311 -1.7596e-10 4.97118e+27 0.000744226 6.61303 22214.5 2.07329e+14 56 4 1 0.999402 
-1.12409e+16 -323.076 -1.76506e-10 4.97118e+27 0.000755124 6.74899 22344 2.04337e+14 57 4 1 0.999421 
-1.11395e+16 -307.073 -1.77129e-10 4.97118e+27 0.000765995 6.8854 22472.1 2.01437e+14 58 4 1 0.99944 
-1.10395e+16 -291.297 -1.77445e-10 4.97118e+27 0.000776834 7.02218 22598.8 1.98627e+14 59 4 1 0.999458 
-1.09408e+16 -275.711 -1.77947e-10 4.97118e+27 0.000787638 7.15928 22724 1.95902e+14 60 4 1 0.999475 
-1.08436e+16 -260.381 -1.78488e-10 4.97118e+27 0.000798413 7.29677 22847.8 1.93258e+14 61 4 1 0.999493 
-1.07476e+16 -245.25 -1.78631e-10 4.97118e+27 0.000809152 7.43453 22970.2 1.90693e+14 62 4 1 0.999508 
-1.06529e+16 -230.324 -1.79228e-10 4.97118e+27 0.000819856 7.57257 23091.2 1.88204e+14 63 4 1 0.999525 
-1.05594e+16 -215.622 -1.79135e-10 4.97118e+27 0.000830519 7.71082 23210.9 1.85788e+14 64 4 1 0.99954 
-1.04671e+16 -201.1 -1.79522e-10 4.97118e+27 0.000841138 7.84919 23329.1 1.83442e+14 65 4 1 0.999554 
-1.03759e+16 -186.797 -1.79909e-10 4.97118e+27 0.000851724 7.98783 23446.1 1.81162e+14 66 4 1 0.999568 
-1.02859e+16 -172.69 -1.79864e-10 4.97118e+27 0.000862268 8.12661 23561.8 1.78947e+14 67 4 1 0.999581 
-1.0197e+16 -158.768 -1.80089e-10 4.97118e+27 0.000872767 8.26547 23676.1 1.76794e+14 68 4 1 0.999595 
-1.01091e+16 -145.042 -1.80128e-10 4.97118e+27 0.000883222 8.40442 23789.2 1.74701e+14 69 4 1 0.999608 
-1.00223e+16 -131.504 -1.80041e-10 4.97118e+27 0.000893627 8.54336 23900.8 1.72667e+14 70 4 1 0.99962 
-9.93642e+15 -118.154 -1.79954e-10 4.97118e+27 0.00090398 8.68224 24011.2 1.7069e+14 71 4 1 0.999632 
-9.85156e+15 -105.017 -1.80097e-10 4.97118e+27 0.000914286 8.82112 24120.3 1.68766e+14 72 4 1 0.999643 
-9.76765e+15 -92.0265 -1.80373e-10 4.97118e+27 0.000924548 8.96007 24228.3 1.66892e+14 73 4 1 0.999658 
-9.68466e+15 -79.2174 -1.78608e-10 4.97118e+27 0.000934716 9.09836 24334.5 1.65077e+14 74 4 1 0.999681 
-9.60257e+15 -66.8659 -1.72452e-10 4.97118e+27 0.000944662 9.23412 24437.7 1.63339e+14 75 4 1 0.999689 
-9.52132e+15 -54.9069 -1.74556e-10 4.97118e+27 0.000954505 9.36891 24539.1 1.61654e+14 76 4 1 0.999656 
-9.44091e+15 -42.2512 -1.98029e-10 4.97118e+27 0.000964854 9.5116 24645.3 1.59921e+14 77 4 1 0.999669 
-9.36139e+15 -28.8236 -1.91393e-10 4.97118e+27 0.000975365 9.6578 24753 1.58197e+14 78 4 1 0.999833 
-9.28271e+15 -18.6019 -1.03479e-10 4.97118e+27 0.000983581 9.77176 24835.9 1.56876e+14 79 4 1 0.999914 
-9.20452e+15 -13.573 -6.74091e-11 4.97118e+27 0.000989146 9.84725 24890.4 1.55993e+14 80 4 1 0.999741 
-9.12671e+15 -4.61508 -2.28992e-10 4.97118e+27 0.000997633 9.96543 24975.7 1.54666e+14 81 4 1 0.999388 
-9.04984e+15 14.6266 -3.2863e-10 4.97118e+27 0.00101174 10.1665 25118.9 1.52509e+14 82 4 1 0.999754 
-8.97419e+15 29.7634 -1.20901e-10 4.97118e+27 0.00102326 10.3298 25233.4 1.50792e+14 83 4 1 1.00001 
-8.89905e+15 31.8768 1.2861e-11 4.97118e+27 0.00102642 10.3728 25263.2 1.50328e+14 84 3 1 1 
-8.82387e+15 30.1969 3.25083e-11 4.97118e+27 0.00102513 10.3539 25250 1.50518e+14 85 4 1 0.999998 
-8.74853e+15 27.5969 4.39205e-11 4.97118e+27 0.00102282 10.3212 25227.1 1.50858e+14 86 4 1 0.999986 
-8.67301e+15 24.4725 5.08941e-11 4.97118e+27 0.00102009 10.2826 25200.1 1.51261e+14 87 4 1 0.99998 
-8.59727e+15 21.054 5.44806e-11 4.97118e+27 0.00101716 10.2412 25171 1.51697e+14 88 4 1 0.999976 
-8.52131e+15 17.5633 5.45408e-11 4.97118e+27 0.00101422 10.1997 25141.8 1.52137e+14 89 4 1 0.999975 
-8.44513e+15 14.2055 5.15149e-11 4.97118e+27 0.00101143 10.1604 25114 1.52556e+14 90 4 1 0.999977 
-8.36875e+15 11.144 4.61788e-11 4.97118e+27 0.00100891 10.125 25088.9 1.52937e+14 91 4 1 0.999981 
-8.2922e+15 8.48526 3.9478e-11 4.97118e+27 0.00100675 10.0946 25067.4 1.53265e+14 92 4 1 0.999986 
-8.21549e+15 6.27682 3.23229e-11 4.97118e+27 0.00100497 10.0696 25049.6 1.53536e+14 93 4 1 0.99999 
-8.13866e+15 4.51562 2.54413e-11 4.97118e+27 0.00100356 10.0498 25035.5 1.53752e+14 94 4 1 0.999994 
-8.06174e+15 3.16259 1.93135e-11 4.97118e+27 0.00100249 10.0348 25024.8 1.53917e+14 95 4 1 0.999996 
-7.98474e+15 2.15831 1.418e-11 4.97118e+27 0.00100169 10.0236 25016.9 1.54039e+14 96 4 1 0.999998 
-7.9077e+15 1.43637 1.00916e-11 4.97118e+27 0.00100112 10.0157 25011.2 1.54127e+14 97 4 1 0.999999 
-7.83061e+15 0.932747 6.97407e-12 4.97118e+27 0.00100073 10.0101 25007.2 1.54188e+14 98 4 1 0.999999 
-7.75351e+15 0.591293 4.68642e-12 4.97118e+27 0.00100046 10.0064 25004.6 1.54229e+14 99 4 1 1 
-7.67639e+15 0.366034 3.06522e-12 4.97118e+27 0.00100028 10.004 25002.8 1.54256e+14 100 4 1 1 
-7.59925e+15 0.221315 1.95284e-12 4.97118e+27 0.00100017 10.0024 25001.7 1.54274e+14 101 4 1 1 
-7.52211e+15 0.130716 1.21251e-12 4.97118e+27 0.0010001 10.0014 25001 1.54284e+14 102 4 1 1 
-7.44497e+15 0.0754217 7.33965e-13 4.97118e+27 0.00100006 10.0008 25000.6 1.54291e+14 103 4 1 1 
-7.36782e+15 0.042513 4.3326e-13 4.97118e+27 0.00100003 10.0005 25000.3 1.54295e+14 104 4 1 1 
-7.29067e+15 0.0234095 2.49446e-13 4.97118e+27 0.00100002 10.0003 25000.2 1.54297e+14 105 4 1 1 
-7.21352e+15 0.0125916 1.40089e-13 4.97118e+27 0.00100001 10.0001 25000.1 1.54299e+14 106 4 1 1 
-7.13637e+15 0.00661537 7.67463e-14 4.97118e+27 0.00100001 10.0001 25000.1 1.54299e+14 107 4 1 1 
-7.05922e+15 0.0033944 4.10148e-14 4.97118e+27 0.001 10 25000 1.543e+14 108 4 1 1 
-6.98207e+15 0.0017008 2.13817e-14 4.97118e+27 0.001 10 25000 1.543e+14 109 4 1 1 
-6.90492e+15 0.000832057 1.08728e-14 4.97118e+27 0.001 10 25000 1.543e+14 110 4 1 1 
-6.82777e+15 0.000397363 5.39255e-15 4.97118e+27 0.001 10 25000 1.543e+14 111 4 1 1 
-6.75062e+15 0.000185211 2.60827e-15 4.97118e+27 0.001 10 25000 1.543e+14 112 4 1 1 
-6.67347e+15 8.42335e-05 1.23012e-15 4.97118e+27 0.001 10 25000 1.543e+14 113 4 1 1 
-6.59632e+15 3.73702e-05 5.65577e-16 4.97118e+27 0.001 10 25000 1.543e+14 114 4 1 1 
-6.51917e+15 1.61679e-05 2.53447e-16 4.97118e+27 0.001 10 25000 1.543e+14 115 4 1 1 
-6.44202e+15 6.81889e-06 1.10666e-16 4.97118e+27 0.001 10 25000 1.543e+14 116 4 1 1 
-6.36487e+15 2.80242e-06 4.7068e-17 4.97118e+27 0.001 10 25000 1.543e+14 117 4 1 1 
-6.28772e+15 1.1218e-06 1.94921e-17 4.97118e+27 0.001 10 25000 1.543e+14 118 4 1 1 
-6.21057e+15 4.37132e-07 7.85654e-18 4.97118e+27 0.001 10 25000 1.543e+14 119 4 1 1 
-6.13342e+15 1.65724e-07 3.08048e-18 4.97118e+27 0.001 10 25000 1.543e+14 120 4 1 1 
-6.05627e+15 6.108e-08 1.17373e-18 4.97118e+27 0.001 10 25000 1.543e+14 121 4 1 1 
-5.97912e+15 2.18656e-08 4.35057e-19 4.97118e+27 0.001 10 25000 1.543e+14 122 4 1 1 
-5.90197e+15 7.60725e-09 1.56141e-19 4.97118e+27 0.001 10 25000 1.543e+14 123 4 1 1 
-5.82482e+15 2.55842e-09 5.45888e-20 4.97118e+27 0.001 10 25000 1.543e+14 124 4 1 1 
-5.74767e+15 8.39714e-10 1.80882e-20 4.97118e+27 0.001 10 25000 1.543e+14 125 4 1 1 
-5.67052e+15 2.5826e-10 6.26641e-21 4.97118e+27 0.001 10 25000 1.543e+14 126 4 1 1 
-5.59337e+15 8.38244e-11 1.92671e-21 4.97118e+27 0.001 10 25000 1.543e+14 127 4 1 1 
-5.51622e+15 1.81173e-11 6.48376e-22 4.97118e+27 0.001 10 25000 1.543e+14 128 4 1 1 
-5.43907e+15 1.04523e-12 8.1047e-23 4.97118e+27 0.001 10 25000 1.543e+14 129 5 1 1 
-5.36192e+15 1.56786e-13 1.84198e-24 4.97118e+27 0.001 10 25000 1.543e+14 130 5 1 1 
-5.28477e+15 1.74195e-14 1.84198e-24 4.97118e+27 0.001 10 25000 1.543e+14 131 5 1 1 
-5.20762e+15 3.4354e-45 3.63266e-55 4.97118e+27 0.001 10 25000 1.543e+14 132 5 1 1 
-5.13047e+15 0 0 4.97118e+27 0.001 10 25000 1.543e+14 133 5 1 1 
-5.05332e+15 0 0 4.97118e+27 0.001 10 25000 1.543e+14 134 5 1 1 
-4.97617e+15 0 0 4.97118e+27 0.001 10 25000 1.543e+14 135 5 1 1 
-4.89902e+15 0 0 4.97118e+27 0.001 10 25000 1.543e+14 136 5 1 1 
-4.82187e+15 0 0 4.97118e+27 0.001 10 25000 1.543e+14 137 5 1 1 
-4.74472e+15 0 0 4.97118e+27 0.001 10 25000 1.543e+14 138 5 1 1 
-4.66757e+15 0 0 4.97118e+27 0.001 10 25000 1.543e+14 139 5 1 1 
-4.59042e+15 0 0 4.97118e+27 0.001 10 25000 1.543e+14 140 5 1 1 
-4.51327e+15 0 0 4.97118e+27 0.001 10 25000 1.543e+14 141 5 1 1 
-4.43612e+15 0 0 4.97118e+27 0.001 10 25000 1.543e+14 142 5 1 1 
-4.35897e+15 0 0 4.97118e+27 0.001 10 25000 1.543e+14 143 5 1 1 
-4.28182e+15 0 0 4.97118e+27 0.001 10 25000 1.543e+14 144 5 1 1 
-4.20467e+15 0 0 4.97118e+27 0.001 10 25000 1.543e+14 145 5 1 1 
-4.12752e+15 0 0 4.97118e+27 0.001 10 25000 1.543e+14 146 5 1 1 
-4.05037e+15 0 0 4.97118e+27 0.001 10 25000 1.543e+14 147 5 1 1 
-3.97322e+15 0 0 4.97118e+27 0.001 10 25000 1.543e+14 148 5 1 1 
-3.89607e+15 0 0 4.97118e+27 0.001 10 25000 1.543e+14 149 5 1 1 
-3.81892e+15 0 0 4.97118e+27 0.001 10 25000 1.543e+14 150 5 1 1 
-3.74177e+15 0 0 4.97118e+27 0.001 10 25000 1.543e+14 151 5 1 1 
-3.66462e+15 0 0 4.97118e+27 0.001 10 25000 1.543e+14 152 5 1 1 
-3.58747e+15 0 0 4.97118e+27 0.001 10 25000 1.543e+14 153 5 1 1 
-3.51032e+15 0 0 4.97118e+27 0.001 10 25000 1.543e+14 154 5 1 1 
-3.43317e+15 0 0 4.97118e+27 0.001 10 25000 1.543e+14 155 5 1 1 
-3.35602e+15 0 0 4.97118e+27 0.001 10 25000 1.543e+14 156 5 1 1 
-3.27887e+15 0 0 4.97118e+27 0.001 10 25000 1.543e+14 157 5 1 1 
-3.20172e+15 0 0 4.97118e+27 0.001 10 25000 1.543e+14 158 5 1 1 
-3.12457e+15 0 0 4.97118e+27 0.001 10 25000 1.543e+14 159 5 1 1 
-3.04742e+15 0 0 4.97118e+27 0.001 10 25000 1.543e+14 160 5 1 1 
-2.97027e+15 0 0 4.97118e+27 0.001 10 25000 1.543e+14 161 5 1 1 
-2.89312e+15 0 0 4.97118e+27 0.001 10 25000 1.543e+14 162 5 1 1 
-2.81597e+15 0 0 4.97118e+27 0.001 10 25000 1.543e+14 163 5 1 1 
-2.73882e+15 0 0 4.97118e+27 0.001 10 25000 1.543e+14 164 5 1 1 
-2.66167e+15 0 0 4.97118e+27 0.001 10 25000 1.543e+14 165 5 1 1 
-2.58452e+15 0 0 4.97118e+27 0.001 10 25000 1.543e+14 166 5 1 1 
-2.50737e+15 0 0 4.97118e+27 0.001 10 25000 1.543e+14 167 5 1 1 
-2.43022e+15 0 0 4.97118e+27 0.001 10 25000 1.543e+14 168 5 1 1 
-2.35307e+15 0 0 4.97118e+27 0.001 10 25000 1.543e+14 169 5 1 1 
-2.27592e+15 0 0 4.97118e+27 0.001 10 25000 1.543e+14 170 5 1 1 
-2.19877e+15 0 0 4.97118e+27 0.001 10 25000 1.543e+14 171 5 1 1 
-2.12162e+15 0 0 4.97118e+27 0.001 10 25000 1.543e+14 172 5 1 1 
-2.04447e+15 -3.1903e-43 -3.63266e-55 4.97118e+27 0.001 10 25000 1.543e+14 173 5 1 1 
-1.96732e+15 -1.04199e-13 -3.63266e-55 4.97118e+27 0.001 10 25000 1.543e+14 174 5 1 1 
-1.89017e+15 -2.42604e-13 0 4.97118e+27 0.001 10 25000 1.543e+14 175 5 1 1 
-1.81302e+15 -3.80393e-13 0 4.97118e+27 0.001 10 25000 1.543e+14 176 5 1 1 
-1.73587e+15 -5.17443e-13 0 4.97118e+27 0.001 10 25000 1.543e+14 177 5 1 1 
-1.65872e+15 -6.53662e-13 0 4.97118e+27 0.001 10 25000 1.543e+14 178 5 1 1 
-1.58157e+15 -8.05683e-13 -1.84198e-24 4.97118e+27 0.001 10 25000 1.543e+14 179 5 1 1 
-1.50442e+15 -9.73556e-13 1.84198e-24 4.97118e+27 0.001 10 25000 1.543e+14 180 5 1 1 
-1.42727e+15 -1.13969e-12 -1.84198e-24 4.97118e+27 0.001 10 25000 1.543e+14 181 5 1 1 
-1.35012e+15 -1.32025e-12 -1.0898e-54 4.97118e+27 0.001 10 25000 1.543e+14 182 5 1 1 
-1.27297e+15 -1.56596e-12 -1.84198e-24 4.97118e+27 0.001 10 25000 1.543e+14 183 5 1 1 
-1.19582e+15 -2.07958e-12 -1.10519e-23 4.97118e+27 0.001 10 25000 1.543e+14 184 5 1 1 
-1.11867e+15 -4.5516e-12 -1.84198e-23 4.97118e+27 0.001 10 25000 1.543e+14 185 4 1 1 
-1.04152e+15 1.90282e-12 3.68395e-23 4.97118e+27 0.001 10 25000 1.543e+14 186 4 1 1 
-9.64375e+14 -1.21569e-12 3.68395e-24 4.97118e+27 0.001 10 25000 1.543e+14 187 4 1 1 
-8.87225e+14 -1.63459e-12 -5.52593e-24 4.97118e+27 0.001 10 25000 1.543e+14 188 4 1 1 
-8.10075e+14 -1.78446e-12 -3.68395e-24 4.97118e+27 0.001 10 25000 1.543e+14 189 4 1 1 
-7.32925e+14 -2.84493e-12 -1.84198e-24 4.97118e+27 0.001 10 25000 1.543e+14 190 3 1 1 
-6.55775e+14 -1.74841e-12 1.84198e-24 4.97118e+27 0.001 10 25000 1.543e+14 191 3 1 1 
-5.78625e+14 -4.01842e-13 -3.13136e-23 4.97118e+27 0.001 10 25000 1.543e+14 192 4 1 1 
-5.01475e+14 -2.37408e-12 4.97334e-23 4.97118e+27 0.001 10 25000 1.543e+14 193 4 1 1 
-4.24325e+14 -1.05305e-12 -1.84198e-23 4.97118e+27 0.001 10 25000 1.543e+14 194 5 1 1 
-3.47175e+14 -9.80415e-13 1.84198e-24 4.97118e+27 0.001 10 25000 1.543e+14 195 4 1 1 
-2.70025e+14 -1.20953e-12 -3.68395e-24 4.97118e+27 0.001 10 25000 1.543e+14 196 3 1 1 
-1.92875e+14 -5.81175e-14 3.68395e-24 4.97118e+27 0.001 10 25000 1.543e+14 197 5 1 1 
-1.15725e+14 -9.73891e-13 -1.59766e-39 4.97118e+27 0.001 10 25000 1.543e+14 198 5 1 1 
-3.8575e+13 -1.37526e-13 -3.68395e-24 4.97118e+27 0.001 10 25000 1.543e+14 199 4 1 1 
3.8575e+13 -3.05712e-13 -3.68395e-24 4.97118e+27 0.001 10 25000 1.543e+14 200 3 1 1 
1.15725e+14 -3.32108e-13 7.36791e-24 4.97118e+27 0.001 10 25000 1.543e+14 201 4 1 1 
1.92875e+14 1.89636e-13 -1.84198e-24 4.97118e+27 0.001 10 25000 1.543e+14 202 5 1 1 
2.70025e+14 -3.11665e-13 1.84198e-24 4.97118e+27 0.001 10 25000 1.543e+14 203 4 1 1 
3.47175e+14 5.68895e-13 9.20989e-24 4.97118e+27 0.001 10 25000 1.543e+14 204 4 1 1 
4.24325e+14 2.06055e-13 2.57877e-23 4.97118e+27 0.001 10 25000 1.543e+14 205 5 1 1 
5.01475e+14 1.67607e-12 -3.68395e-23 4.97118e+27 0.001 10 25000 1.543e+14 206 5 1 1 
5.78625e+14 1.56391e-12 5.52593e-24 4.97118e+27 0.001 10 25000 1.543e+14 207 4 1 1 
6.55775e+14 2.52994e-12 5.52593e-24 4.97118e+27 0.001 10 25000 1.543e+14 208 5 1 1 
7.32925e+14 1.78428e-12 -9.20989e-24 4.97118e+27 0.001 10 25000 1.543e+14 209 4 1 1 
8.10075e+14 1.80306e-12 7.36791e-24 4.97118e+27 0.001 10 25000 1.543e+14 210 3 1 1 
8.87225e+14 1.88217e-13 -3.68395e-24 4.97118e+27 0.001 10 25000 1.543e+14 211 3 1 1 
9.64375e+14 1.45412e-12 -3.68395e-24 4.97118e+27 0.001 10 25000 1.543e+14 212 4 1 1 
1.04153e+15 5.45291e-13 1.78938e-38 4.97118e+27 0.001 10 25000 1.543e+14 213 5 1 1 
1.11868e+15 2.09434e-12 -1.27813e-39 4.97118e+27 0.001 10 25000 1.543e+14 214 5 1 1 
1.19583e+15 1.67134e-12 -1.45306e-54 4.97118e+27 0.001 10 25000 1.543e+14 215 5 1 1 
1.27298e+15 1.16856e-12 7.26532e-55 4.97118e+27 0.001 10 25000 1.543e+14 216 5 1 1 
1.35013e+15 1.00879e-12 7.26532e-55 4.97118e+27 0.001 10 25000 1.543e+14 217 5 1 1 
1.42728e+15 8.8246e-13 1.0898e-54 4.97118e+27 0.001 10 25000 1.543e+14 218 5 1 1 
1.50443e+15 1.02565e-12 -7.26532e-55 4.97118e+27 0.001 10 25000 1.543e+14 219 5 1 1 
1.58158e+15 7.56014e-13 -1.81633e-54 4.97118e+27 0.001 10 25000 1.543e+14 220 5 1 1 
1.65873e+15 9.39765e-14 1.45306e-54 4.97118e+27 0.001 10 25000 1.543e+14 221 5 1 1 
1.73588e+15 6.37303e-14 1.27813e-39 4.97118e+27 0.001 10 25000 1.543e+14 222 5 1 1 
1.81303e+15 4.12482e-13 -3.68395e-24 4.97118e+27 0.001 10 25000 1.543e+14 223 5 1 1 
1.89018e+15 -2.70363e-12 -4.23655e-23 4.97118e+27 0.001 10 25000 1.543e+14 224 3 1 1 
1.96733e+15 6.42578e-12 9.20989e-24 4.97118e+27 0.001 10 25000 1.543e+14 225 3 1 1 
2.04448e+15 2.64703e-12 1.47358e-23 4.97118e+27 0.001 10 25000 1.543e+14 226 5 1 1 
2.12163e+15 1.28893e-12 1.47358e-23 4.97118e+27 0.001 10 25000 1.543e+14 227 5 1 1 
2.19878e+15 4.00637e-13 5.52593e-24 4.97118e+27 0.001 10 25000 1.543e+14 228 5 1 1 
2.27593e+15 5.22611e-14 1.84198e-24 4.97118e+27 0.001 10 25000 1.543e+14 229 5 1 1 
2.35308e+15 1.03067e-44 3.63266e-55 4.97118e+27 0.001 10 25000 1.543e+14 230 5 1 1 
2.43023e+15 0 0 4.97118e+27 0.001 10 25000 1.543e+14 231 5 1 1 
2.50738e+15 0 0 4.97118e+27 0.001 10 25000 1.543e+14 232 5 1 1 
2.58453e+15 0 0 4.97118e+27 0.001 10 25000 1.543e+14 233 5 1 1 
2.66168e+15 0 0 4.97118e+27 0.001 10 25000 1.543e+14 234 5 1 1 
2.73883e+15 0 0 4.97118e+27 0.001 10 25000 1.543e+14 235 5 1 1 
2.81598e+15 0 0 4.97118e+27 0.001 10 25000 1.543e+14 236 5 1 1 
2.89313e+15 -1.48494e-42 -3.63266e-55 4.97118e+27 0.001 10 25000 1.543e+14 237 5 1 1 
2.97028e+15 -1.69188e-13 0 4.97118e+27 0.001 10 25000 1.543e+14 238 5 1 1 
3.04743e+15 -3.37357e-13 3.63266e-55 4.97118e+27 0.001 10 25000 1.543e+14 239 5 1 1 
3.12458e+15 1.58941e-12 0 4.97118e+27 0.001 10 25000 1.543e+14 240 5 1 1 
3.20173e+15 1.42405e-12 1.81633e-54 4.97118e+27 0.001 10 25000 1.543e+14 241 5 1 1 
3.27888e+15 2.49113e-12 -5.08572e-54 4.97118e+27 0.001 10 25000 1.543e+14 242 5 1 1 
3.35603e+15 8.6388e-13 2.54286e-54 4.97118e+27 0.001 10 25000 1.543e+14 243 5 1 1 
3.43318e+15 7.03556e-13 -1.84198e-24 4.97118e+27 0.001 10 25000 1.543e+14 244 5 1 1 
3.51033e+15 -1.45868e-12 1.0898e-53 4.97118e+27 0.001 10 25000 1.543e+14 245 5 1 1 
3.58748e+15 2.49602e-12 -1.19878e-53 4.97118e+27 0.001 10 25000 1.543e+14 246 5 1 1 
3.66463e+15 -2.42546e-13 1.27813e-39 4.97118e+27 0.001 10 25000 1.543e+14 247 5 1 1 
3.74178e+15 -2.09243e-14 -2.31661e-37 4.97118e+27 0.001 10 25000 1.543e+14 248 5 1 1 
3.81893e+15 -3.1251e-12 -2.32939e-37 4.97118e+27 0.001 10 25000 1.543e+14 249 4 1 1 
3.89608e+15 3.1251e-12 2.32939e-37 4.97118e+27 0.001 10 25000 1.543e+14 250 4 1 1 
3.97323e+15 2.09243e-14 2.31661e-37 4.97118e+27 0.001 10 25000 1.543e+14 251 5 1 1 
4.05038e+15 2.42546e-13 -1.27813e-39 4.97118e+27 0.001 10 25000 1.543e+14 252 5 1 1 
4.12753e+15 -2.49602e-12 1.19878e-53 4.97118e+27 0.001 10 25000 1.543e+14 253 5 1 1 
4.20468e+15 1.45868e-12 -1.0898e-53 4.97118e+27 0.001 10 25000 1.543e+14 254 5 1 1 
4.28183e+15 -7.03556e-13 1.84198e-24 4.97118e+27 0.001 10 25000 1.543e+14 255 5 1 1 
4.35898e+15 -8.6388e-13 -2.54286e-54 4.97118e+27 0.001 10 25000 1.543e+14 256 5 1 1 
4.43613e+15 -2.49113e-12 5.08572e-54 4.97118e+27 0.001 10 25000 1.543e+14 257 5 1 1 
4.51328e+15 -1.42405e-12 -1.81633e-54 4.97118e+27 0.001 10 25000 1.543e+14 258 5 1 1 
4.59043e+15 -1.58941e-12 0 4.97118e+27 0.001 10 25000 1.543e+14 259 5 1 1 
4.66758e+15 3.37357e-13 -3.63266e-55 4.97118e+27 0.001 10 25000 1.543e+14 260 5 1 1 
4.74473e+15 1.69188e-13 0 4.97118e+27 0.001 10 25000 1.543e+14 261 5 1 1 
4.82188e+15 1.48494e-42 3.63266e-55 4.97118e+27 0.001 10 25000 1.543e+14 262 5 1 1 
4.89903e+15 0 0 4.97118e+27 0.001 10 25000 1.543e+14 263 5 1 1 
4.97618e+15 0 0 4.97118e+27 0.001 10 25000 1.543e+14 264 5 1 1 
5.05333e+15 0 0 4.97118e+27 0.001 10 25000 1.543e+14 265 5 1 1 
5.13048e+15 0 0 4.97118e+27 0.001 10 25000 1.543e+14 266 5 1 1 
5.20763e+15 -3.4354e-45 -3.63266e-55 4.97118e+27 0.001 10 25000 1.543e+14 267 5 1 1 
5.28478e+15 -1.74195e-14 -1.84198e-24 4.97118e+27 0.001 10 25000 1.543e+14 268 5 1 1 
5.36193e+15 -1.21947e-13 1.84198e-24 4.97118e+27 0.001 10 25000 1.543e+14 269 5 1 1 
5.43908e+15 -1.06265e-12 -8.2889e-23 4.97118e+27 0.001 10 25000 1.543e+14 270 5 1 1 
5.51623e+15 -1.79083e-11 -6.48376e-22 4.97118e+27 0.001 10 25000 1.543e+14 271 4 1 1 
5.59338e+15 -8.3267e-11 -1.91197e-21 4.97118e+27 0.001 10 25000 1.543e+14 272 4 1 1 
5.67053e+15 -2.56536e-10 -6.23878e-21 4.97118e+27 0.001 10 25000 1.543e+14 273 4 1 1 
5.74767e+15 -8.29227e-10 -1.79814e-20 4.97118e+27 0.001 10 25000 1.543e+14 274 4 1 1 
5.82482e+15 -2.56051e-09 -5.46625e-20 4.97118e+27 0.001 10 25000 1.543e+14 275 4 1 1 
5.90197e+15 -7.59405e-09 -1.56233e-19 4.97118e+27 0.001 10 25000 1.543e+14 276 4 1 1 
5.97912e+15 -2.18774e-08 -4.3497e-19 4.97118e+27 0.001 10 25000 1.543e+14 277 4 1 1 
6.05627e+15 -6.1081e-08 -1.17384e-18 4.97118e+27 0.001 10 25000 1.543e+14 278 4 1 1 
6.13342e+15 -1.65716e-07 -3.08053e-18 4.97118e+27 0.001 10 25000 1.543e+14 279 4 1 1 
6.21057e+15 -4.37142e-07 -7.85647e-18 4.97118e+27 0.001 10 25000 1.543e+14 280 4 1 1 
6.28772e+15 -1.12179e-06 -1.94921e-17 4.97118e+27 0.001 10 25000 1.543e+14 281 4 1 1 
6.36487e+15 -2.80242e-06 -4.70681e-17 4.97118e+27 0.001 10 25000 1.543e+14 282 4 1 1 
6.44202e+15 -6.8189e-06 -1.10666e-16 4.97118e+27 0.001 10 25000 1.543e+14 283 4 1 1 
6.51917e+15 -1.61679e-05 -2.53447e-16 4.97118e+27 0.001 10 25000 1.543e+14 284 4 1 1 
6.59632e+15 -3.73702e-05 -5.65577e-16 4.97118e+27 0.001 10 25000 1.543e+14 285 4 1 1 
6.67347e+15 -8.42335e-05 -1.23012e-15 4.97118e+27 0.001 10 25000 1.543e+14 286 4 1 1 
6.75062e+15 -0.000185211 -2.60827e-15 4.97118e+27 0.001 10 25000 1.543e+14 287 4 1 1 
6.82777e+15 -0.000397363 -5.39255e-15 4.97118e+27 0.001 10 25000 1.543e+14 288 4 1 1 
6.90492e+15 -0.000832057 -1.08728e-14 4.97118e+27 0.001 10 25000 1.543e+14 289 4 1 1 
6.98207e+15 -0.0017008 -2.13817e-14 4.97118e+27 0.001 10 25000 1.543e+14 290 4 1 1 
7.05922e+15 -0.0033944 -4.10148e-14 4.97118e+27 0.001 10 25000 1.543e+14 291 4 1 1 
7.13637e+15 -0.00661537 -7.67463e-14 4.97118e+27 0.00100001 10.0001 25000.1 1.54299e+14 292 4 1 1 
7.21352e+15 -0.0125916 -1.40089e-13 4.97118e+27 0.00100001 10.0001 25000.1 1.54299e+14 293 4 1 1 
7.29067e+15 -0.0234095 -2.49446e-13 4.97118e+27 0.00100002 10.0003 25000.2 1.54297e+14 294 4 1 1 
7.36782e+15 -0.042513 -4.3326e-13 4.97118e+27 0.00100003 10.0005 25000.3 1.54295e+14 295 4 1 1 
7.44497e+15 -0.0754217 -7.33965e-13 4.97118e+27 0.00100006 10.0008 25000.6 1.54291e+14 296 4 1 1 
7.52211e+15 -0.130716 -1.21251e-12 4.97118e+27 0.0010001 10.0014 25001 1.54284e+14 297 4 1 1 
7.59925e+15 -0.221315 -1.95284e-12 4.97118e+27 0.00100017 10.0024 25001.7 1.54274e+14 298 4 1 1 
7.67639e+15 -0.366034 -3.06522e-12 4.97118e+27 0.00100028 10.004 25002.8 1.54256e+14 299 4 1 1 
7.75351e+15 -0.591293 -4.68642e-12 4.97118e+27 0.00100046 10.0064 25004.6 1.54229e+14 300 4 1 1 
7.83061e+15 -0.932747 -6.97407e-12 4.97118e+27 0.00100073 10.0101 25007.2 1.54188e+14 301 4 1 0.999999 
7.9077e+15 -1.43637 -1.00916e-11 4.97118e+27 0.00100112 10.0157 25011.2 1.54127e+14 302 4 1 0.999999 
7.98474e+15 -2.15831 -1.418e-11 4.97118e+27 0.00100169 10.0236 25016.9 1.54039e+14 303 4 1 0.999998 
8.06174e+15 -3.16259 -1.93135e-11 4.97118e+27 0.00100249 10.0348 25024.8 1.53917e+14 304 4 1 0.999996 
8.13866e+15 -4.51562 -2.54413e-11 4.97118e+27 0.00100356 10.0498 25035.5 1.53752e+14 305 4 1 0.999994 
8.21549e+15 -6.27682 -3.23229e-11 4.97118e+27 0.00100497 10.0696 25049.6 1.53536e+14 306 4 1 0.99999 
8.2922e+15 -8.48526 -3.9478e-11 4.97118e+27 0.00100675 10.0946 25067.4 1.53265e+14 307 4 1 0.999986 
8.36875e+15 -11.144 -4.61788e-11 4.97118e+27 0.00100891 10.125 25088.9 1.52937e+14 308 4 1 0.999981 
8.44513e+15 -14.2055 -5.15149e-11 4.97118e+27 0.00101143 10.1604 25114 1.52556e+14 309 4 1 0.999977 
8.52131e+15 -17.5633 -5.45408e-11 4.97118e+27 0.00101422 10.1997 25141.8 1.52137e+14 310 4 1 0.999975 
8.59727e+15 -21.054 -5.44806e-11 4.97118e+27 0.00101716 10.2412 25171 1.51697e+14 311 4 1 0.999976 
8.67301e+15 -24.4725 -5.08941e-11 4.97118e+27 0.00102009 10.2826 25200.1 1.51261e+14 312 4 1 0.99998 
8.74853e+15 -27.5969 -4.39205e-11 4.97118e+27 0.00102282 10.3212 25227.1 1.50858e+14 313 4 1 0.999986 
8.82387e+15 -30.1969 -3.25083e-11 4.97118e+27 0.00102513 10.3539 25250 1.50518e+14 314 4 1 0.999998 
8.89905e+15 -31.8768 -1.2861e-11 4.97118e+27 0.00102642 10.3728 25263.2 1.50328e+14 315 3 1 1 
8.97419e+15 -29.7634 1.20901e-10 4.97118e+27 0.00102326 10.3298 25233.4 1.50792e+14 316 4 1 1.00001 
9.04984e+15 -14.6266 3.2863e-10 4.97118e+27 0.00101174 10.1665 25118.9 1.52509e+14 317 4 1 0.999754 
9.12671e+15 4.61508 2.28992e-10 4.97118e+27 0.000997633 9.96543 24975.7 1.54666e+14 318 4 1 0.999388 
9.20452e+15 13.573 6.74091e-11 4.97118e+27 0.000989146 9.84725 24890.4 1.55993e+14 319 4 1 0.999741 
9.28271e+15 18.6019 1.03479e-10 4.97118e+27 0.000983581 9.77176 24835.9 1.56876e+14 320 4 1 0.999914 
9.36139e+15 28.8236 1.91393e-10 4.97118e+27 0.000975365 9.6578 24753 1.58197e+14 321 4 1 0.999833 
9.44091e+15 42.2512 1.98029e-10 4.97118e+27 0.000964854 9.5116 24645.3 1.59921e+14 322 4 1 0.999669 
9.52132e+15 54.9069 1.74556e-10 4.97118e+27 0.000954505 9.36891 24539.1 1.61654e+14 323 4 1 0.999656 
9.60257e+15 66.8659 1.72452e-10 4.97118e+27 0.000944662 9.23412 24437.7 1.63339e+14 324 4 1 0.999689 
9.68466e+15 79.2174 1.78608e-10 4.97118e+27 0.000934716 9.09836 24334.5 1.65077e+14 325 4 1 0.999681 
9.76765e+15 92.0265 1.80373e-10 4.97118e+27 0.000924548 8.96007 24228.3 1.66892e+14 326 4 1 0.999658 
9.85156e+15 105.017 1.80097e-10 4.97118e+27 0.000914286 8.82112 24120.3 1.68766e+14 327 4 1 0.999643 
9.93642e+15 118.154 1.79954e-10 4.97118e+27 0.00090398 8.68224 24011.2 1.7069e+14 328 4 1 0.999632 
1.00223e+16 131.504 1.80041e-10 4.97118e+27 0.000893627 8.54336 23900.8 1.72667e+14 329 4 1 0.99962 
1.01091e+16 145.042 1.80128e-10 4.97118e+27 0.000883222 8.40442 23789.2 1.74701e+14 330 4 1 0.999608 
1.0197e+16 158.768 1.80089e-10 4.97118e+27 0.000872767 8.26547 23676.1 1.76794e+14 331 4 1 0.999595 
1.02859e+16 172.69 1.79864e-10 4.97118e+27 0.000862268 8.12661 23561.8 1.78947e+14 332 4 1 0.999581 
1.03759e+16 186.797 1.79909e-10 4.97118e+27 0.000851724 7.98783 23446.1 1.81162e+14 333 4 1 0.999568 
1.04671e+16 201.1 1.79522e-10 4.97118e+27 0.000841138 7.84919 23329.1 1.83442e+14 334 4 1 0.999554 
1.05594e+16 215.622 1.79135e-10 4.97118e+27 0.000830519 7.71082 23210.9 1.85788e+14 335 4 1 0.99954 
1.06529e+16 230.324 1.79228e-10 4.97118e+27 0.000819856 7.57257 23091.2 1.88204e+14 336 4 1 0.999525 
1.07476e+16 245.25 1.78631e-10 4.97118e+27 0.000809152 7.43453 22970.2 1.90693e+14 337 4 1 0.999508 
1.08436e+16 260.381 1.78488e-10 4.97118e+27 0.000798413 7.29677 22847.8 1.93258e+14 338 4 1 0.999493 
1.09408e+16 275.711 1.77947e-10 4.97118e+27 0.000787638 7.15928 22724 1.95902e+14 339 4 1 0.999475 
1.10395e+16 291.297 1.77445e-10 4.97118e+27 0.000776834 7.02218 22598.8 1.98627e+14 340 4 1 0.999458 
1.11395e+16 307.073 1.77129e-10 4.97118e+27 0.000765995 6.8854 22472.1 2.01437e+14 341 4 1 0.99944 
1.12409e+16 323.076 1.76506e-10 4.97118e+27 0.000755124 6.74899 22344 2.04337e+14 342 4 1 0.999421 
1.13438e+16 339.311 1.7596e-10 4.97118e+27 0.000744226 6.61303 22214.5 2.07329e+14 343 4 1 0.999402 
1.14483e+16 355.769 1.75189e-10 4.97118e+27 0.000733306 6.47758 22083.6 2.10417e+14 344 4 1 0.999382 
1.15543e+16 372.466 1.74274e-10 4.97118e+27 0.000722371 6.34277 21951.3 2.13602e+14 345 4 1 0.999362 
1.16619e+16 389.385 1.73822e-10 4.97118e+27 0.000711416 6.20852 21817.5 2.16891e+14 346 4 1 0.999341 
1.17712e+16 406.505 1.72262e-10 4.97118e+27 0.000700459 6.07506 21682.5 2.20284e+14 347 4 1 0.999319 
1.18822e+16 423.834 1.71083e-10 4.97118e+27 0.000689521 5.94267 21546.5 2.23778e+14 348 4 1 0.999301 
1.1995e+16 441.303 1.6876e-10 4.97118e+27 0.000678629 5.81167 21409.7 2.2737e+14 349 4 1 0.999284 
1.21096e+16 458.89 1.66344e-10 4.97118e+27 0.000667823 5.68253 21272.7 2.31049e+14 350 4 1 0.999272 
1.2226e+16 476.449 1.62572e-10 4.97118e+27 0.000657155 5.55586 21136.1 2.348e+14 351 4 1 0.999266 
1.23444e+16 493.876 1.57203e-10 4.97118e+27 0.000646721 5.43275 21001.2 2.38588e+14 352 4 1 0.999272 
1.24646e+16 510.969 1.50415e-10 4.97118e+27 0.000636624 5.31437 20869.5 2.42372e+14 353 4 1 0.999293 
1.25868e+16 527.465 1.40823e-10 4.97118e+27 0.000626997 5.2022 20742.7 2.46094e+14 354 4 1 0.999331 
1.27107e+16 543.131 1.31241e-10 4.97118e+27 0.000617929 5.09718 20622.2 2.49705e+14 355 4 1 0.999386 
1.28365e+16 557.973 1.22549e-10 4.97118e+27 0.000609388 4.99885 20507.8 2.53205e+14 356 4 1 0.999439 
1.2964e+16 572.382 1.19748e-10 4.97118e+27 0.000601157 4.90461 20396.6 2.56672e+14 357 4 1 0.999471 
1.30932e+16 587.109 1.24259e-10 4.97118e+27 0.00059283 4.8098 20283.2 2.60277e+14 358 4 1 0.999455 
1.32242e+16 602.981 1.33549e-10 4.97118e+27 0.000584045 4.71032 20162.4 2.64192e+14 359 4 1 0.999384 
1.33574e+16 620.074 1.38678e-10 4.97118e+27 0.000574794 4.60618 20034.1 2.68444e+14 360 4 1 0.999291 
1.34927e+16 637.605 1.3401e-10 4.97118e+27 0.000565524 4.50249 19904.2 2.72844e+14 361 4 1 0.999248 
1.36302e+16 653.988 1.16133e-10 4.97118e+27 0.00055699 4.40762 19783.5 2.77025e+14 362 4 1 0.999317 
1.37698e+16 667.442 8.47788e-11 4.97118e+27 0.000550083 4.33126 19685 2.80503e+14 363 4 1 0.999513 
1.39108e+16 676.06 4.20654e-11 4.97118e+27 0.000545629 4.28223 19621.1 2.82793e+14 364 4 1 0.999773 
1.40525e+16 679.064 3.12955e-12 4.97118e+27 0.000543835 4.26261 19595.4 2.83726e+14 365 4 1 0.999958 
1.41945e+16 678.814 -1.76153e-12 4.97118e+27 0.000543608 4.26019 19592.2 2.83844e+14 366 5 1 0.999999 
1.43364e+16 678.66 -2.64537e-12 4.97118e+27 0.000543712 4.26136 19593.8 2.8379e+14 367 4 1 1 
1.44783e+16 678.243 -3.78159e-12 4.97118e+27 0.000543888 4.2633 19596.4 2.83698e+14 368 4 1 0.999999 
1.46201e+16 677.72 -4.26594e-12 4.97118e+27 0.000544143 4.26612 19600.2 2.83565e+14 369 4 1 0.999999 
1.47618e+16 677.141 -4.20373e-12 4.97118e+27 0.000544431 4.26929 19604.4 2.83415e+14 370 4 1 0.999999 
1.49035e+16 676.578 -3.86296e-12 4.97118e+27 0.00054472 4.27248 19608.6 2.83265e+14 371 4 1 0.999999 
1.50451e+16 676.073 -3.35669e-12 4.97118e+27 0.000544987 4.27544 19612.6 2.83126e+14 372 4 1 0.999999 
1.51866e+16 675.641 -2.78708e-12 4.97118e+27 0.00054522 4.27801 19616 2.83005e+14 373 4 1 1 
1.53281e+16 675.282 -2.262e-12 4.97118e+27 0.000545414 4.28016 19618.9 2.82905e+14 374 4 1 1 
1.54695e+16 674.99 -1.83394e-12 4.97118e+27 0.000545572 4.28193 19621.3 2.82823e+14 375 4 1 1 
1.56109e+16 674.753 -1.49794e-12 4.97118e+27 0.0005457 4.28336 19623.2 2.82756e+14 376 4 1 1 
1.57523e+16 674.559 -1.24086e-12 4.97118e+27 0.000545804 4.28453 19624.8 2.82702e+14 377 4 1 1 
1.58936e+16 674.397 -1.05025e-12 4.97118e+27 0.00054589 4.2855 19626.2 2.82658e+14 378 4 1 1 
1.60349e+16 674.26 -9.06383e-13 4.97118e+27 0.000545961 4.28632 19627.4 2.82621e+14 379 4 1 1 
1.61763e+16 674.14 -7.92177e-13 4.97118e+27 0.000546022 4.28702 19628.4 2.82589e+14 380 4 1 1 
1.63175e+16 674.035 -6.99699e-13 4.97118e+27 0.000546074 4.28764 19629.4 2.82562e+14 381 4 1 1 
1.64588e+16 673.942 -6.23403e-13 4.97118e+27 0.000546119 4.28818 19630.2 2.82539e+14 382 4 1 1 
1.66001e+16 673.859 -5.56952e-13 4.97118e+27 0.000546159 4.28866 19631 2.82518e+14 383 4 1 1 
1.67413e+16 673.785 -4.96705e-13 4.97118e+27 0.000546193 4.28909 19631.8 2.82501e+14 384 4 1 1 
1.68826e+16 673.719 -4.42145e-13 4.97118e+27 0.000546222 4.28948 19632.5 2.82486e+14 385 4 1 1 
1.70238e+16 673.66 -3.93213e-13 4.97118e+27 0.000546247 4.28982 19633.1 2.82473e+14 386 4 1 1 
1.71651e+16 673.607 -3.49573e-13 4.97118e+27 0.000546267 4.29012 19633.8 2.82463e+14 387 4 1 1 
1.73063e+16 673.559 -3.11146e-13 4.97118e+27 0.000546283 4.29039 19634.5 2.82454e+14 388 4 1 1 
1.74475e+16 673.516 -2.77795e-13 4.97118e+27 0.000546294 4.29063 19635.1 2.82448e+14 389 4 1 1 
1.75887e+16 673.478 -2.48879e-13 4.97118e+27 0.000546302 4.29084 19635.9 2.82445e+14 390 4 1 1 
1.773e+16 673.443 -2.2351e-13 4.97118e+27 0.000546305 4.29103 19636.6 2.82443e+14 391 3 1 1 
1.78712e+16 673.412 -2.00993e-13 4.97118e+27 0.000546304 4.2912 19637.4 2.82444e+14 392 4 1 1 
1.80124e+16 673.383 -1.80968e-13 4.97118e+27 0.000546296 4.29134 19638.3 2.82447e+14 393 4 1 1 
1.81536e+16 673.357 -1.63285e-13 4.97118e+27 0.000546272 4.29136 19639.3 2.8246e+14 394 4 1 1 
1.82949e+16 673.333 -1.47762e-13 4.97118e+27 0.000546175 4.29084 19640.4 2.8251e+14 395 4 1 1 
1.84361e+16 673.311 -1.3402e-13 4.97118e+27 0.000545758 4.28833 19643.9 2.82726e+14 396 4 1 0.999999 
1.85776e+16 673.291 -1.21618e-13 4.97118e+27 0.000544134 4.27084 19622.2 2.8357e+14 397 4 1 0.999987 
1.87197e+16 673.272 -1.10176e-13 4.97118e+27 0.000531006 4.11611 19378.8 2.90581e+14 398 4 1 0.999668 
1.88683e+16 673.254 -9.91039e-14 4.97118e+27 0.000506916 4.40301 21714.7 3.0439e+14 399 4 1 0.994707 
1.90243e+16 673.236 -8.83549e-14 4.97118e+27 0.000481371 4.15659 21587.3 3.20543e+14 400 4 1 0.993699 
1.91891e+16 673.218 -7.78626e-14 4.97118e+27 0.000458878 4.50119 24522.8 3.36255e+14 401 4 1 0.993694 
1.93607e+16 673.201 -6.76819e-14 4.97118e+27 0.000450258 4.30648 23911.1 3.42692e+14 402 5 1 0.998658 
1.95318e+16 673.185 -5.81434e-14 4.97118e+27 0.000451853 4.28971 23734 3.41483e+14 403 4 1 0.999967 
1.97022e+16 673.169 -4.91442e-14 4.97118e+27 0.000453474 4.28925 23646.6 3.40262e+14 404 4 1 0.999986 
1.98721e+16 673.155 -4.06647e-14 4.97118e+27 0.00045456 4.29058 23597.5 3.39449e+14 405 4 1 0.999994 
2.00417e+16 673.14 -3.27521e-14 4.97118e+27 0.000455256 4.29139 23565.8 3.3893e+14 406 4 1 0.999997 
2.0211e+16 673.127 -2.53971e-14 4.97118e+27 0.000455727 4.2918 23543.7 3.3858e+14 407 4 1 0.999999 
2.03803e+16 673.113 -1.84567e-14 4.97118e+27 0.000456061 4.29204 23527.8 3.38332e+14 408 4 1 0.999999 
2.05494e+16 673.1 -1.16223e-14 4.97118e+27 0.000456307 4.29217 23515.8 3.38149e+14 409 4 1 1 
2.07184e+16 673.087 -4.43071e-15 4.97118e+27 0.000456494 4.29226 23506.6 3.38011e+14 410 4 1 1 
2.08874e+16 673.074 3.7462e-15 4.97118e+27 0.000456638 4.29231 23499.5 3.37905e+14 411 4 1 1 
2.10563e+16 673.061 1.42717e-14 4.97118e+27 0.00045675 4.29233 23493.9 3.37821e+14 412 4 1 1 
2.12252e+16 673.046 3.08414e-14 4.97118e+27 0.000456838 4.29233 23489.3 3.37756e+14 413 4 1 1 
2.13941e+16 673.028 6.47092e-14 4.97118e+27 0.000456906 4.29229 23485.6 3.37706e+14 414 4 1 1 
2.15629e+16 672.998 1.55641e-13 4.97118e+27 0.000456952 4.29214 23482.4 3.37672e+14 415 4 1 1 
2.17317e+16 672.937 4.19975e-13 4.97118e+27 0.000456965 4.29168 23479.3 3.37663e+14 416 3 1 1 
2.19006e+16 672.772 1.23225e-12 4.97118e+27 0.000456897 4.29029 23475.1 3.37713e+14 417 4 1 1 
2.20694e+16 672.297 3.71381e-12 4.97118e+27 0.00045661 4.28611 23466.9 3.37925e+14 418 4 1 0.999999 
2.22385e+16 670.901 1.07276e-11 4.97118e+27 0.000455709 4.27394 23446.5 3.38594e+14 419 4 1 0.999993 
2.2408e+16 666.967 2.96305e-11 4.97118e+27 0.000453221 4.24104 23393.6 3.40452e+14 420 4 1 0.999945 
2.25789e+16 656.958 7.2245e-11 4.97118e+27 0.000447088 4.16057 23264.2 3.45122e+14 421 4 1 0.99965 
2.27532e+16 633.024 1.65916e-10 4.97118e+27 0.00043383 3.98778 22979 3.5567e+14 422 4 1 0.998289 
2.29348e+16 584.559 3.16832e-10 4.97118e+27 0.000409182 3.67019 22421.9 3.77094e+14 423 4 1 0.993848 
2.31309e+16 485.346 6.77907e-10 4.97118e+27 0.000368206 3.15261 21403.4 4.19059e+14 424 4 1 0.983662 
2.33563e+16 304.223 9.94465e-10 4.97118e+27 0.000317122 2.53501 19985.4 4.86563e+14 425 4 1 0.966054 
2.36223e+16 117.065 7.11659e-10 4.97118e+27 0.000276036 2.06925 18743.7 5.58986e+14 426 4 1 0.962512 
2.39182e+16 22.5309 2.27145e-10 4.97118e+27 0.000256165 1.85773 18132 6.02346e+14 427 4 1 0.98504 
2.42251e+16 1.21843 2.65194e-11 4.97118e+27 0.000250714 1.80214 17970.5 6.15441e+14 428 4 1 0.998389 
2.45337e+16 -0.248626 -1.16404e-12 4.97118e+27 0.000249994 1.79493 17949.8 6.17216e+14 429 4 1 0.999968 
2.48423e+16 -0.0118094 -3.68945e-13 4.97118e+27 0.000249991 1.79491 17949.7 6.17222e+14 430 5 1 1 
2.51509e+16 0.0043706 2.03396e-14 4.97118e+27 0.00025 1.795 17950 6.17199e+14 431 3 1 1 
2.54595e+16 0.00128714 8.63149e-15 4.97118e+27 0.00025 1.795 17950 6.17199e+14 432 4 1 1 
2.57681e+16 0.000300103 2.13504e-15 4.97118e+27 0.00025 1.795 17950 6.172e+14 433 4 1 1 
2.60767e+16 6.61521e-05 4.84036e-16 4.97118e+27 0.00025 1.795 17950 6.172e+14 434 4 1 1 
2.63853e+16 1.41613e-05 1.06043e-16 4.97118e+27 0.00025 1.795 17950 6.172e+14 435 4 1 1 
2.66939e+16 2.94504e-06 2.26495e-17 4.97118e+27 0.00025 1.795 17950 6.172e+14 436 4 1 1 
2.70025e+16 5.92472e-07 4.69898e-18 4.97118e+27 0.00025 1.795 17950 6.172e+14 437 4 1 1 
2.73111e+16 1.14846e-07 9.4204e-19 4.97118e+27 0.00025 1.795 17950 6.172e+14 438 4 1 1 
2.76197e+16 2.13823e-08 1.81724e-19 4.97118e+27 0.00025 1.795 17950 6.172e+14 439 4 1 1 
2.79283e+16 3.81152e-09 3.36548e-20 4.97118e+27 0.00025 1.795 17950 6.172e+14 440 4 1 1 
2.82369e+16 6.44848e-10 5.93761e-21 4.97118e+27 0.00025 1.795 17950 6.172e+14 441 4 1 1 
2.85455e+16 1.0448e-10 1.06835e-21 4.97118e+27 0.00025 1.795 17950 6.172e+14 442 4 1 1 
2.88541e+16 5.42047e-12 1.34925e-22 4.97118e+27 0.00025 1.795 17950 6.172e+14 443 4 1 1 
2.91627e+16 -2.33744e-13 9.67038e-24 4.97118e+27 0.00025 1.795 17950 6.172e+14 444 5 1 1 
2.94713e+16 -4.11654e-12 3.68395e-24 4.97118e+27 0.00025 1.795 17950 6.172e+14 445 5 1 1 
2.97799e+16 7.36845e-12 -3.68395e-24 4.97118e+27 0.00025 1.795 17950 6.172e+14 446 5 1 1 
3.00885e+16 1.04862e-12 2.29424e-40 4.97118e+27 0.00025 1.795 17950 6.172e+14 447 5 1 1 
3.03971e+16 1.17918e-12 5.98643e-24 4.97118e+27 0.00025 1.795 17950 6.172e+14 448 5 1 1 
3.07057e+16 -6.76754e-12 1.01309e-23 4.97118e+27 0.00025 1.795 17950 6.172e+14 449 3 1 1 
3.10143e+16 6.76754e-12 -1.01309e-23 4.97118e+27 0.00025 1.795 17950 6.172e+14 450 3 1 1 
3.13229e+16 -1.17918e-12 -5.98643e-24 4.97118e+27 0.00025 1.795 17950 6.172e+14 451 5 1 1 
3.16315e+16 -1.04862e-12 -2.29424e-40 4.97118e+27 0.00025 1.795 17950 6.172e+14 452 5 1 1 
3.19401e+16 -7.36845e-12 3.68395e-24 4.97118e+27 0.00025 1.795 17950 6.172e+14 453 5 1 1 
3.22487e+16 4.11654e-12 -3.68395e-24 4.97118e+27 0.00025 1.795 17950 6.172e+14 454 5 1 1 
3.25573e+16 2.16336e-13 -1.51963e-23 4.97118e+27 0.00025 1.795 17950 6.172e+14 455 5 1 1 
3.28659e+16 -4.53202e-12 -6.86137e-23 4.97118e+27 0.00025 1.795 17950 6.172e+14 456 5 1 1 
3.31745e+16 -8.97338e-11 -1.13328e-21 4.97118e+27 0.00025 1.795 17950 6.172e+14 457 4 1 1 
3.34831e+16 -6.45341e-10 -5.93439e-21 4.97118e+27 0.00025 1.795 17950 6.172e+14 458 4 1 1 
3.37917e+16 -3.81812e-09 -3.35194e-20 4.97118e+27 0.00025 1.795 17950 6.172e+14 459 4 1 1 
3.41003e+16 -2.13961e-08 -1.82011e-19 4.97118e+27 0.00025 1.795 17950 6.172e+14 460 4 1 1 
3.44089e+16 -1.14831e-07 -9.41967e-19 4.97118e+27 0.00025 1.795 17950 6.172e+14 461 4 1 1 
3.47175e+16 -5.92486e-07 -4.69882e-18 4.97118e+27 0.00025 1.795 17950 6.172e+14 462 4 1 1 
3.50261e+16 -2.94501e-06 -2.26494e-17 4.97118e+27 0.00025 1.795 17950 6.172e+14 463 4 1 1 
3.53347e+16 -1.41613e-05 -1.06043e-16 4.97118e+27 0.00025 1.795 17950 6.172e+14 464 4 1 1 
3.56433e+16 -6.61521e-05 -4.84036e-16 4.97118e+27 0.00025 1.795 17950 6.172e+14 465 4 1 1 
3.59519e+16 -0.000300103 -2.13504e-15 4.97118e+27 0.00025 1.795 17950 6.172e+14 466 4 1 1 
3.62605e+16 -0.00128714 -8.63149e-15 4.97118e+27 0.00025 1.795 17950 6.17199e+14 467 4 1 1 
3.65691e+16 -0.0043706 -2.03396e-14 4.97118e+27 0.00025 1.795 17950 6.17199e+14 468 3 1 1 
3.68777e+16 0.0118094 3.68945e-13 4.97118e+27 0.000249991 1.79491 17949.7 6.17222e+14 469 5 1 1 
3.71863e+16 0.248626 1.16404e-12 4.97118e+27 0.000249994 1.79493 17949.8 6.17216e+14 470 4 1 0.999968 
3.74949e+16 -1.21843 -2.65194e-11 4.97118e+27 0.000250714 1.80214 17970.5 6.15441e+14 471 4 1 0.998389 
3.78018e+16 -22.5309 -2.27145e-10 4.97118e+27 0.000256165 1.85773 18132 6.02346e+14 472 4 1 0.98504 
3.80977e+16 -117.065 -7.11659e-10 4.97118e+27 0.000276036 2.06925 18743.7 5.58986e+14 473 4 1 0.962512 
3.83637e+16 -304.223 -9.94465e-10 4.97118e+27 0.000317122 2.53501 19985.4 4.86563e+14 474 4 1 0.966054 
3.85891e+16 -485.346 -6.77907e-10 4.97118e+27 0.000368206 3.15261 21403.4 4.19059e+14 475 4 1 0.983662 
3.87852e+16 -584.559 -3.16832e-10 4.97118e+27 0.000409182 3.67019 22421.9 3.77094e+14 476 4 1 0.993848 
3.89668e+16 -633.024 -1.65916e-10 4.97118e+27 0.00043383 3.98778 22979 3.5567e+14 477 4 1 0.998289 
3.91411e+16 -656.958 -7.2245e-11 4.97118e+27 0.000447088 4.16057 23264.2 3.45122e+14 478 4 1 0.99965 
3.9312e+16 -666.967 -2.96305e-11 4.97118e+27 0.000453221 4.24104 23393.6 3.40452e+14 479 4 1 0.999945 
3.94815e+16 -670.901 -1.07276e-11 4.97118e+27 0.000455709 4.27394 23446.5 3.38594e+14 480 4 1 0.999993 
3.96506e+16 -672.297 -3.71381e-12 4.97118e+27 0.00045661 4.28611 23466.9 3.37925e+14 481 4 1 0.999999 
3.98194e+16 -672.772 -1.23225e-12 4.97118e+27 0.000456897 4.29029 23475.1 3.37713e+14 482 4 1 1 
3.99883e+16 -672.937 -4.19975e-13 4.97118e+27 0.000456965 4.29168 23479.3 3.37663e+14 483 3 1 1 
4.01571e+16 -672.998 -1.55641e-13 4.97118e+27 0.000456952 4.29214 23482.4 3.37672e+14 484 4 1 1 
4.03259e+16 -673.028 -6.47092e-14 4.97118e+27 0.000456906 4.29229 23485.6 3.37706e+14 485 4 1 1 
4.04948e+16 -673.046 -3.08414e-14 4.97118e+27 0.000456838 4.29233 23489.3 3.37756e+14 486 4 1 1 
4.06637e+16 -673.061 -1.42717e-14 4.97118e+27 0.00045675 4.29233 23493.9 3.37821e+14 487 4 1 1 
4.08326e+16 -673.074 -3.7462e-15 4.97118e+27 0.000456638 4.29231 23499.5 3.37905e+14 488 4 1 1 
4.10016e+16 -673.087 4.43072e-15 4.97118e+27 0.000456494 4.29226 23506.6 3.38011e+14 489 4 1 1 
4.11706e+16 -673.1 1.16223e-14 4.97118e+27 0.000456307 4.29217 23515.8 3.38149e+14 490 4 1 1 
4.13397e+16 -673.113 1.84567e-14 4.97118e+27 0.000456061 4.29204 23527.8 3.38332e+14 491 4 1 0.999999 
4.1509e+16 -673.127 2.53971e-14 4.97118e+27 0.000455727 4.2918 23543.7 3.3858e+14 492 4 1 0.999999 
4.16783e+16 -673.14 3.27521e-14 4.97118e+27 0.000455256 4.29139 23565.8 3.3893e+14 493 4 1 0.999997 
4.18479e+16 -673.155 4.06647e-14 4.97118e+27 0.00045456 4.29058 23597.5 3.39449e+14 494 4 1 0.999994 
4.20178e+16 -673.169 4.91442e-14 4.97118e+27 0.000453474 4.28925 23646.6 3.40262e+14 495 4 1 0.999986 
4.21882e+16 -673.185 5.81434e-14 4.97118e+27 0.000451853 4.28971 23734 3.41483e+14 496 4 1 0.999967 
4.23593e+16 -673.201 6.76819e-14 4.97118e+27 0.000450258 4.30648 23911.1 3.42692e+14 497 5 1 0.998658 
4.25309e+16 -673.218 7.78626e-14 4.97118e+27 0.000458878 4.50119 24522.8 3.36255e+14 498 4 1 0.993694 
4.26957e+16 -673.236 8.83549e-14 4.97118e+27 0.000481371 4.15659 21587.3 3.20543e+14 499 4 1 0.993699 
