# Time [s]: 0.176099
# Columns: pos [m], vel [m/s], acc [m/s^2], mass [kg], dens [kg/m^3], pres [Pa], ene [J/kg], sml [m], id, neighbor, alpha, gradh, ...additional?
1.38363 -0.673233 0.00264832 0.0025 0.506928 0.440316 2.17149 0.00986333 0 4 1 0.994706 
1.38845 -0.673249 0.00293103 0.0025 0.53102 0.411626 1.9379 0.00941584 1 4 1 0.999668 
1.39305 -0.673265 0.0032236 0.0025 0.54415 0.427102 1.96224 0.00918865 2 4 1 0.999987 
1.39763 -0.673283 0.00354641 0.0025 0.545776 0.428852 1.96442 0.00916127 3 4 1 0.999999 
1.40221 -0.673302 0.00390933 0.0025 0.546194 0.429105 1.96407 0.00915426 4 4 1 1 
1.40679 -0.673323 0.00431587 0.0025 0.546293 0.429158 1.96396 0.0091526 5 4 1 1 
1.41136 -0.673345 0.00476751 0.0025 0.546319 0.429158 1.96386 0.00915217 6 4 1 1 
1.41594 -0.67337 0.00526884 0.0025 0.546328 0.429147 1.96378 0.00915201 7 4 1 1 
1.42052 -0.673397 0.00583176 0.0025 0.546332 0.429133 1.9637 0.00915195 8 3 1 1 
1.42509 -0.673426 0.00647426 0.0025 0.546331 0.429117 1.96363 0.00915196 9 4 1 1 
1.42967 -0.673459 0.00721373 0.0025 0.546327 0.429099 1.96356 0.00915203 10 4 1 1 
1.43424 -0.673494 0.00806091 0.0025 0.546319 0.429079 1.9635 0.00915216 11 4 1 1 
1.43882 -0.673534 0.00902237 0.0025 0.546307 0.429056 1.96344 0.00915236 12 4 1 1 
1.4434 -0.673578 0.0101063 0.0025 0.546292 0.429031 1.96338 0.00915262 13 4 1 1 
1.44797 -0.673627 0.0113201 0.0025 0.546272 0.429003 1.96332 0.00915294 14 4 1 1 
1.45255 -0.673682 0.0126728 0.0025 0.546249 0.428971 1.96326 0.00915333 15 4 1 1 
1.45713 -0.673744 0.0141947 0.0025 0.546222 0.428935 1.96319 0.00915379 16 4 1 1 
1.4617 -0.673813 0.0159353 0.0025 0.54619 0.428896 1.96312 0.00915432 17 4 1 1 
1.46628 -0.67389 0.0179177 0.0025 0.546153 0.428851 1.96305 0.00915494 18 4 1 1 
1.47086 -0.673977 0.020147 0.0025 0.546111 0.4288 1.96297 0.00915565 19 4 1 1 
1.47544 -0.674074 0.0227098 0.0025 0.546062 0.428743 1.96288 0.00915646 20 4 1 1 
1.48001 -0.674185 0.0258041 0.0025 0.546006 0.428678 1.96279 0.0091574 21 4 1 1 
1.48459 -0.674311 0.0296809 0.0025 0.545941 0.428603 1.96268 0.0091585 22 4 1 1 
1.48917 -0.674458 0.0347252 0.0025 0.545863 0.428515 1.96256 0.0091598 23 4 1 1 
1.49375 -0.674633 0.0415119 0.0025 0.54577 0.42841 1.96241 0.00916137 24 4 1 1 
1.49833 -0.674844 0.0504662 0.0025 0.545656 0.428283 1.96224 0.00916328 25 4 1 1 
-0.497083 -0.675101 0.0616963 0.0025 0.545516 0.428127 1.96203 0.00916563 26 4 1 1 
-0.4925 -0.675418 0.0754526 0.0025 0.545345 0.427937 1.96177 0.00916851 27 4 1 1 
-0.487915 -0.675803 0.0916793 0.0025 0.545138 0.427708 1.96147 0.00917198 28 4 1 1 
-0.483328 -0.676257 0.108217 0.0025 0.544896 0.427441 1.96111 0.00917606 29 4 1 0.999999 
-0.478739 -0.676773 0.121004 0.0025 0.544626 0.427142 1.96071 0.00918062 30 4 1 0.999999 
-0.474147 -0.677327 0.126869 0.0025 0.544344 0.426831 1.9603 0.00918537 31 4 1 0.999999 
-0.469553 -0.67787 0.121665 0.0025 0.544078 0.426537 1.95991 0.00918987 32 4 1 0.999999 
-0.464957 -0.678335 0.104207 0.0025 0.543856 0.426292 1.95958 0.00919361 33 4 1 0.999999 
-0.46036 -0.67865 0.0424824 0.0025 0.543724 0.426147 1.95939 0.00919585 34 4 1 1 
-0.455762 -0.678845 0.113039 0.0025 0.54366 0.426072 1.95929 0.00919692 35 5 1 0.999996 
-0.451163 -0.678502 -0.43678 0.0025 0.544229 0.426689 1.96009 0.0091873 36 4 1 0.999921 
-0.446574 -0.673876 -1.67984 0.0025 0.54675 0.429455 1.96371 0.00914495 37 4 1 0.999714 
-0.442018 -0.663911 -2.8501 0.0025 0.551855 0.435081 1.97102 0.00906035 38 4 1 0.999482 
-0.437514 -0.649943 -3.64516 0.0025 0.559076 0.443075 1.9813 0.00894333 39 4 1 0.999331 
-0.433074 -0.63364 -4.06347 0.0025 0.567599 0.452563 1.99333 0.00880904 40 4 1 0.999293 
-0.428704 -0.616669 -4.13399 0.0025 0.576635 0.462684 2.00597 0.008671 41 4 1 0.999345 
-0.424402 -0.60024 -3.95696 0.0025 0.585552 0.472732 2.01832 0.00853896 42 4 1 0.99943 
-0.420164 -0.585036 -3.70002 0.0025 0.594007 0.482315 2.02992 0.00841741 43 4 1 0.999491 
-0.415985 -0.570793 -3.58372 0.0025 0.602055 0.491485 2.04087 0.00830489 44 4 1 0.999502 
-0.411859 -0.556838 -3.68182 0.0025 0.610042 0.500635 2.05165 0.00819616 45 4 1 0.999474 
-0.407788 -0.542424 -3.91794 0.0025 0.618322 0.510172 2.06274 0.0080864 46 4 1 0.999426 
-0.403772 -0.527298 -4.20146 0.0025 0.627089 0.520326 2.07439 0.00797335 47 4 1 0.999379 
-0.399814 -0.511396 -4.45656 0.0025 0.636364 0.531133 2.0866 0.00785713 48 4 1 0.999344 
-0.395915 -0.494961 -4.66279 0.0025 0.646069 0.542507 2.09927 0.00773911 49 4 1 0.999326 
-0.392075 -0.47823 -4.80359 0.0025 0.656085 0.554318 2.11223 0.00762096 50 4 1 0.99932 
-0.388293 -0.46135 -4.92085 0.0025 0.666314 0.566456 2.12534 0.00750396 51 4 1 0.999326 
-0.38457 -0.444478 -4.98508 0.0025 0.676676 0.578826 2.1385 0.00738906 52 4 1 0.999336 
-0.380904 -0.427664 -5.05255 0.0025 0.687116 0.591366 2.15163 0.0072768 53 4 1 0.999351 
-0.377293 -0.411018 -5.09267 0.0025 0.697604 0.604041 2.16471 0.00716739 54 4 1 0.999368 
-0.373736 -0.394531 -5.1295 0.0025 0.70811 0.616815 2.17769 0.00706105 55 4 1 0.999386 
-0.370231 -0.378243 -5.15621 0.0025 0.71862 0.629669 2.19056 0.00695778 56 4 1 0.999405 
-0.366778 -0.362157 -5.17107 0.0025 0.729113 0.642578 2.20329 0.00685765 57 4 1 0.999423 
-0.363373 -0.346275 -5.19821 0.0025 0.739589 0.65554 2.2159 0.00676051 58 4 1 0.99944 
-0.360017 -0.330627 -5.21806 0.0025 0.750051 0.668559 2.22838 0.00666621 59 4 1 0.999458 
-0.356707 -0.315162 -5.22639 0.0025 0.760485 0.681615 2.24073 0.00657475 60 4 1 0.999475 
-0.353442 -0.299929 -5.24865 0.0025 0.770892 0.694709 2.25294 0.00648599 61 4 1 0.999492 
-0.350221 -0.284879 -5.25399 0.0025 0.781271 0.707838 2.26503 0.00639983 62 4 1 0.999507 
-0.347042 -0.270031 -5.27457 0.0025 0.79162 0.720999 2.27698 0.00631616 63 4 1 0.999522 
-0.343904 -0.255408 -5.28086 0.0025 0.80194 0.734193 2.28881 0.00623488 64 4 1 0.999537 
-0.340807 -0.240952 -5.29181 0.0025 0.812226 0.747409 2.3005 0.00615592 65 4 1 0.999551 
-0.337748 -0.2267 -5.3004 0.0025 0.822478 0.760649 2.31207 0.00607919 66 4 1 0.999565 
-0.334727 -0.212637 -5.30434 0.0025 0.832692 0.773906 2.32351 0.00600462 67 4 1 0.999578 
-0.331743 -0.198756 -5.31614 0.0025 0.842871 0.787183 2.33483 0.00593211 68 4 1 0.99959 
-0.328795 -0.185067 -5.32489 0.0025 0.853019 0.800483 2.34603 0.00586154 69 4 1 0.999603 
-0.325881 -0.171559 -5.32265 0.0025 0.863126 0.813792 2.35711 0.0057929 70 4 1 0.999615 
-0.323002 -0.158209 -5.32864 0.0025 0.87319 0.827108 2.36807 0.00572613 71 4 1 0.999626 
-0.320155 -0.145052 -5.33301 0.0025 0.883217 0.840434 2.37891 0.00566112 72 4 1 0.999638 
-0.31734 -0.132059 -5.33013 0.0025 0.8932 0.853763 2.38962 0.00559785 73 4 1 0.999649 
-0.314557 -0.119242 -5.33363 0.0025 0.903139 0.867093 2.40022 0.00553625 74 4 1 0.99966 
-0.311804 -0.106628 -5.32406 0.0025 0.913029 0.880415 2.4107 0.00547627 75 4 1 0.99967 
-0.309081 -0.0941471 -5.32697 0.0025 0.92287 0.893728 2.42106 0.00541788 76 4 1 0.999679 
-0.306386 -0.0818081 -5.33839 0.0025 0.932666 0.907041 2.43131 0.00536097 77 4 1 0.999697 
-0.303719 -0.0697525 -5.20195 0.0025 0.942317 0.92021 2.44134 0.00530607 78 4 1 0.999718 
-0.30108 -0.0582103 -5.03297 0.0025 0.951723 0.93308 2.45105 0.00525363 79 4 1 0.999705 
-0.298466 -0.0466868 -5.44714 0.0025 0.961294 0.946229 2.46087 0.00520132 80 4 1 0.999672 
-0.295878 -0.03397 -6.08202 0.0025 0.971499 0.960376 2.47134 0.00514669 81 4 1 0.999752 
-0.293319 -0.0217663 -4.72695 0.0025 0.980947 0.973544 2.48097 0.00509712 82 4 1 0.999909 
-0.290781 -0.0146586 -1.87605 0.0025 0.987285 0.982255 2.48726 0.00506439 83 4 1 0.999895 
-0.288254 -0.00998052 -3.41542 0.0025 0.992854 0.989838 2.49273 0.00503599 84 4 1 0.999596 
-0.285745 0.00325159 -9.10657 0.0025 1.00364 1.00507 2.50368 0.00498186 85 4 1 0.999497 
-0.283272 0.0224945 -7.86626 0.0025 1.01743 1.02473 2.51758 0.00491434 86 4 1 0.999937 
-0.28083 0.031092 -1.02063 0.0025 1.02507 1.03547 2.52506 0.0048777 87 4 1 1 
-0.278395 0.0307313 0.679621 0.0025 1.02561 1.03609 2.52548 0.00487514 88 3 1 1 
-0.275955 0.0286701 1.12232 0.0025 1.02382 1.03353 2.5237 0.00488368 89 4 1 0.999992 
-0.273511 0.0259573 1.3848 0.0025 1.02142 1.03014 2.52132 0.00489515 90 4 1 0.999985 
-0.27106 0.0228336 1.55649 0.0025 1.01871 1.02631 2.51864 0.00490817 91 4 1 0.99998 
-0.268603 0.0195051 1.62462 0.0025 1.01587 1.0223 2.51582 0.00492187 92 4 1 0.999977 
-0.266138 0.0161746 1.59596 0.0025 1.01308 1.01836 2.51304 0.00493544 93 4 1 0.999977 
-0.263667 0.0130214 1.4853 0.0025 1.01047 1.01468 2.51044 0.0049482 94 4 1 0.99998 
-0.26119 0.0101816 1.31652 0.0025 1.00814 1.01141 2.50812 0.00495962 95 4 1 0.999983 
-0.258708 0.00773809 1.11626 0.0025 1.00616 1.00862 2.50614 0.0049694 96 4 1 0.999988 
-0.256221 0.00572149 0.908883 0.0025 1.00453 1.00634 2.50452 0.00497744 97 4 1 0.999992 
-0.25373 0.00411975 0.713087 0.0025 1.00325 1.00455 2.50324 0.00498379 98 4 1 0.999995 
-0.251237 0.00289153 0.540704 0.0025 1.00227 1.00318 2.50227 0.00498865 99 4 1 0.999997 
-0.248741 0.00197991 0.397231 0.0025 1.00155 1.00217 2.50155 0.00499225 100 4 1 0.999998 
-0.246245 0.00132351 0.283318 0.0025 1.00103 1.00144 2.50103 0.00499483 101 4 1 0.999999 
-0.243747 0.000864185 0.196493 0.0025 1.00067 1.00094 2.50067 0.00499663 102 4 1 1 
-0.241248 0.000551397 0.132676 0.0025 1.00043 1.0006 2.50043 0.00499786 103 4 1 1 
-0.238749 0.000343896 0.087299 0.0025 1.00027 1.00037 2.50027 0.00499867 104 4 1 1 
-0.236249 0.00020969 0.0560128 0.0025 1.00016 1.00023 2.50016 0.00499919 105 4 1 1 
-0.23375 0.000125016 0.0350621 0.0025 1.0001 1.00013 2.5001 0.00499952 106 4 1 1 
-0.23125 7.28818e-05 0.0214195 0.0025 1.00006 1.00008 2.50006 0.00499972 107 4 1 1 
-0.22875 4.15474e-05 0.0127734 0.0025 1.00003 1.00004 2.50003 0.00499984 108 4 1 1 
-0.22625 2.31596e-05 0.0074371 0.0025 1.00002 1.00002 2.50002 0.00499991 109 4 1 1 
-0.22375 1.2623e-05 0.00422808 0.0025 1.00001 1.00001 2.50001 0.00499995 110 4 1 1 
-0.22125 6.72676e-06 0.00234721 0.0025 1.00001 1.00001 2.50001 0.00499997 111 4 1 1 
-0.21875 3.50448e-06 0.00127245 0.0025 1 1 2.5 0.00499999 112 4 1 1 
-0.21625 1.78471e-06 0.000673607 0.0025 1 1 2.5 0.00499999 113 4 1 1 
-0.21375 8.88348e-07 0.000348203 0.0025 1 1 2.5 0.005 114 4 1 1 
-0.21125 4.32118e-07 0.000175747 0.0025 1 1 2.5 0.005 115 4 1 1 
-0.20875 2.05376e-07 8.66036e-05 0.0025 1 1 2.5 0.005 116 4 1 1 
-0.20625 9.53544e-08 4.166e-05 0.0025 1 1 2.5 0.005 117 4 1 1 
-0.20375 4.32389e-08 1.95601e-05 0.0025 1 1 2.5 0.005 118 4 1 1 
-0.20125 1.91443e-08 8.96212e-06 0.0025 1 1 2.5 0.005 119 4 1 1 
-0.19875 8.2739e-09 4.00626e-06 0.0025 1 1 2.5 0.005 120 4 1 1 
-0.19625 3.4893e-09 1.7468e-06 0.0025 1 1 2.5 0.005 121 4 1 1 
-0.19375 1.43537e-09 7.42658e-07 0.0025 1 1 2.5 0.005 122 4 1 1 
-0.19125 5.75699e-10 3.07759e-07 0.0025 1 1 2.5 0.005 123 4 1 1 
-0.18875 2.2502e-10 1.24279e-07 0.0025 1 1 2.5 0.005 124 4 1 1 
-0.18625 8.56796e-11 4.88534e-08 0.0025 1 1 2.5 0.005 125 4 1 1 
-0.18375 3.17378e-11 1.87054e-08 0.0025 1 1 2.5 0.005 126 4 1 1 
-0.18125 1.14438e-11 6.96099e-09 0.0025 1 1 2.5 0.005 127 4 1 1 
-0.17875 4.01111e-12 2.51185e-09 0.0025 1 1 2.5 0.005 128 4 1 1 
-0.17625 1.36995e-12 8.96989e-10 0.0025 1 1 2.5 0.005 129 4 1 1 
-0.17375 4.45385e-13 2.90129e-10 0.0025 1 1 2.5 0.005 130 4 1 1 
-0.17125 1.42003e-13 1.13516e-10 0.0025 1 1 2.5 0.005 131 4 1 1 
-0.16875 4.21213e-14 2.42153e-11 0.0025 1 1 2.5 0.005 132 4 1 1 
-0.16625 6.74798e-15 1.39266e-11 0.0025 1 1 2.5 0.005 133 4 1 1 
-0.16375 2.6153e-16 -1.7053e-13 0.0025 1 1 2.5 0.005 134 5 1 1 
-0.16125 1.74377e-17 5.68434e-14 0.0025 1 1 2.5 0.005 135 5 1 1 
-0.15875 3.43898e-48 1.12104e-44 0.0025 1 1 2.5 0.005 136 5 1 1 
-0.15625 0 0 0.0025 1 1 2.5 0.005 137 5 1 1 
-0.15375 0 0 0.0025 1 1 2.5 0.005 138 5 1 1 
-0.15125 0 0 0.0025 1 1 2.5 0.005 139 5 1 1 
-0.14875 0 0 0.0025 1 1 2.5 0.005 140 5 1 1 
-0.14625 0 0 0.0025 1 1 2.5 0.005 141 5 1 1 
-0.14375 0 0 0.0025 1 1 2.5 0.005 142 5 1 1 
-0.14125 0 0 0.0025 1 1 2.5 0.005 143 5 1 1 
-0.13875 0 0 0.0025 1 1 2.5 0.005 144 5 1 1 
-0.13625 0 0 0.0025 1 1 2.5 0.005 145 5 1 1 
-0.13375 0 0 0.0025 1 1 2.5 0.005 146 5 1 1 
-0.13125 0 0 0.0025 1 1 2.5 0.005 147 5 1 1 
-0.12875 0 0 0.0025 1 1 2.5 0.005 148 5 1 1 
-0.12625 0 0 0.0025 1 1 2.5 0.005 149 5 1 1 
-0.12375 0 0 0.0025 1 1 2.5 0.005 150 5 1 1 
-0.12125 0 0 0.0025 1 1 2.5 0.005 151 5 1 1 
-0.11875 0 0 0.0025 1 1 2.5 0.005 152 5 1 1 
-0.11625 0 0 0.0025 1 1 2.5 0.005 153 5 1 1 
-0.11375 0 0 0.0025 1 1 2.5 0.005 154 5 1 1 
-0.11125 0 0 0.0025 1 1 2.5 0.005 155 5 1 1 
-0.10875 0 0 0.0025 1 1 2.5 0.005 156 5 1 1 
-0.10625 0 0 0.0025 1 1 2.5 0.005 157 5 1 1 
-0.10375 0 0 0.0025 1 1 2.5 0.005 158 5 1 1 
-0.10125 0 0 0.0025 1 1 2.5 0.005 159 5 1 1 
-0.09875 0 0 0.0025 1 1 2.5 0.005 160 5 1 1 
-0.09625 0 0 0.0025 1 1 2.5 0.005 161 5 1 1 
-0.09375 0 0 0.0025 1 1 2.5 0.005 162 5 1 1 
-0.09125 0 0 0.0025 1 1 2.5 0.005 163 5 1 1 
-0.08875 0 0 0.0025 1 1 2.5 0.005 164 5 1 1 
-0.08625 0 0 0.0025 1 1 2.5 0.005 165 5 1 1 
-0.08375 0 0 0.0025 1 1 2.5 0.005 166 5 1 1 
-0.08125 0 0 0.0025 1 1 2.5 0.005 167 5 1 1 
-0.07875 0 0 0.0025 1 1 2.5 0.005 168 5 1 1 
-0.07625 0 0 0.0025 1 1 2.5 0.005 169 5 1 1 
-0.07375 0 0 0.0025 1 1 2.5 0.005 170 5 1 1 
-0.07125 0 0 0.0025 1 1 2.5 0.005 171 5 1 1 
-0.06875 0 0 0.0025 1 1 2.5 0.005 172 5 1 1 
-0.06625 -4.01522e-46 -1.12104e-44 0.0025 1 1 2.5 0.005 173 5 1 1 
-0.06375 -1.39071e-16 -1.12104e-44 0.0025 1 1 2.5 0.005 174 5 1 1 
-0.06125 -2.60034e-16 -5.68434e-14 0.0025 1 1 2.5 0.005 175 5 1 1 
-0.05875 -3.97826e-16 5.68434e-14 0.0025 1 1 2.5 0.005 176 5 1 1 
-0.05625 -5.34877e-16 -5.68434e-14 0.0025 1 1 2.5 0.005 177 5 1 1 
-0.05375 -6.71089e-16 5.68434e-14 0.0025 1 1 2.5 0.005 178 5 1 1 
-0.05125 -8.40519e-16 -5.68434e-14 0.0025 1 1 2.5 0.005 179 5 1 1 
-0.04875 -1.02585e-15 -5.60519e-44 0.0025 1 1 2.5 0.005 180 5 1 1 
-0.04625 -1.34886e-15 -1.7053e-13 0.0025 1 1 2.5 0.005 181 5 1 1 
-0.04375 -1.91296e-15 -2.27374e-13 0.0025 1 1 2.5 0.005 182 5 1 1 
-0.04125 -5.00011e-15 -1.02318e-12 0.0025 1 1 2.5 0.005 183 3 1 1 
-0.03875 -1.45006e-15 2.50111e-12 0.0025 1 1 2.5 0.005 184 3 1 1 
-0.03625 2.62791e-15 -6.82121e-13 0.0025 1 1 2.5 0.005 185 5 1 1 
-0.03375 -2.73338e-15 -6.82121e-13 0.0025 1 1 2.5 0.005 186 4 1 1 
-0.03125 -1.8949e-15 5.11591e-13 0.0025 1 1 2.5 0.005 187 3 1 1 
-0.02875 -1.21642e-15 -1.7053e-13 0.0025 1 1 2.5 0.005 188 4 1 1 
-0.02625 -1.50582e-15 -1.13687e-13 0.0025 1 1 2.5 0.005 189 4 1 1 
-0.02375 -2.82762e-15 -1.13687e-13 0.0025 1 1 2.5 0.005 190 3 1 1 
-0.02125 -1.20858e-15 -1.13687e-13 0.0025 1 1 2.5 0.005 191 3 1 1 
-0.01875 -1.1503e-15 7.95808e-13 0.0025 1 1 2.5 0.005 192 4 1 1 
-0.01625 -6.84208e-16 -4.54747e-13 0.0025 1 1 2.5 0.005 193 5 1 1 
-0.01375 -9.13541e-16 -3.9443e-29 0.0025 1 1 2.5 0.005 194 4 1 1 
-0.01125 -9.62845e-16 1.13687e-13 0.0025 1 1 2.5 0.005 195 5 1 1 
-0.00875 -1.27955e-15 -2.27374e-13 0.0025 1 1 2.5 0.005 196 4 1 1 
-0.00625 -3.19136e-16 5.68434e-14 0.0025 1 1 2.5 0.005 197 3 1 1 
-0.00375 -5.55649e-16 2.27374e-13 0.0025 1 1 2.5 0.005 198 5 1 1 
-0.00125 -6.08263e-16 -1.7053e-13 0.0025 1 1 2.5 0.005 199 4 1 1 
0.00125 8.35712e-18 3.9443e-29 0.0025 1 1 2.5 0.005 200 4 1 1 
0.00375 -5.4156e-16 1.13687e-13 0.0025 1 1 2.5 0.005 201 3 1 1 
0.00625 -1.06429e-16 1.13687e-13 0.0025 1 1 2.5 0.005 202 4 1 1 
0.00875 8.03295e-16 -2.84217e-13 0.0025 1 1 2.5 0.005 203 5 1 1 
0.01125 5.69121e-16 5.68434e-14 0.0025 1 1 2.5 0.005 204 5 1 1 
0.01375 5.54323e-16 1.12104e-44 0.0025 1 1 2.5 0.005 205 5 1 1 
0.01625 3.51859e-16 2.24208e-44 0.0025 1 1 2.5 0.005 206 5 1 1 
0.01875 2.76639e-15 1.13687e-13 0.0025 1 1 2.5 0.005 207 5 1 1 
0.02125 2.23372e-15 -5.52203e-28 0.0025 1 1 2.5 0.005 208 5 1 1 
0.02375 8.95442e-16 -1.13687e-13 0.0025 1 1 2.5 0.005 209 4 1 1 
0.02625 2.56984e-15 2.76101e-28 0.0025 1 1 2.5 0.005 210 3 1 1 
0.02875 2.58001e-16 1.13687e-13 0.0025 1 1 2.5 0.005 211 3 1 1 
0.03125 1.03584e-15 -1.13687e-13 0.0025 1 1 2.5 0.005 212 4 1 1 
0.03375 1.2701e-16 5.52203e-28 0.0025 1 1 2.5 0.005 213 5 1 1 
0.03625 2.09434e-15 -3.9443e-29 0.0025 1 1 2.5 0.005 214 5 1 1 
0.03875 1.67134e-15 -4.48416e-44 0.0025 1 1 2.5 0.005 215 5 1 1 
0.04125 1.16856e-15 2.24208e-44 0.0025 1 1 2.5 0.005 216 5 1 1 
0.04375 1.00879e-15 2.24208e-44 0.0025 1 1 2.5 0.005 217 5 1 1 
0.04625 8.8246e-16 1.12104e-44 0.0025 1 1 2.5 0.005 218 5 1 1 
0.04875 1.02565e-15 -6.72623e-44 0.0025 1 1 2.5 0.005 219 5 1 1 
0.05125 6.51402e-16 -1.13687e-13 0.0025 1 1 2.5 0.005 220 5 1 1 
0.05375 -4.11542e-16 -1.7053e-13 0.0025 1 1 2.5 0.005 221 5 1 1 
0.05625 -1.55734e-15 -3.97904e-13 0.0025 1 1 2.5 0.005 222 5 1 1 
0.05875 2.38539e-16 3.41061e-13 0.0025 1 1 2.5 0.005 223 5 1 1 
0.06125 -4.53281e-15 5.68434e-13 0.0025 1 1 2.5 0.005 224 3 1 1 
0.06375 4.90921e-15 -4.54747e-13 0.0025 1 1 2.5 0.005 225 3 1 1 
0.06625 2.48978e-15 -5.11591e-13 0.0025 1 1 2.5 0.005 226 5 1 1 
0.06875 4.09478e-15 2.84217e-13 0.0025 1 1 2.5 0.005 227 5 1 1 
0.07125 2.07374e-15 1.7053e-13 0.0025 1 1 2.5 0.005 228 5 1 1 
0.07375 1.01081e-15 1.13687e-13 0.0025 1 1 2.5 0.005 229 5 1 1 
0.07625 3.83485e-16 1.13687e-13 0.0025 1 1 2.5 0.005 230 5 1 1 
0.07875 8.71647e-17 5.68434e-14 0.0025 1 1 2.5 0.005 231 5 1 1 
0.08125 2.40675e-47 1.12104e-44 0.0025 1 1 2.5 0.005 232 5 1 1 
0.08375 0 0 0.0025 1 1 2.5 0.005 233 5 1 1 
0.08625 0 0 0.0025 1 1 2.5 0.005 234 5 1 1 
0.08875 0 0 0.0025 1 1 2.5 0.005 235 5 1 1 
0.09125 0 0 0.0025 1 1 2.5 0.005 236 5 1 1 
0.09375 -1.56743e-45 -1.12104e-44 0.0025 1 1 2.5 0.005 237 5 1 1 
0.09625 -1.69188e-16 0 0.0025 1 1 2.5 0.005 238 5 1 1 
0.09875 -3.37357e-16 1.12104e-44 0.0025 1 1 2.5 0.005 239 5 1 1 
0.10125 1.58941e-15 0 0.0025 1 1 2.5 0.005 240 5 1 1 
0.10375 1.42405e-15 4.48416e-44 0.0025 1 1 2.5 0.005 241 5 1 1 
0.10625 2.42142e-15 -1.56945e-43 0.0025 1 1 2.5 0.005 242 5 1 1 
0.10875 7.94186e-16 8.96831e-44 0.0025 1 1 2.5 0.005 243 5 1 1 
0.11125 6.68664e-16 -5.68434e-14 0.0025 1 1 2.5 0.005 244 5 1 1 
0.11375 -1.52839e-15 3.36312e-43 0.0025 1 1 2.5 0.005 245 5 1 1 
0.11625 2.4089e-15 5.68434e-14 0.0025 1 1 2.5 0.005 246 5 1 1 
0.11875 -3.29694e-16 -5.68434e-14 0.0025 1 1 2.5 0.005 247 5 1 1 
0.12125 -2.09243e-17 -7.14905e-27 0.0025 1 1 2.5 0.005 248 5 1 1 
0.12375 -3.1251e-15 -7.18849e-27 0.0025 1 1 2.5 0.005 249 4 1 1 
0.12625 3.1251e-15 7.18849e-27 0.0025 1 1 2.5 0.005 250 4 1 1 
0.12875 2.09243e-17 7.14905e-27 0.0025 1 1 2.5 0.005 251 5 1 1 
0.13125 3.29694e-16 5.68434e-14 0.0025 1 1 2.5 0.005 252 5 1 1 
0.13375 -2.4089e-15 -5.68434e-14 0.0025 1 1 2.5 0.005 253 5 1 1 
0.13625 1.52839e-15 -3.36312e-43 0.0025 1 1 2.5 0.005 254 5 1 1 
0.13875 -6.68664e-16 5.68434e-14 0.0025 1 1 2.5 0.005 255 5 1 1 
0.14125 -7.94186e-16 -8.96831e-44 0.0025 1 1 2.5 0.005 256 5 1 1 
0.14375 -2.42142e-15 1.56945e-43 0.0025 1 1 2.5 0.005 257 5 1 1 
0.14625 -1.42405e-15 -4.48416e-44 0.0025 1 1 2.5 0.005 258 5 1 1 
0.14875 -1.58941e-15 0 0.0025 1 1 2.5 0.005 259 5 1 1 
0.15125 3.37357e-16 -1.12104e-44 0.0025 1 1 2.5 0.005 260 5 1 1 
0.15375 1.69188e-16 0 0.0025 1 1 2.5 0.005 261 5 1 1 
0.15625 1.56743e-45 1.12104e-44 0.0025 1 1 2.5 0.005 262 5 1 1 
0.15875 -3.43898e-48 -1.12104e-44 0.0025 1 1 2.5 0.005 263 5 1 1 
0.16125 -1.74377e-17 -5.68434e-14 0.0025 1 1 2.5 0.005 264 5 1 1 
0.16375 -2.6153e-16 1.7053e-13 0.0025 1 1 2.5 0.005 265 5 1 1 
0.16625 -6.71311e-15 -1.39266e-11 0.0025 1 1 2.5 0.005 266 4 1 1 
0.16875 -4.19993e-14 -2.41585e-11 0.0025 1 1 2.5 0.005 267 4 1 1 
0.17125 -1.41776e-13 -1.13232e-10 0.0025 1 1 2.5 0.005 268 4 1 1 
0.17375 -4.44426e-13 -2.89845e-10 0.0025 1 1 2.5 0.005 269 4 1 1 
0.17625 -1.36826e-12 -8.97046e-10 0.0025 1 1 2.5 0.005 270 4 1 1 
0.17875 -4.0036e-12 -2.50202e-09 0.0025 1 1 2.5 0.005 271 4 1 1 
0.18125 -1.14337e-11 -6.97696e-09 0.0025 1 1 2.5 0.005 272 4 1 1 
0.18375 -3.17351e-11 -1.86895e-08 0.0025 1 1 2.5 0.005 273 4 1 1 
0.18625 -8.56791e-11 -4.88781e-08 0.0025 1 1 2.5 0.005 274 4 1 1 
0.18875 -2.25023e-10 -1.24257e-07 0.0025 1 1 2.5 0.005 275 4 1 1 
0.19125 -5.75706e-10 -3.07769e-07 0.0025 1 1 2.5 0.005 276 4 1 1 
0.19375 -1.43537e-09 -7.42656e-07 0.0025 1 1 2.5 0.005 277 4 1 1 
0.19625 -3.4893e-09 -1.7468e-06 0.0025 1 1 2.5 0.005 278 4 1 1 
0.19875 -8.27389e-09 -4.00626e-06 0.0025 1 1 2.5 0.005 279 4 1 1 
0.20125 -1.91443e-08 -8.96214e-06 0.0025 1 1 2.5 0.005 280 4 1 1 
0.20375 -4.32389e-08 -1.95601e-05 0.0025 1 1 2.5 0.005 281 4 1 1 
0.20625 -9.53544e-08 -4.166e-05 0.0025 1 1 2.5 0.005 282 4 1 1 
0.20875 -2.05376e-07 -8.66036e-05 0.0025 1 1 2.5 0.005 283 4 1 1 
0.21125 -4.32118e-07 -0.000175747 0.0025 1 1 2.5 0.005 284 4 1 1 
0.21375 -8.88348e-07 -0.000348203 0.0025 1 1 2.5 0.005 285 4 1 1 
0.21625 -1.78471e-06 -0.000673607 0.0025 1 1 2.5 0.00499999 286 4 1 1 
0.21875 -3.50448e-06 -0.00127245 0.0025 1 1 2.5 0.00499999 287 4 1 1 
0.22125 -6.72676e-06 -0.00234721 0.0025 1.00001 1.00001 2.50001 0.00499997 288 4 1 1 
0.22375 -1.2623e-05 -0.00422808 0.0025 1.00001 1.00001 2.50001 0.00499995 289 4 1 1 
0.22625 -2.31596e-05 -0.0074371 0.0025 1.00002 1.00002 2.50002 0.00499991 290 4 1 1 
0.22875 -4.15474e-05 -0.0127734 0.0025 1.00003 1.00004 2.50003 0.00499984 291 4 1 1 
0.23125 -7.28818e-05 -0.0214195 0.0025 1.00006 1.00008 2.50006 0.00499972 292 4 1 1 
0.23375 -0.000125016 -0.0350621 0.0025 1.0001 1.00013 2.5001 0.00499952 293 4 1 1 
0.236249 -0.00020969 -0.0560128 0.0025 1.00016 1.00023 2.50016 0.00499919 294 4 1 1 
0.238749 -0.000343896 -0.087299 0.0025 1.00027 1.00037 2.50027 0.00499867 295 4 1 1 
0.241248 -0.000551397 -0.132676 0.0025 1.00043 1.0006 2.50043 0.00499786 296 4 1 1 
0.243747 -0.000864185 -0.196493 0.0025 1.00067 1.00094 2.50067 0.00499663 297 4 1 1 
0.246245 -0.00132351 -0.283318 0.0025 1.00103 1.00144 2.50103 0.00499483 298 4 1 0.999999 
0.248741 -0.00197991 -0.397231 0.0025 1.00155 1.00217 2.50155 0.00499225 299 4 1 0.999998 
0.251237 -0.00289153 -0.540704 0.0025 1.00227 1.00318 2.50227 0.00498865 300 4 1 0.999997 
0.25373 -0.00411975 -0.713087 0.0025 1.00325 1.00455 2.50324 0.00498379 301 4 1 0.999995 
0.256221 -0.00572149 -0.908883 0.0025 1.00453 1.00634 2.50452 0.00497744 302 4 1 0.999992 
0.258708 -0.00773809 -1.11626 0.0025 1.00616 1.00862 2.50614 0.0049694 303 4 1 0.999988 
0.26119 -0.0101816 -1.31652 0.0025 1.00814 1.01141 2.50812 0.00495962 304 4 1 0.999983 
0.263667 -0.0130214 -1.4853 0.0025 1.01047 1.01468 2.51044 0.0049482 305 4 1 0.99998 
0.266138 -0.0161746 -1.59596 0.0025 1.01308 1.01836 2.51304 0.00493544 306 4 1 0.999977 
0.268603 -0.0195051 -1.62462 0.0025 1.01587 1.0223 2.51582 0.00492187 307 4 1 0.999977 
0.27106 -0.0228336 -1.55649 0.0025 1.01871 1.02631 2.51864 0.00490817 308 4 1 0.99998 
0.273511 -0.0259573 -1.3848 0.0025 1.02142 1.03014 2.52132 0.00489515 309 4 1 0.999985 
0.275955 -0.0286701 -1.12232 0.0025 1.02382 1.03353 2.5237 0.00488368 310 4 1 0.999992 
0.278395 -0.0307313 -0.679621 0.0025 1.02561 1.03609 2.52548 0.00487514 311 3 1 1 
0.28083 -0.031092 1.02063 0.0025 1.02507 1.03547 2.52506 0.0048777 312 4 1 1 
0.283272 -0.0224945 7.86626 0.0025 1.01743 1.02473 2.51758 0.00491434 313 4 1 0.999937 
0.285745 -0.00325159 9.10657 0.0025 1.00364 1.00507 2.50368 0.00498186 314 4 1 0.999497 
0.288254 0.00998052 3.41542 0.0025 0.992854 0.989838 2.49273 0.00503599 315 4 1 0.999596 
0.290781 0.0146586 1.87605 0.0025 0.987285 0.982255 2.48726 0.00506439 316 4 1 0.999895 
0.293319 0.0217663 4.72695 0.0025 0.980947 0.973544 2.48097 0.00509712 317 4 1 0.999909 
0.295878 0.03397 6.08202 0.0025 0.971499 0.960376 2.47134 0.00514669 318 4 1 0.999752 
0.298466 0.0466868 5.44714 0.0025 0.961294 0.946229 2.46087 0.00520132 319 4 1 0.999672 
0.30108 0.0582103 5.03297 0.0025 0.951723 0.93308 2.45105 0.00525363 320 4 1 0.999705 
0.303719 0.0697525 5.20195 0.0025 0.942317 0.92021 2.44134 0.00530607 321 4 1 0.999718 
0.306386 0.0818081 5.33839 0.0025 0.932666 0.907041 2.43131 0.00536097 322 4 1 0.999697 
0.309081 0.0941471 5.32697 0.0025 0.92287 0.893728 2.42106 0.00541788 323 4 1 0.999679 
0.311804 0.106628 5.32406 0.0025 0.913029 0.880415 2.4107 0.00547627 324 4 1 0.99967 
0.314557 0.119242 5.33363 0.0025 0.903139 0.867093 2.40022 0.00553625 325 4 1 0.99966 
0.31734 0.132059 5.33013 0.0025 0.8932 0.853763 2.38962 0.00559785 326 4 1 0.999649 
0.320155 0.145052 5.33301 0.0025 0.883217 0.840434 2.37891 0.00566112 327 4 1 0.999638 
0.323002 0.158209 5.32864 0.0025 0.87319 0.827108 2.36807 0.00572613 328 4 1 0.999626 
0.325881 0.171559 5.32265 0.0025 0.863126 0.813792 2.35711 0.0057929 329 4 1 0.999615 
0.328795 0.185067 5.32489 0.0025 0.853019 0.800483 2.34603 0.00586154 330 4 1 0.999603 
0.331743 0.198756 5.31614 0.0025 0.842871 0.787183 2.33483 0.00593211 331 4 1 0.99959 
0.334727 0.212637 5.30434 0.0025 0.832692 0.773906 2.32351 0.00600462 332 4 1 0.999578 
0.337748 0.2267 5.3004 0.0025 0.822478 0.760649 2.31207 0.00607919 333 4 1 0.999565 
0.340807 0.240952 5.29181 0.0025 0.812226 0.747409 2.3005 0.00615592 334 4 1 0.999551 
0.343904 0.255408 5.28086 0.0025 0.80194 0.734193 2.28881 0.00623488 335 4 1 0.999537 
0.347042 0.270031 5.27457 0.0025 0.79162 0.720999 2.27698 0.00631616 336 4 1 0.999522 
0.350221 0.284879 5.25399 0.0025 0.781271 0.707838 2.26503 0.00639983 337 4 1 0.999507 
0.353442 0.299929 5.24865 0.0025 0.770892 0.694709 2.25294 0.00648599 338 4 1 0.999492 
0.356707 0.315162 5.22639 0.0025 0.760485 0.681615 2.24073 0.00657475 339 4 1 0.999475 
0.360017 0.330627 5.21806 0.0025 0.750051 0.668559 2.22838 0.00666621 340 4 1 0.999458 
0.363373 0.346275 5.19821 0.0025 0.739589 0.65554 2.2159 0.00676051 341 4 1 0.99944 
0.366778 0.362157 5.17107 0.0025 0.729113 0.642578 2.20329 0.00685765 342 4 1 0.999423 
0.370231 0.378243 5.15621 0.0025 0.71862 0.629669 2.19056 0.00695778 343 4 1 0.999405 
0.373736 0.394531 5.1295 0.0025 0.70811 0.616815 2.17769 0.00706105 344 4 1 0.999386 
0.377293 0.411018 5.09267 0.0025 0.697604 0.604041 2.16471 0.00716739 345 4 1 0.999368 
0.380904 0.427664 5.05255 0.0025 0.687116 0.591366 2.15163 0.0072768 346 4 1 0.999351 
0.38457 0.444478 4.98508 0.0025 0.676676 0.578826 2.1385 0.00738906 347 4 1 0.999336 
0.388293 0.46135 4.92085 0.0025 0.666314 0.566456 2.12534 0.00750396 348 4 1 0.999326 
0.392075 0.47823 4.80359 0.0025 0.656085 0.554318 2.11223 0.00762096 349 4 1 0.99932 
0.395915 0.494961 4.66279 0.0025 0.646069 0.542507 2.09927 0.00773911 350 4 1 0.999326 
0.399814 0.511396 4.45656 0.0025 0.636364 0.531133 2.0866 0.00785713 351 4 1 0.999344 
0.403772 0.527298 4.20146 0.0025 0.627089 0.520326 2.07439 0.00797335 352 4 1 0.999379 
0.407788 0.542424 3.91794 0.0025 0.618322 0.510172 2.06274 0.0080864 353 4 1 0.999426 
0.411859 0.556838 3.68182 0.0025 0.610042 0.500635 2.05165 0.00819616 354 4 1 0.999474 
0.415985 0.570793 3.58372 0.0025 0.602055 0.491485 2.04087 0.00830489 355 4 1 0.999502 
0.420164 0.585036 3.70002 0.0025 0.594007 0.482315 2.02992 0.00841741 356 4 1 0.999491 
0.424402 0.60024 3.95696 0.0025 0.585552 0.472732 2.01832 0.00853896 357 4 1 0.99943 
0.428704 0.616669 4.13399 0.0025 0.576635 0.462684 2.00597 0.008671 358 4 1 0.999345 
0.433074 0.63364 4.06347 0.0025 0.567599 0.452563 1.99333 0.00880904 359 4 1 0.999293 
0.437514 0.649943 3.64516 0.0025 0.559076 0.443075 1.9813 0.00894333 360 4 1 0.999331 
0.442018 0.663911 2.8501 0.0025 0.551855 0.435081 1.97102 0.00906035 361 4 1 0.999482 
0.446574 0.673876 1.67984 0.0025 0.54675 0.429455 1.96371 0.00914495 362 4 1 0.999714 
0.451163 0.678502 0.43678 0.0025 0.544229 0.426689 1.96009 0.0091873 363 4 1 0.999921 
0.455762 0.678845 -0.113039 0.0025 0.54366 0.426072 1.95929 0.00919692 364 5 1 0.999996 
0.46036 0.67865 -0.0424824 0.0025 0.543724 0.426147 1.95939 0.00919585 365 4 1 1 
0.464957 0.678335 -0.104207 0.0025 0.543856 0.426292 1.95958 0.00919361 366 4 1 0.999999 
0.469553 0.67787 -0.121665 0.0025 0.544078 0.426537 1.95991 0.00918987 367 4 1 0.999999 
0.474147 0.677327 -0.126869 0.0025 0.544344 0.426831 1.9603 0.00918537 368 4 1 0.999999 
0.478739 0.676773 -0.121004 0.0025 0.544626 0.427142 1.96071 0.00918062 369 4 1 0.999999 
0.483328 0.676257 -0.108217 0.0025 0.544896 0.427441 1.96111 0.00917606 370 4 1 0.999999 
0.487915 0.675803 -0.0916793 0.0025 0.545138 0.427708 1.96147 0.00917198 371 4 1 1 
0.4925 0.675418 -0.0754526 0.0025 0.545345 0.427937 1.96177 0.00916851 372 4 1 1 
0.497083 0.675101 -0.0616963 0.0025 0.545516 0.428127 1.96203 0.00916563 373 4 1 1 
0.501666 0.674844 -0.0504662 0.0025 0.545656 0.428283 1.96224 0.00916328 374 4 1 1 
0.506247 0.674633 -0.0415119 0.0025 0.54577 0.42841 1.96241 0.00916137 375 4 1 1 
0.510827 0.674458 -0.0347252 0.0025 0.545863 0.428515 1.96256 0.0091598 376 4 1 1 
0.515406 0.674311 -0.0296809 0.0025 0.545941 0.428603 1.96268 0.0091585 377 4 1 1 
0.519985 0.674185 -0.0258041 0.0025 0.546006 0.428678 1.96279 0.0091574 378 4 1 1 
0.524564 0.674074 -0.0227098 0.0025 0.546062 0.428743 1.96288 0.00915646 379 4 1 1 
0.529142 0.673977 -0.020147 0.0025 0.546111 0.4288 1.96297 0.00915565 380 4 1 1 
0.533719 0.67389 -0.0179177 0.0025 0.546153 0.428851 1.96305 0.00915494 381 4 1 1 
0.538297 0.673813 -0.0159353 0.0025 0.54619 0.428896 1.96312 0.00915432 382 4 1 1 
0.542874 0.673744 -0.0141947 0.0025 0.546222 0.428935 1.96319 0.00915379 383 4 1 1 
0.547451 0.673682 -0.0126728 0.0025 0.546249 0.428971 1.96326 0.00915333 384 4 1 1 
0.552027 0.673627 -0.0113201 0.0025 0.546272 0.429003 1.96332 0.00915294 385 4 1 1 
0.556604 0.673578 -0.0101063 0.0025 0.546292 0.429031 1.96338 0.00915262 386 4 1 1 
0.56118 0.673534 -0.00902237 0.0025 0.546307 0.429056 1.96344 0.00915236 387 4 1 1 
0.565756 0.673494 -0.00806091 0.0025 0.546319 0.429079 1.9635 0.00915216 388 4 1 1 
0.570332 0.673459 -0.00721373 0.0025 0.546327 0.429099 1.96356 0.00915203 389 4 1 1 
0.574908 0.673426 -0.00647426 0.0025 0.546331 0.429117 1.96363 0.00915196 390 4 1 1 
0.579484 0.673397 -0.00583176 0.0025 0.546332 0.429133 1.9637 0.00915195 391 3 1 1 
0.58406 0.67337 -0.00526884 0.0025 0.546328 0.429147 1.96378 0.00915201 392 4 1 1 
0.588636 0.673345 -0.00476751 0.0025 0.546319 0.429158 1.96386 0.00915217 393 4 1 1 
0.593212 0.673323 -0.00431587 0.0025 0.546293 0.429158 1.96396 0.0091526 394 4 1 1 
0.597788 0.673302 -0.00390933 0.0025 0.546194 0.429105 1.96407 0.00915426 395 4 1 1 
0.602366 0.673283 -0.00354641 0.0025 0.545776 0.428852 1.96442 0.00916127 396 4 1 0.999999 
0.60695 0.673265 -0.0032236 0.0025 0.54415 0.427102 1.96224 0.00918865 397 4 1 0.999987 
0.611555 0.673249 -0.00293103 0.0025 0.53102 0.411626 1.9379 0.00941584 398 4 1 0.999668 
0.61637 0.673233 -0.00264832 0.0025 0.506928 0.440316 2.17149 0.00986333 399 4 1 0.994706 
0.621425 0.673217 -0.00236995 0.0025 0.481383 0.415673 2.15875 0.0103868 400 4 1 0.993699 
0.626767 0.673202 -0.0020937 0.0025 0.458888 0.450133 2.45231 0.0108959 401 4 1 0.993694 
0.632327 0.673187 -0.0018246 0.0025 0.450268 0.43066 2.39113 0.0111045 402 5 1 0.998658 
0.637871 0.673172 -0.00157435 0.0025 0.451862 0.428983 2.37342 0.0110653 403 4 1 0.999967 
0.643392 0.673159 -0.00133894 0.0025 0.453482 0.428936 2.36468 0.0110258 404 4 1 0.999986 
0.648897 0.673146 -0.00111354 0.0025 0.454568 0.429069 2.35976 0.0109995 405 4 1 0.999994 
0.654392 0.673133 -0.00089637 0.0025 0.455264 0.42915 2.35659 0.0109826 406 4 1 0.999997 
0.65988 0.673121 -0.00068819 0.0025 0.455735 0.429191 2.35439 0.0109713 407 4 1 0.999999 
0.665363 0.673109 -0.000490334 0.0025 0.456069 0.429214 2.35279 0.0109633 408 4 1 0.999999 
0.670843 0.673098 -0.000302144 0.0025 0.456315 0.429227 2.3516 0.0109573 409 4 1 1 
0.67632 0.673086 -0.000118454 0.0025 0.456501 0.429235 2.35068 0.0109529 410 4 1 1 
0.681796 0.673075 7.18873e-05 0.0025 0.456645 0.429241 2.34997 0.0109494 411 4 1 1 
0.68727 0.673063 0.000287019 0.0025 0.456758 0.429244 2.3494 0.0109467 412 4 1 1 
0.692743 0.673051 0.000568809 0.0025 0.456847 0.429245 2.34895 0.0109446 413 4 1 1 
0.698214 0.673038 0.00102392 0.0025 0.456918 0.429244 2.34858 0.0109429 414 4 1 1 
0.703685 0.673021 0.00197785 0.0025 0.456972 0.429239 2.34828 0.0109416 415 4 1 1 
0.709156 0.672995 0.00455091 0.0025 0.457008 0.429225 2.34802 0.0109407 416 4 1 1 
0.714626 0.672938 0.0119849 0.0025 0.457014 0.429182 2.34775 0.0109406 417 3 1 1 
0.720097 0.672788 0.0349227 0.0025 0.456949 0.429056 2.34739 0.0109421 418 4 1 1 
0.725568 0.672355 0.104495 0.0025 0.456685 0.428674 2.34666 0.0109485 419 4 1 0.999999 
0.731045 0.671082 0.302577 0.0025 0.45586 0.427564 2.34481 0.0109683 420 4 1 0.999994 
0.736537 0.667483 0.841367 0.0025 0.453571 0.42454 2.33995 0.0110236 421 4 1 0.999954 
0.742069 0.658241 2.05784 0.0025 0.447893 0.41709 2.328 0.0111634 422 4 1 0.999701 
0.747701 0.636036 4.80094 0.0025 0.43544 0.400852 2.30131 0.0114826 423 4 1 0.998501 
0.753556 0.590353 9.1703 0.0025 0.412074 0.37071 2.24885 0.0121337 424 4 1 0.994451 
0.759853 0.497869 19.6154 0.0025 0.372649 0.320786 2.15187 0.0134175 425 4 1 0.984941 
0.767046 0.323288 30.4411 0.0025 0.321769 0.258955 2.01203 0.0155391 426 4 1 0.9677 
0.775545 0.131318 23.3928 0.0025 0.27899 0.210158 1.8835 0.0179218 427 4 1 0.961437 
0.785072 0.0273216 8.09482 0.0025 0.257239 0.186885 1.81645 0.0194372 428 4 1 0.982857 
0.795001 0.00183017 1.06171 0.0025 0.250919 0.18042 1.79764 0.0199267 429 4 1 0.997885 
0.804999 -0.000263307 -0.0213703 0.0025 0.250007 0.179506 1.79502 0.0199995 430 4 1 0.999948 
0.815 -2.06378e-05 -0.0152015 0.0025 0.249989 0.179489 1.79497 0.0200009 431 5 1 1 
0.825 4.66986e-06 0.000566646 0.0025 0.25 0.1795 1.795 0.02 432 4 1 1 
0.835 1.44757e-06 0.000299398 0.0025 0.25 0.1795 1.795 0.02 433 3 1 1 
0.845 3.40761e-07 7.45009e-05 0.0025 0.25 0.1795 1.795 0.02 434 4 1 1 
0.855 7.57012e-08 1.69725e-05 0.0025 0.25 0.1795 1.795 0.02 435 4 1 1 
0.865 1.63712e-08 3.7451e-06 0.0025 0.25 0.1795 1.795 0.02 436 4 1 1 
0.875 3.4527e-09 8.08312e-07 0.0025 0.25 0.1795 1.795 0.02 437 4 1 1 
0.885 7.07236e-10 1.70165e-07 0.0025 0.25 0.1795 1.795 0.02 438 4 1 1 
0.895 1.40071e-10 3.47602e-08 0.0025 0.25 0.1795 1.795 0.02 439 4 1 1 
0.905 2.67509e-11 6.86171e-09 0.0025 0.25 0.1795 1.795 0.02 440 4 1 1 
0.915 4.8934e-12 1.30129e-09 0.0025 0.25 0.1795 1.795 0.02 441 4 1 1 
0.925 8.56862e-13 2.37705e-10 0.0025 0.25 0.1795 1.795 0.02 442 4 1 1 
0.935 1.47437e-13 4.16236e-11 0.0025 0.25 0.1795 1.795 0.02 443 4 1 1 
0.945 1.3538e-14 7.80176e-12 0.0025 0.25 0.1795 1.795 0.02 444 4 1 1 
0.955 -2.33e-15 3.41061e-13 0.0025 0.25 0.1795 1.795 0.02 445 5 1 1 
0.965 6.71926e-15 -7.10543e-14 0.0025 0.25 0.1795 1.795 0.02 446 5 1 1 
0.975 9.00472e-16 -2.84217e-14 0.0025 0.25 0.1795 1.795 0.02 447 5 1 1 
0.985 2.62137e-15 1.98952e-13 0.0025 0.25 0.1795 1.795 0.02 448 5 1 1 
0.995 -4.589e-15 2.84217e-13 0.0025 0.25 0.1795 1.795 0.02 449 3 1 1 
1.005 4.589e-15 -2.84217e-13 0.0025 0.25 0.1795 1.795 0.02 450 3 1 1 
1.015 -2.62137e-15 -1.98952e-13 0.0025 0.25 0.1795 1.795 0.02 451 5 1 1 
1.025 -9.00472e-16 2.84217e-14 0.0025 0.25 0.1795 1.795 0.02 452 5 1 1 
1.035 -6.71926e-15 7.10543e-14 0.0025 0.25 0.1795 1.795 0.02 453 5 1 1 
1.045 1.99002e-15 -6.82121e-13 0.0025 0.25 0.1795 1.795 0.02 454 5 1 1 
1.055 -8.51667e-15 -3.28271e-12 0.0025 0.25 0.1795 1.795 0.02 455 5 1 1 
1.065 -1.37207e-13 -4.83453e-11 0.0025 0.25 0.1795 1.795 0.02 456 4 1 1 
1.075 -8.57056e-13 -2.33626e-10 0.0025 0.25 0.1795 1.795 0.02 457 4 1 1 
1.085 -4.89384e-12 -1.3046e-09 0.0025 0.25 0.1795 1.795 0.02 458 4 1 1 
1.095 -2.67437e-11 -6.85932e-09 0.0025 0.25 0.1795 1.795 0.02 459 4 1 1 
1.105 -1.40111e-10 -3.47605e-08 0.0025 0.25 0.1795 1.795 0.02 460 4 1 1 
1.115 -7.07227e-10 -1.70165e-07 0.0025 0.25 0.1795 1.795 0.02 461 4 1 1 
1.125 -3.45267e-09 -8.08311e-07 0.0025 0.25 0.1795 1.795 0.02 462 4 1 1 
1.135 -1.63712e-08 -3.74511e-06 0.0025 0.25 0.1795 1.795 0.02 463 4 1 1 
1.145 -7.57011e-08 -1.69725e-05 0.0025 0.25 0.1795 1.795 0.02 464 4 1 1 
1.155 -3.40761e-07 -7.45009e-05 0.0025 0.25 0.1795 1.795 0.02 465 4 1 1 
1.165 -1.44757e-06 -0.000299398 0.0025 0.25 0.1795 1.795 0.02 466 3 1 1 
1.175 -4.66986e-06 -0.000566646 0.0025 0.25 0.1795 1.795 0.02 467 4 1 1 
1.185 2.06378e-05 0.0152015 0.0025 0.249989 0.179489 1.79497 0.0200009 468 5 1 1 
1.195 0.000263307 0.0213703 0.0025 0.250007 0.179506 1.79502 0.0199995 469 4 1 0.999948 
1.205 -0.00183017 -1.06171 0.0025 0.250919 0.18042 1.79764 0.0199267 470 4 1 0.997885 
1.21493 -0.0273216 -8.09482 0.0025 0.257239 0.186885 1.81645 0.0194372 471 4 1 0.982857 
1.22445 -0.131318 -23.3928 0.0025 0.27899 0.210158 1.8835 0.0179218 472 4 1 0.961437 
1.23295 -0.323288 -30.4411 0.0025 0.321769 0.258955 2.01203 0.0155391 473 4 1 0.9677 
1.24015 -0.497869 -19.6154 0.0025 0.372649 0.320786 2.15187 0.0134175 474 4 1 0.984941 
1.24644 -0.590353 -9.1703 0.0025 0.412074 0.37071 2.24885 0.0121337 475 4 1 0.994451 
1.2523 -0.636036 -4.80094 0.0025 0.43544 0.400852 2.30131 0.0114826 476 4 1 0.998501 
1.25793 -0.658241 -2.05784 0.0025 0.447893 0.41709 2.328 0.0111634 477 4 1 0.999701 
1.26346 -0.667483 -0.841367 0.0025 0.453571 0.42454 2.33995 0.0110236 478 4 1 0.999954 
1.26895 -0.671082 -0.302577 0.0025 0.45586 0.427564 2.34481 0.0109683 479 4 1 0.999994 
1.27443 -0.672355 -0.104495 0.0025 0.456685 0.428674 2.34666 0.0109485 480 4 1 0.999999 
1.2799 -0.672788 -0.0349227 0.0025 0.456949 0.429056 2.34739 0.0109421 481 4 1 1 
1.28537 -0.672938 -0.0119849 0.0025 0.457014 0.429182 2.34775 0.0109406 482 3 1 1 
1.29084 -0.672995 -0.00455091 0.0025 0.457008 0.429225 2.34802 0.0109407 483 4 1 1 
1.29631 -0.673021 -0.00197785 0.0025 0.456972 0.429239 2.34828 0.0109416 484 4 1 1 
1.30179 -0.673038 -0.00102392 0.0025 0.456918 0.429244 2.34858 0.0109429 485 4 1 1 
1.30726 -0.673051 -0.000568809 0.0025 0.456847 0.429245 2.34895 0.0109446 486 4 1 1 
1.31273 -0.673063 -0.000287019 0.0025 0.456758 0.429244 2.3494 0.0109467 487 4 1 1 
1.3182 -0.673075 -7.18873e-05 0.0025 0.456645 0.429241 2.34997 0.0109494 488 4 1 1 
1.32368 -0.673086 0.000118454 0.0025 0.456501 0.429235 2.35068 0.0109529 489 4 1 1 
1.32916 -0.673098 0.000302144 0.0025 0.456315 0.429227 2.3516 0.0109573 490 4 1 1 
1.33464 -0.673109 0.000490334 0.0025 0.456069 0.429214 2.35279 0.0109633 491 4 1 0.999999 
1.34012 -0.673121 0.00068819 0.0025 0.455735 0.429191 2.35439 0.0109713 492 4 1 0.999999 
1.34561 -0.673133 0.00089637 0.0025 0.455264 0.42915 2.35659 0.0109826 493 4 1 0.999997 
1.3511 -0.673146 0.00111354 0.0025 0.454568 0.429069 2.35976 0.0109995 494 4 1 0.999994 
1.35661 -0.673159 0.00133894 0.0025 0.453482 0.428936 2.36468 0.0110258 495 4 1 0.999986 
1.36213 -0.673172 0.00157435 0.0025 0.451862 0.428983 2.37342 0.0110653 496 4 1 0.999967 
1.36767 -0.673187 0.0018246 0.0025 0.450268 0.43066 2.39113 0.0111045 497 5 1 0.998658 
1.37323 -0.673202 0.0020937 0.0025 0.458888 0.450133 2.45231 0.0108959 498 4 1 0.993694 
1.37857 -0.673217 0.00236995 0.0025 0.481383 0.415673 2.15875 0.0103868 499 4 1 0.993699 
