# Time [s]: 5.41549e+12
# Columns: pos [pc], vel [pc/s], acc [pc/s^2], mass [Msun], dens [g/cm^3], pres [barye], ene [erg/g], sml [pc], id, neighbor, alpha, gradh, ...additional?
4.27116e+16 -673.235 8.68631e-14 4.97118e+27 0.000506927 4.40315 21714.9 3.04383e+14 0 4 1 0.994707 
4.28602e+16 -673.251 9.61668e-14 4.97118e+27 0.000531019 4.11625 19379 2.90573e+14 1 4 1 0.999668 
4.30023e+16 -673.267 1.0578e-13 4.97118e+27 0.000544149 4.271 19622.4 2.83562e+14 2 4 1 0.999987 
4.31437e+16 -673.285 1.1637e-13 4.97118e+27 0.000545774 4.28851 19644.1 2.82718e+14 3 4 1 0.999999 
4.3285e+16 -673.304 1.28278e-13 4.97118e+27 0.000546192 4.29103 19640.7 2.82501e+14 4 4 1 1 
4.34262e+16 -673.325 1.41644e-13 4.97118e+27 0.000546291 4.29156 19639.5 2.8245e+14 5 4 1 1 
4.35674e+16 -673.348 1.56523e-13 4.97118e+27 0.000546317 4.29156 19638.6 2.82437e+14 6 4 1 1 
4.37087e+16 -673.373 1.73044e-13 4.97118e+27 0.000546326 4.29145 19637.7 2.82432e+14 7 4 1 1 
4.38499e+16 -673.4 1.91575e-13 4.97118e+27 0.00054633 4.29131 19637 2.8243e+14 8 3 1 1 
4.39911e+16 -673.43 2.12704e-13 4.97118e+27 0.000546329 4.29114 19636.3 2.82431e+14 9 4 1 1 
4.41323e+16 -673.463 2.37037e-13 4.97118e+27 0.000546325 4.29096 19635.6 2.82433e+14 10 4 1 1 
4.42735e+16 -673.499 2.64962e-13 4.97118e+27 0.000546316 4.29076 19635 2.82437e+14 11 4 1 1 
4.44147e+16 -673.54 2.96697e-13 4.97118e+27 0.000546304 4.29053 19634.3 2.82443e+14 12 4 1 1 
4.4556e+16 -673.585 3.32501e-13 4.97118e+27 0.000546288 4.29027 19633.7 2.82452e+14 13 4 1 1 
4.46972e+16 -673.634 3.7262e-13 4.97118e+27 0.000546269 4.28999 19633.1 2.82462e+14 14 4 1 1 
4.48384e+16 -673.69 4.17266e-13 4.97118e+27 0.000546245 4.28966 19632.5 2.82474e+14 15 4 1 1 
4.49797e+16 -673.753 4.67296e-13 4.97118e+27 0.000546217 4.2893 19631.8 2.82488e+14 16 4 1 1 
4.51209e+16 -673.823 5.24405e-13 4.97118e+27 0.000546185 4.2889 19631.2 2.82505e+14 17 4 1 1 
4.52622e+16 -673.901 5.89671e-13 4.97118e+27 0.000546147 4.28844 19630.4 2.82525e+14 18 4 1 1 
4.54034e+16 -673.989 6.63364e-13 4.97118e+27 0.000546104 4.28793 19629.6 2.82547e+14 19 4 1 1 
4.55447e+16 -674.088 7.48239e-13 4.97118e+27 0.000546055 4.28735 19628.7 2.82572e+14 20 4 1 1 
4.5686e+16 -674.201 8.51189e-13 4.97118e+27 0.000545997 4.28668 19627.8 2.82602e+14 21 4 1 1 
4.58273e+16 -674.329 9.80972e-13 4.97118e+27 0.000545931 4.28592 19626.7 2.82637e+14 22 4 1 1 
4.59687e+16 -674.48 1.15006e-12 4.97118e+27 0.000545851 4.28502 19625.4 2.82678e+14 23 4 1 1 
4.611e+16 -674.659 1.37771e-12 4.97118e+27 0.000545756 4.28395 19623.9 2.82727e+14 24 4 1 1 
4.62514e+16 -674.875 1.67927e-12 4.97118e+27 0.000545639 4.28264 19622.1 2.82788e+14 25 4 1 1 
-1.53272e+16 -675.14 2.05643e-12 4.97118e+27 0.000545495 4.28103 19620 2.82862e+14 26 4 1 1 
-1.51858e+16 -675.465 2.51196e-12 4.97118e+27 0.000545319 4.27908 19617.3 2.82954e+14 27 4 1 1 
-1.50443e+16 -675.86 3.04281e-12 4.97118e+27 0.000545107 4.27674 19614.2 2.83064e+14 28 4 1 1 
-1.49027e+16 -676.324 3.57958e-12 4.97118e+27 0.00054486 4.27401 19610.6 2.83192e+14 29 4 1 0.999999 
-1.47611e+16 -676.848 3.97768e-12 4.97118e+27 0.000544586 4.27099 19606.6 2.83334e+14 30 4 1 0.999999 
-1.46194e+16 -677.405 4.12399e-12 4.97118e+27 0.000544304 4.26787 19602.4 2.83481e+14 31 4 1 0.999999 
-1.44776e+16 -677.944 3.88265e-12 4.97118e+27 0.000544041 4.26497 19598.6 2.83618e+14 32 4 1 0.999999 
-1.43357e+16 -678.398 3.30719e-12 4.97118e+27 0.000543828 4.26262 19595.4 2.83729e+14 33 4 1 0.999999 
-1.41939e+16 -678.673 1.0415e-12 4.97118e+27 0.000543705 4.26126 19593.6 2.83794e+14 34 4 1 1 
-1.40519e+16 -678.912 3.51314e-12 4.97118e+27 0.000543671 4.26083 19593 2.83812e+14 35 5 1 0.999992 
-1.391e+16 -678.187 -1.90977e-11 4.97118e+27 0.000544431 4.26909 19603.8 2.83415e+14 36 4 1 0.999898 
-1.37685e+16 -672.788 -6.04521e-11 4.97118e+27 0.000547314 4.30076 19645.2 2.81922e+14 37 4 1 0.999678 
-1.36281e+16 -662.118 -9.70352e-11 4.97118e+27 0.000552775 4.36097 19723.4 2.79137e+14 38 4 1 0.99945 
-1.34894e+16 -647.677 -1.21237e-10 4.97118e+27 0.000560255 4.44384 19829.7 2.7541e+14 39 4 1 0.999315 
-1.33527e+16 -631.134 -1.33003e-10 4.97118e+27 0.000568924 4.54043 19951.9 2.71214e+14 40 4 1 0.999293 
-1.32182e+16 -614.134 -1.33866e-10 4.97118e+27 0.000577999 4.64218 20078.6 2.66955e+14 41 4 1 0.999354 
-1.30857e+16 -597.823 -1.27179e-10 4.97118e+27 0.000586879 4.74234 20201.4 2.62916e+14 42 4 1 0.999439 
-1.29552e+16 -582.772 -1.1924e-10 4.97118e+27 0.000595279 4.83762 20316.6 2.59206e+14 43 4 1 0.999493 
-1.28265e+16 -568.591 -1.16406e-10 4.97118e+27 0.000603311 4.92921 20425.7 2.55755e+14 44 4 1 0.999497 
-1.26995e+16 -554.566 -1.20698e-10 4.97118e+27 0.000611345 5.02132 20534 2.52394e+14 45 4 1 0.999464 
-1.25741e+16 -540.003 -1.28726e-10 4.97118e+27 0.00061972 5.11786 20646 2.48984e+14 46 4 1 0.999414 
-1.24505e+16 -524.702 -1.38123e-10 4.97118e+27 0.000628599 5.22081 20763.8 2.45467e+14 47 4 1 0.999368 
-1.23286e+16 -508.646 -1.4609e-10 4.97118e+27 0.000637983 5.33025 20887.2 2.41856e+14 48 4 1 0.999336 
-1.22086e+16 -492.087 -1.52471e-10 4.97118e+27 0.000647778 5.44517 21014.9 2.38199e+14 49 4 1 0.99932 
-1.20904e+16 -475.271 -1.56908e-10 4.97118e+27 0.00065787 5.5643 21145.3 2.34545e+14 50 4 1 0.999316 
-1.1974e+16 -458.322 -1.60454e-10 4.97118e+27 0.000668161 5.68655 21276.9 2.30932e+14 51 4 1 0.999323 
-1.18594e+16 -441.41 -1.62543e-10 4.97118e+27 0.000678576 5.81103 21409 2.27388e+14 52 4 1 0.999335 
-1.17466e+16 -424.557 -1.6449e-10 4.97118e+27 0.000689061 5.93712 21540.7 2.23928e+14 53 4 1 0.99935 
-1.16355e+16 -407.885 -1.65862e-10 4.97118e+27 0.000699589 6.06449 21671.7 2.20558e+14 54 4 1 0.999367 
-1.15261e+16 -391.376 -1.66955e-10 4.97118e+27 0.000710134 6.19284 21801.7 2.17283e+14 55 4 1 0.999385 
-1.14182e+16 -375.072 -1.67816e-10 4.97118e+27 0.000720678 6.32195 21930.6 2.14104e+14 56 4 1 0.999404 
-1.13119e+16 -358.977 -1.68308e-10 4.97118e+27 0.000731205 6.45161 22058.2 2.11022e+14 57 4 1 0.999423 
-1.12072e+16 -343.08 -1.69076e-10 4.97118e+27 0.000741712 6.58177 22184.4 2.08032e+14 58 4 1 0.99944 
-1.11039e+16 -327.418 -1.69857e-10 4.97118e+27 0.000752206 6.71249 22309.4 2.0513e+14 59 4 1 0.999458 
-1.1002e+16 -311.95 -1.69982e-10 4.97118e+27 0.00076267 6.84359 22433 2.02315e+14 60 4 1 0.999475 
-1.09016e+16 -296.701 -1.70813e-10 4.97118e+27 0.000773107 6.97505 22555.3 1.99584e+14 61 4 1 0.999491 
-1.08024e+16 -281.649 -1.70948e-10 4.97118e+27 0.000783517 7.10689 22676.3 1.96933e+14 62 4 1 0.999507 
-1.07046e+16 -266.789 -1.71483e-10 4.97118e+27 0.000793893 7.23899 22795.9 1.94359e+14 63 4 1 0.999522 
-1.06081e+16 -252.16 -1.71896e-10 4.97118e+27 0.000804242 7.37144 22914.3 1.91858e+14 64 4 1 0.999537 
-1.05128e+16 -237.7 -1.72093e-10 4.97118e+27 0.000814557 7.50414 23031.4 1.89428e+14 65 4 1 0.999551 
-1.04186e+16 -223.442 -1.72402e-10 4.97118e+27 0.000824835 7.63703 23147.2 1.87068e+14 66 4 1 0.999565 
-1.03257e+16 -209.377 -1.72563e-10 4.97118e+27 0.000835076 7.77011 23261.7 1.84774e+14 67 4 1 0.999578 
-1.02339e+16 -195.488 -1.72863e-10 4.97118e+27 0.000845282 7.90337 23375 1.82543e+14 68 4 1 0.999591 
-1.01431e+16 -181.794 -1.73168e-10 4.97118e+27 0.000855454 8.03684 23487.1 1.80372e+14 69 4 1 0.999603 
-1.00535e+16 -168.286 -1.73193e-10 4.97118e+27 0.000865588 8.17044 23598 1.7826e+14 70 4 1 0.999616 
-9.96487e+15 -154.935 -1.73206e-10 4.97118e+27 0.000875678 8.30408 23707.6 1.76206e+14 71 4 1 0.999627 
-9.87727e+15 -141.774 -1.73455e-10 4.97118e+27 0.000885727 8.4378 23816.1 1.74207e+14 72 4 1 0.999638 
-9.79065e+15 -128.783 -1.73309e-10 4.97118e+27 0.000895734 8.57156 23923.3 1.72261e+14 73 4 1 0.999649 
-9.705e+15 -115.966 -1.73233e-10 4.97118e+27 0.000905691 8.70525 24029.3 1.70367e+14 74 4 1 0.99966 
-9.62028e+15 -103.354 -1.73278e-10 4.97118e+27 0.000915603 8.83892 24134.2 1.68523e+14 75 4 1 0.99967 
-9.53647e+15 -90.8716 -1.73377e-10 4.97118e+27 0.000925471 8.97258 24237.9 1.66726e+14 76 4 1 0.999681 
-9.45355e+15 -78.5341 -1.72853e-10 4.97118e+27 0.000935273 9.10593 24340.3 1.64979e+14 77 4 1 0.999702 
-9.37149e+15 -66.5748 -1.67107e-10 4.97118e+27 0.000944884 9.23719 24440 1.633e+14 78 4 1 0.999717 
-9.29025e+15 -55.1066 -1.64757e-10 4.97118e+27 0.000954303 9.36615 24537 1.61689e+14 79 4 1 0.999691 
-9.2098e+15 -43.2639 -1.85055e-10 4.97118e+27 0.000964089 9.5009 24637.4 1.60048e+14 80 4 1 0.999675 
-9.13019e+15 -30.2632 -1.94476e-10 4.97118e+27 0.000974366 9.64374 24742.7 1.58359e+14 81 4 1 0.999803 
-9.05143e+15 -19.1357 -1.247e-10 4.97118e+27 0.000983074 9.76493 24831 1.56957e+14 82 4 1 0.999925 
-8.97324e+15 -13.5833 -5.27946e-11 4.97118e+27 0.000988648 9.8409 24885.8 1.56072e+14 83 4 1 0.999841 
-8.89536e+15 -7.36571 -1.65533e-10 4.97118e+27 0.000995306 9.9326 24952 1.55028e+14 84 4 1 0.999482 
-8.8182e+15 9.09013 -3.21642e-10 4.97118e+27 0.00100785 10.1108 25079.5 1.53099e+14 85 4 1 0.999629 
-8.74225e+15 26.6629 -1.85412e-10 4.97118e+27 0.00102064 10.2929 25207.6 1.51179e+14 86 4 1 0.99999 
-8.66702e+15 31.4286 -2.48658e-12 4.97118e+27 0.0010258 10.3644 25257.3 1.5042e+14 87 3 1 1 
-8.59183e+15 30.2553 2.82614e-11 4.97118e+27 0.00102521 10.3552 25250.8 1.50505e+14 88 4 1 1 
-8.51652e+15 27.9548 3.91917e-11 4.97118e+27 0.00102318 10.3263 25230.6 1.50805e+14 89 4 1 0.99999 
-8.44103e+15 25.0864 4.71257e-11 4.97118e+27 0.00102065 10.2906 25205.7 1.51177e+14 90 4 1 0.999983 
-8.36534e+15 21.8675 5.16202e-11 4.97118e+27 0.00101788 10.2513 25178.1 1.5159e+14 91 4 1 0.999978 
-8.28944e+15 18.5063 5.28607e-11 4.97118e+27 0.00101503 10.2111 25149.8 1.52015e+14 92 4 1 0.999977 
-8.21332e+15 15.2019 5.10347e-11 4.97118e+27 0.00101227 10.1722 25122.4 1.5243e+14 93 4 1 0.999978 
-8.13701e+15 12.1232 4.6756e-11 4.97118e+27 0.00100973 10.1364 25097 1.52813e+14 94 4 1 0.999981 
-8.06051e+15 9.39107 4.08486e-11 4.97118e+27 0.0010075 10.105 25074.8 1.53152e+14 95 4 1 0.999985 
-7.98386e+15 7.07212 3.41761e-11 4.97118e+27 0.00100562 10.0787 25056.1 1.53438e+14 96 4 1 0.999989 
-7.90707e+15 5.18247 2.74853e-11 4.97118e+27 0.0010041 10.0574 25040.9 1.5367e+14 97 4 1 0.999993 
-7.83019e+15 3.69918 2.1318e-11 4.97118e+27 0.00100292 10.0408 25029.1 1.53851e+14 98 4 1 0.999995 
-7.75322e+15 2.57427 1.59916e-11 4.97118e+27 0.00100202 10.0283 25020.2 1.53989e+14 99 4 1 0.999997 
-7.6762e+15 1.74796 1.16295e-11 4.97118e+27 0.00100137 10.0191 25013.6 1.54089e+14 100 4 1 0.999999 
-7.59913e+15 1.15883 8.21441e-12 4.97118e+27 0.00100091 10.0126 25009 1.5416e+14 101 4 1 0.999999 
-7.52204e+15 0.750477 5.64393e-12 4.97118e+27 0.00100058 10.0082 25005.8 1.5421e+14 102 4 1 1 
-7.44492e+15 0.474947 3.77627e-12 4.97118e+27 0.00100037 10.0051 25003.7 1.54243e+14 103 4 1 1 
-7.36779e+15 0.293803 2.46253e-12 4.97118e+27 0.00100023 10.0032 25002.3 1.54265e+14 104 4 1 1 
-7.29066e+15 0.177681 1.56604e-12 4.97118e+27 0.00100014 10.0019 25001.4 1.54279e+14 105 4 1 1 
-7.21351e+15 0.105062 9.71667e-13 4.97118e+27 0.00100008 10.0011 25000.8 1.54287e+14 106 4 1 1 
-7.13637e+15 0.060741 5.88377e-13 4.97118e+27 0.00100005 10.0007 25000.5 1.54293e+14 107 4 1 1 
-7.05922e+15 0.0343365 3.47786e-13 4.97118e+27 0.00100003 10.0004 25000.3 1.54296e+14 108 4 1 1 
-6.98207e+15 0.0189782 2.007e-13 4.97118e+27 0.00100001 10.0002 25000.1 1.54298e+14 109 4 1 1 
-6.90492e+15 0.0102554 1.13084e-13 4.97118e+27 0.00100001 10.0001 25000.1 1.54299e+14 110 4 1 1 
-6.82777e+15 0.00541773 6.2215e-14 4.97118e+27 0.001 10.0001 25000 1.54299e+14 111 4 1 1 
-6.75062e+15 0.00279774 3.3422e-14 4.97118e+27 0.001 10 25000 1.543e+14 112 4 1 1 
-6.67347e+15 0.00141211 1.7531e-14 4.97118e+27 0.001 10 25000 1.543e+14 113 4 1 1 
-6.59632e+15 0.000696535 8.9783e-15 4.97118e+27 0.001 10 25000 1.543e+14 114 4 1 1 
-6.51917e+15 0.000335707 4.48914e-15 4.97118e+27 0.001 10 25000 1.543e+14 115 4 1 1 
-6.44202e+15 0.000158066 2.19112e-15 4.97118e+27 0.001 10 25000 1.543e+14 116 4 1 1 
-6.36487e+15 7.26924e-05 1.04387e-15 4.97118e+27 0.001 10 25000 1.543e+14 117 4 1 1 
-6.28772e+15 3.26441e-05 4.85317e-16 4.97118e+27 0.001 10 25000 1.543e+14 118 4 1 1 
-6.21057e+15 1.43109e-05 2.2015e-16 4.97118e+27 0.001 10 25000 1.543e+14 119 4 1 1 
-6.13342e+15 6.1227e-06 9.74139e-17 4.97118e+27 0.001 10 25000 1.543e+14 120 4 1 1 
-6.05627e+15 2.55551e-06 4.20346e-17 4.97118e+27 0.001 10 25000 1.543e+14 121 4 1 1 
-5.97912e+15 1.04015e-06 1.76824e-17 4.97118e+27 0.001 10 25000 1.543e+14 122 4 1 1 
-5.90197e+15 4.12668e-07 7.24847e-18 4.97118e+27 0.001 10 25000 1.543e+14 123 4 1 1 
-5.82482e+15 1.59498e-07 2.89401e-18 4.97118e+27 0.001 10 25000 1.543e+14 124 4 1 1 
-5.74767e+15 6.00379e-08 1.12552e-18 4.97118e+27 0.001 10 25000 1.543e+14 125 4 1 1 
-5.67052e+15 2.19745e-08 4.25174e-19 4.97118e+27 0.001 10 25000 1.543e+14 126 4 1 1 
-5.59337e+15 7.82613e-09 1.56577e-19 4.97118e+27 0.001 10 25000 1.543e+14 127 4 1 1 
-5.51622e+15 2.71164e-09 5.58709e-20 4.97118e+27 0.001 10 25000 1.543e+14 128 4 1 1 
-5.43907e+15 9.09945e-10 1.9525e-20 4.97118e+27 0.001 10 25000 1.543e+14 129 4 1 1 
-5.36192e+15 2.95822e-10 6.39719e-21 4.97118e+27 0.001 10 25000 1.543e+14 130 4 1 1 
-5.28477e+15 8.64114e-11 2.19379e-21 4.97118e+27 0.001 10 25000 1.543e+14 131 4 1 1 
-5.20762e+15 2.70203e-11 8.1047e-22 4.97118e+27 0.001 10 25000 1.543e+14 132 4 1 1 
-5.13047e+15 1.63873e-12 8.84149e-23 4.97118e+27 0.001 10 25000 1.543e+14 133 5 1 1 
-5.05332e+15 1.74342e-13 1.47358e-23 4.97118e+27 0.001 10 25000 1.543e+14 134 5 1 1 
-4.97617e+15 4.12583e-44 2.90613e-54 4.97118e+27 0.001 10 25000 1.543e+14 135 5 1 1 
-4.89902e+15 0 0 4.97118e+27 0.001 10 25000 1.543e+14 136 5 1 1 
-4.82187e+15 0 0 4.97118e+27 0.001 10 25000 1.543e+14 137 5 1 1 
-4.74472e+15 0 0 4.97118e+27 0.001 10 25000 1.543e+14 138 5 1 1 
-4.66757e+15 0 0 4.97118e+27 0.001 10 25000 1.543e+14 139 5 1 1 
-4.59042e+15 0 0 4.97118e+27 0.001 10 25000 1.543e+14 140 5 1 1 
-4.51327e+15 0 0 4.97118e+27 0.001 10 25000 1.543e+14 141 5 1 1 
-4.43612e+15 0 0 4.97118e+27 0.001 10 25000 1.543e+14 142 5 1 1 
-4.35897e+15 0 0 4.97118e+27 0.001 10 25000 1.543e+14 143 5 1 1 
-4.28182e+15 0 0 4.97118e+27 0.001 10 25000 1.543e+14 144 5 1 1 
-4.20467e+15 0 0 4.97118e+27 0.001 10 25000 1.543e+14 145 5 1 1 
-4.12752e+15 0 0 4.97118e+27 0.001 10 25000 1.543e+14 146 5 1 1 
-4.05037e+15 0 0 4.97118e+27 0.001 10 25000 1.543e+14 147 5 1 1 
-3.97322e+15 0 0 4.97118e+27 0.001 10 25000 1.543e+14 148 5 1 1 
-3.89607e+15 0 0 4.97118e+27 0.001 10 25000 1.543e+14 149 5 1 1 
-3.81892e+15 0 0 4.97118e+27 0.001 10 25000 1.543e+14 150 5 1 1 
-3.74177e+15 0 0 4.97118e+27 0.001 10 25000 1.543e+14 151 5 1 1 
-3.66462e+15 0 0 4.97118e+27 0.001 10 25000 1.543e+14 152 5 1 1 
-3.58747e+15 0 0 4.97118e+27 0.001 10 25000 1.543e+14 153 5 1 1 
-3.51032e+15 0 0 4.97118e+27 0.001 10 25000 1.543e+14 154 5 1 1 
-3.43317e+15 0 0 4.97118e+27 0.001 10 25000 1.543e+14 155 5 1 1 
-3.35602e+15 0 0 4.97118e+27 0.001 10 25000 1.543e+14 156 5 1 1 
-3.27887e+15 0 0 4.97118e+27 0.001 10 25000 1.543e+14 157 5 1 1 
-3.20172e+15 0 0 4.97118e+27 0.001 10 25000 1.543e+14 158 5 1 1 
-3.12457e+15 0 0 4.97118e+27 0.001 10 25000 1.543e+14 159 5 1 1 
-3.04742e+15 0 0 4.97118e+27 0.001 10 25000 1.543e+14 160 5 1 1 
-2.97027e+15 0 0 4.97118e+27 0.001 10 25000 1.543e+14 161 5 1 1 
-2.89312e+15 0 0 4.97118e+27 0.001 10 25000 1.543e+14 162 5 1 1 
-2.81597e+15 0 0 4.97118e+27 0.001 10 25000 1.543e+14 163 5 1 1 
-2.73882e+15 0 0 4.97118e+27 0.001 10 25000 1.543e+14 164 5 1 1 
-2.66167e+15 0 0 4.97118e+27 0.001 10 25000 1.543e+14 165 5 1 1 
-2.58452e+15 0 0 4.97118e+27 0.001 10 25000 1.543e+14 166 5 1 1 
-2.50737e+15 0 0 4.97118e+27 0.001 10 25000 1.543e+14 167 5 1 1 
-2.43022e+15 0 0 4.97118e+27 0.001 10 25000 1.543e+14 168 5 1 1 
-2.35307e+15 0 0 4.97118e+27 0.001 10 25000 1.543e+14 169 5 1 1 
-2.27592e+15 0 0 4.97118e+27 0.001 10 25000 1.543e+14 170 5 1 1 
-2.19877e+15 0 0 4.97118e+27 0.001 10 25000 1.543e+14 171 5 1 1 
-2.12162e+15 0 0 4.97118e+27 0.001 10 25000 1.543e+14 172 5 1 1 
-2.04447e+15 -3.94644e-43 -3.63266e-55 4.97118e+27 0.001 10 25000 1.543e+14 173 5 1 1 
-1.96732e+15 -1.21633e-13 -1.84198e-24 4.97118e+27 0.001 10 25000 1.543e+14 174 5 1 1 
-1.89017e+15 -2.60034e-13 1.84198e-24 4.97118e+27 0.001 10 25000 1.543e+14 175 5 1 1 
-1.81302e+15 -3.97826e-13 -1.84198e-24 4.97118e+27 0.001 10 25000 1.543e+14 176 5 1 1 
-1.73587e+15 -5.34877e-13 1.84198e-24 4.97118e+27 0.001 10 25000 1.543e+14 177 5 1 1 
-1.65872e+15 -6.71089e-13 -1.84198e-24 4.97118e+27 0.001 10 25000 1.543e+14 178 5 1 1 
-1.58157e+15 -8.40519e-13 1.84198e-24 4.97118e+27 0.001 10 25000 1.543e+14 179 5 1 1 
-1.50442e+15 -1.00842e-12 -1.84198e-24 4.97118e+27 0.001 10 25000 1.543e+14 180 5 1 1 
-1.42727e+15 -1.31399e-12 1.84198e-24 4.97118e+27 0.001 10 25000 1.543e+14 181 5 1 1 
-1.35012e+15 -1.70371e-12 -1.47358e-23 4.97118e+27 0.001 10 25000 1.543e+14 182 5 1 1 
-1.27297e+15 -4.35491e-12 -3.49976e-23 4.97118e+27 0.001 10 25000 1.543e+14 183 3 1 1 
-1.19582e+15 -2.96714e-12 7.9205e-23 4.97118e+27 0.001 10 25000 1.543e+14 184 3 1 1 
-1.11867e+15 2.97666e-12 -1.47358e-23 4.97118e+27 0.001 10 25000 1.543e+14 185 5 1 1 
-1.04152e+15 -2.29743e-12 -2.39457e-23 4.97118e+27 0.001 10 25000 1.543e+14 186 4 1 1 
-9.64375e+14 -2.19134e-12 1.47358e-23 4.97118e+27 0.001 10 25000 1.543e+14 187 3 1 1 
-8.87225e+14 -1.1118e-12 -5.52593e-24 4.97118e+27 0.001 10 25000 1.543e+14 188 4 1 1 
-8.10075e+14 -1.4535e-12 -1.84198e-24 4.97118e+27 0.001 10 25000 1.543e+14 189 4 1 1 
-7.32925e+14 -2.74044e-12 -5.52593e-24 4.97118e+27 0.001 10 25000 1.543e+14 190 3 1 1 
-6.55775e+14 -1.12139e-12 -5.52593e-24 4.97118e+27 0.001 10 25000 1.543e+14 191 3 1 1 
-5.78625e+14 -1.67343e-12 2.94716e-23 4.97118e+27 0.001 10 25000 1.543e+14 192 4 1 1 
-5.01475e+14 -3.7033e-13 -1.84198e-23 4.97118e+27 0.001 10 25000 1.543e+14 193 5 1 1 
-4.24325e+14 -9.30978e-13 1.84198e-24 4.97118e+27 0.001 10 25000 1.543e+14 194 4 1 1 
-3.47175e+14 -9.97721e-13 5.11251e-39 4.97118e+27 0.001 10 25000 1.543e+14 195 5 1 1 
-2.70025e+14 -1.19236e-12 -1.84198e-24 4.97118e+27 0.001 10 25000 1.543e+14 196 4 1 1 
-1.92875e+14 -3.19136e-13 -1.84198e-24 4.97118e+27 0.001 10 25000 1.543e+14 197 4 1 1 
-1.15725e+14 -7.30026e-13 1.10519e-23 4.97118e+27 0.001 10 25000 1.543e+14 198 5 1 1 
-3.8575e+13 -4.51323e-13 -1.10519e-23 4.97118e+27 0.001 10 25000 1.543e+14 199 4 1 1 
3.8575e+13 -1.6602e-13 1.84198e-23 4.97118e+27 0.001 10 25000 1.543e+14 200 5 1 1 
1.15725e+14 -4.54372e-13 -1.28938e-23 4.97118e+27 0.001 10 25000 1.543e+14 201 5 1 1 
1.92875e+14 -1.93618e-13 5.52593e-24 4.97118e+27 0.001 10 25000 1.543e+14 202 4 1 1 
2.70025e+14 9.77672e-13 -9.20989e-24 4.97118e+27 0.001 10 25000 1.543e+14 203 5 1 1 
3.47175e+14 5.34245e-13 1.84198e-24 4.97118e+27 0.001 10 25000 1.543e+14 204 5 1 1 
4.24325e+14 5.89198e-13 -3.68395e-24 4.97118e+27 0.001 10 25000 1.543e+14 205 5 1 1 
5.01475e+14 3.16984e-13 3.68395e-24 4.97118e+27 0.001 10 25000 1.543e+14 206 5 1 1 
5.78625e+14 2.69664e-12 3.68395e-24 4.97118e+27 0.001 10 25000 1.543e+14 207 5 1 1 
6.55775e+14 2.23372e-12 -1.78938e-38 4.97118e+27 0.001 10 25000 1.543e+14 208 5 1 1 
7.32925e+14 9.65193e-13 -3.68395e-24 4.97118e+27 0.001 10 25000 1.543e+14 209 4 1 1 
8.10075e+14 2.53497e-12 3.68395e-24 4.97118e+27 0.001 10 25000 1.543e+14 210 3 1 1 
8.87225e+14 2.23125e-13 5.43205e-39 4.97118e+27 0.001 10 25000 1.543e+14 211 3 1 1 
9.64375e+14 1.07072e-12 1.0225e-38 4.97118e+27 0.001 10 25000 1.543e+14 212 4 1 1 
1.04153e+15 1.61885e-13 -3.68395e-24 4.97118e+27 0.001 10 25000 1.543e+14 213 5 1 1 
1.11868e+15 2.09434e-12 -1.27813e-39 4.97118e+27 0.001 10 25000 1.543e+14 214 5 1 1 
1.19583e+15 1.67134e-12 -1.45306e-54 4.97118e+27 0.001 10 25000 1.543e+14 215 5 1 1 
1.27298e+15 1.16856e-12 7.26532e-55 4.97118e+27 0.001 10 25000 1.543e+14 216 5 1 1 
1.35013e+15 1.00879e-12 7.26532e-55 4.97118e+27 0.001 10 25000 1.543e+14 217 5 1 1 
1.42728e+15 8.8246e-13 1.0898e-54 4.97118e+27 0.001 10 25000 1.543e+14 218 5 1 1 
1.50443e+15 1.02565e-12 -1.45306e-54 4.97118e+27 0.001 10 25000 1.543e+14 219 5 1 1 
1.58158e+15 7.03715e-13 -1.84198e-24 4.97118e+27 0.001 10 25000 1.543e+14 220 5 1 1 
1.65873e+15 -3.24353e-13 -3.68395e-24 4.97118e+27 0.001 10 25000 1.543e+14 221 5 1 1 
1.73588e+15 -1.27834e-12 -1.65778e-23 4.97118e+27 0.001 10 25000 1.543e+14 222 5 1 1 
1.81303e+15 2.92863e-14 1.10519e-23 4.97118e+27 0.001 10 25000 1.543e+14 223 5 1 1 
1.89018e+15 -4.84669e-12 1.47358e-23 4.97118e+27 0.001 10 25000 1.543e+14 224 3 1 1 
1.96733e+15 5.18822e-12 -1.47358e-23 4.97118e+27 0.001 10 25000 1.543e+14 225 3 1 1 
2.04448e+15 2.76878e-12 -1.28938e-23 4.97118e+27 0.001 10 25000 1.543e+14 226 5 1 1 
2.12163e+15 3.9204e-12 9.20989e-24 4.97118e+27 0.001 10 25000 1.543e+14 227 5 1 1 
2.19878e+15 1.95168e-12 7.36791e-24 4.97118e+27 0.001 10 25000 1.543e+14 228 5 1 1 
2.27593e+15 9.58494e-13 1.84198e-24 4.97118e+27 0.001 10 25000 1.543e+14 229 5 1 1 
2.35308e+15 2.96297e-13 5.52593e-24 4.97118e+27 0.001 10 25000 1.543e+14 230 5 1 1 
2.43023e+15 6.9727e-14 1.0898e-54 4.97118e+27 0.001 10 25000 1.543e+14 231 5 1 1 
2.50738e+15 1.71896e-44 3.63266e-55 4.97118e+27 0.001 10 25000 1.543e+14 232 5 1 1 
2.58453e+15 0 0 4.97118e+27 0.001 10 25000 1.543e+14 233 5 1 1 
2.66168e+15 0 0 4.97118e+27 0.001 10 25000 1.543e+14 234 5 1 1 
2.73883e+15 0 0 4.97118e+27 0.001 10 25000 1.543e+14 235 5 1 1 
2.81598e+15 0 0 4.97118e+27 0.001 10 25000 1.543e+14 236 5 1 1 
2.89313e+15 -1.56055e-42 -3.63266e-55 4.97118e+27 0.001 10 25000 1.543e+14 237 5 1 1 
2.97028e+15 -1.69188e-13 0 4.97118e+27 0.001 10 25000 1.543e+14 238 5 1 1 
3.04743e+15 -3.37357e-13 3.63266e-55 4.97118e+27 0.001 10 25000 1.543e+14 239 5 1 1 
3.12458e+15 1.58941e-12 0 4.97118e+27 0.001 10 25000 1.543e+14 240 5 1 1 
3.20173e+15 1.42405e-12 1.45306e-54 4.97118e+27 0.001 10 25000 1.543e+14 241 5 1 1 
3.27888e+15 2.43886e-12 -1.84198e-24 4.97118e+27 0.001 10 25000 1.543e+14 242 5 1 1 
3.35603e+15 7.76748e-13 1.84198e-24 4.97118e+27 0.001 10 25000 1.543e+14 243 5 1 1 
3.43318e+15 6.86102e-13 -3.26939e-54 4.97118e+27 0.001 10 25000 1.543e+14 244 5 1 1 
3.51033e+15 -1.52839e-12 1.0898e-53 4.97118e+27 0.001 10 25000 1.543e+14 245 5 1 1 
3.58748e+15 2.4089e-12 -1.84198e-24 4.97118e+27 0.001 10 25000 1.543e+14 246 5 1 1 
3.66463e+15 -3.12256e-13 1.27813e-39 4.97118e+27 0.001 10 25000 1.543e+14 247 5 1 1 
3.74178e+15 -2.09243e-14 -2.31661e-37 4.97118e+27 0.001 10 25000 1.543e+14 248 5 1 1 
3.81893e+15 -3.1251e-12 -2.32939e-37 4.97118e+27 0.001 10 25000 1.543e+14 249 4 1 1 
3.89608e+15 3.1251e-12 2.32939e-37 4.97118e+27 0.001 10 25000 1.543e+14 250 4 1 1 
3.97323e+15 2.09243e-14 2.31661e-37 4.97118e+27 0.001 10 25000 1.543e+14 251 5 1 1 
4.05038e+15 3.12256e-13 -1.27813e-39 4.97118e+27 0.001 10 25000 1.543e+14 252 5 1 1 
4.12753e+15 -2.4089e-12 1.84198e-24 4.97118e+27 0.001 10 25000 1.543e+14 253 5 1 1 
4.20468e+15 1.52839e-12 -1.0898e-53 4.97118e+27 0.001 10 25000 1.543e+14 254 5 1 1 
4.28183e+15 -6.86102e-13 3.26939e-54 4.97118e+27 0.001 10 25000 1.543e+14 255 5 1 1 
4.35898e+15 -7.76748e-13 -1.84198e-24 4.97118e+27 0.001 10 25000 1.543e+14 256 5 1 1 
4.43613e+15 -2.43886e-12 1.84198e-24 4.97118e+27 0.001 10 25000 1.543e+14 257 5 1 1 
4.51328e+15 -1.42405e-12 -1.45306e-54 4.97118e+27 0.001 10 25000 1.543e+14 258 5 1 1 
4.59043e+15 -1.58941e-12 0 4.97118e+27 0.001 10 25000 1.543e+14 259 5 1 1 
4.66758e+15 3.37357e-13 -3.63266e-55 4.97118e+27 0.001 10 25000 1.543e+14 260 5 1 1 
4.74473e+15 1.69188e-13 0 4.97118e+27 0.001 10 25000 1.543e+14 261 5 1 1 
4.82188e+15 1.56055e-42 3.63266e-55 4.97118e+27 0.001 10 25000 1.543e+14 262 5 1 1 
4.89903e+15 0 0 4.97118e+27 0.001 10 25000 1.543e+14 263 5 1 1 
4.97618e+15 -4.12583e-44 -2.90613e-54 4.97118e+27 0.001 10 25000 1.543e+14 264 5 1 1 
5.05333e+15 -1.74342e-13 -1.47358e-23 4.97118e+27 0.001 10 25000 1.543e+14 265 5 1 1 
5.13048e+15 -1.60387e-12 -8.84149e-23 4.97118e+27 0.001 10 25000 1.543e+14 266 5 1 1 
5.20763e+15 -2.69332e-11 -8.08628e-22 4.97118e+27 0.001 10 25000 1.543e+14 267 4 1 1 
5.28478e+15 -8.62719e-11 -2.19379e-21 4.97118e+27 0.001 10 25000 1.543e+14 268 4 1 1 
5.36193e+15 -2.95107e-10 -6.38061e-21 4.97118e+27 0.001 10 25000 1.543e+14 269 4 1 1 
5.43907e+15 -9.08428e-10 -1.95047e-20 4.97118e+27 0.001 10 25000 1.543e+14 270 4 1 1 
5.51622e+15 -2.70764e-09 -5.58174e-20 4.97118e+27 0.001 10 25000 1.543e+14 271 4 1 1 
5.59337e+15 -7.81134e-09 -1.5655e-19 4.97118e+27 0.001 10 25000 1.543e+14 272 4 1 1 
5.67052e+15 -2.19757e-08 -4.25279e-19 4.97118e+27 0.001 10 25000 1.543e+14 273 4 1 1 
5.74767e+15 -6.003e-08 -1.1255e-18 4.97118e+27 0.001 10 25000 1.543e+14 274 4 1 1 
5.82482e+15 -1.59507e-07 -2.89405e-18 4.97118e+27 0.001 10 25000 1.543e+14 275 4 1 1 
5.90197e+15 -4.12673e-07 -7.24849e-18 4.97118e+27 0.001 10 25000 1.543e+14 276 4 1 1 
5.97912e+15 -1.04015e-06 -1.76824e-17 4.97118e+27 0.001 10 25000 1.543e+14 277 4 1 1 
6.05627e+15 -2.55551e-06 -4.20346e-17 4.97118e+27 0.001 10 25000 1.543e+14 278 4 1 1 
6.13342e+15 -6.1227e-06 -9.74139e-17 4.97118e+27 0.001 10 25000 1.543e+14 279 4 1 1 
6.21057e+15 -1.43109e-05 -2.2015e-16 4.97118e+27 0.001 10 25000 1.543e+14 280 4 1 1 
6.28772e+15 -3.26441e-05 -4.85317e-16 4.97118e+27 0.001 10 25000 1.543e+14 281 4 1 1 
6.36487e+15 -7.26924e-05 -1.04387e-15 4.97118e+27 0.001 10 25000 1.543e+14 282 4 1 1 
6.44202e+15 -0.000158066 -2.19112e-15 4.97118e+27 0.001 10 25000 1.543e+14 283 4 1 1 
6.51917e+15 -0.000335707 -4.48914e-15 4.97118e+27 0.001 10 25000 1.543e+14 284 4 1 1 
6.59632e+15 -0.000696535 -8.9783e-15 4.97118e+27 0.001 10 25000 1.543e+14 285 4 1 1 
6.67347e+15 -0.00141211 -1.7531e-14 4.97118e+27 0.001 10 25000 1.543e+14 286 4 1 1 
6.75062e+15 -0.00279774 -3.3422e-14 4.97118e+27 0.001 10 25000 1.543e+14 287 4 1 1 
6.82777e+15 -0.00541773 -6.2215e-14 4.97118e+27 0.001 10.0001 25000 1.54299e+14 288 4 1 1 
6.90492e+15 -0.0102554 -1.13084e-13 4.97118e+27 0.00100001 10.0001 25000.1 1.54299e+14 289 4 1 1 
6.98207e+15 -0.0189782 -2.007e-13 4.97118e+27 0.00100001 10.0002 25000.1 1.54298e+14 290 4 1 1 
7.05922e+15 -0.0343365 -3.47786e-13 4.97118e+27 0.00100003 10.0004 25000.3 1.54296e+14 291 4 1 1 
7.13637e+15 -0.060741 -5.88377e-13 4.97118e+27 0.00100005 10.0007 25000.5 1.54293e+14 292 4 1 1 
7.21351e+15 -0.105062 -9.71667e-13 4.97118e+27 0.00100008 10.0011 25000.8 1.54287e+14 293 4 1 1 
7.29066e+15 -0.177681 -1.56604e-12 4.97118e+27 0.00100014 10.0019 25001.4 1.54279e+14 294 4 1 1 
7.36779e+15 -0.293803 -2.46253e-12 4.97118e+27 0.00100023 10.0032 25002.3 1.54265e+14 295 4 1 1 
7.44492e+15 -0.474947 -3.77627e-12 4.97118e+27 0.00100037 10.0051 25003.7 1.54243e+14 296 4 1 1 
7.52204e+15 -0.750477 -5.64393e-12 4.97118e+27 0.00100058 10.0082 25005.8 1.5421e+14 297 4 1 1 
7.59913e+15 -1.15883 -8.21441e-12 4.97118e+27 0.00100091 10.0126 25009 1.5416e+14 298 4 1 0.999999 
7.6762e+15 -1.74796 -1.16295e-11 4.97118e+27 0.00100137 10.0191 25013.6 1.54089e+14 299 4 1 0.999999 
7.75322e+15 -2.57427 -1.59916e-11 4.97118e+27 0.00100202 10.0283 25020.2 1.53989e+14 300 4 1 0.999997 
7.83019e+15 -3.69918 -2.1318e-11 4.97118e+27 0.00100292 10.0408 25029.1 1.53851e+14 301 4 1 0.999995 
7.90707e+15 -5.18247 -2.74853e-11 4.97118e+27 0.0010041 10.0574 25040.9 1.5367e+14 302 4 1 0.999993 
7.98386e+15 -7.07212 -3.41761e-11 4.97118e+27 0.00100562 10.0787 25056.1 1.53438e+14 303 4 1 0.999989 
8.06051e+15 -9.39107 -4.08486e-11 4.97118e+27 0.0010075 10.105 25074.8 1.53152e+14 304 4 1 0.999985 
8.13701e+15 -12.1232 -4.6756e-11 4.97118e+27 0.00100973 10.1364 25097 1.52813e+14 305 4 1 0.999981 
8.21332e+15 -15.2019 -5.10347e-11 4.97118e+27 0.00101227 10.1722 25122.4 1.5243e+14 306 4 1 0.999978 
8.28944e+15 -18.5063 -5.28607e-11 4.97118e+27 0.00101503 10.2111 25149.8 1.52015e+14 307 4 1 0.999977 
8.36534e+15 -21.8675 -5.16202e-11 4.97118e+27 0.00101788 10.2513 25178.1 1.5159e+14 308 4 1 0.999978 
8.44103e+15 -25.0864 -4.71257e-11 4.97118e+27 0.00102065 10.2906 25205.7 1.51177e+14 309 4 1 0.999983 
8.51652e+15 -27.9548 -3.91917e-11 4.97118e+27 0.00102318 10.3263 25230.6 1.50805e+14 310 4 1 0.99999 
8.59183e+15 -30.2553 -2.82614e-11 4.97118e+27 0.00102521 10.3552 25250.8 1.50505e+14 311 4 1 1 
8.66702e+15 -31.4286 2.48658e-12 4.97118e+27 0.0010258 10.3644 25257.3 1.5042e+14 312 3 1 1 
8.74225e+15 -26.6629 1.85412e-10 4.97118e+27 0.00102064 10.2929 25207.6 1.51179e+14 313 4 1 0.99999 
8.8182e+15 -9.09013 3.21642e-10 4.97118e+27 0.00100785 10.1108 25079.5 1.53099e+14 314 4 1 0.999629 
8.89536e+15 7.36571 1.65533e-10 4.97118e+27 0.000995306 9.9326 24952 1.55028e+14 315 4 1 0.999482 
8.97324e+15 13.5833 5.27946e-11 4.97118e+27 0.000988648 9.8409 24885.8 1.56072e+14 316 4 1 0.999841 
9.05143e+15 19.1357 1.247e-10 4.97118e+27 0.000983074 9.76493 24831 1.56957e+14 317 4 1 0.999925 
9.13019e+15 30.2632 1.94476e-10 4.97118e+27 0.000974366 9.64374 24742.7 1.58359e+14 318 4 1 0.999803 
9.2098e+15 43.2639 1.85055e-10 4.97118e+27 0.000964089 9.5009 24637.4 1.60048e+14 319 4 1 0.999675 
9.29025e+15 55.1066 1.64757e-10 4.97118e+27 0.000954303 9.36615 24537 1.61689e+14 320 4 1 0.999691 
9.37149e+15 66.5748 1.67107e-10 4.97118e+27 0.000944884 9.23719 24440 1.633e+14 321 4 1 0.999717 
9.45355e+15 78.5341 1.72853e-10 4.97118e+27 0.000935273 9.10593 24340.3 1.64979e+14 322 4 1 0.999702 
9.53647e+15 90.8716 1.73377e-10 4.97118e+27 0.000925471 8.97258 24237.9 1.66726e+14 323 4 1 0.999681 
9.62028e+15 103.354 1.73278e-10 4.97118e+27 0.000915603 8.83892 24134.2 1.68523e+14 324 4 1 0.99967 
9.705e+15 115.966 1.73233e-10 4.97118e+27 0.000905691 8.70525 24029.3 1.70367e+14 325 4 1 0.99966 
9.79065e+15 128.783 1.73309e-10 4.97118e+27 0.000895734 8.57156 23923.3 1.72261e+14 326 4 1 0.999649 
9.87727e+15 141.774 1.73455e-10 4.97118e+27 0.000885727 8.4378 23816.1 1.74207e+14 327 4 1 0.999638 
9.96487e+15 154.935 1.73206e-10 4.97118e+27 0.000875678 8.30408 23707.6 1.76206e+14 328 4 1 0.999627 
1.00535e+16 168.286 1.73193e-10 4.97118e+27 0.000865588 8.17044 23598 1.7826e+14 329 4 1 0.999616 
1.01431e+16 181.794 1.73168e-10 4.97118e+27 0.000855454 8.03684 23487.1 1.80372e+14 330 4 1 0.999603 
1.02339e+16 195.488 1.72863e-10 4.97118e+27 0.000845282 7.90337 23375 1.82543e+14 331 4 1 0.999591 
1.03257e+16 209.377 1.72563e-10 4.97118e+27 0.000835076 7.77011 23261.7 1.84774e+14 332 4 1 0.999578 
1.04186e+16 223.442 1.72402e-10 4.97118e+27 0.000824835 7.63703 23147.2 1.87068e+14 333 4 1 0.999565 
1.05128e+16 237.7 1.72093e-10 4.97118e+27 0.000814557 7.50414 23031.4 1.89428e+14 334 4 1 0.999551 
1.06081e+16 252.16 1.71896e-10 4.97118e+27 0.000804242 7.37144 22914.3 1.91858e+14 335 4 1 0.999537 
1.07046e+16 266.789 1.71483e-10 4.97118e+27 0.000793893 7.23899 22795.9 1.94359e+14 336 4 1 0.999522 
1.08024e+16 281.649 1.70948e-10 4.97118e+27 0.000783517 7.10689 22676.3 1.96933e+14 337 4 1 0.999507 
1.09016e+16 296.701 1.70813e-10 4.97118e+27 0.000773107 6.97505 22555.3 1.99584e+14 338 4 1 0.999491 
1.1002e+16 311.95 1.69982e-10 4.97118e+27 0.00076267 6.84359 22433 2.02315e+14 339 4 1 0.999475 
1.11039e+16 327.418 1.69857e-10 4.97118e+27 0.000752206 6.71249 22309.4 2.0513e+14 340 4 1 0.999458 
1.12072e+16 343.08 1.69076e-10 4.97118e+27 0.000741712 6.58177 22184.4 2.08032e+14 341 4 1 0.99944 
1.13119e+16 358.977 1.68308e-10 4.97118e+27 0.000731205 6.45161 22058.2 2.11022e+14 342 4 1 0.999423 
1.14182e+16 375.072 1.67816e-10 4.97118e+27 0.000720678 6.32195 21930.6 2.14104e+14 343 4 1 0.999404 
1.15261e+16 391.376 1.66955e-10 4.97118e+27 0.000710134 6.19284 21801.7 2.17283e+14 344 4 1 0.999385 
1.16355e+16 407.885 1.65862e-10 4.97118e+27 0.000699589 6.06449 21671.7 2.20558e+14 345 4 1 0.999367 
1.17466e+16 424.557 1.6449e-10 4.97118e+27 0.000689061 5.93712 21540.7 2.23928e+14 346 4 1 0.99935 
1.18594e+16 441.41 1.62543e-10 4.97118e+27 0.000678576 5.81103 21409 2.27388e+14 347 4 1 0.999335 
1.1974e+16 458.322 1.60454e-10 4.97118e+27 0.000668161 5.68655 21276.9 2.30932e+14 348 4 1 0.999323 
1.20904e+16 475.271 1.56908e-10 4.97118e+27 0.00065787 5.5643 21145.3 2.34545e+14 349 4 1 0.999316 
1.22086e+16 492.087 1.52471e-10 4.97118e+27 0.000647778 5.44517 21014.9 2.38199e+14 350 4 1 0.99932 
1.23286e+16 508.646 1.4609e-10 4.97118e+27 0.000637983 5.33025 20887.2 2.41856e+14 351 4 1 0.999336 
1.24505e+16 524.702 1.38123e-10 4.97118e+27 0.000628599 5.22081 20763.8 2.45467e+14 352 4 1 0.999368 
1.25741e+16 540.003 1.28726e-10 4.97118e+27 0.00061972 5.11786 20646 2.48984e+14 353 4 1 0.999414 
1.26995e+16 554.566 1.20698e-10 4.97118e+27 0.000611345 5.02132 20534 2.52394e+14 354 4 1 0.999464 
1.28265e+16 568.591 1.16406e-10 4.97118e+27 0.000603311 4.92921 20425.7 2.55755e+14 355 4 1 0.999497 
1.29552e+16 582.772 1.1924e-10 4.97118e+27 0.000595279 4.83762 20316.6 2.59206e+14 356 4 1 0.999493 
1.30857e+16 597.823 1.27179e-10 4.97118e+27 0.000586879 4.74234 20201.4 2.62916e+14 357 4 1 0.999439 
1.32182e+16 614.134 1.33866e-10 4.97118e+27 0.000577999 4.64218 20078.6 2.66955e+14 358 4 1 0.999354 
1.33527e+16 631.134 1.33003e-10 4.97118e+27 0.000568924 4.54043 19951.9 2.71214e+14 359 4 1 0.999293 
1.34894e+16 647.677 1.21237e-10 4.97118e+27 0.000560255 4.44384 19829.7 2.7541e+14 360 4 1 0.999315 
1.36281e+16 662.118 9.70352e-11 4.97118e+27 0.000552775 4.36097 19723.4 2.79137e+14 361 4 1 0.99945 
1.37685e+16 672.788 6.04521e-11 4.97118e+27 0.000547314 4.30076 19645.2 2.81922e+14 362 4 1 0.999678 
1.391e+16 678.187 1.90977e-11 4.97118e+27 0.000544431 4.26909 19603.8 2.83415e+14 363 4 1 0.999898 
1.40519e+16 678.912 -3.51314e-12 4.97118e+27 0.000543671 4.26083 19593 2.83812e+14 364 5 1 0.999992 
1.41939e+16 678.673 -1.0415e-12 4.97118e+27 0.000543705 4.26126 19593.6 2.83794e+14 365 4 1 1 
1.43357e+16 678.398 -3.30719e-12 4.97118e+27 0.000543828 4.26262 19595.4 2.83729e+14 366 4 1 0.999999 
1.44776e+16 677.944 -3.88265e-12 4.97118e+27 0.000544041 4.26497 19598.6 2.83618e+14 367 4 1 0.999999 
1.46194e+16 677.405 -4.12399e-12 4.97118e+27 0.000544304 4.26787 19602.4 2.83481e+14 368 4 1 0.999999 
1.47611e+16 676.848 -3.97768e-12 4.97118e+27 0.000544586 4.27099 19606.6 2.83334e+14 369 4 1 0.999999 
1.49027e+16 676.324 -3.57958e-12 4.97118e+27 0.00054486 4.27401 19610.6 2.83192e+14 370 4 1 0.999999 
1.50443e+16 675.86 -3.04281e-12 4.97118e+27 0.000545107 4.27674 19614.2 2.83064e+14 371 4 1 1 
1.51858e+16 675.465 -2.51196e-12 4.97118e+27 0.000545319 4.27908 19617.3 2.82954e+14 372 4 1 1 
1.53272e+16 675.14 -2.05643e-12 4.97118e+27 0.000545495 4.28103 19620 2.82862e+14 373 4 1 1 
1.54686e+16 674.875 -1.67927e-12 4.97118e+27 0.000545639 4.28264 19622.1 2.82788e+14 374 4 1 1 
1.561e+16 674.659 -1.37771e-12 4.97118e+27 0.000545756 4.28395 19623.9 2.82727e+14 375 4 1 1 
1.57513e+16 674.48 -1.15006e-12 4.97118e+27 0.000545851 4.28502 19625.4 2.82678e+14 376 4 1 1 
1.58927e+16 674.329 -9.80972e-13 4.97118e+27 0.000545931 4.28592 19626.7 2.82637e+14 377 4 1 1 
1.6034e+16 674.201 -8.51189e-13 4.97118e+27 0.000545997 4.28668 19627.8 2.82602e+14 378 4 1 1 
1.61753e+16 674.088 -7.48239e-13 4.97118e+27 0.000546055 4.28735 19628.7 2.82572e+14 379 4 1 1 
1.63166e+16 673.989 -6.63364e-13 4.97118e+27 0.000546104 4.28793 19629.6 2.82547e+14 380 4 1 1 
1.64578e+16 673.901 -5.89671e-13 4.97118e+27 0.000546147 4.28844 19630.4 2.82525e+14 381 4 1 1 
1.65991e+16 673.823 -5.24405e-13 4.97118e+27 0.000546185 4.2889 19631.2 2.82505e+14 382 4 1 1 
1.67403e+16 673.753 -4.67296e-13 4.97118e+27 0.000546217 4.2893 19631.8 2.82488e+14 383 4 1 1 
1.68816e+16 673.69 -4.17266e-13 4.97118e+27 0.000546245 4.28966 19632.5 2.82474e+14 384 4 1 1 
1.70228e+16 673.634 -3.7262e-13 4.97118e+27 0.000546269 4.28999 19633.1 2.82462e+14 385 4 1 1 
1.7164e+16 673.585 -3.32501e-13 4.97118e+27 0.000546288 4.29027 19633.7 2.82452e+14 386 4 1 1 
1.73053e+16 673.54 -2.96697e-13 4.97118e+27 0.000546304 4.29053 19634.3 2.82443e+14 387 4 1 1 
1.74465e+16 673.499 -2.64962e-13 4.97118e+27 0.000546316 4.29076 19635 2.82437e+14 388 4 1 1 
1.75877e+16 673.463 -2.37037e-13 4.97118e+27 0.000546325 4.29096 19635.6 2.82433e+14 389 4 1 1 
1.77289e+16 673.43 -2.12704e-13 4.97118e+27 0.000546329 4.29114 19636.3 2.82431e+14 390 4 1 1 
1.78701e+16 673.4 -1.91575e-13 4.97118e+27 0.00054633 4.29131 19637 2.8243e+14 391 3 1 1 
1.80113e+16 673.373 -1.73044e-13 4.97118e+27 0.000546326 4.29145 19637.7 2.82432e+14 392 4 1 1 
1.81526e+16 673.348 -1.56523e-13 4.97118e+27 0.000546317 4.29156 19638.6 2.82437e+14 393 4 1 1 
1.82938e+16 673.325 -1.41644e-13 4.97118e+27 0.000546291 4.29156 19639.5 2.8245e+14 394 4 1 1 
1.8435e+16 673.304 -1.28278e-13 4.97118e+27 0.000546192 4.29103 19640.7 2.82501e+14 395 4 1 1 
1.85763e+16 673.285 -1.1637e-13 4.97118e+27 0.000545774 4.28851 19644.1 2.82718e+14 396 4 1 0.999999 
1.87177e+16 673.267 -1.0578e-13 4.97118e+27 0.000544149 4.271 19622.4 2.83562e+14 397 4 1 0.999987 
1.88598e+16 673.251 -9.61668e-14 4.97118e+27 0.000531019 4.11625 19379 2.90573e+14 398 4 1 0.999668 
1.90084e+16 673.235 -8.68631e-14 4.97118e+27 0.000506927 4.40315 21714.9 3.04383e+14 399 4 1 0.994707 
1.91644e+16 673.219 -7.7702e-14 4.97118e+27 0.000481382 4.15672 21587.4 3.20536e+14 400 4 1 0.993699 
1.93293e+16 673.203 -6.8622e-14 4.97118e+27 0.000458887 4.50132 24523 3.36248e+14 401 4 1 0.993694 
1.95009e+16 673.188 -5.97874e-14 4.97118e+27 0.000450267 4.30659 23911.3 3.42686e+14 402 5 1 0.998658 
1.9672e+16 673.173 -5.15727e-14 4.97118e+27 0.000451861 4.28982 23734.2 3.41477e+14 403 4 1 0.999967 
1.98423e+16 673.16 -4.38416e-14 4.97118e+27 0.000453481 4.28935 23646.8 3.40256e+14 404 4 1 0.999986 
2.00122e+16 673.147 -3.64429e-14 4.97118e+27 0.000454567 4.29068 23597.6 3.39444e+14 405 4 1 0.999994 
2.01818e+16 673.134 -2.93287e-14 4.97118e+27 0.000455264 4.29149 23565.9 3.38924e+14 406 4 1 0.999997 
2.03511e+16 673.122 -2.25267e-14 4.97118e+27 0.000455734 4.2919 23543.9 3.38575e+14 407 4 1 0.999999 
2.05204e+16 673.11 -1.60728e-14 4.97118e+27 0.000456068 4.29213 23527.9 3.38327e+14 408 4 1 0.999999 
2.06895e+16 673.098 -9.92818e-15 4.97118e+27 0.000456314 4.29226 23515.9 3.38144e+14 409 4 1 1 
2.08585e+16 673.086 -3.90548e-15 4.97118e+27 0.000456501 4.29235 23506.8 3.38006e+14 410 4 1 1 
2.10275e+16 673.075 2.38433e-15 4.97118e+27 0.000456645 4.2924 23499.7 3.37899e+14 411 4 1 1 
2.11964e+16 673.063 9.56232e-15 4.97118e+27 0.000456758 4.29243 23494 3.37816e+14 412 4 1 1 
2.13653e+16 673.051 1.90696e-14 4.97118e+27 0.000456847 4.29244 23489.5 3.3775e+14 413 4 1 1 
2.15342e+16 673.037 3.47996e-14 4.97118e+27 0.000456917 4.29243 23485.8 3.37698e+14 414 4 1 1 
2.1703e+16 673.02 6.82577e-14 4.97118e+27 0.00045697 4.29237 23482.8 3.37659e+14 415 4 1 1 
2.18718e+16 672.992 1.59843e-13 4.97118e+27 0.000457005 4.29222 23480.1 3.37633e+14 416 4 1 1 
2.20406e+16 672.931 4.26928e-13 4.97118e+27 0.000457009 4.29175 23477.4 3.3763e+14 417 3 1 1 
2.22094e+16 672.766 1.24602e-12 4.97118e+27 0.000456934 4.29035 23473.6 3.37686e+14 418 4 1 1 
2.23783e+16 672.288 3.74092e-12 4.97118e+27 0.000456639 4.28614 23465.6 3.37904e+14 419 4 1 0.999999 
2.25473e+16 670.887 1.07778e-11 4.97118e+27 0.00045573 4.27393 23445.4 3.38578e+14 420 4 1 0.999993 
2.27169e+16 666.944 2.97039e-11 4.97118e+27 0.000453235 4.24099 23392.6 3.40442e+14 421 4 1 0.999945 
2.28878e+16 656.925 7.23275e-11 4.97118e+27 0.000447097 4.16049 23263.3 3.45116e+14 422 4 1 0.99965 
2.3062e+16 632.992 1.65937e-10 4.97118e+27 0.000433839 3.98776 22978.3 3.55662e+14 423 4 1 0.998288 
2.32436e+16 584.541 3.16753e-10 4.97118e+27 0.000409206 3.67037 22421.7 3.77072e+14 424 4 1 0.993853 
2.34397e+16 485.443 6.76996e-10 4.97118e+27 0.000368266 3.15329 21404.4 4.1899e+14 425 4 1 0.983682 
2.36651e+16 304.544 9.93623e-10 4.97118e+27 0.00031721 2.53601 19987.7 4.86429e+14 426 4 1 0.966102 
2.3931e+16 117.4 7.12201e-10 4.97118e+27 0.000276106 2.07001 18745.8 5.58842e+14 427 4 1 0.962515 
2.42268e+16 22.6806 2.27935e-10 4.97118e+27 0.000256197 1.85806 18133 6.0227e+14 428 4 1 0.984997 
2.45337e+16 1.25094 2.67813e-11 4.97118e+27 0.000250723 1.80222 17970.7 6.1542e+14 429 4 1 0.998376 
2.48423e+16 -0.246267 -1.10756e-12 4.97118e+27 0.000249995 1.79494 17949.8 6.17213e+14 430 4 1 0.999967 
2.51509e+16 -0.0124363 -3.73743e-13 4.97118e+27 0.000249991 1.79491 17949.7 6.17222e+14 431 5 1 1 
2.54595e+16 0.00430819 1.98415e-14 4.97118e+27 0.00025 1.795 17950 6.17199e+14 432 3 1 1 
2.57681e+16 0.00127475 8.55312e-15 4.97118e+27 0.00025 1.795 17950 6.17199e+14 433 4 1 1 
2.60767e+16 0.000297885 2.11488e-15 4.97118e+27 0.00025 1.795 17950 6.172e+14 434 4 1 1 
2.63853e+16 6.59476e-05 4.80305e-16 4.97118e+27 0.00025 1.795 17950 6.172e+14 435 4 1 1 
2.66939e+16 1.42218e-05 1.05694e-16 4.97118e+27 0.00025 1.795 17950 6.172e+14 436 4 1 1 
2.70025e+16 2.98937e-06 2.27504e-17 4.97118e+27 0.00025 1.795 17950 6.172e+14 437 4 1 1 
2.73111e+16 6.0985e-07 4.77297e-18 4.97118e+27 0.00025 1.795 17950 6.172e+14 438 4 1 1 
2.76197e+16 1.20217e-07 9.70855e-19 4.97118e+27 0.00025 1.795 17950 6.172e+14 439 4 1 1 
2.79283e+16 2.28403e-08 1.90736e-19 4.97118e+27 0.00025 1.795 17950 6.172e+14 440 4 1 1 
2.82369e+16 4.15336e-09 3.60047e-20 4.97118e+27 0.00025 1.795 17950 6.172e+14 441 4 1 1 
2.85455e+16 7.22644e-10 6.47501e-21 4.97118e+27 0.00025 1.795 17950 6.172e+14 442 4 1 1 
2.88541e+16 1.23377e-10 1.19268e-21 4.97118e+27 0.00025 1.795 17950 6.172e+14 443 4 1 1 
2.91627e+16 9.34861e-12 1.89724e-22 4.97118e+27 0.00025 1.795 17950 6.172e+14 444 4 1 1 
2.94713e+16 -2.52181e-12 9.20989e-24 4.97118e+27 0.00025 1.795 17950 6.172e+14 445 5 1 1 
2.97799e+16 6.76285e-12 -2.30247e-24 4.97118e+27 0.00025 1.795 17950 6.172e+14 446 5 1 1 
3.00885e+16 9.17909e-13 -9.20989e-25 4.97118e+27 0.00025 1.795 17950 6.172e+14 447 5 1 1 
3.03971e+16 2.49931e-12 6.44692e-24 4.97118e+27 0.00025 1.795 17950 6.172e+14 448 5 1 1 
3.07057e+16 -4.76338e-12 9.20989e-24 4.97118e+27 0.00025 1.795 17950 6.172e+14 449 3 1 1 
3.10143e+16 4.76338e-12 -9.20989e-24 4.97118e+27 0.00025 1.795 17950 6.172e+14 450 3 1 1 
3.13229e+16 -2.49931e-12 -6.44692e-24 4.97118e+27 0.00025 1.795 17950 6.172e+14 451 5 1 1 
3.16315e+16 -9.17909e-13 9.20989e-25 4.97118e+27 0.00025 1.795 17950 6.172e+14 452 5 1 1 
3.19401e+16 -6.76285e-12 2.30247e-24 4.97118e+27 0.00025 1.795 17950 6.172e+14 453 5 1 1 
3.22487e+16 2.36493e-12 -1.74988e-23 4.97118e+27 0.00025 1.795 17950 6.172e+14 454 5 1 1 
3.25573e+16 -6.72495e-12 -8.2889e-23 4.97118e+27 0.00025 1.795 17950 6.172e+14 455 5 1 1 
3.28659e+16 -1.09812e-10 -1.32714e-21 4.97118e+27 0.00025 1.795 17950 6.172e+14 456 4 1 1 
3.31745e+16 -7.24416e-10 -6.44047e-21 4.97118e+27 0.00025 1.795 17950 6.172e+14 457 4 1 1 
3.34831e+16 -4.15264e-09 -3.60199e-20 4.97118e+27 0.00025 1.795 17950 6.172e+14 458 4 1 1 
3.37917e+16 -2.28346e-08 -1.90658e-19 4.97118e+27 0.00025 1.795 17950 6.172e+14 459 4 1 1 
3.41003e+16 -1.20256e-07 -9.70956e-19 4.97118e+27 0.00025 1.795 17950 6.172e+14 460 4 1 1 
3.44089e+16 -6.09841e-07 -4.7729e-18 4.97118e+27 0.00025 1.795 17950 6.172e+14 461 4 1 1 
3.47175e+16 -2.98933e-06 -2.27504e-17 4.97118e+27 0.00025 1.795 17950 6.172e+14 462 4 1 1 
3.50261e+16 -1.42218e-05 -1.05694e-16 4.97118e+27 0.00025 1.795 17950 6.172e+14 463 4 1 1 
3.53347e+16 -6.59476e-05 -4.80305e-16 4.97118e+27 0.00025 1.795 17950 6.172e+14 464 4 1 1 
3.56433e+16 -0.000297885 -2.11488e-15 4.97118e+27 0.00025 1.795 17950 6.172e+14 465 4 1 1 
3.59519e+16 -0.00127475 -8.55312e-15 4.97118e+27 0.00025 1.795 17950 6.17199e+14 466 4 1 1 
3.62605e+16 -0.00430819 -1.98415e-14 4.97118e+27 0.00025 1.795 17950 6.17199e+14 467 3 1 1 
3.65691e+16 0.0124363 3.73743e-13 4.97118e+27 0.000249991 1.79491 17949.7 6.17222e+14 468 5 1 1 
3.68777e+16 0.246267 1.10756e-12 4.97118e+27 0.000249995 1.79494 17949.8 6.17213e+14 469 4 1 0.999967 
3.71863e+16 -1.25094 -2.67813e-11 4.97118e+27 0.000250723 1.80222 17970.7 6.1542e+14 470 4 1 0.998376 
3.74932e+16 -22.6806 -2.27935e-10 4.97118e+27 0.000256197 1.85806 18133 6.0227e+14 471 4 1 0.984997 
3.7789e+16 -117.4 -7.12201e-10 4.97118e+27 0.000276106 2.07001 18745.8 5.58842e+14 472 4 1 0.962515 
3.80549e+16 -304.544 -9.93623e-10 4.97118e+27 0.00031721 2.53601 19987.7 4.86429e+14 473 4 1 0.966102 
3.82803e+16 -485.443 -6.76996e-10 4.97118e+27 0.000368266 3.15329 21404.4 4.1899e+14 474 4 1 0.983682 
3.84764e+16 -584.541 -3.16753e-10 4.97118e+27 0.000409206 3.67037 22421.7 3.77072e+14 475 4 1 0.993853 
3.8658e+16 -632.992 -1.65937e-10 4.97118e+27 0.000433839 3.98776 22978.3 3.55662e+14 476 4 1 0.998288 
3.88322e+16 -656.925 -7.23275e-11 4.97118e+27 0.000447097 4.16049 23263.3 3.45116e+14 477 4 1 0.99965 
3.90031e+16 -666.944 -2.97039e-11 4.97118e+27 0.000453235 4.24099 23392.6 3.40442e+14 478 4 1 0.999945 
3.91727e+16 -670.887 -1.07778e-11 4.97118e+27 0.00045573 4.27393 23445.4 3.38578e+14 479 4 1 0.999993 
3.93417e+16 -672.288 -3.74092e-12 4.97118e+27 0.000456639 4.28614 23465.6 3.37904e+14 480 4 1 0.999999 
3.95106e+16 -672.766 -1.24602e-12 4.97118e+27 0.000456934 4.29035 23473.6 3.37686e+14 481 4 1 1 
3.96794e+16 -672.931 -4.26928e-13 4.97118e+27 0.000457009 4.29175 23477.4 3.3763e+14 482 3 1 1 
3.98482e+16 -672.992 -1.59843e-13 4.97118e+27 0.000457005 4.29222 23480.1 3.37633e+14 483 4 1 1 
4.0017e+16 -673.02 -6.82577e-14 4.97118e+27 0.00045697 4.29237 23482.8 3.37659e+14 484 4 1 1 
4.01858e+16 -673.037 -3.47996e-14 4.97118e+27 0.000456917 4.29243 23485.8 3.37698e+14 485 4 1 1 
4.03547e+16 -673.051 -1.90696e-14 4.97118e+27 0.000456847 4.29244 23489.5 3.3775e+14 486 4 1 1 
4.05236e+16 -673.063 -9.56232e-15 4.97118e+27 0.000456758 4.29243 23494 3.37816e+14 487 4 1 1 
4.06925e+16 -673.075 -2.38433e-15 4.97118e+27 0.000456645 4.2924 23499.7 3.37899e+14 488 4 1 1 
4.08615e+16 -673.086 3.90548e-15 4.97118e+27 0.000456501 4.29235 23506.8 3.38006e+14 489 4 1 1 
4.10305e+16 -673.098 9.92818e-15 4.97118e+27 0.000456314 4.29226 23515.9 3.38144e+14 490 4 1 1 
4.11996e+16 -673.11 1.60728e-14 4.97118e+27 0.000456068 4.29213 23527.9 3.38327e+14 491 4 1 0.999999 
4.13689e+16 -673.122 2.25267e-14 4.97118e+27 0.000455734 4.2919 23543.9 3.38575e+14 492 4 1 0.999999 
4.15382e+16 -673.134 2.93287e-14 4.97118e+27 0.000455264 4.29149 23565.9 3.38924e+14 493 4 1 0.999997 
4.17078e+16 -673.147 3.64429e-14 4.97118e+27 0.000454567 4.29068 23597.6 3.39444e+14 494 4 1 0.999994 
4.18777e+16 -673.16 4.38416e-14 4.97118e+27 0.000453481 4.28935 23646.8 3.40256e+14 495 4 1 0.999986 
4.2048e+16 -673.173 5.15727e-14 4.97118e+27 0.000451861 4.28982 23734.2 3.41477e+14 496 4 1 0.999967 
4.22191e+16 -673.188 5.97874e-14 4.97118e+27 0.000450267 4.30659 23911.3 3.42686e+14 497 5 1 0.998658 
4.23907e+16 -673.203 6.8622e-14 4.97118e+27 0.000458887 4.50132 24523 3.36248e+14 498 4 1 0.993694 
4.25556e+16 -673.219 7.7702e-14 4.97118e+27 0.000481382 4.15672 21587.4 3.20536e+14 499 4 1 0.993699 
