# Time [s]: 0.174872
# Columns: pos [m], vel [m/s], acc [m/s^2], mass [kg], dens [kg/m^3], pres [Pa], ene [J/kg], sml [m], id, neighbor, alpha, gradh, ...additional?
1.38446 -0.673236 0.00271319 0.0025 0.506926 0.440314 2.17149 0.00986337 0 4 1 0.994707 
1.38927 -0.673253 0.00300483 0.0025 0.531018 0.411624 1.9379 0.00941588 1 4 1 0.999668 
1.39388 -0.673269 0.00330575 0.0025 0.544147 0.427099 1.96224 0.00918869 2 4 1 0.999987 
1.39846 -0.673287 0.00363669 0.0025 0.545773 0.428849 1.96441 0.00916132 3 4 1 0.999999 
1.40304 -0.673307 0.00400878 0.0025 0.546191 0.429102 1.96407 0.00915431 4 4 1 1 
1.40761 -0.673328 0.00442721 0.0025 0.546289 0.429154 1.96395 0.00915266 5 4 1 1 
1.41219 -0.673351 0.00489395 0.0025 0.546315 0.429154 1.96386 0.00915223 6 4 1 1 
1.41677 -0.673376 0.00541259 0.0025 0.546325 0.429143 1.96377 0.00915207 7 4 1 1 
1.42134 -0.673404 0.00599376 0.0025 0.546328 0.429128 1.96369 0.00915202 8 3 1 1 
1.42592 -0.673434 0.00665566 0.0025 0.546327 0.429112 1.96362 0.00915203 9 4 1 1 
1.43049 -0.673468 0.00741812 0.0025 0.546322 0.429093 1.96355 0.00915211 10 4 1 1 
1.43507 -0.673505 0.00829458 0.0025 0.546313 0.429073 1.96349 0.00915226 11 4 1 1 
1.43965 -0.673545 0.00929199 0.0025 0.546301 0.429049 1.96343 0.00915246 12 4 1 1 
1.44422 -0.673591 0.0104181 0.0025 0.546285 0.429024 1.96337 0.00915273 13 4 1 1 
1.4488 -0.673642 0.0116806 0.0025 0.546265 0.428994 1.96331 0.00915307 14 4 1 1 
1.45338 -0.673698 0.0130843 0.0025 0.546241 0.428962 1.96324 0.00915348 15 4 1 1 
1.45795 -0.673762 0.0146511 0.0025 0.546212 0.428925 1.96318 0.00915395 16 4 1 1 
1.46253 -0.673833 0.0164352 0.0025 0.546179 0.428884 1.96311 0.00915451 17 4 1 1 
1.46711 -0.673913 0.0184807 0.0025 0.546141 0.428837 1.96303 0.00915514 18 4 1 1 
1.47169 -0.674002 0.0208014 0.0025 0.546097 0.428785 1.96295 0.00915588 19 4 1 1 
1.47626 -0.674103 0.0234804 0.0025 0.546047 0.428726 1.96286 0.00915672 20 4 1 1 
1.48084 -0.674217 0.0267438 0.0025 0.545989 0.428659 1.96276 0.0091577 21 4 1 1 
1.48542 -0.674348 0.0308847 0.0025 0.54592 0.428581 1.96265 0.00915885 22 4 1 1 
1.49 -0.674502 0.0362876 0.0025 0.545839 0.428489 1.96252 0.00916021 23 4 1 1 
1.49458 -0.674685 0.043558 0.0025 0.545741 0.428379 1.96237 0.00916185 24 4 1 1 
1.49916 -0.674907 0.053219 0.0025 0.545621 0.428244 1.96219 0.00916387 25 4 1 1 
-0.496255 -0.675179 0.0652822 0.0025 0.545473 0.42808 1.96196 0.00916636 26 4 1 1 
-0.491671 -0.675513 0.0796466 0.0025 0.545292 0.427879 1.9617 0.0091694 27 4 1 1 
-0.487086 -0.675918 0.0961397 0.0025 0.545076 0.427639 1.96138 0.00917304 28 4 1 1 
-0.482498 -0.676393 0.112664 0.0025 0.544824 0.427362 1.96101 0.00917727 29 4 1 0.999999 
-0.477908 -0.676923 0.124408 0.0025 0.544547 0.427056 1.9606 0.00918194 30 4 1 0.999999 
-0.473316 -0.677483 0.127486 0.0025 0.544264 0.426744 1.96019 0.00918671 31 4 1 0.999999 
-0.468722 -0.678017 0.117714 0.0025 0.544005 0.426458 1.95981 0.00919108 32 4 1 0.999999 
-0.464125 -0.67846 0.0988489 0.0025 0.543803 0.426234 1.95951 0.00919451 33 4 1 1 
-0.459527 -0.678691 0.0268358 0.0025 0.543686 0.426105 1.95933 0.00919648 34 5 1 1 
-0.454929 -0.678972 0.0863722 0.0025 0.543695 0.426109 1.95934 0.00919633 35 4 1 0.999987 
-0.450331 -0.677775 -0.755109 0.0025 0.544676 0.427178 1.96073 0.00917977 36 4 1 0.999872 
-0.445749 -0.671588 -2.04912 0.0025 0.547934 0.430758 1.96541 0.00912518 37 4 1 0.999641 
-0.441205 -0.660239 -3.13222 0.0025 0.553742 0.437166 1.97372 0.00902948 38 4 1 0.999421 
-0.436719 -0.645354 -3.83047 0.0025 0.561466 0.445729 1.98469 0.00890527 39 4 1 0.999301 
-0.4323 -0.628606 -4.13825 0.0025 0.570264 0.455541 1.99707 0.00876787 40 4 1 0.999294 
-0.42795 -0.611603 -4.12231 0.0025 0.579365 0.465755 2.00976 0.00863014 41 4 1 0.999365 
-0.423669 -0.595425 -3.891 0.0025 0.588201 0.475729 2.02196 0.0085005 42 4 1 0.999448 
-0.419449 -0.58052 -3.66346 0.0025 0.596548 0.485206 2.03339 0.00838156 43 4 1 0.999495 
-0.415287 -0.566383 -3.60705 0.0025 0.604574 0.494366 2.04428 0.00827028 44 4 1 0.999491 
-0.411179 -0.552267 -3.77117 0.0025 0.612665 0.50365 2.05517 0.00816107 45 4 1 0.999453 
-0.407125 -0.537549 -4.02896 0.0025 0.621138 0.513427 2.06649 0.00804974 46 4 1 0.999402 
-0.403129 -0.522069 -4.32287 0.0025 0.630131 0.523864 2.07841 0.00793486 47 4 1 0.999358 
-0.39919 -0.505865 -4.5594 0.0025 0.639623 0.534945 2.09087 0.0078171 48 4 1 0.999328 
-0.395311 -0.489188 -4.74637 0.0025 0.649507 0.546553 2.10373 0.00769815 49 4 1 0.999314 
-0.391491 -0.472289 -4.88056 0.0025 0.659672 0.558565 2.11684 0.00757953 50 4 1 0.999312 
-0.387731 -0.455275 -4.98111 0.0025 0.670024 0.570876 2.13006 0.00746242 51 4 1 0.99932 
-0.384029 -0.438323 -5.0475 0.0025 0.680491 0.5834 2.14331 0.00734763 52 4 1 0.999333 
-0.380383 -0.421436 -5.09931 0.0025 0.691022 0.596077 2.15652 0.00723566 53 4 1 0.999348 
-0.376792 -0.404738 -5.14433 0.0025 0.701589 0.608877 2.16964 0.00712668 54 4 1 0.999366 
-0.373256 -0.388209 -5.17495 0.0025 0.712171 0.621773 2.18267 0.00702079 55 4 1 0.999385 
-0.369771 -0.371889 -5.20101 0.0025 0.722749 0.63474 2.19558 0.00691803 56 4 1 0.999404 
-0.366337 -0.355784 -5.21757 0.0025 0.73331 0.647763 2.20836 0.0068184 57 4 1 0.999423 
-0.362952 -0.339873 -5.23738 0.0025 0.743849 0.660833 2.221 0.00672179 58 4 1 0.99944 
-0.359615 -0.324196 -5.26452 0.0025 0.754373 0.673959 2.23351 0.00662802 59 4 1 0.999458 
-0.356324 -0.308726 -5.26643 0.0025 0.764869 0.687123 2.24589 0.00653707 60 4 1 0.999475 
-0.353078 -0.293461 -5.29275 0.0025 0.775336 0.700322 2.25813 0.00644882 61 4 1 0.999491 
-0.349875 -0.278406 -5.29792 0.0025 0.785777 0.71356 2.27024 0.00636313 62 4 1 0.999508 
-0.346714 -0.263538 -5.30924 0.0025 0.79618 0.726821 2.28222 0.00627999 63 4 1 0.999522 
-0.343595 -0.248899 -5.32835 0.0025 0.806557 0.740117 2.29407 0.00619919 64 4 1 0.999537 
-0.340515 -0.234436 -5.33016 0.0025 0.816901 0.75344 2.30579 0.00612069 65 4 1 0.999552 
-0.337474 -0.220172 -5.34004 0.0025 0.827206 0.766778 2.31738 0.00604444 66 4 1 0.999565 
-0.33447 -0.206103 -5.34672 0.0025 0.837475 0.780137 2.32884 0.00597033 67 4 1 0.999579 
-0.331503 -0.19221 -5.35313 0.0025 0.847707 0.793513 2.34018 0.00589827 68 4 1 0.999591 
-0.328572 -0.17851 -5.3625 0.0025 0.857904 0.806907 2.3514 0.00582816 69 4 1 0.999603 
-0.325675 -0.165001 -5.36694 0.0025 0.868064 0.820318 2.3625 0.00575994 70 4 1 0.999616 
-0.322812 -0.15165 -5.36235 0.0025 0.878179 0.833731 2.37347 0.0056936 71 4 1 0.999627 
-0.319981 -0.138484 -5.37173 0.0025 0.888251 0.847148 2.38432 0.00562904 72 4 1 0.999639 
-0.317182 -0.125496 -5.36679 0.0025 0.898281 0.860571 2.39505 0.00556619 73 4 1 0.99965 
-0.314415 -0.112683 -5.35868 0.0025 0.908257 0.87398 2.40566 0.00550505 74 4 1 0.99966 
-0.311677 -0.100067 -5.37131 0.0025 0.918192 0.887392 2.41615 0.00544549 75 4 1 0.99967 
-0.308969 -0.0875825 -5.37334 0.0025 0.928086 0.90081 2.42653 0.00538743 76 4 1 0.999684 
-0.30629 -0.0752683 -5.31349 0.0025 0.937881 0.914151 2.43674 0.00533117 77 4 1 0.999706 
-0.303638 -0.0634237 -5.11691 0.0025 0.947449 0.927227 2.44665 0.00527733 78 4 1 0.999712 
-0.301012 -0.0519495 -5.20913 0.0025 0.956934 0.940228 2.4564 0.00522502 79 4 1 0.999677 
-0.298413 -0.0396847 -5.95903 0.0025 0.966963 0.954073 2.46669 0.00517083 80 4 1 0.999693 
-0.295841 -0.0266831 -5.67093 0.0025 0.977115 0.968208 2.47708 0.00511711 81 4 1 0.999854 
-0.293295 -0.0170596 -2.92048 0.0025 0.984892 0.978993 2.48491 0.0050767 82 4 1 0.999924 
-0.290764 -0.0124785 -1.97281 0.0025 0.99011 0.986065 2.49001 0.00504994 83 4 1 0.999752 
-0.288245 -0.00365178 -7.00061 0.0025 0.998394 0.997616 2.49834 0.00500804 84 4 1 0.999424 
-0.285756 0.0151312 -9.77041 0.0025 1.01213 1.01718 2.51227 0.0049401 85 4 1 0.999781 
-0.283305 0.0294673 -3.42171 0.0025 1.02311 1.03275 2.52317 0.00488708 86 4 1 1.00001 
-0.280869 0.0313306 0.396086 0.0025 1.026 1.03667 2.52589 0.0048733 87 3 1 1 
-0.278432 0.0296895 0.972333 0.0025 1.02472 1.03481 2.52459 0.0048794 88 4 1 0.999997 
-0.27599 0.027184 1.30378 0.0025 1.02249 1.03165 2.52238 0.00489002 89 4 1 0.999987 
-0.273542 0.0241769 1.51115 0.0025 1.01986 1.02794 2.51978 0.00490262 90 4 1 0.999981 
-0.271087 0.0208817 1.6211 0.0025 1.01704 1.02394 2.51698 0.00491624 91 4 1 0.999977 
-0.268625 0.0175064 1.62885 0.0025 1.01419 1.01993 2.51415 0.00493005 92 4 1 0.999976 
-0.266157 0.0142445 1.54642 0.0025 1.01147 1.0161 2.51144 0.00494328 93 4 1 0.999978 
-0.263682 0.0112527 1.39519 0.0025 1.00901 1.01264 2.50899 0.00495533 94 4 1 0.999982 
-0.261202 0.00863583 1.2018 0.0025 1.00688 1.00964 2.50687 0.00496582 95 4 1 0.999986 
-0.258716 0.00644425 0.992445 0.0025 1.00511 1.00716 2.5051 0.00497456 96 4 1 0.99999 
-0.256227 0.00468047 0.788547 0.0025 1.0037 1.00517 2.50369 0.00498157 97 4 1 0.999994 
-0.253735 0.00331192 0.604749 0.0025 1.00261 1.00365 2.5026 0.004987 98 4 1 0.999996 
-0.25124 0.00228524 0.448871 0.0025 1.00179 1.00251 2.50179 0.00499105 99 4 1 0.999998 
-0.248744 0.00153877 0.32317 0.0025 1.0012 1.00168 2.5012 0.00499399 100 4 1 0.999999 
-0.246246 0.00101174 0.226084 0.0025 1.00079 1.0011 2.50079 0.00499605 101 4 1 0.999999 
-0.243748 0.000649855 0.153897 0.0025 1.00051 1.00071 2.5005 0.00499747 102 4 1 1 
-0.241249 0.000407909 0.102037 0.0025 1.00032 1.00044 2.50032 0.00499842 103 4 1 1 
-0.238749 0.000250269 0.0659454 0.0025 1.00019 1.00027 2.50019 0.00499903 104 4 1 1 
-0.23625 0.00015011 0.0415666 0.0025 1.00012 1.00016 2.50012 0.00499942 105 4 1 1 
-0.23375 8.80243e-05 0.0255629 0.0025 1.00007 1.00009 2.50007 0.00499966 106 4 1 1 
-0.23125 5.04662e-05 0.0153426 0.0025 1.00004 1.00005 2.50004 0.00499981 107 4 1 1 
-0.22875 2.82878e-05 0.00898865 0.0025 1.00002 1.00003 2.50002 0.00499989 108 4 1 1 
-0.22625 1.55017e-05 0.00514101 0.0025 1.00001 1.00002 2.50001 0.00499994 109 4 1 1 
-0.22375 8.30458e-06 0.00287074 0.0025 1.00001 1.00001 2.50001 0.00499997 110 4 1 1 
-0.22125 4.34883e-06 0.00156511 0.0025 1 1 2.5 0.00499998 111 4 1 1 
-0.21875 2.22587e-06 0.000833114 0.0025 1 1 2.5 0.00499999 112 4 1 1 
-0.21625 1.11338e-06 0.000432967 0.0025 1 1 2.5 0.005 113 4 1 1 
-0.21375 5.4418e-07 0.000219671 0.0025 1 1 2.5 0.005 114 4 1 1 
-0.21125 2.59847e-07 0.000108797 0.0025 1 1 2.5 0.005 115 4 1 1 
-0.20875 1.21196e-07 5.25947e-05 0.0025 1 1 2.5 0.005 116 4 1 1 
-0.20625 5.52018e-08 2.48128e-05 0.0025 1 1 2.5 0.005 117 4 1 1 
-0.20375 2.45473e-08 1.1422e-05 0.0025 1 1 2.5 0.005 118 4 1 1 
-0.20125 1.06541e-08 5.12913e-06 0.0025 1 1 2.5 0.005 119 4 1 1 
-0.19875 4.51172e-09 2.2463e-06 0.0025 1 1 2.5 0.005 120 4 1 1 
-0.19625 1.86347e-09 9.59152e-07 0.0025 1 1 2.5 0.005 121 4 1 1 
-0.19375 7.5036e-10 3.99152e-07 0.0025 1 1 2.5 0.005 122 4 1 1 
-0.19125 2.94427e-10 1.61829e-07 0.0025 1 1 2.5 0.005 123 4 1 1 
-0.18875 1.1251e-10 6.38912e-08 0.0025 1 1 2.5 0.005 124 4 1 1 
-0.18625 4.18542e-11 2.45531e-08 0.0025 1 1 2.5 0.005 125 4 1 1 
-0.18375 1.51373e-11 9.17152e-09 0.0025 1 1 2.5 0.005 126 4 1 1 
-0.18125 5.32322e-12 3.32858e-09 0.0025 1 1 2.5 0.005 127 4 1 1 
-0.17875 1.8237e-12 1.17086e-09 0.0025 1 1 2.5 0.005 128 4 1 1 
-0.17625 5.97137e-13 4.17344e-10 0.0025 1 1 2.5 0.005 129 4 1 1 
-0.17375 1.97997e-13 1.21531e-10 0.0025 1 1 2.5 0.005 130 4 1 1 
-0.17125 5.14729e-14 4.62137e-11 0.0025 1 1 2.5 0.005 131 4 1 1 
-0.16875 1.43978e-14 1.61435e-11 0.0025 1 1 2.5 0.005 132 4 1 1 
-0.16625 3.83454e-16 1.36424e-12 0.0025 1 1 2.5 0.005 133 5 1 1 
-0.16375 3.48668e-17 -3.9443e-29 0.0025 1 1 2.5 0.005 134 5 1 1 
-0.16125 1.37517e-47 0 0.0025 1 1 2.5 0.005 135 5 1 1 
-0.15875 0 0 0.0025 1 1 2.5 0.005 136 5 1 1 
-0.15625 0 0 0.0025 1 1 2.5 0.005 137 5 1 1 
-0.15375 0 0 0.0025 1 1 2.5 0.005 138 5 1 1 
-0.15125 0 0 0.0025 1 1 2.5 0.005 139 5 1 1 
-0.14875 0 0 0.0025 1 1 2.5 0.005 140 5 1 1 
-0.14625 0 0 0.0025 1 1 2.5 0.005 141 5 1 1 
-0.14375 0 0 0.0025 1 1 2.5 0.005 142 5 1 1 
-0.14125 0 0 0.0025 1 1 2.5 0.005 143 5 1 1 
-0.13875 0 0 0.0025 1 1 2.5 0.005 144 5 1 1 
-0.13625 0 0 0.0025 1 1 2.5 0.005 145 5 1 1 
-0.13375 0 0 0.0025 1 1 2.5 0.005 146 5 1 1 
-0.13125 0 0 0.0025 1 1 2.5 0.005 147 5 1 1 
-0.12875 0 0 0.0025 1 1 2.5 0.005 148 5 1 1 
-0.12625 0 0 0.0025 1 1 2.5 0.005 149 5 1 1 
-0.12375 0 0 0.0025 1 1 2.5 0.005 150 5 1 1 
-0.12125 0 0 0.0025 1 1 2.5 0.005 151 5 1 1 
-0.11875 0 0 0.0025 1 1 2.5 0.005 152 5 1 1 
-0.11625 0 0 0.0025 1 1 2.5 0.005 153 5 1 1 
-0.11375 0 0 0.0025 1 1 2.5 0.005 154 5 1 1 
-0.11125 0 0 0.0025 1 1 2.5 0.005 155 5 1 1 
-0.10875 0 0 0.0025 1 1 2.5 0.005 156 5 1 1 
-0.10625 0 0 0.0025 1 1 2.5 0.005 157 5 1 1 
-0.10375 0 0 0.0025 1 1 2.5 0.005 158 5 1 1 
-0.10125 0 0 0.0025 1 1 2.5 0.005 159 5 1 1 
-0.09875 0 0 0.0025 1 1 2.5 0.005 160 5 1 1 
-0.09625 0 0 0.0025 1 1 2.5 0.005 161 5 1 1 
-0.09375 0 0 0.0025 1 1 2.5 0.005 162 5 1 1 
-0.09125 0 0 0.0025 1 1 2.5 0.005 163 5 1 1 
-0.08875 0 0 0.0025 1 1 2.5 0.005 164 5 1 1 
-0.08625 0 0 0.0025 1 1 2.5 0.005 165 5 1 1 
-0.08375 0 0 0.0025 1 1 2.5 0.005 166 5 1 1 
-0.08125 0 0 0.0025 1 1 2.5 0.005 167 5 1 1 
-0.07875 0 0 0.0025 1 1 2.5 0.005 168 5 1 1 
-0.07625 0 0 0.0025 1 1 2.5 0.005 169 5 1 1 
-0.07375 0 0 0.0025 1 1 2.5 0.005 170 5 1 1 
-0.07125 0 0 0.0025 1 1 2.5 0.005 171 5 1 1 
-0.06875 0 0 0.0025 1 1 2.5 0.005 172 5 1 1 
-0.06625 -3.87767e-46 -1.12104e-44 0.0025 1 1 2.5 0.005 173 5 1 1 
-0.06375 -1.04199e-16 -1.12104e-44 0.0025 1 1 2.5 0.005 174 5 1 1 
-0.06125 -2.60034e-16 -5.68434e-14 0.0025 1 1 2.5 0.005 175 5 1 1 
-0.05875 -3.97826e-16 5.68434e-14 0.0025 1 1 2.5 0.005 176 5 1 1 
-0.05625 -5.34877e-16 -5.68434e-14 0.0025 1 1 2.5 0.005 177 5 1 1 
-0.05375 -6.71089e-16 5.68434e-14 0.0025 1 1 2.5 0.005 178 5 1 1 
-0.05125 -8.40519e-16 -5.68434e-14 0.0025 1 1 2.5 0.005 179 5 1 1 
-0.04875 -1.00842e-15 5.68434e-14 0.0025 1 1 2.5 0.005 180 5 1 1 
-0.04625 -1.27912e-15 -1.7053e-13 0.0025 1 1 2.5 0.005 181 5 1 1 
-0.04375 -1.66884e-15 3.41061e-13 0.0025 1 1 2.5 0.005 182 5 1 1 
-0.04125 -3.23911e-15 -2.55795e-12 0.0025 1 1 2.5 0.005 183 3 1 1 
-0.03875 -4.72801e-15 3.29692e-12 0.0025 1 1 2.5 0.005 184 3 1 1 
-0.03625 3.29048e-15 -5.68434e-13 0.0025 1 1 2.5 0.005 185 5 1 1 
-0.03375 -1.89644e-15 -5.68434e-13 0.0025 1 1 2.5 0.005 186 4 1 1 
-0.03125 -2.47029e-15 4.54747e-13 0.0025 1 1 2.5 0.005 187 3 1 1 
-0.02875 -9.89757e-16 -2.27374e-13 0.0025 1 1 2.5 0.005 188 4 1 1 
-0.02625 -1.36633e-15 -2.27374e-13 0.0025 1 1 2.5 0.005 189 4 1 1 
-0.02375 -2.68813e-15 -3.54987e-28 0.0025 1 1 2.5 0.005 190 3 1 1 
-0.02125 -8.25008e-16 -7.95808e-13 0.0025 1 1 2.5 0.005 191 3 1 1 
-0.01875 -2.40568e-15 1.47793e-12 0.0025 1 1 2.5 0.005 192 4 1 1 
-0.01625 4.80958e-17 -7.95808e-13 0.0025 1 1 2.5 0.005 193 5 1 1 
-0.01375 -1.05302e-15 3.41061e-13 0.0025 1 1 2.5 0.005 194 4 1 1 
-0.01125 -1.03259e-15 1.13687e-13 0.0025 1 1 2.5 0.005 195 5 1 1 
-0.00875 -1.10519e-15 -2.27374e-13 0.0025 1 1 2.5 0.005 196 3 1 1 
-0.00625 -4.06308e-16 3.41061e-13 0.0025 1 1 2.5 0.005 197 4 1 1 
-0.00375 -8.52067e-16 5.68434e-14 0.0025 1 1 2.5 0.005 198 3 1 1 
-0.00125 -2.07242e-16 -4.54747e-13 0.0025 1 1 2.5 0.005 199 3 1 1 
0.00125 -5.67011e-16 7.38964e-13 0.0025 1 1 2.5 0.005 200 4 1 1 
0.00375 -1.57987e-16 -5.68434e-13 0.0025 1 1 2.5 0.005 201 3 1 1 
0.00625 -3.15659e-16 2.27374e-13 0.0025 1 1 2.5 0.005 202 4 1 1 
0.00875 1.18688e-15 -3.97904e-13 0.0025 1 1 2.5 0.005 203 5 1 1 
0.01125 4.64508e-16 1.7053e-13 0.0025 1 1 2.5 0.005 204 5 1 1 
0.01375 6.58936e-16 -1.13687e-13 0.0025 1 1 2.5 0.005 205 5 1 1 
0.01625 2.47246e-16 1.13687e-13 0.0025 1 1 2.5 0.005 206 5 1 1 
0.01875 2.62691e-15 1.13687e-13 0.0025 1 1 2.5 0.005 207 5 1 1 
0.02125 2.23372e-15 -5.52203e-28 0.0025 1 1 2.5 0.005 208 5 1 1 
0.02375 1.03493e-15 -1.13687e-13 0.0025 1 1 2.5 0.005 209 4 1 1 
0.02625 2.5001e-15 2.76101e-28 0.0025 1 1 2.5 0.005 210 3 1 1 
0.02875 1.88257e-16 1.13687e-13 0.0025 1 1 2.5 0.005 211 3 1 1 
0.03125 1.10559e-15 -1.13687e-13 0.0025 1 1 2.5 0.005 212 4 1 1 
0.03375 1.96754e-16 5.52203e-28 0.0025 1 1 2.5 0.005 213 5 1 1 
0.03625 2.09434e-15 -3.9443e-29 0.0025 1 1 2.5 0.005 214 5 1 1 
0.03875 1.67134e-15 -4.48416e-44 0.0025 1 1 2.5 0.005 215 5 1 1 
0.04125 1.16856e-15 2.24208e-44 0.0025 1 1 2.5 0.005 216 5 1 1 
0.04375 1.00879e-15 2.24208e-44 0.0025 1 1 2.5 0.005 217 5 1 1 
0.04625 8.8246e-16 3.36312e-44 0.0025 1 1 2.5 0.005 218 5 1 1 
0.04875 1.02565e-15 -3.36312e-44 0.0025 1 1 2.5 0.005 219 5 1 1 
0.05125 7.38584e-16 -5.68434e-14 0.0025 1 1 2.5 0.005 220 5 1 1 
0.05375 -2.54616e-16 -1.13687e-13 0.0025 1 1 2.5 0.005 221 5 1 1 
0.05625 -9.99389e-16 -3.97904e-13 0.0025 1 1 2.5 0.005 222 5 1 1 
0.05875 -1.45058e-16 2.27374e-13 0.0025 1 1 2.5 0.005 223 5 1 1 
0.06125 -5.09077e-15 3.41061e-13 0.0025 1 1 2.5 0.005 224 3 1 1 
0.06375 5.46717e-15 -4.54747e-13 0.0025 1 1 2.5 0.005 225 3 1 1 
0.06625 2.99543e-15 -3.41061e-13 0.0025 1 1 2.5 0.005 226 5 1 1 
0.06875 3.72862e-15 3.41061e-13 0.0025 1 1 2.5 0.005 227 5 1 1 
0.07125 1.82963e-15 1.7053e-13 0.0025 1 1 2.5 0.005 228 5 1 1 
0.07375 8.71322e-16 2.27374e-13 0.0025 1 1 2.5 0.005 229 5 1 1 
0.07625 2.43994e-16 5.60519e-44 0.0025 1 1 2.5 0.005 230 5 1 1 
0.07875 5.22926e-17 5.68434e-14 0.0025 1 1 2.5 0.005 231 5 1 1 
0.08125 1.03129e-47 1.12104e-44 0.0025 1 1 2.5 0.005 232 5 1 1 
0.08375 0 0 0.0025 1 1 2.5 0.005 233 5 1 1 
0.08625 0 0 0.0025 1 1 2.5 0.005 234 5 1 1 
0.08875 0 0 0.0025 1 1 2.5 0.005 235 5 1 1 
0.09125 0 0 0.0025 1 1 2.5 0.005 236 5 1 1 
0.09375 -1.55368e-45 -1.12104e-44 0.0025 1 1 2.5 0.005 237 5 1 1 
0.09625 -1.69188e-16 0 0.0025 1 1 2.5 0.005 238 5 1 1 
0.09875 -3.37357e-16 1.12104e-44 0.0025 1 1 2.5 0.005 239 5 1 1 
0.10125 1.58941e-15 0 0.0025 1 1 2.5 0.005 240 5 1 1 
0.10375 1.42405e-15 4.48416e-44 0.0025 1 1 2.5 0.005 241 5 1 1 
0.10625 2.4563e-15 -1.56945e-43 0.0025 1 1 2.5 0.005 242 5 1 1 
0.10875 7.76748e-16 -5.68434e-14 0.0025 1 1 2.5 0.005 243 5 1 1 
0.11125 6.68667e-16 5.68434e-14 0.0025 1 1 2.5 0.005 244 5 1 1 
0.11375 -1.52839e-15 3.47522e-43 0.0025 1 1 2.5 0.005 245 5 1 1 
0.11625 2.44377e-15 -5.68434e-14 0.0025 1 1 2.5 0.005 246 5 1 1 
0.11875 -3.12256e-16 3.9443e-29 0.0025 1 1 2.5 0.005 247 5 1 1 
0.12125 -2.09243e-17 -7.14905e-27 0.0025 1 1 2.5 0.005 248 5 1 1 
0.12375 -3.1251e-15 -7.18849e-27 0.0025 1 1 2.5 0.005 249 4 1 1 
0.12625 3.1251e-15 7.18849e-27 0.0025 1 1 2.5 0.005 250 4 1 1 
0.12875 2.09243e-17 7.14905e-27 0.0025 1 1 2.5 0.005 251 5 1 1 
0.13125 3.12256e-16 -3.9443e-29 0.0025 1 1 2.5 0.005 252 5 1 1 
0.13375 -2.44377e-15 5.68434e-14 0.0025 1 1 2.5 0.005 253 5 1 1 
0.13625 1.52839e-15 -3.47522e-43 0.0025 1 1 2.5 0.005 254 5 1 1 
0.13875 -6.68667e-16 -5.68434e-14 0.0025 1 1 2.5 0.005 255 5 1 1 
0.14125 -7.76748e-16 5.68434e-14 0.0025 1 1 2.5 0.005 256 5 1 1 
0.14375 -2.4563e-15 1.56945e-43 0.0025 1 1 2.5 0.005 257 5 1 1 
0.14625 -1.42405e-15 -4.48416e-44 0.0025 1 1 2.5 0.005 258 5 1 1 
0.14875 -1.58941e-15 0 0.0025 1 1 2.5 0.005 259 5 1 1 
0.15125 3.37357e-16 -1.12104e-44 0.0025 1 1 2.5 0.005 260 5 1 1 
0.15375 1.69188e-16 0 0.0025 1 1 2.5 0.005 261 5 1 1 
0.15625 1.55368e-45 1.12104e-44 0.0025 1 1 2.5 0.005 262 5 1 1 
0.15875 0 0 0.0025 1 1 2.5 0.005 263 5 1 1 
0.16125 -1.37517e-47 0 0.0025 1 1 2.5 0.005 264 5 1 1 
0.16375 -3.48668e-17 3.9443e-29 0.0025 1 1 2.5 0.005 265 5 1 1 
0.16625 -3.66025e-16 -1.3074e-12 0.0025 1 1 2.5 0.005 266 5 1 1 
0.16875 -1.43281e-14 -1.61435e-11 0.0025 1 1 2.5 0.005 267 4 1 1 
0.17125 -5.13334e-14 -4.62137e-11 0.0025 1 1 2.5 0.005 268 4 1 1 
0.17375 -1.97475e-13 -1.21418e-10 0.0025 1 1 2.5 0.005 269 4 1 1 
0.17625 -5.96126e-13 -4.16321e-10 0.0025 1 1 2.5 0.005 270 4 1 1 
0.17875 -1.82046e-12 -1.17006e-09 0.0025 1 1 2.5 0.005 271 4 1 1 
0.18125 -5.30974e-12 -3.32511e-09 0.0025 1 1 2.5 0.005 272 4 1 1 
0.18375 -1.51353e-11 -9.17845e-09 0.0025 1 1 2.5 0.005 273 4 1 1 
0.18625 -4.18479e-11 -2.45483e-08 0.0025 1 1 2.5 0.005 274 4 1 1 
0.18875 -1.12517e-10 -6.38958e-08 0.0025 1 1 2.5 0.005 275 4 1 1 
0.19125 -2.94431e-10 -1.61828e-07 0.0025 1 1 2.5 0.005 276 4 1 1 
0.19375 -7.50363e-10 -3.99152e-07 0.0025 1 1 2.5 0.005 277 4 1 1 
0.19625 -1.86347e-09 -9.59151e-07 0.0025 1 1 2.5 0.005 278 4 1 1 
0.19875 -4.51172e-09 -2.2463e-06 0.0025 1 1 2.5 0.005 279 4 1 1 
0.20125 -1.0654e-08 -5.12913e-06 0.0025 1 1 2.5 0.005 280 4 1 1 
0.20375 -2.45473e-08 -1.1422e-05 0.0025 1 1 2.5 0.005 281 4 1 1 
0.20625 -5.52018e-08 -2.48128e-05 0.0025 1 1 2.5 0.005 282 4 1 1 
0.20875 -1.21196e-07 -5.25947e-05 0.0025 1 1 2.5 0.005 283 4 1 1 
0.21125 -2.59847e-07 -0.000108797 0.0025 1 1 2.5 0.005 284 4 1 1 
0.21375 -5.4418e-07 -0.000219671 0.0025 1 1 2.5 0.005 285 4 1 1 
0.21625 -1.11338e-06 -0.000432967 0.0025 1 1 2.5 0.005 286 4 1 1 
0.21875 -2.22587e-06 -0.000833114 0.0025 1 1 2.5 0.00499999 287 4 1 1 
0.22125 -4.34883e-06 -0.00156511 0.0025 1 1 2.5 0.00499998 288 4 1 1 
0.22375 -8.30458e-06 -0.00287074 0.0025 1.00001 1.00001 2.50001 0.00499997 289 4 1 1 
0.22625 -1.55017e-05 -0.00514101 0.0025 1.00001 1.00002 2.50001 0.00499994 290 4 1 1 
0.22875 -2.82878e-05 -0.00898865 0.0025 1.00002 1.00003 2.50002 0.00499989 291 4 1 1 
0.23125 -5.04662e-05 -0.0153426 0.0025 1.00004 1.00005 2.50004 0.00499981 292 4 1 1 
0.23375 -8.80243e-05 -0.0255629 0.0025 1.00007 1.00009 2.50007 0.00499966 293 4 1 1 
0.23625 -0.00015011 -0.0415666 0.0025 1.00012 1.00016 2.50012 0.00499942 294 4 1 1 
0.238749 -0.000250269 -0.0659454 0.0025 1.00019 1.00027 2.50019 0.00499903 295 4 1 1 
0.241249 -0.000407909 -0.102037 0.0025 1.00032 1.00044 2.50032 0.00499842 296 4 1 1 
0.243748 -0.000649855 -0.153897 0.0025 1.00051 1.00071 2.5005 0.00499747 297 4 1 1 
0.246246 -0.00101174 -0.226084 0.0025 1.00079 1.0011 2.50079 0.00499605 298 4 1 0.999999 
0.248744 -0.00153877 -0.32317 0.0025 1.0012 1.00168 2.5012 0.00499399 299 4 1 0.999999 
0.25124 -0.00228524 -0.448871 0.0025 1.00179 1.00251 2.50179 0.00499105 300 4 1 0.999998 
0.253735 -0.00331192 -0.604749 0.0025 1.00261 1.00365 2.5026 0.004987 301 4 1 0.999996 
0.256227 -0.00468047 -0.788547 0.0025 1.0037 1.00517 2.50369 0.00498157 302 4 1 0.999994 
0.258716 -0.00644425 -0.992445 0.0025 1.00511 1.00716 2.5051 0.00497456 303 4 1 0.99999 
0.261202 -0.00863583 -1.2018 0.0025 1.00688 1.00964 2.50687 0.00496582 304 4 1 0.999986 
0.263682 -0.0112527 -1.39519 0.0025 1.00901 1.01264 2.50899 0.00495533 305 4 1 0.999982 
0.266157 -0.0142445 -1.54642 0.0025 1.01147 1.0161 2.51144 0.00494328 306 4 1 0.999978 
0.268625 -0.0175064 -1.62885 0.0025 1.01419 1.01993 2.51415 0.00493005 307 4 1 0.999976 
0.271087 -0.0208817 -1.6211 0.0025 1.01704 1.02394 2.51698 0.00491624 308 4 1 0.999977 
0.273542 -0.0241769 -1.51115 0.0025 1.01986 1.02794 2.51978 0.00490262 309 4 1 0.999981 
0.27599 -0.027184 -1.30378 0.0025 1.02249 1.03165 2.52238 0.00489002 310 4 1 0.999987 
0.278432 -0.0296895 -0.972333 0.0025 1.02472 1.03481 2.52459 0.0048794 311 4 1 0.999997 
0.280869 -0.0313306 -0.396086 0.0025 1.026 1.03667 2.52589 0.0048733 312 3 1 1 
0.283305 -0.0294673 3.42171 0.0025 1.02311 1.03275 2.52317 0.00488708 313 4 1 1.00001 
0.285756 -0.0151312 9.77041 0.0025 1.01213 1.01718 2.51227 0.0049401 314 4 1 0.999781 
0.288245 0.00365178 7.00061 0.0025 0.998394 0.997616 2.49834 0.00500804 315 4 1 0.999424 
0.290764 0.0124785 1.97281 0.0025 0.99011 0.986065 2.49001 0.00504994 316 4 1 0.999752 
0.293295 0.0170596 2.92048 0.0025 0.984892 0.978993 2.48491 0.0050767 317 4 1 0.999924 
0.295841 0.0266831 5.67093 0.0025 0.977115 0.968208 2.47708 0.00511711 318 4 1 0.999854 
0.298413 0.0396847 5.95903 0.0025 0.966963 0.954073 2.46669 0.00517083 319 4 1 0.999693 
0.301012 0.0519495 5.20913 0.0025 0.956934 0.940228 2.4564 0.00522502 320 4 1 0.999677 
0.303638 0.0634237 5.11691 0.0025 0.947449 0.927227 2.44665 0.00527733 321 4 1 0.999712 
0.30629 0.0752683 5.31349 0.0025 0.937881 0.914151 2.43674 0.00533117 322 4 1 0.999706 
0.308969 0.0875825 5.37334 0.0025 0.928086 0.90081 2.42653 0.00538743 323 4 1 0.999684 
0.311677 0.100067 5.37131 0.0025 0.918192 0.887392 2.41615 0.00544549 324 4 1 0.99967 
0.314415 0.112683 5.35868 0.0025 0.908257 0.87398 2.40566 0.00550505 325 4 1 0.99966 
0.317182 0.125496 5.36679 0.0025 0.898281 0.860571 2.39505 0.00556619 326 4 1 0.99965 
0.319981 0.138484 5.37173 0.0025 0.888251 0.847148 2.38432 0.00562904 327 4 1 0.999639 
0.322812 0.15165 5.36235 0.0025 0.878179 0.833731 2.37347 0.0056936 328 4 1 0.999627 
0.325675 0.165001 5.36694 0.0025 0.868064 0.820318 2.3625 0.00575994 329 4 1 0.999616 
0.328572 0.17851 5.3625 0.0025 0.857904 0.806907 2.3514 0.00582816 330 4 1 0.999603 
0.331503 0.19221 5.35313 0.0025 0.847707 0.793513 2.34018 0.00589827 331 4 1 0.999591 
0.33447 0.206103 5.34672 0.0025 0.837475 0.780137 2.32884 0.00597033 332 4 1 0.999579 
0.337474 0.220172 5.34004 0.0025 0.827206 0.766778 2.31738 0.00604444 333 4 1 0.999565 
0.340515 0.234436 5.33016 0.0025 0.816901 0.75344 2.30579 0.00612069 334 4 1 0.999552 
0.343595 0.248899 5.32835 0.0025 0.806557 0.740117 2.29407 0.00619919 335 4 1 0.999537 
0.346714 0.263538 5.30924 0.0025 0.79618 0.726821 2.28222 0.00627999 336 4 1 0.999522 
0.349875 0.278406 5.29792 0.0025 0.785777 0.71356 2.27024 0.00636313 337 4 1 0.999508 
0.353078 0.293461 5.29275 0.0025 0.775336 0.700322 2.25813 0.00644882 338 4 1 0.999491 
0.356324 0.308726 5.26643 0.0025 0.764869 0.687123 2.24589 0.00653707 339 4 1 0.999475 
0.359615 0.324196 5.26452 0.0025 0.754373 0.673959 2.23351 0.00662802 340 4 1 0.999458 
0.362952 0.339873 5.23738 0.0025 0.743849 0.660833 2.221 0.00672179 341 4 1 0.99944 
0.366337 0.355784 5.21757 0.0025 0.73331 0.647763 2.20836 0.0068184 342 4 1 0.999423 
0.369771 0.371889 5.20101 0.0025 0.722749 0.63474 2.19558 0.00691803 343 4 1 0.999404 
0.373256 0.388209 5.17495 0.0025 0.712171 0.621773 2.18267 0.00702079 344 4 1 0.999385 
0.376792 0.404738 5.14433 0.0025 0.701589 0.608877 2.16964 0.00712668 345 4 1 0.999366 
0.380383 0.421436 5.09931 0.0025 0.691022 0.596077 2.15652 0.00723566 346 4 1 0.999348 
0.384029 0.438323 5.0475 0.0025 0.680491 0.5834 2.14331 0.00734763 347 4 1 0.999333 
0.387731 0.455275 4.98111 0.0025 0.670024 0.570876 2.13006 0.00746242 348 4 1 0.99932 
0.391491 0.472289 4.88056 0.0025 0.659672 0.558565 2.11684 0.00757953 349 4 1 0.999312 
0.395311 0.489188 4.74637 0.0025 0.649507 0.546553 2.10373 0.00769815 350 4 1 0.999314 
0.39919 0.505865 4.5594 0.0025 0.639623 0.534945 2.09087 0.0078171 351 4 1 0.999328 
0.403129 0.522069 4.32287 0.0025 0.630131 0.523864 2.07841 0.00793486 352 4 1 0.999358 
0.407125 0.537549 4.02896 0.0025 0.621138 0.513427 2.06649 0.00804974 353 4 1 0.999402 
0.411179 0.552267 3.77117 0.0025 0.612665 0.50365 2.05517 0.00816107 354 4 1 0.999453 
0.415287 0.566383 3.60705 0.0025 0.604574 0.494366 2.04428 0.00827028 355 4 1 0.999491 
0.419449 0.58052 3.66346 0.0025 0.596548 0.485206 2.03339 0.00838156 356 4 1 0.999495 
0.423669 0.595425 3.891 0.0025 0.588201 0.475729 2.02196 0.0085005 357 4 1 0.999448 
0.42795 0.611603 4.12231 0.0025 0.579365 0.465755 2.00976 0.00863014 358 4 1 0.999365 
0.4323 0.628606 4.13825 0.0025 0.570264 0.455541 1.99707 0.00876787 359 4 1 0.999294 
0.436719 0.645354 3.83047 0.0025 0.561466 0.445729 1.98469 0.00890527 360 4 1 0.999301 
0.441205 0.660239 3.13222 0.0025 0.553742 0.437166 1.97372 0.00902948 361 4 1 0.999421 
0.445749 0.671588 2.04912 0.0025 0.547934 0.430758 1.96541 0.00912518 362 4 1 0.999641 
0.450331 0.677775 0.755109 0.0025 0.544676 0.427178 1.96073 0.00917977 363 4 1 0.999872 
0.454929 0.678972 -0.0863722 0.0025 0.543695 0.426109 1.95934 0.00919633 364 4 1 0.999987 
0.459527 0.678691 -0.0268358 0.0025 0.543686 0.426105 1.95933 0.00919648 365 5 1 1 
0.464125 0.67846 -0.0988489 0.0025 0.543803 0.426234 1.95951 0.00919451 366 4 1 1 
0.468722 0.678017 -0.117714 0.0025 0.544005 0.426458 1.95981 0.00919108 367 4 1 0.999999 
0.473316 0.677483 -0.127486 0.0025 0.544264 0.426744 1.96019 0.00918671 368 4 1 0.999999 
0.477908 0.676923 -0.124408 0.0025 0.544547 0.427056 1.9606 0.00918194 369 4 1 0.999999 
0.482498 0.676393 -0.112664 0.0025 0.544824 0.427362 1.96101 0.00917727 370 4 1 0.999999 
0.487086 0.675918 -0.0961397 0.0025 0.545076 0.427639 1.96138 0.00917304 371 4 1 1 
0.491671 0.675513 -0.0796466 0.0025 0.545292 0.427879 1.9617 0.0091694 372 4 1 1 
0.496255 0.675179 -0.0652822 0.0025 0.545473 0.42808 1.96196 0.00916636 373 4 1 1 
0.500837 0.674907 -0.053219 0.0025 0.545621 0.428244 1.96219 0.00916387 374 4 1 1 
0.505419 0.674685 -0.043558 0.0025 0.545741 0.428379 1.96237 0.00916185 375 4 1 1 
0.509999 0.674502 -0.0362876 0.0025 0.545839 0.428489 1.96252 0.00916021 376 4 1 1 
0.514579 0.674348 -0.0308847 0.0025 0.54592 0.428581 1.96265 0.00915885 377 4 1 1 
0.519158 0.674217 -0.0267438 0.0025 0.545989 0.428659 1.96276 0.0091577 378 4 1 1 
0.523737 0.674103 -0.0234804 0.0025 0.546047 0.428726 1.96286 0.00915672 379 4 1 1 
0.528315 0.674002 -0.0208014 0.0025 0.546097 0.428785 1.96295 0.00915588 380 4 1 1 
0.532893 0.673913 -0.0184807 0.0025 0.546141 0.428837 1.96303 0.00915514 381 4 1 1 
0.53747 0.673833 -0.0164352 0.0025 0.546179 0.428884 1.96311 0.00915451 382 4 1 1 
0.542047 0.673762 -0.0146511 0.0025 0.546212 0.428925 1.96318 0.00915395 383 4 1 1 
0.546624 0.673698 -0.0130843 0.0025 0.546241 0.428962 1.96324 0.00915348 384 4 1 1 
0.551201 0.673642 -0.0116806 0.0025 0.546265 0.428994 1.96331 0.00915307 385 4 1 1 
0.555777 0.673591 -0.0104181 0.0025 0.546285 0.429024 1.96337 0.00915273 386 4 1 1 
0.560353 0.673545 -0.00929199 0.0025 0.546301 0.429049 1.96343 0.00915246 387 4 1 1 
0.56493 0.673505 -0.00829458 0.0025 0.546313 0.429073 1.96349 0.00915226 388 4 1 1 
0.569506 0.673468 -0.00741812 0.0025 0.546322 0.429093 1.96355 0.00915211 389 4 1 1 
0.574082 0.673434 -0.00665566 0.0025 0.546327 0.429112 1.96362 0.00915203 390 4 1 1 
0.578658 0.673404 -0.00599376 0.0025 0.546328 0.429128 1.96369 0.00915202 391 3 1 1 
0.583234 0.673376 -0.00541259 0.0025 0.546325 0.429143 1.96377 0.00915207 392 4 1 1 
0.58781 0.673351 -0.00489395 0.0025 0.546315 0.429154 1.96386 0.00915223 393 4 1 1 
0.592386 0.673328 -0.00442721 0.0025 0.546289 0.429154 1.96395 0.00915266 394 4 1 1 
0.596962 0.673307 -0.00400878 0.0025 0.546191 0.429102 1.96407 0.00915431 395 4 1 1 
0.60154 0.673287 -0.00363669 0.0025 0.545773 0.428849 1.96441 0.00916132 396 4 1 0.999999 
0.606124 0.673269 -0.00330575 0.0025 0.544147 0.427099 1.96224 0.00918869 397 4 1 0.999987 
0.610729 0.673253 -0.00300483 0.0025 0.531018 0.411624 1.9379 0.00941588 398 4 1 0.999668 
0.615544 0.673236 -0.00271319 0.0025 0.506926 0.440314 2.17149 0.00986337 399 4 1 0.994707 
0.620599 0.67322 -0.0024261 0.0025 0.481381 0.415671 2.15874 0.0103868 400 4 1 0.993699 
0.625941 0.673205 -0.00214194 0.0025 0.458886 0.450131 2.4523 0.0108959 401 4 1 0.993694 
0.631501 0.673189 -0.00186576 0.0025 0.450266 0.430658 2.39113 0.0111045 402 5 1 0.998658 
0.637045 0.673174 -0.00160893 0.0025 0.45186 0.428981 2.37342 0.0110654 403 4 1 0.999967 
0.642566 0.673161 -0.0013671 0.0025 0.453481 0.428934 2.36468 0.0110258 404 4 1 0.999986 
0.648071 0.673147 -0.00113581 0.0025 0.454566 0.429067 2.35976 0.0109995 405 4 1 0.999994 
0.653566 0.673135 -0.000913904 0.0025 0.455263 0.429148 2.35659 0.0109827 406 4 1 0.999997 
0.659054 0.673122 -0.000702309 0.0025 0.455733 0.429189 2.35439 0.0109713 407 4 1 0.999999 
0.664537 0.67311 -0.000501849 0.0025 0.456067 0.429212 2.35279 0.0109633 408 4 1 0.999999 
0.670017 0.673098 -0.000310745 0.0025 0.456314 0.429226 2.35159 0.0109574 409 4 1 1 
0.675495 0.673086 -0.000122573 0.0025 0.4565 0.429234 2.35068 0.0109529 410 4 1 1 
0.68097 0.673075 7.55045e-05 0.0025 0.456644 0.429239 2.34996 0.0109494 411 4 1 1 
0.686444 0.673063 0.000303876 0.0025 0.456757 0.429242 2.3494 0.0109467 412 4 1 1 
0.691917 0.673051 0.000609639 0.0025 0.456846 0.429243 2.34895 0.0109446 413 4 1 1 
0.697389 0.673037 0.00112806 0.0025 0.456916 0.429242 2.34858 0.0109429 414 4 1 1 
0.70286 0.673019 0.00224878 0.0025 0.456969 0.429236 2.34828 0.0109417 415 4 1 1 
0.70833 0.672989 0.00535108 0.0025 0.457003 0.429219 2.34801 0.0109408 416 3 1 1 
0.713801 0.672922 0.0144973 0.0025 0.457002 0.429167 2.34773 0.0109409 417 4 1 1 
0.719271 0.672741 0.0423564 0.0025 0.456916 0.429012 2.34732 0.0109429 418 4 1 1 
0.724743 0.672213 0.127448 0.0025 0.456588 0.428548 2.34646 0.0109508 419 4 1 0.999999 
0.730222 0.670673 0.365673 0.0025 0.455588 0.427207 2.34425 0.0109748 420 4 1 0.999992 
0.735718 0.666357 0.997035 0.0025 0.45287 0.423621 2.3385 0.0110407 421 4 1 0.999934 
0.741263 0.655498 2.42166 0.0025 0.446241 0.414932 2.32453 0.0112047 422 4 1 0.999591 
0.746924 0.629751 5.44797 0.0025 0.432148 0.396583 2.29414 0.0115701 423 4 1 0.998051 
0.752839 0.57834 10.4437 0.0025 0.406195 0.363188 2.23509 0.0123094 424 4 1 0.993209 
0.759257 0.472235 22.1724 0.0025 0.363787 0.309773 2.12864 0.0137443 425 4 1 0.982343 
0.766673 0.285723 30.6991 0.0025 0.312742 0.248386 1.98567 0.0159876 426 4 1 0.964617 
0.775401 0.104367 20.5136 0.0025 0.273415 0.204072 1.86625 0.0182872 427 4 1 0.963869 
0.785044 0.0186634 6.06361 0.0025 0.255276 0.184857 1.81053 0.0195867 428 4 1 0.987013 
0.794999 0.000803132 0.633573 0.0025 0.250561 0.18006 1.79661 0.0199552 429 4 1 0.99877 
0.804999 -0.000222827 -0.0422448 0.0025 0.249987 0.179487 1.79496 0.020001 430 5 1 0.999979 
0.815 -6.2926e-06 -0.00849738 0.0025 0.249993 0.179493 1.79498 0.0200006 431 4 1 1 
0.825 3.93492e-06 0.000604708 0.0025 0.25 0.1795 1.795 0.02 432 3 1 1 
0.835 1.12257e-06 0.000232232 0.0025 0.25 0.1795 1.795 0.02 433 4 1 1 
0.845 2.60318e-07 5.72187e-05 0.0025 0.25 0.1795 1.795 0.02 434 4 1 1 
0.855 5.74324e-08 1.29407e-05 0.0025 0.25 0.1795 1.795 0.02 435 4 1 1 
0.865 1.23504e-08 2.83986e-06 0.0025 0.25 0.1795 1.795 0.02 436 4 1 1 
0.875 2.58706e-09 6.09598e-07 0.0025 0.25 0.1795 1.795 0.02 437 4 1 1 
0.885 5.25587e-10 1.27439e-07 0.0025 0.25 0.1795 1.795 0.02 438 4 1 1 
0.895 1.03113e-10 2.58078e-08 0.0025 0.25 0.1795 1.795 0.02 439 4 1 1 
0.905 1.9487e-11 5.04706e-09 0.0025 0.25 0.1795 1.795 0.02 440 4 1 1 
0.915 3.52231e-12 9.46386e-10 0.0025 0.25 0.1795 1.795 0.02 441 4 1 1 
0.925 6.09377e-13 1.69479e-10 0.0025 0.25 0.1795 1.795 0.02 442 4 1 1 
0.935 1.02255e-13 3.20597e-11 0.0025 0.25 0.1795 1.795 0.02 443 4 1 1 
0.945 6.30631e-15 4.0643e-12 0.0025 0.25 0.1795 1.795 0.02 444 4 1 1 
0.955 -2.70487e-15 3.12639e-13 0.0025 0.25 0.1795 1.795 0.02 445 5 1 1 
0.965 6.80644e-15 -7.10543e-14 0.0025 0.25 0.1795 1.795 0.02 446 5 1 1 
0.975 9.35344e-16 -2.84217e-14 0.0025 0.25 0.1795 1.795 0.02 447 5 1 1 
0.985 2.37727e-15 1.98952e-13 0.0025 0.25 0.1795 1.795 0.02 448 5 1 1 
0.995 -4.93772e-15 2.84217e-13 0.0025 0.25 0.1795 1.795 0.02 449 3 1 1 
1.005 4.93772e-15 -2.84217e-13 0.0025 0.25 0.1795 1.795 0.02 450 3 1 1 
1.015 -2.37727e-15 -1.98952e-13 0.0025 0.25 0.1795 1.795 0.02 451 5 1 1 
1.025 -9.35344e-16 2.84217e-14 0.0025 0.25 0.1795 1.795 0.02 452 5 1 1 
1.035 -6.80644e-15 7.10543e-14 0.0025 0.25 0.1795 1.795 0.02 453 5 1 1 
1.045 2.67439e-15 -4.68958e-13 0.0025 0.25 0.1795 1.795 0.02 454 5 1 1 
1.055 -5.32584e-15 -2.00373e-12 0.0025 0.25 0.1795 1.795 0.02 455 5 1 1 
1.065 -8.67857e-14 -3.41203e-11 0.0025 0.25 0.1795 1.795 0.02 456 4 1 1 
1.075 -6.11969e-13 -1.67873e-10 0.0025 0.25 0.1795 1.795 0.02 457 4 1 1 
1.085 -3.52022e-12 -9.50351e-10 0.0025 0.25 0.1795 1.795 0.02 458 4 1 1 
1.095 -1.9484e-11 -5.04056e-09 0.0025 0.25 0.1795 1.795 0.02 459 4 1 1 
1.105 -1.03148e-10 -2.58146e-08 0.0025 0.25 0.1795 1.795 0.02 460 4 1 1 
1.115 -5.2558e-10 -1.27436e-07 0.0025 0.25 0.1795 1.795 0.02 461 4 1 1 
1.125 -2.58703e-09 -6.09594e-07 0.0025 0.25 0.1795 1.795 0.02 462 4 1 1 
1.135 -1.23504e-08 -2.83987e-06 0.0025 0.25 0.1795 1.795 0.02 463 4 1 1 
1.145 -5.74324e-08 -1.29407e-05 0.0025 0.25 0.1795 1.795 0.02 464 4 1 1 
1.155 -2.60318e-07 -5.72187e-05 0.0025 0.25 0.1795 1.795 0.02 465 4 1 1 
1.165 -1.12257e-06 -0.000232232 0.0025 0.25 0.1795 1.795 0.02 466 4 1 1 
1.175 -3.93492e-06 -0.000604708 0.0025 0.25 0.1795 1.795 0.02 467 3 1 1 
1.185 6.2926e-06 0.00849738 0.0025 0.249993 0.179493 1.79498 0.0200006 468 4 1 1 
1.195 0.000222827 0.0422448 0.0025 0.249987 0.179487 1.79496 0.020001 469 5 1 0.999979 
1.205 -0.000803132 -0.633573 0.0025 0.250561 0.18006 1.79661 0.0199552 470 4 1 0.99877 
1.21496 -0.0186634 -6.06361 0.0025 0.255276 0.184857 1.81053 0.0195867 471 4 1 0.987013 
1.2246 -0.104367 -20.5136 0.0025 0.273415 0.204072 1.86625 0.0182872 472 4 1 0.963869 
1.23333 -0.285723 -30.6991 0.0025 0.312742 0.248386 1.98567 0.0159876 473 4 1 0.964617 
1.24074 -0.472235 -22.1724 0.0025 0.363787 0.309773 2.12864 0.0137443 474 4 1 0.982343 
1.24716 -0.57834 -10.4437 0.0025 0.406195 0.363188 2.23509 0.0123094 475 4 1 0.993209 
1.25308 -0.629751 -5.44797 0.0025 0.432148 0.396583 2.29414 0.0115701 476 4 1 0.998051 
1.25874 -0.655498 -2.42166 0.0025 0.446241 0.414932 2.32453 0.0112047 477 4 1 0.999591 
1.26428 -0.666357 -0.997035 0.0025 0.45287 0.423621 2.3385 0.0110407 478 4 1 0.999934 
1.26978 -0.670673 -0.365673 0.0025 0.455588 0.427207 2.34425 0.0109748 479 4 1 0.999992 
1.27526 -0.672213 -0.127448 0.0025 0.456588 0.428548 2.34646 0.0109508 480 4 1 0.999999 
1.28073 -0.672741 -0.0423564 0.0025 0.456916 0.429012 2.34732 0.0109429 481 4 1 1 
1.2862 -0.672922 -0.0144973 0.0025 0.457002 0.429167 2.34773 0.0109409 482 4 1 1 
1.29167 -0.672989 -0.00535108 0.0025 0.457003 0.429219 2.34801 0.0109408 483 3 1 1 
1.29714 -0.673019 -0.00224878 0.0025 0.456969 0.429236 2.34828 0.0109417 484 4 1 1 
1.30261 -0.673037 -0.00112806 0.0025 0.456916 0.429242 2.34858 0.0109429 485 4 1 1 
1.30808 -0.673051 -0.000609639 0.0025 0.456846 0.429243 2.34895 0.0109446 486 4 1 1 
1.31356 -0.673063 -0.000303876 0.0025 0.456757 0.429242 2.3494 0.0109467 487 4 1 1 
1.31903 -0.673075 -7.55044e-05 0.0025 0.456644 0.429239 2.34996 0.0109494 488 4 1 1 
1.32451 -0.673086 0.000122573 0.0025 0.4565 0.429234 2.35068 0.0109529 489 4 1 1 
1.32998 -0.673098 0.000310745 0.0025 0.456314 0.429226 2.35159 0.0109574 490 4 1 1 
1.33546 -0.67311 0.000501849 0.0025 0.456067 0.429212 2.35279 0.0109633 491 4 1 0.999999 
1.34095 -0.673122 0.000702309 0.0025 0.455733 0.429189 2.35439 0.0109713 492 4 1 0.999999 
1.34643 -0.673135 0.000913904 0.0025 0.455263 0.429148 2.35659 0.0109827 493 4 1 0.999997 
1.35193 -0.673147 0.00113581 0.0025 0.454566 0.429067 2.35976 0.0109995 494 4 1 0.999994 
1.35743 -0.673161 0.0013671 0.0025 0.453481 0.428934 2.36468 0.0110258 495 4 1 0.999986 
1.36295 -0.673174 0.00160893 0.0025 0.45186 0.428981 2.37342 0.0110654 496 4 1 0.999967 
1.3685 -0.673189 0.00186576 0.0025 0.450266 0.430658 2.39113 0.0111045 497 5 1 0.998658 
1.37406 -0.673205 0.00214194 0.0025 0.458886 0.450131 2.4523 0.0108959 498 4 1 0.993694 
1.3794 -0.67322 0.0024261 0.0025 0.481381 0.415671 2.15874 0.0103868 499 4 1 0.993699 
