# Time [s]: 5.37763e+12
# Columns: pos [pc], vel [pc/s], acc [pc/s^2], mass [Msun], dens [g/cm^3], pres [barye], ene [erg/g], sml [pc], id, neighbor, alpha, gradh, ...additional?
4.2737e+16 -673.238 8.89861e-14 4.97118e+27 0.000506925 4.40313 21714.9 3.04384e+14 0 4 1 0.994707 
4.28856e+16 -673.254 9.8587e-14 4.97118e+27 0.000531017 4.11623 19379 2.90575e+14 1 4 1 0.999668 
4.30278e+16 -673.271 1.08482e-13 4.97118e+27 0.000544146 4.27097 19622.4 2.83564e+14 2 4 1 0.999987 
4.31692e+16 -673.289 1.19344e-13 4.97118e+27 0.000545772 4.28848 19644.1 2.82719e+14 3 4 1 0.999999 
4.33105e+16 -673.309 1.31553e-13 4.97118e+27 0.000546189 4.291 19640.6 2.82503e+14 4 4 1 1 
4.34517e+16 -673.331 1.45305e-13 4.97118e+27 0.000546288 4.29153 19639.5 2.82452e+14 5 4 1 1 
4.35929e+16 -673.354 1.60678e-13 4.97118e+27 0.000546313 4.29152 19638.6 2.82439e+14 6 4 1 1 
4.37342e+16 -673.38 1.77777e-13 4.97118e+27 0.000546323 4.2914 19637.7 2.82434e+14 7 4 1 1 
4.38754e+16 -673.408 1.96923e-13 4.97118e+27 0.000546326 4.29126 19636.9 2.82432e+14 8 3 1 1 
4.40166e+16 -673.438 2.18702e-13 4.97118e+27 0.000546324 4.29109 19636.2 2.82433e+14 9 4 1 1 
4.41578e+16 -673.472 2.43789e-13 4.97118e+27 0.000546319 4.2909 19635.5 2.82436e+14 10 4 1 1 
4.4299e+16 -673.51 2.72669e-13 4.97118e+27 0.000546311 4.2907 19634.9 2.8244e+14 11 4 1 1 
4.44402e+16 -673.551 3.0558e-13 4.97118e+27 0.000546298 4.29046 19634.3 2.82447e+14 12 4 1 1 
4.45815e+16 -673.597 3.42759e-13 4.97118e+27 0.000546281 4.2902 19633.6 2.82455e+14 13 4 1 1 
4.47227e+16 -673.649 3.84466e-13 4.97118e+27 0.000546261 4.2899 19633 2.82466e+14 14 4 1 1 
4.48639e+16 -673.706 4.30816e-13 4.97118e+27 0.000546236 4.28957 19632.4 2.82479e+14 15 4 1 1 
4.50052e+16 -673.771 4.82369e-13 4.97118e+27 0.000546207 4.28919 19631.7 2.82494e+14 16 4 1 1 
4.51464e+16 -673.843 5.40888e-13 4.97118e+27 0.000546174 4.28878 19631 2.82511e+14 17 4 1 1 
4.52877e+16 -673.924 6.08172e-13 4.97118e+27 0.000546135 4.2883 19630.2 2.82531e+14 18 4 1 1 
4.5429e+16 -674.015 6.84933e-13 4.97118e+27 0.00054609 4.28777 19629.4 2.82554e+14 19 4 1 1 
4.55702e+16 -674.117 7.73799e-13 4.97118e+27 0.000546039 4.28717 19628.5 2.82581e+14 20 4 1 1 
4.57115e+16 -674.233 8.82477e-13 4.97118e+27 0.00054598 4.28649 19627.5 2.82611e+14 21 4 1 1 
4.58529e+16 -674.367 1.02129e-12 4.97118e+27 0.00054591 4.28569 19626.4 2.82647e+14 22 4 1 1 
4.59942e+16 -674.524 1.20276e-12 4.97118e+27 0.000545827 4.28475 19625 2.8269e+14 23 4 1 1 
4.61355e+16 -674.712 1.44653e-12 4.97118e+27 0.000545726 4.28362 19623.5 2.82743e+14 24 4 1 1 
4.62769e+16 -674.94 1.77114e-12 4.97118e+27 0.000545603 4.28224 19621.6 2.82807e+14 25 4 1 1 
-1.53017e+16 -675.22 2.17614e-12 4.97118e+27 0.000545451 4.28055 19619.3 2.82885e+14 26 4 1 1 
-1.51602e+16 -675.563 2.6518e-12 4.97118e+27 0.000545265 4.27849 19616.6 2.82982e+14 27 4 1 1 
-1.50187e+16 -675.978 3.18842e-12 4.97118e+27 0.000545043 4.27604 19613.3 2.83097e+14 28 4 1 1 
-1.48771e+16 -676.463 3.71997e-12 4.97118e+27 0.000544787 4.27321 19609.5 2.8323e+14 29 4 1 0.999999 
-1.47354e+16 -677 4.08157e-12 4.97118e+27 0.000544507 4.27012 19605.4 2.83376e+14 30 4 1 0.999999 
-1.45937e+16 -677.561 4.13168e-12 4.97118e+27 0.000544225 4.267 19601.3 2.83523e+14 31 4 1 0.999999 
-1.44519e+16 -678.089 3.74142e-12 4.97118e+27 0.00054397 4.26419 19597.5 2.83655e+14 32 4 1 0.999999 
-1.43101e+16 -678.519 3.04511e-12 4.97118e+27 0.000543779 4.26208 19594.7 2.83755e+14 33 4 1 1 
-1.41682e+16 -678.708 9.37002e-13 4.97118e+27 0.000543668 4.26085 19593.1 2.83813e+14 34 5 1 1 
-1.40262e+16 -679.011 1.35304e-12 4.97118e+27 0.000543737 4.26154 19593.9 2.83777e+14 35 4 1 0.99998 
-1.38844e+16 -677.257 -3.01721e-11 4.97118e+27 0.000544969 4.27499 19611.5 2.83135e+14 36 4 1 0.999844 
-1.37431e+16 -670.276 -7.22396e-11 4.97118e+27 0.00054861 4.31502 19663.8 2.81256e+14 37 4 1 0.999604 
-1.36031e+16 -658.278 -1.05743e-10 4.97118e+27 0.000554753 4.38284 19751.6 2.78142e+14 38 4 1 0.999393 
-1.3465e+16 -642.98 -1.2677e-10 4.97118e+27 0.000562704 4.47107 19864.4 2.74211e+14 39 4 1 0.999289 
-1.33289e+16 -626.06 -1.34964e-10 4.97118e+27 0.000571617 4.57056 19989.7 2.69936e+14 40 4 1 0.999298 
-1.3195e+16 -609.079 -1.33113e-10 4.97118e+27 0.000580731 4.67293 20116.5 2.657e+14 41 4 1 0.999376 
-1.30632e+16 -593.05 -1.24981e-10 4.97118e+27 0.000589516 4.77219 20237.7 2.6174e+14 42 4 1 0.999455 
-1.29332e+16 -578.277 -1.18326e-10 4.97118e+27 0.000597814 4.86648 20351.1 2.58107e+14 43 4 1 0.999495 
-1.28051e+16 -564.165 -1.17569e-10 4.97118e+27 0.000605845 4.95821 20460 2.54686e+14 44 4 1 0.999484 
-1.26785e+16 -549.939 -1.23802e-10 4.97118e+27 0.000614002 5.05189 20569.7 2.51302e+14 45 4 1 0.999442 
-1.25537e+16 -535.06 -1.32446e-10 4.97118e+27 0.000622579 5.15096 20684.1 2.4784e+14 46 4 1 0.99939 
-1.24307e+16 -519.399 -1.42002e-10 4.97118e+27 0.000631686 5.25675 20804.6 2.44267e+14 47 4 1 0.999347 
-1.23095e+16 -503.053 -1.49376e-10 4.97118e+27 0.000641284 5.36891 20930.4 2.40611e+14 48 4 1 0.999321 
-1.21901e+16 -486.265 -1.551e-10 4.97118e+27 0.000651254 5.48612 21060 2.36928e+14 49 4 1 0.999309 
-1.20725e+16 -469.284 -1.5938e-10 4.97118e+27 0.000661491 5.60723 21191.7 2.33261e+14 50 4 1 0.999309 
-1.19568e+16 -452.212 -1.62339e-10 4.97118e+27 0.000671903 5.73118 21324.5 2.29646e+14 51 4 1 0.999317 
-1.18429e+16 -435.218 -1.64576e-10 4.97118e+27 0.000682421 5.85717 21457.4 2.26107e+14 52 4 1 0.999331 
-1.17307e+16 -418.302 -1.65993e-10 4.97118e+27 0.000692996 5.98463 21589.8 2.22656e+14 53 4 1 0.999347 
-1.16202e+16 -401.575 -1.67525e-10 4.97118e+27 0.000703602 6.11325 21721.3 2.193e+14 54 4 1 0.999365 
-1.15114e+16 -385.028 -1.68429e-10 4.97118e+27 0.000714221 6.2428 21851.9 2.1604e+14 55 4 1 0.999384 
-1.14041e+16 -368.692 -1.69247e-10 4.97118e+27 0.000724833 6.37304 21981.1 2.12877e+14 56 4 1 0.999404 
-1.12985e+16 -352.577 -1.6985e-10 4.97118e+27 0.000735429 6.50384 22109.1 2.0981e+14 57 4 1 0.999423 
-1.11943e+16 -336.655 -1.70372e-10 4.97118e+27 0.000746 6.6351 22235.6 2.06836e+14 58 4 1 0.99944 
-1.10916e+16 -320.961 -1.71289e-10 4.97118e+27 0.000756554 6.76688 22360.9 2.03951e+14 59 4 1 0.999458 
-1.09904e+16 -305.489 -1.71385e-10 4.97118e+27 0.000767081 6.89907 22484.8 2.01152e+14 60 4 1 0.999475 
-1.08905e+16 -290.209 -1.72166e-10 4.97118e+27 0.000777579 7.0316 22607.4 1.98436e+14 61 4 1 0.999491 
-1.07919e+16 -275.15 -1.72423e-10 4.97118e+27 0.00078805 7.16451 22728.7 1.958e+14 62 4 1 0.999508 
-1.06946e+16 -260.276 -1.72624e-10 4.97118e+27 0.000798482 7.29763 22848.5 1.93242e+14 63 4 1 0.999522 
-1.05987e+16 -245.625 -1.73395e-10 4.97118e+27 0.000808886 7.43111 22967.2 1.90756e+14 64 4 1 0.999537 
-1.05039e+16 -231.161 -1.73373e-10 4.97118e+27 0.00081926 7.56486 23084.5 1.88341e+14 65 4 1 0.999552 
-1.04103e+16 -216.891 -1.73676e-10 4.97118e+27 0.000829591 7.69875 23200.5 1.85995e+14 66 4 1 0.999566 
-1.03179e+16 -202.818 -1.73956e-10 4.97118e+27 0.000839888 7.83285 23315.2 1.83715e+14 67 4 1 0.999579 
-1.02266e+16 -188.922 -1.74079e-10 4.97118e+27 0.000850146 7.96711 23428.7 1.81498e+14 68 4 1 0.999592 
-1.01364e+16 -175.216 -1.74363e-10 4.97118e+27 0.000860367 8.10153 23541 1.79342e+14 69 4 1 0.999604 
-1.00472e+16 -161.703 -1.74614e-10 4.97118e+27 0.000870554 8.23614 23652.1 1.77244e+14 70 4 1 0.999616 
-9.95913e+15 -148.356 -1.74365e-10 4.97118e+27 0.000880694 8.37076 23761.9 1.75203e+14 71 4 1 0.999628 
-9.87203e+15 -135.185 -1.74644e-10 4.97118e+27 0.00089079 8.50539 23870.4 1.73217e+14 72 4 1 0.999639 
-9.7859e+15 -122.2 -1.74499e-10 4.97118e+27 0.000900842 8.64007 23977.8 1.71284e+14 73 4 1 0.999651 
-9.70074e+15 -109.392 -1.74121e-10 4.97118e+27 0.000910838 8.77458 24083.9 1.69405e+14 74 4 1 0.99966 
-9.61649e+15 -96.7656 -1.74823e-10 4.97118e+27 0.000920795 8.90916 24188.8 1.67573e+14 75 4 1 0.999671 
-9.53316e+15 -84.2817 -1.74709e-10 4.97118e+27 0.000930712 9.04381 24292.7 1.65787e+14 76 4 1 0.999688 
-9.4507e+15 -72.021 -1.70998e-10 4.97118e+27 0.000940486 9.17707 24394.5 1.64064e+14 77 4 1 0.999709 
-9.36909e+15 -60.2907 -1.65282e-10 4.97118e+27 0.000950019 9.30745 24492.9 1.62418e+14 78 4 1 0.999703 
-9.28828e+15 -48.6937 -1.75271e-10 4.97118e+27 0.000959638 9.43948 24591.7 1.6079e+14 79 4 1 0.999666 
-9.20829e+15 -35.9809 -1.98309e-10 4.97118e+27 0.000969887 9.58136 24696.9 1.59091e+14 80 4 1 0.999729 
-9.12918e+15 -23.3883 -1.64428e-10 4.97118e+27 0.000979657 9.71751 24796.6 1.57504e+14 81 4 1 0.999894 
-9.05079e+15 -15.509 -6.9229e-11 4.97118e+27 0.000986446 9.81109 24864.3 1.5642e+14 82 4 1 0.999904 
-8.97276e+15 -10.9654 -9.59811e-11 4.97118e+27 0.00099188 9.88488 24917.6 1.55563e+14 83 4 1 0.999633 
-8.89522e+15 1.16543 -2.82227e-10 4.97118e+27 0.00100209 10.0287 25021 1.53978e+14 84 4 1 0.999453 
-8.81878e+15 20.762 -2.78461e-10 4.97118e+27 0.00101615 10.2292 25163 1.51847e+14 85 4 1 0.999904 
-8.74337e+15 30.9761 -4.85705e-11 4.97118e+27 0.00102478 10.3508 25247.9 1.50569e+14 86 4 1 1.00001 
-8.66821e+15 31.0332 1.8595e-11 4.97118e+27 0.00102585 10.3644 25257.3 1.50411e+14 87 3 1 1 
-8.59296e+15 29.053 3.57642e-11 4.97118e+27 0.00102415 10.34 25240.2 1.50662e+14 88 4 1 0.999993 
-8.51755e+15 26.3615 4.46697e-11 4.97118e+27 0.00102176 10.3062 25216.6 1.51014e+14 89 4 1 0.999985 
-8.44194e+15 23.2347 5.05959e-11 4.97118e+27 0.00101905 10.2678 25189.7 1.51416e+14 90 4 1 0.99998 
-8.36613e+15 19.8819 5.31255e-11 4.97118e+27 0.00101619 10.2274 25161.3 1.51842e+14 91 4 1 0.999977 
-8.2901e+15 16.5108 5.24244e-11 4.97118e+27 0.00101336 10.1875 25133.2 1.52266e+14 92 4 1 0.999977 
-8.21386e+15 13.307 4.89629e-11 4.97118e+27 0.0010107 10.1501 25106.7 1.52667e+14 93 4 1 0.999979 
-8.13743e+15 10.4131 4.35164e-11 4.97118e+27 0.00100833 10.1167 25083.1 1.53026e+14 94 4 1 0.999983 
-8.06084e+15 7.91749 3.69698e-11 4.97118e+27 0.0010063 10.0882 25062.9 1.53334e+14 95 4 1 0.999987 
-7.9841e+15 5.85472 3.01416e-11 4.97118e+27 0.00100464 10.0649 25046.3 1.53588e+14 96 4 1 0.999991 
-7.90725e+15 4.21473 2.36664e-11 4.97118e+27 0.00100333 10.0465 25033.2 1.53788e+14 97 4 1 0.999994 
-7.83031e+15 2.95663 1.79501e-11 4.97118e+27 0.00100233 10.0325 25023.2 1.53942e+14 98 4 1 0.999997 
-7.75331e+15 2.02284 1.3185e-11 4.97118e+27 0.00100159 10.0222 25015.8 1.54056e+14 99 4 1 0.999998 
-7.67626e+15 1.35073 9.39897e-12 4.97118e+27 0.00100106 10.0147 25010.5 1.54137e+14 100 4 1 0.999999 
-7.59917e+15 0.880784 6.51292e-12 4.97118e+27 0.00100069 10.0096 25006.8 1.54194e+14 101 4 1 1 
-7.52206e+15 0.561101 4.39251e-12 4.97118e+27 0.00100044 10.0061 25004.3 1.54233e+14 102 4 1 1 
-7.44494e+15 0.349312 2.88601e-12 4.97118e+27 0.00100027 10.0038 25002.7 1.54258e+14 103 4 1 1 
-7.3678e+15 0.212556 1.84854e-12 4.97118e+27 0.00100016 10.0023 25001.6 1.54275e+14 104 4 1 1 
-7.29066e+15 0.126436 1.15484e-12 4.97118e+27 0.0010001 10.0014 25001 1.54285e+14 105 4 1 1 
-7.21352e+15 0.073525 7.03924e-13 4.97118e+27 0.00100006 10.0008 25000.6 1.54291e+14 106 4 1 1 
-7.13637e+15 0.0417993 4.18745e-13 4.97118e+27 0.00100003 10.0004 25000.3 1.54295e+14 107 4 1 1 
-7.05922e+15 0.0232308 2.43144e-13 4.97118e+27 0.00100002 10.0002 25000.2 1.54297e+14 108 4 1 1 
-6.98207e+15 0.0126212 1.3782e-13 4.97118e+27 0.00100001 10.0001 25000.1 1.54299e+14 109 4 1 1 
-6.90492e+15 0.00670265 7.6265e-14 4.97118e+27 0.00100001 10.0001 25000.1 1.54299e+14 110 4 1 1 
-6.82777e+15 0.00347905 4.12011e-14 4.97118e+27 0.001 10 25000 1.543e+14 111 4 1 1 
-6.75062e+15 0.00176479 2.17299e-14 4.97118e+27 0.001 10 25000 1.543e+14 112 4 1 1 
-6.67347e+15 0.000874754 1.11881e-14 4.97118e+27 0.001 10 25000 1.543e+14 113 4 1 1 
-6.59632e+15 0.000423613 5.62301e-15 4.97118e+27 0.001 10 25000 1.543e+14 114 4 1 1 
-6.51917e+15 0.000200385 2.7584e-15 4.97118e+27 0.001 10 25000 1.543e+14 115 4 1 1 
-6.44202e+15 9.25728e-05 1.32056e-15 4.97118e+27 0.001 10 25000 1.543e+14 116 4 1 1 
-6.36487e+15 4.17561e-05 6.1689e-16 4.97118e+27 0.001 10 25000 1.543e+14 117 4 1 1 
-6.28772e+15 1.83847e-05 2.81134e-16 4.97118e+27 0.001 10 25000 1.543e+14 118 4 1 1 
-6.21057e+15 7.89884e-06 1.24962e-16 4.97118e+27 0.001 10 25000 1.543e+14 119 4 1 1 
-6.13342e+15 3.31044e-06 5.41594e-17 4.97118e+27 0.001 10 25000 1.543e+14 120 4 1 1 
-6.05627e+15 1.35285e-06 2.28804e-17 4.97118e+27 0.001 10 25000 1.543e+14 121 4 1 1 
-5.97912e+15 5.38846e-07 9.41835e-18 4.97118e+27 0.001 10 25000 1.543e+14 122 4 1 1 
-5.90197e+15 2.09072e-07 3.77627e-18 4.97118e+27 0.001 10 25000 1.543e+14 123 4 1 1 
-5.82482e+15 7.8974e-08 1.47366e-18 4.97118e+27 0.001 10 25000 1.543e+14 124 4 1 1 
-5.74767e+15 2.90278e-08 5.59851e-19 4.97118e+27 0.001 10 25000 1.543e+14 125 4 1 1 
-5.67052e+15 1.03728e-08 2.06303e-19 4.97118e+27 0.001 10 25000 1.543e+14 126 4 1 1 
-5.59337e+15 3.60058e-09 7.41856e-20 4.97118e+27 0.001 10 25000 1.543e+14 127 4 1 1 
-5.51622e+15 1.22206e-09 2.56403e-20 4.97118e+27 0.001 10 25000 1.543e+14 128 4 1 1 
-5.43907e+15 3.86025e-10 8.78623e-21 4.97118e+27 0.001 10 25000 1.543e+14 129 4 1 1 
-5.36192e+15 1.3152e-10 3.08715e-21 4.97118e+27 0.001 10 25000 1.543e+14 130 4 1 1 
-5.28477e+15 3.08707e-11 6.7969e-22 4.97118e+27 0.001 10 25000 1.543e+14 131 4 1 1 
-5.20762e+15 5.70022e-12 3.96025e-22 4.97118e+27 0.001 10 25000 1.543e+14 132 4 1 1 
-5.13047e+15 6.97153e-14 -1.10519e-23 4.97118e+27 0.001 10 25000 1.543e+14 133 5 1 1 
-5.05332e+15 3.48668e-14 -1.27813e-39 4.97118e+27 0.001 10 25000 1.543e+14 134 5 1 1 
-4.97617e+15 1.03143e-44 3.63266e-55 4.97118e+27 0.001 10 25000 1.543e+14 135 5 1 1 
-4.89902e+15 0 0 4.97118e+27 0.001 10 25000 1.543e+14 136 5 1 1 
-4.82187e+15 0 0 4.97118e+27 0.001 10 25000 1.543e+14 137 5 1 1 
-4.74472e+15 0 0 4.97118e+27 0.001 10 25000 1.543e+14 138 5 1 1 
-4.66757e+15 0 0 4.97118e+27 0.001 10 25000 1.543e+14 139 5 1 1 
-4.59042e+15 0 0 4.97118e+27 0.001 10 25000 1.543e+14 140 5 1 1 
-4.51327e+15 0 0 4.97118e+27 0.001 10 25000 1.543e+14 141 5 1 1 
-4.43612e+15 0 0 4.97118e+27 0.001 10 25000 1.543e+14 142 5 1 1 
-4.35897e+15 0 0 4.97118e+27 0.001 10 25000 1.543e+14 143 5 1 1 
-4.28182e+15 0 0 4.97118e+27 0.001 10 25000 1.543e+14 144 5 1 1 
-4.20467e+15 0 0 4.97118e+27 0.001 10 25000 1.543e+14 145 5 1 1 
-4.12752e+15 0 0 4.97118e+27 0.001 10 25000 1.543e+14 146 5 1 1 
-4.05037e+15 0 0 4.97118e+27 0.001 10 25000 1.543e+14 147 5 1 1 
-3.97322e+15 0 0 4.97118e+27 0.001 10 25000 1.543e+14 148 5 1 1 
-3.89607e+15 0 0 4.97118e+27 0.001 10 25000 1.543e+14 149 5 1 1 
-3.81892e+15 0 0 4.97118e+27 0.001 10 25000 1.543e+14 150 5 1 1 
-3.74177e+15 0 0 4.97118e+27 0.001 10 25000 1.543e+14 151 5 1 1 
-3.66462e+15 0 0 4.97118e+27 0.001 10 25000 1.543e+14 152 5 1 1 
-3.58747e+15 0 0 4.97118e+27 0.001 10 25000 1.543e+14 153 5 1 1 
-3.51032e+15 0 0 4.97118e+27 0.001 10 25000 1.543e+14 154 5 1 1 
-3.43317e+15 0 0 4.97118e+27 0.001 10 25000 1.543e+14 155 5 1 1 
-3.35602e+15 0 0 4.97118e+27 0.001 10 25000 1.543e+14 156 5 1 1 
-3.27887e+15 0 0 4.97118e+27 0.001 10 25000 1.543e+14 157 5 1 1 
-3.20172e+15 0 0 4.97118e+27 0.001 10 25000 1.543e+14 158 5 1 1 
-3.12457e+15 0 0 4.97118e+27 0.001 10 25000 1.543e+14 159 5 1 1 
-3.04742e+15 0 0 4.97118e+27 0.001 10 25000 1.543e+14 160 5 1 1 
-2.97027e+15 0 0 4.97118e+27 0.001 10 25000 1.543e+14 161 5 1 1 
-2.89312e+15 0 0 4.97118e+27 0.001 10 25000 1.543e+14 162 5 1 1 
-2.81597e+15 0 0 4.97118e+27 0.001 10 25000 1.543e+14 163 5 1 1 
-2.73882e+15 0 0 4.97118e+27 0.001 10 25000 1.543e+14 164 5 1 1 
-2.66167e+15 0 0 4.97118e+27 0.001 10 25000 1.543e+14 165 5 1 1 
-2.58452e+15 0 0 4.97118e+27 0.001 10 25000 1.543e+14 166 5 1 1 
-2.50737e+15 0 0 4.97118e+27 0.001 10 25000 1.543e+14 167 5 1 1 
-2.43022e+15 0 0 4.97118e+27 0.001 10 25000 1.543e+14 168 5 1 1 
-2.35307e+15 0 0 4.97118e+27 0.001 10 25000 1.543e+14 169 5 1 1 
-2.27592e+15 0 0 4.97118e+27 0.001 10 25000 1.543e+14 170 5 1 1 
-2.19877e+15 0 0 4.97118e+27 0.001 10 25000 1.543e+14 171 5 1 1 
-2.12162e+15 0 0 4.97118e+27 0.001 10 25000 1.543e+14 172 5 1 1 
-2.04447e+15 -3.80892e-43 -3.63266e-55 4.97118e+27 0.001 10 25000 1.543e+14 173 5 1 1 
-1.96732e+15 -1.04199e-13 -3.63266e-55 4.97118e+27 0.001 10 25000 1.543e+14 174 5 1 1 
-1.89017e+15 -2.42604e-13 0 4.97118e+27 0.001 10 25000 1.543e+14 175 5 1 1 
-1.81302e+15 -3.97826e-13 -1.84198e-24 4.97118e+27 0.001 10 25000 1.543e+14 176 5 1 1 
-1.73587e+15 -5.34877e-13 1.84198e-24 4.97118e+27 0.001 10 25000 1.543e+14 177 5 1 1 
-1.65872e+15 -6.71089e-13 -1.84198e-24 4.97118e+27 0.001 10 25000 1.543e+14 178 5 1 1 
-1.58157e+15 -8.40519e-13 1.84198e-24 4.97118e+27 0.001 10 25000 1.543e+14 179 5 1 1 
-1.50442e+15 -1.00842e-12 -1.84198e-24 4.97118e+27 0.001 10 25000 1.543e+14 180 5 1 1 
-1.42727e+15 -1.22683e-12 -1.81633e-54 4.97118e+27 0.001 10 25000 1.543e+14 181 5 1 1 
-1.35012e+15 -1.72113e-12 -5.52593e-24 4.97118e+27 0.001 10 25000 1.543e+14 182 5 1 1 
-1.27297e+15 -2.38504e-12 -7.36791e-24 4.97118e+27 0.001 10 25000 1.543e+14 183 5 1 1 
-1.19582e+15 -5.52979e-12 -2.21037e-23 4.97118e+27 0.001 10 25000 1.543e+14 184 3 1 1 
-1.11867e+15 2.73272e-12 7.7363e-23 4.97118e+27 0.001 10 25000 1.543e+14 185 4 1 1 
-1.04152e+15 -1.11209e-12 -6.44692e-23 4.97118e+27 0.001 10 25000 1.543e+14 186 4 1 1 
-9.64375e+14 -2.88861e-12 2.94716e-23 4.97118e+27 0.001 10 25000 1.543e+14 187 3 1 1 
-8.87225e+14 -8.15457e-13 -1.10519e-23 4.97118e+27 0.001 10 25000 1.543e+14 188 4 1 1 
-8.10075e+14 -1.31404e-12 1.84198e-24 4.97118e+27 0.001 10 25000 1.543e+14 189 4 1 1 
-7.32925e+14 -2.60098e-12 -9.20989e-24 4.97118e+27 0.001 10 25000 1.543e+14 190 3 1 1 
-6.55775e+14 -6.85569e-13 1.10519e-23 4.97118e+27 0.001 10 25000 1.543e+14 191 4 1 1 
-5.78625e+14 -2.75428e-12 -1.10519e-23 4.97118e+27 0.001 10 25000 1.543e+14 192 4 1 1 
-5.01475e+14 1.87535e-13 1.10519e-23 4.97118e+27 0.001 10 25000 1.543e+14 193 3 1 1 
-4.24325e+14 -1.17503e-12 1.84198e-24 4.97118e+27 0.001 10 25000 1.543e+14 194 5 1 1 
-3.47175e+14 -1.10231e-12 3.68395e-24 4.97118e+27 0.001 10 25000 1.543e+14 195 5 1 1 
-2.70025e+14 -9.65753e-13 -7.36791e-24 4.97118e+27 0.001 10 25000 1.543e+14 196 3 1 1 
-1.92875e+14 -6.15468e-13 1.10519e-23 4.97118e+27 0.001 10 25000 1.543e+14 197 4 1 1 
-1.15725e+14 -7.82347e-13 -9.20989e-24 4.97118e+27 0.001 10 25000 1.543e+14 198 5 1 1 
-3.8575e+13 -8.52322e-14 1.84198e-24 4.97118e+27 0.001 10 25000 1.543e+14 199 3 1 1 
3.8575e+13 -8.2846e-13 3.68395e-24 4.97118e+27 0.001 10 25000 1.543e+14 200 4 1 1 
1.15725e+14 8.60323e-14 -7.36791e-24 4.97118e+27 0.001 10 25000 1.543e+14 201 5 1 1 
1.92875e+14 -4.89958e-13 1.10519e-23 4.97118e+27 0.001 10 25000 1.543e+14 202 4 1 1 
2.70025e+14 1.50062e-12 -2.02618e-23 4.97118e+27 0.001 10 25000 1.543e+14 203 5 1 1 
3.47175e+14 2.90208e-13 1.28938e-23 4.97118e+27 0.001 10 25000 1.543e+14 204 5 1 1 
4.24325e+14 7.28656e-13 -3.68395e-24 4.97118e+27 0.001 10 25000 1.543e+14 205 5 1 1 
5.01475e+14 1.77526e-13 3.68395e-24 4.97118e+27 0.001 10 25000 1.543e+14 206 5 1 1 
5.78625e+14 2.55719e-12 3.68395e-24 4.97118e+27 0.001 10 25000 1.543e+14 207 5 1 1 
6.55775e+14 2.23372e-12 -1.78938e-38 4.97118e+27 0.001 10 25000 1.543e+14 208 5 1 1 
7.32925e+14 1.10465e-12 -3.68395e-24 4.97118e+27 0.001 10 25000 1.543e+14 209 4 1 1 
8.10075e+14 2.46524e-12 3.68395e-24 4.97118e+27 0.001 10 25000 1.543e+14 210 3 1 1 
8.87225e+14 1.53397e-13 5.43205e-39 4.97118e+27 0.001 10 25000 1.543e+14 211 3 1 1 
9.64375e+14 1.14045e-12 1.0225e-38 4.97118e+27 0.001 10 25000 1.543e+14 212 4 1 1 
1.04153e+15 2.31614e-13 -3.68395e-24 4.97118e+27 0.001 10 25000 1.543e+14 213 5 1 1 
1.11868e+15 2.09434e-12 -1.27813e-39 4.97118e+27 0.001 10 25000 1.543e+14 214 5 1 1 
1.19583e+15 1.67134e-12 -1.45306e-54 4.97118e+27 0.001 10 25000 1.543e+14 215 5 1 1 
1.27298e+15 1.16856e-12 7.26532e-55 4.97118e+27 0.001 10 25000 1.543e+14 216 5 1 1 
1.35013e+15 1.00879e-12 7.26532e-55 4.97118e+27 0.001 10 25000 1.543e+14 217 5 1 1 
1.42728e+15 8.8246e-13 1.0898e-54 4.97118e+27 0.001 10 25000 1.543e+14 218 5 1 1 
1.50443e+15 1.02565e-12 -1.0898e-54 4.97118e+27 0.001 10 25000 1.543e+14 219 5 1 1 
1.58158e+15 7.56014e-13 -2.90613e-54 4.97118e+27 0.001 10 25000 1.543e+14 220 5 1 1 
1.65873e+15 -1.67466e-13 -5.52593e-24 4.97118e+27 0.001 10 25000 1.543e+14 221 5 1 1 
1.73588e+15 -7.9023e-13 -9.20989e-24 4.97118e+27 0.001 10 25000 1.543e+14 222 5 1 1 
1.81303e+15 -2.49637e-13 3.68395e-24 4.97118e+27 0.001 10 25000 1.543e+14 223 5 1 1 
1.89018e+15 -5.26507e-12 7.36791e-24 4.97118e+27 0.001 10 25000 1.543e+14 224 3 1 1 
1.96733e+15 5.74605e-12 -1.47358e-23 4.97118e+27 0.001 10 25000 1.543e+14 225 3 1 1 
2.04448e+15 3.16973e-12 -7.36791e-24 4.97118e+27 0.001 10 25000 1.543e+14 226 5 1 1 
2.12163e+15 3.51946e-12 1.10519e-23 4.97118e+27 0.001 10 25000 1.543e+14 227 5 1 1 
2.19878e+15 1.70763e-12 7.36791e-24 4.97118e+27 0.001 10 25000 1.543e+14 228 5 1 1 
2.27593e+15 7.84172e-13 1.84198e-24 4.97118e+27 0.001 10 25000 1.543e+14 229 5 1 1 
2.35308e+15 2.09134e-13 3.68395e-24 4.97118e+27 0.001 10 25000 1.543e+14 230 5 1 1 
2.43023e+15 1.74327e-14 1.84198e-24 4.97118e+27 0.001 10 25000 1.543e+14 231 5 1 1 
2.50738e+15 3.43799e-45 3.63266e-55 4.97118e+27 0.001 10 25000 1.543e+14 232 5 1 1 
2.58453e+15 0 0 4.97118e+27 0.001 10 25000 1.543e+14 233 5 1 1 
2.66168e+15 0 0 4.97118e+27 0.001 10 25000 1.543e+14 234 5 1 1 
2.73883e+15 0 0 4.97118e+27 0.001 10 25000 1.543e+14 235 5 1 1 
2.81598e+15 0 0 4.97118e+27 0.001 10 25000 1.543e+14 236 5 1 1 
2.89313e+15 -1.5468e-42 -3.63266e-55 4.97118e+27 0.001 10 25000 1.543e+14 237 5 1 1 
2.97028e+15 -1.69188e-13 0 4.97118e+27 0.001 10 25000 1.543e+14 238 5 1 1 
3.04743e+15 -3.37357e-13 3.63266e-55 4.97118e+27 0.001 10 25000 1.543e+14 239 5 1 1 
3.12458e+15 1.58941e-12 0 4.97118e+27 0.001 10 25000 1.543e+14 240 5 1 1 
3.20173e+15 1.42405e-12 1.45306e-54 4.97118e+27 0.001 10 25000 1.543e+14 241 5 1 1 
3.27888e+15 2.4563e-12 -5.08572e-54 4.97118e+27 0.001 10 25000 1.543e+14 242 5 1 1 
3.35603e+15 7.94178e-13 2.90613e-54 4.97118e+27 0.001 10 25000 1.543e+14 243 5 1 1 
3.43318e+15 6.51237e-13 -3.26939e-54 4.97118e+27 0.001 10 25000 1.543e+14 244 5 1 1 
3.51033e+15 -1.51096e-12 -1.84198e-24 4.97118e+27 0.001 10 25000 1.543e+14 245 5 1 1 
3.58748e+15 2.4612e-12 -1.19878e-53 4.97118e+27 0.001 10 25000 1.543e+14 246 5 1 1 
3.66463e+15 -3.12256e-13 1.27813e-39 4.97118e+27 0.001 10 25000 1.543e+14 247 5 1 1 
3.74178e+15 -2.09243e-14 -2.31661e-37 4.97118e+27 0.001 10 25000 1.543e+14 248 5 1 1 
3.81893e+15 -3.1251e-12 -2.32939e-37 4.97118e+27 0.001 10 25000 1.543e+14 249 4 1 1 
3.89608e+15 3.1251e-12 2.32939e-37 4.97118e+27 0.001 10 25000 1.543e+14 250 4 1 1 
3.97323e+15 2.09243e-14 2.31661e-37 4.97118e+27 0.001 10 25000 1.543e+14 251 5 1 1 
4.05038e+15 3.12256e-13 -1.27813e-39 4.97118e+27 0.001 10 25000 1.543e+14 252 5 1 1 
4.12753e+15 -2.4612e-12 1.19878e-53 4.97118e+27 0.001 10 25000 1.543e+14 253 5 1 1 
4.20468e+15 1.51096e-12 1.84198e-24 4.97118e+27 0.001 10 25000 1.543e+14 254 5 1 1 
4.28183e+15 -6.51237e-13 3.26939e-54 4.97118e+27 0.001 10 25000 1.543e+14 255 5 1 1 
4.35898e+15 -7.94178e-13 -2.90613e-54 4.97118e+27 0.001 10 25000 1.543e+14 256 5 1 1 
4.43613e+15 -2.4563e-12 5.08572e-54 4.97118e+27 0.001 10 25000 1.543e+14 257 5 1 1 
4.51328e+15 -1.42405e-12 -1.45306e-54 4.97118e+27 0.001 10 25000 1.543e+14 258 5 1 1 
4.59043e+15 -1.58941e-12 0 4.97118e+27 0.001 10 25000 1.543e+14 259 5 1 1 
4.66758e+15 3.37357e-13 -3.63266e-55 4.97118e+27 0.001 10 25000 1.543e+14 260 5 1 1 
4.74473e+15 1.69188e-13 0 4.97118e+27 0.001 10 25000 1.543e+14 261 5 1 1 
4.82188e+15 1.5468e-42 3.63266e-55 4.97118e+27 0.001 10 25000 1.543e+14 262 5 1 1 
4.89903e+15 0 0 4.97118e+27 0.001 10 25000 1.543e+14 263 5 1 1 
4.97618e+15 -1.03143e-44 -3.63266e-55 4.97118e+27 0.001 10 25000 1.543e+14 264 5 1 1 
5.05333e+15 -3.48668e-14 1.27813e-39 4.97118e+27 0.001 10 25000 1.543e+14 265 5 1 1 
5.13048e+15 -6.97153e-14 1.10519e-23 4.97118e+27 0.001 10 25000 1.543e+14 266 5 1 1 
5.20763e+15 -5.63054e-12 -3.96025e-22 4.97118e+27 0.001 10 25000 1.543e+14 267 4 1 1 
5.28478e+15 -3.07661e-11 -6.76006e-22 4.97118e+27 0.001 10 25000 1.543e+14 268 4 1 1 
5.36193e+15 -1.31066e-10 -3.08347e-21 4.97118e+27 0.001 10 25000 1.543e+14 269 4 1 1 
5.43908e+15 -3.85363e-10 -8.78255e-21 4.97118e+27 0.001 10 25000 1.543e+14 270 4 1 1 
5.51622e+15 -1.21991e-09 -2.55501e-20 4.97118e+27 0.001 10 25000 1.543e+14 271 4 1 1 
5.59337e+15 -3.58869e-09 -7.41304e-20 4.97118e+27 0.001 10 25000 1.543e+14 272 4 1 1 
5.67052e+15 -1.03673e-08 -2.06452e-19 4.97118e+27 0.001 10 25000 1.543e+14 273 4 1 1 
5.74767e+15 -2.90235e-08 -5.59799e-19 4.97118e+27 0.001 10 25000 1.543e+14 274 4 1 1 
5.82482e+15 -7.89796e-08 -1.47373e-18 4.97118e+27 0.001 10 25000 1.543e+14 275 4 1 1 
5.90197e+15 -2.09076e-07 -3.7763e-18 4.97118e+27 0.001 10 25000 1.543e+14 276 4 1 1 
5.97912e+15 -5.38849e-07 -9.41831e-18 4.97118e+27 0.001 10 25000 1.543e+14 277 4 1 1 
6.05627e+15 -1.35286e-06 -2.28804e-17 4.97118e+27 0.001 10 25000 1.543e+14 278 4 1 1 
6.13342e+15 -3.31044e-06 -5.41593e-17 4.97118e+27 0.001 10 25000 1.543e+14 279 4 1 1 
6.21057e+15 -7.89883e-06 -1.24962e-16 4.97118e+27 0.001 10 25000 1.543e+14 280 4 1 1 
6.28772e+15 -1.83847e-05 -2.81134e-16 4.97118e+27 0.001 10 25000 1.543e+14 281 4 1 1 
6.36487e+15 -4.17561e-05 -6.1689e-16 4.97118e+27 0.001 10 25000 1.543e+14 282 4 1 1 
6.44202e+15 -9.25728e-05 -1.32056e-15 4.97118e+27 0.001 10 25000 1.543e+14 283 4 1 1 
6.51917e+15 -0.000200385 -2.7584e-15 4.97118e+27 0.001 10 25000 1.543e+14 284 4 1 1 
6.59632e+15 -0.000423613 -5.62301e-15 4.97118e+27 0.001 10 25000 1.543e+14 285 4 1 1 
6.67347e+15 -0.000874754 -1.11881e-14 4.97118e+27 0.001 10 25000 1.543e+14 286 4 1 1 
6.75062e+15 -0.00176479 -2.17299e-14 4.97118e+27 0.001 10 25000 1.543e+14 287 4 1 1 
6.82777e+15 -0.00347905 -4.12011e-14 4.97118e+27 0.001 10 25000 1.543e+14 288 4 1 1 
6.90492e+15 -0.00670265 -7.6265e-14 4.97118e+27 0.00100001 10.0001 25000.1 1.54299e+14 289 4 1 1 
6.98207e+15 -0.0126212 -1.3782e-13 4.97118e+27 0.00100001 10.0001 25000.1 1.54299e+14 290 4 1 1 
7.05922e+15 -0.0232308 -2.43144e-13 4.97118e+27 0.00100002 10.0002 25000.2 1.54297e+14 291 4 1 1 
7.13637e+15 -0.0417993 -4.18745e-13 4.97118e+27 0.00100003 10.0004 25000.3 1.54295e+14 292 4 1 1 
7.21352e+15 -0.073525 -7.03924e-13 4.97118e+27 0.00100006 10.0008 25000.6 1.54291e+14 293 4 1 1 
7.29066e+15 -0.126436 -1.15484e-12 4.97118e+27 0.0010001 10.0014 25001 1.54285e+14 294 4 1 1 
7.3678e+15 -0.212556 -1.84854e-12 4.97118e+27 0.00100016 10.0023 25001.6 1.54275e+14 295 4 1 1 
7.44494e+15 -0.349312 -2.88601e-12 4.97118e+27 0.00100027 10.0038 25002.7 1.54258e+14 296 4 1 1 
7.52206e+15 -0.561101 -4.39251e-12 4.97118e+27 0.00100044 10.0061 25004.3 1.54233e+14 297 4 1 1 
7.59917e+15 -0.880784 -6.51292e-12 4.97118e+27 0.00100069 10.0096 25006.8 1.54194e+14 298 4 1 1 
7.67626e+15 -1.35073 -9.39897e-12 4.97118e+27 0.00100106 10.0147 25010.5 1.54137e+14 299 4 1 0.999999 
7.75331e+15 -2.02284 -1.3185e-11 4.97118e+27 0.00100159 10.0222 25015.8 1.54056e+14 300 4 1 0.999998 
7.83031e+15 -2.95663 -1.79501e-11 4.97118e+27 0.00100233 10.0325 25023.2 1.53942e+14 301 4 1 0.999997 
7.90725e+15 -4.21473 -2.36664e-11 4.97118e+27 0.00100333 10.0465 25033.2 1.53788e+14 302 4 1 0.999994 
7.9841e+15 -5.85472 -3.01416e-11 4.97118e+27 0.00100464 10.0649 25046.3 1.53588e+14 303 4 1 0.999991 
8.06084e+15 -7.91749 -3.69698e-11 4.97118e+27 0.0010063 10.0882 25062.9 1.53334e+14 304 4 1 0.999987 
8.13743e+15 -10.4131 -4.35164e-11 4.97118e+27 0.00100833 10.1167 25083.1 1.53026e+14 305 4 1 0.999983 
8.21386e+15 -13.307 -4.89629e-11 4.97118e+27 0.0010107 10.1501 25106.7 1.52667e+14 306 4 1 0.999979 
8.2901e+15 -16.5108 -5.24244e-11 4.97118e+27 0.00101336 10.1875 25133.2 1.52266e+14 307 4 1 0.999977 
8.36613e+15 -19.8819 -5.31255e-11 4.97118e+27 0.00101619 10.2274 25161.3 1.51842e+14 308 4 1 0.999977 
8.44194e+15 -23.2347 -5.05959e-11 4.97118e+27 0.00101905 10.2678 25189.7 1.51416e+14 309 4 1 0.99998 
8.51755e+15 -26.3615 -4.46697e-11 4.97118e+27 0.00102176 10.3062 25216.6 1.51014e+14 310 4 1 0.999985 
8.59296e+15 -29.053 -3.57642e-11 4.97118e+27 0.00102415 10.34 25240.2 1.50662e+14 311 4 1 0.999993 
8.66821e+15 -31.0332 -1.8595e-11 4.97118e+27 0.00102585 10.3644 25257.3 1.50411e+14 312 3 1 1 
8.74337e+15 -30.9761 4.85705e-11 4.97118e+27 0.00102478 10.3508 25247.9 1.50569e+14 313 4 1 1.00001 
8.81878e+15 -20.762 2.78461e-10 4.97118e+27 0.00101615 10.2292 25163 1.51847e+14 314 4 1 0.999904 
8.89522e+15 -1.16543 2.82227e-10 4.97118e+27 0.00100209 10.0287 25021 1.53978e+14 315 4 1 0.999453 
8.97276e+15 10.9654 9.59811e-11 4.97118e+27 0.00099188 9.88488 24917.6 1.55563e+14 316 4 1 0.999633 
9.05079e+15 15.509 6.9229e-11 4.97118e+27 0.000986446 9.81109 24864.3 1.5642e+14 317 4 1 0.999904 
9.12918e+15 23.3883 1.64428e-10 4.97118e+27 0.000979657 9.71751 24796.6 1.57504e+14 318 4 1 0.999894 
9.20829e+15 35.9809 1.98309e-10 4.97118e+27 0.000969887 9.58136 24696.9 1.59091e+14 319 4 1 0.999729 
9.28828e+15 48.6937 1.75271e-10 4.97118e+27 0.000959638 9.43948 24591.7 1.6079e+14 320 4 1 0.999666 
9.36909e+15 60.2907 1.65282e-10 4.97118e+27 0.000950019 9.30745 24492.9 1.62418e+14 321 4 1 0.999703 
9.4507e+15 72.021 1.70998e-10 4.97118e+27 0.000940486 9.17707 24394.5 1.64064e+14 322 4 1 0.999709 
9.53316e+15 84.2817 1.74709e-10 4.97118e+27 0.000930712 9.04381 24292.7 1.65787e+14 323 4 1 0.999688 
9.61649e+15 96.7656 1.74823e-10 4.97118e+27 0.000920795 8.90916 24188.8 1.67573e+14 324 4 1 0.999671 
9.70074e+15 109.392 1.74121e-10 4.97118e+27 0.000910838 8.77458 24083.9 1.69405e+14 325 4 1 0.99966 
9.7859e+15 122.2 1.74499e-10 4.97118e+27 0.000900842 8.64007 23977.8 1.71284e+14 326 4 1 0.999651 
9.87203e+15 135.185 1.74644e-10 4.97118e+27 0.00089079 8.50539 23870.4 1.73217e+14 327 4 1 0.999639 
9.95913e+15 148.356 1.74365e-10 4.97118e+27 0.000880694 8.37076 23761.9 1.75203e+14 328 4 1 0.999628 
1.00472e+16 161.703 1.74614e-10 4.97118e+27 0.000870554 8.23614 23652.1 1.77244e+14 329 4 1 0.999616 
1.01364e+16 175.216 1.74363e-10 4.97118e+27 0.000860367 8.10153 23541 1.79342e+14 330 4 1 0.999604 
1.02266e+16 188.922 1.74079e-10 4.97118e+27 0.000850146 7.96711 23428.7 1.81498e+14 331 4 1 0.999592 
1.03179e+16 202.818 1.73956e-10 4.97118e+27 0.000839888 7.83285 23315.2 1.83715e+14 332 4 1 0.999579 
1.04103e+16 216.891 1.73676e-10 4.97118e+27 0.000829591 7.69875 23200.5 1.85995e+14 333 4 1 0.999566 
1.05039e+16 231.161 1.73373e-10 4.97118e+27 0.00081926 7.56486 23084.5 1.88341e+14 334 4 1 0.999552 
1.05987e+16 245.625 1.73395e-10 4.97118e+27 0.000808886 7.43111 22967.2 1.90756e+14 335 4 1 0.999537 
1.06946e+16 260.276 1.72624e-10 4.97118e+27 0.000798482 7.29763 22848.5 1.93242e+14 336 4 1 0.999522 
1.07919e+16 275.15 1.72423e-10 4.97118e+27 0.00078805 7.16451 22728.7 1.958e+14 337 4 1 0.999508 
1.08905e+16 290.209 1.72166e-10 4.97118e+27 0.000777579 7.0316 22607.4 1.98436e+14 338 4 1 0.999491 
1.09904e+16 305.489 1.71385e-10 4.97118e+27 0.000767081 6.89907 22484.8 2.01152e+14 339 4 1 0.999475 
1.10916e+16 320.961 1.71289e-10 4.97118e+27 0.000756554 6.76688 22360.9 2.03951e+14 340 4 1 0.999458 
1.11943e+16 336.655 1.70372e-10 4.97118e+27 0.000746 6.6351 22235.6 2.06836e+14 341 4 1 0.99944 
1.12985e+16 352.577 1.6985e-10 4.97118e+27 0.000735429 6.50384 22109.1 2.0981e+14 342 4 1 0.999423 
1.14041e+16 368.692 1.69247e-10 4.97118e+27 0.000724833 6.37304 21981.1 2.12877e+14 343 4 1 0.999404 
1.15114e+16 385.028 1.68429e-10 4.97118e+27 0.000714221 6.2428 21851.9 2.1604e+14 344 4 1 0.999384 
1.16202e+16 401.575 1.67525e-10 4.97118e+27 0.000703602 6.11325 21721.3 2.193e+14 345 4 1 0.999365 
1.17307e+16 418.302 1.65993e-10 4.97118e+27 0.000692996 5.98463 21589.8 2.22656e+14 346 4 1 0.999347 
1.18429e+16 435.218 1.64576e-10 4.97118e+27 0.000682421 5.85717 21457.4 2.26107e+14 347 4 1 0.999331 
1.19568e+16 452.212 1.62339e-10 4.97118e+27 0.000671903 5.73118 21324.5 2.29646e+14 348 4 1 0.999317 
1.20725e+16 469.284 1.5938e-10 4.97118e+27 0.000661491 5.60723 21191.7 2.33261e+14 349 4 1 0.999309 
1.21901e+16 486.265 1.551e-10 4.97118e+27 0.000651254 5.48612 21060 2.36928e+14 350 4 1 0.999309 
1.23095e+16 503.053 1.49376e-10 4.97118e+27 0.000641284 5.36891 20930.4 2.40611e+14 351 4 1 0.999321 
1.24307e+16 519.399 1.42002e-10 4.97118e+27 0.000631686 5.25675 20804.6 2.44267e+14 352 4 1 0.999347 
1.25537e+16 535.06 1.32446e-10 4.97118e+27 0.000622579 5.15096 20684.1 2.4784e+14 353 4 1 0.99939 
1.26785e+16 549.939 1.23802e-10 4.97118e+27 0.000614002 5.05189 20569.7 2.51302e+14 354 4 1 0.999442 
1.28051e+16 564.165 1.17569e-10 4.97118e+27 0.000605845 4.95821 20460 2.54686e+14 355 4 1 0.999484 
1.29332e+16 578.277 1.18326e-10 4.97118e+27 0.000597814 4.86648 20351.1 2.58107e+14 356 4 1 0.999495 
1.30632e+16 593.05 1.24981e-10 4.97118e+27 0.000589516 4.77219 20237.7 2.6174e+14 357 4 1 0.999455 
1.3195e+16 609.079 1.33113e-10 4.97118e+27 0.000580731 4.67293 20116.5 2.657e+14 358 4 1 0.999376 
1.33289e+16 626.06 1.34964e-10 4.97118e+27 0.000571617 4.57056 19989.7 2.69936e+14 359 4 1 0.999298 
1.3465e+16 642.98 1.2677e-10 4.97118e+27 0.000562704 4.47107 19864.4 2.74211e+14 360 4 1 0.999289 
1.36031e+16 658.278 1.05743e-10 4.97118e+27 0.000554753 4.38284 19751.6 2.78142e+14 361 4 1 0.999393 
1.37431e+16 670.276 7.22396e-11 4.97118e+27 0.00054861 4.31502 19663.8 2.81256e+14 362 4 1 0.999604 
1.38844e+16 677.257 3.01721e-11 4.97118e+27 0.000544969 4.27499 19611.5 2.83135e+14 363 4 1 0.999844 
1.40262e+16 679.011 -1.35304e-12 4.97118e+27 0.000543737 4.26154 19593.9 2.83777e+14 364 4 1 0.99998 
1.41682e+16 678.708 -9.37002e-13 4.97118e+27 0.000543668 4.26085 19593.1 2.83813e+14 365 5 1 1 
1.43101e+16 678.519 -3.04511e-12 4.97118e+27 0.000543779 4.26208 19594.7 2.83755e+14 366 4 1 1 
1.44519e+16 678.089 -3.74142e-12 4.97118e+27 0.00054397 4.26419 19597.5 2.83655e+14 367 4 1 0.999999 
1.45937e+16 677.561 -4.13168e-12 4.97118e+27 0.000544225 4.267 19601.3 2.83523e+14 368 4 1 0.999999 
1.47354e+16 677 -4.08157e-12 4.97118e+27 0.000544507 4.27012 19605.4 2.83376e+14 369 4 1 0.999999 
1.48771e+16 676.463 -3.71997e-12 4.97118e+27 0.000544787 4.27321 19609.5 2.8323e+14 370 4 1 0.999999 
1.50187e+16 675.978 -3.18842e-12 4.97118e+27 0.000545043 4.27604 19613.3 2.83097e+14 371 4 1 1 
1.51602e+16 675.563 -2.6518e-12 4.97118e+27 0.000545265 4.27849 19616.6 2.82982e+14 372 4 1 1 
1.53017e+16 675.22 -2.17614e-12 4.97118e+27 0.000545451 4.28055 19619.3 2.82885e+14 373 4 1 1 
1.54431e+16 674.94 -1.77114e-12 4.97118e+27 0.000545603 4.28224 19621.6 2.82807e+14 374 4 1 1 
1.55845e+16 674.712 -1.44653e-12 4.97118e+27 0.000545726 4.28362 19623.5 2.82743e+14 375 4 1 1 
1.57258e+16 674.524 -1.20276e-12 4.97118e+27 0.000545827 4.28475 19625 2.8269e+14 376 4 1 1 
1.58671e+16 674.367 -1.02129e-12 4.97118e+27 0.00054591 4.28569 19626.4 2.82647e+14 377 4 1 1 
1.60085e+16 674.233 -8.82477e-13 4.97118e+27 0.00054598 4.28649 19627.5 2.82611e+14 378 4 1 1 
1.61498e+16 674.117 -7.73799e-13 4.97118e+27 0.000546039 4.28717 19628.5 2.82581e+14 379 4 1 1 
1.6291e+16 674.015 -6.84933e-13 4.97118e+27 0.00054609 4.28777 19629.4 2.82554e+14 380 4 1 1 
1.64323e+16 673.924 -6.08172e-13 4.97118e+27 0.000546135 4.2883 19630.2 2.82531e+14 381 4 1 1 
1.65736e+16 673.843 -5.40888e-13 4.97118e+27 0.000546174 4.28878 19631 2.82511e+14 382 4 1 1 
1.67148e+16 673.771 -4.82369e-13 4.97118e+27 0.000546207 4.28919 19631.7 2.82494e+14 383 4 1 1 
1.68561e+16 673.706 -4.30816e-13 4.97118e+27 0.000546236 4.28957 19632.4 2.82479e+14 384 4 1 1 
1.69973e+16 673.649 -3.84466e-13 4.97118e+27 0.000546261 4.2899 19633 2.82466e+14 385 4 1 1 
1.71385e+16 673.597 -3.42759e-13 4.97118e+27 0.000546281 4.2902 19633.6 2.82455e+14 386 4 1 1 
1.72798e+16 673.551 -3.0558e-13 4.97118e+27 0.000546298 4.29046 19634.3 2.82447e+14 387 4 1 1 
1.7421e+16 673.51 -2.72669e-13 4.97118e+27 0.000546311 4.2907 19634.9 2.8244e+14 388 4 1 1 
1.75622e+16 673.472 -2.43789e-13 4.97118e+27 0.000546319 4.2909 19635.5 2.82436e+14 389 4 1 1 
1.77034e+16 673.438 -2.18702e-13 4.97118e+27 0.000546324 4.29109 19636.2 2.82433e+14 390 4 1 1 
1.78446e+16 673.408 -1.96923e-13 4.97118e+27 0.000546326 4.29126 19636.9 2.82432e+14 391 3 1 1 
1.79858e+16 673.38 -1.77777e-13 4.97118e+27 0.000546323 4.2914 19637.7 2.82434e+14 392 4 1 1 
1.81271e+16 673.354 -1.60678e-13 4.97118e+27 0.000546313 4.29152 19638.6 2.82439e+14 393 4 1 1 
1.82683e+16 673.331 -1.45305e-13 4.97118e+27 0.000546288 4.29153 19639.5 2.82452e+14 394 4 1 1 
1.84095e+16 673.309 -1.31553e-13 4.97118e+27 0.000546189 4.291 19640.6 2.82503e+14 395 4 1 1 
1.85508e+16 673.289 -1.19344e-13 4.97118e+27 0.000545772 4.28848 19644.1 2.82719e+14 396 4 1 0.999999 
1.86922e+16 673.271 -1.08482e-13 4.97118e+27 0.000544146 4.27097 19622.4 2.83564e+14 397 4 1 0.999987 
1.88344e+16 673.254 -9.8587e-14 4.97118e+27 0.000531017 4.11623 19379 2.90575e+14 398 4 1 0.999668 
1.8983e+16 673.238 -8.89861e-14 4.97118e+27 0.000506925 4.40313 21714.9 3.04384e+14 399 4 1 0.994707 
1.9139e+16 673.222 -7.95398e-14 4.97118e+27 0.00048138 4.1567 21587.4 3.20537e+14 400 4 1 0.993699 
1.93038e+16 673.206 -7.02043e-14 4.97118e+27 0.000458886 4.5013 24523 3.36249e+14 401 4 1 0.993694 
1.94754e+16 673.19 -6.1139e-14 4.97118e+27 0.000450266 4.30657 23911.3 3.42687e+14 402 5 1 0.998658 
1.96465e+16 673.175 -5.27066e-14 4.97118e+27 0.00045186 4.2898 23734.1 3.41478e+14 403 4 1 0.999967 
1.98169e+16 673.161 -4.47626e-14 4.97118e+27 0.00045348 4.28934 23646.8 3.40258e+14 404 4 1 0.999986 
1.99867e+16 673.148 -3.71711e-14 4.97118e+27 0.000454566 4.29066 23597.6 3.39445e+14 405 4 1 0.999994 
2.01563e+16 673.135 -2.99042e-14 4.97118e+27 0.000455263 4.29147 23565.9 3.38925e+14 406 4 1 0.999997 
2.03257e+16 673.123 -2.29943e-14 4.97118e+27 0.000455733 4.29188 23543.9 3.38576e+14 407 4 1 0.999999 
2.04949e+16 673.11 -1.64571e-14 4.97118e+27 0.000456067 4.29211 23527.9 3.38328e+14 408 4 1 0.999999 
2.0664e+16 673.098 -1.02145e-14 4.97118e+27 0.000456313 4.29225 23515.9 3.38145e+14 409 4 1 1 
2.0833e+16 673.087 -4.03697e-15 4.97118e+27 0.0004565 4.29233 23506.8 3.38007e+14 410 4 1 1 
2.1002e+16 673.075 2.51738e-15 4.97118e+27 0.000456644 4.29238 23499.6 3.379e+14 411 4 1 1 
2.11709e+16 673.063 1.0156e-14 4.97118e+27 0.000456756 4.29241 23494 3.37817e+14 412 4 1 1 
2.13398e+16 673.05 2.04941e-14 4.97118e+27 0.000456845 4.29242 23489.5 3.37751e+14 413 4 1 1 
2.15087e+16 673.036 3.84504e-14 4.97118e+27 0.000456915 4.2924 23485.8 3.37699e+14 414 4 1 1 
2.16775e+16 673.017 7.79818e-14 4.97118e+27 0.000456968 4.29234 23482.7 3.3766e+14 415 4 1 1 
2.18463e+16 672.985 1.88273e-13 4.97118e+27 0.000457001 4.29215 23480 3.37636e+14 416 3 1 1 
2.20151e+16 672.913 5.17271e-13 4.97118e+27 0.000456996 4.29158 23477.1 3.3764e+14 417 4 1 1 
2.2184e+16 672.714 1.51276e-12 4.97118e+27 0.000456897 4.28987 23472.8 3.37713e+14 418 4 1 1 
2.23529e+16 672.131 4.55535e-12 4.97118e+27 0.000456533 4.28475 23463.5 3.37982e+14 419 4 1 0.999999 
2.2522e+16 670.437 1.30288e-11 4.97118e+27 0.000455432 4.27003 23439.3 3.38799e+14 420 4 1 0.99999 
2.26917e+16 665.719 3.50878e-11 4.97118e+27 0.000452474 4.23103 23376.8 3.41014e+14 421 4 1 0.999921 
2.2863e+16 653.949 8.51383e-11 4.97118e+27 0.000445324 4.13735 23225.9 3.46489e+14 422 4 1 0.999523 
2.30382e+16 626.307 1.8739e-10 4.97118e+27 0.000430361 3.9427 22902.2 3.58536e+14 423 4 1 0.997786 
2.32217e+16 571.709 3.62352e-10 4.97118e+27 0.000403038 3.59159 22276 3.82842e+14 424 4 1 0.992516 
2.34219e+16 458.25 7.59451e-10 4.97118e+27 0.000359226 3.04141 21164.9 4.29535e+14 425 4 1 0.980922 
2.36543e+16 266.943 9.89832e-10 4.97118e+27 0.000308382 2.43329 19727.7 5.00354e+14 426 4 1 0.963283 
2.3927e+16 92.245 6.163e-10 4.97118e+27 0.000270915 2.01367 18585 5.69551e+14 427 4 1 0.965474 
2.42261e+16 15.2144 1.67992e-10 4.97118e+27 0.000254466 1.84025 18081 6.06369e+14 428 4 1 0.988882 
2.45337e+16 0.462547 1.5462e-11 4.97118e+27 0.000250429 1.79927 17962.2 6.16142e+14 429 4 1 0.999081 
2.48423e+16 -0.195542 -1.51448e-12 4.97118e+27 0.000249982 1.79482 17949.5 6.17243e+14 430 5 1 0.999987 
2.51509e+16 -0.00184099 -1.95088e-13 4.97118e+27 0.000249995 1.79495 17949.8 6.17213e+14 431 4 1 1 
2.54595e+16 0.00357687 1.82431e-14 4.97118e+27 0.000250001 1.79501 17950 6.17199e+14 432 3 1 1 
2.57681e+16 0.000988594 6.6332e-15 4.97118e+27 0.00025 1.795 17950 6.17199e+14 433 4 1 1 
2.60767e+16 0.000227379 1.62684e-15 4.97118e+27 0.00025 1.795 17950 6.172e+14 434 4 1 1 
2.63853e+16 5.00018e-05 3.65921e-16 4.97118e+27 0.00025 1.795 17950 6.172e+14 435 4 1 1 
2.66939e+16 1.07216e-05 8.01e-17 4.97118e+27 0.00025 1.795 17950 6.172e+14 436 4 1 1 
2.70025e+16 2.2379e-06 1.71458e-17 4.97118e+27 0.00025 1.795 17950 6.172e+14 437 4 1 1 
2.73111e+16 4.52718e-07 3.57114e-18 4.97118e+27 0.00025 1.795 17950 6.172e+14 438 4 1 1 
2.76197e+16 8.83859e-08 7.20009e-19 4.97118e+27 0.00025 1.795 17950 6.172e+14 439 4 1 1 
2.79283e+16 1.66135e-08 1.40113e-19 4.97118e+27 0.00025 1.795 17950 6.172e+14 440 4 1 1 
2.82369e+16 2.98478e-09 2.61381e-20 4.97118e+27 0.00025 1.795 17950 6.172e+14 441 4 1 1 
2.85455e+16 5.13957e-10 4.59205e-21 4.97118e+27 0.00025 1.795 17950 6.172e+14 442 4 1 1 
2.88541e+16 8.33527e-11 9.58749e-22 4.97118e+27 0.00025 1.795 17950 6.172e+14 443 4 1 1 
2.91627e+16 4.45873e-12 6.35482e-23 4.97118e+27 0.00025 1.795 17950 6.172e+14 444 5 1 1 
2.94713e+16 -2.93146e-12 1.38148e-23 4.97118e+27 0.00025 1.795 17950 6.172e+14 445 5 1 1 
2.97799e+16 6.85437e-12 -2.76297e-24 4.97118e+27 0.00025 1.795 17950 6.172e+14 446 5 1 1 
3.00885e+16 9.48416e-13 -4.60494e-25 4.97118e+27 0.00025 1.795 17950 6.172e+14 447 5 1 1 
3.03971e+16 2.25526e-12 6.44692e-24 4.97118e+27 0.00025 1.795 17950 6.172e+14 448 5 1 1 
3.07057e+16 -5.11202e-12 9.20989e-24 4.97118e+27 0.00025 1.795 17950 6.172e+14 449 3 1 1 
3.10143e+16 5.11202e-12 -9.20989e-24 4.97118e+27 0.00025 1.795 17950 6.172e+14 450 3 1 1 
3.13229e+16 -2.25526e-12 -6.44692e-24 4.97118e+27 0.00025 1.795 17950 6.172e+14 451 5 1 1 
3.16315e+16 -9.48416e-13 4.60494e-25 4.97118e+27 0.00025 1.795 17950 6.172e+14 452 5 1 1 
3.19401e+16 -6.85437e-12 2.76297e-24 4.97118e+27 0.00025 1.795 17950 6.172e+14 453 5 1 1 
3.22487e+16 2.93584e-12 -1.24333e-23 4.97118e+27 0.00025 1.795 17950 6.172e+14 454 5 1 1 
3.25573e+16 -4.16675e-12 -5.75618e-23 4.97118e+27 0.00025 1.795 17950 6.172e+14 455 5 1 1 
3.28659e+16 -6.80834e-11 -8.70795e-22 4.97118e+27 0.00025 1.795 17950 6.172e+14 456 4 1 1 
3.31745e+16 -5.15973e-10 -4.70487e-21 4.97118e+27 0.00025 1.795 17950 6.172e+14 457 4 1 1 
3.34831e+16 -2.98136e-09 -2.61506e-20 4.97118e+27 0.00025 1.795 17950 6.172e+14 458 4 1 1 
3.37917e+16 -1.66137e-08 -1.39996e-19 4.97118e+27 0.00025 1.795 17950 6.172e+14 459 4 1 1 
3.41003e+16 -8.84184e-08 -7.20146e-19 4.97118e+27 0.00025 1.795 17950 6.172e+14 460 4 1 1 
3.44089e+16 -4.52712e-07 -3.57114e-18 4.97118e+27 0.00025 1.795 17950 6.172e+14 461 4 1 1 
3.47175e+16 -2.23787e-06 -1.71456e-17 4.97118e+27 0.00025 1.795 17950 6.172e+14 462 4 1 1 
3.50261e+16 -1.07216e-05 -8.01002e-17 4.97118e+27 0.00025 1.795 17950 6.172e+14 463 4 1 1 
3.53347e+16 -5.00018e-05 -3.65921e-16 4.97118e+27 0.00025 1.795 17950 6.172e+14 464 4 1 1 
3.56433e+16 -0.000227379 -1.62684e-15 4.97118e+27 0.00025 1.795 17950 6.172e+14 465 4 1 1 
3.59519e+16 -0.000988594 -6.6332e-15 4.97118e+27 0.00025 1.795 17950 6.17199e+14 466 4 1 1 
3.62605e+16 -0.00357687 -1.82431e-14 4.97118e+27 0.000250001 1.79501 17950 6.17199e+14 467 3 1 1 
3.65691e+16 0.00184099 1.95088e-13 4.97118e+27 0.000249995 1.79495 17949.8 6.17213e+14 468 4 1 1 
3.68777e+16 0.195542 1.51448e-12 4.97118e+27 0.000249982 1.79482 17949.5 6.17243e+14 469 5 1 0.999987 
3.71863e+16 -0.462547 -1.5462e-11 4.97118e+27 0.000250429 1.79927 17962.2 6.16142e+14 470 4 1 0.999081 
3.74939e+16 -15.2144 -1.67992e-10 4.97118e+27 0.000254466 1.84025 18081 6.06369e+14 471 4 1 0.988882 
3.7793e+16 -92.245 -6.163e-10 4.97118e+27 0.000270915 2.01367 18585 5.69551e+14 472 4 1 0.965474 
3.80657e+16 -266.943 -9.89832e-10 4.97118e+27 0.000308382 2.43329 19727.7 5.00354e+14 473 4 1 0.963283 
3.82981e+16 -458.25 -7.59451e-10 4.97118e+27 0.000359226 3.04141 21164.9 4.29535e+14 474 4 1 0.980922 
3.84983e+16 -571.709 -3.62352e-10 4.97118e+27 0.000403038 3.59159 22276 3.82842e+14 475 4 1 0.992516 
3.86818e+16 -626.307 -1.8739e-10 4.97118e+27 0.000430361 3.9427 22902.2 3.58536e+14 476 4 1 0.997786 
3.8857e+16 -653.949 -8.51383e-11 4.97118e+27 0.000445324 4.13735 23225.9 3.46489e+14 477 4 1 0.999523 
3.90283e+16 -665.719 -3.50878e-11 4.97118e+27 0.000452474 4.23103 23376.8 3.41014e+14 478 4 1 0.999921 
3.9198e+16 -670.437 -1.30288e-11 4.97118e+27 0.000455432 4.27003 23439.3 3.38799e+14 479 4 1 0.99999 
3.93671e+16 -672.131 -4.55535e-12 4.97118e+27 0.000456533 4.28475 23463.5 3.37982e+14 480 4 1 0.999999 
3.9536e+16 -672.714 -1.51276e-12 4.97118e+27 0.000456897 4.28987 23472.8 3.37713e+14 481 4 1 1 
3.97049e+16 -672.913 -5.17271e-13 4.97118e+27 0.000456996 4.29158 23477.1 3.3764e+14 482 4 1 1 
3.98737e+16 -672.985 -1.88273e-13 4.97118e+27 0.000457001 4.29215 23480 3.37636e+14 483 3 1 1 
4.00425e+16 -673.017 -7.79818e-14 4.97118e+27 0.000456968 4.29234 23482.7 3.3766e+14 484 4 1 1 
4.02113e+16 -673.036 -3.84504e-14 4.97118e+27 0.000456915 4.2924 23485.8 3.37699e+14 485 4 1 1 
4.03802e+16 -673.05 -2.04942e-14 4.97118e+27 0.000456845 4.29242 23489.5 3.37751e+14 486 4 1 1 
4.05491e+16 -673.063 -1.0156e-14 4.97118e+27 0.000456756 4.29241 23494 3.37817e+14 487 4 1 1 
4.0718e+16 -673.075 -2.51738e-15 4.97118e+27 0.000456644 4.29238 23499.6 3.379e+14 488 4 1 1 
4.0887e+16 -673.087 4.03697e-15 4.97118e+27 0.0004565 4.29233 23506.8 3.38007e+14 489 4 1 1 
4.1056e+16 -673.098 1.02145e-14 4.97118e+27 0.000456313 4.29225 23515.9 3.38145e+14 490 4 1 1 
4.12251e+16 -673.11 1.64571e-14 4.97118e+27 0.000456067 4.29211 23527.9 3.38328e+14 491 4 1 0.999999 
4.13943e+16 -673.123 2.29943e-14 4.97118e+27 0.000455733 4.29188 23543.9 3.38576e+14 492 4 1 0.999999 
4.15637e+16 -673.135 2.99042e-14 4.97118e+27 0.000455263 4.29147 23565.9 3.38925e+14 493 4 1 0.999997 
4.17333e+16 -673.148 3.71711e-14 4.97118e+27 0.000454566 4.29066 23597.6 3.39445e+14 494 4 1 0.999994 
4.19031e+16 -673.161 4.47626e-14 4.97118e+27 0.00045348 4.28934 23646.8 3.40258e+14 495 4 1 0.999986 
4.20735e+16 -673.175 5.27066e-14 4.97118e+27 0.00045186 4.2898 23734.1 3.41478e+14 496 4 1 0.999967 
4.22446e+16 -673.19 6.1139e-14 4.97118e+27 0.000450266 4.30657 23911.3 3.42687e+14 497 5 1 0.998658 
4.24162e+16 -673.206 7.02043e-14 4.97118e+27 0.000458886 4.5013 24523 3.36249e+14 498 4 1 0.993694 
4.2581e+16 -673.222 7.95398e-14 4.97118e+27 0.00048138 4.1567 21587.4 3.20537e+14 499 4 1 0.993699 
