# Time [s]: 0.179166
# Columns: pos [m], vel [m/s], acc [m/s^2], mass [kg], dens [kg/m^3], pres [Pa], ene [J/kg], sml [m], id, neighbor, alpha, gradh, ...additional?
1.38156 -0.673225 0.00249199 0.0025 0.506933 0.440322 2.1715 0.00986323 0 4 1 0.994706 
1.38638 -0.67324 0.00275479 0.0025 0.531026 0.411632 1.93791 0.00941574 1 4 1 0.999668 
1.39099 -0.673256 0.0030292 0.0025 0.544156 0.427108 1.96225 0.00918854 2 4 1 0.999987 
1.39557 -0.673272 0.00333341 0.0025 0.545782 0.428859 1.96442 0.00916116 3 4 1 0.999999 
1.40015 -0.67329 0.00367366 0.0025 0.546201 0.429113 1.96408 0.00915414 4 4 1 1 
1.40472 -0.67331 0.00405083 0.0025 0.5463 0.429166 1.96397 0.00915248 5 4 1 1 
1.4093 -0.673331 0.00446712 0.0025 0.546327 0.429167 1.96388 0.00915203 6 4 1 1 
1.41388 -0.673354 0.0049301 0.0025 0.546337 0.429157 1.96379 0.00915185 7 4 1 1 
1.41845 -0.673379 0.00545319 0.0025 0.546342 0.429144 1.96372 0.00915178 8 4 1 1 
1.42303 -0.673407 0.00605128 0.0025 0.546342 0.429129 1.96365 0.00915177 9 3 1 1 
1.4276 -0.673437 0.00673518 0.0025 0.546339 0.429112 1.96358 0.00915182 10 4 1 1 
1.43218 -0.673471 0.00751117 0.0025 0.546332 0.429094 1.96352 0.00915194 11 4 1 1 
1.43675 -0.673507 0.00838575 0.0025 0.546322 0.429073 1.96346 0.00915211 12 4 1 1 
1.44133 -0.673548 0.00936716 0.0025 0.546308 0.429049 1.9634 0.00915234 13 4 1 1 
1.44591 -0.673594 0.0104662 0.0025 0.546291 0.429023 1.96335 0.00915263 14 4 1 1 
1.45048 -0.673645 0.0117067 0.0025 0.54627 0.428994 1.96329 0.00915299 15 4 1 1 
1.45506 -0.673702 0.013128 0.0025 0.546245 0.428961 1.96322 0.0091534 16 4 1 1 
1.45964 -0.673766 0.014754 0.0025 0.546216 0.428924 1.96316 0.00915389 17 4 1 1 
1.46421 -0.673838 0.0165764 0.0025 0.546182 0.428882 1.96309 0.00915446 18 4 1 1 
1.46879 -0.673918 0.0186067 0.0025 0.546143 0.428836 1.96302 0.00915511 19 4 1 1 
1.47337 -0.674007 0.020925 0.0025 0.546099 0.428783 1.96294 0.00915585 20 4 1 1 
1.47795 -0.674109 0.0236572 0.0025 0.546048 0.428724 1.96285 0.00915671 21 4 1 1 
1.48253 -0.674224 0.0270018 0.0025 0.545988 0.428655 1.96275 0.0091577 22 4 1 1 
1.4871 -0.674357 0.0313108 0.0025 0.545919 0.428576 1.96264 0.00915887 23 4 1 1 
1.49168 -0.674513 0.0369761 0.0025 0.545836 0.428483 1.96251 0.00916026 24 4 1 1 
1.49627 -0.674699 0.044294 0.0025 0.545736 0.428371 1.96235 0.00916194 25 4 1 1 
-0.499153 -0.674924 0.0537454 0.0025 0.545614 0.428235 1.96217 0.00916398 26 4 1 1 
-0.494571 -0.675201 0.0660056 0.0025 0.545465 0.428068 1.96194 0.0091665 27 4 1 1 
-0.489987 -0.675539 0.0808638 0.0025 0.545282 0.427866 1.96167 0.00916956 28 4 1 1 
-0.485401 -0.675943 0.0966329 0.0025 0.545064 0.427625 1.96135 0.00917323 29 4 1 1 
-0.480814 -0.676416 0.111361 0.0025 0.544814 0.427349 1.96098 0.00917744 30 4 1 0.999999 
-0.476224 -0.676943 0.122621 0.0025 0.544542 0.427049 1.96059 0.00918203 31 4 1 0.999999 
-0.471632 -0.677489 0.125556 0.0025 0.544266 0.426744 1.96018 0.00918669 32 4 1 0.999999 
-0.467037 -0.678002 0.113164 0.0025 0.544014 0.426466 1.95981 0.00919093 33 4 1 0.999999 
-0.462441 -0.678431 0.0921431 0.0025 0.543823 0.426255 1.95953 0.00919417 34 4 1 1 
-0.457843 -0.678647 0.0280701 0.0025 0.543714 0.426134 1.95937 0.00919601 35 5 1 1 
-0.453245 -0.678912 0.0736058 0.0025 0.543735 0.426152 1.95939 0.00919566 36 4 1 0.999986 
-0.448647 -0.677618 -0.774453 0.0025 0.544744 0.427252 1.96083 0.00917863 37 4 1 0.999873 
-0.444066 -0.671439 -2.0361 0.0025 0.548001 0.43083 1.9655 0.00912408 38 4 1 0.999653 
-0.439523 -0.660274 -3.06715 0.0025 0.553721 0.437142 1.97368 0.00902982 39 4 1 0.999443 
-0.435036 -0.645663 -3.74826 0.0025 0.561287 0.44553 1.98443 0.0089081 40 4 1 0.999327 
-0.430615 -0.629266 -4.05589 0.0025 0.56991 0.455145 1.99657 0.00877332 41 4 1 0.999315 
-0.426262 -0.612565 -4.0614 0.0025 0.578857 0.465182 2.00905 0.00863771 42 4 1 0.99938 
-0.421976 -0.596588 -3.84092 0.0025 0.58757 0.475015 2.02109 0.00850962 43 4 1 0.99946 
-0.417752 -0.581811 -3.62089 0.0025 0.595813 0.484369 2.03238 0.00839189 44 4 1 0.999509 
-0.413584 -0.56788 -3.54111 0.0025 0.603719 0.493387 2.04312 0.008282 45 4 1 0.999511 
-0.40947 -0.554055 -3.67603 0.0025 0.611638 0.502468 2.05379 0.00817477 46 4 1 0.999481 
-0.405409 -0.539722 -3.90573 0.0025 0.619884 0.511976 2.06482 0.00806603 47 4 1 0.999434 
-0.401403 -0.524655 -4.18704 0.0025 0.62861 0.522094 2.07639 0.00795406 48 4 1 0.99939 
-0.397454 -0.508909 -4.42754 0.0025 0.637827 0.532843 2.08852 0.00783911 49 4 1 0.99936 
-0.393564 -0.492666 -4.61009 0.0025 0.647437 0.544116 2.10105 0.00772276 50 4 1 0.999345 
-0.389731 -0.476179 -4.74357 0.0025 0.657327 0.555787 2.11383 0.00760656 51 4 1 0.999342 
-0.385957 -0.459543 -4.84201 0.0025 0.667406 0.567755 2.12673 0.00749169 52 4 1 0.999347 
-0.382239 -0.442961 -4.91859 0.0025 0.67761 0.579944 2.13967 0.00737888 53 4 1 0.999358 
-0.378577 -0.426444 -4.96934 0.0025 0.687888 0.592296 2.1526 0.00726863 54 4 1 0.999373 
-0.37497 -0.410083 -5.01123 0.0025 0.698203 0.604767 2.16545 0.00716125 55 4 1 0.999389 
-0.371416 -0.393878 -5.03991 0.0025 0.708531 0.617328 2.1782 0.00705685 56 4 1 0.999406 
-0.367913 -0.377855 -5.06919 0.0025 0.71886 0.629963 2.19085 0.00695546 57 4 1 0.999424 
-0.36446 -0.36206 -5.09245 0.0025 0.729182 0.642663 2.20338 0.006857 58 4 1 0.999442 
-0.361055 -0.34645 -5.10392 0.0025 0.739483 0.655409 2.21577 0.00676148 59 4 1 0.999458 
-0.357698 -0.33105 -5.13194 0.0025 0.749766 0.668203 2.22804 0.00666875 60 4 1 0.999476 
-0.354386 -0.315846 -5.1341 0.0025 0.760024 0.681036 2.24019 0.00657874 61 4 1 0.999491 
-0.351119 -0.300844 -5.15952 0.0025 0.770254 0.693904 2.2522 0.00649136 62 4 1 0.999506 
-0.347895 -0.286056 -5.17122 0.0025 0.780465 0.706816 2.26409 0.00640644 63 4 1 0.999522 
-0.344712 -0.271437 -5.1778 0.0025 0.790642 0.719753 2.27585 0.00632397 64 4 1 0.999536 
-0.34157 -0.257031 -5.19148 0.0025 0.800788 0.732715 2.28749 0.00624385 65 4 1 0.99955 
-0.338468 -0.242801 -5.19999 0.0025 0.810903 0.745705 2.299 0.00616597 66 4 1 0.999564 
-0.335404 -0.228757 -5.21092 0.0025 0.820986 0.758719 2.31039 0.00609023 67 4 1 0.999577 
-0.332377 -0.214914 -5.21965 0.0025 0.831039 0.771756 2.32167 0.00601656 68 4 1 0.99959 
-0.329387 -0.201241 -5.22149 0.0025 0.841054 0.784808 2.33282 0.00594492 69 4 1 0.999602 
-0.326432 -0.187732 -5.22947 0.0025 0.851032 0.797873 2.34385 0.00587522 70 4 1 0.999614 
-0.323512 -0.174416 -5.23611 0.0025 0.860975 0.810955 2.35476 0.00580737 71 4 1 0.999625 
-0.320625 -0.161256 -5.23729 0.0025 0.870882 0.824047 2.36556 0.00574131 72 4 1 0.999636 
-0.31777 -0.148277 -5.24782 0.0025 0.880753 0.837153 2.37625 0.00567696 73 4 1 0.999647 
-0.314948 -0.135474 -5.24349 0.0025 0.890585 0.850266 2.38682 0.00561429 74 4 1 0.999658 
-0.312156 -0.122809 -5.237 0.0025 0.900366 0.863367 2.39727 0.0055533 75 4 1 0.999668 
-0.309394 -0.11034 -5.2391 0.0025 0.910101 0.876463 2.40761 0.0054939 76 4 1 0.999678 
-0.306662 -0.0980404 -5.2331 0.0025 0.91979 0.889554 2.41782 0.00543602 77 4 1 0.999686 
-0.303958 -0.0858648 -5.25395 0.0025 0.929443 0.902653 2.42794 0.00537956 78 4 1 0.999699 
-0.301282 -0.0738737 -5.20405 0.0025 0.939019 0.915703 2.43792 0.00532471 79 4 1 0.999721 
-0.298633 -0.0622959 -4.98883 0.0025 0.948361 0.928477 2.44759 0.00527226 80 4 1 0.999728 
-0.29601 -0.0511364 -5.05038 0.0025 0.957586 0.941125 2.45706 0.00522146 81 4 1 0.999695 
-0.293412 -0.0392679 -5.78609 0.0025 0.967335 0.954582 2.46706 0.00516884 82 4 1 0.9997 
-0.290841 -0.0264834 -5.66824 0.0025 0.977333 0.968504 2.47729 0.00511597 83 4 1 0.99985 
-0.288295 -0.0166927 -3.04987 0.0025 0.98516 0.979375 2.48519 0.00507532 84 4 1 0.999932 
-0.285765 -0.0121852 -1.71437 0.0025 0.990217 0.986231 2.49012 0.0050494 85 4 1 0.999792 
-0.283246 -0.00440862 -6.33212 0.0025 0.997783 0.996749 2.49771 0.00501111 86 4 1 0.999455 
-0.280754 0.0134904 -9.71477 0.0025 1.01097 1.01554 2.5111 0.00494573 87 4 1 0.99975 
-0.2783 0.0285314 -3.96651 0.0025 1.02229 1.0316 2.52237 0.00489097 88 4 1 1 
-0.275863 0.0310379 0.302197 0.0025 1.02571 1.03627 2.52561 0.00487467 89 3 1 1 
-0.273425 0.0295571 0.910335 0.0025 1.02462 1.03468 2.5245 0.00487984 90 4 1 0.999999 
-0.270983 0.027175 1.24442 0.0025 1.02251 1.03168 2.5224 0.00488994 91 4 1 0.999988 
-0.268535 0.0242841 1.45605 0.0025 1.01998 1.0281 2.51989 0.00490208 92 4 1 0.999982 
-0.266081 0.02109 1.57463 0.0025 1.01723 1.02422 2.51717 0.00491531 93 4 1 0.999979 
-0.26362 0.0177913 1.59566 0.0025 1.01444 1.02028 2.5144 0.00492882 94 4 1 0.999978 
-0.261152 0.0145764 1.5281 0.0025 1.01176 1.0165 2.51173 0.00494189 95 4 1 0.999979 
-0.258678 0.0116014 1.39118 0.0025 1.00931 1.01305 2.50928 0.00495389 96 4 1 0.999982 
-0.256198 0.00897521 1.20964 0.0025 1.00716 1.01004 2.50715 0.00496444 97 4 1 0.999986 
-0.253714 0.00675469 1.00861 0.0025 1.00537 1.00751 2.50535 0.00497331 98 4 1 0.99999 
-0.251225 0.00494997 0.809371 0.0025 1.00392 1.00548 2.50391 0.00498049 99 4 1 0.999993 
-0.248733 0.0035355 0.627038 0.0025 1.00279 1.0039 2.50278 0.0049861 100 4 1 0.999996 
-0.246239 0.00246339 0.470258 0.0025 1.00194 1.00271 2.50193 0.00499034 101 4 1 0.999998 
-0.243743 0.00167563 0.342175 0.0025 1.00131 1.00183 2.50131 0.00499344 102 4 1 0.999999 
-0.241245 0.00111342 0.241999 0.0025 1.00087 1.00121 2.50087 0.00499565 103 4 1 0.999999 
-0.238747 0.000723073 0.166587 0.0025 1.00056 1.00079 2.50056 0.00499718 104 4 1 1 
-0.236248 0.000459091 0.111737 0.0025 1.00036 1.0005 2.50036 0.00499822 105 4 1 1 
-0.233749 0.000285048 0.073084 0.0025 1.00022 1.00031 2.50022 0.00499889 106 4 1 1 
-0.231249 0.000173104 0.0466417 0.0025 1.00013 1.00019 2.50013 0.00499933 107 4 1 1 
-0.22875 0.000102828 0.0290558 0.0025 1.00008 1.00011 2.50008 0.0049996 108 4 1 1 
-0.22625 5.97506e-05 0.0176738 0.0025 1.00005 1.00006 2.50005 0.00499977 109 4 1 1 
-0.22375 3.39631e-05 0.0104991 0.0025 1.00003 1.00004 2.50003 0.00499987 110 4 1 1 
-0.22125 1.88841e-05 0.00609207 0.0025 1.00001 1.00002 2.50001 0.00499993 111 4 1 1 
-0.21875 1.02703e-05 0.00345307 0.0025 1.00001 1.00001 2.50001 0.00499996 112 4 1 1 
-0.21625 5.46314e-06 0.00191203 0.0025 1 1.00001 2.5 0.00499998 113 4 1 1 
-0.21375 2.84205e-06 0.00103429 0.0025 1 1 2.5 0.00499999 114 4 1 1 
-0.21125 1.44579e-06 0.000546567 0.0025 1 1 2.5 0.00499999 115 4 1 1 
-0.20875 7.19133e-07 0.000282148 0.0025 1 1 2.5 0.005 116 4 1 1 
-0.20625 3.49685e-07 0.000142271 0.0025 1 1 2.5 0.005 117 4 1 1 
-0.20375 1.66202e-07 7.00679e-05 0.0025 1 1 2.5 0.005 118 4 1 1 
-0.20125 7.71974e-08 3.37003e-05 0.0025 1 1 2.5 0.005 119 4 1 1 
-0.19875 3.50332e-08 1.58268e-05 0.0025 1 1 2.5 0.005 120 4 1 1 
-0.19625 1.55296e-08 7.25636e-06 0.0025 1 1 2.5 0.005 121 4 1 1 
-0.19375 6.72232e-09 3.24723e-06 0.0025 1 1 2.5 0.005 122 4 1 1 
-0.19125 2.84066e-09 1.41799e-06 0.0025 1 1 2.5 0.005 123 4 1 1 
-0.18875 1.1714e-09 6.04028e-07 0.0025 1 1 2.5 0.005 124 4 1 1 
-0.18625 4.7118e-10 2.50914e-07 0.0025 1 1 2.5 0.005 125 4 1 1 
-0.18375 1.84786e-10 1.01597e-07 0.0025 1 1 2.5 0.005 126 4 1 1 
-0.18125 7.06173e-11 4.0092e-08 0.0025 1 1 2.5 0.005 127 4 1 1 
-0.17875 2.62823e-11 1.53984e-08 0.0025 1 1 2.5 0.005 128 4 1 1 
-0.17625 9.52419e-12 5.75261e-09 0.0025 1 1 2.5 0.005 129 4 1 1 
-0.17375 3.35825e-12 2.09826e-09 0.0025 1 1 2.5 0.005 130 4 1 1 
-0.17125 1.14599e-12 7.44819e-10 0.0025 1 1 2.5 0.005 131 4 1 1 
-0.16875 3.72958e-13 2.45109e-10 0.0025 1 1 2.5 0.005 132 4 1 1 
-0.16625 1.30733e-13 9.56675e-11 0.0025 1 1 2.5 0.005 133 4 1 1 
-0.16375 3.07147e-14 2.0691e-11 0.0025 1 1 2.5 0.005 134 4 1 1 
-0.16125 5.63146e-15 1.22213e-11 0.0025 1 1 2.5 0.005 135 4 1 1 
-0.15875 6.9685e-17 -3.41061e-13 0.0025 1 1 2.5 0.005 136 5 1 1 
-0.15625 3.48568e-17 -3.9443e-29 0.0025 1 1 2.5 0.005 137 5 1 1 
-0.15375 1.03131e-47 1.12104e-44 0.0025 1 1 2.5 0.005 138 5 1 1 
-0.15125 0 0 0.0025 1 1 2.5 0.005 139 5 1 1 
-0.14875 0 0 0.0025 1 1 2.5 0.005 140 5 1 1 
-0.14625 0 0 0.0025 1 1 2.5 0.005 141 5 1 1 
-0.14375 0 0 0.0025 1 1 2.5 0.005 142 5 1 1 
-0.14125 0 0 0.0025 1 1 2.5 0.005 143 5 1 1 
-0.13875 0 0 0.0025 1 1 2.5 0.005 144 5 1 1 
-0.13625 0 0 0.0025 1 1 2.5 0.005 145 5 1 1 
-0.13375 0 0 0.0025 1 1 2.5 0.005 146 5 1 1 
-0.13125 0 0 0.0025 1 1 2.5 0.005 147 5 1 1 
-0.12875 0 0 0.0025 1 1 2.5 0.005 148 5 1 1 
-0.12625 0 0 0.0025 1 1 2.5 0.005 149 5 1 1 
-0.12375 0 0 0.0025 1 1 2.5 0.005 150 5 1 1 
-0.12125 0 0 0.0025 1 1 2.5 0.005 151 5 1 1 
-0.11875 0 0 0.0025 1 1 2.5 0.005 152 5 1 1 
-0.11625 0 0 0.0025 1 1 2.5 0.005 153 5 1 1 
-0.11375 0 0 0.0025 1 1 2.5 0.005 154 5 1 1 
-0.11125 0 0 0.0025 1 1 2.5 0.005 155 5 1 1 
-0.10875 0 0 0.0025 1 1 2.5 0.005 156 5 1 1 
-0.10625 0 0 0.0025 1 1 2.5 0.005 157 5 1 1 
-0.10375 0 0 0.0025 1 1 2.5 0.005 158 5 1 1 
-0.10125 0 0 0.0025 1 1 2.5 0.005 159 5 1 1 
-0.09875 0 0 0.0025 1 1 2.5 0.005 160 5 1 1 
-0.09625 0 0 0.0025 1 1 2.5 0.005 161 5 1 1 
-0.09375 0 0 0.0025 1 1 2.5 0.005 162 5 1 1 
-0.09125 0 0 0.0025 1 1 2.5 0.005 163 5 1 1 
-0.08875 0 0 0.0025 1 1 2.5 0.005 164 5 1 1 
-0.08625 0 0 0.0025 1 1 2.5 0.005 165 5 1 1 
-0.08375 0 0 0.0025 1 1 2.5 0.005 166 5 1 1 
-0.08125 0 0 0.0025 1 1 2.5 0.005 167 5 1 1 
-0.07875 0 0 0.0025 1 1 2.5 0.005 168 5 1 1 
-0.07625 0 0 0.0025 1 1 2.5 0.005 169 5 1 1 
-0.07375 0 0 0.0025 1 1 2.5 0.005 170 5 1 1 
-0.07125 0 0 0.0025 1 1 2.5 0.005 171 5 1 1 
-0.06875 0 0 0.0025 1 1 2.5 0.005 172 5 1 1 
-0.06625 -4.35902e-46 -1.12104e-44 0.0025 1 1 2.5 0.005 173 5 1 1 
-0.06375 -1.39071e-16 -1.12104e-44 0.0025 1 1 2.5 0.005 174 5 1 1 
-0.06125 -2.77464e-16 0 0.0025 1 1 2.5 0.005 175 5 1 1 
-0.05875 -4.15261e-16 0 0.0025 1 1 2.5 0.005 176 5 1 1 
-0.05625 -5.5232e-16 0 0.0025 1 1 2.5 0.005 177 5 1 1 
-0.05375 -6.88509e-16 -2.24208e-44 0.0025 1 1 2.5 0.005 178 5 1 1 
-0.05125 -8.75393e-16 -5.68434e-14 0.0025 1 1 2.5 0.005 179 5 1 1 
-0.04875 -1.25246e-15 -1.7053e-13 0.0025 1 1 2.5 0.005 180 5 1 1 
-0.04625 -1.9938e-15 -4.54747e-13 0.0025 1 1 2.5 0.005 181 5 1 1 
-0.04375 -5.36504e-15 -7.95808e-13 0.0025 1 1 2.5 0.005 182 3 1 1 
-0.04125 -3.27714e-16 2.38742e-12 0.0025 1 1 2.5 0.005 183 3 1 1 
-0.03875 7.81242e-16 -3.41061e-13 0.0025 1 1 2.5 0.005 184 5 1 1 
-0.03625 6.05701e-16 -4.54747e-13 0.0025 1 1 2.5 0.005 185 5 1 1 
-0.03375 -4.47668e-15 -5.68434e-13 0.0025 1 1 2.5 0.005 186 4 1 1 
-0.03125 -5.52543e-16 3.31322e-27 0.0025 1 1 2.5 0.005 187 3 1 1 
-0.02875 -2.38431e-15 -4.54747e-13 0.0025 1 1 2.5 0.005 188 4 1 1 
-0.02625 -1.76757e-15 1.19371e-12 0.0025 1 1 2.5 0.005 189 4 1 1 
-0.02375 -1.64182e-15 -6.82121e-13 0.0025 1 1 2.5 0.005 190 4 1 1 
-0.02125 -1.76677e-15 6.82121e-13 0.0025 1 1 2.5 0.005 191 4 1 1 
-0.01875 1.57297e-16 -2.84217e-13 0.0025 1 1 2.5 0.005 192 5 1 1 
-0.01625 -1.17237e-15 -6.70532e-28 0.0025 1 1 2.5 0.005 193 4 1 1 
-0.01375 -1.41899e-15 -3.97904e-13 0.0025 1 1 2.5 0.005 194 4 1 1 
-0.01125 -8.7589e-16 6.25278e-13 0.0025 1 1 2.5 0.005 195 4 1 1 
-0.00875 -8.95756e-16 -3.41061e-13 0.0025 1 1 2.5 0.005 196 4 1 1 
-0.00625 -3.01913e-16 3.41061e-13 0.0025 1 1 2.5 0.005 197 4 1 1 
-0.00375 -5.90431e-16 -1.13687e-13 0.0025 1 1 2.5 0.005 198 3 1 1 
-0.00125 -1.37507e-16 -4.93038e-29 0.0025 1 1 2.5 0.005 199 4 1 1 
0.00125 -3.0554e-16 2.27374e-13 0.0025 1 1 2.5 0.005 200 4 1 1 
0.00375 -1.40572e-16 -1.7053e-13 0.0025 1 1 2.5 0.005 201 4 1 1 
0.00625 -2.98216e-16 -5.68434e-14 0.0025 1 1 2.5 0.005 202 4 1 1 
0.00875 4.02345e-16 -1.13687e-13 0.0025 1 1 2.5 0.005 203 5 1 1 
0.01125 5.86551e-16 -3.9443e-29 0.0025 1 1 2.5 0.005 204 5 1 1 
0.01375 4.84592e-16 0 0.0025 1 1 2.5 0.005 205 5 1 1 
0.01625 4.2159e-16 2.24208e-44 0.0025 1 1 2.5 0.005 206 5 1 1 
0.01875 2.78382e-15 5.68434e-14 0.0025 1 1 2.5 0.005 207 5 1 1 
0.02125 2.25115e-15 -5.68434e-14 0.0025 1 1 2.5 0.005 208 5 1 1 
0.02375 8.60582e-16 -7.59279e-28 0.0025 1 1 2.5 0.005 209 4 1 1 
0.02625 2.72673e-15 5.68434e-14 0.0025 1 1 2.5 0.005 210 3 1 1 
0.02875 4.49767e-16 5.68434e-14 0.0025 1 1 2.5 0.005 211 3 1 1 
0.03125 8.61514e-16 3.15544e-28 0.0025 1 1 2.5 0.005 212 4 1 1 
0.03375 -4.73193e-17 -1.13687e-13 0.0025 1 1 2.5 0.005 213 5 1 1 
0.03625 2.09434e-15 -3.9443e-29 0.0025 1 1 2.5 0.005 214 5 1 1 
0.03875 1.67134e-15 -4.48416e-44 0.0025 1 1 2.5 0.005 215 5 1 1 
0.04125 1.16856e-15 2.24208e-44 0.0025 1 1 2.5 0.005 216 5 1 1 
0.04375 1.00879e-15 2.24208e-44 0.0025 1 1 2.5 0.005 217 5 1 1 
0.04625 8.8246e-16 -1.12104e-44 0.0025 1 1 2.5 0.005 218 5 1 1 
0.04875 9.21049e-16 -1.13687e-13 0.0025 1 1 2.5 0.005 219 5 1 1 
0.05125 3.20192e-16 -5.68434e-14 0.0025 1 1 2.5 0.005 220 5 1 1 
0.05375 -1.00429e-15 -2.84217e-13 0.0025 1 1 2.5 0.005 221 5 1 1 
0.05625 -2.69048e-15 -2.27374e-13 0.0025 1 1 2.5 0.005 222 5 1 1 
0.05875 1.89468e-15 6.25278e-13 0.0025 1 1 2.5 0.005 223 5 1 1 
0.06125 -2.31883e-15 7.38964e-13 0.0025 1 1 2.5 0.005 224 3 1 1 
0.06375 2.90442e-15 -6.25278e-13 0.0025 1 1 2.5 0.005 225 3 1 1 
0.06625 5.1986e-16 -7.95808e-13 0.0025 1 1 2.5 0.005 226 5 1 1 
0.06875 4.79209e-15 1.7053e-13 0.0025 1 1 2.5 0.005 227 5 1 1 
0.07125 2.64904e-15 2.27374e-13 0.0025 1 1 2.5 0.005 228 5 1 1 
0.07375 1.39432e-15 1.13687e-13 0.0025 1 1 2.5 0.005 229 5 1 1 
0.07625 7.84426e-16 5.68434e-14 0.0025 1 1 2.5 0.005 230 5 1 1 
0.07875 2.44068e-16 1.13687e-13 0.0025 1 1 2.5 0.005 231 5 1 1 
0.08125 5.22993e-17 5.68434e-14 0.0025 1 1 2.5 0.005 232 5 1 1 
0.08375 1.03142e-47 1.12104e-44 0.0025 1 1 2.5 0.005 233 5 1 1 
0.08625 0 0 0.0025 1 1 2.5 0.005 234 5 1 1 
0.08875 0 0 0.0025 1 1 2.5 0.005 235 5 1 1 
0.09125 0 0 0.0025 1 1 2.5 0.005 236 5 1 1 
0.09375 -1.60181e-45 -1.12104e-44 0.0025 1 1 2.5 0.005 237 5 1 1 
0.09625 -1.69188e-16 0 0.0025 1 1 2.5 0.005 238 5 1 1 
0.09875 -3.37357e-16 1.12104e-44 0.0025 1 1 2.5 0.005 239 5 1 1 
0.10125 1.58941e-15 0 0.0025 1 1 2.5 0.005 240 5 1 1 
0.10375 1.42405e-15 4.48416e-44 0.0025 1 1 2.5 0.005 241 5 1 1 
0.10625 2.42142e-15 -1.56945e-43 0.0025 1 1 2.5 0.005 242 5 1 1 
0.10875 7.59308e-16 8.96831e-44 0.0025 1 1 2.5 0.005 243 5 1 1 
0.11125 6.16389e-16 -1.00893e-43 0.0025 1 1 2.5 0.005 244 5 1 1 
0.11375 -1.54583e-15 -5.68434e-14 0.0025 1 1 2.5 0.005 245 5 1 1 
0.11625 2.39145e-15 -3.47522e-43 0.0025 1 1 2.5 0.005 246 5 1 1 
0.11875 -3.81981e-16 3.9443e-29 0.0025 1 1 2.5 0.005 247 5 1 1 
0.12125 -2.09243e-17 -7.14905e-27 0.0025 1 1 2.5 0.005 248 5 1 1 
0.12375 -3.1251e-15 -7.18849e-27 0.0025 1 1 2.5 0.005 249 4 1 1 
0.12625 3.1251e-15 7.18849e-27 0.0025 1 1 2.5 0.005 250 4 1 1 
0.12875 2.09243e-17 7.14905e-27 0.0025 1 1 2.5 0.005 251 5 1 1 
0.13125 3.81981e-16 -3.9443e-29 0.0025 1 1 2.5 0.005 252 5 1 1 
0.13375 -2.39145e-15 3.47522e-43 0.0025 1 1 2.5 0.005 253 5 1 1 
0.13625 1.54583e-15 5.68434e-14 0.0025 1 1 2.5 0.005 254 5 1 1 
0.13875 -6.16389e-16 1.00893e-43 0.0025 1 1 2.5 0.005 255 5 1 1 
0.14125 -7.59308e-16 -8.96831e-44 0.0025 1 1 2.5 0.005 256 5 1 1 
0.14375 -2.42142e-15 1.56945e-43 0.0025 1 1 2.5 0.005 257 5 1 1 
0.14625 -1.42405e-15 -4.48416e-44 0.0025 1 1 2.5 0.005 258 5 1 1 
0.14875 -1.58941e-15 0 0.0025 1 1 2.5 0.005 259 5 1 1 
0.15125 3.37357e-16 -1.12104e-44 0.0025 1 1 2.5 0.005 260 5 1 1 
0.15375 1.51751e-16 -5.68434e-14 0.0025 1 1 2.5 0.005 261 5 1 1 
0.15625 -1.74198e-17 5.68434e-14 0.0025 1 1 2.5 0.005 262 5 1 1 
0.15875 -6.9685e-17 3.41061e-13 0.0025 1 1 2.5 0.005 263 5 1 1 
0.16125 -5.63146e-15 -1.22213e-11 0.0025 1 1 2.5 0.005 264 4 1 1 
0.16375 -3.06972e-14 -2.06342e-11 0.0025 1 1 2.5 0.005 265 4 1 1 
0.16625 -1.30645e-13 -9.56106e-11 0.0025 1 1 2.5 0.005 266 4 1 1 
0.16875 -3.72592e-13 -2.44938e-10 0.0025 1 1 2.5 0.005 267 4 1 1 
0.17125 -1.14507e-12 -7.45217e-10 0.0025 1 1 2.5 0.005 268 4 1 1 
0.17375 -3.35239e-12 -2.08985e-09 0.0025 1 1 2.5 0.005 269 4 1 1 
0.17625 -9.5126e-12 -5.75608e-09 0.0025 1 1 2.5 0.005 270 4 1 1 
0.17875 -2.62812e-11 -1.54056e-08 0.0025 1 1 2.5 0.005 271 4 1 1 
0.18125 -7.06149e-11 -4.00881e-08 0.0025 1 1 2.5 0.005 272 4 1 1 
0.18375 -1.84793e-10 -1.01606e-07 0.0025 1 1 2.5 0.005 273 4 1 1 
0.18625 -4.71179e-10 -2.50905e-07 0.0025 1 1 2.5 0.005 274 4 1 1 
0.18875 -1.17139e-09 -6.04029e-07 0.0025 1 1 2.5 0.005 275 4 1 1 
0.19125 -2.84067e-09 -1.41799e-06 0.0025 1 1 2.5 0.005 276 4 1 1 
0.19375 -6.72232e-09 -3.24723e-06 0.0025 1 1 2.5 0.005 277 4 1 1 
0.19625 -1.55296e-08 -7.25635e-06 0.0025 1 1 2.5 0.005 278 4 1 1 
0.19875 -3.50332e-08 -1.58268e-05 0.0025 1 1 2.5 0.005 279 4 1 1 
0.20125 -7.71974e-08 -3.37003e-05 0.0025 1 1 2.5 0.005 280 4 1 1 
0.20375 -1.66202e-07 -7.00679e-05 0.0025 1 1 2.5 0.005 281 4 1 1 
0.20625 -3.49685e-07 -0.000142271 0.0025 1 1 2.5 0.005 282 4 1 1 
0.20875 -7.19133e-07 -0.000282148 0.0025 1 1 2.5 0.005 283 4 1 1 
0.21125 -1.44579e-06 -0.000546567 0.0025 1 1 2.5 0.00499999 284 4 1 1 
0.21375 -2.84205e-06 -0.00103429 0.0025 1 1 2.5 0.00499999 285 4 1 1 
0.21625 -5.46314e-06 -0.00191203 0.0025 1 1.00001 2.5 0.00499998 286 4 1 1 
0.21875 -1.02703e-05 -0.00345307 0.0025 1.00001 1.00001 2.50001 0.00499996 287 4 1 1 
0.22125 -1.88841e-05 -0.00609207 0.0025 1.00001 1.00002 2.50001 0.00499993 288 4 1 1 
0.22375 -3.39631e-05 -0.0104991 0.0025 1.00003 1.00004 2.50003 0.00499987 289 4 1 1 
0.22625 -5.97506e-05 -0.0176738 0.0025 1.00005 1.00006 2.50005 0.00499977 290 4 1 1 
0.22875 -0.000102828 -0.0290558 0.0025 1.00008 1.00011 2.50008 0.0049996 291 4 1 1 
0.231249 -0.000173104 -0.0466417 0.0025 1.00013 1.00019 2.50013 0.00499933 292 4 1 1 
0.233749 -0.000285048 -0.073084 0.0025 1.00022 1.00031 2.50022 0.00499889 293 4 1 1 
0.236248 -0.000459091 -0.111737 0.0025 1.00036 1.0005 2.50036 0.00499822 294 4 1 1 
0.238747 -0.000723073 -0.166587 0.0025 1.00056 1.00079 2.50056 0.00499718 295 4 1 1 
0.241245 -0.00111342 -0.241999 0.0025 1.00087 1.00121 2.50087 0.00499565 296 4 1 0.999999 
0.243743 -0.00167563 -0.342175 0.0025 1.00131 1.00183 2.50131 0.00499344 297 4 1 0.999999 
0.246239 -0.00246339 -0.470258 0.0025 1.00194 1.00271 2.50193 0.00499034 298 4 1 0.999998 
0.248733 -0.0035355 -0.627038 0.0025 1.00279 1.0039 2.50278 0.0049861 299 4 1 0.999996 
0.251225 -0.00494997 -0.809371 0.0025 1.00392 1.00548 2.50391 0.00498049 300 4 1 0.999993 
0.253714 -0.00675469 -1.00861 0.0025 1.00537 1.00751 2.50535 0.00497331 301 4 1 0.99999 
0.256198 -0.00897521 -1.20964 0.0025 1.00716 1.01004 2.50715 0.00496444 302 4 1 0.999986 
0.258678 -0.0116014 -1.39118 0.0025 1.00931 1.01305 2.50928 0.00495389 303 4 1 0.999982 
0.261152 -0.0145764 -1.5281 0.0025 1.01176 1.0165 2.51173 0.00494189 304 4 1 0.999979 
0.26362 -0.0177913 -1.59566 0.0025 1.01444 1.02028 2.5144 0.00492882 305 4 1 0.999978 
0.266081 -0.02109 -1.57463 0.0025 1.01723 1.02422 2.51717 0.00491531 306 4 1 0.999979 
0.268535 -0.0242841 -1.45605 0.0025 1.01998 1.0281 2.51989 0.00490208 307 4 1 0.999982 
0.270983 -0.027175 -1.24442 0.0025 1.02251 1.03168 2.5224 0.00488994 308 4 1 0.999988 
0.273425 -0.0295571 -0.910335 0.0025 1.02462 1.03468 2.5245 0.00487984 309 4 1 0.999999 
0.275863 -0.0310379 -0.302197 0.0025 1.02571 1.03627 2.52561 0.00487467 310 3 1 1 
0.2783 -0.0285314 3.96651 0.0025 1.02229 1.0316 2.52237 0.00489097 311 4 1 1 
0.280754 -0.0134904 9.71477 0.0025 1.01097 1.01554 2.5111 0.00494573 312 4 1 0.99975 
0.283246 0.00440862 6.33212 0.0025 0.997783 0.996749 2.49771 0.00501111 313 4 1 0.999455 
0.285765 0.0121852 1.71437 0.0025 0.990217 0.986231 2.49012 0.0050494 314 4 1 0.999792 
0.288295 0.0166927 3.04987 0.0025 0.98516 0.979375 2.48519 0.00507532 315 4 1 0.999932 
0.290841 0.0264834 5.66824 0.0025 0.977333 0.968504 2.47729 0.00511597 316 4 1 0.99985 
0.293412 0.0392679 5.78609 0.0025 0.967335 0.954582 2.46706 0.00516884 317 4 1 0.9997 
0.29601 0.0511364 5.05038 0.0025 0.957586 0.941125 2.45706 0.00522146 318 4 1 0.999695 
0.298633 0.0622959 4.98883 0.0025 0.948361 0.928477 2.44759 0.00527226 319 4 1 0.999728 
0.301282 0.0738737 5.20405 0.0025 0.939019 0.915703 2.43792 0.00532471 320 4 1 0.999721 
0.303958 0.0858648 5.25395 0.0025 0.929443 0.902653 2.42794 0.00537956 321 4 1 0.999699 
0.306662 0.0980404 5.2331 0.0025 0.91979 0.889554 2.41782 0.00543602 322 4 1 0.999686 
0.309394 0.11034 5.2391 0.0025 0.910101 0.876463 2.40761 0.0054939 323 4 1 0.999678 
0.312156 0.122809 5.237 0.0025 0.900366 0.863367 2.39727 0.0055533 324 4 1 0.999668 
0.314948 0.135474 5.24349 0.0025 0.890585 0.850266 2.38682 0.00561429 325 4 1 0.999658 
0.31777 0.148277 5.24782 0.0025 0.880753 0.837153 2.37625 0.00567696 326 4 1 0.999647 
0.320625 0.161256 5.23729 0.0025 0.870882 0.824047 2.36556 0.00574131 327 4 1 0.999636 
0.323512 0.174416 5.23611 0.0025 0.860975 0.810955 2.35476 0.00580737 328 4 1 0.999625 
0.326432 0.187732 5.22947 0.0025 0.851032 0.797873 2.34385 0.00587522 329 4 1 0.999614 
0.329387 0.201241 5.22149 0.0025 0.841054 0.784808 2.33282 0.00594492 330 4 1 0.999602 
0.332377 0.214914 5.21965 0.0025 0.831039 0.771756 2.32167 0.00601656 331 4 1 0.99959 
0.335404 0.228757 5.21092 0.0025 0.820986 0.758719 2.31039 0.00609023 332 4 1 0.999577 
0.338468 0.242801 5.19999 0.0025 0.810903 0.745705 2.299 0.00616597 333 4 1 0.999564 
0.34157 0.257031 5.19148 0.0025 0.800788 0.732715 2.28749 0.00624385 334 4 1 0.99955 
0.344712 0.271437 5.1778 0.0025 0.790642 0.719753 2.27585 0.00632397 335 4 1 0.999536 
0.347895 0.286056 5.17122 0.0025 0.780465 0.706816 2.26409 0.00640644 336 4 1 0.999522 
0.351119 0.300844 5.15952 0.0025 0.770254 0.693904 2.2522 0.00649136 337 4 1 0.999506 
0.354386 0.315846 5.1341 0.0025 0.760024 0.681036 2.24019 0.00657874 338 4 1 0.999491 
0.357698 0.33105 5.13194 0.0025 0.749766 0.668203 2.22804 0.00666875 339 4 1 0.999476 
0.361055 0.34645 5.10392 0.0025 0.739483 0.655409 2.21577 0.00676148 340 4 1 0.999458 
0.36446 0.36206 5.09245 0.0025 0.729182 0.642663 2.20338 0.006857 341 4 1 0.999442 
0.367913 0.377855 5.06919 0.0025 0.71886 0.629963 2.19085 0.00695546 342 4 1 0.999424 
0.371416 0.393878 5.03991 0.0025 0.708531 0.617328 2.1782 0.00705685 343 4 1 0.999406 
0.37497 0.410083 5.01123 0.0025 0.698203 0.604767 2.16545 0.00716125 344 4 1 0.999389 
0.378577 0.426444 4.96934 0.0025 0.687888 0.592296 2.1526 0.00726863 345 4 1 0.999373 
0.382239 0.442961 4.91859 0.0025 0.67761 0.579944 2.13967 0.00737888 346 4 1 0.999358 
0.385957 0.459543 4.84201 0.0025 0.667406 0.567755 2.12673 0.00749169 347 4 1 0.999347 
0.389731 0.476179 4.74357 0.0025 0.657327 0.555787 2.11383 0.00760656 348 4 1 0.999342 
0.393564 0.492666 4.61009 0.0025 0.647437 0.544116 2.10105 0.00772276 349 4 1 0.999345 
0.397454 0.508909 4.42754 0.0025 0.637827 0.532843 2.08852 0.00783911 350 4 1 0.99936 
0.401403 0.524655 4.18704 0.0025 0.62861 0.522094 2.07639 0.00795406 351 4 1 0.99939 
0.405409 0.539722 3.90573 0.0025 0.619884 0.511976 2.06482 0.00806603 352 4 1 0.999434 
0.40947 0.554055 3.67603 0.0025 0.611638 0.502468 2.05379 0.00817477 353 4 1 0.999481 
0.413584 0.56788 3.54111 0.0025 0.603719 0.493387 2.04312 0.008282 354 4 1 0.999511 
0.417752 0.581811 3.62089 0.0025 0.595813 0.484369 2.03238 0.00839189 355 4 1 0.999509 
0.421976 0.596588 3.84092 0.0025 0.58757 0.475015 2.02109 0.00850962 356 4 1 0.99946 
0.426262 0.612565 4.0614 0.0025 0.578857 0.465182 2.00905 0.00863771 357 4 1 0.99938 
0.430615 0.629266 4.05589 0.0025 0.56991 0.455145 1.99657 0.00877332 358 4 1 0.999315 
0.435036 0.645663 3.74826 0.0025 0.561287 0.44553 1.98443 0.0089081 359 4 1 0.999327 
0.439523 0.660274 3.06715 0.0025 0.553721 0.437142 1.97368 0.00902982 360 4 1 0.999443 
0.444066 0.671439 2.0361 0.0025 0.548001 0.43083 1.9655 0.00912408 361 4 1 0.999653 
0.448647 0.677618 0.774453 0.0025 0.544744 0.427252 1.96083 0.00917863 362 4 1 0.999873 
0.453245 0.678912 -0.0736058 0.0025 0.543735 0.426152 1.95939 0.00919566 363 4 1 0.999986 
0.457843 0.678647 -0.0280701 0.0025 0.543714 0.426134 1.95937 0.00919601 364 5 1 1 
0.462441 0.678431 -0.0921431 0.0025 0.543823 0.426255 1.95953 0.00919417 365 4 1 1 
0.467037 0.678002 -0.113164 0.0025 0.544014 0.426466 1.95981 0.00919093 366 4 1 0.999999 
0.471632 0.677489 -0.125556 0.0025 0.544266 0.426744 1.96018 0.00918669 367 4 1 0.999999 
0.476224 0.676943 -0.122621 0.0025 0.544542 0.427049 1.96059 0.00918203 368 4 1 0.999999 
0.480814 0.676416 -0.111361 0.0025 0.544814 0.427349 1.96098 0.00917744 369 4 1 0.999999 
0.485401 0.675943 -0.0966329 0.0025 0.545064 0.427625 1.96135 0.00917323 370 4 1 1 
0.489987 0.675539 -0.0808638 0.0025 0.545282 0.427866 1.96167 0.00916956 371 4 1 1 
0.494571 0.675201 -0.0660056 0.0025 0.545465 0.428068 1.96194 0.0091665 372 4 1 1 
0.499153 0.674924 -0.0537454 0.0025 0.545614 0.428235 1.96217 0.00916398 373 4 1 1 
0.503735 0.674699 -0.044294 0.0025 0.545736 0.428371 1.96235 0.00916194 374 4 1 1 
0.508315 0.674513 -0.0369761 0.0025 0.545836 0.428483 1.96251 0.00916026 375 4 1 1 
0.512895 0.674357 -0.0313108 0.0025 0.545919 0.428576 1.96264 0.00915887 376 4 1 1 
0.517474 0.674224 -0.0270018 0.0025 0.545988 0.428655 1.96275 0.0091577 377 4 1 1 
0.522053 0.674109 -0.0236572 0.0025 0.546048 0.428724 1.96285 0.00915671 378 4 1 1 
0.526631 0.674007 -0.020925 0.0025 0.546099 0.428783 1.96294 0.00915585 379 4 1 1 
0.531209 0.673918 -0.0186067 0.0025 0.546143 0.428836 1.96302 0.00915511 380 4 1 1 
0.535786 0.673838 -0.0165764 0.0025 0.546182 0.428882 1.96309 0.00915446 381 4 1 1 
0.540363 0.673766 -0.014754 0.0025 0.546216 0.428924 1.96316 0.00915389 382 4 1 1 
0.54494 0.673702 -0.013128 0.0025 0.546245 0.428961 1.96322 0.0091534 383 4 1 1 
0.549517 0.673645 -0.0117067 0.0025 0.54627 0.428994 1.96329 0.00915299 384 4 1 1 
0.554093 0.673594 -0.0104662 0.0025 0.546291 0.429023 1.96335 0.00915263 385 4 1 1 
0.558669 0.673548 -0.00936716 0.0025 0.546308 0.429049 1.9634 0.00915234 386 4 1 1 
0.563245 0.673507 -0.00838575 0.0025 0.546322 0.429073 1.96346 0.00915211 387 4 1 1 
0.567821 0.673471 -0.00751117 0.0025 0.546332 0.429094 1.96352 0.00915194 388 4 1 1 
0.572397 0.673437 -0.00673518 0.0025 0.546339 0.429112 1.96358 0.00915182 389 4 1 1 
0.576973 0.673407 -0.00605128 0.0025 0.546342 0.429129 1.96365 0.00915177 390 3 1 1 
0.581549 0.673379 -0.00545319 0.0025 0.546342 0.429144 1.96372 0.00915178 391 4 1 1 
0.586125 0.673354 -0.0049301 0.0025 0.546337 0.429157 1.96379 0.00915185 392 4 1 1 
0.590701 0.673331 -0.00446712 0.0025 0.546327 0.429167 1.96388 0.00915203 393 4 1 1 
0.595277 0.67331 -0.00405083 0.0025 0.5463 0.429166 1.96397 0.00915248 394 4 1 1 
0.599853 0.67329 -0.00367366 0.0025 0.546201 0.429113 1.96408 0.00915414 395 4 1 1 
0.604431 0.673272 -0.00333341 0.0025 0.545782 0.428859 1.96442 0.00916116 396 4 1 0.999999 
0.609015 0.673256 -0.0030292 0.0025 0.544156 0.427108 1.96225 0.00918854 397 4 1 0.999987 
0.61362 0.67324 -0.00275479 0.0025 0.531026 0.411632 1.93791 0.00941574 398 4 1 0.999668 
0.618435 0.673225 -0.00249199 0.0025 0.506933 0.440322 2.1715 0.00986323 399 4 1 0.994706 
0.62349 0.67321 -0.00223433 0.0025 0.481387 0.415678 2.15875 0.0103867 400 4 1 0.993699 
0.628831 0.673196 -0.00197781 0.0025 0.458892 0.450139 2.45231 0.0108958 401 4 1 0.993693 
0.634391 0.673181 -0.00172627 0.0025 0.450271 0.430665 2.39114 0.0111044 402 5 1 0.998658 
0.639936 0.673168 -0.00149154 0.0025 0.451865 0.428987 2.37343 0.0110652 403 4 1 0.999967 
0.645457 0.673155 -0.00127087 0.0025 0.453485 0.428941 2.36469 0.0110257 404 4 1 0.999986 
0.650961 0.673143 -0.00105937 0.0025 0.454571 0.429073 2.35977 0.0109994 405 4 1 0.999994 
0.656456 0.673131 -0.000854186 0.0025 0.455267 0.429154 2.3566 0.0109826 406 4 1 0.999997 
0.661944 0.673119 -0.00065527 0.0025 0.455738 0.429195 2.3544 0.0109712 407 4 1 0.999999 
0.667427 0.673108 -0.000464465 0.0025 0.456072 0.429217 2.3528 0.0109632 408 4 1 0.999999 
0.672907 0.673097 -0.000282966 0.0025 0.456318 0.429231 2.3516 0.0109573 409 4 1 1 
0.678385 0.673086 -0.00010849 0.0025 0.456504 0.429239 2.35069 0.0109528 410 4 1 1 
0.68386 0.673075 6.6129e-05 0.0025 0.456648 0.429244 2.34997 0.0109493 411 4 1 1 
0.689334 0.673064 0.000255423 0.0025 0.456761 0.429247 2.34941 0.0109466 412 4 1 1 
0.694807 0.673053 0.000488192 0.0025 0.45685 0.429249 2.34896 0.0109445 413 4 1 1 
0.700278 0.673041 0.000828441 0.0025 0.456921 0.429248 2.34859 0.0109428 414 4 1 1 
0.705749 0.673027 0.00148981 0.0025 0.456977 0.429245 2.34829 0.0109415 415 4 1 1 
0.71122 0.673006 0.00309007 0.0025 0.457017 0.429236 2.34803 0.0109405 416 4 1 1 
0.71669 0.672968 0.00763115 0.0025 0.457035 0.42921 2.3478 0.0109401 417 3 1 1 
0.72216 0.672873 0.0215953 0.0025 0.457008 0.429133 2.34751 0.0109407 418 4 1 1 
0.727631 0.672608 0.063288 0.0025 0.456857 0.428901 2.34701 0.0109443 419 4 1 1 
0.733104 0.671822 0.188661 0.0025 0.456355 0.428213 2.34582 0.0109564 420 4 1 0.999998 
0.738587 0.669567 0.53532 0.0025 0.454891 0.426269 2.34268 0.0109917 421 4 1 0.999982 
0.744096 0.663443 1.38021 0.0025 0.451089 0.42127 2.33469 0.0110843 422 4 1 0.999868 
0.749672 0.648455 3.34197 0.0025 0.442186 0.409626 2.31583 0.0113075 423 4 1 0.999254 
0.755406 0.614691 6.85514 0.0025 0.424403 0.38656 2.27693 0.0117812 424 4 1 0.996811 
0.761463 0.548825 13.8336 0.0025 0.392728 0.346043 2.20259 0.0127315 425 4 1 0.990141 
0.768177 0.412096 26.8863 0.0025 0.345282 0.287083 2.07853 0.0144809 426 4 1 0.976247 
0.776068 0.212375 28.9817 0.0025 0.296186 0.229361 1.93618 0.0168813 427 4 1 0.960552 
0.785203 0.0616602 14.5793 0.0025 0.26458 0.194588 1.83891 0.0188979 428 4 1 0.971429 
0.795014 0.00780471 3.09205 0.0025 0.252626 0.182147 1.80264 0.0197921 429 4 1 0.993453 
0.804998 -9.47038e-05 0.178374 0.0025 0.250173 0.179671 1.79549 0.0199862 430 4 1 0.999644 
0.815 -0.000108738 -0.0459996 0.0025 0.24998 0.17948 1.79494 0.0200016 431 5 1 0.999998 
0.825 4.2527e-06 -0.00151046 0.0025 0.249998 0.179498 1.79499 0.0200002 432 4 1 1 
0.835 2.64019e-06 0.000456842 0.0025 0.25 0.1795 1.795 0.02 433 3 1 1 
0.845 6.64772e-07 0.000143112 0.0025 0.25 0.1795 1.795 0.02 434 4 1 1 
0.855 1.50209e-07 3.33785e-05 0.0025 0.25 0.1795 1.795 0.02 435 4 1 1 
0.865 3.29155e-08 7.44212e-06 0.0025 0.25 0.1795 1.795 0.02 436 4 1 1 
0.875 7.04925e-09 1.6263e-06 0.0025 0.25 0.1795 1.795 0.02 437 4 1 1 
0.885 1.47124e-09 3.47776e-07 0.0025 0.25 0.1795 1.795 0.02 438 4 1 1 
0.895 2.97898e-10 7.24409e-08 0.0025 0.25 0.1795 1.795 0.02 439 4 1 1 
0.905 5.83048e-11 1.46221e-08 0.0025 0.25 0.1795 1.795 0.02 440 4 1 1 
0.915 1.09779e-11 2.85065e-09 0.0025 0.25 0.1795 1.795 0.02 441 4 1 1 
0.925 1.98187e-12 5.33532e-10 0.0025 0.25 0.1795 1.795 0.02 442 4 1 1 
0.935 3.47248e-13 9.57812e-11 0.0025 0.25 0.1795 1.795 0.02 443 4 1 1 
0.945 5.21824e-14 1.89289e-11 0.0025 0.25 0.1795 1.795 0.02 444 4 1 1 
0.955 2.41325e-16 1.44951e-12 0.0025 0.25 0.1795 1.795 0.02 445 5 1 1 
0.965 6.57108e-15 -1.42109e-14 0.0025 0.25 0.1795 1.795 0.02 446 5 1 1 
0.975 8.13307e-16 -2.84217e-14 0.0025 0.25 0.1795 1.795 0.02 447 5 1 1 
0.985 3.27075e-15 2.13163e-13 0.0025 0.25 0.1795 1.795 0.02 448 5 1 1 
0.995 -3.75658e-15 2.70006e-13 0.0025 0.25 0.1795 1.795 0.02 449 3 1 1 
1.005 3.75658e-15 -2.70006e-13 0.0025 0.25 0.1795 1.795 0.02 450 3 1 1 
1.015 -3.27075e-15 -2.13163e-13 0.0025 0.25 0.1795 1.795 0.02 451 5 1 1 
1.025 -8.13307e-16 2.84217e-14 0.0025 0.25 0.1795 1.795 0.02 452 5 1 1 
1.035 -6.52749e-15 4.26326e-14 0.0025 0.25 0.1795 1.795 0.02 453 5 1 1 
1.045 -1.54235e-16 -9.37916e-13 0.0025 0.25 0.1795 1.795 0.02 454 5 1 1 
1.055 -3.93508e-14 -1.90425e-11 0.0025 0.25 0.1795 1.795 0.02 455 4 1 1 
1.065 -3.51723e-13 -9.58522e-11 0.0025 0.25 0.1795 1.795 0.02 456 4 1 1 
1.075 -1.97221e-12 -5.3349e-10 0.0025 0.25 0.1795 1.795 0.02 457 4 1 1 
1.085 -1.09829e-11 -2.85112e-09 0.0025 0.25 0.1795 1.795 0.02 458 4 1 1 
1.095 -5.82955e-11 -1.46233e-08 0.0025 0.25 0.1795 1.795 0.02 459 4 1 1 
1.105 -2.97936e-10 -7.24363e-08 0.0025 0.25 0.1795 1.795 0.02 460 4 1 1 
1.115 -1.47123e-09 -3.47782e-07 0.0025 0.25 0.1795 1.795 0.02 461 4 1 1 
1.125 -7.04921e-09 -1.6263e-06 0.0025 0.25 0.1795 1.795 0.02 462 4 1 1 
1.135 -3.29155e-08 -7.44212e-06 0.0025 0.25 0.1795 1.795 0.02 463 4 1 1 
1.145 -1.50209e-07 -3.33785e-05 0.0025 0.25 0.1795 1.795 0.02 464 4 1 1 
1.155 -6.64772e-07 -0.000143112 0.0025 0.25 0.1795 1.795 0.02 465 4 1 1 
1.165 -2.64019e-06 -0.000456842 0.0025 0.25 0.1795 1.795 0.02 466 3 1 1 
1.175 -4.2527e-06 0.00151046 0.0025 0.249998 0.179498 1.79499 0.0200002 467 4 1 1 
1.185 0.000108738 0.0459996 0.0025 0.24998 0.17948 1.79494 0.0200016 468 5 1 0.999998 
1.195 9.47038e-05 -0.178374 0.0025 0.250173 0.179671 1.79549 0.0199862 469 4 1 0.999644 
1.20499 -0.00780471 -3.09205 0.0025 0.252626 0.182147 1.80264 0.0197921 470 4 1 0.993453 
1.2148 -0.0616602 -14.5793 0.0025 0.26458 0.194588 1.83891 0.0188979 471 4 1 0.971429 
1.22393 -0.212375 -28.9817 0.0025 0.296186 0.229361 1.93618 0.0168813 472 4 1 0.960552 
1.23182 -0.412096 -26.8863 0.0025 0.345282 0.287083 2.07853 0.0144809 473 4 1 0.976247 
1.23854 -0.548825 -13.8336 0.0025 0.392728 0.346043 2.20259 0.0127315 474 4 1 0.990141 
1.24459 -0.614691 -6.85514 0.0025 0.424403 0.38656 2.27693 0.0117812 475 4 1 0.996811 
1.25033 -0.648455 -3.34197 0.0025 0.442186 0.409626 2.31583 0.0113075 476 4 1 0.999254 
1.2559 -0.663443 -1.38021 0.0025 0.451089 0.42127 2.33469 0.0110843 477 4 1 0.999868 
1.26141 -0.669567 -0.53532 0.0025 0.454891 0.426269 2.34268 0.0109917 478 4 1 0.999982 
1.2669 -0.671822 -0.188661 0.0025 0.456355 0.428213 2.34582 0.0109564 479 4 1 0.999998 
1.27237 -0.672608 -0.063288 0.0025 0.456857 0.428901 2.34701 0.0109443 480 4 1 1 
1.27784 -0.672873 -0.0215953 0.0025 0.457008 0.429133 2.34751 0.0109407 481 4 1 1 
1.28331 -0.672968 -0.00763115 0.0025 0.457035 0.42921 2.3478 0.0109401 482 3 1 1 
1.28878 -0.673006 -0.00309007 0.0025 0.457017 0.429236 2.34803 0.0109405 483 4 1 1 
1.29425 -0.673027 -0.00148981 0.0025 0.456977 0.429245 2.34829 0.0109415 484 4 1 1 
1.29972 -0.673041 -0.000828441 0.0025 0.456921 0.429248 2.34859 0.0109428 485 4 1 1 
1.30519 -0.673053 -0.000488192 0.0025 0.45685 0.429249 2.34896 0.0109445 486 4 1 1 
1.31067 -0.673064 -0.000255423 0.0025 0.456761 0.429247 2.34941 0.0109466 487 4 1 1 
1.31614 -0.673075 -6.6129e-05 0.0025 0.456648 0.429244 2.34997 0.0109493 488 4 1 1 
1.32162 -0.673086 0.00010849 0.0025 0.456504 0.429239 2.35069 0.0109528 489 4 1 1 
1.32709 -0.673097 0.000282966 0.0025 0.456318 0.429231 2.3516 0.0109573 490 4 1 1 
1.33257 -0.673108 0.000464465 0.0025 0.456072 0.429217 2.3528 0.0109632 491 4 1 0.999999 
1.33806 -0.673119 0.00065527 0.0025 0.455738 0.429195 2.3544 0.0109712 492 4 1 0.999999 
1.34354 -0.673131 0.000854186 0.0025 0.455267 0.429154 2.3566 0.0109826 493 4 1 0.999997 
1.34904 -0.673143 0.00105937 0.0025 0.454571 0.429073 2.35977 0.0109994 494 4 1 0.999994 
1.35454 -0.673155 0.00127087 0.0025 0.453485 0.428941 2.36469 0.0110257 495 4 1 0.999986 
1.36006 -0.673168 0.00149154 0.0025 0.451865 0.428987 2.37343 0.0110652 496 4 1 0.999967 
1.36561 -0.673181 0.00172627 0.0025 0.450271 0.430665 2.39114 0.0111044 497 5 1 0.998658 
1.37117 -0.673196 0.00197781 0.0025 0.458892 0.450139 2.45231 0.0108958 498 4 1 0.993693 
1.37651 -0.67321 0.00223433 0.0025 0.481387 0.415678 2.15875 0.0103867 499 4 1 0.993699 
