# Time [s]: 0.182235
# Columns: pos [m], vel [m/s], acc [m/s^2], mass [kg], dens [kg/m^3], pres [Pa], ene [J/kg], sml [m], id, neighbor, alpha, gradh, ...additional?
1.3795 -0.673218 0.0023444 0.0025 0.506938 0.440328 2.17151 0.00986315 0 4 1 0.994706 
1.38431 -0.673232 0.00259064 0.0025 0.531031 0.411638 1.93792 0.00941565 1 4 1 0.999667 
1.38892 -0.673247 0.0028496 0.0025 0.544162 0.427114 1.96226 0.00918845 2 4 1 0.999987 
1.3935 -0.673262 0.0031362 0.0025 0.545788 0.428866 1.96443 0.00916106 3 4 1 0.999999 
1.39808 -0.673279 0.00345387 0.0025 0.546207 0.42912 1.96409 0.00915403 4 4 1 1 
1.40266 -0.673298 0.00380322 0.0025 0.546307 0.429174 1.96398 0.00915236 5 4 1 1 
1.40723 -0.673318 0.00418877 0.0025 0.546335 0.429176 1.96389 0.0091519 6 4 1 1 
1.41181 -0.673339 0.00462015 0.0025 0.546346 0.429166 1.9638 0.00915171 7 4 1 1 
1.41638 -0.673363 0.00510942 0.0025 0.546351 0.429154 1.96373 0.00915162 8 4 1 1 
1.42096 -0.673389 0.00566635 0.0025 0.546353 0.42914 1.96366 0.0091516 9 3 1 1 
1.42554 -0.673417 0.00629654 0.0025 0.54635 0.429124 1.96359 0.00915164 10 4 1 1 
1.43011 -0.673448 0.00700435 0.0025 0.546345 0.429107 1.96354 0.00915173 11 4 1 1 
1.43469 -0.673483 0.00779628 0.0025 0.546336 0.429088 1.96348 0.00915188 12 4 1 1 
1.43926 -0.673521 0.00868249 0.0025 0.546323 0.429066 1.96343 0.00915209 13 4 1 1 
1.44384 -0.673563 0.00968285 0.0025 0.546308 0.429042 1.96337 0.00915235 14 4 1 1 
1.44842 -0.67361 0.0108307 0.0025 0.546289 0.429015 1.96331 0.00915267 15 4 1 1 
1.45299 -0.673663 0.0121545 0.0025 0.546266 0.428984 1.96326 0.00915305 16 4 1 1 
1.45757 -0.673723 0.0136554 0.0025 0.54624 0.42895 1.9632 0.00915349 17 4 1 1 
1.46215 -0.673789 0.0153256 0.0025 0.546209 0.428912 1.96313 0.00915401 18 4 1 1 
1.46672 -0.673863 0.0171903 0.0025 0.546173 0.428868 1.96306 0.00915461 19 4 1 1 
1.4713 -0.673946 0.0193058 0.0025 0.546132 0.42882 1.96299 0.00915529 20 4 1 1 
1.47588 -0.674039 0.0217587 0.0025 0.546086 0.428765 1.9629 0.00915607 21 4 1 1 
1.48046 -0.674145 0.0247191 0.0025 0.546032 0.428703 1.96281 0.00915697 22 4 1 1 
1.48504 -0.674266 0.0284243 0.0025 0.545969 0.428632 1.96271 0.00915803 23 4 1 1 
1.48961 -0.674406 0.0331022 0.0025 0.545895 0.428548 1.96259 0.00915927 24 4 1 1 
1.49419 -0.674571 0.0391272 0.0025 0.545807 0.428449 1.96246 0.00916075 25 4 1 1 
1.49878 -0.67477 0.0471939 0.0025 0.5457 0.428329 1.96229 0.00916254 26 4 1 1 
-0.496643 -0.675012 0.0578229 0.0025 0.54557 0.428184 1.96209 0.00916473 27 4 1 1 
-0.49206 -0.675306 0.0707474 0.0025 0.545409 0.428006 1.96186 0.00916743 28 4 1 1 
-0.487475 -0.675664 0.0853736 0.0025 0.545216 0.427792 1.96157 0.00917068 29 4 1 1 
-0.482889 -0.67609 0.100984 0.0025 0.544989 0.427541 1.96124 0.0091745 30 4 1 1 
-0.478301 -0.676578 0.115024 0.0025 0.544733 0.427258 1.96086 0.00917882 31 4 1 0.999999 
-0.47371 -0.677107 0.122744 0.0025 0.54446 0.426957 1.96046 0.00918342 32 4 1 0.999999 
-0.469117 -0.677642 0.120445 0.0025 0.544193 0.426663 1.96007 0.00918791 33 4 1 0.999999 
-0.464522 -0.678125 0.105627 0.0025 0.543962 0.426407 1.95973 0.00919183 34 4 1 0.999999 
-0.459925 -0.678499 0.0756011 0.0025 0.543802 0.426231 1.9595 0.00919453 35 4 1 1 
-0.455328 -0.678638 0.0477934 0.0025 0.543706 0.426124 1.95935 0.00919614 36 5 1 0.999999 
-0.450729 -0.678854 -0.0787718 0.0025 0.543898 0.426328 1.95961 0.0091929 37 4 1 0.999968 
-0.446135 -0.676308 -1.13475 0.0025 0.545464 0.428041 1.96186 0.0091665 38 4 1 0.999819 
-0.441563 -0.668606 -2.34117 0.0025 0.54943 0.432405 1.96755 0.00910033 39 4 1 0.999596 
-0.437034 -0.656451 -3.25575 0.0025 0.555681 0.43931 1.97648 0.00899797 40 4 1 0.999415 
-0.432564 -0.641385 -3.81578 0.0025 0.563521 0.448015 1.98759 0.00887278 41 4 1 0.999331 
-0.428161 -0.62501 -4.02564 0.0025 0.572182 0.457688 1.99975 0.00873847 42 4 1 0.999343 
-0.423825 -0.608592 -3.97202 0.0025 0.581 0.467594 2.01202 0.00860585 43 4 1 0.999413 
-0.419555 -0.593098 -3.7429 0.0025 0.58951 0.477211 2.02375 0.00848162 44 4 1 0.999486 
-0.415343 -0.57872 -3.54541 0.0025 0.59756 0.486357 2.03476 0.00836735 45 4 1 0.999525 
-0.411187 -0.565055 -3.50935 0.0025 0.605339 0.495241 2.04531 0.00825983 46 4 1 0.99952 
-0.407083 -0.551318 -3.66239 0.0025 0.613195 0.50426 2.05588 0.00815401 47 4 1 0.999486 
-0.403032 -0.537073 -3.90645 0.0025 0.621412 0.513743 2.06685 0.00804619 48 4 1 0.999442 
-0.399036 -0.522098 -4.16583 0.0025 0.630103 0.52383 2.07836 0.00793521 49 4 1 0.999402 
-0.395097 -0.50649 -4.39364 0.0025 0.639252 0.53451 2.09038 0.00782164 50 4 1 0.999377 
-0.391214 -0.490439 -4.55145 0.0025 0.648758 0.54567 2.10276 0.00770704 51 4 1 0.999363 
-0.387389 -0.474178 -4.69089 0.0025 0.658524 0.557204 2.11536 0.00759274 52 4 1 0.999362 
-0.383621 -0.457827 -4.77125 0.0025 0.668466 0.569017 2.12808 0.00747982 53 4 1 0.999368 
-0.379909 -0.441507 -4.84468 0.0025 0.678514 0.581027 2.14081 0.00736905 54 4 1 0.99938 
-0.376252 -0.425271 -4.88755 0.0025 0.688626 0.593185 2.15352 0.00726084 55 4 1 0.999394 
-0.372648 -0.409172 -4.92933 0.0025 0.698769 0.605453 2.16615 0.00715544 56 4 1 0.999409 
-0.369096 -0.393257 -4.96573 0.0025 0.708933 0.617818 2.1787 0.00705285 57 4 1 0.999426 
-0.365595 -0.377512 -4.98059 0.0025 0.719093 0.630249 2.19113 0.0069532 58 4 1 0.999442 
-0.362142 -0.361966 -5.00871 0.0025 0.729241 0.642735 2.20344 0.00685645 59 4 1 0.99946 
-0.358738 -0.346623 -5.01756 0.0025 0.73937 0.655268 2.21563 0.00676251 60 4 1 0.999475 
-0.355379 -0.331461 -5.04567 0.0025 0.749481 0.667847 2.2277 0.00667128 61 4 1 0.999491 
-0.352066 -0.316522 -5.05561 0.0025 0.759575 0.680472 2.23965 0.00658263 62 4 1 0.999507 
-0.348797 -0.301756 -5.06516 0.0025 0.769637 0.693125 2.25147 0.00649657 63 4 1 0.999521 
-0.345569 -0.287189 -5.08594 0.0025 0.779675 0.705814 2.26317 0.00641293 64 4 1 0.999536 
-0.342383 -0.272802 -5.08983 0.0025 0.789686 0.718533 2.27475 0.00633163 65 4 1 0.99955 
-0.339237 -0.258611 -5.10525 0.0025 0.799666 0.731278 2.2862 0.00625261 66 4 1 0.999563 
-0.33613 -0.244609 -5.11762 0.0025 0.809622 0.744056 2.29755 0.00617572 67 4 1 0.999576 
-0.333061 -0.230774 -5.11844 0.0025 0.819543 0.756851 2.30877 0.00610096 68 4 1 0.999589 
-0.330029 -0.217116 -5.12829 0.0025 0.829427 0.769661 2.31986 0.00602826 69 4 1 0.999601 
-0.327033 -0.203645 -5.13783 0.0025 0.839282 0.782493 2.33085 0.00595747 70 4 1 0.999612 
-0.324072 -0.19033 -5.14075 0.0025 0.849103 0.795342 2.34172 0.00588857 71 4 1 0.999623 
-0.321144 -0.177202 -5.15398 0.0025 0.858893 0.80821 2.35248 0.00582144 72 4 1 0.999635 
-0.31825 -0.164235 -5.14913 0.0025 0.868647 0.821088 2.36313 0.00575608 73 4 1 0.999646 
-0.315388 -0.151412 -5.15128 0.0025 0.878357 0.833966 2.37366 0.00569245 74 4 1 0.999655 
-0.312557 -0.138775 -5.16278 0.0025 0.888034 0.846858 2.38408 0.00563041 75 4 1 0.999665 
-0.309757 -0.126287 -5.15398 0.0025 0.897672 0.859753 2.3944 0.00556996 76 4 1 0.999675 
-0.306987 -0.113965 -5.15502 0.0025 0.907263 0.872639 2.4046 0.00551108 77 4 1 0.999685 
-0.304246 -0.101828 -5.14773 0.0025 0.916808 0.885519 2.41468 0.00545371 78 4 1 0.999694 
-0.301533 -0.0898178 -5.153 0.0025 0.926309 0.898392 2.42466 0.00539777 79 4 1 0.999703 
-0.298848 -0.0779364 -5.16074 0.0025 0.935767 0.911265 2.43454 0.00534321 80 4 1 0.99972 
-0.29619 -0.0663346 -5.01458 0.0025 0.945073 0.923979 2.44419 0.0052906 81 4 1 0.999739 
-0.293557 -0.0552671 -4.84872 0.0025 0.954134 0.936389 2.45352 0.00524035 82 4 1 0.999725 
-0.290949 -0.044135 -5.30034 0.0025 0.963392 0.949121 2.46301 0.00518999 83 4 1 0.999691 
-0.288367 -0.0317656 -5.92436 0.0025 0.973303 0.962876 2.47317 0.00513714 84 4 1 0.999774 
-0.285812 -0.020031 -4.47287 0.0025 0.982383 0.97554 2.48241 0.00508966 85 4 1 0.999921 
-0.283278 -0.0134684 -1.66836 0.0025 0.988324 0.983696 2.4883 0.00505907 86 4 1 0.999902 
-0.280753 -0.00904568 -3.38712 0.0025 0.993654 0.990955 2.49353 0.00503193 87 4 1 0.999613 
-0.278246 0.00401911 -8.92901 0.0025 1.00422 1.0059 2.50426 0.00497897 88 4 1 0.999534 
-0.275774 0.0226205 -7.47028 0.0025 1.01755 1.0249 2.51769 0.00491377 89 4 1 0.999946 
-0.273332 0.0306336 -0.902189 0.0025 1.02476 1.03502 2.52474 0.00487917 90 4 1 1 
-0.270895 0.0302179 0.670262 0.0025 1.0252 1.0355 2.52507 0.00487711 91 3 1 1 
-0.268454 0.0282216 1.08216 0.0025 1.02346 1.03302 2.52334 0.00488541 92 4 1 0.999993 
-0.266009 0.0256065 1.33411 0.0025 1.02114 1.02975 2.52105 0.00489648 93 4 1 0.999986 
-0.263558 0.0225949 1.50049 0.0025 1.01853 1.02605 2.51846 0.00490904 94 4 1 0.999981 
-0.2611 0.0193794 1.57018 0.0025 1.01579 1.02218 2.51574 0.00492229 95 4 1 0.999979 
-0.258636 0.0161509 1.54857 0.0025 1.01308 1.01836 2.51304 0.00493546 96 4 1 0.999979 
-0.256165 0.0130796 1.44876 0.0025 1.01053 1.01477 2.5105 0.00494791 97 4 1 0.999981 
-0.253688 0.010297 1.29237 0.0025 1.00824 1.01156 2.50823 0.00495911 98 4 1 0.999984 
-0.251206 0.00788584 1.10392 0.0025 1.00628 1.0088 2.50627 0.00496878 99 4 1 0.999988 
-0.248719 0.00588 0.906305 0.0025 1.00467 1.00653 2.50465 0.00497678 100 4 1 0.999992 
-0.246229 0.00427275 0.717529 0.0025 1.00338 1.00472 2.50337 0.00498317 101 4 1 0.999995 
-0.243736 0.00302853 0.549398 0.0025 1.00239 1.00333 2.50238 0.0049881 102 4 1 0.999997 
-0.241241 0.00209558 0.407831 0.0025 1.00165 1.0023 2.50164 0.00499179 103 4 1 0.999998 
-0.238744 0.00141653 0.294096 0.0025 1.00111 1.00155 2.50111 0.00499446 104 4 1 0.999999 
-0.236246 0.000935904 0.206351 0.0025 1.00073 1.00102 2.50073 0.00499635 105 4 1 1 
-0.233748 0.000604649 0.141049 0.0025 1.00047 1.00066 2.50047 0.00499765 106 4 1 1 
-0.231249 0.000382096 0.0940115 0.0025 1.0003 1.00041 2.5003 0.00499851 107 4 1 1 
-0.228749 0.000236227 0.0611425 0.0025 1.00018 1.00026 2.50018 0.00499908 108 4 1 1 
-0.22625 0.0001429 0.0388217 0.0025 1.00011 1.00015 2.50011 0.00499945 109 4 1 1 
-0.22375 8.45885e-05 0.0240732 0.0025 1.00007 1.00009 2.50007 0.00499967 110 4 1 1 
-0.22125 4.89983e-05 0.0145826 0.0025 1.00004 1.00005 2.50004 0.00499981 111 4 1 1 
-0.21875 2.7774e-05 0.00863083 0.0025 1.00002 1.00003 2.50002 0.00499989 112 4 1 1 
-0.21625 1.54054e-05 0.00499164 0.0025 1.00001 1.00002 2.50001 0.00499994 113 4 1 1 
-0.21375 8.36102e-06 0.00282124 0.0025 1.00001 1.00001 2.50001 0.00499997 114 4 1 1 
-0.21125 4.43985e-06 0.00155833 0.0025 1 1 2.5 0.00499998 115 4 1 1 
-0.20875 2.30654e-06 0.000841219 0.0025 1 1 2.5 0.00499999 116 4 1 1 
-0.20625 1.17217e-06 0.000443791 0.0025 1 1 2.5 0.005 117 4 1 1 
-0.20375 5.82643e-07 0.000228797 0.0025 1 1 2.5 0.005 118 4 1 1 
-0.20125 2.83227e-07 0.000115264 0.0025 1 1 2.5 0.005 119 4 1 1 
-0.19875 1.34622e-07 5.67379e-05 0.0025 1 1 2.5 0.005 120 4 1 1 
-0.19625 6.25552e-08 2.72854e-05 0.0025 1 1 2.5 0.005 121 4 1 1 
-0.19375 2.84109e-08 1.28175e-05 0.0025 1 1 2.5 0.005 122 4 1 1 
-0.19125 1.26088e-08 5.88054e-06 0.0025 1 1 2.5 0.005 123 4 1 1 
-0.18875 5.46654e-09 2.63436e-06 0.0025 1 1 2.5 0.005 124 4 1 1 
-0.18625 2.31456e-09 1.15205e-06 0.0025 1 1 2.5 0.005 125 4 1 1 
-0.18375 9.56718e-10 4.9169e-07 0.0025 1 1 2.5 0.005 126 4 1 1 
-0.18125 3.85909e-10 2.04716e-07 0.0025 1 1 2.5 0.005 127 4 1 1 
-0.17875 1.51845e-10 8.3136e-08 0.0025 1 1 2.5 0.005 128 4 1 1 
-0.17625 5.82375e-11 3.29051e-08 0.0025 1 1 2.5 0.005 129 4 1 1 
-0.17375 2.17755e-11 1.26811e-08 0.0025 1 1 2.5 0.005 130 4 1 1 
-0.17125 7.92853e-12 4.76541e-09 0.0025 1 1 2.5 0.005 131 4 1 1 
-0.16875 2.8047e-12 1.74612e-09 0.0025 1 1 2.5 0.005 132 4 1 1 
-0.16625 9.61192e-13 6.19536e-10 0.0025 1 1 2.5 0.005 133 4 1 1 
-0.16375 3.25261e-13 2.12538e-10 0.0025 1 1 2.5 0.005 134 4 1 1 
-0.16125 1.00808e-13 6.58815e-11 0.0025 1 1 2.5 0.005 135 4 1 1 
-0.15875 3.23254e-14 3.4845e-11 0.0025 1 1 2.5 0.005 136 4 1 1 
-0.15625 2.21559e-15 2.33058e-12 0.0025 1 1 2.5 0.005 137 5 1 1 
-0.15375 2.61703e-16 7.38964e-13 0.0025 1 1 2.5 0.005 138 5 1 1 
-0.15125 5.50527e-47 1.56945e-43 0.0025 1 1 2.5 0.005 139 5 1 1 
-0.14875 0 0 0.0025 1 1 2.5 0.005 140 5 1 1 
-0.14625 0 0 0.0025 1 1 2.5 0.005 141 5 1 1 
-0.14375 0 0 0.0025 1 1 2.5 0.005 142 5 1 1 
-0.14125 0 0 0.0025 1 1 2.5 0.005 143 5 1 1 
-0.13875 0 0 0.0025 1 1 2.5 0.005 144 5 1 1 
-0.13625 0 0 0.0025 1 1 2.5 0.005 145 5 1 1 
-0.13375 0 0 0.0025 1 1 2.5 0.005 146 5 1 1 
-0.13125 0 0 0.0025 1 1 2.5 0.005 147 5 1 1 
-0.12875 0 0 0.0025 1 1 2.5 0.005 148 5 1 1 
-0.12625 0 0 0.0025 1 1 2.5 0.005 149 5 1 1 
-0.12375 0 0 0.0025 1 1 2.5 0.005 150 5 1 1 
-0.12125 0 0 0.0025 1 1 2.5 0.005 151 5 1 1 
-0.11875 0 0 0.0025 1 1 2.5 0.005 152 5 1 1 
-0.11625 0 0 0.0025 1 1 2.5 0.005 153 5 1 1 
-0.11375 0 0 0.0025 1 1 2.5 0.005 154 5 1 1 
-0.11125 0 0 0.0025 1 1 2.5 0.005 155 5 1 1 
-0.10875 0 0 0.0025 1 1 2.5 0.005 156 5 1 1 
-0.10625 0 0 0.0025 1 1 2.5 0.005 157 5 1 1 
-0.10375 0 0 0.0025 1 1 2.5 0.005 158 5 1 1 
-0.10125 0 0 0.0025 1 1 2.5 0.005 159 5 1 1 
-0.09875 0 0 0.0025 1 1 2.5 0.005 160 5 1 1 
-0.09625 0 0 0.0025 1 1 2.5 0.005 161 5 1 1 
-0.09375 0 0 0.0025 1 1 2.5 0.005 162 5 1 1 
-0.09125 0 0 0.0025 1 1 2.5 0.005 163 5 1 1 
-0.08875 0 0 0.0025 1 1 2.5 0.005 164 5 1 1 
-0.08625 0 0 0.0025 1 1 2.5 0.005 165 5 1 1 
-0.08375 0 0 0.0025 1 1 2.5 0.005 166 5 1 1 
-0.08125 0 0 0.0025 1 1 2.5 0.005 167 5 1 1 
-0.07875 0 0 0.0025 1 1 2.5 0.005 168 5 1 1 
-0.07625 0 0 0.0025 1 1 2.5 0.005 169 5 1 1 
-0.07375 0 0 0.0025 1 1 2.5 0.005 170 5 1 1 
-0.07125 0 0 0.0025 1 1 2.5 0.005 171 5 1 1 
-0.06875 0 0 0.0025 1 1 2.5 0.005 172 5 1 1 
-0.06625 -4.70303e-46 -1.12104e-44 0.0025 1 1 2.5 0.005 173 5 1 1 
-0.06375 -1.56519e-16 -5.68434e-14 0.0025 1 1 2.5 0.005 174 5 1 1 
-0.06125 -2.94908e-16 5.68434e-14 0.0025 1 1 2.5 0.005 175 5 1 1 
-0.05875 -4.327e-16 -5.68434e-14 0.0025 1 1 2.5 0.005 176 5 1 1 
-0.05625 -5.69763e-16 5.68434e-14 0.0025 1 1 2.5 0.005 177 5 1 1 
-0.05375 -7.40843e-16 -5.68434e-14 0.0025 1 1 2.5 0.005 178 5 1 1 
-0.05125 -1.1894e-15 -2.84217e-13 0.0025 1 1 2.5 0.005 179 5 1 1 
-0.04875 -2.10723e-15 -4.54747e-13 0.0025 1 1 2.5 0.005 180 5 1 1 
-0.04625 -5.51726e-15 -7.95808e-13 0.0025 1 1 2.5 0.005 181 3 1 1 
-0.04375 -3.41325e-16 2.38742e-12 0.0025 1 1 2.5 0.005 182 3 1 1 
-0.04125 1.03283e-15 -3.41061e-13 0.0025 1 1 2.5 0.005 183 5 1 1 
-0.03875 6.6023e-17 -3.97904e-13 0.0025 1 1 2.5 0.005 184 5 1 1 
-0.03625 -5.97892e-16 -2.84217e-13 0.0025 1 1 2.5 0.005 185 5 1 1 
-0.03375 -5.24416e-15 -5.83757e-27 0.0025 1 1 2.5 0.005 186 4 1 1 
-0.03125 -1.59911e-15 -3.41061e-13 0.0025 1 1 2.5 0.005 187 3 1 1 
-0.02875 -6.40019e-16 6.82121e-13 0.0025 1 1 2.5 0.005 188 4 1 1 
-0.02625 -1.41869e-15 -1.7053e-13 0.0025 1 1 2.5 0.005 189 4 1 1 
-0.02375 -2.63611e-15 -2.84217e-13 0.0025 1 1 2.5 0.005 190 3 1 1 
-0.02125 -2.24311e-17 4.54747e-13 0.0025 1 1 2.5 0.005 191 4 1 1 
-0.01875 -7.672e-16 -2.27374e-13 0.0025 1 1 2.5 0.005 192 5 1 1 
-0.01625 -2.21898e-15 -3.41061e-13 0.0025 1 1 2.5 0.005 193 4 1 1 
-0.01375 -9.33071e-17 3.97904e-13 0.0025 1 1 2.5 0.005 194 3 1 1 
-0.01125 -7.71213e-16 5.68434e-14 0.0025 1 1 2.5 0.005 195 5 1 1 
-0.00875 -1.34928e-15 -1.13687e-13 0.0025 1 1 2.5 0.005 196 4 1 1 
-0.00625 -1.27482e-16 -1.57772e-28 0.0025 1 1 2.5 0.005 197 3 1 1 
-0.00375 -1.36894e-16 2.27374e-13 0.0025 1 1 2.5 0.005 198 4 1 1 
-0.00125 -2.77024e-16 3.41061e-13 0.0025 1 1 2.5 0.005 199 4 1 1 
0.00125 8.37984e-18 -6.82121e-13 0.0025 1 1 2.5 0.005 200 4 1 1 
0.00375 -1.92874e-16 4.54747e-13 0.0025 1 1 2.5 0.005 201 3 1 1 
0.00625 -5.59878e-16 -2.27374e-13 0.0025 1 1 2.5 0.005 202 5 1 1 
0.00875 2.2792e-16 -3.9443e-29 0.0025 1 1 2.5 0.005 203 5 1 1 
0.01125 5.86551e-16 0 0.0025 1 1 2.5 0.005 204 5 1 1 
0.01375 4.84592e-16 0 0.0025 1 1 2.5 0.005 205 5 1 1 
0.01625 4.2159e-16 2.24208e-44 0.0025 1 1 2.5 0.005 206 5 1 1 
0.01875 2.80128e-15 -4.48416e-44 0.0025 1 1 2.5 0.005 207 5 1 1 
0.02125 2.09413e-15 3.9443e-29 0.0025 1 1 2.5 0.005 208 5 1 1 
0.02375 1.59332e-15 5.68434e-13 0.0025 1 1 2.5 0.005 209 5 1 1 
0.02625 1.48804e-15 -1.02318e-12 0.0025 1 1 2.5 0.005 210 4 1 1 
0.02875 1.47905e-15 4.54747e-13 0.0025 1 1 2.5 0.005 211 3 1 1 
0.03125 6.87087e-16 1.13687e-13 0.0025 1 1 2.5 0.005 212 4 1 1 
0.03375 -2.04311e-16 -5.68434e-14 0.0025 1 1 2.5 0.005 213 5 1 1 
0.03625 2.09434e-15 -3.9443e-29 0.0025 1 1 2.5 0.005 214 5 1 1 
0.03875 1.619e-15 -5.68434e-14 0.0025 1 1 2.5 0.005 215 5 1 1 
0.04125 1.16856e-15 1.12104e-44 0.0025 1 1 2.5 0.005 216 5 1 1 
0.04375 1.00879e-15 1.12104e-44 0.0025 1 1 2.5 0.005 217 5 1 1 
0.04625 8.30121e-16 -5.68434e-14 0.0025 1 1 2.5 0.005 218 5 1 1 
0.04875 6.24518e-16 -5.68434e-14 0.0025 1 1 2.5 0.005 219 5 1 1 
0.05125 -1.12343e-17 -1.13687e-13 0.0025 1 1 2.5 0.005 220 5 1 1 
0.05375 -1.40547e-15 -4.48416e-44 0.0025 1 1 2.5 0.005 221 5 1 1 
0.05625 -3.45799e-15 -2.27374e-13 0.0025 1 1 2.5 0.005 222 5 1 1 
0.05875 3.77856e-15 5.11591e-13 0.0025 1 1 2.5 0.005 223 5 1 1 
0.06125 -1.2097e-16 6.25278e-13 0.0025 1 1 2.5 0.005 224 3 1 1 
0.06375 8.11211e-16 -6.25278e-13 0.0025 1 1 2.5 0.005 225 3 1 1 
0.06625 -1.66056e-15 -6.25278e-13 0.0025 1 1 2.5 0.005 226 5 1 1 
0.06875 5.29795e-15 1.13687e-13 0.0025 1 1 2.5 0.005 227 5 1 1 
0.07125 3.10257e-15 1.13687e-13 0.0025 1 1 2.5 0.005 228 5 1 1 
0.07375 1.81296e-15 1.13687e-13 0.0025 1 1 2.5 0.005 229 5 1 1 
0.07625 1.06351e-15 5.68434e-14 0.0025 1 1 2.5 0.005 230 5 1 1 
0.07875 4.88281e-16 1.13687e-13 0.0025 1 1 2.5 0.005 231 5 1 1 
0.08125 1.74404e-16 2.24208e-44 0.0025 1 1 2.5 0.005 232 5 1 1 
0.08375 1.74476e-17 5.68434e-14 0.0025 1 1 2.5 0.005 233 5 1 1 
0.08625 3.44094e-48 1.12104e-44 0.0025 1 1 2.5 0.005 234 5 1 1 
0.08875 0 0 0.0025 1 1 2.5 0.005 235 5 1 1 
0.09125 0 0 0.0025 1 1 2.5 0.005 236 5 1 1 
0.09375 -1.63621e-45 -1.12104e-44 0.0025 1 1 2.5 0.005 237 5 1 1 
0.09625 -1.69188e-16 0 0.0025 1 1 2.5 0.005 238 5 1 1 
0.09875 -3.37357e-16 1.12104e-44 0.0025 1 1 2.5 0.005 239 5 1 1 
0.10125 1.58941e-15 0 0.0025 1 1 2.5 0.005 240 5 1 1 
0.10375 1.42405e-15 4.48416e-44 0.0025 1 1 2.5 0.005 241 5 1 1 
0.10625 2.38654e-15 -1.56945e-43 0.0025 1 1 2.5 0.005 242 5 1 1 
0.10875 7.24414e-16 7.84727e-44 0.0025 1 1 2.5 0.005 243 5 1 1 
0.11125 5.98953e-16 -5.68434e-14 0.0025 1 1 2.5 0.005 244 5 1 1 
0.11375 -1.56327e-15 3.47522e-43 0.0025 1 1 2.5 0.005 245 5 1 1 
0.11625 2.35656e-15 -3.47522e-43 0.0025 1 1 2.5 0.005 246 5 1 1 
0.11875 -4.16871e-16 3.9443e-29 0.0025 1 1 2.5 0.005 247 5 1 1 
0.12125 -2.09243e-17 -7.14905e-27 0.0025 1 1 2.5 0.005 248 5 1 1 
0.12375 -3.1251e-15 -7.18849e-27 0.0025 1 1 2.5 0.005 249 4 1 1 
0.12625 3.1251e-15 7.18849e-27 0.0025 1 1 2.5 0.005 250 4 1 1 
0.12875 2.09243e-17 7.14905e-27 0.0025 1 1 2.5 0.005 251 5 1 1 
0.13125 4.16871e-16 -3.9443e-29 0.0025 1 1 2.5 0.005 252 5 1 1 
0.13375 -2.35656e-15 3.47522e-43 0.0025 1 1 2.5 0.005 253 5 1 1 
0.13625 1.56327e-15 -3.47522e-43 0.0025 1 1 2.5 0.005 254 5 1 1 
0.13875 -5.98953e-16 5.68434e-14 0.0025 1 1 2.5 0.005 255 5 1 1 
0.14125 -7.24414e-16 -7.84727e-44 0.0025 1 1 2.5 0.005 256 5 1 1 
0.14375 -2.38654e-15 1.56945e-43 0.0025 1 1 2.5 0.005 257 5 1 1 
0.14625 -1.42405e-15 -4.48416e-44 0.0025 1 1 2.5 0.005 258 5 1 1 
0.14875 -1.58941e-15 0 0.0025 1 1 2.5 0.005 259 5 1 1 
0.15125 2.67579e-16 -1.56945e-43 0.0025 1 1 2.5 0.005 260 5 1 1 
0.15375 -1.27384e-16 -7.38964e-13 0.0025 1 1 2.5 0.005 261 5 1 1 
0.15625 -2.18073e-15 -2.33058e-12 0.0025 1 1 2.5 0.005 262 5 1 1 
0.15875 -3.22557e-14 -3.4845e-11 0.0025 1 1 2.5 0.005 263 4 1 1 
0.16125 -1.00773e-13 -6.58815e-11 0.0025 1 1 2.5 0.005 264 4 1 1 
0.16375 -3.25192e-13 -2.1231e-10 0.0025 1 1 2.5 0.005 265 4 1 1 
0.16625 -9.60529e-13 -6.19082e-10 0.0025 1 1 2.5 0.005 266 4 1 1 
0.16875 -2.8024e-12 -1.74555e-09 0.0025 1 1 2.5 0.005 267 4 1 1 
0.17125 -7.91259e-12 -4.75438e-09 0.0025 1 1 2.5 0.005 268 4 1 1 
0.17375 -2.1773e-11 -1.2698e-08 0.0025 1 1 2.5 0.005 269 4 1 1 
0.17625 -5.82392e-11 -3.28991e-08 0.0025 1 1 2.5 0.005 270 4 1 1 
0.17875 -1.51843e-10 -8.31398e-08 0.0025 1 1 2.5 0.005 271 4 1 1 
0.18125 -3.85923e-10 -2.04715e-07 0.0025 1 1 2.5 0.005 272 4 1 1 
0.18375 -9.56711e-10 -4.91688e-07 0.0025 1 1 2.5 0.005 273 4 1 1 
0.18625 -2.31455e-09 -1.15205e-06 0.0025 1 1 2.5 0.005 274 4 1 1 
0.18875 -5.46654e-09 -2.63436e-06 0.0025 1 1 2.5 0.005 275 4 1 1 
0.19125 -1.26088e-08 -5.88054e-06 0.0025 1 1 2.5 0.005 276 4 1 1 
0.19375 -2.84109e-08 -1.28175e-05 0.0025 1 1 2.5 0.005 277 4 1 1 
0.19625 -6.25552e-08 -2.72854e-05 0.0025 1 1 2.5 0.005 278 4 1 1 
0.19875 -1.34622e-07 -5.67379e-05 0.0025 1 1 2.5 0.005 279 4 1 1 
0.20125 -2.83227e-07 -0.000115264 0.0025 1 1 2.5 0.005 280 4 1 1 
0.20375 -5.82643e-07 -0.000228797 0.0025 1 1 2.5 0.005 281 4 1 1 
0.20625 -1.17217e-06 -0.000443791 0.0025 1 1 2.5 0.005 282 4 1 1 
0.20875 -2.30654e-06 -0.000841219 0.0025 1 1 2.5 0.00499999 283 4 1 1 
0.21125 -4.43985e-06 -0.00155833 0.0025 1 1 2.5 0.00499998 284 4 1 1 
0.21375 -8.36102e-06 -0.00282124 0.0025 1.00001 1.00001 2.50001 0.00499997 285 4 1 1 
0.21625 -1.54054e-05 -0.00499164 0.0025 1.00001 1.00002 2.50001 0.00499994 286 4 1 1 
0.21875 -2.7774e-05 -0.00863083 0.0025 1.00002 1.00003 2.50002 0.00499989 287 4 1 1 
0.22125 -4.89983e-05 -0.0145826 0.0025 1.00004 1.00005 2.50004 0.00499981 288 4 1 1 
0.22375 -8.45885e-05 -0.0240732 0.0025 1.00007 1.00009 2.50007 0.00499967 289 4 1 1 
0.22625 -0.0001429 -0.0388217 0.0025 1.00011 1.00015 2.50011 0.00499945 290 4 1 1 
0.228749 -0.000236227 -0.0611425 0.0025 1.00018 1.00026 2.50018 0.00499908 291 4 1 1 
0.231249 -0.000382096 -0.0940115 0.0025 1.0003 1.00041 2.5003 0.00499851 292 4 1 1 
0.233748 -0.000604649 -0.141049 0.0025 1.00047 1.00066 2.50047 0.00499765 293 4 1 1 
0.236246 -0.000935904 -0.206351 0.0025 1.00073 1.00102 2.50073 0.00499635 294 4 1 1 
0.238744 -0.00141653 -0.294096 0.0025 1.00111 1.00155 2.50111 0.00499446 295 4 1 0.999999 
0.241241 -0.00209558 -0.407831 0.0025 1.00165 1.0023 2.50164 0.00499179 296 4 1 0.999998 
0.243736 -0.00302853 -0.549398 0.0025 1.00239 1.00333 2.50238 0.0049881 297 4 1 0.999997 
0.246229 -0.00427275 -0.717529 0.0025 1.00338 1.00472 2.50337 0.00498317 298 4 1 0.999995 
0.248719 -0.00588 -0.906305 0.0025 1.00467 1.00653 2.50465 0.00497678 299 4 1 0.999992 
0.251206 -0.00788584 -1.10392 0.0025 1.00628 1.0088 2.50627 0.00496878 300 4 1 0.999988 
0.253688 -0.010297 -1.29237 0.0025 1.00824 1.01156 2.50823 0.00495911 301 4 1 0.999984 
0.256165 -0.0130796 -1.44876 0.0025 1.01053 1.01477 2.5105 0.00494791 302 4 1 0.999981 
0.258636 -0.0161509 -1.54857 0.0025 1.01308 1.01836 2.51304 0.00493546 303 4 1 0.999979 
0.2611 -0.0193794 -1.57018 0.0025 1.01579 1.02218 2.51574 0.00492229 304 4 1 0.999979 
0.263558 -0.0225949 -1.50049 0.0025 1.01853 1.02605 2.51846 0.00490904 305 4 1 0.999981 
0.266009 -0.0256065 -1.33411 0.0025 1.02114 1.02975 2.52105 0.00489648 306 4 1 0.999986 
0.268454 -0.0282216 -1.08216 0.0025 1.02346 1.03302 2.52334 0.00488541 307 4 1 0.999993 
0.270895 -0.0302179 -0.670262 0.0025 1.0252 1.0355 2.52507 0.00487711 308 3 1 1 
0.273332 -0.0306336 0.902189 0.0025 1.02476 1.03502 2.52474 0.00487917 309 4 1 1 
0.275774 -0.0226205 7.47028 0.0025 1.01755 1.0249 2.51769 0.00491377 310 4 1 0.999946 
0.278246 -0.00401911 8.92901 0.0025 1.00422 1.0059 2.50426 0.00497897 311 4 1 0.999534 
0.280753 0.00904568 3.38712 0.0025 0.993654 0.990955 2.49353 0.00503193 312 4 1 0.999613 
0.283278 0.0134684 1.66836 0.0025 0.988324 0.983696 2.4883 0.00505907 313 4 1 0.999902 
0.285812 0.020031 4.47287 0.0025 0.982383 0.97554 2.48241 0.00508966 314 4 1 0.999921 
0.288367 0.0317656 5.92436 0.0025 0.973303 0.962876 2.47317 0.00513714 315 4 1 0.999774 
0.290949 0.044135 5.30034 0.0025 0.963392 0.949121 2.46301 0.00518999 316 4 1 0.999691 
0.293557 0.0552671 4.84872 0.0025 0.954134 0.936389 2.45352 0.00524035 317 4 1 0.999725 
0.29619 0.0663346 5.01458 0.0025 0.945073 0.923979 2.44419 0.0052906 318 4 1 0.999739 
0.298848 0.0779364 5.16074 0.0025 0.935767 0.911265 2.43454 0.00534321 319 4 1 0.99972 
0.301533 0.0898178 5.153 0.0025 0.926309 0.898392 2.42466 0.00539777 320 4 1 0.999703 
0.304246 0.101828 5.14773 0.0025 0.916808 0.885519 2.41468 0.00545371 321 4 1 0.999694 
0.306987 0.113965 5.15502 0.0025 0.907263 0.872639 2.4046 0.00551108 322 4 1 0.999685 
0.309757 0.126287 5.15398 0.0025 0.897672 0.859753 2.3944 0.00556996 323 4 1 0.999675 
0.312557 0.138775 5.16278 0.0025 0.888034 0.846858 2.38408 0.00563041 324 4 1 0.999665 
0.315388 0.151412 5.15128 0.0025 0.878357 0.833966 2.37366 0.00569245 325 4 1 0.999655 
0.31825 0.164235 5.14913 0.0025 0.868647 0.821088 2.36313 0.00575608 326 4 1 0.999646 
0.321144 0.177202 5.15398 0.0025 0.858893 0.80821 2.35248 0.00582144 327 4 1 0.999635 
0.324072 0.19033 5.14075 0.0025 0.849103 0.795342 2.34172 0.00588857 328 4 1 0.999623 
0.327033 0.203645 5.13783 0.0025 0.839282 0.782493 2.33085 0.00595747 329 4 1 0.999612 
0.330029 0.217116 5.12829 0.0025 0.829427 0.769661 2.31986 0.00602826 330 4 1 0.999601 
0.333061 0.230774 5.11844 0.0025 0.819543 0.756851 2.30877 0.00610096 331 4 1 0.999589 
0.33613 0.244609 5.11762 0.0025 0.809622 0.744056 2.29755 0.00617572 332 4 1 0.999576 
0.339237 0.258611 5.10525 0.0025 0.799666 0.731278 2.2862 0.00625261 333 4 1 0.999563 
0.342383 0.272802 5.08983 0.0025 0.789686 0.718533 2.27475 0.00633163 334 4 1 0.99955 
0.345569 0.287189 5.08594 0.0025 0.779675 0.705814 2.26317 0.00641293 335 4 1 0.999536 
0.348797 0.301756 5.06516 0.0025 0.769637 0.693125 2.25147 0.00649657 336 4 1 0.999521 
0.352066 0.316522 5.05561 0.0025 0.759575 0.680472 2.23965 0.00658263 337 4 1 0.999507 
0.355379 0.331461 5.04567 0.0025 0.749481 0.667847 2.2277 0.00667128 338 4 1 0.999491 
0.358738 0.346623 5.01756 0.0025 0.73937 0.655268 2.21563 0.00676251 339 4 1 0.999475 
0.362142 0.361966 5.00871 0.0025 0.729241 0.642735 2.20344 0.00685645 340 4 1 0.99946 
0.365595 0.377512 4.98059 0.0025 0.719093 0.630249 2.19113 0.0069532 341 4 1 0.999442 
0.369096 0.393257 4.96573 0.0025 0.708933 0.617818 2.1787 0.00705285 342 4 1 0.999426 
0.372648 0.409172 4.92933 0.0025 0.698769 0.605453 2.16615 0.00715544 343 4 1 0.999409 
0.376252 0.425271 4.88755 0.0025 0.688626 0.593185 2.15352 0.00726084 344 4 1 0.999394 
0.379909 0.441507 4.84468 0.0025 0.678514 0.581027 2.14081 0.00736905 345 4 1 0.99938 
0.383621 0.457827 4.77125 0.0025 0.668466 0.569017 2.12808 0.00747982 346 4 1 0.999368 
0.387389 0.474178 4.69089 0.0025 0.658524 0.557204 2.11536 0.00759274 347 4 1 0.999362 
0.391214 0.490439 4.55145 0.0025 0.648758 0.54567 2.10276 0.00770704 348 4 1 0.999363 
0.395097 0.50649 4.39364 0.0025 0.639252 0.53451 2.09038 0.00782164 349 4 1 0.999377 
0.399036 0.522098 4.16583 0.0025 0.630103 0.52383 2.07836 0.00793521 350 4 1 0.999402 
0.403032 0.537073 3.90645 0.0025 0.621412 0.513743 2.06685 0.00804619 351 4 1 0.999442 
0.407083 0.551318 3.66239 0.0025 0.613195 0.50426 2.05588 0.00815401 352 4 1 0.999486 
0.411187 0.565055 3.50935 0.0025 0.605339 0.495241 2.04531 0.00825983 353 4 1 0.99952 
0.415343 0.57872 3.54541 0.0025 0.59756 0.486357 2.03476 0.00836735 354 4 1 0.999525 
0.419555 0.593098 3.7429 0.0025 0.58951 0.477211 2.02375 0.00848162 355 4 1 0.999486 
0.423825 0.608592 3.97202 0.0025 0.581 0.467594 2.01202 0.00860585 356 4 1 0.999413 
0.428161 0.62501 4.02564 0.0025 0.572182 0.457688 1.99975 0.00873847 357 4 1 0.999343 
0.432564 0.641385 3.81578 0.0025 0.563521 0.448015 1.98759 0.00887278 358 4 1 0.999331 
0.437034 0.656451 3.25575 0.0025 0.555681 0.43931 1.97648 0.00899797 359 4 1 0.999415 
0.441563 0.668606 2.34117 0.0025 0.54943 0.432405 1.96755 0.00910033 360 4 1 0.999596 
0.446135 0.676308 1.13475 0.0025 0.545464 0.428041 1.96186 0.0091665 361 4 1 0.999819 
0.450729 0.678854 0.0787718 0.0025 0.543898 0.426328 1.95961 0.0091929 362 4 1 0.999968 
0.455328 0.678638 -0.0477934 0.0025 0.543706 0.426124 1.95935 0.00919614 363 5 1 0.999999 
0.459925 0.678499 -0.0756011 0.0025 0.543802 0.426231 1.9595 0.00919453 364 4 1 1 
0.464522 0.678125 -0.105627 0.0025 0.543962 0.426407 1.95973 0.00919183 365 4 1 0.999999 
0.469117 0.677642 -0.120445 0.0025 0.544193 0.426663 1.96007 0.00918791 366 4 1 0.999999 
0.47371 0.677107 -0.122744 0.0025 0.54446 0.426957 1.96046 0.00918342 367 4 1 0.999999 
0.478301 0.676578 -0.115024 0.0025 0.544733 0.427258 1.96086 0.00917882 368 4 1 0.999999 
0.482889 0.67609 -0.100984 0.0025 0.544989 0.427541 1.96124 0.0091745 369 4 1 1 
0.487475 0.675664 -0.0853736 0.0025 0.545216 0.427792 1.96157 0.00917068 370 4 1 1 
0.49206 0.675306 -0.0707474 0.0025 0.545409 0.428006 1.96186 0.00916743 371 4 1 1 
0.496643 0.675012 -0.0578229 0.0025 0.54557 0.428184 1.96209 0.00916473 372 4 1 1 
0.501224 0.67477 -0.0471939 0.0025 0.5457 0.428329 1.96229 0.00916254 373 4 1 1 
0.505805 0.674571 -0.0391272 0.0025 0.545807 0.428449 1.96246 0.00916075 374 4 1 1 
0.510385 0.674406 -0.0331022 0.0025 0.545895 0.428548 1.96259 0.00915927 375 4 1 1 
0.514964 0.674266 -0.0284243 0.0025 0.545969 0.428632 1.96271 0.00915803 376 4 1 1 
0.519543 0.674145 -0.0247191 0.0025 0.546032 0.428703 1.96281 0.00915697 377 4 1 1 
0.524121 0.674039 -0.0217587 0.0025 0.546086 0.428765 1.9629 0.00915607 378 4 1 1 
0.528699 0.673946 -0.0193058 0.0025 0.546132 0.42882 1.96299 0.00915529 379 4 1 1 
0.533277 0.673863 -0.0171903 0.0025 0.546173 0.428868 1.96306 0.00915461 380 4 1 1 
0.537854 0.673789 -0.0153256 0.0025 0.546209 0.428912 1.96313 0.00915401 381 4 1 1 
0.542431 0.673723 -0.0136554 0.0025 0.54624 0.42895 1.9632 0.00915349 382 4 1 1 
0.547007 0.673663 -0.0121545 0.0025 0.546266 0.428984 1.96326 0.00915305 383 4 1 1 
0.551584 0.67361 -0.0108307 0.0025 0.546289 0.429015 1.96331 0.00915267 384 4 1 1 
0.55616 0.673563 -0.00968285 0.0025 0.546308 0.429042 1.96337 0.00915235 385 4 1 1 
0.560736 0.673521 -0.00868249 0.0025 0.546323 0.429066 1.96343 0.00915209 386 4 1 1 
0.565312 0.673483 -0.00779628 0.0025 0.546336 0.429088 1.96348 0.00915188 387 4 1 1 
0.569888 0.673448 -0.00700436 0.0025 0.546345 0.429107 1.96354 0.00915173 388 4 1 1 
0.574464 0.673417 -0.00629654 0.0025 0.54635 0.429124 1.96359 0.00915164 389 4 1 1 
0.57904 0.673389 -0.00566635 0.0025 0.546353 0.42914 1.96366 0.0091516 390 3 1 1 
0.583615 0.673363 -0.00510942 0.0025 0.546351 0.429154 1.96373 0.00915162 391 4 1 1 
0.588191 0.673339 -0.00462015 0.0025 0.546346 0.429166 1.9638 0.00915171 392 4 1 1 
0.592767 0.673318 -0.00418877 0.0025 0.546335 0.429176 1.96389 0.0091519 393 4 1 1 
0.597343 0.673298 -0.00380322 0.0025 0.546307 0.429174 1.96398 0.00915236 394 4 1 1 
0.601919 0.673279 -0.00345387 0.0025 0.546207 0.42912 1.96409 0.00915403 395 4 1 1 
0.606497 0.673262 -0.0031362 0.0025 0.545788 0.428866 1.96443 0.00916106 396 4 1 0.999999 
0.611081 0.673247 -0.0028496 0.0025 0.544162 0.427114 1.96226 0.00918845 397 4 1 0.999987 
0.615686 0.673232 -0.00259064 0.0025 0.531031 0.411638 1.93792 0.00941565 398 4 1 0.999667 
0.620501 0.673218 -0.0023444 0.0025 0.506938 0.440328 2.17151 0.00986315 399 4 1 0.994706 
0.625556 0.673204 -0.00210508 0.0025 0.481391 0.415683 2.15876 0.0103866 400 4 1 0.993699 
0.630897 0.67319 -0.00186756 0.0025 0.458895 0.450144 2.45232 0.0108957 401 4 1 0.993693 
0.636457 0.673176 -0.00163349 0.0025 0.450275 0.43067 2.39115 0.0111043 402 5 1 0.998658 
0.642001 0.673163 -0.00141347 0.0025 0.451868 0.428992 2.37343 0.0110652 403 4 1 0.999967 
0.647522 0.673151 -0.00120598 0.0025 0.453488 0.428945 2.36469 0.0110256 404 4 1 0.999986 
0.653027 0.673139 -0.00100708 0.0025 0.454574 0.429077 2.35978 0.0109993 405 4 1 0.999994 
0.658522 0.673128 -0.000813701 0.0025 0.45527 0.429157 2.35661 0.0109825 406 4 1 0.999997 
0.66401 0.673117 -0.000624935 0.0025 0.45574 0.429198 2.3544 0.0109712 407 4 1 0.999999 
0.669493 0.673107 -0.000442189 0.0025 0.456074 0.429221 2.3528 0.0109631 408 4 1 0.999999 
0.674973 0.673096 -0.000267341 0.0025 0.45632 0.429235 2.35161 0.0109572 409 4 1 1 
0.68045 0.673086 -0.00010032 0.0025 0.456507 0.429243 2.35069 0.0109527 410 4 1 1 
0.685925 0.673075 6.31163e-05 0.0025 0.456651 0.429248 2.34998 0.0109493 411 4 1 1 
0.691399 0.673065 0.000233764 0.0025 0.456764 0.429251 2.34941 0.0109466 412 4 1 1 
0.696872 0.673054 0.000430903 0.0025 0.456853 0.429253 2.34896 0.0109444 413 4 1 1 
0.702344 0.673043 0.000700844 0.0025 0.456924 0.429253 2.3486 0.0109427 414 4 1 1 
0.707815 0.673031 0.00116838 0.0025 0.456981 0.429251 2.3483 0.0109414 415 4 1 1 
0.713285 0.673014 0.00219426 0.0025 0.457023 0.429245 2.34805 0.0109404 416 4 1 1 
0.718755 0.672987 0.00503665 0.0025 0.457049 0.429229 2.34782 0.0109397 417 3 1 1 
0.724225 0.672926 0.0133431 0.0025 0.457045 0.429181 2.34759 0.0109398 418 4 1 1 
0.729695 0.672761 0.0387811 0.0025 0.456964 0.42904 2.34723 0.0109418 419 4 1 1 
0.735167 0.672282 0.116062 0.0025 0.456663 0.428617 2.34646 0.010949 420 4 1 0.999999 
0.740644 0.670877 0.333648 0.0025 0.455749 0.427394 2.34445 0.010971 421 4 1 0.999993 
0.746138 0.66693 0.917889 0.0025 0.453249 0.424098 2.33918 0.0110315 422 4 1 0.999945 
0.751676 0.656909 2.23254 0.0025 0.447111 0.416052 2.32627 0.0111829 423 4 1 0.999649 
0.757322 0.632994 5.11845 0.0025 0.433863 0.398793 2.29781 0.0115244 424 4 1 0.99829 
0.763205 0.584581 9.76713 0.0025 0.409253 0.367087 2.24222 0.0122174 425 4 1 0.993863 
0.76956 0.485641 20.8568 0.0025 0.368357 0.315435 2.14064 0.0135738 426 4 1 0.98371 
0.77686 0.304984 30.6401 0.0025 0.317325 0.253732 1.99908 0.0157567 427 4 1 0.966156 
0.785472 0.117804 22.0057 0.0025 0.276191 0.207093 1.87484 0.0181034 428 4 1 0.962507 
0.795057 0.0228464 7.06381 0.0025 0.256233 0.185844 1.81341 0.0195135 429 4 1 0.984943 
0.805 0.00128324 0.83524 0.0025 0.250732 0.180231 1.7971 0.0199416 430 4 1 0.998361 
0.814999 -0.000244429 -0.0325942 0.0025 0.249996 0.179495 1.79499 0.0200003 431 4 1 0.999966 
0.825 -1.3042e-05 -0.0116905 0.0025 0.249991 0.179491 1.79497 0.0200007 432 5 1 1 
0.835 4.25567e-06 0.00059885 0.0025 0.25 0.1795 1.795 0.02 433 3 1 1 
0.845 1.26454e-06 0.000262066 0.0025 0.25 0.1795 1.795 0.02 434 4 1 1 
0.855 2.9596e-07 6.47562e-05 0.0025 0.25 0.1795 1.795 0.02 435 4 1 1 
0.865 6.57357e-08 1.47219e-05 0.0025 0.25 0.1795 1.795 0.02 436 4 1 1 
0.875 1.42611e-08 3.25038e-06 0.0025 0.25 0.1795 1.795 0.02 437 4 1 1 
0.885 3.02502e-09 7.04042e-07 0.0025 0.25 0.1795 1.795 0.02 438 4 1 1 
0.895 6.24682e-10 1.49123e-07 0.0025 0.25 0.1795 1.795 0.02 439 4 1 1 
0.905 1.25048e-10 3.07224e-08 0.0025 0.25 0.1795 1.795 0.02 440 4 1 1 
0.915 2.41616e-11 6.12972e-09 0.0025 0.25 0.1795 1.795 0.02 441 4 1 1 
0.925 4.491e-12 1.17937e-09 0.0025 0.25 0.1795 1.795 0.02 442 4 1 1 
0.935 8.05113e-13 2.19273e-10 0.0025 0.25 0.1795 1.795 0.02 443 4 1 1 
0.945 1.4091e-13 3.94778e-11 0.0025 0.25 0.1795 1.795 0.02 444 4 1 1 
0.955 9.94913e-15 6.82121e-12 0.0025 0.25 0.1795 1.795 0.02 445 4 1 1 
0.965 6.53617e-15 -1.27898e-13 0.0025 0.25 0.1795 1.795 0.02 446 5 1 1 
0.975 7.34812e-16 -2.84217e-14 0.0025 0.25 0.1795 1.795 0.02 447 5 1 1 
0.985 3.95541e-15 2.27374e-13 0.0025 0.25 0.1795 1.795 0.02 448 5 1 1 
0.995 -2.95854e-15 2.55795e-13 0.0025 0.25 0.1795 1.795 0.02 449 3 1 1 
1.005 2.95854e-15 -2.55795e-13 0.0025 0.25 0.1795 1.795 0.02 450 3 1 1 
1.015 -3.95541e-15 -2.27374e-13 0.0025 0.25 0.1795 1.795 0.02 451 5 1 1 
1.025 -7.2609e-16 2.84217e-14 0.0025 0.25 0.1795 1.795 0.02 452 5 1 1 
1.035 -6.606e-15 -1.27898e-13 0.0025 0.25 0.1795 1.795 0.02 453 5 1 1 
1.045 -6.66954e-15 -3.52429e-12 0.0025 0.25 0.1795 1.795 0.02 454 5 1 1 
1.055 -1.3073e-13 -4.49063e-11 0.0025 0.25 0.1795 1.795 0.02 455 4 1 1 
1.065 -8.10177e-13 -2.15607e-10 0.0025 0.25 0.1795 1.795 0.02 456 4 1 1 
1.075 -4.47817e-12 -1.18187e-09 0.0025 0.25 0.1795 1.795 0.02 457 4 1 1 
1.085 -2.41731e-11 -6.12927e-09 0.0025 0.25 0.1795 1.795 0.02 458 4 1 1 
1.095 -1.25036e-10 -3.07214e-08 0.0025 0.25 0.1795 1.795 0.02 459 4 1 1 
1.105 -6.24714e-10 -1.49121e-07 0.0025 0.25 0.1795 1.795 0.02 460 4 1 1 
1.115 -3.02502e-09 -7.04042e-07 0.0025 0.25 0.1795 1.795 0.02 461 4 1 1 
1.125 -1.42611e-08 -3.25038e-06 0.0025 0.25 0.1795 1.795 0.02 462 4 1 1 
1.135 -6.57357e-08 -1.47218e-05 0.0025 0.25 0.1795 1.795 0.02 463 4 1 1 
1.145 -2.9596e-07 -6.47562e-05 0.0025 0.25 0.1795 1.795 0.02 464 4 1 1 
1.155 -1.26454e-06 -0.000262066 0.0025 0.25 0.1795 1.795 0.02 465 4 1 1 
1.165 -4.25567e-06 -0.00059885 0.0025 0.25 0.1795 1.795 0.02 466 3 1 1 
1.175 1.3042e-05 0.0116905 0.0025 0.249991 0.179491 1.79497 0.0200007 467 5 1 1 
1.185 0.000244429 0.0325942 0.0025 0.249996 0.179495 1.79499 0.0200003 468 4 1 0.999966 
1.195 -0.00128324 -0.83524 0.0025 0.250732 0.180231 1.7971 0.0199416 469 4 1 0.998361 
1.20494 -0.0228464 -7.06381 0.0025 0.256233 0.185844 1.81341 0.0195135 470 4 1 0.984943 
1.21453 -0.117804 -22.0057 0.0025 0.276191 0.207093 1.87484 0.0181034 471 4 1 0.962507 
1.22314 -0.304984 -30.6401 0.0025 0.317325 0.253732 1.99908 0.0157567 472 4 1 0.966156 
1.23044 -0.485641 -20.8568 0.0025 0.368357 0.315435 2.14064 0.0135738 473 4 1 0.98371 
1.23679 -0.584581 -9.76713 0.0025 0.409253 0.367087 2.24222 0.0122174 474 4 1 0.993863 
1.24268 -0.632994 -5.11845 0.0025 0.433863 0.398793 2.29781 0.0115244 475 4 1 0.99829 
1.24832 -0.656909 -2.23254 0.0025 0.447111 0.416052 2.32627 0.0111829 476 4 1 0.999649 
1.25386 -0.66693 -0.917889 0.0025 0.453249 0.424098 2.33918 0.0110315 477 4 1 0.999945 
1.25936 -0.670877 -0.333648 0.0025 0.455749 0.427394 2.34445 0.010971 478 4 1 0.999993 
1.26483 -0.672282 -0.116062 0.0025 0.456663 0.428617 2.34646 0.010949 479 4 1 0.999999 
1.27031 -0.672761 -0.0387811 0.0025 0.456964 0.42904 2.34723 0.0109418 480 4 1 1 
1.27578 -0.672926 -0.0133431 0.0025 0.457045 0.429181 2.34759 0.0109398 481 4 1 1 
1.28124 -0.672987 -0.00503665 0.0025 0.457049 0.429229 2.34782 0.0109397 482 3 1 1 
1.28671 -0.673014 -0.00219426 0.0025 0.457023 0.429245 2.34805 0.0109404 483 4 1 1 
1.29219 -0.673031 -0.00116838 0.0025 0.456981 0.429251 2.3483 0.0109414 484 4 1 1 
1.29766 -0.673043 -0.000700844 0.0025 0.456924 0.429253 2.3486 0.0109427 485 4 1 1 
1.30313 -0.673054 -0.000430903 0.0025 0.456853 0.429253 2.34896 0.0109444 486 4 1 1 
1.3086 -0.673065 -0.000233764 0.0025 0.456764 0.429251 2.34941 0.0109466 487 4 1 1 
1.31407 -0.673075 -6.31163e-05 0.0025 0.456651 0.429248 2.34998 0.0109493 488 4 1 1 
1.31955 -0.673086 0.00010032 0.0025 0.456507 0.429243 2.35069 0.0109527 489 4 1 1 
1.32503 -0.673096 0.000267341 0.0025 0.45632 0.429235 2.35161 0.0109572 490 4 1 1 
1.33051 -0.673107 0.000442189 0.0025 0.456074 0.429221 2.3528 0.0109631 491 4 1 0.999999 
1.33599 -0.673117 0.000624935 0.0025 0.45574 0.429198 2.3544 0.0109712 492 4 1 0.999999 
1.34148 -0.673128 0.000813701 0.0025 0.45527 0.429157 2.35661 0.0109825 493 4 1 0.999997 
1.34697 -0.673139 0.00100708 0.0025 0.454574 0.429077 2.35978 0.0109993 494 4 1 0.999994 
1.35248 -0.673151 0.00120598 0.0025 0.453488 0.428945 2.36469 0.0110256 495 4 1 0.999986 
1.358 -0.673163 0.00141347 0.0025 0.451868 0.428992 2.37343 0.0110652 496 4 1 0.999967 
1.36354 -0.673176 0.00163349 0.0025 0.450275 0.43067 2.39115 0.0111043 497 5 1 0.998658 
1.3691 -0.67319 0.00186756 0.0025 0.458895 0.450144 2.45232 0.0108957 498 4 1 0.993693 
1.37444 -0.673204 0.00210508 0.0025 0.481391 0.415683 2.15876 0.0103866 499 4 1 0.993699 
