# Time [s]: 0.183462
# Columns: pos [m], vel [m/s], acc [m/s^2], mass [kg], dens [kg/m^3], pres [Pa], ene [J/kg], sml [m], id, neighbor, alpha, gradh, ...additional?
1.37867 -0.673215 0.00228802 0.0025 0.506939 0.44033 2.17151 0.00986311 0 4 1 0.994706 
1.38349 -0.673229 0.00252842 0.0025 0.531033 0.41164 1.93792 0.00941561 1 4 1 0.999667 
1.38809 -0.673243 0.00278159 0.0025 0.544164 0.427117 1.96226 0.00918841 2 4 1 0.999987 
1.39268 -0.673259 0.00306119 0.0025 0.545791 0.428869 1.96444 0.00916102 3 4 1 0.999999 
1.39725 -0.673275 0.00336997 0.0025 0.54621 0.429123 1.96409 0.00915399 4 4 1 1 
1.40183 -0.673293 0.00370897 0.0025 0.54631 0.429177 1.96398 0.00915231 5 4 1 1 
1.40641 -0.673313 0.0040837 0.0025 0.546338 0.429179 1.96389 0.00915185 6 4 1 1 
1.41098 -0.673334 0.00450403 0.0025 0.546349 0.42917 1.96381 0.00915165 7 4 1 1 
1.41556 -0.673357 0.00498078 0.0025 0.546355 0.429158 1.96373 0.00915156 8 4 1 1 
1.42013 -0.673382 0.00552167 0.0025 0.546356 0.429145 1.96367 0.00915153 9 3 1 1 
1.42471 -0.67341 0.00613083 0.0025 0.546355 0.429129 1.9636 0.00915156 10 4 1 1 
1.42929 -0.67344 0.00681226 0.0025 0.54635 0.429112 1.96354 0.00915165 11 4 1 1 
1.43386 -0.673473 0.00757267 0.0025 0.546341 0.429093 1.96349 0.00915179 12 4 1 1 
1.43844 -0.67351 0.00842415 0.0025 0.546329 0.429072 1.96343 0.00915199 13 4 1 1 
1.44301 -0.673551 0.00939023 0.0025 0.546314 0.429049 1.96338 0.00915224 14 4 1 1 
1.44759 -0.673597 0.0105043 0.0025 0.546296 0.429023 1.96332 0.00915254 15 4 1 1 
1.45217 -0.673649 0.0117878 0.0025 0.546274 0.428993 1.96327 0.00915291 16 4 1 1 
1.45674 -0.673706 0.0132374 0.0025 0.546249 0.42896 1.96321 0.00915334 17 4 1 1 
1.46132 -0.67377 0.0148508 0.0025 0.546219 0.428923 1.96315 0.00915384 18 4 1 1 
1.4659 -0.673842 0.0166554 0.0025 0.546185 0.428881 1.96308 0.00915442 19 4 1 1 
1.47047 -0.673922 0.018699 0.0025 0.546145 0.428834 1.963 0.00915508 20 4 1 1 
1.47505 -0.674013 0.0210612 0.0025 0.5461 0.428781 1.96292 0.00915583 21 4 1 1 
1.47963 -0.674115 0.0238928 0.0025 0.546048 0.428721 1.96284 0.0091567 22 4 1 1 
1.48421 -0.674231 0.0273775 0.0025 0.545988 0.428652 1.96274 0.00915771 23 4 1 1 
1.48879 -0.674366 0.0317168 0.0025 0.545917 0.428572 1.96262 0.0091589 24 4 1 1 
1.49337 -0.674524 0.0373335 0.0025 0.545833 0.428477 1.96249 0.00916031 25 4 1 1 
1.49795 -0.674713 0.0449108 0.0025 0.545732 0.428364 1.96234 0.00916201 26 4 1 1 
-0.497471 -0.674943 0.0548513 0.0025 0.545608 0.428226 1.96215 0.00916409 27 4 1 1 
-0.492888 -0.675222 0.0669911 0.0025 0.545456 0.428057 1.96192 0.00916665 28 4 1 1 
-0.488304 -0.675562 0.0811415 0.0025 0.545272 0.427853 1.96165 0.00916974 29 4 1 1 
-0.483719 -0.675969 0.0967528 0.0025 0.545054 0.427613 1.96133 0.0091734 30 4 1 1 
-0.479131 -0.676439 0.111268 0.0025 0.544806 0.427338 1.96097 0.00917758 31 4 1 0.999999 
-0.474541 -0.676957 0.120549 0.0025 0.544537 0.427041 1.96057 0.00918212 32 4 1 0.999999 
-0.469949 -0.677493 0.121562 0.0025 0.544268 0.426745 1.96018 0.00918665 33 4 1 0.999999 
-0.465354 -0.677992 0.110127 0.0025 0.544026 0.426478 1.95982 0.00919074 34 4 1 0.999999 
-0.460758 -0.678397 0.0888643 0.0025 0.543842 0.426275 1.95955 0.00919385 35 4 1 1 
-0.456161 -0.678595 0.0262187 0.0025 0.543737 0.426159 1.9594 0.00919562 36 5 1 1 
-0.451562 -0.67886 0.0561638 0.0025 0.543777 0.426197 1.95944 0.00919495 37 4 1 0.999986 
-0.446966 -0.677486 -0.788112 0.0025 0.544815 0.427328 1.96092 0.00917744 38 4 1 0.999875 
-0.442385 -0.67128 -2.01422 0.0025 0.548057 0.430892 1.96558 0.00912314 39 4 1 0.999663 
-0.437842 -0.6603 -3.01413 0.0025 0.553693 0.43711 1.97364 0.00903028 40 4 1 0.999464 
-0.433354 -0.645982 -3.67183 0.0025 0.561118 0.445342 1.98419 0.00891078 41 4 1 0.999352 
-0.428931 -0.629918 -3.97009 0.0025 0.569568 0.454762 1.99609 0.00877858 42 4 1 0.999337 
-0.424575 -0.613484 -3.99672 0.0025 0.578356 0.464617 2.00835 0.0086452 43 4 1 0.999394 
-0.420285 -0.597726 -3.79921 0.0025 0.586952 0.474314 2.02024 0.00851859 44 4 1 0.999471 
-0.416056 -0.583091 -3.57988 0.0025 0.5951 0.483556 2.03141 0.00840195 45 4 1 0.999523 
-0.411883 -0.56934 -3.47712 0.0025 0.60289 0.492438 2.04199 0.00829339 46 4 1 0.99953 
-0.407762 -0.555764 -3.58482 0.0025 0.610644 0.501325 2.05245 0.00818808 47 4 1 0.999504 
-0.403695 -0.541801 -3.79893 0.0025 0.618682 0.510587 2.06321 0.00808169 48 4 1 0.999462 
-0.39968 -0.527145 -4.05878 0.0025 0.627165 0.520413 2.07448 0.00797239 49 4 1 0.999421 
-0.395722 -0.511823 -4.29559 0.0025 0.636116 0.530841 2.08627 0.00786021 50 4 1 0.999391 
-0.39182 -0.495979 -4.47631 0.0025 0.645455 0.541785 2.09847 0.00774647 51 4 1 0.999374 
-0.387975 -0.479892 -4.61952 0.0025 0.655085 0.553134 2.11094 0.0076326 52 4 1 0.999369 
-0.384187 -0.463648 -4.71434 0.0025 0.664912 0.564786 2.12354 0.0075198 53 4 1 0.999373 
-0.380455 -0.447419 -4.78928 0.0025 0.674863 0.576654 2.1362 0.00740892 54 4 1 0.999383 
-0.376777 -0.43124 -4.83972 0.0025 0.684889 0.588683 2.14883 0.00730046 55 4 1 0.999396 
-0.373154 -0.415195 -4.88651 0.0025 0.694959 0.600837 2.16142 0.00719467 56 4 1 0.99941 
-0.369582 -0.399322 -4.91877 0.0025 0.705053 0.613089 2.17392 0.00709167 57 4 1 0.999427 
-0.366062 -0.3836 -4.94131 0.0025 0.715147 0.625412 2.18631 0.00699157 58 4 1 0.999443 
-0.36259 -0.368088 -4.96721 0.0025 0.725234 0.637796 2.19859 0.00689433 59 4 1 0.99946 
-0.359167 -0.352756 -4.97673 0.0025 0.735303 0.650227 2.21075 0.00679992 60 4 1 0.999475 
-0.35579 -0.337631 -5.00861 0.0025 0.745357 0.662708 2.22279 0.00670819 61 4 1 0.999491 
-0.352458 -0.3227 -5.01254 0.0025 0.755393 0.675233 2.23471 0.00661907 62 4 1 0.999507 
-0.349171 -0.30795 -5.02907 0.0025 0.765398 0.687787 2.24651 0.00653255 63 4 1 0.999522 
-0.345926 -0.293405 -5.04335 0.0025 0.775381 0.700377 2.25818 0.00644845 64 4 1 0.999536 
-0.342722 -0.279027 -5.05492 0.0025 0.785338 0.713 2.26973 0.00636669 65 4 1 0.999549 
-0.339559 -0.264854 -5.06783 0.0025 0.795268 0.725654 2.28117 0.00628719 66 4 1 0.999563 
-0.336434 -0.250864 -5.07583 0.0025 0.805169 0.738333 2.29248 0.00620988 67 4 1 0.999576 
-0.333348 -0.237034 -5.08209 0.0025 0.815036 0.751031 2.30368 0.0061347 68 4 1 0.999588 
-0.3303 -0.223389 -5.09374 0.0025 0.824873 0.763751 2.31476 0.00606154 69 4 1 0.999601 
-0.327287 -0.209925 -5.09678 0.0025 0.834678 0.77649 2.32572 0.00599034 70 4 1 0.999612 
-0.324309 -0.19662 -5.10982 0.0025 0.844451 0.789249 2.33658 0.00592101 71 4 1 0.999623 
-0.321366 -0.183504 -5.1142 0.0025 0.854195 0.802027 2.34732 0.00585347 72 4 1 0.999634 
-0.318455 -0.17053 -5.10983 0.0025 0.863897 0.814809 2.35795 0.00578773 73 4 1 0.999645 
-0.315578 -0.157717 -5.12365 0.0025 0.873563 0.827601 2.36847 0.00572368 74 4 1 0.999655 
-0.312731 -0.145087 -5.12198 0.0025 0.883198 0.840408 2.37888 0.00566125 75 4 1 0.999665 
-0.309916 -0.132594 -5.12366 0.0025 0.892791 0.853215 2.38918 0.00560041 76 4 1 0.999674 
-0.307131 -0.120276 -5.12751 0.0025 0.902347 0.866027 2.39938 0.00554111 77 4 1 0.999685 
-0.304375 -0.108122 -5.11004 0.0025 0.911852 0.878825 2.40946 0.00548335 78 4 1 0.999694 
-0.301647 -0.096117 -5.11345 0.0025 0.921306 0.891607 2.41942 0.00542708 79 4 1 0.999701 
-0.298948 -0.0842571 -5.13445 0.0025 0.930734 0.904407 2.42929 0.00537211 80 4 1 0.999713 
-0.296275 -0.0725396 -5.08953 0.0025 0.940089 0.917164 2.43903 0.00531865 81 4 1 0.999733 
-0.293629 -0.0612263 -4.88199 0.0025 0.94922 0.929655 2.44847 0.00526749 82 4 1 0.999743 
-0.291008 -0.0503734 -4.89905 0.0025 0.958208 0.941981 2.4577 0.00521808 83 4 1 0.999712 
-0.288411 -0.0388814 -5.60816 0.0025 0.96768 0.955054 2.46741 0.005167 84 4 1 0.999707 
-0.28584 -0.026325 -5.65819 0.0025 0.977517 0.968752 2.47747 0.005115 85 4 1 0.999846 
-0.283296 -0.0163744 -3.18954 0.0025 0.9854 0.979718 2.48544 0.00507408 86 4 1 0.999938 
-0.280766 -0.0118614 -1.50444 0.0025 0.990343 0.986424 2.49026 0.00504875 87 4 1 0.999827 
-0.278247 -0.00505491 -5.67895 0.0025 0.997237 0.995974 2.49715 0.00501386 88 4 1 0.999491 
-0.275752 0.0118681 -9.59116 0.0025 1.00984 1.01392 2.50996 0.00495126 89 4 1 0.99972 
-0.273295 0.0275129 -4.49713 0.0025 1.02144 1.0304 2.52153 0.00489504 90 4 1 1 
-0.270857 0.0307452 0.165514 0.0025 1.02539 1.03584 2.52531 0.00487617 91 3 1 1 
-0.268419 0.0294198 0.864946 0.0025 1.02452 1.03454 2.5244 0.00488031 92 4 1 1 
-0.265977 0.0271553 1.18476 0.0025 1.02251 1.03169 2.52241 0.00488991 93 4 1 0.99999 
-0.263529 0.0243783 1.40235 0.0025 1.02008 1.02824 2.51999 0.00490159 94 4 1 0.999984 
-0.261075 0.0212837 1.52871 0.0025 1.01741 1.02447 2.51735 0.00491444 95 4 1 0.99998 
-0.258615 0.018062 1.56198 0.0025 1.01468 1.02062 2.51463 0.00492766 96 4 1 0.999979 
-0.256148 0.0148963 1.50847 0.0025 1.01203 1.01689 2.512 0.00494054 97 4 1 0.999979 
-0.253674 0.0119415 1.3854 0.0025 1.00959 1.01345 2.50957 0.00495249 98 4 1 0.999982 
-0.251195 0.00930982 1.21559 0.0025 1.00744 1.01043 2.50742 0.00496307 99 4 1 0.999986 
-0.248711 0.00706402 1.0231 0.0025 1.00562 1.00787 2.50561 0.00497205 100 4 1 0.99999 
-0.246223 0.00522133 0.8289 0.0025 1.00414 1.00579 2.50413 0.0049794 101 4 1 0.999993 
-0.243732 0.00376298 0.648487 0.0025 1.00297 1.00415 2.50296 0.00498519 102 4 1 0.999996 
-0.241238 0.00264655 0.491233 0.0025 1.00208 1.00291 2.50208 0.00498961 103 4 1 0.999997 
-0.238742 0.00181786 0.361112 0.0025 1.00143 1.00199 2.50142 0.00499288 104 4 1 0.999999 
-0.236245 0.00122024 0.258085 0.0025 1.00095 1.00133 2.50095 0.00499523 105 4 1 0.999999 
-0.233747 0.000800841 0.179587 0.0025 1.00063 1.00087 2.50062 0.00499688 106 4 1 1 
-0.231248 0.000514079 0.121804 0.0025 1.0004 1.00056 2.5004 0.004998 107 4 1 1 
-0.228749 0.000322855 0.08059 0.0025 1.00025 1.00035 2.50025 0.00499875 108 4 1 1 
-0.226249 0.000198407 0.052048 0.0025 1.00015 1.00021 2.50015 0.00499923 109 4 1 1 
-0.22375 0.000119323 0.0328265 0.0025 1.00009 1.00013 2.50009 0.00499954 110 4 1 1 
-0.22125 7.02327e-05 0.0202246 0.0025 1.00005 1.00008 2.50005 0.00499973 111 4 1 1 
-0.21875 4.04581e-05 0.0121751 0.0025 1.00003 1.00004 2.50003 0.00499984 112 4 1 1 
-0.21625 2.28097e-05 0.00716259 0.0025 1.00002 1.00002 2.50002 0.00499991 113 4 1 1 
-0.21375 1.25853e-05 0.0041183 0.0025 1.00001 1.00001 2.50001 0.00499995 114 4 1 1 
-0.21125 6.79542e-06 0.00231444 0.0025 1.00001 1.00001 2.50001 0.00499997 115 4 1 1 
-0.20875 3.5904e-06 0.00127135 0.0025 1 1 2.5 0.00499999 116 4 1 1 
-0.20625 1.85611e-06 0.000682623 0.0025 1 1 2.5 0.00499999 117 4 1 1 
-0.20375 9.38752e-07 0.000358244 0.0025 1 1 2.5 0.005 118 4 1 1 
-0.20125 4.6444e-07 0.000183756 0.0025 1 1 2.5 0.005 119 4 1 1 
-0.19875 2.24738e-07 9.2116e-05 0.0025 1 1 2.5 0.005 120 4 1 1 
-0.19625 1.06345e-07 4.5125e-05 0.0025 1 1 2.5 0.005 121 4 1 1 
-0.19375 4.92005e-08 2.1599e-05 0.0025 1 1 2.5 0.005 122 4 1 1 
-0.19125 2.22504e-08 1.01e-05 0.0025 1 1 2.5 0.005 123 4 1 1 
-0.18875 9.83374e-09 4.61312e-06 0.0025 1 1 2.5 0.005 124 4 1 1 
-0.18625 4.2461e-09 2.0576e-06 0.0025 1 1 2.5 0.005 125 4 1 1 
-0.18375 1.79067e-09 8.96026e-07 0.0025 1 1 2.5 0.005 126 4 1 1 
-0.18125 7.37296e-10 3.80828e-07 0.0025 1 1 2.5 0.005 127 4 1 1 
-0.17875 2.96276e-10 1.57933e-07 0.0025 1 1 2.5 0.005 128 4 1 1 
-0.17625 1.16136e-10 6.38773e-08 0.0025 1 1 2.5 0.005 129 4 1 1 
-0.17375 4.43881e-11 2.51811e-08 0.0025 1 1 2.5 0.005 130 4 1 1 
-0.17125 1.65307e-11 9.67202e-09 0.0025 1 1 2.5 0.005 131 4 1 1 
-0.16875 5.99689e-12 3.62405e-09 0.0025 1 1 2.5 0.005 132 4 1 1 
-0.16625 2.1221e-12 1.32246e-09 0.0025 1 1 2.5 0.005 133 4 1 1 
-0.16375 7.18516e-13 4.61341e-10 0.0025 1 1 2.5 0.005 134 4 1 1 
-0.16125 2.37463e-13 1.60071e-10 0.0025 1 1 2.5 0.005 135 4 1 1 
-0.15875 8.35855e-14 5.78666e-11 0.0025 1 1 2.5 0.005 136 4 1 1 
-0.15625 1.81402e-14 2.00089e-11 0.0025 1 1 2.5 0.005 137 4 1 1 
-0.15375 1.11641e-15 2.50111e-12 0.0025 1 1 2.5 0.005 138 5 1 1 
-0.15125 1.56971e-16 5.68434e-14 0.0025 1 1 2.5 0.005 139 5 1 1 
-0.14875 1.74444e-17 5.68434e-14 0.0025 1 1 2.5 0.005 140 5 1 1 
-0.14625 3.4403e-48 1.12104e-44 0.0025 1 1 2.5 0.005 141 5 1 1 
-0.14375 0 0 0.0025 1 1 2.5 0.005 142 5 1 1 
-0.14125 0 0 0.0025 1 1 2.5 0.005 143 5 1 1 
-0.13875 0 0 0.0025 1 1 2.5 0.005 144 5 1 1 
-0.13625 0 0 0.0025 1 1 2.5 0.005 145 5 1 1 
-0.13375 0 0 0.0025 1 1 2.5 0.005 146 5 1 1 
-0.13125 0 0 0.0025 1 1 2.5 0.005 147 5 1 1 
-0.12875 0 0 0.0025 1 1 2.5 0.005 148 5 1 1 
-0.12625 0 0 0.0025 1 1 2.5 0.005 149 5 1 1 
-0.12375 0 0 0.0025 1 1 2.5 0.005 150 5 1 1 
-0.12125 0 0 0.0025 1 1 2.5 0.005 151 5 1 1 
-0.11875 0 0 0.0025 1 1 2.5 0.005 152 5 1 1 
-0.11625 0 0 0.0025 1 1 2.5 0.005 153 5 1 1 
-0.11375 0 0 0.0025 1 1 2.5 0.005 154 5 1 1 
-0.11125 0 0 0.0025 1 1 2.5 0.005 155 5 1 1 
-0.10875 0 0 0.0025 1 1 2.5 0.005 156 5 1 1 
-0.10625 0 0 0.0025 1 1 2.5 0.005 157 5 1 1 
-0.10375 0 0 0.0025 1 1 2.5 0.005 158 5 1 1 
-0.10125 0 0 0.0025 1 1 2.5 0.005 159 5 1 1 
-0.09875 0 0 0.0025 1 1 2.5 0.005 160 5 1 1 
-0.09625 0 0 0.0025 1 1 2.5 0.005 161 5 1 1 
-0.09375 0 0 0.0025 1 1 2.5 0.005 162 5 1 1 
-0.09125 0 0 0.0025 1 1 2.5 0.005 163 5 1 1 
-0.08875 0 0 0.0025 1 1 2.5 0.005 164 5 1 1 
-0.08625 0 0 0.0025 1 1 2.5 0.005 165 5 1 1 
-0.08375 0 0 0.0025 1 1 2.5 0.005 166 5 1 1 
-0.08125 0 0 0.0025 1 1 2.5 0.005 167 5 1 1 
-0.07875 0 0 0.0025 1 1 2.5 0.005 168 5 1 1 
-0.07625 0 0 0.0025 1 1 2.5 0.005 169 5 1 1 
-0.07375 0 0 0.0025 1 1 2.5 0.005 170 5 1 1 
-0.07125 0 0 0.0025 1 1 2.5 0.005 171 5 1 1 
-0.06875 -6.8792e-48 0 0.0025 1 1 2.5 0.005 172 5 1 1 
-0.06625 -3.48817e-17 -1.12104e-44 0.0025 1 1 2.5 0.005 173 5 1 1 
-0.06375 -1.56519e-16 -5.68434e-14 0.0025 1 1 2.5 0.005 174 5 1 1 
-0.06125 -2.94908e-16 5.68434e-14 0.0025 1 1 2.5 0.005 175 5 1 1 
-0.05875 -4.327e-16 -5.68434e-14 0.0025 1 1 2.5 0.005 176 5 1 1 
-0.05625 -5.87207e-16 0 0.0025 1 1 2.5 0.005 177 5 1 1 
-0.05375 -8.28044e-16 3.9443e-29 0.0025 1 1 2.5 0.005 178 5 1 1 
-0.05125 -1.38127e-15 -6.82121e-13 0.0025 1 1 2.5 0.005 179 5 1 1 
-0.04875 -4.2525e-15 -1.08002e-12 0.0025 1 1 2.5 0.005 180 3 1 1 
-0.04625 -3.18e-15 2.16005e-12 0.0025 1 1 2.5 0.005 181 3 1 1 
-0.04375 4.95695e-16 1.13687e-13 0.0025 1 1 2.5 0.005 182 5 1 1 
-0.04125 7.88676e-16 -1.13687e-13 0.0025 1 1 2.5 0.005 183 5 1 1 
-0.03875 -3.69995e-16 -3.41061e-13 0.0025 1 1 2.5 0.005 184 5 1 1 
-0.03625 -8.94383e-16 -2.27374e-13 0.0025 1 1 2.5 0.005 185 5 1 1 
-0.03375 -5.17439e-15 1.13687e-13 0.0025 1 1 2.5 0.005 186 4 1 1 
-0.03125 -2.01769e-15 -3.41061e-13 0.0025 1 1 2.5 0.005 187 3 1 1 
-0.02875 -4.70436e-17 4.54747e-13 0.0025 1 1 2.5 0.005 188 4 1 1 
-0.02625 -1.81989e-15 -1.13687e-12 0.0025 1 1 2.5 0.005 189 4 1 1 
-0.02375 -2.33949e-15 1.7053e-12 0.0025 1 1 2.5 0.005 190 4 1 1 
-0.02125 8.21365e-17 -7.95808e-13 0.0025 1 1 2.5 0.005 191 4 1 1 
-0.01875 -9.06713e-16 -5.91646e-28 0.0025 1 1 2.5 0.005 192 5 1 1 
-0.01625 -2.60267e-15 -2.27374e-13 0.0025 1 1 2.5 0.005 193 4 1 1 
-0.01375 3.95037e-16 3.97904e-13 0.0025 1 1 2.5 0.005 194 4 1 1 
-0.01125 -8.75894e-16 -5.11591e-13 0.0025 1 1 2.5 0.005 195 4 1 1 
-0.00875 -1.10503e-15 1.13687e-12 0.0025 1 1 2.5 0.005 196 4 1 1 
-0.00625 -3.36814e-16 -6.82121e-13 0.0025 1 1 2.5 0.005 197 5 1 1 
-0.00375 1.42159e-16 2.27374e-13 0.0025 1 1 2.5 0.005 198 3 1 1 
-0.00125 -6.77618e-17 -1.13687e-13 0.0025 1 1 2.5 0.005 199 4 1 1 
0.00125 -2.00854e-16 2.27374e-13 0.0025 1 1 2.5 0.005 200 4 1 1 
0.00375 -2.80124e-16 -2.84217e-13 0.0025 1 1 2.5 0.005 201 5 1 1 
0.00625 -6.12182e-16 5.68434e-14 0.0025 1 1 2.5 0.005 202 5 1 1 
0.00875 2.2792e-16 0 0.0025 1 1 2.5 0.005 203 5 1 1 
0.01125 5.86551e-16 0 0.0025 1 1 2.5 0.005 204 5 1 1 
0.01375 4.84592e-16 0 0.0025 1 1 2.5 0.005 205 5 1 1 
0.01625 4.2159e-16 2.24208e-44 0.0025 1 1 2.5 0.005 206 5 1 1 
0.01875 2.80128e-15 -3.36312e-44 0.0025 1 1 2.5 0.005 207 5 1 1 
0.02125 2.19878e-15 1.13687e-13 0.0025 1 1 2.5 0.005 208 5 1 1 
0.02375 2.01187e-15 1.13687e-13 0.0025 1 1 2.5 0.005 209 5 1 1 
0.02625 4.06726e-16 -6.82121e-13 0.0025 1 1 2.5 0.005 210 4 1 1 
0.02875 2.00227e-15 3.41061e-13 0.0025 1 1 2.5 0.005 211 3 1 1 
0.03125 7.74295e-16 1.7053e-13 0.0025 1 1 2.5 0.005 212 4 1 1 
0.03375 -1.86866e-16 5.52203e-28 0.0025 1 1 2.5 0.005 213 5 1 1 
0.03625 2.09434e-15 -3.9443e-29 0.0025 1 1 2.5 0.005 214 5 1 1 
0.03875 1.54924e-15 -5.68434e-14 0.0025 1 1 2.5 0.005 215 5 1 1 
0.04125 1.15111e-15 -5.68434e-14 0.0025 1 1 2.5 0.005 216 5 1 1 
0.04375 9.91358e-16 5.68434e-14 0.0025 1 1 2.5 0.005 217 5 1 1 
0.04625 7.95239e-16 -5.68434e-14 0.0025 1 1 2.5 0.005 218 5 1 1 
0.04875 5.54755e-16 -5.68434e-14 0.0025 1 1 2.5 0.005 219 5 1 1 
0.05125 -1.33317e-16 -5.68434e-14 0.0025 1 1 2.5 0.005 220 5 1 1 
0.05375 -1.38802e-15 5.68434e-14 0.0025 1 1 2.5 0.005 221 5 1 1 
0.05625 -3.63239e-15 -1.13687e-13 0.0025 1 1 2.5 0.005 222 5 1 1 
0.05875 4.26689e-15 2.84217e-13 0.0025 1 1 2.5 0.005 223 5 1 1 
0.06125 5.94095e-16 4.54747e-13 0.0025 1 1 2.5 0.005 224 3 1 1 
0.06375 1.83361e-16 -2.84217e-13 0.0025 1 1 2.5 0.005 225 3 1 1 
0.06625 -2.30586e-15 -4.54747e-13 0.0025 1 1 2.5 0.005 226 5 1 1 
0.06875 5.36771e-15 -3.9443e-29 0.0025 1 1 2.5 0.005 227 5 1 1 
0.07125 3.10255e-15 -1.13687e-13 0.0025 1 1 2.5 0.005 228 5 1 1 
0.07375 1.95249e-15 1.13687e-13 0.0025 1 1 2.5 0.005 229 5 1 1 
0.07625 1.20304e-15 5.68434e-14 0.0025 1 1 2.5 0.005 230 5 1 1 
0.07875 5.58045e-16 1.13687e-13 0.0025 1 1 2.5 0.005 231 5 1 1 
0.08125 2.09285e-16 4.48416e-44 0.0025 1 1 2.5 0.005 232 5 1 1 
0.08375 5.23293e-17 5.68434e-14 0.0025 1 1 2.5 0.005 233 5 1 1 
0.08625 1.03201e-47 1.12104e-44 0.0025 1 1 2.5 0.005 234 5 1 1 
0.08875 0 0 0.0025 1 1 2.5 0.005 235 5 1 1 
0.09125 0 0 0.0025 1 1 2.5 0.005 236 5 1 1 
0.09375 -1.64997e-45 -1.12104e-44 0.0025 1 1 2.5 0.005 237 5 1 1 
0.09625 -1.69188e-16 0 0.0025 1 1 2.5 0.005 238 5 1 1 
0.09875 -3.37357e-16 1.12104e-44 0.0025 1 1 2.5 0.005 239 5 1 1 
0.10125 1.58941e-15 0 0.0025 1 1 2.5 0.005 240 5 1 1 
0.10375 1.42405e-15 4.48416e-44 0.0025 1 1 2.5 0.005 241 5 1 1 
0.10625 2.38654e-15 -1.56945e-43 0.0025 1 1 2.5 0.005 242 5 1 1 
0.10875 7.06969e-16 -5.68434e-14 0.0025 1 1 2.5 0.005 243 5 1 1 
0.11125 5.81516e-16 -1.00893e-43 0.0025 1 1 2.5 0.005 244 5 1 1 
0.11375 -1.59815e-15 3.47522e-43 0.0025 1 1 2.5 0.005 245 5 1 1 
0.11625 2.35656e-15 -3.47522e-43 0.0025 1 1 2.5 0.005 246 5 1 1 
0.11875 -4.16871e-16 3.9443e-29 0.0025 1 1 2.5 0.005 247 5 1 1 
0.12125 -2.09243e-17 -7.14905e-27 0.0025 1 1 2.5 0.005 248 5 1 1 
0.12375 -3.1251e-15 -7.18849e-27 0.0025 1 1 2.5 0.005 249 4 1 1 
0.12625 3.1251e-15 7.18849e-27 0.0025 1 1 2.5 0.005 250 4 1 1 
0.12875 2.09243e-17 7.14905e-27 0.0025 1 1 2.5 0.005 251 5 1 1 
0.13125 4.16871e-16 -3.9443e-29 0.0025 1 1 2.5 0.005 252 5 1 1 
0.13375 -2.35656e-15 3.47522e-43 0.0025 1 1 2.5 0.005 253 5 1 1 
0.13625 1.59815e-15 -3.47522e-43 0.0025 1 1 2.5 0.005 254 5 1 1 
0.13875 -5.81516e-16 1.00893e-43 0.0025 1 1 2.5 0.005 255 5 1 1 
0.14125 -7.06969e-16 5.68434e-14 0.0025 1 1 2.5 0.005 256 5 1 1 
0.14375 -2.38654e-15 1.56945e-43 0.0025 1 1 2.5 0.005 257 5 1 1 
0.14625 -1.42405e-15 -4.48416e-44 0.0025 1 1 2.5 0.005 258 5 1 1 
0.14875 -1.58941e-15 -2.24208e-44 0.0025 1 1 2.5 0.005 259 5 1 1 
0.15125 9.31635e-17 -1.13687e-13 0.0025 1 1 2.5 0.005 260 5 1 1 
0.15375 -1.01698e-15 -2.6148e-12 0.0025 1 1 2.5 0.005 261 5 1 1 
0.15625 -1.80704e-14 -1.98952e-11 0.0025 1 1 2.5 0.005 262 4 1 1 
0.15875 -8.35158e-14 -5.78666e-11 0.0025 1 1 2.5 0.005 263 4 1 1 
0.16125 -2.37358e-13 -1.59957e-10 0.0025 1 1 2.5 0.005 264 4 1 1 
0.16375 -7.18237e-13 -4.61341e-10 0.0025 1 1 2.5 0.005 265 4 1 1 
0.16625 -2.1209e-12 -1.3199e-09 0.0025 1 1 2.5 0.005 266 4 1 1 
0.16875 -5.9865e-12 -3.62121e-09 0.0025 1 1 2.5 0.005 267 4 1 1 
0.17125 -1.65195e-11 -9.6739e-09 0.0025 1 1 2.5 0.005 268 4 1 1 
0.17375 -4.43909e-11 -2.5186e-08 0.0025 1 1 2.5 0.005 269 4 1 1 
0.17625 -1.16136e-10 -6.38772e-08 0.0025 1 1 2.5 0.005 270 4 1 1 
0.17875 -2.96283e-10 -1.57936e-07 0.0025 1 1 2.5 0.005 271 4 1 1 
0.18125 -7.37297e-10 -3.80822e-07 0.0025 1 1 2.5 0.005 272 4 1 1 
0.18375 -1.79067e-09 -8.96027e-07 0.0025 1 1 2.5 0.005 273 4 1 1 
0.18625 -4.24609e-09 -2.0576e-06 0.0025 1 1 2.5 0.005 274 4 1 1 
0.18875 -9.83375e-09 -4.61313e-06 0.0025 1 1 2.5 0.005 275 4 1 1 
0.19125 -2.22504e-08 -1.01e-05 0.0025 1 1 2.5 0.005 276 4 1 1 
0.19375 -4.92005e-08 -2.1599e-05 0.0025 1 1 2.5 0.005 277 4 1 1 
0.19625 -1.06345e-07 -4.5125e-05 0.0025 1 1 2.5 0.005 278 4 1 1 
0.19875 -2.24738e-07 -9.2116e-05 0.0025 1 1 2.5 0.005 279 4 1 1 
0.20125 -4.6444e-07 -0.000183756 0.0025 1 1 2.5 0.005 280 4 1 1 
0.20375 -9.38752e-07 -0.000358244 0.0025 1 1 2.5 0.005 281 4 1 1 
0.20625 -1.85611e-06 -0.000682623 0.0025 1 1 2.5 0.00499999 282 4 1 1 
0.20875 -3.5904e-06 -0.00127135 0.0025 1 1 2.5 0.00499999 283 4 1 1 
0.21125 -6.79542e-06 -0.00231444 0.0025 1.00001 1.00001 2.50001 0.00499997 284 4 1 1 
0.21375 -1.25853e-05 -0.0041183 0.0025 1.00001 1.00001 2.50001 0.00499995 285 4 1 1 
0.21625 -2.28097e-05 -0.00716259 0.0025 1.00002 1.00002 2.50002 0.00499991 286 4 1 1 
0.21875 -4.04581e-05 -0.0121751 0.0025 1.00003 1.00004 2.50003 0.00499984 287 4 1 1 
0.22125 -7.02327e-05 -0.0202246 0.0025 1.00005 1.00008 2.50005 0.00499973 288 4 1 1 
0.22375 -0.000119323 -0.0328265 0.0025 1.00009 1.00013 2.50009 0.00499954 289 4 1 1 
0.226249 -0.000198407 -0.052048 0.0025 1.00015 1.00021 2.50015 0.00499923 290 4 1 1 
0.228749 -0.000322855 -0.08059 0.0025 1.00025 1.00035 2.50025 0.00499875 291 4 1 1 
0.231248 -0.000514079 -0.121804 0.0025 1.0004 1.00056 2.5004 0.004998 292 4 1 1 
0.233747 -0.000800841 -0.179587 0.0025 1.00063 1.00087 2.50062 0.00499688 293 4 1 1 
0.236245 -0.00122024 -0.258085 0.0025 1.00095 1.00133 2.50095 0.00499523 294 4 1 0.999999 
0.238742 -0.00181786 -0.361112 0.0025 1.00143 1.00199 2.50142 0.00499288 295 4 1 0.999999 
0.241238 -0.00264655 -0.491233 0.0025 1.00208 1.00291 2.50208 0.00498961 296 4 1 0.999997 
0.243732 -0.00376298 -0.648487 0.0025 1.00297 1.00415 2.50296 0.00498519 297 4 1 0.999996 
0.246223 -0.00522133 -0.8289 0.0025 1.00414 1.00579 2.50413 0.0049794 298 4 1 0.999993 
0.248711 -0.00706402 -1.0231 0.0025 1.00562 1.00787 2.50561 0.00497205 299 4 1 0.99999 
0.251195 -0.00930982 -1.21559 0.0025 1.00744 1.01043 2.50742 0.00496307 300 4 1 0.999986 
0.253674 -0.0119415 -1.3854 0.0025 1.00959 1.01345 2.50957 0.00495249 301 4 1 0.999982 
0.256148 -0.0148963 -1.50847 0.0025 1.01203 1.01689 2.512 0.00494054 302 4 1 0.999979 
0.258615 -0.018062 -1.56198 0.0025 1.01468 1.02062 2.51463 0.00492766 303 4 1 0.999979 
0.261075 -0.0212837 -1.52871 0.0025 1.01741 1.02447 2.51735 0.00491444 304 4 1 0.99998 
0.263529 -0.0243783 -1.40235 0.0025 1.02008 1.02824 2.51999 0.00490159 305 4 1 0.999984 
0.265977 -0.0271553 -1.18476 0.0025 1.02251 1.03169 2.52241 0.00488991 306 4 1 0.99999 
0.268419 -0.0294198 -0.864946 0.0025 1.02452 1.03454 2.5244 0.00488031 307 4 1 1 
0.270857 -0.0307452 -0.165514 0.0025 1.02539 1.03584 2.52531 0.00487617 308 3 1 1 
0.273295 -0.0275129 4.49713 0.0025 1.02144 1.0304 2.52153 0.00489504 309 4 1 1 
0.275752 -0.0118681 9.59116 0.0025 1.00984 1.01392 2.50996 0.00495126 310 4 1 0.99972 
0.278247 0.00505491 5.67895 0.0025 0.997237 0.995974 2.49715 0.00501386 311 4 1 0.999491 
0.280766 0.0118614 1.50444 0.0025 0.990343 0.986424 2.49026 0.00504875 312 4 1 0.999827 
0.283296 0.0163744 3.18954 0.0025 0.9854 0.979718 2.48544 0.00507408 313 4 1 0.999938 
0.28584 0.026325 5.65819 0.0025 0.977517 0.968752 2.47747 0.005115 314 4 1 0.999846 
0.288411 0.0388814 5.60816 0.0025 0.96768 0.955054 2.46741 0.005167 315 4 1 0.999707 
0.291008 0.0503734 4.89905 0.0025 0.958208 0.941981 2.4577 0.00521808 316 4 1 0.999712 
0.293629 0.0612263 4.88199 0.0025 0.94922 0.929655 2.44847 0.00526749 317 4 1 0.999743 
0.296275 0.0725396 5.08953 0.0025 0.940089 0.917164 2.43903 0.00531865 318 4 1 0.999733 
0.298948 0.0842571 5.13445 0.0025 0.930734 0.904407 2.42929 0.00537211 319 4 1 0.999713 
0.301647 0.096117 5.11345 0.0025 0.921306 0.891607 2.41942 0.00542708 320 4 1 0.999701 
0.304375 0.108122 5.11004 0.0025 0.911852 0.878825 2.40946 0.00548335 321 4 1 0.999694 
0.307131 0.120276 5.12751 0.0025 0.902347 0.866027 2.39938 0.00554111 322 4 1 0.999685 
0.309916 0.132594 5.12366 0.0025 0.892791 0.853215 2.38918 0.00560041 323 4 1 0.999674 
0.312731 0.145087 5.12198 0.0025 0.883198 0.840408 2.37888 0.00566125 324 4 1 0.999665 
0.315578 0.157717 5.12365 0.0025 0.873563 0.827601 2.36847 0.00572368 325 4 1 0.999655 
0.318455 0.17053 5.10983 0.0025 0.863897 0.814809 2.35795 0.00578773 326 4 1 0.999645 
0.321366 0.183504 5.1142 0.0025 0.854195 0.802027 2.34732 0.00585347 327 4 1 0.999634 
0.324309 0.19662 5.10982 0.0025 0.844451 0.789249 2.33658 0.00592101 328 4 1 0.999623 
0.327287 0.209925 5.09678 0.0025 0.834678 0.77649 2.32572 0.00599034 329 4 1 0.999612 
0.3303 0.223389 5.09374 0.0025 0.824873 0.763751 2.31476 0.00606154 330 4 1 0.999601 
0.333348 0.237034 5.08209 0.0025 0.815036 0.751031 2.30368 0.0061347 331 4 1 0.999588 
0.336434 0.250864 5.07583 0.0025 0.805169 0.738333 2.29248 0.00620988 332 4 1 0.999576 
0.339559 0.264854 5.06783 0.0025 0.795268 0.725654 2.28117 0.00628719 333 4 1 0.999563 
0.342722 0.279027 5.05492 0.0025 0.785338 0.713 2.26973 0.00636669 334 4 1 0.999549 
0.345926 0.293405 5.04335 0.0025 0.775381 0.700377 2.25818 0.00644845 335 4 1 0.999536 
0.349171 0.30795 5.02907 0.0025 0.765398 0.687787 2.24651 0.00653255 336 4 1 0.999522 
0.352458 0.3227 5.01254 0.0025 0.755393 0.675233 2.23471 0.00661907 337 4 1 0.999507 
0.35579 0.337631 5.00861 0.0025 0.745357 0.662708 2.22279 0.00670819 338 4 1 0.999491 
0.359167 0.352756 4.97673 0.0025 0.735303 0.650227 2.21075 0.00679992 339 4 1 0.999475 
0.36259 0.368088 4.96721 0.0025 0.725234 0.637796 2.19859 0.00689433 340 4 1 0.99946 
0.366062 0.3836 4.94131 0.0025 0.715147 0.625412 2.18631 0.00699157 341 4 1 0.999443 
0.369582 0.399322 4.91877 0.0025 0.705053 0.613089 2.17392 0.00709167 342 4 1 0.999427 
0.373154 0.415195 4.88651 0.0025 0.694959 0.600837 2.16142 0.00719467 343 4 1 0.99941 
0.376777 0.43124 4.83972 0.0025 0.684889 0.588683 2.14883 0.00730046 344 4 1 0.999396 
0.380455 0.447419 4.78928 0.0025 0.674863 0.576654 2.1362 0.00740892 345 4 1 0.999383 
0.384187 0.463648 4.71434 0.0025 0.664912 0.564786 2.12354 0.0075198 346 4 1 0.999373 
0.387975 0.479892 4.61952 0.0025 0.655085 0.553134 2.11094 0.0076326 347 4 1 0.999369 
0.39182 0.495979 4.47631 0.0025 0.645455 0.541785 2.09847 0.00774647 348 4 1 0.999374 
0.395722 0.511823 4.29559 0.0025 0.636116 0.530841 2.08627 0.00786021 349 4 1 0.999391 
0.39968 0.527145 4.05878 0.0025 0.627165 0.520413 2.07448 0.00797239 350 4 1 0.999421 
0.403695 0.541801 3.79893 0.0025 0.618682 0.510587 2.06321 0.00808169 351 4 1 0.999462 
0.407762 0.555764 3.58482 0.0025 0.610644 0.501325 2.05245 0.00818808 352 4 1 0.999504 
0.411883 0.56934 3.47712 0.0025 0.60289 0.492438 2.04199 0.00829339 353 4 1 0.99953 
0.416056 0.583091 3.57988 0.0025 0.5951 0.483556 2.03141 0.00840195 354 4 1 0.999523 
0.420285 0.597726 3.79921 0.0025 0.586952 0.474314 2.02024 0.00851859 355 4 1 0.999471 
0.424575 0.613484 3.99672 0.0025 0.578356 0.464617 2.00835 0.0086452 356 4 1 0.999394 
0.428931 0.629918 3.97009 0.0025 0.569568 0.454762 1.99609 0.00877858 357 4 1 0.999337 
0.433354 0.645982 3.67183 0.0025 0.561118 0.445342 1.98419 0.00891078 358 4 1 0.999352 
0.437842 0.6603 3.01413 0.0025 0.553693 0.43711 1.97364 0.00903028 359 4 1 0.999464 
0.442385 0.67128 2.01422 0.0025 0.548057 0.430892 1.96558 0.00912314 360 4 1 0.999663 
0.446966 0.677486 0.788112 0.0025 0.544815 0.427328 1.96092 0.00917744 361 4 1 0.999875 
0.451562 0.67886 -0.0561638 0.0025 0.543777 0.426197 1.95944 0.00919495 362 4 1 0.999986 
0.456161 0.678595 -0.0262187 0.0025 0.543737 0.426159 1.9594 0.00919562 363 5 1 1 
0.460758 0.678397 -0.0888643 0.0025 0.543842 0.426275 1.95955 0.00919385 364 4 1 1 
0.465354 0.677992 -0.110127 0.0025 0.544026 0.426478 1.95982 0.00919074 365 4 1 0.999999 
0.469949 0.677493 -0.121562 0.0025 0.544268 0.426745 1.96018 0.00918665 366 4 1 0.999999 
0.474541 0.676957 -0.120549 0.0025 0.544537 0.427041 1.96057 0.00918212 367 4 1 0.999999 
0.479131 0.676439 -0.111268 0.0025 0.544806 0.427338 1.96097 0.00917758 368 4 1 0.999999 
0.483719 0.675969 -0.0967528 0.0025 0.545054 0.427613 1.96133 0.0091734 369 4 1 1 
0.488304 0.675562 -0.0811415 0.0025 0.545272 0.427853 1.96165 0.00916974 370 4 1 1 
0.492888 0.675222 -0.0669911 0.0025 0.545456 0.428057 1.96192 0.00916665 371 4 1 1 
0.497471 0.674943 -0.0548513 0.0025 0.545608 0.428226 1.96215 0.00916409 372 4 1 1 
0.502052 0.674713 -0.0449108 0.0025 0.545732 0.428364 1.96234 0.00916201 373 4 1 1 
0.506633 0.674524 -0.0373335 0.0025 0.545833 0.428477 1.96249 0.00916031 374 4 1 1 
0.511213 0.674366 -0.0317168 0.0025 0.545917 0.428572 1.96262 0.0091589 375 4 1 1 
0.515792 0.674231 -0.0273775 0.0025 0.545988 0.428652 1.96274 0.00915771 376 4 1 1 
0.52037 0.674115 -0.0238928 0.0025 0.546048 0.428721 1.96284 0.0091567 377 4 1 1 
0.524949 0.674013 -0.0210612 0.0025 0.5461 0.428781 1.96292 0.00915583 378 4 1 1 
0.529526 0.673922 -0.018699 0.0025 0.546145 0.428834 1.963 0.00915508 379 4 1 1 
0.534104 0.673842 -0.0166554 0.0025 0.546185 0.428881 1.96308 0.00915442 380 4 1 1 
0.538681 0.67377 -0.0148508 0.0025 0.546219 0.428923 1.96315 0.00915384 381 4 1 1 
0.543258 0.673706 -0.0132374 0.0025 0.546249 0.42896 1.96321 0.00915334 382 4 1 1 
0.547834 0.673649 -0.0117878 0.0025 0.546274 0.428993 1.96327 0.00915291 383 4 1 1 
0.55241 0.673597 -0.0105043 0.0025 0.546296 0.429023 1.96332 0.00915254 384 4 1 1 
0.556987 0.673551 -0.00939023 0.0025 0.546314 0.429049 1.96338 0.00915224 385 4 1 1 
0.561563 0.67351 -0.00842415 0.0025 0.546329 0.429072 1.96343 0.00915199 386 4 1 1 
0.566139 0.673473 -0.00757267 0.0025 0.546341 0.429093 1.96349 0.00915179 387 4 1 1 
0.570714 0.67344 -0.00681226 0.0025 0.54635 0.429112 1.96354 0.00915165 388 4 1 1 
0.57529 0.67341 -0.00613083 0.0025 0.546355 0.429129 1.9636 0.00915156 389 4 1 1 
0.579866 0.673382 -0.00552167 0.0025 0.546356 0.429145 1.96367 0.00915153 390 3 1 1 
0.584442 0.673357 -0.00498078 0.0025 0.546355 0.429158 1.96373 0.00915156 391 4 1 1 
0.589018 0.673334 -0.00450403 0.0025 0.546349 0.42917 1.96381 0.00915165 392 4 1 1 
0.593593 0.673313 -0.0040837 0.0025 0.546338 0.429179 1.96389 0.00915185 393 4 1 1 
0.598169 0.673293 -0.00370897 0.0025 0.54631 0.429177 1.96398 0.00915231 394 4 1 1 
0.602746 0.673275 -0.00336997 0.0025 0.54621 0.429123 1.96409 0.00915399 395 4 1 1 
0.607323 0.673259 -0.00306119 0.0025 0.545791 0.428869 1.96444 0.00916102 396 4 1 0.999999 
0.611907 0.673243 -0.00278159 0.0025 0.544164 0.427117 1.96226 0.00918841 397 4 1 0.999987 
0.616512 0.673229 -0.00252842 0.0025 0.531033 0.41164 1.93792 0.00941561 398 4 1 0.999667 
0.621327 0.673215 -0.00228802 0.0025 0.506939 0.44033 2.17151 0.00986311 399 4 1 0.994706 
0.626382 0.673201 -0.00205525 0.0025 0.481392 0.415685 2.15876 0.0103865 400 4 1 0.993699 
0.631723 0.673188 -0.00182487 0.0025 0.458897 0.450146 2.45232 0.0108957 401 4 1 0.993693 
0.637283 0.673174 -0.00159767 0.0025 0.450276 0.430671 2.39115 0.0111043 402 5 1 0.998658 
0.642828 0.673162 -0.00138343 0.0025 0.45187 0.428993 2.37344 0.0110651 403 4 1 0.999967 
0.648349 0.67315 -0.00118089 0.0025 0.45349 0.428946 2.3647 0.0110256 404 4 1 0.999986 
0.653853 0.673138 -0.000986697 0.0025 0.454575 0.429079 2.35978 0.0109993 405 4 1 0.999994 
0.659348 0.673127 -0.000797899 0.0025 0.455271 0.429159 2.35661 0.0109825 406 4 1 0.999997 
0.664836 0.673116 -0.000613346 0.0025 0.455742 0.4292 2.3544 0.0109711 407 4 1 0.999999 
0.670319 0.673106 -0.000434103 0.0025 0.456075 0.429223 2.3528 0.0109631 408 4 1 0.999999 
0.675799 0.673096 -0.000262062 0.0025 0.456321 0.429236 2.35161 0.0109572 409 4 1 1 
0.681276 0.673086 -9.77397e-05 0.0025 0.456508 0.429244 2.35069 0.0109527 410 4 1 1 
0.686752 0.673075 6.21729e-05 0.0025 0.456652 0.429249 2.34998 0.0109493 411 4 1 1 
0.692225 0.673065 0.000226842 0.0025 0.456765 0.429252 2.34942 0.0109465 412 4 1 1 
0.697698 0.673055 0.000413281 0.0025 0.456854 0.429254 2.34896 0.0109444 413 4 1 1 
0.70317 0.673044 0.000662086 0.0025 0.456926 0.429254 2.3486 0.0109427 414 4 1 1 
0.708641 0.673032 0.00107172 0.0025 0.456982 0.429253 2.3483 0.0109413 415 4 1 1 
0.714111 0.673017 0.00194564 0.0025 0.457025 0.429248 2.34805 0.0109403 416 4 1 1 
0.719581 0.672993 0.00429596 0.0025 0.457054 0.429234 2.34783 0.0109396 417 4 1 1 
0.725051 0.672941 0.0110614 0.0025 0.457056 0.429195 2.34761 0.0109396 418 3 1 1 
0.730521 0.672804 0.0320024 0.0025 0.456994 0.429079 2.34729 0.0109411 419 4 1 1 
0.735992 0.672411 0.0950615 0.0025 0.456751 0.428732 2.34664 0.0109469 420 4 1 1 
0.741468 0.67125 0.276237 0.0025 0.455997 0.42772 2.34496 0.010965 421 4 1 0.999995 
0.746957 0.667966 0.772026 0.0025 0.453896 0.424946 2.34052 0.0110157 422 4 1 0.999961 
0.752483 0.65944 1.89892 0.0025 0.448647 0.418059 2.3295 0.0111446 423 4 1 0.999745 
0.758102 0.638886 4.48633 0.0025 0.436974 0.402831 2.30456 0.0114423 424 4 1 0.998691 
0.76393 0.595845 8.61737 0.0025 0.414844 0.374251 2.25519 0.0120527 425 4 1 0.995013 
0.770171 0.509681 18.3295 0.0025 0.377006 0.326227 2.16306 0.0132624 426 4 1 0.986145 
0.777257 0.342256 30.009 0.0025 0.326517 0.264564 2.02568 0.0153132 427 4 1 0.969431 
0.785633 0.146521 24.756 0.0025 0.282157 0.213648 1.89327 0.0177206 428 4 1 0.960662 
0.795091 0.0328465 9.27614 0.0025 0.258455 0.188148 1.82014 0.0193457 429 4 1 0.980562 
0.805002 0.00261371 1.35721 0.0025 0.251167 0.180669 1.79836 0.019907 430 4 1 0.997259 
0.814999 -0.000266433 -0.000138509 0.0025 0.250025 0.179524 1.79507 0.019998 431 4 1 0.99992 
0.825 -3.21129e-05 -0.0197415 0.0025 0.249987 0.179487 1.79496 0.020001 432 5 1 1 
0.835 4.90294e-06 0.000416793 0.0025 0.25 0.1795 1.795 0.02 433 4 1 1 
0.845 1.63004e-06 0.000334737 0.0025 0.25 0.1795 1.795 0.02 434 3 1 1 
0.855 3.87119e-07 8.44738e-05 0.0025 0.25 0.1795 1.795 0.02 435 4 1 1 
0.865 8.65165e-08 1.92959e-05 0.0025 0.25 0.1795 1.795 0.02 436 4 1 1 
0.875 1.88608e-08 4.28007e-06 0.0025 0.25 0.1795 1.795 0.02 437 4 1 1 
0.885 4.02377e-09 9.31327e-07 0.0025 0.25 0.1795 1.795 0.02 438 4 1 1 
0.895 8.369e-10 1.9843e-07 0.0025 0.25 0.1795 1.795 0.02 439 4 1 1 
0.905 1.68946e-10 4.11863e-08 0.0025 0.25 0.1795 1.795 0.02 440 4 1 1 
0.915 3.29615e-11 8.29033e-09 0.0025 0.25 0.1795 1.795 0.02 441 4 1 1 
0.925 6.19293e-12 1.60986e-09 0.0025 0.25 0.1795 1.795 0.02 442 4 1 1 
0.935 1.12309e-12 3.02165e-10 0.0025 0.25 0.1795 1.795 0.02 443 4 1 1 
0.945 1.98126e-13 5.45981e-11 0.0025 0.25 0.1795 1.795 0.02 444 4 1 1 
0.955 2.04924e-14 1.03739e-11 0.0025 0.25 0.1795 1.795 0.02 445 4 1 1 
0.965 6.52746e-15 1.56319e-13 0.0025 0.25 0.1795 1.795 0.02 446 5 1 1 
0.975 7.13012e-16 -1.42109e-14 0.0025 0.25 0.1795 1.795 0.02 447 5 1 1 
0.985 4.23446e-15 2.27374e-13 0.0025 0.25 0.1795 1.795 0.02 448 5 1 1 
0.995 -2.6446e-15 2.55795e-13 0.0025 0.25 0.1795 1.795 0.02 449 3 1 1 
1.005 2.6446e-15 -2.55795e-13 0.0025 0.25 0.1795 1.795 0.02 450 3 1 1 
1.015 -4.23446e-15 -2.27374e-13 0.0025 0.25 0.1795 1.795 0.02 451 5 1 1 
1.025 -7.0865e-16 -7.08003e-30 0.0025 0.25 0.1795 1.795 0.02 452 5 1 1 
1.035 -6.96792e-15 -4.83169e-13 0.0025 0.25 0.1795 1.795 0.02 453 5 1 1 
1.045 -1.19629e-14 -5.03064e-12 0.0025 0.25 0.1795 1.795 0.02 454 5 1 1 
1.055 -1.95895e-13 -6.2883e-11 0.0025 0.25 0.1795 1.795 0.02 455 4 1 1 
1.065 -1.12363e-12 -2.97746e-10 0.0025 0.25 0.1795 1.795 0.02 456 4 1 1 
1.075 -6.18376e-12 -1.6129e-09 0.0025 0.25 0.1795 1.795 0.02 457 4 1 1 
1.085 -3.29726e-11 -8.29013e-09 0.0025 0.25 0.1795 1.795 0.02 458 4 1 1 
1.095 -1.68932e-10 -4.11846e-08 0.0025 0.25 0.1795 1.795 0.02 459 4 1 1 
1.105 -8.36929e-10 -1.98426e-07 0.0025 0.25 0.1795 1.795 0.02 460 4 1 1 
1.115 -4.02377e-09 -9.31329e-07 0.0025 0.25 0.1795 1.795 0.02 461 4 1 1 
1.125 -1.88608e-08 -4.28008e-06 0.0025 0.25 0.1795 1.795 0.02 462 4 1 1 
1.135 -8.65165e-08 -1.92959e-05 0.0025 0.25 0.1795 1.795 0.02 463 4 1 1 
1.145 -3.87119e-07 -8.44738e-05 0.0025 0.25 0.1795 1.795 0.02 464 4 1 1 
1.155 -1.63004e-06 -0.000334737 0.0025 0.25 0.1795 1.795 0.02 465 3 1 1 
1.165 -4.90294e-06 -0.000416793 0.0025 0.25 0.1795 1.795 0.02 466 4 1 1 
1.175 3.21129e-05 0.0197415 0.0025 0.249987 0.179487 1.79496 0.020001 467 5 1 1 
1.185 0.000266433 0.000138509 0.0025 0.250025 0.179524 1.79507 0.019998 468 4 1 0.99992 
1.195 -0.00261371 -1.35721 0.0025 0.251167 0.180669 1.79836 0.019907 469 4 1 0.997259 
1.20491 -0.0328465 -9.27614 0.0025 0.258455 0.188148 1.82014 0.0193457 470 4 1 0.980562 
1.21437 -0.146521 -24.756 0.0025 0.282157 0.213648 1.89327 0.0177206 471 4 1 0.960662 
1.22274 -0.342256 -30.009 0.0025 0.326517 0.264564 2.02568 0.0153132 472 4 1 0.969431 
1.22983 -0.509681 -18.3295 0.0025 0.377006 0.326227 2.16306 0.0132624 473 4 1 0.986145 
1.23607 -0.595845 -8.61737 0.0025 0.414844 0.374251 2.25519 0.0120527 474 4 1 0.995013 
1.2419 -0.638886 -4.48633 0.0025 0.436974 0.402831 2.30456 0.0114423 475 4 1 0.998691 
1.24752 -0.65944 -1.89892 0.0025 0.448647 0.418059 2.3295 0.0111446 476 4 1 0.999745 
1.25304 -0.667966 -0.772026 0.0025 0.453896 0.424946 2.34052 0.0110157 477 4 1 0.999961 
1.25853 -0.67125 -0.276237 0.0025 0.455997 0.42772 2.34496 0.010965 478 4 1 0.999995 
1.26401 -0.672411 -0.0950615 0.0025 0.456751 0.428732 2.34664 0.0109469 479 4 1 1 
1.26948 -0.672804 -0.0320024 0.0025 0.456994 0.429079 2.34729 0.0109411 480 4 1 1 
1.27495 -0.672941 -0.0110614 0.0025 0.457056 0.429195 2.34761 0.0109396 481 3 1 1 
1.28042 -0.672993 -0.00429596 0.0025 0.457054 0.429234 2.34783 0.0109396 482 4 1 1 
1.28589 -0.673017 -0.00194564 0.0025 0.457025 0.429248 2.34805 0.0109403 483 4 1 1 
1.29136 -0.673032 -0.00107172 0.0025 0.456982 0.429253 2.3483 0.0109413 484 4 1 1 
1.29683 -0.673044 -0.000662086 0.0025 0.456926 0.429254 2.3486 0.0109427 485 4 1 1 
1.3023 -0.673055 -0.000413281 0.0025 0.456854 0.429254 2.34896 0.0109444 486 4 1 1 
1.30777 -0.673065 -0.000226842 0.0025 0.456765 0.429252 2.34942 0.0109465 487 4 1 1 
1.31325 -0.673075 -6.21729e-05 0.0025 0.456652 0.429249 2.34998 0.0109493 488 4 1 1 
1.31872 -0.673086 9.77397e-05 0.0025 0.456508 0.429244 2.35069 0.0109527 489 4 1 1 
1.3242 -0.673096 0.000262062 0.0025 0.456321 0.429236 2.35161 0.0109572 490 4 1 1 
1.32968 -0.673106 0.000434103 0.0025 0.456075 0.429223 2.3528 0.0109631 491 4 1 0.999999 
1.33516 -0.673116 0.000613346 0.0025 0.455742 0.4292 2.3544 0.0109711 492 4 1 0.999999 
1.34065 -0.673127 0.000797899 0.0025 0.455271 0.429159 2.35661 0.0109825 493 4 1 0.999997 
1.34615 -0.673138 0.000986697 0.0025 0.454575 0.429079 2.35978 0.0109993 494 4 1 0.999994 
1.35165 -0.67315 0.00118089 0.0025 0.45349 0.428946 2.3647 0.0110256 495 4 1 0.999986 
1.35717 -0.673162 0.00138343 0.0025 0.45187 0.428993 2.37344 0.0110651 496 4 1 0.999967 
1.36272 -0.673174 0.00159767 0.0025 0.450276 0.430671 2.39115 0.0111043 497 5 1 0.998658 
1.36828 -0.673188 0.00182487 0.0025 0.458897 0.450146 2.45232 0.0108957 498 4 1 0.993693 
1.37362 -0.673201 0.00205525 0.0025 0.481392 0.415685 2.15876 0.0103865 499 4 1 0.993699 
