# Time [s]: 0.185303
# Columns: pos [m], vel [m/s], acc [m/s^2], mass [kg], dens [kg/m^3], pres [Pa], ene [J/kg], sml [m], id, neighbor, alpha, gradh, ...additional?
1.37743 -0.673211 0.0022064 0.0025 0.506942 0.440333 2.17152 0.00986306 0 4 1 0.994706 
1.38225 -0.673224 0.00243862 0.0025 0.531036 0.411643 1.93793 0.00941556 1 4 1 0.999667 
1.38685 -0.673238 0.00268329 0.0025 0.544167 0.42712 1.96227 0.00918836 2 4 1 0.999987 
1.39144 -0.673253 0.00295237 0.0025 0.545794 0.428872 1.96444 0.00916096 3 4 1 0.999999 
1.39601 -0.673269 0.00324816 0.0025 0.546214 0.429127 1.9641 0.00915393 4 4 1 1 
1.40059 -0.673286 0.00357273 0.0025 0.546314 0.429182 1.96399 0.00915224 5 4 1 1 
1.40517 -0.673305 0.00393274 0.0025 0.546342 0.429184 1.9639 0.00915177 6 4 1 1 
1.40974 -0.673326 0.00433774 0.0025 0.546354 0.429175 1.96381 0.00915157 7 4 1 1 
1.41432 -0.673348 0.00479631 0.0025 0.54636 0.429164 1.96374 0.00915147 8 4 1 1 
1.41889 -0.673372 0.00531333 0.0025 0.546362 0.429151 1.96367 0.00915144 9 3 1 1 
1.42347 -0.673399 0.00589141 0.0025 0.546361 0.429136 1.96361 0.00915146 10 4 1 1 
1.42805 -0.673428 0.00653434 0.0025 0.546356 0.42912 1.96355 0.00915154 11 4 1 1 
1.43262 -0.67346 0.00724984 0.0025 0.546349 0.429102 1.9635 0.00915167 12 4 1 1 
1.4372 -0.673495 0.00805365 0.0025 0.546338 0.429082 1.96345 0.00915185 13 4 1 1 
1.44177 -0.673535 0.00897316 0.0025 0.546324 0.429059 1.96339 0.00915208 14 4 1 1 
1.44635 -0.673578 0.0100378 0.0025 0.546307 0.429034 1.96334 0.00915237 15 4 1 1 
1.45093 -0.673627 0.0112593 0.0025 0.546286 0.429006 1.96328 0.00915271 16 4 1 1 
1.4555 -0.673682 0.012633 0.0025 0.546262 0.428974 1.96323 0.00915312 17 4 1 1 
1.46008 -0.673743 0.0141657 0.0025 0.546233 0.428939 1.96317 0.0091536 18 4 1 1 
1.46466 -0.673812 0.015885 0.0025 0.546201 0.428899 1.9631 0.00915414 19 4 1 1 
1.46923 -0.673889 0.0178302 0.0025 0.546164 0.428854 1.96303 0.00915477 20 4 1 1 
1.47381 -0.673975 0.0200724 0.0025 0.546121 0.428804 1.96295 0.00915549 21 4 1 1 
1.47839 -0.674072 0.0227235 0.0025 0.546072 0.428747 1.96287 0.00915631 22 4 1 1 
1.48297 -0.674182 0.0259011 0.0025 0.546015 0.428681 1.96277 0.00915726 23 4 1 1 
1.48755 -0.674309 0.0298061 0.0025 0.545948 0.428606 1.96267 0.00915838 24 4 1 1 
1.49213 -0.674458 0.0349059 0.0025 0.54587 0.428518 1.96255 0.00915969 25 4 1 1 
1.49671 -0.674634 0.0417803 0.0025 0.545776 0.428412 1.9624 0.00916127 26 4 1 1 
-0.498714 -0.674845 0.0506961 0.0025 0.545661 0.428284 1.96223 0.00916319 27 4 1 1 
-0.494131 -0.675103 0.0617352 0.0025 0.545521 0.428129 1.96202 0.00916555 28 4 1 1 
-0.489548 -0.675418 0.0751355 0.0025 0.545351 0.42794 1.96176 0.00916841 29 4 1 1 
-0.484963 -0.675797 0.0903857 0.0025 0.545147 0.427715 1.96146 0.00917183 30 4 1 1 
-0.480376 -0.67624 0.105174 0.0025 0.544911 0.427454 1.96112 0.00917581 31 4 1 0.999999 
-0.475787 -0.676739 0.116485 0.0025 0.544651 0.427166 1.96074 0.0091802 32 4 1 0.999999 
-0.471196 -0.677269 0.121573 0.0025 0.544381 0.42687 1.96034 0.00918474 33 4 1 0.999999 
-0.466602 -0.677784 0.115868 0.0025 0.544127 0.426589 1.95997 0.00918903 34 4 1 0.999999 
-0.462007 -0.678225 0.0974595 0.0025 0.543916 0.426356 1.95966 0.0091926 35 4 1 1 
-0.45741 -0.678535 0.0455805 0.0025 0.543789 0.426216 1.95947 0.00919475 36 4 1 1 
-0.452812 -0.678698 0.0985676 0.0025 0.543724 0.426141 1.95937 0.00919584 37 5 1 0.999997 
-0.448214 -0.678509 -0.340403 0.0025 0.544181 0.426635 1.96002 0.00918812 38 4 1 0.999939 
-0.443624 -0.674516 -1.4975 0.0025 0.546386 0.429054 1.96318 0.00915104 39 4 1 0.999761 
-0.439063 -0.665483 -2.60836 0.0025 0.551025 0.434163 1.96983 0.009074 40 4 1 0.999548 
-0.43455 -0.652505 -3.40437 0.0025 0.557723 0.441573 1.97938 0.00896502 41 4 1 0.999398 
-0.430097 -0.637119 -3.84455 0.0025 0.565755 0.450504 1.99073 0.00883775 42 4 1 0.999342 
-0.425711 -0.620844 -3.98988 0.0025 0.574406 0.460179 2.00285 0.00870465 43 4 1 0.999371 
-0.421392 -0.604793 -3.87514 0.0025 0.583077 0.469936 2.01489 0.00857519 44 4 1 0.999444 
-0.417136 -0.589745 -3.65031 0.0025 0.591381 0.479332 2.02632 0.00845478 45 4 1 0.999511 
-0.412937 -0.575731 -3.47328 0.0025 0.599249 0.488282 2.03706 0.00834377 46 4 1 0.999538 
-0.408792 -0.562275 -3.49262 0.0025 0.606921 0.497052 2.04744 0.00823831 47 4 1 0.999528 
-0.404698 -0.548657 -3.6529 0.0025 0.614732 0.506029 2.05794 0.00813363 48 4 1 0.999492 
-0.400658 -0.53447 -3.89841 0.0025 0.622917 0.515485 2.06885 0.00802676 49 4 1 0.99945 
-0.396671 -0.51959 -4.14134 0.0025 0.631562 0.525529 2.08029 0.00791688 50 4 1 0.999414 
-0.39274 -0.504113 -4.35857 0.0025 0.64064 0.536134 2.09219 0.0078047 51 4 1 0.999392 
-0.388866 -0.488292 -4.50503 0.0025 0.65005 0.547192 2.10443 0.00769171 52 4 1 0.999382 
-0.385048 -0.472248 -4.62661 0.0025 0.659693 0.558589 2.11686 0.00757928 53 4 1 0.999382 
-0.381286 -0.456157 -4.7027 0.0025 0.669491 0.570238 2.12938 0.00746837 54 4 1 0.999389 
-0.377579 -0.440085 -4.7693 0.0025 0.679384 0.58207 2.14191 0.00735961 55 4 1 0.999399 
-0.373926 -0.424131 -4.81926 0.0025 0.689342 0.594049 2.15441 0.0072533 56 4 1 0.999413 
-0.370326 -0.408313 -4.84797 0.0025 0.699326 0.606129 2.16684 0.00714974 57 4 1 0.999428 
-0.366776 -0.392645 -4.88428 0.0025 0.709322 0.618292 2.17917 0.00704899 58 4 1 0.999444 
-0.363276 -0.377172 -4.90109 0.0025 0.719316 0.630522 2.1914 0.00695105 59 4 1 0.99946 
-0.359825 -0.36187 -4.92481 0.0025 0.729297 0.642804 2.20351 0.00685592 60 4 1 0.999476 
-0.35642 -0.346794 -4.94351 0.0025 0.739266 0.655138 2.21551 0.00676347 61 4 1 0.999492 
-0.353061 -0.331874 -4.95478 0.0025 0.749212 0.667511 2.22738 0.00667368 62 4 1 0.999507 
-0.349746 -0.317159 -4.97415 0.0025 0.759137 0.679922 2.23914 0.00658643 63 4 1 0.999522 
-0.346474 -0.302632 -4.98078 0.0025 0.769036 0.692367 2.25077 0.00650165 64 4 1 0.999535 
-0.343244 -0.288286 -5.00327 0.0025 0.778912 0.704847 2.26229 0.00641921 65 4 1 0.999549 
-0.340055 -0.274132 -5.01057 0.0025 0.788767 0.717363 2.27369 0.00633901 66 4 1 0.999563 
-0.336905 -0.260152 -5.01445 0.0025 0.798586 0.729896 2.28497 0.00626107 67 4 1 0.999576 
-0.333793 -0.246343 -5.03045 0.0025 0.808376 0.742453 2.29613 0.00618524 68 4 1 0.999588 
-0.330719 -0.232717 -5.03831 0.0025 0.81814 0.755038 2.30718 0.00611142 69 4 1 0.9996 
-0.327682 -0.219257 -5.0424 0.0025 0.827871 0.76764 2.31812 0.00603959 70 4 1 0.999611 
-0.32468 -0.205982 -5.05827 0.0025 0.837574 0.780265 2.32895 0.00596962 71 4 1 0.999623 
-0.321712 -0.192862 -5.0524 0.0025 0.847242 0.792903 2.33966 0.0059015 72 4 1 0.999634 
-0.318778 -0.179892 -5.06168 0.0025 0.856872 0.805548 2.35026 0.00583518 73 4 1 0.999644 
-0.315877 -0.167105 -5.0727 0.0025 0.866475 0.818215 2.36076 0.00577051 74 4 1 0.999654 
-0.313007 -0.154463 -5.06602 0.0025 0.876041 0.830889 2.37115 0.0057075 75 4 1 0.999664 
-0.310169 -0.141986 -5.07887 0.0025 0.885571 0.84357 2.38144 0.00564608 76 4 1 0.999673 
-0.307361 -0.129668 -5.07412 0.0025 0.895066 0.856259 2.39162 0.00558618 77 4 1 0.999683 
-0.304583 -0.117488 -5.06711 0.0025 0.904512 0.868937 2.40168 0.00552784 78 4 1 0.999692 
-0.301833 -0.105488 -5.06759 0.0025 0.913913 0.881606 2.41163 0.00547098 79 4 1 0.999701 
-0.299111 -0.0936455 -5.06489 0.0025 0.923273 0.894273 2.42148 0.00541552 80 4 1 0.999709 
-0.296417 -0.0819212 -5.08401 0.0025 0.9326 0.906947 2.43124 0.00536136 81 4 1 0.999721 
-0.29375 -0.0703555 -5.02559 0.0025 0.941844 0.919562 2.44085 0.00530874 82 4 1 0.999742 
-0.291108 -0.0592356 -4.8044 0.0025 0.950848 0.931886 2.45015 0.00525847 83 4 1 0.999747 
-0.288491 -0.0484997 -4.89079 0.0025 0.959753 0.944105 2.45928 0.00520967 84 4 1 0.999712 
-0.285899 -0.036974 -5.6538 0.0025 0.96922 0.957188 2.46898 0.00515879 85 4 1 0.99972 
-0.283332 -0.0245656 -5.46967 0.0025 0.978908 0.970692 2.47889 0.00510773 86 4 1 0.999867 
-0.280791 -0.015304 -2.79112 0.0025 0.986341 0.981015 2.48637 0.00506924 87 4 1 0.99994 
-0.278263 -0.011209 -1.61655 0.0025 0.991078 0.987426 2.49098 0.00504501 88 4 1 0.999801 
-0.275746 -0.00355143 -6.28019 0.0025 0.998467 0.997711 2.4984 0.00500768 89 4 1 0.999485 
-0.273255 0.0139676 -9.39096 0.0025 1.01133 1.01604 2.51145 0.004944 90 4 1 0.999775 
-0.270801 0.0282889 -3.67873 0.0025 1.02216 1.0314 2.52223 0.0048916 91 4 1 1 
-0.268364 0.0305257 0.318804 0.0025 1.02532 1.03571 2.52522 0.00487653 92 3 1 1 
-0.265925 0.0290794 0.877339 0.0025 1.02424 1.03413 2.52411 0.00488169 93 4 1 0.999999 
-0.263482 0.0267809 1.20001 0.0025 1.02219 1.03123 2.52209 0.00489145 94 4 1 0.999989 
-0.261034 0.0239932 1.40347 0.0025 1.01975 1.02778 2.51967 0.00490316 95 4 1 0.999984 
-0.258579 0.0209097 1.52042 0.0025 1.0171 1.02403 2.51704 0.00491595 96 4 1 0.99998 
-0.256118 0.0177168 1.54553 0.0025 1.0144 1.02022 2.51435 0.00492904 97 4 1 0.999979 
-0.25365 0.0145926 1.48671 0.0025 1.01179 1.01654 2.51175 0.00494176 98 4 1 0.99998 
-0.251176 0.0116863 1.36116 0.0025 1.00939 1.01316 2.50936 0.0049535 99 4 1 0.999983 
-0.248696 0.00910457 1.19149 0.0025 1.00728 1.0102 2.50726 0.00496388 100 4 1 0.999986 
-0.246212 0.00690568 1.00108 0.0025 1.00549 1.00769 2.50548 0.00497268 101 4 1 0.99999 
-0.243724 0.00510394 0.810115 0.0025 1.00404 1.00566 2.50404 0.00497986 102 4 1 0.999993 
-0.241232 0.00367919 0.633369 0.0025 1.0029 1.00406 2.5029 0.00498552 103 4 1 0.999996 
-0.238738 0.0025889 0.479671 0.0025 1.00204 1.00285 2.50203 0.00498983 104 4 1 0.999998 
-0.236242 0.0017796 0.352667 0.0025 1.0014 1.00195 2.50139 0.00499303 105 4 1 0.999999 
-0.233745 0.00119574 0.252173 0.0025 1.00094 1.00131 2.50093 0.00499533 106 4 1 0.999999 
-0.231247 0.000785726 0.175611 0.0025 1.00061 1.00086 2.50061 0.00499694 107 4 1 1 
-0.228748 0.000505104 0.119234 0.0025 1.00039 1.00055 2.50039 0.00499803 108 4 1 1 
-0.226249 0.000317744 0.0789938 0.0025 1.00025 1.00034 2.50025 0.00499877 109 4 1 1 
-0.223749 0.000195631 0.0510967 0.0025 1.00015 1.00021 2.50015 0.00499924 110 4 1 1 
-0.22125 0.000117899 0.0322843 0.0025 1.00009 1.00013 2.50009 0.00499954 111 4 1 1 
-0.21875 6.95528e-05 0.0199308 0.0025 1.00005 1.00007 2.50005 0.00499973 112 4 1 1 
-0.21625 4.01665e-05 0.0120252 0.0025 1.00003 1.00004 2.50003 0.00499984 113 4 1 1 
-0.21375 2.27065e-05 0.00709186 0.0025 1.00002 1.00002 2.50002 0.00499991 114 4 1 1 
-0.21125 1.2565e-05 0.00408862 0.0025 1.00001 1.00001 2.50001 0.00499995 115 4 1 1 
-0.20875 6.80572e-06 0.00230446 0.0025 1.00001 1.00001 2.50001 0.00499997 116 4 1 1 
-0.20625 3.6079e-06 0.00126985 0.0025 1 1 2.5 0.00499999 117 4 1 1 
-0.20375 1.87183e-06 0.000684116 0.0025 1 1 2.5 0.00499999 118 4 1 1 
-0.20125 9.50304e-07 0.000360322 0.0025 1 1 2.5 0.005 119 4 1 1 
-0.19875 4.72054e-07 0.000185532 0.0025 1 1 2.5 0.005 120 4 1 1 
-0.19625 2.29398e-07 9.33857e-05 0.0025 1 1 2.5 0.005 121 4 1 1 
-0.19375 1.09041e-07 4.5945e-05 0.0025 1 1 2.5 0.005 122 4 1 1 
-0.19125 5.06887e-08 2.20922e-05 0.0025 1 1 2.5 0.005 123 4 1 1 
-0.18875 2.30389e-08 1.03806e-05 0.0025 1 1 2.5 0.005 124 4 1 1 
-0.18625 1.02363e-08 4.76552e-06 0.0025 1 1 2.5 0.005 125 4 1 1 
-0.18375 4.44464e-09 2.13705e-06 0.0025 1 1 2.5 0.005 126 4 1 1 
-0.18125 1.88545e-09 9.35902e-07 0.0025 1 1 2.5 0.005 127 4 1 1 
-0.17875 7.8114e-10 4.00174e-07 0.0025 1 1 2.5 0.005 128 4 1 1 
-0.17625 3.15953e-10 1.66988e-07 0.0025 1 1 2.5 0.005 129 4 1 1 
-0.17375 1.24696e-10 6.80002e-08 0.0025 1 1 2.5 0.005 130 4 1 1 
-0.17125 4.80078e-11 2.69911e-08 0.0025 1 1 2.5 0.005 131 4 1 1 
-0.16875 1.80265e-11 1.0449e-08 0.0025 1 1 2.5 0.005 132 4 1 1 
-0.16625 6.58557e-12 3.93902e-09 0.0025 1 1 2.5 0.005 133 4 1 1 
-0.16375 2.34175e-12 1.44507e-09 0.0025 1 1 2.5 0.005 134 4 1 1 
-0.16125 8.06939e-13 5.25347e-10 0.0025 1 1 2.5 0.005 135 4 1 1 
-0.15875 2.84269e-13 1.70189e-10 0.0025 1 1 2.5 0.005 136 4 1 1 
-0.15625 7.94326e-14 6.60521e-11 0.0025 1 1 2.5 0.005 137 4 1 1 
-0.15375 2.71209e-14 2.29079e-11 0.0025 1 1 2.5 0.005 138 4 1 1 
-0.15125 1.72681e-15 3.12639e-12 0.0025 1 1 2.5 0.005 139 5 1 1 
-0.14875 1.74468e-16 4.54747e-13 0.0025 1 1 2.5 0.005 140 5 1 1 
-0.14625 4.12866e-47 8.96831e-44 0.0025 1 1 2.5 0.005 141 5 1 1 
-0.14375 0 0 0.0025 1 1 2.5 0.005 142 5 1 1 
-0.14125 0 0 0.0025 1 1 2.5 0.005 143 5 1 1 
-0.13875 0 0 0.0025 1 1 2.5 0.005 144 5 1 1 
-0.13625 0 0 0.0025 1 1 2.5 0.005 145 5 1 1 
-0.13375 0 0 0.0025 1 1 2.5 0.005 146 5 1 1 
-0.13125 0 0 0.0025 1 1 2.5 0.005 147 5 1 1 
-0.12875 0 0 0.0025 1 1 2.5 0.005 148 5 1 1 
-0.12625 0 0 0.0025 1 1 2.5 0.005 149 5 1 1 
-0.12375 0 0 0.0025 1 1 2.5 0.005 150 5 1 1 
-0.12125 0 0 0.0025 1 1 2.5 0.005 151 5 1 1 
-0.11875 0 0 0.0025 1 1 2.5 0.005 152 5 1 1 
-0.11625 0 0 0.0025 1 1 2.5 0.005 153 5 1 1 
-0.11375 0 0 0.0025 1 1 2.5 0.005 154 5 1 1 
-0.11125 0 0 0.0025 1 1 2.5 0.005 155 5 1 1 
-0.10875 0 0 0.0025 1 1 2.5 0.005 156 5 1 1 
-0.10625 0 0 0.0025 1 1 2.5 0.005 157 5 1 1 
-0.10375 0 0 0.0025 1 1 2.5 0.005 158 5 1 1 
-0.10125 0 0 0.0025 1 1 2.5 0.005 159 5 1 1 
-0.09875 0 0 0.0025 1 1 2.5 0.005 160 5 1 1 
-0.09625 0 0 0.0025 1 1 2.5 0.005 161 5 1 1 
-0.09375 0 0 0.0025 1 1 2.5 0.005 162 5 1 1 
-0.09125 0 0 0.0025 1 1 2.5 0.005 163 5 1 1 
-0.08875 0 0 0.0025 1 1 2.5 0.005 164 5 1 1 
-0.08625 0 0 0.0025 1 1 2.5 0.005 165 5 1 1 
-0.08375 0 0 0.0025 1 1 2.5 0.005 166 5 1 1 
-0.08125 0 0 0.0025 1 1 2.5 0.005 167 5 1 1 
-0.07875 0 0 0.0025 1 1 2.5 0.005 168 5 1 1 
-0.07625 0 0 0.0025 1 1 2.5 0.005 169 5 1 1 
-0.07375 0 0 0.0025 1 1 2.5 0.005 170 5 1 1 
-0.07125 0 0 0.0025 1 1 2.5 0.005 171 5 1 1 
-0.06875 -1.37581e-47 0 0.0025 1 1 2.5 0.005 172 5 1 1 
-0.06625 -3.48817e-17 -1.12104e-44 0.0025 1 1 2.5 0.005 173 5 1 1 
-0.06375 -1.73971e-16 -1.12104e-44 0.0025 1 1 2.5 0.005 174 5 1 1 
-0.06125 -3.12336e-16 0 0.0025 1 1 2.5 0.005 175 5 1 1 
-0.05875 -4.50147e-16 -2.24208e-44 0.0025 1 1 2.5 0.005 176 5 1 1 
-0.05625 -6.74427e-16 -1.7053e-13 0.0025 1 1 2.5 0.005 177 5 1 1 
-0.05375 -1.0896e-15 1.7053e-13 0.0025 1 1 2.5 0.005 178 5 1 1 
-0.05125 -3.02102e-15 -2.72848e-12 0.0025 1 1 2.5 0.005 179 3 1 1 
-0.04875 -4.84527e-15 3.0127e-12 0.0025 1 1 2.5 0.005 180 3 1 1 
-0.04625 2.55911e-16 -5.68434e-14 0.0025 1 1 2.5 0.005 181 4 1 1 
-0.04375 6.70145e-16 2.27374e-13 0.0025 1 1 2.5 0.005 182 5 1 1 
-0.04125 3.8754e-16 -1.7053e-13 0.0025 1 1 2.5 0.005 183 5 1 1 
-0.03875 -1.05023e-15 -3.97904e-13 0.0025 1 1 2.5 0.005 184 5 1 1 
-0.03625 -1.24323e-15 -1.13687e-13 0.0025 1 1 2.5 0.005 185 5 1 1 
-0.03375 -4.65116e-15 3.41061e-13 0.0025 1 1 2.5 0.005 186 4 1 1 
-0.03125 -2.64561e-15 -3.41061e-13 0.0025 1 1 2.5 0.005 187 3 1 1 
-0.02875 2.28058e-17 -1.13687e-13 0.0025 1 1 2.5 0.005 188 4 1 1 
-0.02625 -2.76189e-15 -3.41061e-13 0.0025 1 1 2.5 0.005 189 4 1 1 
-0.02375 -1.41707e-16 7.95808e-13 0.0025 1 1 2.5 0.005 190 4 1 1 
-0.02125 -8.59718e-16 1.13687e-13 0.0025 1 1 2.5 0.005 191 5 1 1 
-0.01875 -1.39517e-15 -1.25056e-12 0.0025 1 1 2.5 0.005 192 4 1 1 
-0.01625 -2.46301e-15 1.47793e-12 0.0025 1 1 2.5 0.005 193 3 1 1 
-0.01375 4.82196e-16 -9.09495e-13 0.0025 1 1 2.5 0.005 194 5 1 1 
-0.01125 -1.1899e-15 5.68434e-14 0.0025 1 1 2.5 0.005 195 4 1 1 
-0.00875 -4.09359e-17 3.97904e-13 0.0025 1 1 2.5 0.005 196 4 1 1 
-0.00625 -5.81122e-16 2.27374e-13 0.0025 1 1 2.5 0.005 197 4 1 1 
-0.00375 1.42205e-16 -2.27374e-13 0.0025 1 1 2.5 0.005 198 4 1 1 
-0.00125 1.98698e-18 1.13687e-13 0.0025 1 1 2.5 0.005 199 4 1 1 
0.00125 -6.12955e-17 1.13687e-13 0.0025 1 1 2.5 0.005 200 4 1 1 
0.00375 -3.15037e-16 -5.68434e-14 0.0025 1 1 2.5 0.005 201 4 1 1 
0.00625 -3.50594e-16 3.41061e-13 0.0025 1 1 2.5 0.005 202 4 1 1 
0.00875 -2.25526e-16 -4.54747e-13 0.0025 1 1 2.5 0.005 203 5 1 1 
0.01125 5.3423e-16 -5.68434e-14 0.0025 1 1 2.5 0.005 204 4 1 1 
0.01375 4.84592e-16 2.46519e-28 0.0025 1 1 2.5 0.005 205 4 1 1 
0.01625 1.53774e-15 1.02318e-12 0.0025 1 1 2.5 0.005 206 5 1 1 
0.01875 1.56316e-15 -5.11591e-13 0.0025 1 1 2.5 0.005 207 5 1 1 
0.02125 2.42528e-15 -1.3074e-12 0.0025 1 1 2.5 0.005 208 4 1 1 
0.02375 2.22133e-15 1.13687e-12 0.0025 1 1 2.5 0.005 209 5 1 1 
0.02625 -7.44493e-16 -7.95808e-13 0.0025 1 1 2.5 0.005 210 4 1 1 
0.02875 2.61274e-15 2.84217e-13 0.0025 1 1 2.5 0.005 211 3 1 1 
0.03125 1.0185e-15 1.7053e-13 0.0025 1 1 2.5 0.005 212 4 1 1 
0.03375 -1.6942e-16 5.68434e-14 0.0025 1 1 2.5 0.005 213 5 1 1 
0.03625 2.02458e-15 -3.9443e-29 0.0025 1 1 2.5 0.005 214 5 1 1 
0.03875 1.5841e-15 -5.68434e-14 0.0025 1 1 2.5 0.005 215 5 1 1 
0.04125 1.13366e-15 1.12104e-44 0.0025 1 1 2.5 0.005 216 5 1 1 
0.04375 9.56483e-16 -5.68434e-14 0.0025 1 1 2.5 0.005 217 5 1 1 
0.04625 7.42913e-16 -2.24208e-44 0.0025 1 1 2.5 0.005 218 5 1 1 
0.04875 4.50102e-16 -5.68434e-14 0.0025 1 1 2.5 0.005 219 5 1 1 
0.05125 -1.8563e-16 1.13687e-13 0.0025 1 1 2.5 0.005 220 5 1 1 
0.05375 -1.16129e-15 1.13687e-13 0.0025 1 1 2.5 0.005 221 5 1 1 
0.05625 -3.56265e-15 1.13687e-13 0.0025 1 1 2.5 0.005 222 5 1 1 
0.05875 4.38902e-15 -1.13687e-13 0.0025 1 1 2.5 0.005 223 5 1 1 
0.06125 9.7786e-16 -1.89327e-27 0.0025 1 1 2.5 0.005 224 3 1 1 
0.06375 1.30983e-16 1.13687e-13 0.0025 1 1 2.5 0.005 225 3 1 1 
0.06625 -2.75938e-15 1.85382e-27 0.0025 1 1 2.5 0.005 226 5 1 1 
0.06875 5.08866e-15 -2.27374e-13 0.0025 1 1 2.5 0.005 227 5 1 1 
0.07125 2.82348e-15 -2.27374e-13 0.0025 1 1 2.5 0.005 228 5 1 1 
0.07375 2.10947e-15 5.68434e-14 0.0025 1 1 2.5 0.005 229 5 1 1 
0.07625 1.29027e-15 1.13687e-13 0.0025 1 1 2.5 0.005 230 5 1 1 
0.07875 7.32458e-16 3.36312e-44 0.0025 1 1 2.5 0.005 231 5 1 1 
0.08125 2.61612e-16 5.68434e-14 0.0025 1 1 2.5 0.005 232 5 1 1 
0.08375 1.04656e-16 3.36312e-44 0.0025 1 1 2.5 0.005 233 5 1 1 
0.08625 3.09593e-47 1.12104e-44 0.0025 1 1 2.5 0.005 234 5 1 1 
0.08875 0 0 0.0025 1 1 2.5 0.005 235 5 1 1 
0.09125 0 0 0.0025 1 1 2.5 0.005 236 5 1 1 
0.09375 -1.67061e-45 -1.12104e-44 0.0025 1 1 2.5 0.005 237 5 1 1 
0.09625 -1.69188e-16 0 0.0025 1 1 2.5 0.005 238 5 1 1 
0.09875 -3.37357e-16 1.12104e-44 0.0025 1 1 2.5 0.005 239 5 1 1 
0.10125 1.58941e-15 0 0.0025 1 1 2.5 0.005 240 5 1 1 
0.10375 1.42405e-15 4.48416e-44 0.0025 1 1 2.5 0.005 241 5 1 1 
0.10625 2.35166e-15 -1.56945e-43 0.0025 1 1 2.5 0.005 242 5 1 1 
0.10875 6.89523e-16 1.00893e-43 0.0025 1 1 2.5 0.005 243 5 1 1 
0.11125 5.8151e-16 -1.00893e-43 0.0025 1 1 2.5 0.005 244 5 1 1 
0.11375 -1.63303e-15 3.36312e-43 0.0025 1 1 2.5 0.005 245 5 1 1 
0.11625 2.33911e-15 -5.68434e-14 0.0025 1 1 2.5 0.005 246 5 1 1 
0.11875 -4.16871e-16 3.9443e-29 0.0025 1 1 2.5 0.005 247 5 1 1 
0.12125 -2.09243e-17 -7.14905e-27 0.0025 1 1 2.5 0.005 248 5 1 1 
0.12375 -3.1251e-15 -7.18849e-27 0.0025 1 1 2.5 0.005 249 4 1 1 
0.12625 3.1251e-15 7.18849e-27 0.0025 1 1 2.5 0.005 250 4 1 1 
0.12875 2.09243e-17 7.14905e-27 0.0025 1 1 2.5 0.005 251 5 1 1 
0.13125 4.16871e-16 -3.9443e-29 0.0025 1 1 2.5 0.005 252 5 1 1 
0.13375 -2.33911e-15 5.68434e-14 0.0025 1 1 2.5 0.005 253 5 1 1 
0.13625 1.63303e-15 -3.36312e-43 0.0025 1 1 2.5 0.005 254 5 1 1 
0.13875 -5.8151e-16 1.00893e-43 0.0025 1 1 2.5 0.005 255 5 1 1 
0.14125 -6.89523e-16 -1.00893e-43 0.0025 1 1 2.5 0.005 256 5 1 1 
0.14375 -2.35166e-15 1.56945e-43 0.0025 1 1 2.5 0.005 257 5 1 1 
0.14625 -1.42405e-15 -7.84727e-44 0.0025 1 1 2.5 0.005 258 5 1 1 
0.14875 -1.64175e-15 -1.7053e-13 0.0025 1 1 2.5 0.005 259 5 1 1 
0.15125 -1.59878e-15 -3.35376e-12 0.0025 1 1 2.5 0.005 260 5 1 1 
0.15375 -2.70389e-14 -2.29647e-11 0.0025 1 1 2.5 0.005 261 4 1 1 
0.15625 -7.93628e-14 -6.60521e-11 0.0025 1 1 2.5 0.005 262 4 1 1 
0.15875 -2.84095e-13 -1.70076e-10 0.0025 1 1 2.5 0.005 263 4 1 1 
0.16125 -8.06572e-13 -5.25063e-10 0.0025 1 1 2.5 0.005 264 4 1 1 
0.16375 -2.3406e-12 -1.44507e-09 0.0025 1 1 2.5 0.005 265 4 1 1 
0.16625 -6.57896e-12 -3.92998e-09 0.0025 1 1 2.5 0.005 266 4 1 1 
0.16875 -1.80134e-11 -1.04544e-08 0.0025 1 1 2.5 0.005 267 4 1 1 
0.17125 -4.80038e-11 -2.7e-08 0.0025 1 1 2.5 0.005 268 4 1 1 
0.17375 -1.24701e-10 -6.79932e-08 0.0025 1 1 2.5 0.005 269 4 1 1 
0.17625 -3.15958e-10 -1.66999e-07 0.0025 1 1 2.5 0.005 270 4 1 1 
0.17875 -7.81145e-10 -4.00159e-07 0.0025 1 1 2.5 0.005 271 4 1 1 
0.18125 -1.88544e-09 -9.35908e-07 0.0025 1 1 2.5 0.005 272 4 1 1 
0.18375 -4.44464e-09 -2.13705e-06 0.0025 1 1 2.5 0.005 273 4 1 1 
0.18625 -1.02363e-08 -4.76553e-06 0.0025 1 1 2.5 0.005 274 4 1 1 
0.18875 -2.30389e-08 -1.03806e-05 0.0025 1 1 2.5 0.005 275 4 1 1 
0.19125 -5.06887e-08 -2.20922e-05 0.0025 1 1 2.5 0.005 276 4 1 1 
0.19375 -1.09041e-07 -4.5945e-05 0.0025 1 1 2.5 0.005 277 4 1 1 
0.19625 -2.29398e-07 -9.33857e-05 0.0025 1 1 2.5 0.005 278 4 1 1 
0.19875 -4.72054e-07 -0.000185532 0.0025 1 1 2.5 0.005 279 4 1 1 
0.20125 -9.50304e-07 -0.000360322 0.0025 1 1 2.5 0.005 280 4 1 1 
0.20375 -1.87183e-06 -0.000684116 0.0025 1 1 2.5 0.00499999 281 4 1 1 
0.20625 -3.6079e-06 -0.00126985 0.0025 1 1 2.5 0.00499999 282 4 1 1 
0.20875 -6.80572e-06 -0.00230446 0.0025 1.00001 1.00001 2.50001 0.00499997 283 4 1 1 
0.21125 -1.2565e-05 -0.00408862 0.0025 1.00001 1.00001 2.50001 0.00499995 284 4 1 1 
0.21375 -2.27065e-05 -0.00709186 0.0025 1.00002 1.00002 2.50002 0.00499991 285 4 1 1 
0.21625 -4.01665e-05 -0.0120252 0.0025 1.00003 1.00004 2.50003 0.00499984 286 4 1 1 
0.21875 -6.95528e-05 -0.0199308 0.0025 1.00005 1.00007 2.50005 0.00499973 287 4 1 1 
0.22125 -0.000117899 -0.0322843 0.0025 1.00009 1.00013 2.50009 0.00499954 288 4 1 1 
0.223749 -0.000195631 -0.0510967 0.0025 1.00015 1.00021 2.50015 0.00499924 289 4 1 1 
0.226249 -0.000317744 -0.0789938 0.0025 1.00025 1.00034 2.50025 0.00499877 290 4 1 1 
0.228748 -0.000505104 -0.119234 0.0025 1.00039 1.00055 2.50039 0.00499803 291 4 1 1 
0.231247 -0.000785726 -0.175611 0.0025 1.00061 1.00086 2.50061 0.00499694 292 4 1 1 
0.233745 -0.00119574 -0.252173 0.0025 1.00094 1.00131 2.50093 0.00499533 293 4 1 0.999999 
0.236242 -0.0017796 -0.352667 0.0025 1.0014 1.00195 2.50139 0.00499303 294 4 1 0.999999 
0.238738 -0.0025889 -0.479671 0.0025 1.00204 1.00285 2.50203 0.00498983 295 4 1 0.999998 
0.241232 -0.00367919 -0.633369 0.0025 1.0029 1.00406 2.5029 0.00498552 296 4 1 0.999996 
0.243724 -0.00510394 -0.810115 0.0025 1.00404 1.00566 2.50404 0.00497986 297 4 1 0.999993 
0.246212 -0.00690568 -1.00108 0.0025 1.00549 1.00769 2.50548 0.00497268 298 4 1 0.99999 
0.248696 -0.00910457 -1.19149 0.0025 1.00728 1.0102 2.50726 0.00496388 299 4 1 0.999986 
0.251176 -0.0116863 -1.36116 0.0025 1.00939 1.01316 2.50936 0.0049535 300 4 1 0.999983 
0.25365 -0.0145926 -1.48671 0.0025 1.01179 1.01654 2.51175 0.00494176 301 4 1 0.99998 
0.256118 -0.0177168 -1.54553 0.0025 1.0144 1.02022 2.51435 0.00492904 302 4 1 0.999979 
0.258579 -0.0209097 -1.52042 0.0025 1.0171 1.02403 2.51704 0.00491595 303 4 1 0.99998 
0.261034 -0.0239932 -1.40347 0.0025 1.01975 1.02778 2.51967 0.00490316 304 4 1 0.999984 
0.263482 -0.0267809 -1.20001 0.0025 1.02219 1.03123 2.52209 0.00489145 305 4 1 0.999989 
0.265925 -0.0290794 -0.877339 0.0025 1.02424 1.03413 2.52411 0.00488169 306 4 1 0.999999 
0.268364 -0.0305257 -0.318804 0.0025 1.02532 1.03571 2.52522 0.00487653 307 3 1 1 
0.270801 -0.0282889 3.67873 0.0025 1.02216 1.0314 2.52223 0.0048916 308 4 1 1 
0.273255 -0.0139676 9.39096 0.0025 1.01133 1.01604 2.51145 0.004944 309 4 1 0.999775 
0.275746 0.00355143 6.28019 0.0025 0.998467 0.997711 2.4984 0.00500768 310 4 1 0.999485 
0.278263 0.011209 1.61655 0.0025 0.991078 0.987426 2.49098 0.00504501 311 4 1 0.999801 
0.280791 0.015304 2.79112 0.0025 0.986341 0.981015 2.48637 0.00506924 312 4 1 0.99994 
0.283332 0.0245656 5.46967 0.0025 0.978908 0.970692 2.47889 0.00510773 313 4 1 0.999867 
0.285899 0.036974 5.6538 0.0025 0.96922 0.957188 2.46898 0.00515879 314 4 1 0.99972 
0.288491 0.0484997 4.89079 0.0025 0.959753 0.944105 2.45928 0.00520967 315 4 1 0.999712 
0.291108 0.0592356 4.8044 0.0025 0.950848 0.931886 2.45015 0.00525847 316 4 1 0.999747 
0.29375 0.0703555 5.02559 0.0025 0.941844 0.919562 2.44085 0.00530874 317 4 1 0.999742 
0.296417 0.0819212 5.08401 0.0025 0.9326 0.906947 2.43124 0.00536136 318 4 1 0.999721 
0.299111 0.0936455 5.06489 0.0025 0.923273 0.894273 2.42148 0.00541552 319 4 1 0.999709 
0.301833 0.105488 5.06759 0.0025 0.913913 0.881606 2.41163 0.00547098 320 4 1 0.999701 
0.304583 0.117488 5.06711 0.0025 0.904512 0.868937 2.40168 0.00552784 321 4 1 0.999692 
0.307361 0.129668 5.07412 0.0025 0.895066 0.856259 2.39162 0.00558618 322 4 1 0.999683 
0.310169 0.141986 5.07887 0.0025 0.885571 0.84357 2.38144 0.00564608 323 4 1 0.999673 
0.313007 0.154463 5.06602 0.0025 0.876041 0.830889 2.37115 0.0057075 324 4 1 0.999664 
0.315877 0.167105 5.0727 0.0025 0.866475 0.818215 2.36076 0.00577051 325 4 1 0.999654 
0.318778 0.179892 5.06168 0.0025 0.856872 0.805548 2.35026 0.00583518 326 4 1 0.999644 
0.321712 0.192862 5.0524 0.0025 0.847242 0.792903 2.33966 0.0059015 327 4 1 0.999634 
0.32468 0.205982 5.05827 0.0025 0.837574 0.780265 2.32895 0.00596962 328 4 1 0.999623 
0.327682 0.219257 5.0424 0.0025 0.827871 0.76764 2.31812 0.00603959 329 4 1 0.999611 
0.330719 0.232717 5.03831 0.0025 0.81814 0.755038 2.30718 0.00611142 330 4 1 0.9996 
0.333793 0.246343 5.03045 0.0025 0.808376 0.742453 2.29613 0.00618524 331 4 1 0.999588 
0.336905 0.260152 5.01445 0.0025 0.798586 0.729896 2.28497 0.00626107 332 4 1 0.999576 
0.340055 0.274132 5.01057 0.0025 0.788767 0.717363 2.27369 0.00633901 333 4 1 0.999563 
0.343244 0.288286 5.00327 0.0025 0.778912 0.704847 2.26229 0.00641921 334 4 1 0.999549 
0.346474 0.302632 4.98078 0.0025 0.769036 0.692367 2.25077 0.00650165 335 4 1 0.999535 
0.349746 0.317159 4.97415 0.0025 0.759137 0.679922 2.23914 0.00658643 336 4 1 0.999522 
0.353061 0.331874 4.95478 0.0025 0.749212 0.667511 2.22738 0.00667368 337 4 1 0.999507 
0.35642 0.346794 4.94351 0.0025 0.739266 0.655138 2.21551 0.00676347 338 4 1 0.999492 
0.359825 0.36187 4.92481 0.0025 0.729297 0.642804 2.20351 0.00685592 339 4 1 0.999476 
0.363276 0.377172 4.90109 0.0025 0.719316 0.630522 2.1914 0.00695105 340 4 1 0.99946 
0.366776 0.392645 4.88428 0.0025 0.709322 0.618292 2.17917 0.00704899 341 4 1 0.999444 
0.370326 0.408313 4.84797 0.0025 0.699326 0.606129 2.16684 0.00714974 342 4 1 0.999428 
0.373926 0.424131 4.81926 0.0025 0.689342 0.594049 2.15441 0.0072533 343 4 1 0.999413 
0.377579 0.440085 4.7693 0.0025 0.679384 0.58207 2.14191 0.00735961 344 4 1 0.999399 
0.381286 0.456157 4.7027 0.0025 0.669491 0.570238 2.12938 0.00746837 345 4 1 0.999389 
0.385048 0.472248 4.62661 0.0025 0.659693 0.558589 2.11686 0.00757928 346 4 1 0.999382 
0.388866 0.488292 4.50503 0.0025 0.65005 0.547192 2.10443 0.00769171 347 4 1 0.999382 
0.39274 0.504113 4.35857 0.0025 0.64064 0.536134 2.09219 0.0078047 348 4 1 0.999392 
0.396671 0.51959 4.14134 0.0025 0.631562 0.525529 2.08029 0.00791688 349 4 1 0.999414 
0.400658 0.53447 3.89841 0.0025 0.622917 0.515485 2.06885 0.00802676 350 4 1 0.99945 
0.404698 0.548657 3.6529 0.0025 0.614732 0.506029 2.05794 0.00813363 351 4 1 0.999492 
0.408792 0.562275 3.49262 0.0025 0.606921 0.497052 2.04744 0.00823831 352 4 1 0.999528 
0.412937 0.575731 3.47328 0.0025 0.599249 0.488282 2.03706 0.00834377 353 4 1 0.999538 
0.417136 0.589745 3.65031 0.0025 0.591381 0.479332 2.02632 0.00845478 354 4 1 0.999511 
0.421392 0.604793 3.87514 0.0025 0.583077 0.469936 2.01489 0.00857519 355 4 1 0.999444 
0.425711 0.620844 3.98988 0.0025 0.574406 0.460179 2.00285 0.00870465 356 4 1 0.999371 
0.430097 0.637119 3.84455 0.0025 0.565755 0.450504 1.99073 0.00883775 357 4 1 0.999342 
0.43455 0.652505 3.40437 0.0025 0.557723 0.441573 1.97938 0.00896502 358 4 1 0.999398 
0.439063 0.665483 2.60836 0.0025 0.551025 0.434163 1.96983 0.009074 359 4 1 0.999548 
0.443624 0.674516 1.4975 0.0025 0.546386 0.429054 1.96318 0.00915104 360 4 1 0.999761 
0.448214 0.678509 0.340403 0.0025 0.544181 0.426635 1.96002 0.00918812 361 4 1 0.999939 
0.452812 0.678698 -0.0985676 0.0025 0.543724 0.426141 1.95937 0.00919584 362 5 1 0.999997 
0.45741 0.678535 -0.0455805 0.0025 0.543789 0.426216 1.95947 0.00919475 363 4 1 1 
0.462007 0.678225 -0.0974595 0.0025 0.543916 0.426356 1.95966 0.0091926 364 4 1 1 
0.466602 0.677784 -0.115868 0.0025 0.544127 0.426589 1.95997 0.00918903 365 4 1 0.999999 
0.471196 0.677269 -0.121573 0.0025 0.544381 0.42687 1.96034 0.00918474 366 4 1 0.999999 
0.475787 0.676739 -0.116485 0.0025 0.544651 0.427166 1.96074 0.0091802 367 4 1 0.999999 
0.480376 0.67624 -0.105174 0.0025 0.544911 0.427454 1.96112 0.00917581 368 4 1 0.999999 
0.484963 0.675797 -0.0903857 0.0025 0.545147 0.427715 1.96146 0.00917183 369 4 1 1 
0.489548 0.675418 -0.0751355 0.0025 0.545351 0.42794 1.96176 0.00916841 370 4 1 1 
0.494131 0.675103 -0.0617352 0.0025 0.545521 0.428129 1.96202 0.00916555 371 4 1 1 
0.498714 0.674845 -0.0506961 0.0025 0.545661 0.428284 1.96223 0.00916319 372 4 1 1 
0.503295 0.674634 -0.0417803 0.0025 0.545776 0.428412 1.9624 0.00916127 373 4 1 1 
0.507875 0.674458 -0.0349059 0.0025 0.54587 0.428518 1.96255 0.00915969 374 4 1 1 
0.512454 0.674309 -0.0298061 0.0025 0.545948 0.428606 1.96267 0.00915838 375 4 1 1 
0.517033 0.674182 -0.0259011 0.0025 0.546015 0.428681 1.96277 0.00915726 376 4 1 1 
0.521612 0.674072 -0.0227235 0.0025 0.546072 0.428747 1.96287 0.00915631 377 4 1 1 
0.526189 0.673975 -0.0200724 0.0025 0.546121 0.428804 1.96295 0.00915549 378 4 1 1 
0.530767 0.673889 -0.0178302 0.0025 0.546164 0.428854 1.96303 0.00915477 379 4 1 1 
0.535344 0.673812 -0.015885 0.0025 0.546201 0.428899 1.9631 0.00915414 380 4 1 1 
0.539921 0.673743 -0.0141657 0.0025 0.546233 0.428939 1.96317 0.0091536 381 4 1 1 
0.544498 0.673682 -0.012633 0.0025 0.546262 0.428974 1.96323 0.00915312 382 4 1 1 
0.549074 0.673627 -0.0112593 0.0025 0.546286 0.429006 1.96328 0.00915271 383 4 1 1 
0.553651 0.673578 -0.0100378 0.0025 0.546307 0.429034 1.96334 0.00915237 384 4 1 1 
0.558227 0.673535 -0.00897316 0.0025 0.546324 0.429059 1.96339 0.00915208 385 4 1 1 
0.562803 0.673495 -0.00805365 0.0025 0.546338 0.429082 1.96345 0.00915185 386 4 1 1 
0.567379 0.67346 -0.00724984 0.0025 0.546349 0.429102 1.9635 0.00915167 387 4 1 1 
0.571954 0.673428 -0.00653434 0.0025 0.546356 0.42912 1.96355 0.00915154 388 4 1 1 
0.57653 0.673399 -0.00589141 0.0025 0.546361 0.429136 1.96361 0.00915146 389 4 1 1 
0.581106 0.673372 -0.00531333 0.0025 0.546362 0.429151 1.96367 0.00915144 390 3 1 1 
0.585681 0.673348 -0.00479631 0.0025 0.54636 0.429164 1.96374 0.00915147 391 4 1 1 
0.590257 0.673326 -0.00433774 0.0025 0.546354 0.429175 1.96381 0.00915157 392 4 1 1 
0.594833 0.673305 -0.00393274 0.0025 0.546342 0.429184 1.9639 0.00915177 393 4 1 1 
0.599409 0.673286 -0.00357273 0.0025 0.546314 0.429182 1.96399 0.00915224 394 4 1 1 
0.603985 0.673269 -0.00324816 0.0025 0.546214 0.429127 1.9641 0.00915393 395 4 1 1 
0.608563 0.673253 -0.00295237 0.0025 0.545794 0.428872 1.96444 0.00916096 396 4 1 0.999999 
0.613146 0.673238 -0.00268329 0.0025 0.544167 0.42712 1.96227 0.00918836 397 4 1 0.999987 
0.617751 0.673224 -0.00243862 0.0025 0.531036 0.411643 1.93793 0.00941556 398 4 1 0.999667 
0.622567 0.673211 -0.0022064 0.0025 0.506942 0.440333 2.17152 0.00986306 399 4 1 0.994706 
0.627621 0.673197 -0.0019826 0.0025 0.481395 0.415688 2.15877 0.0103865 400 4 1 0.993698 
0.632963 0.673184 -0.00176227 0.0025 0.458899 0.450148 2.45233 0.0108956 401 4 1 0.993693 
0.638523 0.673171 -0.00154509 0.0025 0.450278 0.430674 2.39116 0.0111043 402 5 1 0.998658 
0.644067 0.673159 -0.00133942 0.0025 0.451871 0.428996 2.37344 0.0110651 403 4 1 0.999967 
0.649588 0.673147 -0.00114414 0.0025 0.453491 0.428949 2.3647 0.0110256 404 4 1 0.999986 
0.655093 0.673136 -0.000956695 0.0025 0.454577 0.429081 2.35978 0.0109992 405 4 1 0.999994 
0.660587 0.673126 -0.000774588 0.0025 0.455273 0.429161 2.35661 0.0109824 406 4 1 0.999997 
0.666075 0.673115 -0.000596419 0.0025 0.455743 0.429202 2.35441 0.0109711 407 4 1 0.999999 
0.671558 0.673105 -0.000422682 0.0025 0.456077 0.429225 2.35281 0.0109631 408 4 1 0.999999 
0.677038 0.673095 -0.000255074 0.0025 0.456323 0.429238 2.35161 0.0109572 409 4 1 1 
0.682515 0.673085 -9.46474e-05 0.0025 0.456509 0.429246 2.3507 0.0109527 410 4 1 1 
0.687991 0.673076 6.06712e-05 0.0025 0.456654 0.429251 2.34998 0.0109492 411 4 1 1 
0.693465 0.673066 0.000217797 0.0025 0.456767 0.429254 2.34942 0.0109465 412 4 1 1 
0.698937 0.673056 0.000391255 0.0025 0.456856 0.429256 2.34897 0.0109444 413 4 1 1 
0.704409 0.673045 0.000612948 0.0025 0.456927 0.429256 2.3486 0.0109427 414 4 1 1 
0.70988 0.673034 0.00095421 0.0025 0.456984 0.429255 2.34831 0.0109413 415 4 1 1 
0.71535 0.67302 0.00165108 0.0025 0.457028 0.429251 2.34806 0.0109402 416 4 1 1 
0.72082 0.673 0.00341164 0.0025 0.457059 0.429241 2.34784 0.0109395 417 4 1 1 
0.72629 0.672959 0.00844208 0.0025 0.457068 0.429212 2.34763 0.0109393 418 3 1 1 
0.731759 0.672856 0.0239937 0.0025 0.457029 0.429126 2.34736 0.0109402 419 4 1 1 
0.73723 0.672562 0.0703503 0.0025 0.456854 0.428868 2.34685 0.0109444 420 4 1 1 
0.742704 0.671694 0.208161 0.0025 0.456293 0.428109 2.34557 0.0109579 421 4 1 0.999997 
0.748188 0.669213 0.588414 0.0025 0.454685 0.42598 2.34215 0.0109966 422 4 1 0.999978 
0.753701 0.66255 1.49492 0.0025 0.450559 0.42056 2.3335 0.0110973 423 4 1 0.999844 
0.759286 0.646323 3.608 0.0025 0.441015 0.408087 2.31325 0.0113375 424 4 1 0.999139 
0.765041 0.6104 7.2445 0.0025 0.422228 0.383745 2.27199 0.011842 425 4 1 0.996423 
0.771139 0.540151 14.846 0.0025 0.389062 0.341396 2.19349 0.0128514 426 4 1 0.989253 
0.777937 0.395686 27.8358 0.0025 0.340664 0.28149 2.06569 0.0146772 427 4 1 0.974608 
0.785947 0.19536 28.1348 0.0025 0.292503 0.225197 1.92498 0.0170938 428 4 1 0.960164 
0.795169 0.0534405 13.1898 0.0025 0.262858 0.192764 1.83361 0.0190217 429 4 1 0.973626 
0.80501 0.0061486 2.56902 0.0025 0.252184 0.181697 1.80133 0.0198268 430 4 1 0.994611 
0.814999 -0.000174229 0.11585 0.0025 0.250122 0.179621 1.79534 0.0199902 431 4 1 0.999746 
0.825 -8.41408e-05 -0.0380235 0.0025 0.249981 0.179481 1.79495 0.0200015 432 5 1 0.999999 
0.835 4.77942e-06 -0.000772321 0.0025 0.249999 0.179499 1.795 0.0200001 433 4 1 1 
0.845 2.34484e-06 0.000434897 0.0025 0.25 0.1795 1.795 0.02 434 3 1 1 
0.855 5.78318e-07 0.000125356 0.0025 0.25 0.1795 1.795 0.02 435 4 1 1 
0.865 1.30402e-07 2.89595e-05 0.0025 0.25 0.1795 1.795 0.02 436 4 1 1 
0.875 2.86236e-08 6.45629e-06 0.0025 0.25 0.1795 1.795 0.02 437 4 1 1 
0.885 6.15562e-09 1.41385e-06 0.0025 0.25 0.1795 1.795 0.02 438 4 1 1 
0.895 1.29315e-09 3.03698e-07 0.0025 0.25 0.1795 1.795 0.02 439 4 1 1 
0.905 2.64189e-10 6.36919e-08 0.0025 0.25 0.1795 1.795 0.02 440 4 1 1 
0.915 5.2262e-11 1.2979e-08 0.0025 0.25 0.1795 1.795 0.02 441 4 1 1 
0.925 9.97249e-12 2.5579e-09 0.0025 0.25 0.1795 1.795 0.02 442 4 1 1 
0.935 1.83555e-12 4.86537e-10 0.0025 0.25 0.1795 1.795 0.02 443 4 1 1 
0.945 3.2948e-13 8.86757e-11 0.0025 0.25 0.1795 1.795 0.02 444 4 1 1 
0.955 4.53559e-14 1.79057e-11 0.0025 0.25 0.1795 1.795 0.02 445 4 1 1 
0.965 7.43876e-15 7.95808e-13 0.0025 0.25 0.1795 1.795 0.02 446 5 1 1 
0.975 7.65333e-16 7.10543e-14 0.0025 0.25 0.1795 1.795 0.02 447 5 1 1 
0.985 4.65307e-15 2.27374e-13 0.0025 0.25 0.1795 1.795 0.02 448 5 1 1 
0.995 -2.17366e-15 2.55795e-13 0.0025 0.25 0.1795 1.795 0.02 449 3 1 1 
1.005 2.17366e-15 -2.55795e-13 0.0025 0.25 0.1795 1.795 0.02 450 3 1 1 
1.015 -4.65307e-15 -2.27374e-13 0.0025 0.25 0.1795 1.795 0.02 451 5 1 1 
1.025 -7.74054e-16 -7.10543e-14 0.0025 0.25 0.1795 1.795 0.02 452 5 1 1 
1.035 -7.61333e-15 -4.83169e-13 0.0025 0.25 0.1795 1.795 0.02 453 5 1 1 
1.045 -3.23171e-14 -1.65414e-11 0.0025 0.25 0.1795 1.795 0.02 454 4 1 1 
1.055 -3.32488e-13 -9.07789e-11 0.0025 0.25 0.1795 1.795 0.02 455 4 1 1 
1.065 -1.83507e-12 -4.84476e-10 0.0025 0.25 0.1795 1.795 0.02 456 4 1 1 
1.075 -9.96657e-12 -2.56023e-09 0.0025 0.25 0.1795 1.795 0.02 457 4 1 1 
1.085 -5.22746e-11 -1.29809e-08 0.0025 0.25 0.1795 1.795 0.02 458 4 1 1 
1.095 -2.64171e-10 -6.369e-08 0.0025 0.25 0.1795 1.795 0.02 459 4 1 1 
1.105 -1.29317e-09 -3.03695e-07 0.0025 0.25 0.1795 1.795 0.02 460 4 1 1 
1.115 -6.15562e-09 -1.41385e-06 0.0025 0.25 0.1795 1.795 0.02 461 4 1 1 
1.125 -2.86236e-08 -6.4563e-06 0.0025 0.25 0.1795 1.795 0.02 462 4 1 1 
1.135 -1.30402e-07 -2.89595e-05 0.0025 0.25 0.1795 1.795 0.02 463 4 1 1 
1.145 -5.78318e-07 -0.000125356 0.0025 0.25 0.1795 1.795 0.02 464 4 1 1 
1.155 -2.34484e-06 -0.000434897 0.0025 0.25 0.1795 1.795 0.02 465 3 1 1 
1.165 -4.77942e-06 0.000772321 0.0025 0.249999 0.179499 1.795 0.0200001 466 4 1 1 
1.175 8.41408e-05 0.0380235 0.0025 0.249981 0.179481 1.79495 0.0200015 467 5 1 0.999999 
1.185 0.000174229 -0.11585 0.0025 0.250122 0.179621 1.79534 0.0199902 468 4 1 0.999746 
1.19499 -0.0061486 -2.56902 0.0025 0.252184 0.181697 1.80133 0.0198268 469 4 1 0.994611 
1.20483 -0.0534405 -13.1898 0.0025 0.262858 0.192764 1.83361 0.0190217 470 4 1 0.973626 
1.21405 -0.19536 -28.1348 0.0025 0.292503 0.225197 1.92498 0.0170938 471 4 1 0.960164 
1.22206 -0.395686 -27.8358 0.0025 0.340664 0.28149 2.06569 0.0146772 472 4 1 0.974608 
1.22886 -0.540151 -14.846 0.0025 0.389062 0.341396 2.19349 0.0128514 473 4 1 0.989253 
1.23496 -0.6104 -7.2445 0.0025 0.422228 0.383745 2.27199 0.011842 474 4 1 0.996423 
1.24071 -0.646323 -3.608 0.0025 0.441015 0.408087 2.31325 0.0113375 475 4 1 0.999139 
1.2463 -0.66255 -1.49492 0.0025 0.450559 0.42056 2.3335 0.0110973 476 4 1 0.999844 
1.25181 -0.669213 -0.588414 0.0025 0.454685 0.42598 2.34215 0.0109966 477 4 1 0.999978 
1.2573 -0.671694 -0.208161 0.0025 0.456293 0.428109 2.34557 0.0109579 478 4 1 0.999997 
1.26277 -0.672562 -0.0703503 0.0025 0.456854 0.428868 2.34685 0.0109444 479 4 1 1 
1.26824 -0.672856 -0.0239937 0.0025 0.457029 0.429126 2.34736 0.0109402 480 4 1 1 
1.27371 -0.672959 -0.00844208 0.0025 0.457068 0.429212 2.34763 0.0109393 481 3 1 1 
1.27918 -0.673 -0.00341164 0.0025 0.457059 0.429241 2.34784 0.0109395 482 4 1 1 
1.28465 -0.67302 -0.00165108 0.0025 0.457028 0.429251 2.34806 0.0109402 483 4 1 1 
1.29012 -0.673034 -0.00095421 0.0025 0.456984 0.429255 2.34831 0.0109413 484 4 1 1 
1.29559 -0.673045 -0.000612948 0.0025 0.456927 0.429256 2.3486 0.0109427 485 4 1 1 
1.30106 -0.673056 -0.000391255 0.0025 0.456856 0.429256 2.34897 0.0109444 486 4 1 1 
1.30654 -0.673066 -0.000217797 0.0025 0.456767 0.429254 2.34942 0.0109465 487 4 1 1 
1.31201 -0.673076 -6.06712e-05 0.0025 0.456654 0.429251 2.34998 0.0109492 488 4 1 1 
1.31748 -0.673085 9.46474e-05 0.0025 0.456509 0.429246 2.3507 0.0109527 489 4 1 1 
1.32296 -0.673095 0.000255074 0.0025 0.456323 0.429238 2.35161 0.0109572 490 4 1 1 
1.32844 -0.673105 0.000422682 0.0025 0.456077 0.429225 2.35281 0.0109631 491 4 1 0.999999 
1.33393 -0.673115 0.000596419 0.0025 0.455743 0.429202 2.35441 0.0109711 492 4 1 0.999999 
1.33941 -0.673126 0.000774588 0.0025 0.455273 0.429161 2.35661 0.0109824 493 4 1 0.999997 
1.34491 -0.673136 0.000956695 0.0025 0.454577 0.429081 2.35978 0.0109992 494 4 1 0.999994 
1.35041 -0.673147 0.00114414 0.0025 0.453491 0.428949 2.3647 0.0110256 495 4 1 0.999986 
1.35593 -0.673159 0.00133942 0.0025 0.451871 0.428996 2.37344 0.0110651 496 4 1 0.999967 
1.36148 -0.673171 0.00154509 0.0025 0.450278 0.430674 2.39116 0.0111043 497 5 1 0.998658 
1.36704 -0.673184 0.00176227 0.0025 0.458899 0.450148 2.45233 0.0108956 498 4 1 0.993693 
1.37238 -0.673197 0.0019826 0.0025 0.481395 0.415688 2.15877 0.0103865 499 4 1 0.993698 
