# Time [s]: 0.181621
# Columns: pos [m], vel [m/s], acc [m/s^2], mass [kg], dens [kg/m^3], pres [Pa], ene [J/kg], sml [m], id, neighbor, alpha, gradh, ...additional?
1.37991 -0.673219 0.00237318 0.0025 0.506937 0.440327 2.17151 0.00986316 0 4 1 0.994706 
1.38473 -0.673234 0.00262249 0.0025 0.53103 0.411637 1.93792 0.00941567 1 4 1 0.999667 
1.38933 -0.673248 0.0028844 0.0025 0.54416 0.427113 1.96226 0.00918847 2 4 1 0.999987 
1.39392 -0.673264 0.00317451 0.0025 0.545787 0.428865 1.96443 0.00916108 3 4 1 0.999999 
1.39849 -0.673281 0.00349667 0.0025 0.546206 0.429119 1.96409 0.00915405 4 4 1 1 
1.40307 -0.6733 0.00385139 0.0025 0.546306 0.429173 1.96398 0.00915238 5 4 1 1 
1.40765 -0.67332 0.00424267 0.0025 0.546333 0.429174 1.96388 0.00915192 6 4 1 1 
1.41222 -0.673342 0.00467989 0.0025 0.546344 0.429164 1.9638 0.00915174 7 4 1 1 
1.4168 -0.673366 0.00517559 0.0025 0.546349 0.429152 1.96373 0.00915165 8 4 1 1 
1.42137 -0.673392 0.00574061 0.0025 0.546351 0.429138 1.96366 0.00915163 9 3 1 1 
1.42595 -0.673421 0.00638141 0.0025 0.546348 0.429122 1.96359 0.00915167 10 4 1 1 
1.43053 -0.673453 0.00710261 0.0025 0.546342 0.429105 1.96353 0.00915177 11 4 1 1 
1.4351 -0.673487 0.00791067 0.0025 0.546333 0.429085 1.96348 0.00915193 12 4 1 1 
1.43968 -0.673526 0.00881506 0.0025 0.54632 0.429063 1.96342 0.00915214 13 4 1 1 
1.44425 -0.673569 0.00983366 0.0025 0.546305 0.429038 1.96337 0.0091524 14 4 1 1 
1.44883 -0.673617 0.0109989 0.0025 0.546285 0.429011 1.96331 0.00915273 15 4 1 1 
1.45341 -0.673671 0.0123426 0.0025 0.546262 0.42898 1.96325 0.00915311 16 4 1 1 
1.45798 -0.673731 0.013869 0.0025 0.546235 0.428945 1.96319 0.00915357 17 4 1 1 
1.46256 -0.673798 0.0155685 0.0025 0.546204 0.428906 1.96312 0.0091541 18 4 1 1 
1.46714 -0.673873 0.0174644 0.0025 0.546167 0.428862 1.96305 0.0091547 19 4 1 1 
1.47171 -0.673958 0.0196178 0.0025 0.546126 0.428813 1.96298 0.0091554 20 4 1 1 
1.47629 -0.674053 0.0221202 0.0025 0.546078 0.428757 1.96289 0.0091562 21 4 1 1 
1.48087 -0.67416 0.0251491 0.0025 0.546023 0.428694 1.9628 0.00915712 22 4 1 1 
1.48545 -0.674283 0.0289687 0.0025 0.54596 0.428621 1.9627 0.00915819 23 4 1 1 
1.49003 -0.674426 0.0338295 0.0025 0.545884 0.428536 1.96258 0.00915946 24 4 1 1 
1.49461 -0.674595 0.0400812 0.0025 0.545793 0.428434 1.96244 0.00916097 25 4 1 1 
1.49919 -0.674799 0.0484029 0.0025 0.545684 0.428311 1.96227 0.00916281 26 4 1 1 
-0.496228 -0.675048 0.0593711 0.0025 0.54555 0.428162 1.96207 0.00916507 27 4 1 1 
-0.491645 -0.67535 0.0726951 0.0025 0.545385 0.427979 1.96182 0.00916783 28 4 1 1 
-0.48706 -0.675717 0.0875558 0.0025 0.545187 0.42776 1.96153 0.00917116 29 4 1 1 
-0.482474 -0.676153 0.103088 0.0025 0.544955 0.427504 1.96119 0.00917506 30 4 1 0.999999 
-0.477885 -0.676649 0.116772 0.0025 0.544695 0.427217 1.96081 0.00917944 31 4 1 0.999999 
-0.473294 -0.677182 0.123651 0.0025 0.544421 0.426914 1.9604 0.00918407 32 4 1 0.999999 
-0.468701 -0.677716 0.119505 0.0025 0.544156 0.426622 1.96002 0.00918854 33 4 1 0.999999 
-0.464106 -0.678189 0.103335 0.0025 0.543931 0.426374 1.95969 0.00919234 34 4 1 0.999999 
-0.459509 -0.678542 0.0655496 0.0025 0.543784 0.426211 1.95947 0.00919483 35 4 1 1 
-0.454911 -0.678675 0.0740094 0.0025 0.543695 0.426111 1.95933 0.00919633 36 5 1 0.999999 
-0.450313 -0.678772 -0.190135 0.0025 0.543996 0.426434 1.95975 0.00919125 37 4 1 0.999955 
-0.44572 -0.675556 -1.31469 0.0025 0.545865 0.428482 1.96244 0.00915977 38 4 1 0.999788 
-0.441153 -0.667121 -2.49745 0.0025 0.550193 0.433246 1.96864 0.00908772 39 4 1 0.999564 
-0.436632 -0.654418 -3.36743 0.0025 0.556734 0.440476 1.97797 0.00898095 40 4 1 0.999393 
-0.432171 -0.639024 -3.87737 0.0025 0.56476 0.449395 1.98933 0.00885332 41 4 1 0.999324 
-0.427778 -0.622533 -4.0448 0.0025 0.573506 0.459171 2.0016 0.00871831 42 4 1 0.999348 
-0.423452 -0.60616 -3.95217 0.0025 0.582321 0.469084 2.01385 0.00858633 43 4 1 0.999422 
-0.419191 -0.590808 -3.71512 0.0025 0.590781 0.478652 2.0255 0.00846337 44 4 1 0.999493 
-0.414989 -0.576547 -3.534 0.0025 0.598789 0.487757 2.03643 0.00835019 45 4 1 0.999525 
-0.410841 -0.562893 -3.53384 0.0025 0.606577 0.496658 2.04698 0.00824298 46 4 1 0.999514 
-0.406745 -0.549056 -3.70558 0.0025 0.614496 0.505757 2.05762 0.00813675 47 4 1 0.999476 
-0.402703 -0.534657 -3.96206 0.0025 0.622809 0.51536 2.06871 0.00802815 48 4 1 0.999431 
-0.398717 -0.519524 -4.21912 0.0025 0.631605 0.52558 2.08034 0.00791633 49 4 1 0.999393 
-0.394787 -0.503779 -4.4403 0.0025 0.640851 0.536382 2.09247 0.00780212 50 4 1 0.99937 
-0.390914 -0.487633 -4.58925 0.0025 0.650437 0.547648 2.10493 0.00768714 51 4 1 0.999359 
-0.387099 -0.471288 -4.72416 0.0025 0.660268 0.559272 2.1176 0.00757268 52 4 1 0.999359 
-0.383341 -0.45489 -4.80015 0.0025 0.670266 0.571163 2.13037 0.00745973 53 4 1 0.999366 
-0.379639 -0.438524 -4.8711 0.0025 0.680361 0.583243 2.14314 0.00734904 54 4 1 0.999378 
-0.375992 -0.422263 -4.91199 0.0025 0.690515 0.595465 2.15588 0.00724097 55 4 1 0.999393 
-0.372398 -0.406139 -4.95074 0.0025 0.700695 0.607791 2.16853 0.00713577 56 4 1 0.999408 
-0.368855 -0.390201 -4.98816 0.0025 0.710893 0.62021 2.1811 0.00703341 57 4 1 0.999425 
-0.365364 -0.374448 -5.00157 0.0025 0.721086 0.632696 2.19356 0.00693398 58 4 1 0.999442 
-0.361921 -0.358885 -5.02813 0.0025 0.731264 0.645233 2.20589 0.00683748 59 4 1 0.999459 
-0.358526 -0.343536 -5.04006 0.0025 0.741424 0.657818 2.21809 0.00674378 60 4 1 0.999475 
-0.355177 -0.328359 -5.06265 0.0025 0.751564 0.670447 2.23018 0.00665279 61 4 1 0.999491 
-0.351873 -0.313412 -5.07765 0.0025 0.761685 0.683121 2.24214 0.00656439 62 4 1 0.999507 
-0.348612 -0.298641 -5.08429 0.0025 0.771776 0.695824 2.25397 0.00647856 63 4 1 0.999521 
-0.345394 -0.284061 -5.10606 0.0025 0.781842 0.708562 2.26569 0.00639515 64 4 1 0.999536 
-0.342217 -0.269672 -5.10851 0.0025 0.79188 0.72133 2.27728 0.00631409 65 4 1 0.99955 
-0.33908 -0.255472 -5.12387 0.0025 0.801886 0.734122 2.28874 0.0062353 66 4 1 0.999563 
-0.335981 -0.241461 -5.13773 0.0025 0.811868 0.746948 2.30009 0.00615863 67 4 1 0.999576 
-0.332921 -0.227626 -5.13777 0.0025 0.821816 0.759792 2.31133 0.00608409 68 4 1 0.999589 
-0.329897 -0.213963 -5.14551 0.0025 0.831725 0.772648 2.32243 0.0060116 69 4 1 0.999601 
-0.326909 -0.200485 -5.15816 0.0025 0.841605 0.785527 2.33343 0.00594103 70 4 1 0.999613 
-0.323956 -0.187169 -5.15733 0.0025 0.851451 0.798422 2.34431 0.00587233 71 4 1 0.999624 
-0.321036 -0.174033 -5.17203 0.0025 0.861263 0.811334 2.35507 0.00580542 72 4 1 0.999635 
-0.31815 -0.161068 -5.17018 0.0025 0.871043 0.82426 2.36573 0.00574025 73 4 1 0.999646 
-0.315296 -0.148245 -5.16587 0.0025 0.880775 0.837182 2.37627 0.00567682 74 4 1 0.999656 
-0.312473 -0.1356 -5.18126 0.0025 0.890474 0.850116 2.3867 0.00561499 75 4 1 0.999666 
-0.309681 -0.123118 -5.17061 0.0025 0.900133 0.863054 2.39702 0.00555473 76 4 1 0.999676 
-0.306918 -0.110797 -5.16719 0.0025 0.909741 0.875978 2.40722 0.00549607 77 4 1 0.999685 
-0.304185 -0.0986612 -5.16893 0.0025 0.919306 0.888899 2.41731 0.00543888 78 4 1 0.999694 
-0.301479 -0.0866475 -5.17549 0.0025 0.928833 0.901822 2.4273 0.0053831 79 4 1 0.999705 
-0.298801 -0.0747704 -5.15405 0.0025 0.938294 0.914713 2.43717 0.00532882 80 4 1 0.999725 
-0.29615 -0.0632721 -4.96277 0.0025 0.947554 0.927375 2.44676 0.00527674 81 4 1 0.999738 
-0.293524 -0.052271 -4.91265 0.0025 0.956632 0.939816 2.45609 0.00522667 82 4 1 0.99971 
-0.290923 -0.040799 -5.56806 0.0025 0.966117 0.95289 2.46581 0.00517536 83 4 1 0.999695 
-0.288349 -0.028162 -5.81599 0.0025 0.976084 0.966756 2.47601 0.00512251 84 4 1 0.999823 
-0.285801 -0.0175588 -3.58133 0.0025 0.984396 0.978329 2.48443 0.00507926 85 4 1 0.999935 
-0.28327 -0.0125027 -1.47791 0.0025 0.989603 0.985415 2.48954 0.00505253 86 4 1 0.999849 
-0.280748 -0.00644648 -5.08092 0.0025 0.99606 0.994318 2.49596 0.00501978 87 4 1 0.999507 
-0.27825 0.0097228 -9.6533 0.0025 1.00832 1.01175 2.50842 0.00495874 88 4 1 0.999662 
-0.275789 0.0265583 -5.35879 0.0025 1.02061 1.02923 2.52072 0.00489902 89 4 1 0.999993 
-0.273351 0.0309192 -0.0283854 0.0025 1.02542 1.0359 2.52535 0.00487605 90 3 1 1 
-0.270913 0.0297531 0.843804 0.0025 1.02481 1.03494 2.52468 0.00487897 91 4 1 1 
-0.268472 0.0275314 1.16652 0.0025 1.02284 1.03214 2.52273 0.00488836 92 4 1 0.99999 
-0.266025 0.0247672 1.4006 0.0025 1.02041 1.02871 2.52032 0.00490001 93 4 1 0.999984 
-0.263572 0.0216627 1.5365 0.0025 1.01773 1.02492 2.51766 0.0049129 94 4 1 0.99998 
-0.261112 0.018413 1.57814 0.0025 1.01497 1.02103 2.51492 0.00492625 95 4 1 0.999978 
-0.258645 0.0152058 1.53029 0.0025 1.01229 1.01725 2.51225 0.00493931 96 4 1 0.999979 
-0.256172 0.0122022 1.40991 0.0025 1.0098 1.01375 2.50978 0.00495145 97 4 1 0.999981 
-0.253694 0.00951972 1.24012 0.0025 1.00761 1.01066 2.50759 0.00496224 98 4 1 0.999985 
-0.25121 0.00722606 1.04559 0.0025 1.00575 1.00805 2.50574 0.00497142 99 4 1 0.999989 
-0.248722 0.00534149 0.848132 0.0025 1.00423 1.00592 2.50422 0.00497893 100 4 1 0.999993 
-0.246231 0.0038487 0.663983 0.0025 1.00304 1.00425 2.50303 0.00498485 101 4 1 0.999995 
-0.243738 0.00270548 0.503088 0.0025 1.00213 1.00298 2.50212 0.00498938 102 4 1 0.999997 
-0.241242 0.00185691 0.369769 0.0025 1.00146 1.00203 2.50145 0.00499273 103 4 1 0.999999 
-0.238745 0.00124518 0.264139 0.0025 1.00097 1.00136 2.50097 0.00499513 104 4 1 0.999999 
-0.236247 0.000816195 0.183651 0.0025 1.00064 1.00089 2.50063 0.00499682 105 4 1 1 
-0.233748 0.000523164 0.124425 0.0025 1.00041 1.00057 2.50041 0.00499796 106 4 1 1 
-0.231249 0.000328005 0.0822136 0.0025 1.00025 1.00036 2.50025 0.00499873 107 4 1 1 
-0.228749 0.000201188 0.0530121 0.0025 1.00016 1.00022 2.50016 0.00499922 108 4 1 1 
-0.22625 0.00012074 0.0333734 0.0025 1.00009 1.00013 2.50009 0.00499953 109 4 1 1 
-0.22375 7.09012e-05 0.0205192 0.0025 1.00005 1.00008 2.50005 0.00499973 110 4 1 1 
-0.22125 4.07395e-05 0.0123242 0.0025 1.00003 1.00004 2.50003 0.00499984 111 4 1 1 
-0.21875 2.2905e-05 0.00723205 0.0025 1.00002 1.00002 2.50002 0.00499991 112 4 1 1 
-0.21625 1.26004e-05 0.00414684 0.0025 1.00001 1.00001 2.50001 0.00499995 113 4 1 1 
-0.21375 6.78187e-06 0.00232355 0.0025 1.00001 1.00001 2.50001 0.00499997 114 4 1 1 
-0.21125 3.57102e-06 0.00127228 0.0025 1 1 2.5 0.00499999 115 4 1 1 
-0.20875 1.83937e-06 0.000680774 0.0025 1 1 2.5 0.00499999 116 4 1 1 
-0.20625 9.2669e-07 0.000355964 0.0025 1 1 2.5 0.005 117 4 1 1 
-0.20375 4.56591e-07 0.000181873 0.0025 1 1 2.5 0.005 118 4 1 1 
-0.20125 2.19979e-07 9.07937e-05 0.0025 1 1 2.5 0.005 119 4 1 1 
-0.19875 1.03615e-07 4.42815e-05 0.0025 1 1 2.5 0.005 120 4 1 1 
-0.19625 4.77047e-08 2.10966e-05 0.0025 1 1 2.5 0.005 121 4 1 1 
-0.19375 2.14635e-08 9.81645e-06 0.0025 1 1 2.5 0.005 122 4 1 1 
-0.19125 9.43476e-09 4.46032e-06 0.0025 1 1 2.5 0.005 123 4 1 1 
-0.18875 4.05064e-09 1.97854e-06 0.0025 1 1 2.5 0.005 124 4 1 1 
-0.18625 1.69801e-09 8.56628e-07 0.0025 1 1 2.5 0.005 125 4 1 1 
-0.18375 6.9473e-10 3.61855e-07 0.0025 1 1 2.5 0.005 126 4 1 1 
-0.18125 2.77307e-10 1.49106e-07 0.0025 1 1 2.5 0.005 127 4 1 1 
-0.17875 1.07943e-10 5.98951e-08 0.0025 1 1 2.5 0.005 128 4 1 1 
-0.17625 4.09402e-11 2.34485e-08 0.0025 1 1 2.5 0.005 129 4 1 1 
-0.17375 1.51404e-11 8.93561e-09 0.0025 1 1 2.5 0.005 130 4 1 1 
-0.17125 5.44664e-12 3.32045e-09 0.0025 1 1 2.5 0.005 131 4 1 1 
-0.16875 1.90168e-12 1.19587e-09 0.0025 1 1 2.5 0.005 132 4 1 1 
-0.16625 6.40453e-13 4.25416e-10 0.0025 1 1 2.5 0.005 133 4 1 1 
-0.16375 2.17452e-13 1.38698e-10 0.0025 1 1 2.5 0.005 134 4 1 1 
-0.16125 6.49533e-14 5.09317e-11 0.0025 1 1 2.5 0.005 135 4 1 1 
-0.15875 1.63085e-14 1.73372e-11 0.0025 1 1 2.5 0.005 136 4 1 1 
-0.15625 8.5468e-16 2.10321e-12 0.0025 1 1 2.5 0.005 137 5 1 1 
-0.15375 3.48835e-17 -3.9443e-29 0.0025 1 1 2.5 0.005 138 5 1 1 
-0.15125 6.87955e-48 0 0.0025 1 1 2.5 0.005 139 5 1 1 
-0.14875 0 0 0.0025 1 1 2.5 0.005 140 5 1 1 
-0.14625 0 0 0.0025 1 1 2.5 0.005 141 5 1 1 
-0.14375 0 0 0.0025 1 1 2.5 0.005 142 5 1 1 
-0.14125 0 0 0.0025 1 1 2.5 0.005 143 5 1 1 
-0.13875 0 0 0.0025 1 1 2.5 0.005 144 5 1 1 
-0.13625 0 0 0.0025 1 1 2.5 0.005 145 5 1 1 
-0.13375 0 0 0.0025 1 1 2.5 0.005 146 5 1 1 
-0.13125 0 0 0.0025 1 1 2.5 0.005 147 5 1 1 
-0.12875 0 0 0.0025 1 1 2.5 0.005 148 5 1 1 
-0.12625 0 0 0.0025 1 1 2.5 0.005 149 5 1 1 
-0.12375 0 0 0.0025 1 1 2.5 0.005 150 5 1 1 
-0.12125 0 0 0.0025 1 1 2.5 0.005 151 5 1 1 
-0.11875 0 0 0.0025 1 1 2.5 0.005 152 5 1 1 
-0.11625 0 0 0.0025 1 1 2.5 0.005 153 5 1 1 
-0.11375 0 0 0.0025 1 1 2.5 0.005 154 5 1 1 
-0.11125 0 0 0.0025 1 1 2.5 0.005 155 5 1 1 
-0.10875 0 0 0.0025 1 1 2.5 0.005 156 5 1 1 
-0.10625 0 0 0.0025 1 1 2.5 0.005 157 5 1 1 
-0.10375 0 0 0.0025 1 1 2.5 0.005 158 5 1 1 
-0.10125 0 0 0.0025 1 1 2.5 0.005 159 5 1 1 
-0.09875 0 0 0.0025 1 1 2.5 0.005 160 5 1 1 
-0.09625 0 0 0.0025 1 1 2.5 0.005 161 5 1 1 
-0.09375 0 0 0.0025 1 1 2.5 0.005 162 5 1 1 
-0.09125 0 0 0.0025 1 1 2.5 0.005 163 5 1 1 
-0.08875 0 0 0.0025 1 1 2.5 0.005 164 5 1 1 
-0.08625 0 0 0.0025 1 1 2.5 0.005 165 5 1 1 
-0.08375 0 0 0.0025 1 1 2.5 0.005 166 5 1 1 
-0.08125 0 0 0.0025 1 1 2.5 0.005 167 5 1 1 
-0.07875 0 0 0.0025 1 1 2.5 0.005 168 5 1 1 
-0.07625 0 0 0.0025 1 1 2.5 0.005 169 5 1 1 
-0.07375 0 0 0.0025 1 1 2.5 0.005 170 5 1 1 
-0.07125 0 0 0.0025 1 1 2.5 0.005 171 5 1 1 
-0.06875 0 0 0.0025 1 1 2.5 0.005 172 5 1 1 
-0.06625 -4.63421e-46 -1.12104e-44 0.0025 1 1 2.5 0.005 173 5 1 1 
-0.06375 -1.39071e-16 -1.12104e-44 0.0025 1 1 2.5 0.005 174 5 1 1 
-0.06125 -2.94908e-16 -5.68434e-14 0.0025 1 1 2.5 0.005 175 5 1 1 
-0.05875 -4.327e-16 5.68434e-14 0.0025 1 1 2.5 0.005 176 5 1 1 
-0.05625 -5.69763e-16 -5.68434e-14 0.0025 1 1 2.5 0.005 177 5 1 1 
-0.05375 -7.23395e-16 -5.60519e-44 0.0025 1 1 2.5 0.005 178 5 1 1 
-0.05125 -1.04982e-15 -1.7053e-13 0.0025 1 1 2.5 0.005 179 5 1 1 
-0.04875 -1.82807e-15 -4.54747e-13 0.0025 1 1 2.5 0.005 180 5 1 1 
-0.04625 -4.97638e-15 -9.66338e-13 0.0025 1 1 2.5 0.005 181 3 1 1 
-0.04375 -1.82437e-15 2.44427e-12 0.0025 1 1 2.5 0.005 182 3 1 1 
-0.04125 1.25965e-15 -3.97904e-13 0.0025 1 1 2.5 0.005 183 5 1 1 
-0.03875 2.75395e-16 -2.84217e-13 0.0025 1 1 2.5 0.005 184 5 1 1 
-0.03625 -3.88521e-16 -3.97904e-13 0.0025 1 1 2.5 0.005 185 5 1 1 
-0.03375 -5.22671e-15 -5.68434e-14 0.0025 1 1 2.5 0.005 186 4 1 1 
-0.03125 -1.38974e-15 -3.41061e-13 0.0025 1 1 2.5 0.005 187 3 1 1 
-0.02875 -1.09366e-15 7.95808e-13 0.0025 1 1 2.5 0.005 188 4 1 1 
-0.02625 -1.31401e-15 -1.7053e-13 0.0025 1 1 2.5 0.005 189 4 1 1 
-0.02375 -2.46163e-15 -2.84217e-13 0.0025 1 1 2.5 0.005 190 3 1 1 
-0.02125 -3.36488e-16 5.68434e-13 0.0025 1 1 2.5 0.005 191 4 1 1 
-0.01875 -5.92724e-16 -3.41061e-13 0.0025 1 1 2.5 0.005 192 5 1 1 
-0.01625 -2.00961e-15 -3.41061e-13 0.0025 1 1 2.5 0.005 193 4 1 1 
-0.01375 -3.37574e-16 3.97904e-13 0.0025 1 1 2.5 0.005 194 3 1 1 
-0.01125 -8.06109e-16 5.68434e-14 0.0025 1 1 2.5 0.005 195 5 1 1 
-0.00875 -1.27949e-15 -1.13687e-13 0.0025 1 1 2.5 0.005 196 4 1 1 
-0.00625 -1.44929e-16 5.68434e-14 0.0025 1 1 2.5 0.005 197 3 1 1 
-0.00375 -2.4158e-16 1.13687e-13 0.0025 1 1 2.5 0.005 198 4 1 1 
-0.00125 -3.64262e-16 -5.68434e-14 0.0025 1 1 2.5 0.005 199 4 1 1 
0.00125 1.82856e-16 1.13687e-13 0.0025 1 1 2.5 0.005 200 4 1 1 
0.00375 -3.15007e-16 -5.68434e-14 0.0025 1 1 2.5 0.005 201 4 1 1 
0.00625 -4.72639e-16 -5.68434e-14 0.0025 1 1 2.5 0.005 202 5 1 1 
0.00875 2.2792e-16 -3.9443e-29 0.0025 1 1 2.5 0.005 203 5 1 1 
0.01125 5.86551e-16 0 0.0025 1 1 2.5 0.005 204 5 1 1 
0.01375 4.84592e-16 0 0.0025 1 1 2.5 0.005 205 5 1 1 
0.01625 4.2159e-16 2.24208e-44 0.0025 1 1 2.5 0.005 206 5 1 1 
0.01875 2.78383e-15 5.68434e-14 0.0025 1 1 2.5 0.005 207 5 1 1 
0.02125 2.18137e-15 -2.84217e-13 0.0025 1 1 2.5 0.005 208 5 1 1 
0.02375 1.13968e-15 9.09495e-13 0.0025 1 1 2.5 0.005 209 5 1 1 
0.02625 2.32552e-15 -1.7053e-12 0.0025 1 1 2.5 0.005 210 4 1 1 
0.02875 9.55621e-16 1.25056e-12 0.0025 1 1 2.5 0.005 211 3 1 1 
0.03125 6.87087e-16 -1.13687e-13 0.0025 1 1 2.5 0.005 212 4 1 1 
0.03375 -1.69415e-16 -5.68434e-14 0.0025 1 1 2.5 0.005 213 5 1 1 
0.03625 2.09434e-15 -3.9443e-29 0.0025 1 1 2.5 0.005 214 5 1 1 
0.03875 1.6539e-15 -5.68434e-14 0.0025 1 1 2.5 0.005 215 5 1 1 
0.04125 1.16856e-15 1.12104e-44 0.0025 1 1 2.5 0.005 216 5 1 1 
0.04375 1.00879e-15 1.12104e-44 0.0025 1 1 2.5 0.005 217 5 1 1 
0.04625 8.65016e-16 -5.68434e-14 0.0025 1 1 2.5 0.005 218 5 1 1 
0.04875 6.59414e-16 -5.68434e-14 0.0025 1 1 2.5 0.005 219 5 1 1 
0.05125 5.85562e-17 -1.13687e-13 0.0025 1 1 2.5 0.005 220 5 1 1 
0.05375 -1.38802e-15 -5.68434e-14 0.0025 1 1 2.5 0.005 221 5 1 1 
0.05625 -3.33585e-15 -1.7053e-13 0.0025 1 1 2.5 0.005 222 5 1 1 
0.05875 3.44706e-15 5.68434e-13 0.0025 1 1 2.5 0.005 223 5 1 1 
0.06125 -4.8737e-16 5.68434e-13 0.0025 1 1 2.5 0.005 224 3 1 1 
0.06375 1.19506e-15 -6.25278e-13 0.0025 1 1 2.5 0.005 225 3 1 1 
0.06625 -1.25927e-15 -6.82121e-13 0.0025 1 1 2.5 0.005 226 5 1 1 
0.06875 5.21071e-15 1.7053e-13 0.0025 1 1 2.5 0.005 227 5 1 1 
0.07125 3.03278e-15 1.13687e-13 0.0025 1 1 2.5 0.005 228 5 1 1 
0.07375 1.74317e-15 1.13687e-13 0.0025 1 1 2.5 0.005 229 5 1 1 
0.07625 1.02862e-15 5.68434e-14 0.0025 1 1 2.5 0.005 230 5 1 1 
0.07875 4.18491e-16 1.13687e-13 0.0025 1 1 2.5 0.005 231 5 1 1 
0.08125 1.56956e-16 5.68434e-14 0.0025 1 1 2.5 0.005 232 5 1 1 
0.08375 3.78336e-47 1.12104e-44 0.0025 1 1 2.5 0.005 233 5 1 1 
0.08625 0 0 0.0025 1 1 2.5 0.005 234 5 1 1 
0.08875 0 0 0.0025 1 1 2.5 0.005 235 5 1 1 
0.09125 0 0 0.0025 1 1 2.5 0.005 236 5 1 1 
0.09375 -1.62933e-45 -1.12104e-44 0.0025 1 1 2.5 0.005 237 5 1 1 
0.09625 -1.69188e-16 0 0.0025 1 1 2.5 0.005 238 5 1 1 
0.09875 -3.37357e-16 1.12104e-44 0.0025 1 1 2.5 0.005 239 5 1 1 
0.10125 1.58941e-15 0 0.0025 1 1 2.5 0.005 240 5 1 1 
0.10375 1.42405e-15 4.48416e-44 0.0025 1 1 2.5 0.005 241 5 1 1 
0.10625 2.38654e-15 -1.56945e-43 0.0025 1 1 2.5 0.005 242 5 1 1 
0.10875 7.41861e-16 -5.68434e-14 0.0025 1 1 2.5 0.005 243 5 1 1 
0.11125 5.98953e-16 5.68434e-14 0.0025 1 1 2.5 0.005 244 5 1 1 
0.11375 -1.56327e-15 3.36312e-43 0.0025 1 1 2.5 0.005 245 5 1 1 
0.11625 2.35656e-15 -3.47522e-43 0.0025 1 1 2.5 0.005 246 5 1 1 
0.11875 -3.99424e-16 -5.68434e-14 0.0025 1 1 2.5 0.005 247 5 1 1 
0.12125 -2.09243e-17 -7.14905e-27 0.0025 1 1 2.5 0.005 248 5 1 1 
0.12375 -3.1251e-15 -7.18849e-27 0.0025 1 1 2.5 0.005 249 4 1 1 
0.12625 3.1251e-15 7.18849e-27 0.0025 1 1 2.5 0.005 250 4 1 1 
0.12875 2.09243e-17 7.14905e-27 0.0025 1 1 2.5 0.005 251 5 1 1 
0.13125 3.99424e-16 5.68434e-14 0.0025 1 1 2.5 0.005 252 5 1 1 
0.13375 -2.35656e-15 3.47522e-43 0.0025 1 1 2.5 0.005 253 5 1 1 
0.13625 1.56327e-15 -3.36312e-43 0.0025 1 1 2.5 0.005 254 5 1 1 
0.13875 -5.98953e-16 -5.68434e-14 0.0025 1 1 2.5 0.005 255 5 1 1 
0.14125 -7.41861e-16 5.68434e-14 0.0025 1 1 2.5 0.005 256 5 1 1 
0.14375 -2.38654e-15 1.56945e-43 0.0025 1 1 2.5 0.005 257 5 1 1 
0.14625 -1.42405e-15 -4.48416e-44 0.0025 1 1 2.5 0.005 258 5 1 1 
0.14875 -1.58941e-15 0 0.0025 1 1 2.5 0.005 259 5 1 1 
0.15125 2.85027e-16 -5.68434e-14 0.0025 1 1 2.5 0.005 260 5 1 1 
0.15375 8.1987e-17 5.68434e-14 0.0025 1 1 2.5 0.005 261 5 1 1 
0.15625 -7.8492e-16 -2.21689e-12 0.0025 1 1 2.5 0.005 262 5 1 1 
0.15875 -1.62736e-14 -1.72236e-11 0.0025 1 1 2.5 0.005 263 4 1 1 
0.16125 -6.49184e-14 -5.09317e-11 0.0025 1 1 2.5 0.005 264 4 1 1 
0.16375 -2.17452e-13 -1.38698e-10 0.0025 1 1 2.5 0.005 265 4 1 1 
0.16625 -6.40139e-13 -4.24734e-10 0.0025 1 1 2.5 0.005 266 4 1 1 
0.16875 -1.8999e-12 -1.19473e-09 0.0025 1 1 2.5 0.005 267 4 1 1 
0.17125 -5.4354e-12 -3.31619e-09 0.0025 1 1 2.5 0.005 268 4 1 1 
0.17375 -1.51318e-11 -8.93891e-09 0.0025 1 1 2.5 0.005 269 4 1 1 
0.17625 -4.0943e-11 -2.34509e-08 0.0025 1 1 2.5 0.005 270 4 1 1 
0.17875 -1.07939e-10 -5.98982e-08 0.0025 1 1 2.5 0.005 271 4 1 1 
0.18125 -2.77321e-10 -1.49104e-07 0.0025 1 1 2.5 0.005 272 4 1 1 
0.18375 -6.94723e-10 -3.61855e-07 0.0025 1 1 2.5 0.005 273 4 1 1 
0.18625 -1.698e-09 -8.56618e-07 0.0025 1 1 2.5 0.005 274 4 1 1 
0.18875 -4.05064e-09 -1.97855e-06 0.0025 1 1 2.5 0.005 275 4 1 1 
0.19125 -9.43476e-09 -4.46032e-06 0.0025 1 1 2.5 0.005 276 4 1 1 
0.19375 -2.14636e-08 -9.81645e-06 0.0025 1 1 2.5 0.005 277 4 1 1 
0.19625 -4.77047e-08 -2.10966e-05 0.0025 1 1 2.5 0.005 278 4 1 1 
0.19875 -1.03615e-07 -4.42815e-05 0.0025 1 1 2.5 0.005 279 4 1 1 
0.20125 -2.19979e-07 -9.07937e-05 0.0025 1 1 2.5 0.005 280 4 1 1 
0.20375 -4.56591e-07 -0.000181873 0.0025 1 1 2.5 0.005 281 4 1 1 
0.20625 -9.2669e-07 -0.000355964 0.0025 1 1 2.5 0.005 282 4 1 1 
0.20875 -1.83937e-06 -0.000680774 0.0025 1 1 2.5 0.00499999 283 4 1 1 
0.21125 -3.57102e-06 -0.00127228 0.0025 1 1 2.5 0.00499999 284 4 1 1 
0.21375 -6.78187e-06 -0.00232355 0.0025 1.00001 1.00001 2.50001 0.00499997 285 4 1 1 
0.21625 -1.26004e-05 -0.00414684 0.0025 1.00001 1.00001 2.50001 0.00499995 286 4 1 1 
0.21875 -2.2905e-05 -0.00723205 0.0025 1.00002 1.00002 2.50002 0.00499991 287 4 1 1 
0.22125 -4.07395e-05 -0.0123242 0.0025 1.00003 1.00004 2.50003 0.00499984 288 4 1 1 
0.22375 -7.09012e-05 -0.0205192 0.0025 1.00005 1.00008 2.50005 0.00499973 289 4 1 1 
0.22625 -0.00012074 -0.0333734 0.0025 1.00009 1.00013 2.50009 0.00499953 290 4 1 1 
0.228749 -0.000201188 -0.0530121 0.0025 1.00016 1.00022 2.50016 0.00499922 291 4 1 1 
0.231249 -0.000328005 -0.0822136 0.0025 1.00025 1.00036 2.50025 0.00499873 292 4 1 1 
0.233748 -0.000523164 -0.124425 0.0025 1.00041 1.00057 2.50041 0.00499796 293 4 1 1 
0.236247 -0.000816195 -0.183651 0.0025 1.00064 1.00089 2.50063 0.00499682 294 4 1 1 
0.238745 -0.00124518 -0.264139 0.0025 1.00097 1.00136 2.50097 0.00499513 295 4 1 0.999999 
0.241242 -0.00185691 -0.369769 0.0025 1.00146 1.00203 2.50145 0.00499273 296 4 1 0.999999 
0.243738 -0.00270548 -0.503088 0.0025 1.00213 1.00298 2.50212 0.00498938 297 4 1 0.999997 
0.246231 -0.0038487 -0.663983 0.0025 1.00304 1.00425 2.50303 0.00498485 298 4 1 0.999995 
0.248722 -0.00534149 -0.848132 0.0025 1.00423 1.00592 2.50422 0.00497893 299 4 1 0.999993 
0.25121 -0.00722606 -1.04559 0.0025 1.00575 1.00805 2.50574 0.00497142 300 4 1 0.999989 
0.253694 -0.00951972 -1.24012 0.0025 1.00761 1.01066 2.50759 0.00496224 301 4 1 0.999985 
0.256172 -0.0122022 -1.40991 0.0025 1.0098 1.01375 2.50978 0.00495145 302 4 1 0.999981 
0.258645 -0.0152058 -1.53029 0.0025 1.01229 1.01725 2.51225 0.00493931 303 4 1 0.999979 
0.261112 -0.018413 -1.57814 0.0025 1.01497 1.02103 2.51492 0.00492625 304 4 1 0.999978 
0.263572 -0.0216627 -1.5365 0.0025 1.01773 1.02492 2.51766 0.0049129 305 4 1 0.99998 
0.266025 -0.0247672 -1.4006 0.0025 1.02041 1.02871 2.52032 0.00490001 306 4 1 0.999984 
0.268472 -0.0275314 -1.16652 0.0025 1.02284 1.03214 2.52273 0.00488836 307 4 1 0.99999 
0.270913 -0.0297531 -0.843804 0.0025 1.02481 1.03494 2.52468 0.00487897 308 4 1 1 
0.273351 -0.0309192 0.0283854 0.0025 1.02542 1.0359 2.52535 0.00487605 309 3 1 1 
0.275789 -0.0265583 5.35879 0.0025 1.02061 1.02923 2.52072 0.00489902 310 4 1 0.999993 
0.27825 -0.0097228 9.6533 0.0025 1.00832 1.01175 2.50842 0.00495874 311 4 1 0.999662 
0.280748 0.00644648 5.08092 0.0025 0.99606 0.994318 2.49596 0.00501978 312 4 1 0.999507 
0.28327 0.0125027 1.47791 0.0025 0.989603 0.985415 2.48954 0.00505253 313 4 1 0.999849 
0.285801 0.0175588 3.58133 0.0025 0.984396 0.978329 2.48443 0.00507926 314 4 1 0.999935 
0.288349 0.028162 5.81599 0.0025 0.976084 0.966756 2.47601 0.00512251 315 4 1 0.999823 
0.290923 0.040799 5.56806 0.0025 0.966117 0.95289 2.46581 0.00517536 316 4 1 0.999695 
0.293524 0.052271 4.91265 0.0025 0.956632 0.939816 2.45609 0.00522667 317 4 1 0.99971 
0.29615 0.0632721 4.96277 0.0025 0.947554 0.927375 2.44676 0.00527674 318 4 1 0.999738 
0.298801 0.0747704 5.15405 0.0025 0.938294 0.914713 2.43717 0.00532882 319 4 1 0.999725 
0.301479 0.0866475 5.17549 0.0025 0.928833 0.901822 2.4273 0.0053831 320 4 1 0.999705 
0.304185 0.0986612 5.16893 0.0025 0.919306 0.888899 2.41731 0.00543888 321 4 1 0.999694 
0.306918 0.110797 5.16719 0.0025 0.909741 0.875978 2.40722 0.00549607 322 4 1 0.999685 
0.309681 0.123118 5.17061 0.0025 0.900133 0.863054 2.39702 0.00555473 323 4 1 0.999676 
0.312473 0.1356 5.18126 0.0025 0.890474 0.850116 2.3867 0.00561499 324 4 1 0.999666 
0.315296 0.148245 5.16587 0.0025 0.880775 0.837182 2.37627 0.00567682 325 4 1 0.999656 
0.31815 0.161068 5.17018 0.0025 0.871043 0.82426 2.36573 0.00574025 326 4 1 0.999646 
0.321036 0.174033 5.17203 0.0025 0.861263 0.811334 2.35507 0.00580542 327 4 1 0.999635 
0.323956 0.187169 5.15733 0.0025 0.851451 0.798422 2.34431 0.00587233 328 4 1 0.999624 
0.326909 0.200485 5.15816 0.0025 0.841605 0.785527 2.33343 0.00594103 329 4 1 0.999613 
0.329897 0.213963 5.14551 0.0025 0.831725 0.772648 2.32243 0.0060116 330 4 1 0.999601 
0.332921 0.227626 5.13777 0.0025 0.821816 0.759792 2.31133 0.00608409 331 4 1 0.999589 
0.335981 0.241461 5.13773 0.0025 0.811868 0.746948 2.30009 0.00615863 332 4 1 0.999576 
0.33908 0.255472 5.12387 0.0025 0.801886 0.734122 2.28874 0.0062353 333 4 1 0.999563 
0.342217 0.269672 5.10851 0.0025 0.79188 0.72133 2.27728 0.00631409 334 4 1 0.99955 
0.345394 0.284061 5.10606 0.0025 0.781842 0.708562 2.26569 0.00639515 335 4 1 0.999536 
0.348612 0.298641 5.08429 0.0025 0.771776 0.695824 2.25397 0.00647856 336 4 1 0.999521 
0.351873 0.313412 5.07765 0.0025 0.761685 0.683121 2.24214 0.00656439 337 4 1 0.999507 
0.355177 0.328359 5.06265 0.0025 0.751564 0.670447 2.23018 0.00665279 338 4 1 0.999491 
0.358526 0.343536 5.04006 0.0025 0.741424 0.657818 2.21809 0.00674378 339 4 1 0.999475 
0.361921 0.358885 5.02813 0.0025 0.731264 0.645233 2.20589 0.00683748 340 4 1 0.999459 
0.365364 0.374448 5.00157 0.0025 0.721086 0.632696 2.19356 0.00693398 341 4 1 0.999442 
0.368855 0.390201 4.98816 0.0025 0.710893 0.62021 2.1811 0.00703341 342 4 1 0.999425 
0.372398 0.406139 4.95074 0.0025 0.700695 0.607791 2.16853 0.00713577 343 4 1 0.999408 
0.375992 0.422263 4.91199 0.0025 0.690515 0.595465 2.15588 0.00724097 344 4 1 0.999393 
0.379639 0.438524 4.8711 0.0025 0.680361 0.583243 2.14314 0.00734904 345 4 1 0.999378 
0.383341 0.45489 4.80015 0.0025 0.670266 0.571163 2.13037 0.00745973 346 4 1 0.999366 
0.387099 0.471288 4.72416 0.0025 0.660268 0.559272 2.1176 0.00757268 347 4 1 0.999359 
0.390914 0.487633 4.58925 0.0025 0.650437 0.547648 2.10493 0.00768714 348 4 1 0.999359 
0.394787 0.503779 4.4403 0.0025 0.640851 0.536382 2.09247 0.00780212 349 4 1 0.99937 
0.398717 0.519524 4.21912 0.0025 0.631605 0.52558 2.08034 0.00791633 350 4 1 0.999393 
0.402703 0.534657 3.96206 0.0025 0.622809 0.51536 2.06871 0.00802815 351 4 1 0.999431 
0.406745 0.549056 3.70558 0.0025 0.614496 0.505757 2.05762 0.00813675 352 4 1 0.999476 
0.410841 0.562893 3.53384 0.0025 0.606577 0.496658 2.04698 0.00824298 353 4 1 0.999514 
0.414989 0.576547 3.534 0.0025 0.598789 0.487757 2.03643 0.00835019 354 4 1 0.999525 
0.419191 0.590808 3.71512 0.0025 0.590781 0.478652 2.0255 0.00846337 355 4 1 0.999493 
0.423452 0.60616 3.95217 0.0025 0.582321 0.469084 2.01385 0.00858633 356 4 1 0.999422 
0.427778 0.622533 4.0448 0.0025 0.573506 0.459171 2.0016 0.00871831 357 4 1 0.999348 
0.432171 0.639024 3.87737 0.0025 0.56476 0.449395 1.98933 0.00885332 358 4 1 0.999324 
0.436632 0.654418 3.36743 0.0025 0.556734 0.440476 1.97797 0.00898095 359 4 1 0.999393 
0.441153 0.667121 2.49745 0.0025 0.550193 0.433246 1.96864 0.00908772 360 4 1 0.999564 
0.44572 0.675556 1.31469 0.0025 0.545865 0.428482 1.96244 0.00915977 361 4 1 0.999788 
0.450313 0.678772 0.190135 0.0025 0.543996 0.426434 1.95975 0.00919125 362 4 1 0.999955 
0.454911 0.678675 -0.0740094 0.0025 0.543695 0.426111 1.95933 0.00919633 363 5 1 0.999999 
0.459509 0.678542 -0.0655496 0.0025 0.543784 0.426211 1.95947 0.00919483 364 4 1 1 
0.464106 0.678189 -0.103335 0.0025 0.543931 0.426374 1.95969 0.00919234 365 4 1 0.999999 
0.468701 0.677716 -0.119505 0.0025 0.544156 0.426622 1.96002 0.00918854 366 4 1 0.999999 
0.473294 0.677182 -0.123651 0.0025 0.544421 0.426914 1.9604 0.00918407 367 4 1 0.999999 
0.477885 0.676649 -0.116772 0.0025 0.544695 0.427217 1.96081 0.00917944 368 4 1 0.999999 
0.482474 0.676153 -0.103088 0.0025 0.544955 0.427504 1.96119 0.00917506 369 4 1 0.999999 
0.48706 0.675717 -0.0875558 0.0025 0.545187 0.42776 1.96153 0.00917116 370 4 1 1 
0.491645 0.67535 -0.0726951 0.0025 0.545385 0.427979 1.96182 0.00916783 371 4 1 1 
0.496228 0.675048 -0.0593711 0.0025 0.54555 0.428162 1.96207 0.00916507 372 4 1 1 
0.50081 0.674799 -0.0484029 0.0025 0.545684 0.428311 1.96227 0.00916281 373 4 1 1 
0.505391 0.674595 -0.0400812 0.0025 0.545793 0.428434 1.96244 0.00916097 374 4 1 1 
0.509971 0.674426 -0.0338295 0.0025 0.545884 0.428536 1.96258 0.00915946 375 4 1 1 
0.51455 0.674283 -0.0289687 0.0025 0.54596 0.428621 1.9627 0.00915819 376 4 1 1 
0.519129 0.67416 -0.0251491 0.0025 0.546023 0.428694 1.9628 0.00915712 377 4 1 1 
0.523708 0.674053 -0.0221202 0.0025 0.546078 0.428757 1.96289 0.0091562 378 4 1 1 
0.528285 0.673958 -0.0196178 0.0025 0.546126 0.428813 1.96298 0.0091554 379 4 1 1 
0.532863 0.673873 -0.0174644 0.0025 0.546167 0.428862 1.96305 0.0091547 380 4 1 1 
0.53744 0.673798 -0.0155685 0.0025 0.546204 0.428906 1.96312 0.0091541 381 4 1 1 
0.542017 0.673731 -0.013869 0.0025 0.546235 0.428945 1.96319 0.00915357 382 4 1 1 
0.546594 0.673671 -0.0123426 0.0025 0.546262 0.42898 1.96325 0.00915311 383 4 1 1 
0.55117 0.673617 -0.0109989 0.0025 0.546285 0.429011 1.96331 0.00915273 384 4 1 1 
0.555746 0.673569 -0.00983366 0.0025 0.546305 0.429038 1.96337 0.0091524 385 4 1 1 
0.560323 0.673526 -0.00881506 0.0025 0.54632 0.429063 1.96342 0.00915214 386 4 1 1 
0.564899 0.673487 -0.00791067 0.0025 0.546333 0.429085 1.96348 0.00915193 387 4 1 1 
0.569475 0.673453 -0.00710261 0.0025 0.546342 0.429105 1.96353 0.00915177 388 4 1 1 
0.57405 0.673421 -0.00638141 0.0025 0.546348 0.429122 1.96359 0.00915167 389 4 1 1 
0.578626 0.673392 -0.00574061 0.0025 0.546351 0.429138 1.96366 0.00915163 390 3 1 1 
0.583202 0.673366 -0.00517559 0.0025 0.546349 0.429152 1.96373 0.00915165 391 4 1 1 
0.587778 0.673342 -0.00467989 0.0025 0.546344 0.429164 1.9638 0.00915174 392 4 1 1 
0.592354 0.67332 -0.00424267 0.0025 0.546333 0.429174 1.96388 0.00915192 393 4 1 1 
0.59693 0.6733 -0.00385139 0.0025 0.546306 0.429173 1.96398 0.00915238 394 4 1 1 
0.601506 0.673281 -0.00349667 0.0025 0.546206 0.429119 1.96409 0.00915405 395 4 1 1 
0.606084 0.673264 -0.00317451 0.0025 0.545787 0.428865 1.96443 0.00916108 396 4 1 0.999999 
0.610667 0.673248 -0.0028844 0.0025 0.54416 0.427113 1.96226 0.00918847 397 4 1 0.999987 
0.615272 0.673234 -0.00262249 0.0025 0.53103 0.411637 1.93792 0.00941567 398 4 1 0.999667 
0.620088 0.673219 -0.00237318 0.0025 0.506937 0.440327 2.17151 0.00986316 399 4 1 0.994706 
0.625142 0.673205 -0.00213042 0.0025 0.48139 0.415682 2.15876 0.0103866 400 4 1 0.993699 
0.630484 0.673191 -0.0018892 0.0025 0.458895 0.450143 2.45232 0.0108957 401 4 1 0.993693 
0.636044 0.673177 -0.00165166 0.0025 0.450274 0.430669 2.39115 0.0111043 402 5 1 0.998658 
0.641588 0.673164 -0.00142874 0.0025 0.451868 0.428991 2.37343 0.0110652 403 4 1 0.999967 
0.647109 0.673152 -0.00121871 0.0025 0.453488 0.428944 2.36469 0.0110257 404 4 1 0.999986 
0.652614 0.67314 -0.0010174 0.0025 0.454573 0.429076 2.35978 0.0109993 405 4 1 0.999994 
0.658108 0.673129 -0.000821685 0.0025 0.45527 0.429157 2.35661 0.0109825 406 4 1 0.999997 
0.663596 0.673118 -0.000630837 0.0025 0.45574 0.429198 2.3544 0.0109712 407 4 1 0.999999 
0.66908 0.673107 -0.000446396 0.0025 0.456074 0.42922 2.3528 0.0109631 408 4 1 0.999999 
0.67456 0.673096 -0.000270184 0.0025 0.45632 0.429234 2.35161 0.0109572 409 4 1 1 
0.680037 0.673086 -0.000101764 0.0025 0.456506 0.429242 2.35069 0.0109527 410 4 1 1 
0.685512 0.673075 6.36104e-05 0.0025 0.45665 0.429247 2.34998 0.0109493 411 4 1 1 
0.690986 0.673065 0.000237547 0.0025 0.456763 0.42925 2.34941 0.0109466 412 4 1 1 
0.696459 0.673054 0.000440761 0.0025 0.456853 0.429252 2.34896 0.0109444 413 4 1 1 
0.701931 0.673043 0.000722447 0.0025 0.456924 0.429252 2.3486 0.0109427 414 4 1 1 
0.707402 0.67303 0.00122295 0.0025 0.45698 0.42925 2.3483 0.0109414 415 4 1 1 
0.712872 0.673013 0.00233872 0.0025 0.457022 0.429243 2.34805 0.0109404 416 4 1 1 
0.718342 0.672984 0.00546122 0.0025 0.457047 0.429225 2.34782 0.0109398 417 3 1 1 
0.723812 0.672917 0.0146793 0.0025 0.457039 0.429173 2.34757 0.01094 418 4 1 1 
0.729282 0.672736 0.0427162 0.0025 0.456946 0.429017 2.3472 0.0109422 419 4 1 1 
0.734754 0.672207 0.128122 0.0025 0.456613 0.428551 2.34635 0.0109502 420 4 1 0.999999 
0.740232 0.670662 0.366801 0.0025 0.455606 0.427208 2.34416 0.0109744 421 4 1 0.999991 
0.745728 0.666342 0.998391 0.0025 0.452884 0.42362 2.33842 0.0110404 422 4 1 0.999934 
0.751273 0.655481 2.42212 0.0025 0.446256 0.414935 2.32446 0.0112043 423 4 1 0.99959 
0.756934 0.629751 5.44587 0.0025 0.432171 0.3966 2.29411 0.0115695 424 4 1 0.998053 
0.762848 0.57838 10.4347 0.0025 0.406243 0.363239 2.23515 0.0123079 425 4 1 0.993219 
0.769266 0.472444 22.1362 0.0025 0.363879 0.309881 2.12884 0.0137408 426 4 1 0.982373 
0.776678 0.286163 30.6802 0.0025 0.312853 0.248512 1.98597 0.0159819 427 4 1 0.96467 
0.785404 0.104744 20.5423 0.0025 0.273494 0.204157 1.86649 0.0182819 428 4 1 0.963853 
0.795045 0.0188086 6.09088 0.0025 0.255308 0.18489 1.81062 0.0195842 429 4 1 0.986962 
0.804999 0.000830123 0.640976 0.0025 0.250569 0.180067 1.79663 0.0199546 430 4 1 0.998758 
0.814999 -0.000221868 -0.0409064 0.0025 0.249988 0.179487 1.79496 0.020001 431 5 1 0.999979 
0.825 -6.80019e-06 -0.00864499 0.0025 0.249993 0.179493 1.79498 0.0200006 432 4 1 1 
0.835 3.88889e-06 0.000596108 0.0025 0.25 0.1795 1.795 0.02 433 3 1 1 
0.845 1.11336e-06 0.000230466 0.0025 0.25 0.1795 1.795 0.02 434 4 1 1 
0.855 2.58662e-07 5.67567e-05 0.0025 0.25 0.1795 1.795 0.02 435 4 1 1 
0.865 5.72714e-08 1.28543e-05 0.0025 0.25 0.1795 1.795 0.02 436 4 1 1 
0.875 1.23944e-08 2.83123e-06 0.0025 0.25 0.1795 1.795 0.02 437 4 1 1 
0.885 2.62113e-09 6.11821e-07 0.0025 0.25 0.1795 1.795 0.02 438 4 1 1 
0.895 5.39257e-10 1.29186e-07 0.0025 0.25 0.1795 1.795 0.02 439 4 1 1 
0.905 1.0748e-10 2.65116e-08 0.0025 0.25 0.1795 1.795 0.02 440 4 1 1 
0.915 2.06639e-11 5.26549e-09 0.0025 0.25 0.1795 1.795 0.02 441 4 1 1 
0.925 3.81934e-12 1.00887e-09 0.0025 0.25 0.1795 1.795 0.02 442 4 1 1 
0.935 6.80847e-13 1.8558e-10 0.0025 0.25 0.1795 1.795 0.02 443 4 1 1 
0.945 1.18167e-13 3.46176e-11 0.0025 0.25 0.1795 1.795 0.02 444 4 1 1 
0.955 6.33747e-15 4.94538e-12 0.0025 0.25 0.1795 1.795 0.02 445 4 1 1 
0.965 6.61032e-15 -1.13687e-13 0.0025 0.25 0.1795 1.795 0.02 446 5 1 1 
0.975 7.47898e-16 -1.42109e-14 0.0025 0.25 0.1795 1.795 0.02 447 5 1 1 
0.985 3.81583e-15 2.27374e-13 0.0025 0.25 0.1795 1.795 0.02 448 5 1 1 
0.995 -3.11557e-15 2.55795e-13 0.0025 0.25 0.1795 1.795 0.02 449 3 1 1 
1.005 3.11557e-15 -2.55795e-13 0.0025 0.25 0.1795 1.795 0.02 450 3 1 1 
1.015 -3.81583e-15 -2.27374e-13 0.0025 0.25 0.1795 1.795 0.02 451 5 1 1 
1.025 -7.43537e-16 2.84217e-14 0.0025 0.25 0.1795 1.795 0.02 452 5 1 1 
1.035 -6.54494e-15 -7.10543e-14 0.0025 0.25 0.1795 1.795 0.02 453 5 1 1 
1.045 -4.71977e-15 -2.82796e-12 0.0025 0.25 0.1795 1.795 0.02 454 5 1 1 
1.055 -1.05414e-13 -3.75735e-11 0.0025 0.25 0.1795 1.795 0.02 455 4 1 1 
1.065 -6.87188e-13 -1.85082e-10 0.0025 0.25 0.1795 1.795 0.02 456 4 1 1 
1.075 -3.80634e-12 -1.00688e-09 0.0025 0.25 0.1795 1.795 0.02 457 4 1 1 
1.085 -2.06747e-11 -5.26826e-09 0.0025 0.25 0.1795 1.795 0.02 458 4 1 1 
1.095 -1.07469e-10 -2.65099e-08 0.0025 0.25 0.1795 1.795 0.02 459 4 1 1 
1.105 -5.3929e-10 -1.29186e-07 0.0025 0.25 0.1795 1.795 0.02 460 4 1 1 
1.115 -2.62113e-09 -6.1182e-07 0.0025 0.25 0.1795 1.795 0.02 461 4 1 1 
1.125 -1.23944e-08 -2.83123e-06 0.0025 0.25 0.1795 1.795 0.02 462 4 1 1 
1.135 -5.72715e-08 -1.28543e-05 0.0025 0.25 0.1795 1.795 0.02 463 4 1 1 
1.145 -2.58662e-07 -5.67567e-05 0.0025 0.25 0.1795 1.795 0.02 464 4 1 1 
1.155 -1.11336e-06 -0.000230466 0.0025 0.25 0.1795 1.795 0.02 465 4 1 1 
1.165 -3.88889e-06 -0.000596108 0.0025 0.25 0.1795 1.795 0.02 466 3 1 1 
1.175 6.80019e-06 0.00864499 0.0025 0.249993 0.179493 1.79498 0.0200006 467 4 1 1 
1.185 0.000221868 0.0409064 0.0025 0.249988 0.179487 1.79496 0.020001 468 5 1 0.999979 
1.195 -0.000830123 -0.640976 0.0025 0.250569 0.180067 1.79663 0.0199546 469 4 1 0.998758 
1.20496 -0.0188086 -6.09088 0.0025 0.255308 0.18489 1.81062 0.0195842 470 4 1 0.986962 
1.2146 -0.104744 -20.5423 0.0025 0.273494 0.204157 1.86649 0.0182819 471 4 1 0.963853 
1.22332 -0.286163 -30.6802 0.0025 0.312853 0.248512 1.98597 0.0159819 472 4 1 0.96467 
1.23073 -0.472444 -22.1362 0.0025 0.363879 0.309881 2.12884 0.0137408 473 4 1 0.982373 
1.23715 -0.57838 -10.4347 0.0025 0.406243 0.363239 2.23515 0.0123079 474 4 1 0.993219 
1.24307 -0.629751 -5.44587 0.0025 0.432171 0.3966 2.29411 0.0115695 475 4 1 0.998053 
1.24873 -0.655481 -2.42212 0.0025 0.446256 0.414935 2.32446 0.0112043 476 4 1 0.99959 
1.25427 -0.666342 -0.998391 0.0025 0.452884 0.42362 2.33842 0.0110404 477 4 1 0.999934 
1.25977 -0.670662 -0.366801 0.0025 0.455606 0.427208 2.34416 0.0109744 478 4 1 0.999991 
1.26525 -0.672207 -0.128122 0.0025 0.456613 0.428551 2.34635 0.0109502 479 4 1 0.999999 
1.27072 -0.672736 -0.0427162 0.0025 0.456946 0.429017 2.3472 0.0109422 480 4 1 1 
1.27619 -0.672917 -0.0146793 0.0025 0.457039 0.429173 2.34757 0.01094 481 4 1 1 
1.28166 -0.672984 -0.00546122 0.0025 0.457047 0.429225 2.34782 0.0109398 482 3 1 1 
1.28713 -0.673013 -0.00233872 0.0025 0.457022 0.429243 2.34805 0.0109404 483 4 1 1 
1.2926 -0.67303 -0.00122295 0.0025 0.45698 0.42925 2.3483 0.0109414 484 4 1 1 
1.29807 -0.673043 -0.000722447 0.0025 0.456924 0.429252 2.3486 0.0109427 485 4 1 1 
1.30354 -0.673054 -0.000440761 0.0025 0.456853 0.429252 2.34896 0.0109444 486 4 1 1 
1.30901 -0.673065 -0.000237547 0.0025 0.456763 0.42925 2.34941 0.0109466 487 4 1 1 
1.31449 -0.673075 -6.36104e-05 0.0025 0.45665 0.429247 2.34998 0.0109493 488 4 1 1 
1.31996 -0.673086 0.000101764 0.0025 0.456506 0.429242 2.35069 0.0109527 489 4 1 1 
1.32544 -0.673096 0.000270183 0.0025 0.45632 0.429234 2.35161 0.0109572 490 4 1 1 
1.33092 -0.673107 0.000446396 0.0025 0.456074 0.42922 2.3528 0.0109631 491 4 1 0.999999 
1.3364 -0.673118 0.000630837 0.0025 0.45574 0.429198 2.3544 0.0109712 492 4 1 0.999999 
1.34189 -0.673129 0.000821685 0.0025 0.45527 0.429157 2.35661 0.0109825 493 4 1 0.999997 
1.34739 -0.67314 0.0010174 0.0025 0.454573 0.429076 2.35978 0.0109993 494 4 1 0.999994 
1.35289 -0.673152 0.00121871 0.0025 0.453488 0.428944 2.36469 0.0110257 495 4 1 0.999986 
1.35841 -0.673164 0.00142874 0.0025 0.451868 0.428991 2.37343 0.0110652 496 4 1 0.999967 
1.36396 -0.673177 0.00165166 0.0025 0.450274 0.430669 2.39115 0.0111043 497 5 1 0.998658 
1.36952 -0.673191 0.0018892 0.0025 0.458895 0.450143 2.45232 0.0108957 498 4 1 0.993693 
1.37486 -0.673205 0.00213042 0.0025 0.48139 0.415682 2.15876 0.0103866 499 4 1 0.993699 
