# Time [s]: 5.79425e+12
# Columns: pos [pc], vel [pc/s], acc [pc/s^2], mass [Msun], dens [g/cm^3], pres [barye], ene [erg/g], sml [pc], id, neighbor, alpha, gradh, ...additional?
4.24566e+16 -673.205 6.81475e-14 4.97118e+27 0.000506945 4.40337 21715.2 3.04372e+14 0 4 1 0.994706 
4.26052e+16 -673.218 7.53422e-14 4.97118e+27 0.000531039 4.11647 19379.3 2.90562e+14 1 4 1 0.999667 
4.27473e+16 -673.232 8.29043e-14 4.97118e+27 0.000544171 4.27125 19622.7 2.83551e+14 2 4 1 0.999987 
4.28887e+16 -673.246 9.11728e-14 4.97118e+27 0.000545799 4.28877 19644.5 2.82705e+14 3 4 1 0.999999 
4.303e+16 -673.261 1.00231e-13 4.97118e+27 0.000546219 4.29132 19641.1 2.82488e+14 4 4 1 1 
4.31712e+16 -673.278 1.10196e-13 4.97118e+27 0.000546319 4.29188 19640 2.82435e+14 5 4 1 1 
4.33124e+16 -673.296 1.21306e-13 4.97118e+27 0.000546348 4.2919 19639.1 2.82421e+14 6 4 1 1 
4.34536e+16 -673.315 1.33818e-13 4.97118e+27 0.00054636 4.29182 19638.2 2.82414e+14 7 4 1 1 
4.35948e+16 -673.336 1.47906e-13 4.97118e+27 0.000546367 4.29171 19637.5 2.82411e+14 8 4 1 1 
4.3736e+16 -673.359 1.63635e-13 4.97118e+27 0.000546369 4.29159 19636.8 2.8241e+14 9 3 1 1 
4.38772e+16 -673.384 1.81057e-13 4.97118e+27 0.000546369 4.29145 19636.2 2.8241e+14 10 4 1 1 
4.40184e+16 -673.412 2.0031e-13 4.97118e+27 0.000546365 4.29129 19635.7 2.82412e+14 11 4 1 1 
4.41597e+16 -673.442 2.21736e-13 4.97118e+27 0.000546358 4.29112 19635.1 2.82415e+14 12 4 1 1 
4.43009e+16 -673.476 2.45999e-13 4.97118e+27 0.000546348 4.29093 19634.6 2.82421e+14 13 4 1 1 
4.44421e+16 -673.513 2.73992e-13 4.97118e+27 0.000546336 4.29072 19634.1 2.82427e+14 14 4 1 1 
4.45833e+16 -673.555 3.06366e-13 4.97118e+27 0.00054632 4.29049 19633.6 2.82435e+14 15 4 1 1 
4.47245e+16 -673.601 3.43225e-13 4.97118e+27 0.000546301 4.29022 19633 2.82445e+14 16 4 1 1 
4.48657e+16 -673.652 3.84603e-13 4.97118e+27 0.000546278 4.28992 19632.5 2.82457e+14 17 4 1 1 
4.5007e+16 -673.71 4.31019e-13 4.97118e+27 0.000546252 4.28959 19631.9 2.8247e+14 18 4 1 1 
4.51482e+16 -673.774 4.83315e-13 4.97118e+27 0.000546222 4.28922 19631.3 2.82486e+14 19 4 1 1 
4.52895e+16 -673.846 5.42601e-13 4.97118e+27 0.000546187 4.2888 19630.6 2.82504e+14 20 4 1 1 
4.54307e+16 -673.927 6.10602e-13 4.97118e+27 0.000546147 4.28832 19629.9 2.82525e+14 21 4 1 1 
4.5572e+16 -674.018 6.89135e-13 4.97118e+27 0.000546101 4.28779 19629.1 2.82549e+14 22 4 1 1 
4.57133e+16 -674.121 7.80683e-13 4.97118e+27 0.000546048 4.28718 19628.2 2.82576e+14 23 4 1 1 
4.58546e+16 -674.239 8.92844e-13 4.97118e+27 0.000545987 4.28649 19627.2 2.82607e+14 24 4 1 1 
4.59959e+16 -674.375 1.03965e-12 4.97118e+27 0.000545915 4.28568 19626.1 2.82645e+14 25 4 1 1 
4.61372e+16 -674.536 1.23338e-12 4.97118e+27 0.00054583 4.28472 19624.8 2.82689e+14 26 4 1 1 
4.62786e+16 -674.727 1.4815e-12 4.97118e+27 0.000545727 4.28356 19623.2 2.82742e+14 27 4 1 1 
-1.53001e+16 -674.959 1.79754e-12 4.97118e+27 0.000545601 4.28216 19621.3 2.82808e+14 28 4 1 1 
-1.51586e+16 -675.243 2.1953e-12 4.97118e+27 0.000545447 4.28046 19619 2.82887e+14 29 4 1 1 
-1.50172e+16 -675.585 2.65732e-12 4.97118e+27 0.000545262 4.27841 19616.3 2.82983e+14 30 4 1 1 
-1.48757e+16 -675.992 3.13294e-12 4.97118e+27 0.000545044 4.276 19613.1 2.83096e+14 31 4 1 1 
-1.47341e+16 -676.461 3.56479e-12 4.97118e+27 0.000544797 4.27328 19609.5 2.83225e+14 32 4 1 0.999999 
-1.45924e+16 -676.973 3.86025e-12 4.97118e+27 0.000544533 4.27036 19605.6 2.83362e+14 33 4 1 0.999999 
-1.44507e+16 -677.494 3.86464e-12 4.97118e+27 0.00054427 4.26746 19601.8 2.83499e+14 34 4 1 0.999999 
-1.43089e+16 -677.976 3.40891e-12 4.97118e+27 0.000544035 4.26487 19598.3 2.83621e+14 35 4 1 0.999999 
-1.41671e+16 -678.37 2.68746e-12 4.97118e+27 0.000543863 4.26296 19595.8 2.83711e+14 36 4 1 1 
-1.40252e+16 -678.557 9.19641e-13 4.97118e+27 0.000543765 4.26188 19594.3 2.83762e+14 37 5 1 1 
-1.38833e+16 -678.795 1.4861e-12 4.97118e+27 0.000543814 4.26236 19594.9 2.83737e+14 38 4 1 0.999985 
-1.37415e+16 -677.341 -2.62557e-11 4.97118e+27 0.000544878 4.27398 19610.1 2.83183e+14 39 4 1 0.999875 
-1.36001e+16 -671.15 -6.46267e-11 4.97118e+27 0.000548116 4.30956 19656.6 2.8151e+14 40 4 1 0.999673 
-1.346e+16 -660.336 -9.58462e-11 4.97118e+27 0.000553667 4.37081 19736 2.78688e+14 41 4 1 0.999484 
-1.33214e+16 -646.274 -1.16498e-10 4.97118e+27 0.000560949 4.45153 19839.5 2.7507e+14 42 4 1 0.999375 
-1.31849e+16 -630.546 -1.26238e-10 4.97118e+27 0.000569238 4.54392 19956.2 2.71064e+14 43 4 1 0.999357 
-1.30504e+16 -614.392 -1.27363e-10 4.97118e+27 0.000577874 4.64074 20076.8 2.67013e+14 44 4 1 0.999409 
-1.29179e+16 -598.837 -1.2162e-10 4.97118e+27 0.000586348 4.7363 20194 2.63154e+14 45 4 1 0.999482 
-1.27872e+16 -584.33 -1.14671e-10 4.97118e+27 0.000594398 4.82758 20304.4 2.5959e+14 46 4 1 0.999534 
-1.26583e+16 -570.758 -1.11044e-10 4.97118e+27 0.000602085 4.91518 20409 2.56276e+14 47 4 1 0.999548 
-1.25309e+16 -557.43 -1.13391e-10 4.97118e+27 0.000609694 5.00234 20511.7 2.53078e+14 48 4 1 0.999527 
-1.24052e+16 -543.789 -1.19668e-10 4.97118e+27 0.000617532 5.09258 20616.8 2.49865e+14 49 4 1 0.999489 
-1.2281e+16 -529.509 -1.27556e-10 4.97118e+27 0.000625779 5.18804 20726.4 2.46573e+14 50 4 1 0.999448 
-1.21586e+16 -514.602 -1.3536e-10 4.97118e+27 0.000634482 5.28933 20841.2 2.43191e+14 51 4 1 0.999419 
-1.20378e+16 -499.167 -1.40989e-10 4.97118e+27 0.000643572 5.39572 20960.2 2.39756e+14 52 4 1 0.999402 
-1.19188e+16 -483.452 -1.45599e-10 4.97118e+27 0.000652947 5.50609 21081.8 2.36313e+14 53 4 1 0.999396 
-1.18015e+16 -467.567 -1.48714e-10 4.97118e+27 0.000662523 5.61947 21204.9 2.32897e+14 54 4 1 0.999398 
-1.16859e+16 -451.679 -1.51342e-10 4.97118e+27 0.000672233 5.7351 21328.6 2.29533e+14 55 4 1 0.999406 
-1.1572e+16 -435.849 -1.53008e-10 4.97118e+27 0.000682027 5.85242 21452.4 2.26237e+14 56 4 1 0.999418 
-1.14596e+16 -420.112 -1.54312e-10 4.97118e+27 0.000691864 5.97093 21575.6 2.23021e+14 57 4 1 0.999431 
-1.13489e+16 -404.539 -1.55494e-10 4.97118e+27 0.000701724 6.0904 21698 2.19887e+14 58 4 1 0.999446 
-1.12398e+16 -389.108 -1.56231e-10 4.97118e+27 0.000711592 6.21063 21819.6 2.16838e+14 59 4 1 0.999461 
-1.11321e+16 -373.88 -1.57236e-10 4.97118e+27 0.000721459 6.33153 21940.1 2.13872e+14 60 4 1 0.999477 
-1.10259e+16 -358.826 -1.57381e-10 4.97118e+27 0.00073131 6.45289 22059.4 2.10991e+14 61 4 1 0.999492 
-1.09211e+16 -343.957 -1.58257e-10 4.97118e+27 0.000741141 6.57465 22177.5 2.08193e+14 62 4 1 0.999507 
-1.08177e+16 -329.279 -1.58608e-10 4.97118e+27 0.000750957 6.69688 22294.5 2.05471e+14 63 4 1 0.999522 
-1.07156e+16 -314.777 -1.59134e-10 4.97118e+27 0.000760749 6.81945 22410.4 2.02826e+14 64 4 1 0.999535 
-1.06148e+16 -300.481 -1.59586e-10 4.97118e+27 0.000770521 6.94239 22525 2.00254e+14 65 4 1 0.999549 
-1.05153e+16 -286.344 -1.59877e-10 4.97118e+27 0.000780266 7.06562 22638.6 1.97753e+14 66 4 1 0.999563 
-1.04171e+16 -272.379 -1.60217e-10 4.97118e+27 0.000789983 7.18911 22750.9 1.95321e+14 67 4 1 0.999575 
-1.032e+16 -258.608 -1.60602e-10 4.97118e+27 0.000799673 7.31287 22862.1 1.92954e+14 68 4 1 0.999587 
-1.02241e+16 -244.999 -1.60869e-10 4.97118e+27 0.000809337 7.43688 22972.2 1.9065e+14 69 4 1 0.999599 
-1.01293e+16 -231.565 -1.61349e-10 4.97118e+27 0.000818975 7.56116 23081.2 1.88406e+14 70 4 1 0.999611 
-1.00357e+16 -218.304 -1.61195e-10 4.97118e+27 0.000828579 7.68559 23189.1 1.86222e+14 71 4 1 0.999622 
-9.94312e+15 -205.185 -1.61556e-10 4.97118e+27 0.000838146 7.81011 23295.8 1.84097e+14 72 4 1 0.999632 
-9.85159e+15 -192.249 -1.61952e-10 4.97118e+27 0.00084769 7.93489 23401.6 1.82024e+14 73 4 1 0.999643 
-9.76109e+15 -179.466 -1.61807e-10 4.97118e+27 0.0008572 8.05979 23506.2 1.80005e+14 74 4 1 0.999653 
-9.67158e+15 -166.835 -1.62307e-10 4.97118e+27 0.000866677 8.18482 23609.8 1.78036e+14 75 4 1 0.999663 
-9.58305e+15 -154.372 -1.62159e-10 4.97118e+27 0.000876122 8.30997 23712.4 1.76117e+14 76 4 1 0.999673 
-9.49546e+15 -142.041 -1.62161e-10 4.97118e+27 0.000885525 8.43509 23813.9 1.74247e+14 77 4 1 0.999681 
-9.40879e+15 -129.872 -1.62504e-10 4.97118e+27 0.000894897 8.56033 23914.3 1.72422e+14 78 4 1 0.99969 
-9.32303e+15 -117.86 -1.62219e-10 4.97118e+27 0.00090423 8.68557 24013.8 1.70642e+14 79 4 1 0.9997 
-9.23815e+15 -106 -1.62049e-10 4.97118e+27 0.000913514 8.81067 24112.1 1.68908e+14 80 4 1 0.999708 
-9.15412e+15 -94.3025 -1.61988e-10 4.97118e+27 0.000922754 8.93569 24209.3 1.67217e+14 81 4 1 0.999716 
-9.07093e+15 -82.7287 -1.62523e-10 4.97118e+27 0.000931962 9.06078 24305.7 1.65565e+14 82 4 1 0.999726 
-8.98855e+15 -71.2725 -1.61428e-10 4.97118e+27 0.000941105 9.18552 24400.8 1.63956e+14 83 4 1 0.999745 
-8.90697e+15 -60.2122 -1.54956e-10 4.97118e+27 0.000950037 9.30776 24493.1 1.62415e+14 84 4 1 0.999756 
-8.82613e+15 -49.6382 -1.53998e-10 4.97118e+27 0.000958798 9.42794 24583.1 1.60931e+14 85 4 1 0.999728 
-8.74603e+15 -38.5121 -1.76168e-10 4.97118e+27 0.000968003 9.55495 24677.3 1.594e+14 86 4 1 0.999714 
-8.66673e+15 -26.2098 -1.8279e-10 4.97118e+27 0.000977679 9.6897 24776.3 1.57823e+14 87 4 1 0.999841 
-8.5882e+15 -16.1053 -1.07825e-10 4.97118e+27 0.000985617 9.80026 24856.6 1.56552e+14 88 4 1 0.999943 
-8.51017e+15 -11.5073 -4.35549e-11 4.97118e+27 0.000990485 9.86638 24904.2 1.55782e+14 89 4 1 0.999857 
-8.43242e+15 -5.59264 -1.63724e-10 4.97118e+27 0.000996758 9.95298 24966.6 1.54802e+14 90 4 1 0.99953 
-8.35537e+15 10.2937 -3.04263e-10 4.97118e+27 0.00100875 10.1235 25088.5 1.52962e+14 91 4 1 0.999692 
-8.27945e+15 26.4356 -1.62813e-10 4.97118e+27 0.00102056 10.2915 25206.6 1.51191e+14 92 4 1 0.999995 
-8.20417e+15 30.4289 4.49848e-13 4.97118e+27 0.00102506 10.3538 25249.8 1.50528e+14 93 3 1 1 
-8.12892e+15 29.2724 2.64637e-11 4.97118e+27 0.00102442 10.3438 25242.9 1.50622e+14 94 4 1 1 
-8.05355e+15 27.1253 3.64875e-11 4.97118e+27 0.00102251 10.3168 25224 1.50903e+14 95 4 1 0.999991 
-7.97802e+15 24.4589 4.37536e-11 4.97118e+27 0.00102017 10.2837 25200.8 1.5125e+14 96 4 1 0.999985 
-7.9023e+15 21.462 4.80698e-11 4.97118e+27 0.00101758 10.2471 25175.1 1.51634e+14 97 4 1 0.999981 
-7.82639e+15 18.3175 4.95114e-11 4.97118e+27 0.00101491 10.2094 25148.6 1.52034e+14 98 4 1 0.99998 
-7.75027e+15 15.2028 4.8207e-11 4.97118e+27 0.0010123 10.1726 25122.6 1.52425e+14 99 4 1 0.99998 
-7.67396e+15 12.2716 4.46503e-11 4.97118e+27 0.00100987 10.1385 25098.5 1.52792e+14 100 4 1 0.999982 
-7.59748e+15 9.63819 3.95227e-11 4.97118e+27 0.00100771 10.1081 25077 1.53119e+14 101 4 1 0.999986 
-7.52084e+15 7.37082 3.35661e-11 4.97118e+27 0.00100587 10.0822 25058.6 1.53399e+14 102 4 1 0.999989 
-7.44408e+15 5.49329 2.74479e-11 4.97118e+27 0.00100436 10.061 25043.5 1.5363e+14 103 4 1 0.999993 
-7.36721e+15 3.99331 2.16779e-11 4.97118e+27 0.00100316 10.0442 25031.5 1.53814e+14 104 4 1 0.999995 
-7.29026e+15 2.83394 1.65805e-11 4.97118e+27 0.00100223 10.0312 25022.3 1.53956e+14 105 4 1 0.999997 
-7.21325e+15 1.96488 1.23095e-11 4.97118e+27 0.00100154 10.0216 25015.4 1.54062e+14 106 4 1 0.999998 
-7.1362e+15 1.33183 8.88689e-12 4.97118e+27 0.00100104 10.0146 25010.4 1.54139e+14 107 4 1 0.999999 
-7.05911e+15 0.882971 6.24843e-12 4.97118e+27 0.00100069 10.0096 25006.9 1.54194e+14 108 4 1 1 
-6.98201e+15 0.572795 4.28353e-12 4.97118e+27 0.00100045 10.0062 25004.4 1.54231e+14 109 4 1 1 
-6.90488e+15 0.363689 2.86562e-12 4.97118e+27 0.00100028 10.0039 25002.8 1.54256e+14 110 4 1 1 
-6.82775e+15 0.226059 1.87199e-12 4.97118e+27 0.00100018 10.0024 25001.7 1.54273e+14 111 4 1 1 
-6.75061e+15 0.137571 1.19471e-12 4.97118e+27 0.00100011 10.0015 25001.1 1.54284e+14 112 4 1 1 
-6.67347e+15 0.0819751 7.4515e-13 4.97118e+27 0.00100006 10.0009 25000.6 1.5429e+14 113 4 1 1 
-6.59632e+15 0.0478295 4.54316e-13 4.97118e+27 0.00100004 10.0005 25000.4 1.54294e+14 114 4 1 1 
-6.51917e+15 0.0273256 2.7082e-13 4.97118e+27 0.00100002 10.0003 25000.2 1.54297e+14 115 4 1 1 
-6.44202e+15 0.015286 1.57857e-13 4.97118e+27 0.00100001 10.0002 25000.1 1.54298e+14 116 4 1 1 
-6.36487e+15 0.00837232 8.99796e-14 4.97118e+27 0.00100001 10.0001 25000.1 1.54299e+14 117 4 1 1 
-6.28772e+15 0.00448954 5.01577e-14 4.97118e+27 0.001 10 25000 1.54299e+14 118 4 1 1 
-6.21057e+15 0.00235683 2.73434e-14 4.97118e+27 0.001 10 25000 1.543e+14 119 4 1 1 
-6.13342e+15 0.0012111 1.45776e-14 4.97118e+27 0.001 10 25000 1.543e+14 120 4 1 1 
-6.05627e+15 0.000609137 7.60022e-15 4.97118e+27 0.001 10 25000 1.543e+14 121 4 1 1 
-5.97912e+15 0.000299829 3.87477e-15 4.97118e+27 0.001 10 25000 1.543e+14 122 4 1 1 
-5.90197e+15 0.000144409 1.93158e-15 4.97118e+27 0.001 10 25000 1.543e+14 123 4 1 1 
-5.82482e+15 6.8046e-05 9.41418e-16 4.97118e+27 0.001 10 25000 1.543e+14 124 4 1 1 
-5.74767e+15 3.13631e-05 4.48539e-16 4.97118e+27 0.001 10 25000 1.543e+14 125 4 1 1 
-5.67052e+15 1.41368e-05 2.08881e-16 4.97118e+27 0.001 10 25000 1.543e+14 126 4 1 1 
-5.59337e+15 6.23005e-06 9.50608e-17 4.97118e+27 0.001 10 25000 1.543e+14 127 4 1 1 
-5.51622e+15 2.68364e-06 4.22676e-17 4.97118e+27 0.001 10 25000 1.543e+14 128 4 1 1 
-5.43907e+15 1.12959e-06 1.83582e-17 4.97118e+27 0.001 10 25000 1.543e+14 129 4 1 1 
-5.36192e+15 4.64426e-07 7.78583e-18 4.97118e+27 0.001 10 25000 1.543e+14 130 4 1 1 
-5.28477e+15 1.86458e-07 3.22373e-18 4.97118e+27 0.001 10 25000 1.543e+14 131 4 1 1 
-5.20762e+15 7.30525e-08 1.30235e-18 4.97118e+27 0.001 10 25000 1.543e+14 132 4 1 1 
-5.13047e+15 2.79311e-08 5.13319e-19 4.97118e+27 0.001 10 25000 1.543e+14 133 4 1 1 
-5.05332e+15 1.03972e-08 1.97022e-19 4.97118e+27 0.001 10 25000 1.543e+14 134 4 1 1 
-4.97617e+15 3.78147e-09 7.38817e-20 4.97118e+27 0.001 10 25000 1.543e+14 135 4 1 1 
-4.89902e+15 1.34255e-09 2.68321e-20 4.97118e+27 0.001 10 25000 1.543e+14 136 4 1 1 
-4.82187e+15 4.61118e-10 9.79011e-21 4.97118e+27 0.001 10 25000 1.543e+14 137 4 1 1 
-4.74472e+15 1.42354e-10 3.0761e-21 4.97118e+27 0.001 10 25000 1.543e+14 138 4 1 1 
-4.66757e+15 5.40291e-11 1.1715e-21 4.97118e+27 0.001 10 25000 1.543e+14 139 4 1 1 
-4.59042e+15 7.62642e-12 4.80756e-22 4.97118e+27 0.001 10 25000 1.543e+14 140 4 1 1 
-4.51327e+15 4.71175e-13 -5.52593e-24 4.97118e+27 0.001 10 25000 1.543e+14 141 5 1 1 
-4.43612e+15 6.98095e-14 7.36791e-24 4.97118e+27 0.001 10 25000 1.543e+14 142 5 1 1 
-4.35897e+15 1.37675e-44 1.45306e-54 4.97118e+27 0.001 10 25000 1.543e+14 143 5 1 1 
-4.28182e+15 0 0 4.97118e+27 0.001 10 25000 1.543e+14 144 5 1 1 
-4.20467e+15 0 0 4.97118e+27 0.001 10 25000 1.543e+14 145 5 1 1 
-4.12752e+15 0 0 4.97118e+27 0.001 10 25000 1.543e+14 146 5 1 1 
-4.05037e+15 0 0 4.97118e+27 0.001 10 25000 1.543e+14 147 5 1 1 
-3.97322e+15 0 0 4.97118e+27 0.001 10 25000 1.543e+14 148 5 1 1 
-3.89607e+15 0 0 4.97118e+27 0.001 10 25000 1.543e+14 149 5 1 1 
-3.81892e+15 0 0 4.97118e+27 0.001 10 25000 1.543e+14 150 5 1 1 
-3.74177e+15 0 0 4.97118e+27 0.001 10 25000 1.543e+14 151 5 1 1 
-3.66462e+15 0 0 4.97118e+27 0.001 10 25000 1.543e+14 152 5 1 1 
-3.58747e+15 0 0 4.97118e+27 0.001 10 25000 1.543e+14 153 5 1 1 
-3.51032e+15 0 0 4.97118e+27 0.001 10 25000 1.543e+14 154 5 1 1 
-3.43317e+15 0 0 4.97118e+27 0.001 10 25000 1.543e+14 155 5 1 1 
-3.35602e+15 0 0 4.97118e+27 0.001 10 25000 1.543e+14 156 5 1 1 
-3.27887e+15 0 0 4.97118e+27 0.001 10 25000 1.543e+14 157 5 1 1 
-3.20172e+15 0 0 4.97118e+27 0.001 10 25000 1.543e+14 158 5 1 1 
-3.12457e+15 0 0 4.97118e+27 0.001 10 25000 1.543e+14 159 5 1 1 
-3.04742e+15 0 0 4.97118e+27 0.001 10 25000 1.543e+14 160 5 1 1 
-2.97027e+15 0 0 4.97118e+27 0.001 10 25000 1.543e+14 161 5 1 1 
-2.89312e+15 0 0 4.97118e+27 0.001 10 25000 1.543e+14 162 5 1 1 
-2.81597e+15 0 0 4.97118e+27 0.001 10 25000 1.543e+14 163 5 1 1 
-2.73882e+15 0 0 4.97118e+27 0.001 10 25000 1.543e+14 164 5 1 1 
-2.66167e+15 0 0 4.97118e+27 0.001 10 25000 1.543e+14 165 5 1 1 
-2.58452e+15 0 0 4.97118e+27 0.001 10 25000 1.543e+14 166 5 1 1 
-2.50737e+15 0 0 4.97118e+27 0.001 10 25000 1.543e+14 167 5 1 1 
-2.43022e+15 0 0 4.97118e+27 0.001 10 25000 1.543e+14 168 5 1 1 
-2.35307e+15 0 0 4.97118e+27 0.001 10 25000 1.543e+14 169 5 1 1 
-2.27592e+15 0 0 4.97118e+27 0.001 10 25000 1.543e+14 170 5 1 1 
-2.19877e+15 0 0 4.97118e+27 0.001 10 25000 1.543e+14 171 5 1 1 
-2.12162e+15 -1.72e-44 -3.63266e-55 4.97118e+27 0.001 10 25000 1.543e+14 172 5 1 1 
-2.04447e+15 -5.23341e-14 -1.84198e-24 4.97118e+27 0.001 10 25000 1.543e+14 173 5 1 1 
-1.96732e+15 -1.9142e-13 1.84198e-24 4.97118e+27 0.001 10 25000 1.543e+14 174 5 1 1 
-1.89017e+15 -3.29788e-13 -1.84198e-24 4.97118e+27 0.001 10 25000 1.543e+14 175 5 1 1 
-1.81302e+15 -5.54859e-13 -3.68395e-24 4.97118e+27 0.001 10 25000 1.543e+14 176 5 1 1 
-1.73587e+15 -9.88545e-13 5.52593e-24 4.97118e+27 0.001 10 25000 1.543e+14 177 5 1 1 
-1.65872e+15 -2.88715e-12 -8.84149e-23 4.97118e+27 0.001 10 25000 1.543e+14 178 3 1 1 
-1.58157e+15 -4.88833e-12 9.76248e-23 4.97118e+27 0.001 10 25000 1.543e+14 179 3 1 1 
-1.50442e+15 -2.86116e-14 -5.52593e-24 4.97118e+27 0.001 10 25000 1.543e+14 180 4 1 1 
-1.42727e+15 3.43173e-13 7.36791e-24 4.97118e+27 0.001 10 25000 1.543e+14 181 5 1 1 
-1.35012e+15 8.4467e-13 -1.27813e-39 4.97118e+27 0.001 10 25000 1.543e+14 182 5 1 1 
-1.27297e+15 -3.13014e-14 -5.52593e-24 4.97118e+27 0.001 10 25000 1.543e+14 183 5 1 1 
-1.19582e+15 -1.85302e-12 -9.20989e-24 4.97118e+27 0.001 10 25000 1.543e+14 184 5 1 1 
-1.11867e+15 -1.48756e-12 -7.36791e-24 4.97118e+27 0.001 10 25000 1.543e+14 185 5 1 1 
-1.04152e+15 -5.17467e-12 -1.47358e-23 4.97118e+27 0.001 10 25000 1.543e+14 186 4 1 1 
-9.64375e+14 -6.56185e-13 3.31556e-23 4.97118e+27 0.001 10 25000 1.543e+14 187 3 1 1 
-8.87225e+14 -2.97887e-12 -3.31556e-23 4.97118e+27 0.001 10 25000 1.543e+14 188 4 1 1 
-8.10075e+14 -4.93167e-13 3.31556e-23 4.97118e+27 0.001 10 25000 1.543e+14 189 4 1 1 
-7.32925e+14 -2.81311e-13 -7.36791e-24 4.97118e+27 0.001 10 25000 1.543e+14 190 4 1 1 
-6.55775e+14 -1.06914e-12 -3.68395e-24 4.97118e+27 0.001 10 25000 1.543e+14 191 5 1 1 
-5.78625e+14 -2.6517e-12 -1.47358e-23 4.97118e+27 0.001 10 25000 1.543e+14 192 4 1 1 
-5.01475e+14 8.49413e-14 2.21037e-23 4.97118e+27 0.001 10 25000 1.543e+14 193 3 1 1 
-4.24325e+14 -1.5073e-12 -1.84198e-23 4.97118e+27 0.001 10 25000 1.543e+14 194 4 1 1 
-3.47175e+14 -8.58326e-13 1.84198e-23 4.97118e+27 0.001 10 25000 1.543e+14 195 3 1 1 
-2.70025e+14 3.08109e-13 -5.52593e-24 4.97118e+27 0.001 10 25000 1.543e+14 196 5 1 1 
-1.92875e+14 2.96885e-14 5.52593e-24 4.97118e+27 0.001 10 25000 1.543e+14 197 3 1 1 
-1.15725e+14 -2.59188e-13 -1.84198e-24 4.97118e+27 0.001 10 25000 1.543e+14 198 4 1 1 
-3.8575e+13 1.06703e-13 3.19532e-40 4.97118e+27 0.001 10 25000 1.543e+14 199 5 1 1 
3.8575e+13 6.08679e-14 -1.84198e-24 4.97118e+27 0.001 10 25000 1.543e+14 200 3 1 1 
1.15725e+14 -8.81721e-14 7.36791e-24 4.97118e+27 0.001 10 25000 1.543e+14 201 4 1 1 
1.92875e+14 -2.10969e-13 -3.68395e-24 4.97118e+27 0.001 10 25000 1.543e+14 202 5 1 1 
2.70025e+14 -7.31635e-13 -1.84198e-24 4.97118e+27 0.001 10 25000 1.543e+14 203 5 1 1 
3.47175e+14 4.46971e-13 1.59766e-39 4.97118e+27 0.001 10 25000 1.543e+14 204 3 1 1 
4.24325e+14 1.35716e-12 3.31556e-23 4.97118e+27 0.001 10 25000 1.543e+14 205 5 1 1 
5.01475e+14 1.52034e-12 -3.86815e-23 4.97118e+27 0.001 10 25000 1.543e+14 206 5 1 1 
5.78625e+14 1.45842e-12 5.52593e-24 4.97118e+27 0.001 10 25000 1.543e+14 207 4 1 1 
6.55775e+14 1.18619e-12 1.10519e-23 4.97118e+27 0.001 10 25000 1.543e+14 208 5 1 1 
7.32925e+14 1.75018e-12 -2.76297e-23 4.97118e+27 0.001 10 25000 1.543e+14 209 4 1 1 
8.10075e+14 5.99219e-13 3.49976e-23 4.97118e+27 0.001 10 25000 1.543e+14 210 4 1 1 
8.87225e+14 7.28018e-13 -4.23655e-23 4.97118e+27 0.001 10 25000 1.543e+14 211 3 1 1 
9.64375e+14 2.36225e-12 1.47358e-23 4.97118e+27 0.001 10 25000 1.543e+14 212 4 1 1 
1.04153e+15 -4.72564e-14 7.36791e-24 4.97118e+27 0.001 10 25000 1.543e+14 213 5 1 1 
1.11868e+15 2.02458e-12 -1.27813e-39 4.97118e+27 0.001 10 25000 1.543e+14 214 5 1 1 
1.19583e+15 1.56665e-12 -1.45306e-54 4.97118e+27 0.001 10 25000 1.543e+14 215 5 1 1 
1.27298e+15 1.0813e-12 -1.84198e-24 4.97118e+27 0.001 10 25000 1.543e+14 216 5 1 1 
1.35013e+15 9.21584e-13 1.84198e-24 4.97118e+27 0.001 10 25000 1.543e+14 217 5 1 1 
1.42728e+15 6.90555e-13 -1.84198e-24 4.97118e+27 0.001 10 25000 1.543e+14 218 5 1 1 
1.50443e+15 4.50102e-13 -1.84198e-24 4.97118e+27 0.001 10 25000 1.543e+14 219 5 1 1 
1.58158e+15 -9.83742e-14 5.52593e-24 4.97118e+27 0.001 10 25000 1.543e+14 220 5 1 1 
1.65873e+15 -6.55189e-13 9.20989e-24 4.97118e+27 0.001 10 25000 1.543e+14 221 5 1 1 
1.73588e+15 -2.86459e-12 1.10519e-23 4.97118e+27 0.001 10 25000 1.543e+14 222 5 1 1 
1.81303e+15 3.65605e-12 -1.47358e-23 4.97118e+27 0.001 10 25000 1.543e+14 223 5 1 1 
1.89018e+15 4.89218e-13 -1.10519e-23 4.97118e+27 0.001 10 25000 1.543e+14 224 3 1 1 
1.96733e+15 7.94144e-13 1.47358e-23 4.97118e+27 0.001 10 25000 1.543e+14 225 3 1 1 
2.04448e+15 -2.16603e-12 1.10519e-23 4.97118e+27 0.001 10 25000 1.543e+14 226 5 1 1 
2.12163e+15 4.25098e-12 -1.10519e-23 4.97118e+27 0.001 10 25000 1.543e+14 227 5 1 1 
2.19878e+15 2.16031e-12 -1.47358e-23 4.97118e+27 0.001 10 25000 1.543e+14 228 5 1 1 
2.27593e+15 2.00476e-12 -1.84198e-24 4.97118e+27 0.001 10 25000 1.543e+14 229 5 1 1 
2.35308e+15 1.42988e-12 3.68395e-24 4.97118e+27 0.001 10 25000 1.543e+14 230 5 1 1 
2.43023e+15 8.37167e-13 -3.68395e-24 4.97118e+27 0.001 10 25000 1.543e+14 231 5 1 1 
2.50738e+15 3.66324e-13 5.52593e-24 4.97118e+27 0.001 10 25000 1.543e+14 232 5 1 1 
2.58453e+15 1.5701e-13 -1.84198e-24 4.97118e+27 0.001 10 25000 1.543e+14 233 5 1 1 
2.66168e+15 1.74524e-14 1.84198e-24 4.97118e+27 0.001 10 25000 1.543e+14 234 5 1 1 
2.73883e+15 3.44187e-45 3.63266e-55 4.97118e+27 0.001 10 25000 1.543e+14 235 5 1 1 
2.81598e+15 0 0 4.97118e+27 0.001 10 25000 1.543e+14 236 5 1 1 
2.89313e+15 -1.69814e-42 -3.63266e-55 4.97118e+27 0.001 10 25000 1.543e+14 237 5 1 1 
2.97028e+15 -1.69188e-13 0 4.97118e+27 0.001 10 25000 1.543e+14 238 5 1 1 
3.04743e+15 -3.37357e-13 3.63266e-55 4.97118e+27 0.001 10 25000 1.543e+14 239 5 1 1 
3.12458e+15 1.58941e-12 0 4.97118e+27 0.001 10 25000 1.543e+14 240 5 1 1 
3.20173e+15 1.42405e-12 7.26532e-55 4.97118e+27 0.001 10 25000 1.543e+14 241 5 1 1 
3.27888e+15 2.33421e-12 -1.84198e-24 4.97118e+27 0.001 10 25000 1.543e+14 242 5 1 1 
3.35603e+15 6.37171e-13 1.84198e-24 4.97118e+27 0.001 10 25000 1.543e+14 243 5 1 1 
3.43318e+15 5.81506e-13 -3.26939e-54 4.97118e+27 0.001 10 25000 1.543e+14 244 5 1 1 
3.51033e+15 -1.63303e-12 1.0898e-53 4.97118e+27 0.001 10 25000 1.543e+14 245 5 1 1 
3.58748e+15 2.30421e-12 -1.84198e-24 4.97118e+27 0.001 10 25000 1.543e+14 246 5 1 1 
3.66463e+15 -4.51776e-13 1.27813e-39 4.97118e+27 0.001 10 25000 1.543e+14 247 5 1 1 
3.74178e+15 -2.09243e-14 -2.31661e-37 4.97118e+27 0.001 10 25000 1.543e+14 248 5 1 1 
3.81893e+15 -3.1251e-12 -2.32939e-37 4.97118e+27 0.001 10 25000 1.543e+14 249 4 1 1 
3.89608e+15 3.1251e-12 2.32939e-37 4.97118e+27 0.001 10 25000 1.543e+14 250 4 1 1 
3.97323e+15 2.09243e-14 2.31661e-37 4.97118e+27 0.001 10 25000 1.543e+14 251 5 1 1 
4.05038e+15 4.51776e-13 -1.27813e-39 4.97118e+27 0.001 10 25000 1.543e+14 252 5 1 1 
4.12753e+15 -2.30421e-12 1.84198e-24 4.97118e+27 0.001 10 25000 1.543e+14 253 5 1 1 
4.20468e+15 1.63303e-12 -1.0898e-53 4.97118e+27 0.001 10 25000 1.543e+14 254 5 1 1 
4.28183e+15 -5.81506e-13 3.26939e-54 4.97118e+27 0.001 10 25000 1.543e+14 255 5 1 1 
4.35898e+15 -6.37171e-13 -1.84198e-24 4.97118e+27 0.001 10 25000 1.543e+14 256 5 1 1 
4.43613e+15 -2.33421e-12 1.84198e-24 4.97118e+27 0.001 10 25000 1.543e+14 257 5 1 1 
4.51328e+15 -1.77307e-12 3.68395e-24 4.97118e+27 0.001 10 25000 1.543e+14 258 5 1 1 
4.59043e+15 -8.43053e-12 -4.78914e-22 4.97118e+27 0.001 10 25000 1.543e+14 259 4 1 1 
4.66758e+15 -5.43548e-11 -1.1715e-21 4.97118e+27 0.001 10 25000 1.543e+14 260 4 1 1 
4.74473e+15 -1.42604e-10 -3.08347e-21 4.97118e+27 0.001 10 25000 1.543e+14 261 4 1 1 
4.82187e+15 -4.6103e-10 -9.78458e-21 4.97118e+27 0.001 10 25000 1.543e+14 262 4 1 1 
4.89902e+15 -1.34205e-09 -2.68229e-20 4.97118e+27 0.001 10 25000 1.543e+14 263 4 1 1 
4.97617e+15 -3.77965e-09 -7.38522e-20 4.97118e+27 0.001 10 25000 1.543e+14 264 4 1 1 
5.05332e+15 -1.03923e-08 -1.96974e-19 4.97118e+27 0.001 10 25000 1.543e+14 265 4 1 1 
5.13047e+15 -2.79152e-08 -5.13241e-19 4.97118e+27 0.001 10 25000 1.543e+14 266 4 1 1 
5.20762e+15 -7.30496e-08 -1.30271e-18 4.97118e+27 0.001 10 25000 1.543e+14 267 4 1 1 
5.28477e+15 -1.86461e-07 -3.22328e-18 4.97118e+27 0.001 10 25000 1.543e+14 268 4 1 1 
5.36192e+15 -4.64435e-07 -7.78645e-18 4.97118e+27 0.001 10 25000 1.543e+14 269 4 1 1 
5.43907e+15 -1.1296e-06 -1.83574e-17 4.97118e+27 0.001 10 25000 1.543e+14 270 4 1 1 
5.51622e+15 -2.68364e-06 -4.22683e-17 4.97118e+27 0.001 10 25000 1.543e+14 271 4 1 1 
5.59337e+15 -6.23004e-06 -9.50605e-17 4.97118e+27 0.001 10 25000 1.543e+14 272 4 1 1 
5.67052e+15 -1.41367e-05 -2.08881e-16 4.97118e+27 0.001 10 25000 1.543e+14 273 4 1 1 
5.74767e+15 -3.13631e-05 -4.48539e-16 4.97118e+27 0.001 10 25000 1.543e+14 274 4 1 1 
5.82482e+15 -6.8046e-05 -9.41419e-16 4.97118e+27 0.001 10 25000 1.543e+14 275 4 1 1 
5.90197e+15 -0.000144409 -1.93158e-15 4.97118e+27 0.001 10 25000 1.543e+14 276 4 1 1 
5.97912e+15 -0.000299829 -3.87477e-15 4.97118e+27 0.001 10 25000 1.543e+14 277 4 1 1 
6.05627e+15 -0.000609137 -7.60022e-15 4.97118e+27 0.001 10 25000 1.543e+14 278 4 1 1 
6.13342e+15 -0.0012111 -1.45776e-14 4.97118e+27 0.001 10 25000 1.543e+14 279 4 1 1 
6.21057e+15 -0.00235683 -2.73434e-14 4.97118e+27 0.001 10 25000 1.543e+14 280 4 1 1 
6.28772e+15 -0.00448954 -5.01577e-14 4.97118e+27 0.001 10 25000 1.54299e+14 281 4 1 1 
6.36487e+15 -0.00837232 -8.99796e-14 4.97118e+27 0.00100001 10.0001 25000.1 1.54299e+14 282 4 1 1 
6.44202e+15 -0.015286 -1.57857e-13 4.97118e+27 0.00100001 10.0002 25000.1 1.54298e+14 283 4 1 1 
6.51917e+15 -0.0273256 -2.7082e-13 4.97118e+27 0.00100002 10.0003 25000.2 1.54297e+14 284 4 1 1 
6.59632e+15 -0.0478295 -4.54316e-13 4.97118e+27 0.00100004 10.0005 25000.4 1.54294e+14 285 4 1 1 
6.67347e+15 -0.0819751 -7.4515e-13 4.97118e+27 0.00100006 10.0009 25000.6 1.5429e+14 286 4 1 1 
6.75061e+15 -0.137571 -1.19471e-12 4.97118e+27 0.00100011 10.0015 25001.1 1.54284e+14 287 4 1 1 
6.82775e+15 -0.226059 -1.87199e-12 4.97118e+27 0.00100018 10.0024 25001.7 1.54273e+14 288 4 1 1 
6.90488e+15 -0.363689 -2.86562e-12 4.97118e+27 0.00100028 10.0039 25002.8 1.54256e+14 289 4 1 1 
6.98201e+15 -0.572795 -4.28353e-12 4.97118e+27 0.00100045 10.0062 25004.4 1.54231e+14 290 4 1 1 
7.05911e+15 -0.882971 -6.24843e-12 4.97118e+27 0.00100069 10.0096 25006.9 1.54194e+14 291 4 1 1 
7.1362e+15 -1.33183 -8.88689e-12 4.97118e+27 0.00100104 10.0146 25010.4 1.54139e+14 292 4 1 0.999999 
7.21325e+15 -1.96488 -1.23095e-11 4.97118e+27 0.00100154 10.0216 25015.4 1.54062e+14 293 4 1 0.999998 
7.29026e+15 -2.83394 -1.65805e-11 4.97118e+27 0.00100223 10.0312 25022.3 1.53956e+14 294 4 1 0.999997 
7.36721e+15 -3.99331 -2.16779e-11 4.97118e+27 0.00100316 10.0442 25031.5 1.53814e+14 295 4 1 0.999995 
7.44408e+15 -5.49329 -2.74479e-11 4.97118e+27 0.00100436 10.061 25043.5 1.5363e+14 296 4 1 0.999993 
7.52084e+15 -7.37082 -3.35661e-11 4.97118e+27 0.00100587 10.0822 25058.6 1.53399e+14 297 4 1 0.999989 
7.59748e+15 -9.63819 -3.95227e-11 4.97118e+27 0.00100771 10.1081 25077 1.53119e+14 298 4 1 0.999986 
7.67396e+15 -12.2716 -4.46503e-11 4.97118e+27 0.00100987 10.1385 25098.5 1.52792e+14 299 4 1 0.999982 
7.75027e+15 -15.2028 -4.8207e-11 4.97118e+27 0.0010123 10.1726 25122.6 1.52425e+14 300 4 1 0.99998 
7.82639e+15 -18.3175 -4.95114e-11 4.97118e+27 0.00101491 10.2094 25148.6 1.52034e+14 301 4 1 0.99998 
7.9023e+15 -21.462 -4.80698e-11 4.97118e+27 0.00101758 10.2471 25175.1 1.51634e+14 302 4 1 0.999981 
7.97802e+15 -24.4589 -4.37536e-11 4.97118e+27 0.00102017 10.2837 25200.8 1.5125e+14 303 4 1 0.999985 
8.05355e+15 -27.1253 -3.64875e-11 4.97118e+27 0.00102251 10.3168 25224 1.50903e+14 304 4 1 0.999991 
8.12892e+15 -29.2724 -2.64637e-11 4.97118e+27 0.00102442 10.3438 25242.9 1.50622e+14 305 4 1 1 
8.20417e+15 -30.4289 -4.49848e-13 4.97118e+27 0.00102506 10.3538 25249.8 1.50528e+14 306 3 1 1 
8.27945e+15 -26.4356 1.62813e-10 4.97118e+27 0.00102056 10.2915 25206.6 1.51191e+14 307 4 1 0.999995 
8.35537e+15 -10.2937 3.04263e-10 4.97118e+27 0.00100875 10.1235 25088.5 1.52962e+14 308 4 1 0.999692 
8.43242e+15 5.59264 1.63724e-10 4.97118e+27 0.000996758 9.95298 24966.6 1.54802e+14 309 4 1 0.99953 
8.51017e+15 11.5073 4.35549e-11 4.97118e+27 0.000990485 9.86638 24904.2 1.55782e+14 310 4 1 0.999857 
8.5882e+15 16.1053 1.07825e-10 4.97118e+27 0.000985617 9.80026 24856.6 1.56552e+14 311 4 1 0.999943 
8.66673e+15 26.2098 1.8279e-10 4.97118e+27 0.000977679 9.6897 24776.3 1.57823e+14 312 4 1 0.999841 
8.74603e+15 38.5121 1.76168e-10 4.97118e+27 0.000968003 9.55495 24677.3 1.594e+14 313 4 1 0.999714 
8.82613e+15 49.6382 1.53998e-10 4.97118e+27 0.000958798 9.42794 24583.1 1.60931e+14 314 4 1 0.999728 
8.90697e+15 60.2122 1.54956e-10 4.97118e+27 0.000950037 9.30776 24493.1 1.62415e+14 315 4 1 0.999756 
8.98855e+15 71.2725 1.61428e-10 4.97118e+27 0.000941105 9.18552 24400.8 1.63956e+14 316 4 1 0.999745 
9.07093e+15 82.7287 1.62523e-10 4.97118e+27 0.000931962 9.06078 24305.7 1.65565e+14 317 4 1 0.999726 
9.15412e+15 94.3025 1.61988e-10 4.97118e+27 0.000922754 8.93569 24209.3 1.67217e+14 318 4 1 0.999716 
9.23815e+15 106 1.62049e-10 4.97118e+27 0.000913514 8.81067 24112.1 1.68908e+14 319 4 1 0.999708 
9.32303e+15 117.86 1.62219e-10 4.97118e+27 0.00090423 8.68557 24013.8 1.70642e+14 320 4 1 0.9997 
9.40879e+15 129.872 1.62504e-10 4.97118e+27 0.000894897 8.56033 23914.3 1.72422e+14 321 4 1 0.99969 
9.49546e+15 142.041 1.62161e-10 4.97118e+27 0.000885525 8.43509 23813.9 1.74247e+14 322 4 1 0.999681 
9.58305e+15 154.372 1.62159e-10 4.97118e+27 0.000876122 8.30997 23712.4 1.76117e+14 323 4 1 0.999673 
9.67158e+15 166.835 1.62307e-10 4.97118e+27 0.000866677 8.18482 23609.8 1.78036e+14 324 4 1 0.999663 
9.76109e+15 179.466 1.61807e-10 4.97118e+27 0.0008572 8.05979 23506.2 1.80005e+14 325 4 1 0.999653 
9.85159e+15 192.249 1.61952e-10 4.97118e+27 0.00084769 7.93489 23401.6 1.82024e+14 326 4 1 0.999643 
9.94312e+15 205.185 1.61556e-10 4.97118e+27 0.000838146 7.81011 23295.8 1.84097e+14 327 4 1 0.999632 
1.00357e+16 218.304 1.61195e-10 4.97118e+27 0.000828579 7.68559 23189.1 1.86222e+14 328 4 1 0.999622 
1.01293e+16 231.565 1.61349e-10 4.97118e+27 0.000818975 7.56116 23081.2 1.88406e+14 329 4 1 0.999611 
1.02241e+16 244.999 1.60869e-10 4.97118e+27 0.000809337 7.43688 22972.2 1.9065e+14 330 4 1 0.999599 
1.032e+16 258.608 1.60602e-10 4.97118e+27 0.000799673 7.31287 22862.1 1.92954e+14 331 4 1 0.999587 
1.04171e+16 272.379 1.60217e-10 4.97118e+27 0.000789983 7.18911 22750.9 1.95321e+14 332 4 1 0.999575 
1.05153e+16 286.344 1.59877e-10 4.97118e+27 0.000780266 7.06562 22638.6 1.97753e+14 333 4 1 0.999563 
1.06148e+16 300.481 1.59586e-10 4.97118e+27 0.000770521 6.94239 22525 2.00254e+14 334 4 1 0.999549 
1.07156e+16 314.777 1.59134e-10 4.97118e+27 0.000760749 6.81945 22410.4 2.02826e+14 335 4 1 0.999535 
1.08177e+16 329.279 1.58608e-10 4.97118e+27 0.000750957 6.69688 22294.5 2.05471e+14 336 4 1 0.999522 
1.09211e+16 343.957 1.58257e-10 4.97118e+27 0.000741141 6.57465 22177.5 2.08193e+14 337 4 1 0.999507 
1.10259e+16 358.826 1.57381e-10 4.97118e+27 0.00073131 6.45289 22059.4 2.10991e+14 338 4 1 0.999492 
1.11321e+16 373.88 1.57236e-10 4.97118e+27 0.000721459 6.33153 21940.1 2.13872e+14 339 4 1 0.999477 
1.12398e+16 389.108 1.56231e-10 4.97118e+27 0.000711592 6.21063 21819.6 2.16838e+14 340 4 1 0.999461 
1.13489e+16 404.539 1.55494e-10 4.97118e+27 0.000701724 6.0904 21698 2.19887e+14 341 4 1 0.999446 
1.14596e+16 420.112 1.54312e-10 4.97118e+27 0.000691864 5.97093 21575.6 2.23021e+14 342 4 1 0.999431 
1.1572e+16 435.849 1.53008e-10 4.97118e+27 0.000682027 5.85242 21452.4 2.26237e+14 343 4 1 0.999418 
1.16859e+16 451.679 1.51342e-10 4.97118e+27 0.000672233 5.7351 21328.6 2.29533e+14 344 4 1 0.999406 
1.18015e+16 467.567 1.48714e-10 4.97118e+27 0.000662523 5.61947 21204.9 2.32897e+14 345 4 1 0.999398 
1.19188e+16 483.452 1.45599e-10 4.97118e+27 0.000652947 5.50609 21081.8 2.36313e+14 346 4 1 0.999396 
1.20378e+16 499.167 1.40989e-10 4.97118e+27 0.000643572 5.39572 20960.2 2.39756e+14 347 4 1 0.999402 
1.21586e+16 514.602 1.3536e-10 4.97118e+27 0.000634482 5.28933 20841.2 2.43191e+14 348 4 1 0.999419 
1.2281e+16 529.509 1.27556e-10 4.97118e+27 0.000625779 5.18804 20726.4 2.46573e+14 349 4 1 0.999448 
1.24052e+16 543.789 1.19668e-10 4.97118e+27 0.000617532 5.09258 20616.8 2.49865e+14 350 4 1 0.999489 
1.25309e+16 557.43 1.13391e-10 4.97118e+27 0.000609694 5.00234 20511.7 2.53078e+14 351 4 1 0.999527 
1.26583e+16 570.758 1.11044e-10 4.97118e+27 0.000602085 4.91518 20409 2.56276e+14 352 4 1 0.999548 
1.27872e+16 584.33 1.14671e-10 4.97118e+27 0.000594398 4.82758 20304.4 2.5959e+14 353 4 1 0.999534 
1.29179e+16 598.837 1.2162e-10 4.97118e+27 0.000586348 4.7363 20194 2.63154e+14 354 4 1 0.999482 
1.30504e+16 614.392 1.27363e-10 4.97118e+27 0.000577874 4.64074 20076.8 2.67013e+14 355 4 1 0.999409 
1.31849e+16 630.546 1.26238e-10 4.97118e+27 0.000569238 4.54392 19956.2 2.71064e+14 356 4 1 0.999357 
1.33214e+16 646.274 1.16498e-10 4.97118e+27 0.000560949 4.45153 19839.5 2.7507e+14 357 4 1 0.999375 
1.346e+16 660.336 9.58462e-11 4.97118e+27 0.000553667 4.37081 19736 2.78688e+14 358 4 1 0.999484 
1.36001e+16 671.15 6.46267e-11 4.97118e+27 0.000548116 4.30956 19656.6 2.8151e+14 359 4 1 0.999673 
1.37415e+16 677.341 2.62557e-11 4.97118e+27 0.000544878 4.27398 19610.1 2.83183e+14 360 4 1 0.999875 
1.38833e+16 678.795 -1.4861e-12 4.97118e+27 0.000543814 4.26236 19594.9 2.83737e+14 361 4 1 0.999985 
1.40252e+16 678.557 -9.19641e-13 4.97118e+27 0.000543765 4.26188 19594.3 2.83762e+14 362 5 1 1 
1.41671e+16 678.37 -2.68746e-12 4.97118e+27 0.000543863 4.26296 19595.8 2.83711e+14 363 4 1 1 
1.43089e+16 677.976 -3.40891e-12 4.97118e+27 0.000544035 4.26487 19598.3 2.83621e+14 364 4 1 0.999999 
1.44507e+16 677.494 -3.86464e-12 4.97118e+27 0.00054427 4.26746 19601.8 2.83499e+14 365 4 1 0.999999 
1.45924e+16 676.973 -3.86025e-12 4.97118e+27 0.000544533 4.27036 19605.6 2.83362e+14 366 4 1 0.999999 
1.47341e+16 676.461 -3.56479e-12 4.97118e+27 0.000544797 4.27328 19609.5 2.83225e+14 367 4 1 0.999999 
1.48757e+16 675.992 -3.13294e-12 4.97118e+27 0.000545044 4.276 19613.1 2.83096e+14 368 4 1 1 
1.50172e+16 675.585 -2.65732e-12 4.97118e+27 0.000545262 4.27841 19616.3 2.82983e+14 369 4 1 1 
1.51586e+16 675.243 -2.1953e-12 4.97118e+27 0.000545447 4.28046 19619 2.82887e+14 370 4 1 1 
1.53001e+16 674.959 -1.79754e-12 4.97118e+27 0.000545601 4.28216 19621.3 2.82808e+14 371 4 1 1 
1.54414e+16 674.727 -1.4815e-12 4.97118e+27 0.000545727 4.28356 19623.2 2.82742e+14 372 4 1 1 
1.55828e+16 674.536 -1.23338e-12 4.97118e+27 0.00054583 4.28472 19624.8 2.82689e+14 373 4 1 1 
1.57241e+16 674.375 -1.03965e-12 4.97118e+27 0.000545915 4.28568 19626.1 2.82645e+14 374 4 1 1 
1.58654e+16 674.239 -8.92844e-13 4.97118e+27 0.000545987 4.28649 19627.2 2.82607e+14 375 4 1 1 
1.60067e+16 674.121 -7.80683e-13 4.97118e+27 0.000546048 4.28718 19628.2 2.82576e+14 376 4 1 1 
1.6148e+16 674.018 -6.89135e-13 4.97118e+27 0.000546101 4.28779 19629.1 2.82549e+14 377 4 1 1 
1.62893e+16 673.927 -6.10602e-13 4.97118e+27 0.000546147 4.28832 19629.9 2.82525e+14 378 4 1 1 
1.64305e+16 673.846 -5.42601e-13 4.97118e+27 0.000546187 4.2888 19630.6 2.82504e+14 379 4 1 1 
1.65718e+16 673.774 -4.83315e-13 4.97118e+27 0.000546222 4.28922 19631.3 2.82486e+14 380 4 1 1 
1.6713e+16 673.71 -4.31019e-13 4.97118e+27 0.000546252 4.28959 19631.9 2.8247e+14 381 4 1 1 
1.68543e+16 673.652 -3.84603e-13 4.97118e+27 0.000546278 4.28992 19632.5 2.82457e+14 382 4 1 1 
1.69955e+16 673.601 -3.43225e-13 4.97118e+27 0.000546301 4.29022 19633 2.82445e+14 383 4 1 1 
1.71367e+16 673.555 -3.06366e-13 4.97118e+27 0.00054632 4.29049 19633.6 2.82435e+14 384 4 1 1 
1.72779e+16 673.513 -2.73992e-13 4.97118e+27 0.000546336 4.29072 19634.1 2.82427e+14 385 4 1 1 
1.74191e+16 673.476 -2.45999e-13 4.97118e+27 0.000546348 4.29093 19634.6 2.82421e+14 386 4 1 1 
1.75603e+16 673.442 -2.21736e-13 4.97118e+27 0.000546358 4.29112 19635.1 2.82415e+14 387 4 1 1 
1.77016e+16 673.412 -2.0031e-13 4.97118e+27 0.000546365 4.29129 19635.7 2.82412e+14 388 4 1 1 
1.78428e+16 673.384 -1.81057e-13 4.97118e+27 0.000546369 4.29145 19636.2 2.8241e+14 389 4 1 1 
1.7984e+16 673.359 -1.63635e-13 4.97118e+27 0.000546369 4.29159 19636.8 2.8241e+14 390 3 1 1 
1.81252e+16 673.336 -1.47906e-13 4.97118e+27 0.000546367 4.29171 19637.5 2.82411e+14 391 4 1 1 
1.82664e+16 673.315 -1.33818e-13 4.97118e+27 0.00054636 4.29182 19638.2 2.82414e+14 392 4 1 1 
1.84076e+16 673.296 -1.21306e-13 4.97118e+27 0.000546348 4.2919 19639.1 2.82421e+14 393 4 1 1 
1.85488e+16 673.278 -1.10196e-13 4.97118e+27 0.000546319 4.29188 19640 2.82435e+14 394 4 1 1 
1.869e+16 673.261 -1.00231e-13 4.97118e+27 0.000546219 4.29132 19641.1 2.82488e+14 395 4 1 1 
1.88313e+16 673.246 -9.11728e-14 4.97118e+27 0.000545799 4.28877 19644.5 2.82705e+14 396 4 1 0.999999 
1.89727e+16 673.232 -8.29043e-14 4.97118e+27 0.000544171 4.27125 19622.7 2.83551e+14 397 4 1 0.999987 
1.91148e+16 673.218 -7.53422e-14 4.97118e+27 0.000531039 4.11647 19379.3 2.90562e+14 398 4 1 0.999667 
1.92634e+16 673.205 -6.81475e-14 4.97118e+27 0.000506945 4.40337 21715.2 3.04372e+14 399 4 1 0.994706 
1.94194e+16 673.193 -6.12395e-14 4.97118e+27 0.000481398 4.15692 21587.7 3.20525e+14 400 4 1 0.993698 
1.95843e+16 673.18 -5.44877e-14 4.97118e+27 0.000458902 4.50152 24523.3 3.36238e+14 401 4 1 0.993693 
1.97558e+16 673.168 -4.78566e-14 4.97118e+27 0.00045028 4.30677 23911.6 3.42675e+14 402 5 1 0.998658 
1.99269e+16 673.156 -4.15554e-14 4.97118e+27 0.000451874 4.28999 23734.4 3.41467e+14 403 4 1 0.999967 
2.00973e+16 673.145 -3.55346e-14 4.97118e+27 0.000453494 4.28952 23647.1 3.40247e+14 404 4 1 0.999986 
2.02672e+16 673.134 -2.97402e-14 4.97118e+27 0.000454579 4.29084 23597.9 3.39435e+14 405 4 1 0.999994 
2.04367e+16 673.124 -2.4117e-14 4.97118e+27 0.000455275 4.29164 23566.2 3.38916e+14 406 4 1 0.999997 
2.06061e+16 673.114 -1.86184e-14 4.97118e+27 0.000455745 4.29205 23544.1 3.38566e+14 407 4 1 0.999999 
2.07753e+16 673.104 -1.32376e-14 4.97118e+27 0.000456079 4.29227 23528.1 3.38319e+14 408 4 1 0.999999 
2.09444e+16 673.095 -8.01113e-15 4.97118e+27 0.000456325 4.29241 23516.2 3.38136e+14 409 4 1 1 
2.11134e+16 673.085 -2.97867e-15 4.97118e+27 0.000456511 4.29249 23507 3.37998e+14 410 4 1 1 
2.12824e+16 673.076 1.8845e-15 4.97118e+27 0.000456656 4.29254 23499.9 3.37891e+14 411 4 1 1 
2.14513e+16 673.066 6.72744e-15 4.97118e+27 0.000456769 4.29257 23494.2 3.37808e+14 412 4 1 1 
2.16202e+16 673.057 1.19206e-14 4.97118e+27 0.000456858 4.29259 23489.7 3.37742e+14 413 4 1 1 
2.17891e+16 673.047 1.817e-14 4.97118e+27 0.000456929 4.29259 23486.1 3.37689e+14 414 4 1 1 
2.19579e+16 673.036 2.71554e-14 4.97118e+27 0.000456986 4.29258 23483.1 3.37647e+14 415 4 1 1 
2.21267e+16 673.024 4.40307e-14 4.97118e+27 0.000457031 4.29256 23480.6 3.37614e+14 416 4 1 1 
2.22955e+16 673.007 8.32734e-14 4.97118e+27 0.000457064 4.29248 23478.5 3.37589e+14 417 4 1 1 
2.24643e+16 672.976 1.94934e-13 4.97118e+27 0.000457081 4.29228 23476.6 3.37577e+14 418 3 1 1 
2.26331e+16 672.905 5.28509e-13 4.97118e+27 0.000457063 4.2917 23474.3 3.3759e+14 419 4 1 1 
2.28019e+16 672.705 1.53494e-12 4.97118e+27 0.000456953 4.28997 23470.5 3.37672e+14 420 4 1 1 
2.29708e+16 672.119 4.59536e-12 4.97118e+27 0.000456578 4.28481 23461.5 3.37949e+14 421 4 1 0.999999 
2.31398e+16 670.419 1.30899e-11 4.97118e+27 0.000455467 4.27005 23437.6 3.38773e+14 422 4 1 0.999989 
2.33095e+16 665.696 3.51503e-11 4.97118e+27 0.000452503 4.23105 23375.4 3.40992e+14 423 4 1 0.999921 
2.34808e+16 653.931 8.50959e-11 4.97118e+27 0.000445359 4.1375 23224.9 3.46462e+14 424 4 1 0.999523 
2.36561e+16 626.34 1.87177e-10 4.97118e+27 0.00043042 3.94323 22902.1 3.58487e+14 425 4 1 0.997793 
2.38395e+16 571.851 3.61491e-10 4.97118e+27 0.000403158 3.59295 22277.8 3.82728e+14 426 4 1 0.992543 
2.40396e+16 458.796 7.56861e-10 4.97118e+27 0.000359439 3.04392 21169.9 4.29281e+14 427 4 1 0.980995 
2.42718e+16 267.926 9.89024e-10 4.97118e+27 0.000308621 2.43601 19734.5 4.99966e+14 428 4 1 0.963387 
2.45444e+16 93.0036 6.18541e-10 4.97118e+27 0.000271073 2.01536 18589.8 5.6922e+14 429 4 1 0.965418 
2.48434e+16 15.4793 1.69735e-10 4.97118e+27 0.000254526 1.84086 18082.8 6.06226e+14 430 4 1 0.988777 
2.51509e+16 0.507117 1.588e-11 4.97118e+27 0.000250442 1.7994 17962.6 6.16111e+14 431 4 1 0.99906 
2.54595e+16 -0.195304 -1.44598e-12 4.97118e+27 0.000249984 1.79483 17949.5 6.1724e+14 432 5 1 0.999987 
2.57681e+16 -0.00265269 -2.03854e-13 4.97118e+27 0.000249994 1.79494 17949.8 6.17214e+14 433 4 1 1 
2.60767e+16 0.0034997 1.79519e-14 4.97118e+27 0.00025 1.79501 17950 6.17199e+14 434 3 1 1 
2.63853e+16 0.000973677 6.53342e-15 4.97118e+27 0.00025 1.795 17950 6.17199e+14 435 4 1 1 
2.66939e+16 0.000224773 1.60228e-15 4.97118e+27 0.00025 1.795 17950 6.172e+14 436 4 1 1 
2.70025e+16 4.97641e-05 3.61526e-16 4.97118e+27 0.00025 1.795 17950 6.172e+14 437 4 1 1 
2.73111e+16 1.08024e-05 7.96804e-17 4.97118e+27 0.00025 1.795 17950 6.172e+14 438 4 1 1 
2.76197e+16 2.29664e-06 1.72773e-17 4.97118e+27 0.00025 1.795 17950 6.172e+14 439 4 1 1 
2.79283e+16 4.76117e-07 3.66858e-18 4.97118e+27 0.00025 1.795 17950 6.172e+14 440 4 1 1 
2.82369e+16 9.58201e-08 7.59046e-19 4.97118e+27 0.00025 1.795 17950 6.172e+14 441 4 1 1 
2.85455e+16 1.86393e-08 1.52236e-19 4.97118e+27 0.00025 1.795 17950 6.172e+14 442 4 1 1 
2.88541e+16 3.50365e-09 2.95076e-20 4.97118e+27 0.00025 1.795 17950 6.172e+14 443 4 1 1 
2.91627e+16 6.36093e-10 5.5181e-21 4.97118e+27 0.00025 1.795 17950 6.172e+14 444 4 1 1 
2.94713e+16 1.08178e-10 1.06604e-21 4.97118e+27 0.00025 1.795 17950 6.172e+14 445 4 1 1 
2.97799e+16 1.16883e-11 1.3078e-22 4.97118e+27 0.00025 1.795 17950 6.172e+14 446 4 1 1 
3.00885e+16 1.16672e-12 4.14445e-24 4.97118e+27 0.00025 1.795 17950 6.172e+14 447 5 1 1 
3.03971e+16 5.21153e-12 7.36791e-24 4.97118e+27 0.00025 1.795 17950 6.172e+14 448 5 1 1 
3.07057e+16 -1.5454e-12 8.2889e-24 4.97118e+27 0.00025 1.795 17950 6.172e+14 449 3 1 1 
3.10143e+16 1.5454e-12 -8.2889e-24 4.97118e+27 0.00025 1.795 17950 6.172e+14 450 3 1 1 
3.13229e+16 -5.21153e-12 -7.36791e-24 4.97118e+27 0.00025 1.795 17950 6.172e+14 451 5 1 1 
3.16315e+16 -1.15799e-12 -9.67038e-24 4.97118e+27 0.00025 1.795 17950 6.172e+14 452 5 1 1 
3.19401e+16 -1.06194e-11 -6.40087e-23 4.97118e+27 0.00025 1.795 17950 6.172e+14 453 5 1 1 
3.22487e+16 -9.27217e-11 -1.13696e-21 4.97118e+27 0.00025 1.795 17950 6.172e+14 454 4 1 1 
3.25573e+16 -6.4034e-10 -5.45456e-21 4.97118e+27 0.00025 1.795 17950 6.172e+14 455 4 1 1 
3.28659e+16 -3.5068e-09 -2.96356e-20 4.97118e+27 0.00025 1.795 17950 6.172e+14 456 4 1 1 
3.31745e+16 -1.86352e-08 -1.52172e-19 4.97118e+27 0.00025 1.795 17950 6.172e+14 457 4 1 1 
3.34831e+16 -9.58361e-08 -7.59063e-19 4.97118e+27 0.00025 1.795 17950 6.172e+14 458 4 1 1 
3.37917e+16 -4.76091e-07 -3.6686e-18 4.97118e+27 0.00025 1.795 17950 6.172e+14 459 4 1 1 
3.41003e+16 -2.29666e-06 -1.72772e-17 4.97118e+27 0.00025 1.795 17950 6.172e+14 460 4 1 1 
3.44089e+16 -1.08024e-05 -7.96804e-17 4.97118e+27 0.00025 1.795 17950 6.172e+14 461 4 1 1 
3.47175e+16 -4.97641e-05 -3.61527e-16 4.97118e+27 0.00025 1.795 17950 6.172e+14 462 4 1 1 
3.50261e+16 -0.000224773 -1.60228e-15 4.97118e+27 0.00025 1.795 17950 6.172e+14 463 4 1 1 
3.53347e+16 -0.000973677 -6.53342e-15 4.97118e+27 0.00025 1.795 17950 6.17199e+14 464 4 1 1 
3.56433e+16 -0.0034997 -1.79519e-14 4.97118e+27 0.00025 1.79501 17950 6.17199e+14 465 3 1 1 
3.59519e+16 0.00265269 2.03854e-13 4.97118e+27 0.000249994 1.79494 17949.8 6.17214e+14 466 4 1 1 
3.62605e+16 0.195304 1.44598e-12 4.97118e+27 0.000249984 1.79483 17949.5 6.1724e+14 467 5 1 0.999987 
3.65691e+16 -0.507117 -1.588e-11 4.97118e+27 0.000250442 1.7994 17962.6 6.16111e+14 468 4 1 0.99906 
3.68766e+16 -15.4793 -1.69735e-10 4.97118e+27 0.000254526 1.84086 18082.8 6.06226e+14 469 4 1 0.988777 
3.71756e+16 -93.0036 -6.18541e-10 4.97118e+27 0.000271073 2.01536 18589.8 5.6922e+14 470 4 1 0.965418 
3.74482e+16 -267.926 -9.89024e-10 4.97118e+27 0.000308621 2.43601 19734.5 4.99966e+14 471 4 1 0.963387 
3.76804e+16 -458.796 -7.56861e-10 4.97118e+27 0.000359439 3.04392 21169.9 4.29281e+14 472 4 1 0.980995 
3.78805e+16 -571.851 -3.61491e-10 4.97118e+27 0.000403158 3.59295 22277.8 3.82728e+14 473 4 1 0.992543 
3.80639e+16 -626.34 -1.87177e-10 4.97118e+27 0.00043042 3.94323 22902.1 3.58487e+14 474 4 1 0.997793 
3.82392e+16 -653.931 -8.50959e-11 4.97118e+27 0.000445359 4.1375 23224.9 3.46462e+14 475 4 1 0.999523 
3.84105e+16 -665.696 -3.51503e-11 4.97118e+27 0.000452503 4.23105 23375.4 3.40992e+14 476 4 1 0.999921 
3.85802e+16 -670.419 -1.30899e-11 4.97118e+27 0.000455467 4.27005 23437.6 3.38773e+14 477 4 1 0.999989 
3.87492e+16 -672.119 -4.59536e-12 4.97118e+27 0.000456578 4.28481 23461.5 3.37949e+14 478 4 1 0.999999 
3.89181e+16 -672.705 -1.53494e-12 4.97118e+27 0.000456953 4.28997 23470.5 3.37672e+14 479 4 1 1 
3.90869e+16 -672.905 -5.28509e-13 4.97118e+27 0.000457063 4.2917 23474.3 3.3759e+14 480 4 1 1 
3.92557e+16 -672.976 -1.94934e-13 4.97118e+27 0.000457081 4.29228 23476.6 3.37577e+14 481 3 1 1 
3.94245e+16 -673.007 -8.32734e-14 4.97118e+27 0.000457064 4.29248 23478.5 3.37589e+14 482 4 1 1 
3.95933e+16 -673.024 -4.40307e-14 4.97118e+27 0.000457031 4.29256 23480.6 3.37614e+14 483 4 1 1 
3.97621e+16 -673.036 -2.71554e-14 4.97118e+27 0.000456986 4.29258 23483.1 3.37647e+14 484 4 1 1 
3.99309e+16 -673.047 -1.817e-14 4.97118e+27 0.000456929 4.29259 23486.1 3.37689e+14 485 4 1 1 
4.00998e+16 -673.057 -1.19206e-14 4.97118e+27 0.000456858 4.29259 23489.7 3.37742e+14 486 4 1 1 
4.02687e+16 -673.066 -6.72744e-15 4.97118e+27 0.000456769 4.29257 23494.2 3.37808e+14 487 4 1 1 
4.04376e+16 -673.076 -1.8845e-15 4.97118e+27 0.000456656 4.29254 23499.9 3.37891e+14 488 4 1 1 
4.06066e+16 -673.085 2.97867e-15 4.97118e+27 0.000456511 4.29249 23507 3.37998e+14 489 4 1 1 
4.07756e+16 -673.095 8.01113e-15 4.97118e+27 0.000456325 4.29241 23516.2 3.38136e+14 490 4 1 1 
4.09447e+16 -673.104 1.32376e-14 4.97118e+27 0.000456079 4.29227 23528.1 3.38319e+14 491 4 1 0.999999 
4.11139e+16 -673.114 1.86184e-14 4.97118e+27 0.000455745 4.29205 23544.1 3.38566e+14 492 4 1 0.999999 
4.12833e+16 -673.124 2.4117e-14 4.97118e+27 0.000455275 4.29164 23566.2 3.38916e+14 493 4 1 0.999997 
4.14528e+16 -673.134 2.97402e-14 4.97118e+27 0.000454579 4.29084 23597.9 3.39435e+14 494 4 1 0.999994 
4.16227e+16 -673.145 3.55346e-14 4.97118e+27 0.000453494 4.28952 23647.1 3.40247e+14 495 4 1 0.999986 
4.17931e+16 -673.156 4.15554e-14 4.97118e+27 0.000451874 4.28999 23734.4 3.41467e+14 496 4 1 0.999967 
4.19642e+16 -673.168 4.78566e-14 4.97118e+27 0.00045028 4.30677 23911.6 3.42675e+14 497 5 1 0.998658 
4.21357e+16 -673.18 5.44877e-14 4.97118e+27 0.000458902 4.50152 24523.3 3.36238e+14 498 4 1 0.993693 
4.23006e+16 -673.193 6.12395e-14 4.97118e+27 0.000481398 4.15692 21587.7 3.20525e+14 499 4 1 0.993698 
