# Time [s]: 5.88901e+12
# Columns: pos [pc], vel [pc/s], acc [pc/s^2], mass [Msun], dens [g/cm^3], pres [barye], ene [erg/g], sml [pc], id, neighbor, alpha, gradh, ...additional?
4.23928e+16 -673.199 6.42366e-14 4.97118e+27 0.000506949 4.40342 21715.3 3.0437e+14 0 4 1 0.994706 
4.25414e+16 -673.212 7.10337e-14 4.97118e+27 0.000531044 4.11652 19379.4 2.9056e+14 1 4 1 0.999667 
4.26835e+16 -673.224 7.81378e-14 4.97118e+27 0.000544176 4.2713 19622.8 2.83548e+14 2 4 1 0.999987 
4.28249e+16 -673.238 8.58677e-14 4.97118e+27 0.000545804 4.28883 19644.6 2.82702e+14 3 4 1 0.999999 
4.29662e+16 -673.252 9.43451e-14 4.97118e+27 0.000546224 4.29139 19641.1 2.82485e+14 4 4 1 1 
4.31074e+16 -673.268 1.03729e-13 4.97118e+27 0.000546326 4.29194 19640 2.82432e+14 5 4 1 1 
4.32486e+16 -673.285 1.14233e-13 4.97118e+27 0.000546355 4.29198 19639.2 2.82417e+14 6 4 1 1 
4.33898e+16 -673.303 1.26015e-13 4.97118e+27 0.000546367 4.2919 19638.3 2.82411e+14 7 4 1 1 
4.3531e+16 -673.323 1.39134e-13 4.97118e+27 0.000546374 4.2918 19637.6 2.82407e+14 8 4 1 1 
4.36722e+16 -673.344 1.53594e-13 4.97118e+27 0.000546378 4.29168 19637 2.82405e+14 9 4 1 1 
4.38134e+16 -673.368 1.69453e-13 4.97118e+27 0.000546378 4.29155 19636.3 2.82405e+14 10 3 1 1 
4.39546e+16 -673.394 1.86926e-13 4.97118e+27 0.000546375 4.29141 19635.8 2.82407e+14 11 4 1 1 
4.40958e+16 -673.422 2.06497e-13 4.97118e+27 0.00054637 4.29125 19635.3 2.8241e+14 12 4 1 1 
4.4237e+16 -673.453 2.28899e-13 4.97118e+27 0.000546361 4.29107 19634.8 2.82414e+14 13 4 1 1 
4.43783e+16 -673.488 2.54803e-13 4.97118e+27 0.00054635 4.29088 19634.3 2.8242e+14 14 4 1 1 
4.45195e+16 -673.527 2.84491e-13 4.97118e+27 0.000546335 4.29066 19633.8 2.82427e+14 15 4 1 1 
4.46607e+16 -673.569 3.18045e-13 4.97118e+27 0.000546318 4.29041 19633.3 2.82436e+14 16 4 1 1 
4.48019e+16 -673.617 3.55827e-13 4.97118e+27 0.000546297 4.29014 19632.8 2.82447e+14 17 4 1 1 
4.49431e+16 -673.67 3.98538e-13 4.97118e+27 0.000546273 4.28983 19632.2 2.82459e+14 18 4 1 1 
4.50844e+16 -673.73 4.46979e-13 4.97118e+27 0.000546246 4.28948 19631.6 2.82474e+14 19 4 1 1 
4.52256e+16 -673.797 5.02028e-13 4.97118e+27 0.000546214 4.28909 19631 2.8249e+14 20 4 1 1 
4.53669e+16 -673.872 5.64356e-13 4.97118e+27 0.000546177 4.28866 19630.3 2.82509e+14 21 4 1 1 
4.55081e+16 -673.956 6.34494e-13 4.97118e+27 0.000546135 4.28816 19629.6 2.82531e+14 22 4 1 1 
4.56494e+16 -674.05 7.15399e-13 4.97118e+27 0.000546087 4.28761 19628.8 2.82556e+14 23 4 1 1 
4.57907e+16 -674.158 8.14796e-13 4.97118e+27 0.000546031 4.28698 19627.9 2.82585e+14 24 4 1 1 
4.5932e+16 -674.282 9.41639e-13 4.97118e+27 0.000545967 4.28624 19626.9 2.82618e+14 25 4 1 1 
4.60733e+16 -674.425 1.1027e-12 4.97118e+27 0.000545891 4.28538 19625.7 2.82657e+14 26 4 1 1 
4.62146e+16 -674.595 1.30928e-12 4.97118e+27 0.000545799 4.28436 19624.2 2.82705e+14 27 4 1 1 
-1.5364e+16 -674.8 1.5804e-12 4.97118e+27 0.000545689 4.28313 19622.6 2.82762e+14 28 4 1 1 
-1.52226e+16 -675.048 1.926e-12 4.97118e+27 0.000545554 4.28163 19620.6 2.82832e+14 29 4 1 1 
-1.50812e+16 -675.349 2.3363e-12 4.97118e+27 0.000545391 4.27982 19618.1 2.82916e+14 30 4 1 1 
-1.49397e+16 -675.711 2.79477e-12 4.97118e+27 0.000545196 4.27767 19615.3 2.83018e+14 31 4 1 1 
-1.47982e+16 -676.137 3.26622e-12 4.97118e+27 0.00054497 4.27517 19612 2.83135e+14 32 4 1 1 
-1.46566e+16 -676.616 3.65464e-12 4.97118e+27 0.000544718 4.27239 19608.3 2.83266e+14 33 4 1 0.999999 
-1.45149e+16 -677.129 3.82455e-12 4.97118e+27 0.000544455 4.26949 19604.4 2.83403e+14 34 4 1 0.999999 
-1.43732e+16 -677.639 3.68483e-12 4.97118e+27 0.000544203 4.26671 19600.7 2.83534e+14 35 4 1 0.999999 
-1.42314e+16 -678.089 3.18377e-12 4.97118e+27 0.000543989 4.26435 19597.6 2.83646e+14 36 4 1 1 
-1.40895e+16 -678.426 2.17019e-12 4.97118e+27 0.000543845 4.26276 19595.5 2.83721e+14 37 4 1 1 
-1.39476e+16 -678.55 1.64428e-12 4.97118e+27 0.000543761 4.26182 19594.2 2.83764e+14 38 5 1 0.999999 
-1.38057e+16 -678.706 -3.83926e-12 4.97118e+27 0.00054399 4.26427 19597.4 2.83645e+14 39 4 1 0.999966 
-1.3664e+16 -675.993 -3.74154e-11 4.97118e+27 0.000545601 4.28191 19620.5 2.82807e+14 40 4 1 0.999825 
-1.35229e+16 -668.403 -7.37616e-11 4.97118e+27 0.000549508 4.3249 19676.5 2.80797e+14 41 4 1 0.999622 
-1.33832e+16 -656.654 -1.01722e-10 4.97118e+27 0.000555558 4.39173 19762.9 2.77739e+14 42 4 1 0.999458 
-1.32452e+16 -642.169 -1.18398e-10 4.97118e+27 0.000563099 4.47544 19869.8 2.74019e+14 43 4 1 0.999377 
-1.31092e+16 -626.419 -1.25727e-10 4.97118e+27 0.000571432 4.56846 19986.9 2.70024e+14 44 4 1 0.999381 
-1.29752e+16 -610.525 -1.24731e-10 4.97118e+27 0.000579961 4.66422 20105.7 2.66052e+14 45 4 1 0.999438 
-1.28431e+16 -595.392 -1.18846e-10 4.97118e+27 0.000588252 4.75784 20220.2 2.62303e+14 46 4 1 0.999508 
-1.27128e+16 -581.295 -1.11983e-10 4.97118e+27 0.000596116 4.84711 20327.9 2.58842e+14 47 4 1 0.999551 
-1.25842e+16 -567.982 -1.09816e-10 4.97118e+27 0.000603665 4.93323 20430.4 2.55605e+14 48 4 1 0.999557 
-1.24572e+16 -554.787 -1.12835e-10 4.97118e+27 0.000611201 5.01965 20532 2.52454e+14 49 4 1 0.999533 
-1.23318e+16 -541.219 -1.19679e-10 4.97118e+27 0.000619007 5.10962 20636.4 2.4927e+14 50 4 1 0.999496 
-1.22079e+16 -527.038 -1.2707e-10 4.97118e+27 0.000627225 5.20483 20745.6 2.46004e+14 51 4 1 0.999458 
-1.20858e+16 -512.222 -1.34398e-10 4.97118e+27 0.000635872 5.30555 20859.5 2.42659e+14 52 4 1 0.999432 
-1.19653e+16 -496.963 -1.39536e-10 4.97118e+27 0.000644876 5.41103 20977.1 2.39271e+14 53 4 1 0.999417 
-1.18465e+16 -481.44 -1.44003e-10 4.97118e+27 0.000654145 5.52023 21097.2 2.3588e+14 54 4 1 0.999413 
-1.17294e+16 -465.811 -1.46835e-10 4.97118e+27 0.000663601 5.63227 21218.7 2.32519e+14 55 4 1 0.999417 
-1.16139e+16 -450.157 -1.49003e-10 4.97118e+27 0.00067317 5.7463 21340.5 2.29214e+14 56 4 1 0.999425 
-1.15001e+16 -434.574 -1.50844e-10 4.97118e+27 0.000682816 5.86189 21462.3 2.25976e+14 57 4 1 0.999436 
-1.1388e+16 -419.099 -1.51875e-10 4.97118e+27 0.000692501 5.97863 21583.5 2.22816e+14 58 4 1 0.999449 
-1.12773e+16 -403.775 -1.53269e-10 4.97118e+27 0.00070221 6.0963 21704 2.19735e+14 59 4 1 0.999464 
-1.11682e+16 -388.613 -1.53707e-10 4.97118e+27 0.000711924 6.21469 21823.6 2.16737e+14 60 4 1 0.999478 
-1.10606e+16 -373.606 -1.5462e-10 4.97118e+27 0.00072163 6.33362 21942.1 2.13822e+14 61 4 1 0.999493 
-1.09544e+16 -358.802 -1.55017e-10 4.97118e+27 0.000731324 6.45306 22059.6 2.10987e+14 62 4 1 0.999508 
-1.08496e+16 -344.166 -1.55675e-10 4.97118e+27 0.000741001 6.57292 22175.8 2.08232e+14 63 4 1 0.999522 
-1.07461e+16 -329.725 -1.56262e-10 4.97118e+27 0.000750665 6.69323 22291.1 2.05551e+14 64 4 1 0.999536 
-1.0644e+16 -315.448 -1.56406e-10 4.97118e+27 0.000760303 6.81384 22405.1 2.02945e+14 65 4 1 0.99955 
-1.05432e+16 -301.352 -1.56926e-10 4.97118e+27 0.000769914 6.93473 22517.9 2.00412e+14 66 4 1 0.999562 
-1.04436e+16 -287.434 -1.57452e-10 4.97118e+27 0.000779507 7.056 22629.7 1.97946e+14 67 4 1 0.999575 
-1.03452e+16 -273.682 -1.57639e-10 4.97118e+27 0.000789075 7.17754 22740.4 1.95545e+14 68 4 1 0.999587 
-1.0248e+16 -260.114 -1.58127e-10 4.97118e+27 0.000798617 7.29935 22850 1.93209e+14 69 4 1 0.999599 
-1.0152e+16 -246.708 -1.58167e-10 4.97118e+27 0.00080813 7.42136 22958.5 1.90935e+14 70 4 1 0.99961 
-1.00571e+16 -233.444 -1.58549e-10 4.97118e+27 0.000817612 7.54354 23065.8 1.8872e+14 71 4 1 0.999621 
-9.96328e+15 -220.373 -1.58879e-10 4.97118e+27 0.000827069 7.66599 23172.2 1.86562e+14 72 4 1 0.999632 
-9.87053e+15 -207.449 -1.5889e-10 4.97118e+27 0.000836495 7.78857 23277.5 1.8446e+14 73 4 1 0.999642 
-9.77882e+15 -194.68 -1.59384e-10 4.97118e+27 0.000845893 7.91134 23381.7 1.82411e+14 74 4 1 0.999652 
-9.68811e+15 -182.077 -1.59256e-10 4.97118e+27 0.000855259 8.03426 23484.9 1.80413e+14 75 4 1 0.999662 
-9.5984e+15 -169.603 -1.59472e-10 4.97118e+27 0.000864589 8.15722 23587 1.78466e+14 76 4 1 0.999671 
-9.50964e+15 -157.296 -1.59763e-10 4.97118e+27 0.000873892 8.28036 23688.2 1.76566e+14 77 4 1 0.99968 
-9.42183e+15 -145.138 -1.59651e-10 4.97118e+27 0.000883161 8.40357 23788.4 1.74713e+14 78 4 1 0.999689 
-9.33492e+15 -133.119 -1.59863e-10 4.97118e+27 0.000892394 8.52683 23887.6 1.72906e+14 79 4 1 0.999697 
-9.24892e+15 -121.251 -1.5977e-10 4.97118e+27 0.000901591 8.65011 23985.7 1.71142e+14 80 4 1 0.999706 
-9.16378e+15 -109.531 -1.59521e-10 4.97118e+27 0.000910743 8.77328 24082.8 1.69422e+14 81 4 1 0.999715 
-9.07949e+15 -97.9608 -1.59334e-10 4.97118e+27 0.000919848 8.89631 24178.8 1.67745e+14 82 4 1 0.999722 
-8.99603e+15 -86.5466 -1.59774e-10 4.97118e+27 0.00092892 9.01938 24273.9 1.66107e+14 83 4 1 0.999729 
-8.91338e+15 -75.2243 -1.60028e-10 4.97118e+27 0.000937961 9.14255 24368.2 1.64506e+14 84 4 1 0.999744 
-8.83152e+15 -64.1228 -1.55909e-10 4.97118e+27 0.000946864 9.26431 24460.4 1.62959e+14 85 4 1 0.999763 
-8.75042e+15 -53.5559 -1.49484e-10 4.97118e+27 0.000955509 9.3828 24549.4 1.61485e+14 86 4 1 0.999755 
-8.67003e+15 -43.0798 -1.60318e-10 4.97118e+27 0.000964254 9.50307 24638.9 1.6002e+14 87 4 1 0.999717 
-8.59039e+15 -31.3944 -1.84818e-10 4.97118e+27 0.000973694 9.63402 24735.5 1.58469e+14 88 4 1 0.99977 
-8.51156e+15 -19.7268 -1.51835e-10 4.97118e+27 0.000982721 9.76006 24827.5 1.57013e+14 89 4 1 0.999919 
-8.43338e+15 -12.702 -5.71366e-11 4.97118e+27 0.000988788 9.84373 24887.9 1.5605e+14 90 4 1 0.999932 
-8.35551e+15 -9.08894 -7.8891e-11 4.97118e+27 0.000993376 9.90584 24932.6 1.55329e+14 91 4 1 0.999708 
-8.27805e+15 1.56674 -2.55032e-10 4.97118e+27 0.00100243 10.0333 25024.3 1.53926e+14 92 4 1 0.999526 
-8.20157e+15 19.6593 -2.62286e-10 4.97118e+27 0.0010154 10.2184 25155.4 1.51959e+14 93 4 1 0.999907 
-8.12608e+15 29.5593 -5.01614e-11 4.97118e+27 0.00102365 10.3346 25236.6 1.50735e+14 94 4 1 1.00001 
-8.05084e+15 29.7934 1.50377e-11 4.97118e+27 0.00102485 10.3502 25247.3 1.50559e+14 95 3 1 1 
-7.97552e+15 28.0635 3.15594e-11 4.97118e+27 0.00102336 10.3289 25232.5 1.50777e+14 96 4 1 0.999995 
-7.90006e+15 25.6706 3.97649e-11 4.97118e+27 0.00102124 10.2989 25211.5 1.51091e+14 97 4 1 0.999988 
-7.82443e+15 22.866 4.54578e-11 4.97118e+27 0.0010188 10.2643 25187.2 1.51453e+14 98 4 1 0.999984 
-7.74861e+15 19.8239 4.83412e-11 4.97118e+27 0.00101619 10.2275 25161.4 1.51841e+14 99 4 1 0.999981 
-7.67259e+15 16.7213 4.8445e-11 4.97118e+27 0.00101357 10.1906 25135.3 1.52234e+14 100 4 1 0.99998 
-7.59637e+15 13.7215 4.60806e-11 4.97118e+27 0.00101108 10.1554 25110.5 1.5261e+14 101 4 1 0.999981 
-7.51998e+15 10.9576 4.18181e-11 4.97118e+27 0.0010088 10.1233 25087.8 1.52954e+14 102 4 1 0.999984 
-7.44342e+15 8.5203 3.63596e-11 4.97118e+27 0.00100681 10.0954 25067.9 1.53257e+14 103 4 1 0.999988 
-7.36672e+15 6.45587 3.03997e-11 4.97118e+27 0.00100514 10.0719 25051.2 1.53512e+14 104 4 1 0.999991 
-7.28991e+15 4.77079 2.45203e-11 4.97118e+27 0.00100378 10.0529 25037.7 1.53719e+14 105 4 1 0.999994 
-7.213e+15 3.44142 1.91352e-11 4.97118e+27 0.00100272 10.038 25027.1 1.53882e+14 106 4 1 0.999996 
-7.13603e+15 2.42518 1.4483e-11 4.97118e+27 0.00100191 10.0267 25019 1.54006e+14 107 4 1 0.999998 
-7.059e+15 1.67076 1.06535e-11 4.97118e+27 0.00100131 10.0183 25013.1 1.54098e+14 108 4 1 0.999999 
-6.98193e+15 1.12589 7.62881e-12 4.97118e+27 0.00100088 10.0123 25008.8 1.54164e+14 109 4 1 0.999999 
-6.90483e+15 0.742473 5.32498e-12 4.97118e+27 0.00100058 10.0081 25005.8 1.54211e+14 110 4 1 1 
-6.82772e+15 0.479313 3.62672e-12 4.97118e+27 0.00100037 10.0052 25003.7 1.54242e+14 111 4 1 1 
-6.75059e+15 0.30298 2.41198e-12 4.97118e+27 0.00100024 10.0033 25002.3 1.54264e+14 112 4 1 1 
-6.67345e+15 0.187558 1.56727e-12 4.97118e+27 0.00100015 10.002 25001.4 1.54278e+14 113 4 1 1 
-6.59631e+15 0.113718 9.95417e-13 4.97118e+27 0.00100009 10.0012 25000.9 1.54286e+14 114 4 1 1 
-6.51917e+15 0.0675331 6.18139e-13 4.97118e+27 0.00100005 10.0007 25000.5 1.54292e+14 115 4 1 1 
-6.44202e+15 0.0392835 3.75389e-13 4.97118e+27 0.00100003 10.0004 25000.3 1.54295e+14 116 4 1 1 
-6.36487e+15 0.0223824 2.22977e-13 4.97118e+27 0.00100002 10.0002 25000.2 1.54297e+14 117 4 1 1 
-6.28772e+15 0.0124908 1.29558e-13 4.97118e+27 0.00100001 10.0001 25000.1 1.54299e+14 118 4 1 1 
-6.21057e+15 0.00682726 7.36421e-14 4.97118e+27 0.00100001 10.0001 25000.1 1.54299e+14 119 4 1 1 
-6.13342e+15 0.00365463 4.09506e-14 4.97118e+27 0.001 10 25000 1.543e+14 120 4 1 1 
-6.05627e+15 0.00191579 2.22779e-14 4.97118e+27 0.001 10 25000 1.543e+14 121 4 1 1 
-5.97912e+15 0.000983378 1.18566e-14 4.97118e+27 0.001 10 25000 1.543e+14 122 4 1 1 
-5.90197e+15 0.000494212 6.17312e-15 4.97118e+27 0.001 10 25000 1.543e+14 123 4 1 1 
-5.82482e+15 0.000243149 3.144e-15 4.97118e+27 0.001 10 25000 1.543e+14 124 4 1 1 
-5.74767e+15 0.000117095 1.56626e-15 4.97118e+27 0.001 10 25000 1.543e+14 125 4 1 1 
-5.67052e+15 5.51867e-05 7.63131e-16 4.97118e+27 0.001 10 25000 1.543e+14 126 4 1 1 
-5.59337e+15 2.54499e-05 3.63612e-16 4.97118e+27 0.001 10 25000 1.543e+14 127 4 1 1 
-5.51622e+15 1.14816e-05 1.694e-16 4.97118e+27 0.001 10 25000 1.543e+14 128 4 1 1 
-5.43907e+15 5.0662e-06 7.71532e-17 4.97118e+27 0.001 10 25000 1.543e+14 129 4 1 1 
-5.36192e+15 2.18582e-06 3.43449e-17 4.97118e+27 0.001 10 25000 1.543e+14 130 4 1 1 
-5.28477e+15 9.21859e-07 1.49395e-17 4.97118e+27 0.001 10 25000 1.543e+14 131 4 1 1 
-5.20762e+15 3.79912e-07 6.34825e-18 4.97118e+27 0.001 10 25000 1.543e+14 132 4 1 1 
-5.13047e+15 1.52941e-07 2.63461e-18 4.97118e+27 0.001 10 25000 1.543e+14 133 4 1 1 
-5.05332e+15 6.01212e-08 1.06723e-18 4.97118e+27 0.001 10 25000 1.543e+14 134 4 1 1 
-4.97617e+15 2.30688e-08 4.22021e-19 4.97118e+27 0.001 10 25000 1.543e+14 135 4 1 1 
-4.89902e+15 8.62458e-09 1.62562e-19 4.97118e+27 0.001 10 25000 1.543e+14 136 4 1 1 
-4.82187e+15 3.15138e-09 6.10376e-20 4.97118e+27 0.001 10 25000 1.543e+14 137 4 1 1 
-4.74472e+15 1.11449e-09 2.26729e-20 4.97118e+27 0.001 10 25000 1.543e+14 138 4 1 1 
-4.66757e+15 3.87591e-10 7.70867e-21 4.97118e+27 0.001 10 25000 1.543e+14 139 4 1 1 
-4.59042e+15 1.26294e-10 3.04847e-21 4.97118e+27 0.001 10 25000 1.543e+14 140 4 1 1 
-4.51327e+15 4.14403e-11 7.80998e-22 4.97118e+27 0.001 10 25000 1.543e+14 141 4 1 1 
-4.43612e+15 6.72129e-12 4.29181e-22 4.97118e+27 0.001 10 25000 1.543e+14 142 4 1 1 
-4.35897e+15 2.79329e-13 -3.68395e-24 4.97118e+27 0.001 10 25000 1.543e+14 143 5 1 1 
-4.28182e+15 1.74574e-14 1.84198e-24 4.97118e+27 0.001 10 25000 1.543e+14 144 5 1 1 
-4.20467e+15 3.44286e-45 3.63266e-55 4.97118e+27 0.001 10 25000 1.543e+14 145 5 1 1 
-4.12752e+15 0 0 4.97118e+27 0.001 10 25000 1.543e+14 146 5 1 1 
-4.05037e+15 0 0 4.97118e+27 0.001 10 25000 1.543e+14 147 5 1 1 
-3.97322e+15 0 0 4.97118e+27 0.001 10 25000 1.543e+14 148 5 1 1 
-3.89607e+15 0 0 4.97118e+27 0.001 10 25000 1.543e+14 149 5 1 1 
-3.81892e+15 0 0 4.97118e+27 0.001 10 25000 1.543e+14 150 5 1 1 
-3.74177e+15 0 0 4.97118e+27 0.001 10 25000 1.543e+14 151 5 1 1 
-3.66462e+15 0 0 4.97118e+27 0.001 10 25000 1.543e+14 152 5 1 1 
-3.58747e+15 0 0 4.97118e+27 0.001 10 25000 1.543e+14 153 5 1 1 
-3.51032e+15 0 0 4.97118e+27 0.001 10 25000 1.543e+14 154 5 1 1 
-3.43317e+15 0 0 4.97118e+27 0.001 10 25000 1.543e+14 155 5 1 1 
-3.35602e+15 0 0 4.97118e+27 0.001 10 25000 1.543e+14 156 5 1 1 
-3.27887e+15 0 0 4.97118e+27 0.001 10 25000 1.543e+14 157 5 1 1 
-3.20172e+15 0 0 4.97118e+27 0.001 10 25000 1.543e+14 158 5 1 1 
-3.12457e+15 0 0 4.97118e+27 0.001 10 25000 1.543e+14 159 5 1 1 
-3.04742e+15 0 0 4.97118e+27 0.001 10 25000 1.543e+14 160 5 1 1 
-2.97027e+15 0 0 4.97118e+27 0.001 10 25000 1.543e+14 161 5 1 1 
-2.89312e+15 0 0 4.97118e+27 0.001 10 25000 1.543e+14 162 5 1 1 
-2.81597e+15 0 0 4.97118e+27 0.001 10 25000 1.543e+14 163 5 1 1 
-2.73882e+15 0 0 4.97118e+27 0.001 10 25000 1.543e+14 164 5 1 1 
-2.66167e+15 0 0 4.97118e+27 0.001 10 25000 1.543e+14 165 5 1 1 
-2.58452e+15 0 0 4.97118e+27 0.001 10 25000 1.543e+14 166 5 1 1 
-2.50737e+15 0 0 4.97118e+27 0.001 10 25000 1.543e+14 167 5 1 1 
-2.43022e+15 0 0 4.97118e+27 0.001 10 25000 1.543e+14 168 5 1 1 
-2.35307e+15 0 0 4.97118e+27 0.001 10 25000 1.543e+14 169 5 1 1 
-2.27592e+15 0 0 4.97118e+27 0.001 10 25000 1.543e+14 170 5 1 1 
-2.19877e+15 0 0 4.97118e+27 0.001 10 25000 1.543e+14 171 5 1 1 
-2.12162e+15 -4.47399e-44 -3.63266e-55 4.97118e+27 0.001 10 25000 1.543e+14 172 5 1 1 
-2.04447e+15 -1.04709e-13 -3.63266e-55 4.97118e+27 0.001 10 25000 1.543e+14 173 5 1 1 
-1.96732e+15 -2.26318e-13 -1.84198e-24 4.97118e+27 0.001 10 25000 1.543e+14 174 5 1 1 
-1.89017e+15 -4.86897e-13 1.27813e-39 4.97118e+27 0.001 10 25000 1.543e+14 175 5 1 1 
-1.81302e+15 -1.00865e-12 -2.21037e-23 4.97118e+27 0.001 10 25000 1.543e+14 176 5 1 1 
-1.73587e+15 -3.95618e-12 -3.49976e-23 4.97118e+27 0.001 10 25000 1.543e+14 177 3 1 1 
-1.65872e+15 -3.23549e-12 6.63112e-23 4.97118e+27 0.001 10 25000 1.543e+14 178 3 1 1 
-1.58157e+15 -3.15702e-13 -5.52593e-24 4.97118e+27 0.001 10 25000 1.543e+14 179 5 1 1 
-1.50442e+15 -1.33293e-13 1.84198e-24 4.97118e+27 0.001 10 25000 1.543e+14 180 5 1 1 
-1.42727e+15 9.01728e-13 3.68395e-24 4.97118e+27 0.001 10 25000 1.543e+14 181 5 1 1 
-1.35012e+15 6.35203e-13 -2.54286e-54 4.97118e+27 0.001 10 25000 1.543e+14 182 5 1 1 
-1.27297e+15 -4.50188e-13 -1.84198e-24 4.97118e+27 0.001 10 25000 1.543e+14 183 5 1 1 
-1.19582e+15 -2.37661e-12 -9.20989e-24 4.97118e+27 0.001 10 25000 1.543e+14 184 5 1 1 
-1.11867e+15 -3.89669e-12 -4.05235e-23 4.97118e+27 0.001 10 25000 1.543e+14 185 4 1 1 
-1.04152e+15 -2.73032e-12 8.84149e-23 4.97118e+27 0.001 10 25000 1.543e+14 186 4 1 1 
-9.64375e+14 -1.73866e-12 -4.78914e-23 4.97118e+27 0.001 10 25000 1.543e+14 187 3 1 1 
-8.87225e+14 -1.40808e-12 1.10519e-23 4.97118e+27 0.001 10 25000 1.543e+14 188 4 1 1 
-8.10075e+14 -6.32751e-13 -7.36791e-24 4.97118e+27 0.001 10 25000 1.543e+14 189 4 1 1 
-7.32925e+14 -5.25754e-13 -3.68395e-24 4.97118e+27 0.001 10 25000 1.543e+14 190 4 1 1 
-6.55775e+14 -2.81446e-12 -1.47358e-23 4.97118e+27 0.001 10 25000 1.543e+14 191 5 1 1 
-5.78625e+14 -3.47711e-13 2.21037e-23 4.97118e+27 0.001 10 25000 1.543e+14 192 5 1 1 
-5.01475e+14 -1.99211e-12 -2.02618e-23 4.97118e+27 0.001 10 25000 1.543e+14 193 3 1 1 
-4.24325e+14 4.82372e-13 1.84198e-23 4.97118e+27 0.001 10 25000 1.543e+14 194 3 1 1 
-3.47175e+14 -1.25972e-12 -1.84198e-24 4.97118e+27 0.001 10 25000 1.543e+14 195 5 1 1 
-2.70025e+14 2.20837e-13 -4.15392e-39 4.97118e+27 0.001 10 25000 1.543e+14 196 4 1 1 
-1.92875e+14 2.91494e-13 5.11251e-39 4.97118e+27 0.001 10 25000 1.543e+14 197 3 1 1 
-1.15725e+14 -3.28991e-13 1.84198e-24 4.97118e+27 0.001 10 25000 1.543e+14 198 4 1 1 
-3.8575e+13 1.06703e-13 3.19532e-40 4.97118e+27 0.001 10 25000 1.543e+14 199 5 1 1 
3.8575e+13 2.00499e-13 1.84198e-24 4.97118e+27 0.001 10 25000 1.543e+14 200 3 1 1 
1.15725e+14 8.63667e-14 3.68395e-24 4.97118e+27 0.001 10 25000 1.543e+14 201 4 1 1 
1.92875e+14 -8.87548e-14 1.84198e-24 4.97118e+27 0.001 10 25000 1.543e+14 202 4 1 1 
2.70025e+14 -1.03127e-13 1.28938e-23 4.97118e+27 0.001 10 25000 1.543e+14 203 4 1 1 
3.47175e+14 1.0575e-12 -9.20989e-24 4.97118e+27 0.001 10 25000 1.543e+14 204 5 1 1 
4.24325e+14 -2.15031e-14 -1.28938e-23 4.97118e+27 0.001 10 25000 1.543e+14 205 4 1 1 
5.01475e+14 7.69751e-13 -3.68395e-24 4.97118e+27 0.001 10 25000 1.543e+14 206 4 1 1 
5.78625e+14 2.03443e-12 3.68395e-24 4.97118e+27 0.001 10 25000 1.543e+14 207 5 1 1 
6.55775e+14 1.50035e-12 -1.78938e-38 4.97118e+27 0.001 10 25000 1.543e+14 208 5 1 1 
7.32925e+14 2.14206e-13 -9.20989e-24 4.97118e+27 0.001 10 25000 1.543e+14 209 4 1 1 
8.10075e+14 1.82098e-12 1.84198e-24 4.97118e+27 0.001 10 25000 1.543e+14 210 4 1 1 
8.87225e+14 -1.64574e-12 -1.28938e-23 4.97118e+27 0.001 10 25000 1.543e+14 211 3 1 1 
9.64375e+14 3.67133e-12 1.28938e-23 4.97118e+27 0.001 10 25000 1.543e+14 212 4 1 1 
1.04153e+15 7.20757e-13 7.36791e-24 4.97118e+27 0.001 10 25000 1.543e+14 213 5 1 1 
1.11868e+15 2.02458e-12 -1.27813e-39 4.97118e+27 0.001 10 25000 1.543e+14 214 5 1 1 
1.19583e+15 1.56665e-12 -1.45306e-54 4.97118e+27 0.001 10 25000 1.543e+14 215 5 1 1 
1.27298e+15 1.02893e-12 1.45306e-54 4.97118e+27 0.001 10 25000 1.543e+14 216 5 1 1 
1.35013e+15 8.69238e-13 3.63266e-55 4.97118e+27 0.001 10 25000 1.543e+14 217 5 1 1 
1.42728e+15 6.90559e-13 -1.84198e-24 4.97118e+27 0.001 10 25000 1.543e+14 218 5 1 1 
1.50443e+15 5.19902e-13 1.84198e-24 4.97118e+27 0.001 10 25000 1.543e+14 219 5 1 1 
1.58158e+15 2.85664e-13 5.52593e-24 4.97118e+27 0.001 10 25000 1.543e+14 220 5 1 1 
1.65873e+15 5.31711e-13 1.28938e-23 4.97118e+27 0.001 10 25000 1.543e+14 221 5 1 1 
1.73588e+15 -1.64278e-12 1.10519e-23 4.97118e+27 0.001 10 25000 1.543e+14 222 5 1 1 
1.81303e+15 1.8757e-12 -1.84198e-23 4.97118e+27 0.001 10 25000 1.543e+14 223 5 1 1 
1.89018e+15 -6.62768e-13 -1.10519e-23 4.97118e+27 0.001 10 25000 1.543e+14 224 3 1 1 
1.96733e+15 2.15559e-12 1.47358e-23 4.97118e+27 0.001 10 25000 1.543e+14 225 3 1 1 
2.04448e+15 -6.30051e-13 1.47358e-23 4.97118e+27 0.001 10 25000 1.543e+14 226 5 1 1 
2.12163e+15 2.88956e-12 -1.10519e-23 4.97118e+27 0.001 10 25000 1.543e+14 227 5 1 1 
2.19878e+15 7.63911e-13 -1.84198e-23 4.97118e+27 0.001 10 25000 1.543e+14 228 5 1 1 
2.27593e+15 1.76042e-12 -1.84198e-24 4.97118e+27 0.001 10 25000 1.543e+14 229 5 1 1 
2.35308e+15 1.39496e-12 -1.81633e-54 4.97118e+27 0.001 10 25000 1.543e+14 230 5 1 1 
2.43023e+15 9.41883e-13 0 4.97118e+27 0.001 10 25000 1.543e+14 231 5 1 1 
2.50738e+15 4.36152e-13 1.84198e-24 4.97118e+27 0.001 10 25000 1.543e+14 232 5 1 1 
2.58453e+15 2.26813e-13 -1.84198e-24 4.97118e+27 0.001 10 25000 1.543e+14 233 5 1 1 
2.66168e+15 8.72807e-14 1.84198e-24 4.97118e+27 0.001 10 25000 1.543e+14 234 5 1 1 
2.73883e+15 3.09818e-44 3.63266e-55 4.97118e+27 0.001 10 25000 1.543e+14 235 5 1 1 
2.81598e+15 0 0 4.97118e+27 0.001 10 25000 1.543e+14 236 5 1 1 
2.89313e+15 -1.73257e-42 -3.63266e-55 4.97118e+27 0.001 10 25000 1.543e+14 237 5 1 1 
2.97028e+15 -1.69188e-13 0 4.97118e+27 0.001 10 25000 1.543e+14 238 5 1 1 
3.04743e+15 -3.37357e-13 3.63266e-55 4.97118e+27 0.001 10 25000 1.543e+14 239 5 1 1 
3.12458e+15 1.58941e-12 0 4.97118e+27 0.001 10 25000 1.543e+14 240 5 1 1 
3.20173e+15 1.42405e-12 1.45306e-54 4.97118e+27 0.001 10 25000 1.543e+14 241 5 1 1 
3.27888e+15 2.29929e-12 -1.84198e-24 4.97118e+27 0.001 10 25000 1.543e+14 242 5 1 1 
3.35603e+15 6.37168e-13 1.84198e-24 4.97118e+27 0.001 10 25000 1.543e+14 243 5 1 1 
3.43318e+15 5.29168e-13 -1.84198e-24 4.97118e+27 0.001 10 25000 1.543e+14 244 5 1 1 
3.51033e+15 -1.66795e-12 1.0898e-53 4.97118e+27 0.001 10 25000 1.543e+14 245 5 1 1 
3.58748e+15 2.28676e-12 -1.12612e-53 4.97118e+27 0.001 10 25000 1.543e+14 246 5 1 1 
3.66463e+15 -4.86694e-13 1.27813e-39 4.97118e+27 0.001 10 25000 1.543e+14 247 5 1 1 
3.74178e+15 -2.09243e-14 -2.31661e-37 4.97118e+27 0.001 10 25000 1.543e+14 248 5 1 1 
3.81893e+15 -3.1251e-12 -2.32939e-37 4.97118e+27 0.001 10 25000 1.543e+14 249 4 1 1 
3.89608e+15 3.1251e-12 2.32939e-37 4.97118e+27 0.001 10 25000 1.543e+14 250 4 1 1 
3.97323e+15 2.09243e-14 2.31661e-37 4.97118e+27 0.001 10 25000 1.543e+14 251 5 1 1 
4.05038e+15 4.86694e-13 -1.27813e-39 4.97118e+27 0.001 10 25000 1.543e+14 252 5 1 1 
4.12753e+15 -2.28676e-12 1.12612e-53 4.97118e+27 0.001 10 25000 1.543e+14 253 5 1 1 
4.20468e+15 1.66795e-12 -1.16245e-53 4.97118e+27 0.001 10 25000 1.543e+14 254 5 1 1 
4.28183e+15 -5.29164e-13 -1.84198e-24 4.97118e+27 0.001 10 25000 1.543e+14 255 5 1 1 
4.35898e+15 -7.94307e-13 3.68395e-24 4.97118e+27 0.001 10 25000 1.543e+14 256 5 1 1 
4.43613e+15 -8.47953e-12 -4.21813e-22 4.97118e+27 0.001 10 25000 1.543e+14 257 4 1 1 
4.51328e+15 -4.26026e-11 -7.79156e-22 4.97118e+27 0.001 10 25000 1.543e+14 258 4 1 1 
4.59043e+15 -1.26958e-10 -3.05031e-21 4.97118e+27 0.001 10 25000 1.543e+14 259 4 1 1 
4.66757e+15 -3.88074e-10 -7.70315e-21 4.97118e+27 0.001 10 25000 1.543e+14 260 4 1 1 
4.74472e+15 -1.11494e-09 -2.26747e-20 4.97118e+27 0.001 10 25000 1.543e+14 261 4 1 1 
4.82187e+15 -3.15094e-09 -6.10284e-20 4.97118e+27 0.001 10 25000 1.543e+14 262 4 1 1 
4.89902e+15 -8.62251e-09 -1.62564e-19 4.97118e+27 0.001 10 25000 1.543e+14 263 4 1 1 
4.97617e+15 -2.30606e-08 -4.21713e-19 4.97118e+27 0.001 10 25000 1.543e+14 264 4 1 1 
5.05332e+15 -6.01104e-08 -1.06767e-18 4.97118e+27 0.001 10 25000 1.543e+14 265 4 1 1 
5.13047e+15 -1.52936e-07 -2.63443e-18 4.97118e+27 0.001 10 25000 1.543e+14 266 4 1 1 
5.20762e+15 -3.7993e-07 -6.34848e-18 4.97118e+27 0.001 10 25000 1.543e+14 267 4 1 1 
5.28477e+15 -9.21847e-07 -1.49396e-17 4.97118e+27 0.001 10 25000 1.543e+14 268 4 1 1 
5.36192e+15 -2.18582e-06 -3.43443e-17 4.97118e+27 0.001 10 25000 1.543e+14 269 4 1 1 
5.43907e+15 -5.0662e-06 -7.71535e-17 4.97118e+27 0.001 10 25000 1.543e+14 270 4 1 1 
5.51622e+15 -1.14816e-05 -1.694e-16 4.97118e+27 0.001 10 25000 1.543e+14 271 4 1 1 
5.59337e+15 -2.54499e-05 -3.63612e-16 4.97118e+27 0.001 10 25000 1.543e+14 272 4 1 1 
5.67052e+15 -5.51867e-05 -7.63131e-16 4.97118e+27 0.001 10 25000 1.543e+14 273 4 1 1 
5.74767e+15 -0.000117095 -1.56626e-15 4.97118e+27 0.001 10 25000 1.543e+14 274 4 1 1 
5.82482e+15 -0.000243149 -3.14401e-15 4.97118e+27 0.001 10 25000 1.543e+14 275 4 1 1 
5.90197e+15 -0.000494212 -6.17312e-15 4.97118e+27 0.001 10 25000 1.543e+14 276 4 1 1 
5.97912e+15 -0.000983378 -1.18566e-14 4.97118e+27 0.001 10 25000 1.543e+14 277 4 1 1 
6.05627e+15 -0.00191579 -2.22779e-14 4.97118e+27 0.001 10 25000 1.543e+14 278 4 1 1 
6.13342e+15 -0.00365463 -4.09506e-14 4.97118e+27 0.001 10 25000 1.543e+14 279 4 1 1 
6.21057e+15 -0.00682726 -7.36421e-14 4.97118e+27 0.00100001 10.0001 25000.1 1.54299e+14 280 4 1 1 
6.28772e+15 -0.0124908 -1.29558e-13 4.97118e+27 0.00100001 10.0001 25000.1 1.54299e+14 281 4 1 1 
6.36487e+15 -0.0223824 -2.22977e-13 4.97118e+27 0.00100002 10.0002 25000.2 1.54297e+14 282 4 1 1 
6.44202e+15 -0.0392835 -3.75389e-13 4.97118e+27 0.00100003 10.0004 25000.3 1.54295e+14 283 4 1 1 
6.51917e+15 -0.0675331 -6.18139e-13 4.97118e+27 0.00100005 10.0007 25000.5 1.54292e+14 284 4 1 1 
6.59631e+15 -0.113718 -9.95417e-13 4.97118e+27 0.00100009 10.0012 25000.9 1.54286e+14 285 4 1 1 
6.67345e+15 -0.187558 -1.56727e-12 4.97118e+27 0.00100015 10.002 25001.4 1.54278e+14 286 4 1 1 
6.75059e+15 -0.30298 -2.41198e-12 4.97118e+27 0.00100024 10.0033 25002.3 1.54264e+14 287 4 1 1 
6.82772e+15 -0.479313 -3.62672e-12 4.97118e+27 0.00100037 10.0052 25003.7 1.54242e+14 288 4 1 1 
6.90483e+15 -0.742473 -5.32498e-12 4.97118e+27 0.00100058 10.0081 25005.8 1.54211e+14 289 4 1 1 
6.98193e+15 -1.12589 -7.62881e-12 4.97118e+27 0.00100088 10.0123 25008.8 1.54164e+14 290 4 1 0.999999 
7.059e+15 -1.67076 -1.06535e-11 4.97118e+27 0.00100131 10.0183 25013.1 1.54098e+14 291 4 1 0.999999 
7.13603e+15 -2.42518 -1.4483e-11 4.97118e+27 0.00100191 10.0267 25019 1.54006e+14 292 4 1 0.999998 
7.213e+15 -3.44142 -1.91352e-11 4.97118e+27 0.00100272 10.038 25027.1 1.53882e+14 293 4 1 0.999996 
7.28991e+15 -4.77079 -2.45203e-11 4.97118e+27 0.00100378 10.0529 25037.7 1.53719e+14 294 4 1 0.999994 
7.36672e+15 -6.45587 -3.03997e-11 4.97118e+27 0.00100514 10.0719 25051.2 1.53512e+14 295 4 1 0.999991 
7.44342e+15 -8.5203 -3.63596e-11 4.97118e+27 0.00100681 10.0954 25067.9 1.53257e+14 296 4 1 0.999988 
7.51998e+15 -10.9576 -4.18181e-11 4.97118e+27 0.0010088 10.1233 25087.8 1.52954e+14 297 4 1 0.999984 
7.59637e+15 -13.7215 -4.60806e-11 4.97118e+27 0.00101108 10.1554 25110.5 1.5261e+14 298 4 1 0.999981 
7.67259e+15 -16.7213 -4.8445e-11 4.97118e+27 0.00101357 10.1906 25135.3 1.52234e+14 299 4 1 0.99998 
7.74861e+15 -19.8239 -4.83412e-11 4.97118e+27 0.00101619 10.2275 25161.4 1.51841e+14 300 4 1 0.999981 
7.82443e+15 -22.866 -4.54578e-11 4.97118e+27 0.0010188 10.2643 25187.2 1.51453e+14 301 4 1 0.999984 
7.90006e+15 -25.6706 -3.97649e-11 4.97118e+27 0.00102124 10.2989 25211.5 1.51091e+14 302 4 1 0.999988 
7.97552e+15 -28.0635 -3.15594e-11 4.97118e+27 0.00102336 10.3289 25232.5 1.50777e+14 303 4 1 0.999995 
8.05084e+15 -29.7934 -1.50377e-11 4.97118e+27 0.00102485 10.3502 25247.3 1.50559e+14 304 3 1 1 
8.12608e+15 -29.5593 5.01614e-11 4.97118e+27 0.00102365 10.3346 25236.6 1.50735e+14 305 4 1 1.00001 
8.20157e+15 -19.6593 2.62286e-10 4.97118e+27 0.0010154 10.2184 25155.4 1.51959e+14 306 4 1 0.999907 
8.27805e+15 -1.56674 2.55032e-10 4.97118e+27 0.00100243 10.0333 25024.3 1.53926e+14 307 4 1 0.999526 
8.35551e+15 9.08894 7.8891e-11 4.97118e+27 0.000993376 9.90584 24932.6 1.55329e+14 308 4 1 0.999708 
8.43338e+15 12.702 5.71366e-11 4.97118e+27 0.000988788 9.84373 24887.9 1.5605e+14 309 4 1 0.999932 
8.51156e+15 19.7268 1.51835e-10 4.97118e+27 0.000982721 9.76006 24827.5 1.57013e+14 310 4 1 0.999919 
8.59039e+15 31.3944 1.84818e-10 4.97118e+27 0.000973694 9.63402 24735.5 1.58469e+14 311 4 1 0.99977 
8.67003e+15 43.0798 1.60318e-10 4.97118e+27 0.000964254 9.50307 24638.9 1.6002e+14 312 4 1 0.999717 
8.75042e+15 53.5559 1.49484e-10 4.97118e+27 0.000955509 9.3828 24549.4 1.61485e+14 313 4 1 0.999755 
8.83152e+15 64.1228 1.55909e-10 4.97118e+27 0.000946864 9.26431 24460.4 1.62959e+14 314 4 1 0.999763 
8.91338e+15 75.2243 1.60028e-10 4.97118e+27 0.000937961 9.14255 24368.2 1.64506e+14 315 4 1 0.999744 
8.99603e+15 86.5466 1.59774e-10 4.97118e+27 0.00092892 9.01938 24273.9 1.66107e+14 316 4 1 0.999729 
9.07949e+15 97.9608 1.59334e-10 4.97118e+27 0.000919848 8.89631 24178.8 1.67745e+14 317 4 1 0.999722 
9.16378e+15 109.531 1.59521e-10 4.97118e+27 0.000910743 8.77328 24082.8 1.69422e+14 318 4 1 0.999715 
9.24892e+15 121.251 1.5977e-10 4.97118e+27 0.000901591 8.65011 23985.7 1.71142e+14 319 4 1 0.999706 
9.33492e+15 133.119 1.59863e-10 4.97118e+27 0.000892394 8.52683 23887.6 1.72906e+14 320 4 1 0.999697 
9.42183e+15 145.138 1.59651e-10 4.97118e+27 0.000883161 8.40357 23788.4 1.74713e+14 321 4 1 0.999689 
9.50964e+15 157.296 1.59763e-10 4.97118e+27 0.000873892 8.28036 23688.2 1.76566e+14 322 4 1 0.99968 
9.5984e+15 169.603 1.59472e-10 4.97118e+27 0.000864589 8.15722 23587 1.78466e+14 323 4 1 0.999671 
9.68811e+15 182.077 1.59256e-10 4.97118e+27 0.000855259 8.03426 23484.9 1.80413e+14 324 4 1 0.999662 
9.77882e+15 194.68 1.59384e-10 4.97118e+27 0.000845893 7.91134 23381.7 1.82411e+14 325 4 1 0.999652 
9.87053e+15 207.449 1.5889e-10 4.97118e+27 0.000836495 7.78857 23277.5 1.8446e+14 326 4 1 0.999642 
9.96328e+15 220.373 1.58879e-10 4.97118e+27 0.000827069 7.66599 23172.2 1.86562e+14 327 4 1 0.999632 
1.00571e+16 233.444 1.58549e-10 4.97118e+27 0.000817612 7.54354 23065.8 1.8872e+14 328 4 1 0.999621 
1.0152e+16 246.708 1.58167e-10 4.97118e+27 0.00080813 7.42136 22958.5 1.90935e+14 329 4 1 0.99961 
1.0248e+16 260.114 1.58127e-10 4.97118e+27 0.000798617 7.29935 22850 1.93209e+14 330 4 1 0.999599 
1.03452e+16 273.682 1.57639e-10 4.97118e+27 0.000789075 7.17754 22740.4 1.95545e+14 331 4 1 0.999587 
1.04436e+16 287.434 1.57452e-10 4.97118e+27 0.000779507 7.056 22629.7 1.97946e+14 332 4 1 0.999575 
1.05432e+16 301.352 1.56926e-10 4.97118e+27 0.000769914 6.93473 22517.9 2.00412e+14 333 4 1 0.999562 
1.0644e+16 315.448 1.56406e-10 4.97118e+27 0.000760303 6.81384 22405.1 2.02945e+14 334 4 1 0.99955 
1.07461e+16 329.725 1.56262e-10 4.97118e+27 0.000750665 6.69323 22291.1 2.05551e+14 335 4 1 0.999536 
1.08496e+16 344.166 1.55675e-10 4.97118e+27 0.000741001 6.57292 22175.8 2.08232e+14 336 4 1 0.999522 
1.09544e+16 358.802 1.55017e-10 4.97118e+27 0.000731324 6.45306 22059.6 2.10987e+14 337 4 1 0.999508 
1.10606e+16 373.606 1.5462e-10 4.97118e+27 0.00072163 6.33362 21942.1 2.13822e+14 338 4 1 0.999493 
1.11682e+16 388.613 1.53707e-10 4.97118e+27 0.000711924 6.21469 21823.6 2.16737e+14 339 4 1 0.999478 
1.12773e+16 403.775 1.53269e-10 4.97118e+27 0.00070221 6.0963 21704 2.19735e+14 340 4 1 0.999464 
1.1388e+16 419.099 1.51875e-10 4.97118e+27 0.000692501 5.97863 21583.5 2.22816e+14 341 4 1 0.999449 
1.15001e+16 434.574 1.50844e-10 4.97118e+27 0.000682816 5.86189 21462.3 2.25976e+14 342 4 1 0.999436 
1.16139e+16 450.157 1.49003e-10 4.97118e+27 0.00067317 5.7463 21340.5 2.29214e+14 343 4 1 0.999425 
1.17294e+16 465.811 1.46835e-10 4.97118e+27 0.000663601 5.63227 21218.7 2.32519e+14 344 4 1 0.999417 
1.18465e+16 481.44 1.44003e-10 4.97118e+27 0.000654145 5.52023 21097.2 2.3588e+14 345 4 1 0.999413 
1.19653e+16 496.963 1.39536e-10 4.97118e+27 0.000644876 5.41103 20977.1 2.39271e+14 346 4 1 0.999417 
1.20858e+16 512.222 1.34398e-10 4.97118e+27 0.000635872 5.30555 20859.5 2.42659e+14 347 4 1 0.999432 
1.22079e+16 527.038 1.2707e-10 4.97118e+27 0.000627225 5.20483 20745.6 2.46004e+14 348 4 1 0.999458 
1.23318e+16 541.219 1.19679e-10 4.97118e+27 0.000619007 5.10962 20636.4 2.4927e+14 349 4 1 0.999496 
1.24572e+16 554.787 1.12835e-10 4.97118e+27 0.000611201 5.01965 20532 2.52454e+14 350 4 1 0.999533 
1.25842e+16 567.982 1.09816e-10 4.97118e+27 0.000603665 4.93323 20430.4 2.55605e+14 351 4 1 0.999557 
1.27128e+16 581.295 1.11983e-10 4.97118e+27 0.000596116 4.84711 20327.9 2.58842e+14 352 4 1 0.999551 
1.28431e+16 595.392 1.18846e-10 4.97118e+27 0.000588252 4.75784 20220.2 2.62303e+14 353 4 1 0.999508 
1.29752e+16 610.525 1.24731e-10 4.97118e+27 0.000579961 4.66422 20105.7 2.66052e+14 354 4 1 0.999438 
1.31092e+16 626.419 1.25727e-10 4.97118e+27 0.000571432 4.56846 19986.9 2.70024e+14 355 4 1 0.999381 
1.32452e+16 642.169 1.18398e-10 4.97118e+27 0.000563099 4.47544 19869.8 2.74019e+14 356 4 1 0.999377 
1.33832e+16 656.654 1.01722e-10 4.97118e+27 0.000555558 4.39173 19762.9 2.77739e+14 357 4 1 0.999458 
1.35229e+16 668.403 7.37616e-11 4.97118e+27 0.000549508 4.3249 19676.5 2.80797e+14 358 4 1 0.999622 
1.3664e+16 675.993 3.74154e-11 4.97118e+27 0.000545601 4.28191 19620.5 2.82807e+14 359 4 1 0.999825 
1.38057e+16 678.706 3.83926e-12 4.97118e+27 0.00054399 4.26427 19597.4 2.83645e+14 360 4 1 0.999966 
1.39476e+16 678.55 -1.64428e-12 4.97118e+27 0.000543761 4.26182 19594.2 2.83764e+14 361 5 1 0.999999 
1.40895e+16 678.426 -2.17019e-12 4.97118e+27 0.000543845 4.26276 19595.5 2.83721e+14 362 4 1 1 
1.42314e+16 678.089 -3.18377e-12 4.97118e+27 0.000543989 4.26435 19597.6 2.83646e+14 363 4 1 1 
1.43732e+16 677.639 -3.68483e-12 4.97118e+27 0.000544203 4.26671 19600.7 2.83534e+14 364 4 1 0.999999 
1.45149e+16 677.129 -3.82455e-12 4.97118e+27 0.000544455 4.26949 19604.4 2.83403e+14 365 4 1 0.999999 
1.46566e+16 676.616 -3.65464e-12 4.97118e+27 0.000544718 4.27239 19608.3 2.83266e+14 366 4 1 0.999999 
1.47982e+16 676.137 -3.26622e-12 4.97118e+27 0.00054497 4.27517 19612 2.83135e+14 367 4 1 1 
1.49397e+16 675.711 -2.79477e-12 4.97118e+27 0.000545196 4.27767 19615.3 2.83018e+14 368 4 1 1 
1.50812e+16 675.349 -2.3363e-12 4.97118e+27 0.000545391 4.27982 19618.1 2.82916e+14 369 4 1 1 
1.52226e+16 675.048 -1.926e-12 4.97118e+27 0.000545554 4.28163 19620.6 2.82832e+14 370 4 1 1 
1.5364e+16 674.8 -1.5804e-12 4.97118e+27 0.000545689 4.28313 19622.6 2.82762e+14 371 4 1 1 
1.55054e+16 674.595 -1.30928e-12 4.97118e+27 0.000545799 4.28436 19624.2 2.82705e+14 372 4 1 1 
1.56467e+16 674.425 -1.1027e-12 4.97118e+27 0.000545891 4.28538 19625.7 2.82657e+14 373 4 1 1 
1.5788e+16 674.282 -9.41639e-13 4.97118e+27 0.000545967 4.28624 19626.9 2.82618e+14 374 4 1 1 
1.59293e+16 674.158 -8.14796e-13 4.97118e+27 0.000546031 4.28698 19627.9 2.82585e+14 375 4 1 1 
1.60706e+16 674.05 -7.15399e-13 4.97118e+27 0.000546087 4.28761 19628.8 2.82556e+14 376 4 1 1 
1.62119e+16 673.956 -6.34494e-13 4.97118e+27 0.000546135 4.28816 19629.6 2.82531e+14 377 4 1 1 
1.63531e+16 673.872 -5.64356e-13 4.97118e+27 0.000546177 4.28866 19630.3 2.82509e+14 378 4 1 1 
1.64944e+16 673.797 -5.02028e-13 4.97118e+27 0.000546214 4.28909 19631 2.8249e+14 379 4 1 1 
1.66356e+16 673.73 -4.46979e-13 4.97118e+27 0.000546246 4.28948 19631.6 2.82474e+14 380 4 1 1 
1.67769e+16 673.67 -3.98538e-13 4.97118e+27 0.000546273 4.28983 19632.2 2.82459e+14 381 4 1 1 
1.69181e+16 673.617 -3.55827e-13 4.97118e+27 0.000546297 4.29014 19632.8 2.82447e+14 382 4 1 1 
1.70593e+16 673.569 -3.18045e-13 4.97118e+27 0.000546318 4.29041 19633.3 2.82436e+14 383 4 1 1 
1.72005e+16 673.527 -2.84491e-13 4.97118e+27 0.000546335 4.29066 19633.8 2.82427e+14 384 4 1 1 
1.73417e+16 673.488 -2.54803e-13 4.97118e+27 0.00054635 4.29088 19634.3 2.8242e+14 385 4 1 1 
1.7483e+16 673.453 -2.28899e-13 4.97118e+27 0.000546361 4.29107 19634.8 2.82414e+14 386 4 1 1 
1.76242e+16 673.422 -2.06497e-13 4.97118e+27 0.00054637 4.29125 19635.3 2.8241e+14 387 4 1 1 
1.77654e+16 673.394 -1.86926e-13 4.97118e+27 0.000546375 4.29141 19635.8 2.82407e+14 388 4 1 1 
1.79066e+16 673.368 -1.69453e-13 4.97118e+27 0.000546378 4.29155 19636.3 2.82405e+14 389 3 1 1 
1.80478e+16 673.344 -1.53594e-13 4.97118e+27 0.000546378 4.29168 19637 2.82405e+14 390 4 1 1 
1.8189e+16 673.323 -1.39134e-13 4.97118e+27 0.000546374 4.2918 19637.6 2.82407e+14 391 4 1 1 
1.83302e+16 673.303 -1.26015e-13 4.97118e+27 0.000546367 4.2919 19638.3 2.82411e+14 392 4 1 1 
1.84714e+16 673.285 -1.14233e-13 4.97118e+27 0.000546355 4.29198 19639.2 2.82417e+14 393 4 1 1 
1.86126e+16 673.268 -1.03729e-13 4.97118e+27 0.000546326 4.29194 19640 2.82432e+14 394 4 1 1 
1.87538e+16 673.252 -9.43451e-14 4.97118e+27 0.000546224 4.29139 19641.1 2.82485e+14 395 4 1 1 
1.88951e+16 673.238 -8.58677e-14 4.97118e+27 0.000545804 4.28883 19644.6 2.82702e+14 396 4 1 0.999999 
1.90365e+16 673.224 -7.81378e-14 4.97118e+27 0.000544176 4.2713 19622.8 2.83548e+14 397 4 1 0.999987 
1.91786e+16 673.212 -7.10337e-14 4.97118e+27 0.000531044 4.11652 19379.4 2.9056e+14 398 4 1 0.999667 
1.93272e+16 673.199 -6.42366e-14 4.97118e+27 0.000506949 4.40342 21715.3 3.0437e+14 399 4 1 0.994706 
1.94832e+16 673.187 -5.77081e-14 4.97118e+27 0.000481401 4.15696 21587.8 3.20523e+14 400 4 1 0.993698 
1.9648e+16 673.175 -5.13669e-14 4.97118e+27 0.000458905 4.50156 24523.4 3.36235e+14 401 4 1 0.993693 
1.98196e+16 673.163 -4.51845e-14 4.97118e+27 0.000450283 4.30681 23911.7 3.42673e+14 402 5 1 0.998658 
1.99907e+16 673.152 -3.93146e-14 4.97118e+27 0.000451877 4.29003 23734.5 3.41465e+14 403 4 1 0.999967 
2.01611e+16 673.141 -3.36741e-14 4.97118e+27 0.000453496 4.28955 23647.1 3.40245e+14 404 4 1 0.999986 
2.0331e+16 673.131 -2.82212e-14 4.97118e+27 0.000454581 4.29087 23597.9 3.39433e+14 405 4 1 0.999994 
2.05005e+16 673.122 -2.29304e-14 4.97118e+27 0.000455278 4.29167 23566.2 3.38914e+14 406 4 1 0.999997 
2.06699e+16 673.112 -1.77664e-14 4.97118e+27 0.000455748 4.29208 23544.2 3.38565e+14 407 4 1 0.999999 
2.08391e+16 673.103 -1.27038e-14 4.97118e+27 0.000456081 4.2923 23528.2 3.38317e+14 408 4 1 0.999999 
2.10082e+16 673.094 -7.74938e-15 4.97118e+27 0.000456327 4.29244 23516.2 3.38134e+14 409 4 1 1 
2.11772e+16 673.085 -2.93046e-15 4.97118e+27 0.000456514 4.29252 23507.1 3.37996e+14 410 4 1 1 
2.13462e+16 673.076 1.74848e-15 4.97118e+27 0.000456658 4.29257 23499.9 3.3789e+14 411 4 1 1 
2.15151e+16 673.067 6.37086e-15 4.97118e+27 0.000456771 4.2926 23494.3 3.37806e+14 412 4 1 1 
2.1684e+16 673.058 1.11682e-14 4.97118e+27 0.00045686 4.29262 23489.8 3.3774e+14 413 4 1 1 
2.18529e+16 673.048 1.65987e-14 4.97118e+27 0.000456932 4.29263 23486.1 3.37687e+14 414 4 1 1 
2.20217e+16 673.039 2.38313e-14 4.97118e+27 0.000456989 4.29262 23483.2 3.37645e+14 415 4 1 1 
2.21905e+16 673.028 3.57644e-14 4.97118e+27 0.000457035 4.2926 23480.7 3.37611e+14 416 4 1 1 
2.23593e+16 673.014 6.16147e-14 4.97118e+27 0.00045707 4.29255 23478.7 3.37585e+14 417 4 1 1 
2.25281e+16 672.992 1.30893e-13 4.97118e+27 0.000457092 4.29242 23476.8 3.37569e+14 418 3 1 1 
2.26969e+16 672.944 3.3026e-13 4.97118e+27 0.000457091 4.29207 23474.9 3.3757e+14 419 4 1 1 
2.28657e+16 672.82 9.48095e-13 4.97118e+27 0.000457032 4.29101 23472.1 3.37613e+14 420 4 1 1 
2.30345e+16 672.463 2.79663e-12 4.97118e+27 0.00045681 4.28786 23466.3 3.37777e+14 421 4 1 1 
2.32034e+16 671.408 8.16171e-12 4.97118e+27 0.000456123 4.27865 23451.1 3.38286e+14 422 4 1 0.999996 
2.33728e+16 668.415 2.28914e-11 4.97118e+27 0.000454197 4.25324 23410.5 3.3972e+14 423 4 1 0.999968 
2.35432e+16 660.562 5.6766e-11 4.97118e+27 0.000449353 4.18969 23309 3.43383e+14 424 4 1 0.999783 
2.37162e+16 641.574 1.35372e-10 4.97118e+27 0.000438435 4.04718 23076.5 3.51934e+14 425 4 1 0.998862 
2.38952e+16 601.064 2.62836e-10 4.97118e+27 0.000417496 3.77649 22612.2 3.69584e+14 426 4 1 0.995535 
2.40862e+16 520.796 5.53368e-10 4.97118e+27 0.00038127 3.3157 21739 4.047e+14 427 4 1 0.98728 
2.43017e+16 361.035 9.52669e-10 4.97118e+27 0.000331353 2.70313 20394.7 4.65666e+14 428 4 1 0.971215 
2.45563e+16 162.658 8.43466e-10 4.97118e+27 0.000285545 2.17404 19036.8 5.40371e+14 429 4 1 0.960201 
2.48458e+16 39.1829 3.41924e-10 4.97118e+27 0.000259828 1.89579 18243.2 5.93855e+14 430 4 1 0.978188 
2.5151e+16 3.60785 5.5514e-11 4.97118e+27 0.000251466 1.80971 17992.3 6.13601e+14 431 4 1 0.996493 
2.54595e+16 -0.253044 9.68202e-13 4.97118e+27 0.000250051 1.79549 17951.4 6.17075e+14 432 4 1 0.999878 
2.57681e+16 -0.0467496 -8.13616e-13 4.97118e+27 0.000249985 1.79485 17949.6 6.17237e+14 433 5 1 1 
2.60767e+16 0.00500134 4.68249e-15 4.97118e+27 0.00025 1.795 17950 6.17201e+14 434 4 1 1 
2.63853e+16 0.00183574 1.19833e-14 4.97118e+27 0.00025 1.795 17950 6.17199e+14 435 3 1 1 
2.66939e+16 0.00044031 3.11058e-15 4.97118e+27 0.00025 1.795 17950 6.172e+14 436 4 1 1 
2.70025e+16 9.88498e-05 7.11865e-16 4.97118e+27 0.00025 1.795 17950 6.172e+14 437 4 1 1 
2.73111e+16 2.16829e-05 1.58453e-16 4.97118e+27 0.00025 1.795 17950 6.172e+14 438 4 1 1 
2.76197e+16 4.66892e-06 3.46926e-17 4.97118e+27 0.00025 1.795 17950 6.172e+14 439 4 1 1 
2.79283e+16 9.83655e-07 7.46319e-18 4.97118e+27 0.00025 1.795 17950 6.172e+14 440 4 1 1 
2.82369e+16 2.01842e-07 1.57013e-18 4.97118e+27 0.00025 1.795 17950 6.172e+14 441 4 1 1 
2.85455e+16 4.01589e-08 3.21452e-19 4.97118e+27 0.00025 1.795 17950 6.172e+14 442 4 1 1 
2.88541e+16 7.72243e-09 6.36219e-20 4.97118e+27 0.00025 1.795 17950 6.172e+14 443 4 1 1 
2.91627e+16 1.44458e-09 1.23219e-20 4.97118e+27 0.00025 1.795 17950 6.172e+14 444 4 1 1 
2.94713e+16 2.54351e-10 2.22971e-21 4.97118e+27 0.00025 1.795 17950 6.172e+14 445 4 1 1 
2.97799e+16 3.84297e-11 4.35628e-22 4.97118e+27 0.00025 1.795 17950 6.172e+14 446 4 1 1 
3.00885e+16 2.13991e-12 2.48667e-23 4.97118e+27 0.00025 1.795 17950 6.172e+14 447 5 1 1 
3.03971e+16 5.98389e-12 8.74939e-24 4.97118e+27 0.00025 1.795 17950 6.172e+14 448 5 1 1 
3.07057e+16 -7.77401e-13 8.2889e-24 4.97118e+27 0.00025 1.795 17950 6.172e+14 449 3 1 1 
3.10143e+16 7.81765e-13 -7.8284e-24 4.97118e+27 0.00025 1.795 17950 6.172e+14 450 3 1 1 
3.13229e+16 -5.9708e-12 -8.2889e-24 4.97118e+27 0.00025 1.795 17950 6.172e+14 451 5 1 1 
3.16315e+16 -2.63727e-12 -1.47358e-23 4.97118e+27 0.00025 1.795 17950 6.172e+14 452 5 1 1 
3.19401e+16 -2.59414e-11 -3.8221e-22 4.97118e+27 0.00025 1.795 17950 6.172e+14 453 4 1 1 
3.22487e+16 -2.58636e-10 -2.37615e-21 4.97118e+27 0.00025 1.795 17950 6.172e+14 454 4 1 1 
3.25573e+16 -1.42577e-09 -1.2076e-20 4.97118e+27 0.00025 1.795 17950 6.172e+14 455 4 1 1 
3.28659e+16 -7.7584e-09 -6.4005e-20 4.97118e+27 0.00025 1.795 17950 6.172e+14 456 4 1 1 
3.31745e+16 -4.01318e-08 -3.21154e-19 4.97118e+27 0.00025 1.795 17950 6.172e+14 457 4 1 1 
3.34831e+16 -2.01864e-07 -1.57016e-18 4.97118e+27 0.00025 1.795 17950 6.172e+14 458 4 1 1 
3.37917e+16 -9.83632e-07 -7.46329e-18 4.97118e+27 0.00025 1.795 17950 6.172e+14 459 4 1 1 
3.41003e+16 -4.66892e-06 -3.46925e-17 4.97118e+27 0.00025 1.795 17950 6.172e+14 460 4 1 1 
3.44089e+16 -2.16829e-05 -1.58453e-16 4.97118e+27 0.00025 1.795 17950 6.172e+14 461 4 1 1 
3.47175e+16 -9.88498e-05 -7.11866e-16 4.97118e+27 0.00025 1.795 17950 6.172e+14 462 4 1 1 
3.50261e+16 -0.00044031 -3.11058e-15 4.97118e+27 0.00025 1.795 17950 6.172e+14 463 4 1 1 
3.53347e+16 -0.00183574 -1.19833e-14 4.97118e+27 0.00025 1.795 17950 6.17199e+14 464 3 1 1 
3.56433e+16 -0.00500134 -4.68249e-15 4.97118e+27 0.00025 1.795 17950 6.17201e+14 465 4 1 1 
3.59519e+16 0.0467496 8.13616e-13 4.97118e+27 0.000249985 1.79485 17949.6 6.17237e+14 466 5 1 1 
3.62605e+16 0.253044 -9.68202e-13 4.97118e+27 0.000250051 1.79549 17951.4 6.17075e+14 467 4 1 0.999878 
3.6569e+16 -3.60785 -5.5514e-11 4.97118e+27 0.000251466 1.80971 17992.3 6.13601e+14 468 4 1 0.996493 
3.68742e+16 -39.1829 -3.41924e-10 4.97118e+27 0.000259828 1.89579 18243.2 5.93855e+14 469 4 1 0.978188 
3.71637e+16 -162.658 -8.43466e-10 4.97118e+27 0.000285545 2.17404 19036.8 5.40371e+14 470 4 1 0.960201 
3.74183e+16 -361.035 -9.52669e-10 4.97118e+27 0.000331353 2.70313 20394.7 4.65666e+14 471 4 1 0.971215 
3.76338e+16 -520.796 -5.53368e-10 4.97118e+27 0.00038127 3.3157 21739 4.047e+14 472 4 1 0.98728 
3.78248e+16 -601.064 -2.62836e-10 4.97118e+27 0.000417496 3.77649 22612.2 3.69584e+14 473 4 1 0.995535 
3.80038e+16 -641.574 -1.35372e-10 4.97118e+27 0.000438435 4.04718 23076.5 3.51934e+14 474 4 1 0.998862 
3.81768e+16 -660.562 -5.6766e-11 4.97118e+27 0.000449353 4.18969 23309 3.43383e+14 475 4 1 0.999783 
3.83472e+16 -668.415 -2.28914e-11 4.97118e+27 0.000454197 4.25324 23410.5 3.3972e+14 476 4 1 0.999968 
3.85166e+16 -671.408 -8.16171e-12 4.97118e+27 0.000456123 4.27865 23451.1 3.38286e+14 477 4 1 0.999996 
3.86855e+16 -672.463 -2.79663e-12 4.97118e+27 0.00045681 4.28786 23466.3 3.37777e+14 478 4 1 1 
3.88543e+16 -672.82 -9.48095e-13 4.97118e+27 0.000457032 4.29101 23472.1 3.37613e+14 479 4 1 1 
3.90231e+16 -672.944 -3.3026e-13 4.97118e+27 0.000457091 4.29207 23474.9 3.3757e+14 480 4 1 1 
3.91919e+16 -672.992 -1.30893e-13 4.97118e+27 0.000457092 4.29242 23476.8 3.37569e+14 481 3 1 1 
3.93607e+16 -673.014 -6.16147e-14 4.97118e+27 0.00045707 4.29255 23478.7 3.37585e+14 482 4 1 1 
3.95295e+16 -673.028 -3.57644e-14 4.97118e+27 0.000457035 4.2926 23480.7 3.37611e+14 483 4 1 1 
3.96983e+16 -673.039 -2.38313e-14 4.97118e+27 0.000456989 4.29262 23483.2 3.37645e+14 484 4 1 1 
3.98671e+16 -673.048 -1.65987e-14 4.97118e+27 0.000456932 4.29263 23486.1 3.37687e+14 485 4 1 1 
4.0036e+16 -673.058 -1.11682e-14 4.97118e+27 0.00045686 4.29262 23489.8 3.3774e+14 486 4 1 1 
4.02049e+16 -673.067 -6.37086e-15 4.97118e+27 0.000456771 4.2926 23494.3 3.37806e+14 487 4 1 1 
4.03738e+16 -673.076 -1.74848e-15 4.97118e+27 0.000456658 4.29257 23499.9 3.3789e+14 488 4 1 1 
4.05428e+16 -673.085 2.93046e-15 4.97118e+27 0.000456514 4.29252 23507.1 3.37996e+14 489 4 1 1 
4.07118e+16 -673.094 7.74938e-15 4.97118e+27 0.000456327 4.29244 23516.2 3.38134e+14 490 4 1 1 
4.08809e+16 -673.103 1.27038e-14 4.97118e+27 0.000456081 4.2923 23528.2 3.38317e+14 491 4 1 0.999999 
4.10501e+16 -673.112 1.77664e-14 4.97118e+27 0.000455748 4.29208 23544.2 3.38565e+14 492 4 1 0.999999 
4.12195e+16 -673.122 2.29304e-14 4.97118e+27 0.000455278 4.29167 23566.2 3.38914e+14 493 4 1 0.999997 
4.1389e+16 -673.131 2.82212e-14 4.97118e+27 0.000454581 4.29087 23597.9 3.39433e+14 494 4 1 0.999994 
4.15589e+16 -673.141 3.36741e-14 4.97118e+27 0.000453496 4.28955 23647.1 3.40245e+14 495 4 1 0.999986 
4.17293e+16 -673.152 3.93146e-14 4.97118e+27 0.000451877 4.29003 23734.5 3.41465e+14 496 4 1 0.999967 
4.19004e+16 -673.163 4.51845e-14 4.97118e+27 0.000450283 4.30681 23911.7 3.42673e+14 497 5 1 0.998658 
4.2072e+16 -673.175 5.13669e-14 4.97118e+27 0.000458905 4.50156 24523.4 3.36235e+14 498 4 1 0.993693 
4.22368e+16 -673.187 5.77081e-14 4.97118e+27 0.000481401 4.15696 21587.8 3.20523e+14 499 4 1 0.993698 
