# Time [s]: 0.193901
# Columns: pos [m], vel [m/s], acc [m/s^2], mass [kg], dens [kg/m^3], pres [Pa], ene [J/kg], sml [m], id, neighbor, alpha, gradh, ...additional?
1.37164 -0.673193 0.00187022 0.0025 0.506953 0.440347 2.17154 0.00986285 0 4 1 0.994706 
1.37646 -0.673205 0.00206786 0.0025 0.531048 0.411657 1.93794 0.00941534 1 4 1 0.999667 
1.38107 -0.673217 0.00227337 0.0025 0.54418 0.427135 1.96229 0.00918813 2 4 1 0.999987 
1.38565 -0.67323 0.00249696 0.0025 0.545809 0.428889 1.96446 0.00916072 3 4 1 0.999999 
1.39023 -0.673243 0.00274356 0.0025 0.54623 0.429144 1.96412 0.00915366 4 4 1 1 
1.3948 -0.673258 0.00301806 0.0025 0.546331 0.429201 1.96401 0.00915195 5 4 1 1 
1.39938 -0.673274 0.00332488 0.0025 0.546361 0.429205 1.96392 0.00915146 6 4 1 1 
1.40395 -0.673291 0.00366577 0.0025 0.546374 0.429197 1.96384 0.00915124 7 4 1 1 
1.40853 -0.67331 0.00404032 0.0025 0.546382 0.429188 1.96377 0.00915111 8 4 1 1 
1.4131 -0.67333 0.00444851 0.0025 0.546386 0.429177 1.96371 0.00915104 9 4 1 1 
1.41768 -0.673352 0.00489394 0.0025 0.546387 0.429165 1.96365 0.00915102 10 3 1 1 
1.42226 -0.673377 0.00538686 0.0025 0.546385 0.429151 1.96359 0.00915106 11 4 1 1 
1.42683 -0.673403 0.00594469 0.0025 0.54638 0.429136 1.96354 0.00915114 12 4 1 1 
1.43141 -0.673432 0.00658611 0.0025 0.546373 0.42912 1.9635 0.00915126 13 4 1 1 
1.43598 -0.673465 0.00732234 0.0025 0.546362 0.429102 1.96345 0.00915143 14 4 1 1 
1.44056 -0.673501 0.00815738 0.0025 0.54635 0.429081 1.9634 0.00915165 15 4 1 1 
1.44513 -0.67354 0.00909924 0.0025 0.546334 0.429059 1.96335 0.00915191 16 4 1 1 
1.44971 -0.673585 0.0101663 0.0025 0.546315 0.429033 1.9633 0.00915223 17 4 1 1 
1.45429 -0.673634 0.0113816 0.0025 0.546293 0.429005 1.96325 0.00915259 18 4 1 1 
1.45886 -0.673689 0.012767 0.0025 0.546268 0.428973 1.9632 0.00915302 19 4 1 1 
1.46344 -0.673751 0.0143348 0.0025 0.546239 0.428937 1.96314 0.00915351 20 4 1 1 
1.46802 -0.67382 0.0160841 0.0025 0.546205 0.428896 1.96307 0.00915407 21 4 1 1 
1.47259 -0.673898 0.0180398 0.0025 0.546166 0.428851 1.96301 0.00915472 22 4 1 1 
1.47717 -0.673985 0.0203144 0.0025 0.546122 0.4288 1.96293 0.00915546 23 4 1 1 
1.48175 -0.674084 0.0230709 0.0025 0.546072 0.428742 1.96285 0.0091563 24 4 1 1 
1.48633 -0.674196 0.026437 0.0025 0.546013 0.428676 1.96275 0.00915728 25 4 1 1 
1.49091 -0.674326 0.0306057 0.0025 0.545945 0.428598 1.96264 0.00915843 26 4 1 1 
1.49549 -0.674478 0.0360045 0.0025 0.545864 0.428507 1.96252 0.00915979 27 4 1 1 
-0.499934 -0.674659 0.0431058 0.0025 0.545767 0.428398 1.96237 0.00916143 28 4 1 1 
-0.495353 -0.674877 0.0521331 0.0025 0.545648 0.428267 1.96219 0.00916341 29 4 1 1 
-0.490771 -0.675141 0.0632374 0.0025 0.545505 0.428108 1.96198 0.00916582 30 4 1 1 
-0.486187 -0.675462 0.0764708 0.0025 0.545332 0.427916 1.96172 0.00916873 31 4 1 1 
-0.481602 -0.675842 0.090851 0.0025 0.545127 0.42769 1.96142 0.00917217 32 4 1 1 
-0.477015 -0.676283 0.104015 0.0025 0.544893 0.427432 1.96108 0.00917611 33 4 1 0.999999 
-0.472426 -0.676773 0.113402 0.0025 0.54464 0.427152 1.96071 0.00918038 34 4 1 0.999999 
-0.467835 -0.677284 0.116575 0.0025 0.544382 0.426868 1.96033 0.00918473 35 4 1 0.999999 
-0.463241 -0.677769 0.109164 0.0025 0.544142 0.426604 1.95998 0.00918877 36 4 1 0.999999 
-0.458646 -0.678177 0.0894774 0.0025 0.543948 0.426389 1.9597 0.00919206 37 4 1 1 
-0.454049 -0.678456 0.0378392 0.0025 0.543835 0.426265 1.95953 0.00919396 38 4 1 1 
-0.449452 -0.678611 0.0945585 0.0025 0.543783 0.426204 1.95945 0.00919484 39 5 1 0.999997 
-0.444854 -0.678306 -0.383648 0.0025 0.544286 0.426749 1.96016 0.00918635 40 4 1 0.999938 
-0.440265 -0.674208 -1.49113 0.0025 0.546518 0.429197 1.96336 0.00914884 41 4 1 0.999773 
-0.435705 -0.665391 -2.5273 0.0025 0.551054 0.434194 1.96987 0.00907352 42 4 1 0.999579 
-0.431192 -0.652845 -3.27444 0.0025 0.557522 0.441348 1.97908 0.00896826 43 4 1 0.999441 
-0.426737 -0.638076 -3.68936 0.0025 0.565247 0.449936 1.99001 0.00884569 44 4 1 0.999385 
-0.422346 -0.62238 -3.84979 0.0025 0.573583 0.459255 2.0017 0.00871714 45 4 1 0.999405 
-0.418019 -0.606826 -3.76833 0.0025 0.581988 0.468706 2.01338 0.00859124 46 4 1 0.999467 
-0.413754 -0.592079 -3.57295 0.0025 0.590087 0.477863 2.02454 0.00847332 47 4 1 0.999531 
-0.409545 -0.578359 -3.38675 0.0025 0.597771 0.486595 2.03504 0.00836441 48 4 1 0.999565 
-0.405389 -0.56527 -3.35954 0.0025 0.605203 0.495083 2.04512 0.00826169 49 4 1 0.999564 
-0.401283 -0.552218 -3.47515 0.0025 0.612686 0.503672 2.05519 0.00816079 50 4 1 0.999539 
-0.397228 -0.538703 -3.67914 0.0025 0.620457 0.512637 2.06557 0.00805857 51 4 1 0.999502 
-0.393224 -0.524602 -3.90897 0.0025 0.628637 0.522123 2.07642 0.00795372 52 4 1 0.999468 
-0.389274 -0.509899 -4.11556 0.0025 0.637227 0.532138 2.08772 0.0078465 53 4 1 0.999445 
-0.385377 -0.49483 -4.26988 0.0025 0.64615 0.542601 2.09937 0.00773814 54 4 1 0.999433 
-0.381535 -0.479504 -4.38433 0.0025 0.655313 0.553402 2.11122 0.00762995 55 4 1 0.99943 
-0.377747 -0.464091 -4.47334 0.0025 0.664641 0.564462 2.12319 0.00752286 56 4 1 0.999434 
-0.374012 -0.448687 -4.53338 0.0025 0.674076 0.575712 2.1352 0.00741756 57 4 1 0.999442 
-0.370329 -0.433344 -4.58905 0.0025 0.68358 0.587108 2.14719 0.00731443 58 4 1 0.999454 
-0.366697 -0.418135 -4.61766 0.0025 0.693121 0.598612 2.15912 0.00721375 59 4 1 0.999467 
-0.363115 -0.403035 -4.65075 0.0025 0.702676 0.610196 2.17098 0.00711566 60 4 1 0.99948 
-0.359581 -0.388121 -4.67628 0.0025 0.712238 0.621852 2.18275 0.00702012 61 4 1 0.999494 
-0.356095 -0.373354 -4.6948 0.0025 0.721795 0.633565 2.19441 0.00692717 62 4 1 0.999508 
-0.352654 -0.358788 -4.71471 0.0025 0.731341 0.645326 2.20597 0.00683676 63 4 1 0.999523 
-0.349257 -0.344383 -4.72328 0.0025 0.740866 0.657124 2.21742 0.00674886 64 4 1 0.999536 
-0.345905 -0.330145 -4.74372 0.0025 0.750373 0.668958 2.22876 0.00666335 65 4 1 0.999549 
-0.342594 -0.316092 -4.75537 0.0025 0.759862 0.680831 2.23999 0.00658014 66 4 1 0.999562 
-0.339324 -0.302214 -4.76592 0.0025 0.769328 0.692734 2.25111 0.00649918 67 4 1 0.999574 
-0.336094 -0.288503 -4.78468 0.0025 0.778774 0.704671 2.26212 0.00642035 68 4 1 0.999587 
-0.332904 -0.274956 -4.78433 0.0025 0.788194 0.716632 2.27302 0.00634362 69 4 1 0.999599 
-0.329751 -0.261563 -4.79692 0.0025 0.797582 0.728611 2.28382 0.00626894 70 4 1 0.999609 
-0.326634 -0.248357 -4.81214 0.0025 0.806952 0.740621 2.29451 0.00619616 71 4 1 0.999621 
-0.323554 -0.235289 -4.81275 0.0025 0.816294 0.752652 2.3051 0.00612525 72 4 1 0.999631 
-0.320509 -0.22239 -4.82662 0.0025 0.825607 0.764702 2.31558 0.00605615 73 4 1 0.999641 
-0.317498 -0.209651 -4.82552 0.0025 0.834891 0.776767 2.32596 0.00598881 74 4 1 0.999651 
-0.31452 -0.19704 -4.83459 0.0025 0.844143 0.788844 2.33623 0.00592317 75 4 1 0.99966 
-0.311574 -0.184605 -4.84395 0.0025 0.85337 0.800941 2.34641 0.00585913 76 4 1 0.99967 
-0.308661 -0.172307 -4.84395 0.0025 0.862566 0.813051 2.35649 0.00579666 77 4 1 0.999679 
-0.305778 -0.160152 -4.85126 0.0025 0.871731 0.82517 2.36648 0.00573572 78 4 1 0.999688 
-0.302925 -0.148148 -4.85065 0.0025 0.880863 0.837298 2.37636 0.00567625 79 4 1 0.999696 
-0.300101 -0.136276 -4.85283 0.0025 0.889959 0.849428 2.38615 0.00561823 80 4 1 0.999704 
-0.297306 -0.124547 -4.85606 0.0025 0.899023 0.861563 2.39584 0.00556159 81 4 1 0.999712 
-0.294539 -0.112973 -4.85485 0.0025 0.908052 0.8737 2.40543 0.0055063 82 4 1 0.999721 
-0.2918 -0.101538 -4.8415 0.0025 0.917033 0.885822 2.41492 0.00545237 83 4 1 0.999729 
-0.289087 -0.0902538 -4.84148 0.0025 0.925968 0.897928 2.4243 0.00539975 84 4 1 0.999735 
-0.2864 -0.0790816 -4.86517 0.0025 0.93488 0.910052 2.43361 0.00534828 85 4 1 0.999745 
-0.283739 -0.0680233 -4.81827 0.0025 0.943725 0.922133 2.4428 0.00529816 86 4 1 0.999764 
-0.281102 -0.057369 -4.6133 0.0025 0.952347 0.933945 2.45169 0.00525019 87 4 1 0.999773 
-0.278488 -0.0471951 -4.60098 0.0025 0.960812 0.945565 2.46037 0.00520393 88 4 1 0.999743 
-0.275898 -0.0363879 -5.31692 0.0025 0.969757 0.95792 2.46952 0.00515593 89 4 1 0.999731 
-0.273332 -0.0243963 -5.47325 0.0025 0.979161 0.97103 2.47913 0.00510641 90 4 1 0.999858 
-0.270791 -0.0147652 -3.08887 0.0025 0.986747 0.981596 2.4868 0.00506716 91 4 1 0.99995 
-0.268265 -0.0105884 -1.22558 0.0025 0.9913 0.98777 2.49123 0.00504388 92 4 1 0.999864 
-0.265747 -0.00480402 -5.01903 0.0025 0.997401 0.996201 2.49731 0.00501303 93 4 1 0.999552 
-0.263252 0.0108049 -9.13529 0.0025 1.00913 1.01289 2.50922 0.00495478 94 4 1 0.999718 
-0.260792 0.0262924 -4.71833 0.0025 1.0205 1.02905 2.52059 0.00489958 95 4 1 0.999996 
-0.258352 0.0299569 0.0494272 0.0025 1.02471 1.03487 2.52463 0.00487945 96 3 1 1 
-0.255913 0.0288129 0.790747 0.0025 1.02404 1.03385 2.52392 0.00488261 97 4 1 1 
-0.25347 0.0267362 1.08787 0.0025 1.0222 1.03124 2.52209 0.00489142 98 4 1 0.999991 
-0.251021 0.0241619 1.30289 0.0025 1.01993 1.02804 2.51985 0.00490228 99 4 1 0.999986 
-0.248567 0.0212662 1.43344 0.0025 1.01743 1.0245 2.51737 0.00491433 100 4 1 0.999982 
-0.246107 0.0182212 1.48038 0.0025 1.01484 1.02085 2.5148 0.00492687 101 4 1 0.999981 
-0.24364 0.0151946 1.44697 0.0025 1.01231 1.01727 2.51227 0.00493922 102 4 1 0.999981 
-0.241168 0.0123332 1.34691 0.0025 1.00993 1.01393 2.50991 0.00495082 103 4 1 0.999983 
-0.23869 0.00974812 1.19939 0.0025 1.00781 1.01095 2.50779 0.00496124 104 4 1 0.999986 
-0.236207 0.0075077 1.02563 0.0025 1.00599 1.00839 2.50598 0.00497023 105 4 1 0.99999 
-0.233719 0.00563876 0.845111 0.0025 1.00448 1.00627 2.50447 0.0049777 106 4 1 0.999993 
-0.231229 0.00413355 0.673024 0.0025 1.00327 1.00458 2.50326 0.00498369 107 4 1 0.999995 
-0.228736 0.00295994 0.519379 0.0025 1.00234 1.00326 2.50233 0.00498835 108 4 1 0.999997 
-0.22624 0.00207198 0.389265 0.0025 1.00163 1.00228 2.50163 0.00499186 109 4 1 0.999998 
-0.223744 0.00141876 0.283866 0.0025 1.00111 1.00155 2.50111 0.00499444 110 4 1 0.999999 
-0.221246 0.000950755 0.20171 0.0025 1.00074 1.00104 2.50074 0.00499628 111 4 1 1 
-0.218748 0.000623791 0.139827 0.0025 1.00049 1.00068 2.50049 0.00499757 112 4 1 1 
-0.216248 0.000400816 0.0946431 0.0025 1.00031 1.00044 2.50031 0.00499844 113 4 1 1 
-0.213749 0.000252276 0.0625903 0.0025 1.0002 1.00027 2.5002 0.00499902 114 4 1 1 
-0.211249 0.000155558 0.0404631 0.0025 1.00012 1.00017 2.50012 0.0049994 115 4 1 1 
-0.20875 9.39785e-05 0.0255802 0.0025 1.00007 1.0001 2.50007 0.00499964 116 4 1 1 
-0.20625 5.56294e-05 0.0158182 0.0025 1.00004 1.00006 2.50004 0.00499978 117 4 1 1 
-0.20375 3.22644e-05 0.00956969 0.0025 1.00002 1.00003 2.50002 0.00499988 118 4 1 1 
-0.20125 1.83351e-05 0.00566482 0.0025 1.00001 1.00002 2.50001 0.00499993 119 4 1 1 
-0.19875 1.02086e-05 0.00328142 0.0025 1.00001 1.00001 2.50001 0.00499996 120 4 1 1 
-0.19625 5.5687e-06 0.00186016 0.0025 1 1.00001 2.5 0.00499998 121 4 1 1 
-0.19375 2.9759e-06 0.00103196 0.0025 1 1 2.5 0.00499999 122 4 1 1 
-0.19125 1.55785e-06 0.000560284 0.0025 1 1 2.5 0.00499999 123 4 1 1 
-0.18875 7.98796e-07 0.000297697 0.0025 1 1 2.5 0.005 124 4 1 1 
-0.18625 4.01147e-07 0.000154792 0.0025 1 1 2.5 0.005 125 4 1 1 
-0.18375 1.97276e-07 7.87598e-05 0.0025 1 1 2.5 0.005 126 4 1 1 
-0.18125 9.49924e-08 3.92112e-05 0.0025 1 1 2.5 0.005 127 4 1 1 
-0.17875 4.47793e-08 1.90995e-05 0.0025 1 1 2.5 0.005 128 4 1 1 
-0.17625 2.06615e-08 9.10095e-06 0.0025 1 1 2.5 0.005 129 4 1 1 
-0.17375 9.3295e-09 4.24172e-06 0.0025 1 1 2.5 0.005 130 4 1 1 
-0.17125 4.12159e-09 1.93334e-06 0.0025 1 1 2.5 0.005 131 4 1 1 
-0.16875 1.78104e-09 8.61607e-07 0.0025 1 1 2.5 0.005 132 4 1 1 
-0.16625 7.52591e-10 3.75353e-07 0.0025 1 1 2.5 0.005 133 4 1 1 
-0.16375 3.10881e-10 1.59784e-07 0.0025 1 1 2.5 0.005 134 4 1 1 
-0.16125 1.25482e-10 6.64753e-08 0.0025 1 1 2.5 0.005 135 4 1 1 
-0.15875 4.94803e-11 2.69888e-08 0.0025 1 1 2.5 0.005 136 4 1 1 
-0.15625 1.90379e-11 1.07061e-08 0.0025 1 1 2.5 0.005 137 4 1 1 
-0.15375 7.15189e-12 4.13672e-09 0.0025 1 1 2.5 0.005 138 4 1 1 
-0.15125 2.62882e-12 1.57513e-09 0.0025 1 1 2.5 0.005 139 4 1 1 
-0.14875 9.40684e-13 5.70594e-10 0.0025 1 1 2.5 0.005 140 4 1 1 
-0.14625 3.14202e-13 2.05205e-10 0.0025 1 1 2.5 0.005 141 4 1 1 
-0.14375 1.14852e-13 7.58291e-11 0.0025 1 1 2.5 0.005 142 4 1 1 
-0.14125 2.97173e-14 2.02363e-11 0.0025 1 1 2.5 0.005 143 4 1 1 
-0.13875 5.5874e-15 1.17097e-11 0.0025 1 1 2.5 0.005 144 4 1 1 
-0.13625 6.98369e-17 -3.41061e-13 0.0025 1 1 2.5 0.005 145 5 1 1 
-0.13375 3.49196e-17 -3.9443e-29 0.0025 1 1 2.5 0.005 146 5 1 1 
-0.13125 1.03302e-47 1.12104e-44 0.0025 1 1 2.5 0.005 147 5 1 1 
-0.12875 0 0 0.0025 1 1 2.5 0.005 148 5 1 1 
-0.12625 0 0 0.0025 1 1 2.5 0.005 149 5 1 1 
-0.12375 0 0 0.0025 1 1 2.5 0.005 150 5 1 1 
-0.12125 0 0 0.0025 1 1 2.5 0.005 151 5 1 1 
-0.11875 0 0 0.0025 1 1 2.5 0.005 152 5 1 1 
-0.11625 0 0 0.0025 1 1 2.5 0.005 153 5 1 1 
-0.11375 0 0 0.0025 1 1 2.5 0.005 154 5 1 1 
-0.11125 0 0 0.0025 1 1 2.5 0.005 155 5 1 1 
-0.10875 0 0 0.0025 1 1 2.5 0.005 156 5 1 1 
-0.10625 0 0 0.0025 1 1 2.5 0.005 157 5 1 1 
-0.10375 0 0 0.0025 1 1 2.5 0.005 158 5 1 1 
-0.10125 0 0 0.0025 1 1 2.5 0.005 159 5 1 1 
-0.09875 0 0 0.0025 1 1 2.5 0.005 160 5 1 1 
-0.09625 0 0 0.0025 1 1 2.5 0.005 161 5 1 1 
-0.09375 0 0 0.0025 1 1 2.5 0.005 162 5 1 1 
-0.09125 0 0 0.0025 1 1 2.5 0.005 163 5 1 1 
-0.08875 0 0 0.0025 1 1 2.5 0.005 164 5 1 1 
-0.08625 0 0 0.0025 1 1 2.5 0.005 165 5 1 1 
-0.08375 0 0 0.0025 1 1 2.5 0.005 166 5 1 1 
-0.08125 0 0 0.0025 1 1 2.5 0.005 167 5 1 1 
-0.07875 0 0 0.0025 1 1 2.5 0.005 168 5 1 1 
-0.07625 0 0 0.0025 1 1 2.5 0.005 169 5 1 1 
-0.07375 0 0 0.0025 1 1 2.5 0.005 170 5 1 1 
-0.07125 -3.44356e-48 -1.12104e-44 0.0025 1 1 2.5 0.005 171 5 1 1 
-0.06875 -1.74609e-17 -5.68434e-14 0.0025 1 1 2.5 0.005 172 5 1 1 
-0.06625 -1.74552e-16 -3.36312e-44 0.0025 1 1 2.5 0.005 173 5 1 1 
-0.06375 -4.70752e-16 -5.68434e-14 0.0025 1 1 2.5 0.005 174 5 1 1 
-0.06125 -1.18531e-15 -7.95808e-13 0.0025 1 1 2.5 0.005 175 5 1 1 
-0.05875 -4.11649e-15 -1.02318e-12 0.0025 1 1 2.5 0.005 176 3 1 1 
-0.05625 -3.37988e-15 2.27374e-12 0.0025 1 1 2.5 0.005 177 3 1 1 
-0.05375 5.35695e-16 -4.54747e-13 0.0025 1 1 2.5 0.005 178 5 1 1 
-0.05125 -3.85529e-16 1.7053e-13 0.0025 1 1 2.5 0.005 179 5 1 1 
-0.04875 1.28604e-16 1.13687e-13 0.0025 1 1 2.5 0.005 180 5 1 1 
-0.04625 1.1287e-15 5.68434e-14 0.0025 1 1 2.5 0.005 181 5 1 1 
-0.04375 4.60598e-16 -3.41061e-13 0.0025 1 1 2.5 0.005 182 5 1 1 
-0.04125 -1.11366e-15 1.7053e-13 0.0025 1 1 2.5 0.005 183 5 1 1 
-0.03875 -3.98295e-15 -2.44427e-12 0.0025 1 1 2.5 0.005 184 3 1 1 
-0.03625 -4.71712e-15 3.46745e-12 0.0025 1 1 2.5 0.005 185 4 1 1 
-0.03375 8.13725e-16 -1.42109e-12 0.0025 1 1 2.5 0.005 186 4 1 1 
-0.03125 -1.10984e-15 7.95808e-13 0.0025 1 1 2.5 0.005 187 3 1 1 
-0.02875 -2.54308e-15 -3.97904e-13 0.0025 1 1 2.5 0.005 188 4 1 1 
-0.02625 -9.99399e-16 -1.7053e-13 0.0025 1 1 2.5 0.005 189 4 1 1 
-0.02375 -2.20186e-15 -3.41061e-13 0.0025 1 1 2.5 0.005 190 3 1 1 
-0.02125 -7.19255e-16 6.82121e-13 0.0025 1 1 2.5 0.005 191 4 1 1 
-0.01875 -1.22075e-15 -3.41061e-13 0.0025 1 1 2.5 0.005 192 5 1 1 
-0.01625 -2.74285e-15 1.13687e-13 0.0025 1 1 2.5 0.005 193 4 1 1 
-0.01375 1.00613e-15 -3.41061e-13 0.0025 1 1 2.5 0.005 194 3 1 1 
-0.01125 -6.13692e-16 3.41061e-13 0.0025 1 1 2.5 0.005 195 5 1 1 
-0.00875 2.20837e-16 -8.87469e-29 0.0025 1 1 2.5 0.005 196 5 1 1 
-0.00625 4.31179e-16 3.9443e-29 0.0025 1 1 2.5 0.005 197 3 1 1 
-0.00375 -8.45548e-17 1.7053e-13 0.0025 1 1 2.5 0.005 198 4 1 1 
-0.00125 5.43365e-17 -5.68434e-14 0.0025 1 1 2.5 0.005 199 3 1 1 
0.00125 7.8262e-17 3.41061e-13 0.0025 1 1 2.5 0.005 200 5 1 1 
0.00375 2.9587e-16 -4.54747e-13 0.0025 1 1 2.5 0.005 201 3 1 1 
0.00625 5.57269e-16 4.54747e-13 0.0025 1 1 2.5 0.005 202 4 1 1 
0.00875 7.87299e-16 2.46519e-28 0.0025 1 1 2.5 0.005 203 4 1 1 
0.01125 2.71818e-16 -1.13687e-13 0.0025 1 1 2.5 0.005 204 5 1 1 
0.01375 -1.1913e-15 -3.41061e-13 0.0025 1 1 2.5 0.005 205 4 1 1 
0.01625 7.34839e-16 9.86076e-30 0.0025 1 1 2.5 0.005 206 4 1 1 
0.01875 1.92967e-15 2.46519e-28 0.0025 1 1 2.5 0.005 207 5 1 1 
0.02125 1.39558e-15 -1.13687e-13 0.0025 1 1 2.5 0.005 208 5 1 1 
0.02375 -5.71474e-16 -2.27374e-13 0.0025 1 1 2.5 0.005 209 4 1 1 
0.02625 1.8559e-15 -5.68434e-14 0.0025 1 1 2.5 0.005 210 4 1 1 
0.02875 -2.41394e-15 -1.7053e-13 0.0025 1 1 2.5 0.005 211 3 1 1 
0.03125 4.6316e-15 3.41061e-13 0.0025 1 1 2.5 0.005 212 4 1 1 
0.03375 1.52391e-15 2.27374e-13 0.0025 1 1 2.5 0.005 213 5 1 1 
0.03625 2.02458e-15 -3.9443e-29 0.0025 1 1 2.5 0.005 214 5 1 1 
0.03875 1.49681e-15 -4.48416e-44 0.0025 1 1 2.5 0.005 215 5 1 1 
0.04125 1.02893e-15 4.48416e-44 0.0025 1 1 2.5 0.005 216 5 1 1 
0.04375 8.86703e-16 -5.68434e-14 0.0025 1 1 2.5 0.005 217 5 1 1 
0.04625 7.2548e-16 5.68434e-14 0.0025 1 1 2.5 0.005 218 5 1 1 
0.04875 7.81793e-16 1.13687e-13 0.0025 1 1 2.5 0.005 219 5 1 1 
0.05125 6.52318e-16 1.13687e-13 0.0025 1 1 2.5 0.005 220 5 1 1 
0.05375 1.52691e-15 3.41061e-13 0.0025 1 1 2.5 0.005 221 5 1 1 
0.05625 -6.12673e-16 2.84217e-13 0.0025 1 1 2.5 0.005 222 5 1 1 
0.05875 5.31314e-16 -3.97904e-13 0.0025 1 1 2.5 0.005 223 5 1 1 
0.06125 -1.93732e-15 -3.97904e-13 0.0025 1 1 2.5 0.005 224 3 1 1 
0.06375 3.46506e-15 3.97904e-13 0.0025 1 1 2.5 0.005 225 3 1 1 
0.06625 6.7942e-16 3.97904e-13 0.0025 1 1 2.5 0.005 226 5 1 1 
0.06875 1.68484e-15 -3.97904e-13 0.0025 1 1 2.5 0.005 227 5 1 1 
0.07125 -6.6777e-16 -4.54747e-13 0.0025 1 1 2.5 0.005 228 5 1 1 
0.07375 1.58583e-15 -5.68434e-14 0.0025 1 1 2.5 0.005 229 5 1 1 
0.07625 1.39496e-15 -3.36312e-44 0.0025 1 1 2.5 0.005 230 5 1 1 
0.07875 9.41883e-16 0 0.0025 1 1 2.5 0.005 231 5 1 1 
0.08125 4.88529e-16 2.24208e-44 0.0025 1 1 2.5 0.005 232 5 1 1 
0.08375 2.96657e-16 5.68434e-14 0.0025 1 1 2.5 0.005 233 5 1 1 
0.08625 1.39657e-16 1.12104e-44 0.0025 1 1 2.5 0.005 234 5 1 1 
0.08875 6.54148e-47 1.12104e-44 0.0025 1 1 2.5 0.005 235 5 1 1 
0.09125 0 0 0.0025 1 1 2.5 0.005 236 5 1 1 
0.09375 -1.767e-45 -1.12104e-44 0.0025 1 1 2.5 0.005 237 5 1 1 
0.09625 -1.69188e-16 0 0.0025 1 1 2.5 0.005 238 5 1 1 
0.09875 -3.37357e-16 1.12104e-44 0.0025 1 1 2.5 0.005 239 5 1 1 
0.10125 1.58941e-15 0 0.0025 1 1 2.5 0.005 240 5 1 1 
0.10375 1.42405e-15 4.48416e-44 0.0025 1 1 2.5 0.005 241 5 1 1 
0.10625 2.28184e-15 -1.56945e-43 0.0025 1 1 2.5 0.005 242 5 1 1 
0.10875 6.19701e-16 8.96831e-44 0.0025 1 1 2.5 0.005 243 5 1 1 
0.11125 4.59338e-16 -5.68434e-14 0.0025 1 1 2.5 0.005 244 5 1 1 
0.11375 -1.70287e-15 3.36312e-43 0.0025 1 1 2.5 0.005 245 5 1 1 
0.11625 2.26929e-15 -5.68434e-14 0.0025 1 1 2.5 0.005 246 5 1 1 
0.11875 -5.04152e-16 5.68434e-14 0.0025 1 1 2.5 0.005 247 5 1 1 
0.12125 -2.09243e-17 -7.14905e-27 0.0025 1 1 2.5 0.005 248 5 1 1 
0.12375 -3.1251e-15 -7.18849e-27 0.0025 1 1 2.5 0.005 249 4 1 1 
0.12625 3.1251e-15 7.18849e-27 0.0025 1 1 2.5 0.005 250 4 1 1 
0.12875 2.09243e-17 7.14905e-27 0.0025 1 1 2.5 0.005 251 5 1 1 
0.13125 5.04155e-16 5.68434e-14 0.0025 1 1 2.5 0.005 252 5 1 1 
0.13375 -2.2693e-15 -5.68434e-14 0.0025 1 1 2.5 0.005 253 5 1 1 
0.13625 1.44097e-15 5.68434e-14 0.0025 1 1 2.5 0.005 254 5 1 1 
0.13875 -6.46573e-15 -1.24487e-11 0.0025 1 1 2.5 0.005 255 4 1 1 
0.14125 -3.7985e-14 -2.04636e-11 0.0025 1 1 2.5 0.005 256 4 1 1 
0.14375 -9.90968e-14 -7.38396e-11 0.0025 1 1 2.5 0.005 257 4 1 1 
0.14625 -3.28478e-13 -2.08502e-10 0.0025 1 1 2.5 0.005 258 4 1 1 
0.14875 -9.36408e-13 -5.67411e-10 0.0025 1 1 2.5 0.005 259 4 1 1 
0.15125 -2.62421e-12 -1.57155e-09 0.0025 1 1 2.5 0.005 260 4 1 1 
0.15375 -7.15768e-12 -4.14065e-09 0.0025 1 1 2.5 0.005 261 4 1 1 
0.15625 -1.90324e-11 -1.06955e-08 0.0025 1 1 2.5 0.005 262 4 1 1 
0.15875 -4.94734e-11 -2.70036e-08 0.0025 1 1 2.5 0.005 263 4 1 1 
0.16125 -1.25481e-10 -6.64729e-08 0.0025 1 1 2.5 0.005 264 4 1 1 
0.16375 -3.1087e-10 -1.59782e-07 0.0025 1 1 2.5 0.005 265 4 1 1 
0.16625 -7.52599e-10 -3.75353e-07 0.0025 1 1 2.5 0.005 266 4 1 1 
0.16875 -1.78105e-09 -8.61605e-07 0.0025 1 1 2.5 0.005 267 4 1 1 
0.17125 -4.12159e-09 -1.93335e-06 0.0025 1 1 2.5 0.005 268 4 1 1 
0.17375 -9.32949e-09 -4.24172e-06 0.0025 1 1 2.5 0.005 269 4 1 1 
0.17625 -2.06615e-08 -9.10095e-06 0.0025 1 1 2.5 0.005 270 4 1 1 
0.17875 -4.47793e-08 -1.90995e-05 0.0025 1 1 2.5 0.005 271 4 1 1 
0.18125 -9.49924e-08 -3.92112e-05 0.0025 1 1 2.5 0.005 272 4 1 1 
0.18375 -1.97276e-07 -7.87598e-05 0.0025 1 1 2.5 0.005 273 4 1 1 
0.18625 -4.01147e-07 -0.000154792 0.0025 1 1 2.5 0.005 274 4 1 1 
0.18875 -7.98796e-07 -0.000297697 0.0025 1 1 2.5 0.005 275 4 1 1 
0.19125 -1.55785e-06 -0.000560284 0.0025 1 1 2.5 0.00499999 276 4 1 1 
0.19375 -2.9759e-06 -0.00103196 0.0025 1 1 2.5 0.00499999 277 4 1 1 
0.19625 -5.5687e-06 -0.00186016 0.0025 1 1.00001 2.5 0.00499998 278 4 1 1 
0.19875 -1.02086e-05 -0.00328142 0.0025 1.00001 1.00001 2.50001 0.00499996 279 4 1 1 
0.20125 -1.83351e-05 -0.00566482 0.0025 1.00001 1.00002 2.50001 0.00499993 280 4 1 1 
0.20375 -3.22644e-05 -0.00956969 0.0025 1.00002 1.00003 2.50002 0.00499988 281 4 1 1 
0.20625 -5.56294e-05 -0.0158182 0.0025 1.00004 1.00006 2.50004 0.00499978 282 4 1 1 
0.20875 -9.39785e-05 -0.0255802 0.0025 1.00007 1.0001 2.50007 0.00499964 283 4 1 1 
0.211249 -0.000155558 -0.0404631 0.0025 1.00012 1.00017 2.50012 0.0049994 284 4 1 1 
0.213749 -0.000252276 -0.0625903 0.0025 1.0002 1.00027 2.5002 0.00499902 285 4 1 1 
0.216248 -0.000400816 -0.0946431 0.0025 1.00031 1.00044 2.50031 0.00499844 286 4 1 1 
0.218748 -0.000623791 -0.139827 0.0025 1.00049 1.00068 2.50049 0.00499757 287 4 1 1 
0.221246 -0.000950755 -0.20171 0.0025 1.00074 1.00104 2.50074 0.00499628 288 4 1 1 
0.223744 -0.00141876 -0.283866 0.0025 1.00111 1.00155 2.50111 0.00499444 289 4 1 0.999999 
0.22624 -0.00207198 -0.389265 0.0025 1.00163 1.00228 2.50163 0.00499186 290 4 1 0.999998 
0.228736 -0.00295994 -0.519379 0.0025 1.00234 1.00326 2.50233 0.00498835 291 4 1 0.999997 
0.231229 -0.00413355 -0.673024 0.0025 1.00327 1.00458 2.50326 0.00498369 292 4 1 0.999995 
0.233719 -0.00563876 -0.845111 0.0025 1.00448 1.00627 2.50447 0.0049777 293 4 1 0.999993 
0.236207 -0.0075077 -1.02563 0.0025 1.00599 1.00839 2.50598 0.00497023 294 4 1 0.99999 
0.23869 -0.00974812 -1.19939 0.0025 1.00781 1.01095 2.50779 0.00496124 295 4 1 0.999986 
0.241168 -0.0123332 -1.34691 0.0025 1.00993 1.01393 2.50991 0.00495082 296 4 1 0.999983 
0.24364 -0.0151946 -1.44697 0.0025 1.01231 1.01727 2.51227 0.00493922 297 4 1 0.999981 
0.246107 -0.0182212 -1.48038 0.0025 1.01484 1.02085 2.5148 0.00492687 298 4 1 0.999981 
0.248567 -0.0212662 -1.43344 0.0025 1.01743 1.0245 2.51737 0.00491433 299 4 1 0.999982 
0.251021 -0.0241619 -1.30289 0.0025 1.01993 1.02804 2.51985 0.00490228 300 4 1 0.999986 
0.25347 -0.0267362 -1.08787 0.0025 1.0222 1.03124 2.52209 0.00489142 301 4 1 0.999991 
0.255913 -0.0288129 -0.790747 0.0025 1.02404 1.03385 2.52392 0.00488261 302 4 1 1 
0.258352 -0.0299569 -0.0494272 0.0025 1.02471 1.03487 2.52463 0.00487945 303 3 1 1 
0.260792 -0.0262924 4.71833 0.0025 1.0205 1.02905 2.52059 0.00489958 304 4 1 0.999996 
0.263252 -0.0108049 9.13529 0.0025 1.00913 1.01289 2.50922 0.00495478 305 4 1 0.999718 
0.265747 0.00480402 5.01903 0.0025 0.997401 0.996201 2.49731 0.00501303 306 4 1 0.999552 
0.268265 0.0105884 1.22558 0.0025 0.9913 0.98777 2.49123 0.00504388 307 4 1 0.999864 
0.270791 0.0147652 3.08887 0.0025 0.986747 0.981596 2.4868 0.00506716 308 4 1 0.99995 
0.273332 0.0243963 5.47325 0.0025 0.979161 0.97103 2.47913 0.00510641 309 4 1 0.999858 
0.275898 0.0363879 5.31692 0.0025 0.969757 0.95792 2.46952 0.00515593 310 4 1 0.999731 
0.278488 0.0471951 4.60098 0.0025 0.960812 0.945565 2.46037 0.00520393 311 4 1 0.999743 
0.281102 0.057369 4.6133 0.0025 0.952347 0.933945 2.45169 0.00525019 312 4 1 0.999773 
0.283739 0.0680233 4.81827 0.0025 0.943725 0.922133 2.4428 0.00529816 313 4 1 0.999764 
0.2864 0.0790816 4.86517 0.0025 0.93488 0.910052 2.43361 0.00534828 314 4 1 0.999745 
0.289087 0.0902538 4.84148 0.0025 0.925968 0.897928 2.4243 0.00539975 315 4 1 0.999735 
0.2918 0.101538 4.8415 0.0025 0.917033 0.885822 2.41492 0.00545237 316 4 1 0.999729 
0.294539 0.112973 4.85485 0.0025 0.908052 0.8737 2.40543 0.0055063 317 4 1 0.999721 
0.297306 0.124547 4.85606 0.0025 0.899023 0.861563 2.39584 0.00556159 318 4 1 0.999712 
0.300101 0.136276 4.85283 0.0025 0.889959 0.849428 2.38615 0.00561823 319 4 1 0.999704 
0.302925 0.148148 4.85065 0.0025 0.880863 0.837298 2.37636 0.00567625 320 4 1 0.999696 
0.305778 0.160152 4.85126 0.0025 0.871731 0.82517 2.36648 0.00573572 321 4 1 0.999688 
0.308661 0.172307 4.84395 0.0025 0.862566 0.813051 2.35649 0.00579666 322 4 1 0.999679 
0.311574 0.184605 4.84395 0.0025 0.85337 0.800941 2.34641 0.00585913 323 4 1 0.99967 
0.31452 0.19704 4.83459 0.0025 0.844143 0.788844 2.33623 0.00592317 324 4 1 0.99966 
0.317498 0.209651 4.82552 0.0025 0.834891 0.776767 2.32596 0.00598881 325 4 1 0.999651 
0.320509 0.22239 4.82662 0.0025 0.825607 0.764702 2.31558 0.00605615 326 4 1 0.999641 
0.323554 0.235289 4.81275 0.0025 0.816294 0.752652 2.3051 0.00612525 327 4 1 0.999631 
0.326634 0.248357 4.81214 0.0025 0.806952 0.740621 2.29451 0.00619616 328 4 1 0.999621 
0.329751 0.261563 4.79692 0.0025 0.797582 0.728611 2.28382 0.00626894 329 4 1 0.999609 
0.332904 0.274956 4.78433 0.0025 0.788194 0.716632 2.27302 0.00634362 330 4 1 0.999599 
0.336094 0.288503 4.78468 0.0025 0.778774 0.704671 2.26212 0.00642035 331 4 1 0.999587 
0.339324 0.302214 4.76592 0.0025 0.769328 0.692734 2.25111 0.00649918 332 4 1 0.999574 
0.342594 0.316092 4.75537 0.0025 0.759862 0.680831 2.23999 0.00658014 333 4 1 0.999562 
0.345905 0.330145 4.74372 0.0025 0.750373 0.668958 2.22876 0.00666335 334 4 1 0.999549 
0.349257 0.344383 4.72328 0.0025 0.740866 0.657124 2.21742 0.00674886 335 4 1 0.999536 
0.352654 0.358788 4.71471 0.0025 0.731341 0.645326 2.20597 0.00683676 336 4 1 0.999523 
0.356095 0.373354 4.6948 0.0025 0.721795 0.633565 2.19441 0.00692717 337 4 1 0.999508 
0.359581 0.388121 4.67628 0.0025 0.712238 0.621852 2.18275 0.00702012 338 4 1 0.999494 
0.363115 0.403035 4.65075 0.0025 0.702676 0.610196 2.17098 0.00711566 339 4 1 0.99948 
0.366697 0.418135 4.61766 0.0025 0.693121 0.598612 2.15912 0.00721375 340 4 1 0.999467 
0.370329 0.433344 4.58905 0.0025 0.68358 0.587108 2.14719 0.00731443 341 4 1 0.999454 
0.374012 0.448687 4.53338 0.0025 0.674076 0.575712 2.1352 0.00741756 342 4 1 0.999442 
0.377747 0.464091 4.47334 0.0025 0.664641 0.564462 2.12319 0.00752286 343 4 1 0.999434 
0.381535 0.479504 4.38433 0.0025 0.655313 0.553402 2.11122 0.00762995 344 4 1 0.99943 
0.385377 0.49483 4.26988 0.0025 0.64615 0.542601 2.09937 0.00773814 345 4 1 0.999433 
0.389274 0.509899 4.11556 0.0025 0.637227 0.532138 2.08772 0.0078465 346 4 1 0.999445 
0.393224 0.524602 3.90897 0.0025 0.628637 0.522123 2.07642 0.00795372 347 4 1 0.999468 
0.397228 0.538703 3.67914 0.0025 0.620457 0.512637 2.06557 0.00805857 348 4 1 0.999502 
0.401283 0.552218 3.47515 0.0025 0.612686 0.503672 2.05519 0.00816079 349 4 1 0.999539 
0.405389 0.56527 3.35954 0.0025 0.605203 0.495083 2.04512 0.00826169 350 4 1 0.999564 
0.409545 0.578359 3.38675 0.0025 0.597771 0.486595 2.03504 0.00836441 351 4 1 0.999565 
0.413754 0.592079 3.57295 0.0025 0.590087 0.477863 2.02454 0.00847332 352 4 1 0.999531 
0.418019 0.606826 3.76833 0.0025 0.581988 0.468706 2.01338 0.00859124 353 4 1 0.999467 
0.422346 0.62238 3.84979 0.0025 0.573583 0.459255 2.0017 0.00871714 354 4 1 0.999405 
0.426737 0.638076 3.68936 0.0025 0.565247 0.449936 1.99001 0.00884569 355 4 1 0.999385 
0.431192 0.652845 3.27444 0.0025 0.557522 0.441348 1.97908 0.00896826 356 4 1 0.999441 
0.435705 0.665391 2.5273 0.0025 0.551054 0.434194 1.96987 0.00907352 357 4 1 0.999579 
0.440265 0.674208 1.49113 0.0025 0.546518 0.429197 1.96336 0.00914884 358 4 1 0.999773 
0.444854 0.678306 0.383648 0.0025 0.544286 0.426749 1.96016 0.00918635 359 4 1 0.999938 
0.449452 0.678611 -0.0945585 0.0025 0.543783 0.426204 1.95945 0.00919484 360 5 1 0.999997 
0.454049 0.678456 -0.0378392 0.0025 0.543835 0.426265 1.95953 0.00919396 361 4 1 1 
0.458646 0.678177 -0.0894774 0.0025 0.543948 0.426389 1.9597 0.00919206 362 4 1 1 
0.463241 0.677769 -0.109164 0.0025 0.544142 0.426604 1.95998 0.00918877 363 4 1 0.999999 
0.467835 0.677284 -0.116575 0.0025 0.544382 0.426868 1.96033 0.00918473 364 4 1 0.999999 
0.472426 0.676773 -0.113402 0.0025 0.54464 0.427152 1.96071 0.00918038 365 4 1 0.999999 
0.477015 0.676283 -0.104015 0.0025 0.544893 0.427432 1.96108 0.00917611 366 4 1 0.999999 
0.481602 0.675842 -0.090851 0.0025 0.545127 0.42769 1.96142 0.00917217 367 4 1 1 
0.486187 0.675462 -0.0764708 0.0025 0.545332 0.427916 1.96172 0.00916873 368 4 1 1 
0.490771 0.675141 -0.0632374 0.0025 0.545505 0.428108 1.96198 0.00916582 369 4 1 1 
0.495353 0.674877 -0.0521331 0.0025 0.545648 0.428267 1.96219 0.00916341 370 4 1 1 
0.499934 0.674659 -0.0431058 0.0025 0.545767 0.428398 1.96237 0.00916143 371 4 1 1 
0.504514 0.674478 -0.0360045 0.0025 0.545864 0.428507 1.96252 0.00915979 372 4 1 1 
0.509094 0.674326 -0.0306057 0.0025 0.545945 0.428598 1.96264 0.00915843 373 4 1 1 
0.513673 0.674196 -0.026437 0.0025 0.546013 0.428676 1.96275 0.00915728 374 4 1 1 
0.518251 0.674084 -0.0230709 0.0025 0.546072 0.428742 1.96285 0.0091563 375 4 1 1 
0.522829 0.673985 -0.0203144 0.0025 0.546122 0.4288 1.96293 0.00915546 376 4 1 1 
0.527407 0.673898 -0.0180398 0.0025 0.546166 0.428851 1.96301 0.00915472 377 4 1 1 
0.531984 0.67382 -0.0160841 0.0025 0.546205 0.428896 1.96307 0.00915407 378 4 1 1 
0.536561 0.673751 -0.0143348 0.0025 0.546239 0.428937 1.96314 0.00915351 379 4 1 1 
0.541137 0.673689 -0.012767 0.0025 0.546268 0.428973 1.9632 0.00915302 380 4 1 1 
0.545714 0.673634 -0.0113816 0.0025 0.546293 0.429005 1.96325 0.00915259 381 4 1 1 
0.55029 0.673585 -0.0101663 0.0025 0.546315 0.429033 1.9633 0.00915223 382 4 1 1 
0.554866 0.67354 -0.00909924 0.0025 0.546334 0.429059 1.96335 0.00915191 383 4 1 1 
0.559442 0.673501 -0.00815738 0.0025 0.54635 0.429081 1.9634 0.00915165 384 4 1 1 
0.564018 0.673465 -0.00732234 0.0025 0.546362 0.429102 1.96345 0.00915143 385 4 1 1 
0.568593 0.673432 -0.00658611 0.0025 0.546373 0.42912 1.9635 0.00915126 386 4 1 1 
0.573169 0.673403 -0.00594469 0.0025 0.54638 0.429136 1.96354 0.00915114 387 4 1 1 
0.577744 0.673377 -0.00538686 0.0025 0.546385 0.429151 1.96359 0.00915106 388 4 1 1 
0.58232 0.673352 -0.00489394 0.0025 0.546387 0.429165 1.96365 0.00915102 389 3 1 1 
0.586895 0.67333 -0.00444851 0.0025 0.546386 0.429177 1.96371 0.00915104 390 4 1 1 
0.591471 0.67331 -0.00404032 0.0025 0.546382 0.429188 1.96377 0.00915111 391 4 1 1 
0.596047 0.673291 -0.00366577 0.0025 0.546374 0.429197 1.96384 0.00915124 392 4 1 1 
0.600622 0.673274 -0.00332488 0.0025 0.546361 0.429205 1.96392 0.00915146 393 4 1 1 
0.605198 0.673258 -0.00301806 0.0025 0.546331 0.429201 1.96401 0.00915195 394 4 1 1 
0.609774 0.673243 -0.00274356 0.0025 0.54623 0.429144 1.96412 0.00915366 395 4 1 1 
0.614352 0.67323 -0.00249696 0.0025 0.545809 0.428889 1.96446 0.00916072 396 4 1 0.999999 
0.618935 0.673217 -0.00227337 0.0025 0.54418 0.427135 1.96229 0.00918813 397 4 1 0.999987 
0.62354 0.673205 -0.00206786 0.0025 0.531048 0.411657 1.93794 0.00941534 398 4 1 0.999667 
0.628355 0.673193 -0.00187022 0.0025 0.506953 0.440347 2.17154 0.00986285 399 4 1 0.994706 
0.63341 0.673182 -0.00167953 0.0025 0.481405 0.4157 2.15879 0.0103863 400 4 1 0.993698 
0.638751 0.67317 -0.00149445 0.0025 0.458908 0.450161 2.45235 0.0108954 401 4 1 0.993693 
0.644311 0.673159 -0.00131523 0.0025 0.450286 0.430685 2.39117 0.0111041 402 5 1 0.998658 
0.649855 0.673148 -0.00114611 0.0025 0.451879 0.429006 2.37346 0.0110649 403 4 1 0.999967 
0.655376 0.673138 -0.000983554 0.0025 0.453499 0.428958 2.36472 0.0110254 404 4 1 0.999986 
0.66088 0.673129 -0.000825816 0.0025 0.454584 0.42909 2.3598 0.0109991 405 4 1 0.999994 
0.666375 0.67312 -0.000672524 0.0025 0.45528 0.42917 2.35663 0.0109823 406 4 1 0.999997 
0.671863 0.673111 -0.000523064 0.0025 0.45575 0.429211 2.35442 0.0109709 407 4 1 0.999999 
0.677346 0.673102 -0.000376493 0.0025 0.456084 0.429233 2.35282 0.0109629 408 4 1 0.999999 
0.682826 0.673093 -0.000232223 0.0025 0.45633 0.429247 2.35163 0.010957 409 4 1 1 
0.688303 0.673085 -9.0389e-05 0.0025 0.456516 0.429255 2.35071 0.0109525 410 4 1 1 
0.693778 0.673076 4.87313e-05 0.0025 0.45666 0.42926 2.35 0.0109491 411 4 1 1 
0.699252 0.673067 0.000186134 0.0025 0.456773 0.429263 2.34943 0.0109464 412 4 1 1 
0.704724 0.673059 0.000325451 0.0025 0.456863 0.429265 2.34898 0.0109442 413 4 1 1 
0.710196 0.67305 0.000476389 0.0025 0.456934 0.429266 2.34862 0.0109425 414 4 1 1 
0.715667 0.673041 0.00066128 0.0025 0.456992 0.429265 2.34832 0.0109411 415 4 1 1 
0.721137 0.673031 0.000936529 0.0025 0.457038 0.429264 2.34808 0.01094 416 4 1 1 
0.726607 0.673019 0.00148213 0.0025 0.457074 0.429261 2.34787 0.0109392 417 4 1 1 
0.732076 0.673002 0.0028031 0.0025 0.457099 0.429252 2.3477 0.0109385 418 4 1 1 
0.737545 0.67297 0.0066017 0.0025 0.457108 0.42923 2.34753 0.0109383 419 3 1 1 
0.743015 0.672892 0.0180729 0.0025 0.457081 0.429165 2.34731 0.010939 420 4 1 1 
0.748484 0.672672 0.0524472 0.0025 0.456953 0.428974 2.34692 0.010942 421 4 1 1 
0.753957 0.672025 0.15657 0.0025 0.456534 0.428405 2.34595 0.0109521 422 4 1 0.999999 
0.759436 0.670155 0.44422 0.0025 0.455313 0.426786 2.34335 0.0109815 423 4 1 0.999987 
0.764938 0.665003 1.17597 0.0025 0.452092 0.422552 2.33661 0.0110597 424 4 1 0.999906 
0.770496 0.652271 2.84365 0.0025 0.444406 0.412496 2.32041 0.011251 425 4 1 0.999447 
0.776191 0.622759 6.11311 0.0025 0.428588 0.391944 2.28612 0.0116662 426 4 1 0.997507 
0.78217 0.564926 11.9396 0.0025 0.399957 0.35521 2.22008 0.0125013 427 4 1 0.991825 
0.788723 0.444537 24.5344 0.0025 0.354965 0.298888 2.10493 0.0140859 428 4 1 0.979554 
0.796362 0.249954 30.1907 0.0025 0.30453 0.238883 1.96125 0.0164188 429 4 1 0.962283 
0.805294 0.0821863 17.6355 0.0025 0.26884 0.199132 1.85206 0.0185985 430 4 1 0.967174 
0.815027 0.0126395 4.47395 0.0025 0.253841 0.183385 1.80624 0.0196974 431 4 1 0.990431 
0.824999 0.00026315 0.368602 0.0025 0.250339 0.179837 1.79597 0.0199729 432 4 1 0.999297 
0.835 -0.000167755 -0.046134 0.0025 0.249981 0.179481 1.79495 0.0200015 433 5 1 0.999992 
0.845 2.93306e-07 -0.00439483 0.0025 0.249996 0.179496 1.79499 0.0200003 434 4 1 1 
0.855 3.14965e-06 0.000496481 0.0025 0.25 0.179501 1.795 0.02 435 3 1 1 
0.865 8.5256e-07 0.000177152 0.0025 0.25 0.1795 1.795 0.02 436 4 1 1 
0.875 1.95471e-07 4.31702e-05 0.0025 0.25 0.1795 1.795 0.02 437 4 1 1 
0.885 4.32747e-08 9.68904e-06 0.0025 0.25 0.1795 1.795 0.02 438 4 1 1 
0.895 9.41791e-09 2.13747e-06 0.0025 0.25 0.1795 1.795 0.02 439 4 1 1 
0.905 2.01164e-09 4.64773e-07 0.0025 0.25 0.1795 1.795 0.02 440 4 1 1 
0.915 4.19893e-10 9.91799e-08 0.0025 0.25 0.1795 1.795 0.02 441 4 1 1 
0.925 8.52556e-11 2.06653e-08 0.0025 0.25 0.1795 1.795 0.02 442 4 1 1 
0.935 1.67653e-11 4.18295e-09 0.0025 0.25 0.1795 1.795 0.02 443 4 1 1 
0.945 3.208e-12 8.21643e-10 0.0025 0.25 0.1795 1.795 0.02 444 4 1 1 
0.955 5.78978e-13 1.54969e-10 0.0025 0.25 0.1795 1.795 0.02 445 4 1 1 
0.965 1.06122e-13 3.00702e-11 0.0025 0.25 0.1795 1.795 0.02 446 4 1 1 
0.975 7.26007e-15 4.1922e-12 0.0025 0.25 0.1795 1.795 0.02 447 4 1 1 
0.985 6.89616e-15 1.7053e-13 0.0025 0.25 0.1795 1.795 0.02 448 5 1 1 
0.995 -6.59234e-17 2.41585e-13 0.0025 0.25 0.1795 1.795 0.02 449 3 1 1 
1.005 7.46516e-17 -2.41585e-13 0.0025 0.25 0.1795 1.795 0.02 450 3 1 1 
1.015 -6.86997e-15 -3.41061e-13 0.0025 0.25 0.1795 1.795 0.02 451 5 1 1 
1.025 -6.2777e-15 -2.41585e-12 0.0025 0.25 0.1795 1.795 0.02 452 5 1 1 
1.035 -9.04557e-14 -3.03828e-11 0.0025 0.25 0.1795 1.795 0.02 453 4 1 1 
1.045 -5.90469e-13 -1.57627e-10 0.0025 0.25 0.1795 1.795 0.02 454 4 1 1 
1.055 -3.18138e-12 -8.20677e-10 0.0025 0.25 0.1795 1.795 0.02 455 4 1 1 
1.065 -1.68173e-11 -4.18332e-09 0.0025 0.25 0.1795 1.795 0.02 456 4 1 1 
1.075 -8.52219e-11 -2.06664e-08 0.0025 0.25 0.1795 1.795 0.02 457 4 1 1 
1.085 -4.19895e-10 -9.91733e-08 0.0025 0.25 0.1795 1.795 0.02 458 4 1 1 
1.095 -2.01164e-09 -4.64781e-07 0.0025 0.25 0.1795 1.795 0.02 459 4 1 1 
1.105 -9.4179e-09 -2.13746e-06 0.0025 0.25 0.1795 1.795 0.02 460 4 1 1 
1.115 -4.32747e-08 -9.68903e-06 0.0025 0.25 0.1795 1.795 0.02 461 4 1 1 
1.125 -1.95471e-07 -4.31702e-05 0.0025 0.25 0.1795 1.795 0.02 462 4 1 1 
1.135 -8.5256e-07 -0.000177152 0.0025 0.25 0.1795 1.795 0.02 463 4 1 1 
1.145 -3.14965e-06 -0.000496481 0.0025 0.25 0.179501 1.795 0.02 464 3 1 1 
1.155 -2.93306e-07 0.00439483 0.0025 0.249996 0.179496 1.79499 0.0200003 465 4 1 1 
1.165 0.000167755 0.046134 0.0025 0.249981 0.179481 1.79495 0.0200015 466 5 1 0.999992 
1.175 -0.00026315 -0.368602 0.0025 0.250339 0.179837 1.79597 0.0199729 467 4 1 0.999297 
1.18497 -0.0126395 -4.47395 0.0025 0.253841 0.183385 1.80624 0.0196974 468 4 1 0.990431 
1.19471 -0.0821863 -17.6355 0.0025 0.26884 0.199132 1.85206 0.0185985 469 4 1 0.967174 
1.20364 -0.249954 -30.1907 0.0025 0.30453 0.238883 1.96125 0.0164188 470 4 1 0.962283 
1.21128 -0.444537 -24.5344 0.0025 0.354965 0.298888 2.10493 0.0140859 471 4 1 0.979554 
1.21783 -0.564926 -11.9396 0.0025 0.399957 0.35521 2.22008 0.0125013 472 4 1 0.991825 
1.22381 -0.622759 -6.11311 0.0025 0.428588 0.391944 2.28612 0.0116662 473 4 1 0.997507 
1.2295 -0.652271 -2.84365 0.0025 0.444406 0.412496 2.32041 0.011251 474 4 1 0.999447 
1.23506 -0.665003 -1.17597 0.0025 0.452092 0.422552 2.33661 0.0110597 475 4 1 0.999906 
1.24056 -0.670155 -0.44422 0.0025 0.455313 0.426786 2.34335 0.0109815 476 4 1 0.999987 
1.24604 -0.672025 -0.15657 0.0025 0.456534 0.428405 2.34595 0.0109521 477 4 1 0.999999 
1.25152 -0.672672 -0.0524472 0.0025 0.456953 0.428974 2.34692 0.010942 478 4 1 1 
1.25699 -0.672892 -0.0180729 0.0025 0.457081 0.429165 2.34731 0.010939 479 4 1 1 
1.26245 -0.67297 -0.0066017 0.0025 0.457108 0.42923 2.34753 0.0109383 480 3 1 1 
1.26792 -0.673002 -0.0028031 0.0025 0.457099 0.429252 2.3477 0.0109385 481 4 1 1 
1.27339 -0.673019 -0.00148213 0.0025 0.457074 0.429261 2.34787 0.0109392 482 4 1 1 
1.27886 -0.673031 -0.000936529 0.0025 0.457038 0.429264 2.34808 0.01094 483 4 1 1 
1.28433 -0.673041 -0.00066128 0.0025 0.456992 0.429265 2.34832 0.0109411 484 4 1 1 
1.2898 -0.67305 -0.000476389 0.0025 0.456934 0.429266 2.34862 0.0109425 485 4 1 1 
1.29528 -0.673059 -0.000325451 0.0025 0.456863 0.429265 2.34898 0.0109442 486 4 1 1 
1.30075 -0.673067 -0.000186134 0.0025 0.456773 0.429263 2.34943 0.0109464 487 4 1 1 
1.30622 -0.673076 -4.87313e-05 0.0025 0.45666 0.42926 2.35 0.0109491 488 4 1 1 
1.3117 -0.673085 9.0389e-05 0.0025 0.456516 0.429255 2.35071 0.0109525 489 4 1 1 
1.31717 -0.673093 0.000232223 0.0025 0.45633 0.429247 2.35163 0.010957 490 4 1 1 
1.32265 -0.673102 0.000376493 0.0025 0.456084 0.429233 2.35282 0.0109629 491 4 1 0.999999 
1.32814 -0.673111 0.000523064 0.0025 0.45575 0.429211 2.35442 0.0109709 492 4 1 0.999999 
1.33363 -0.67312 0.000672524 0.0025 0.45528 0.42917 2.35663 0.0109823 493 4 1 0.999997 
1.33912 -0.673129 0.000825816 0.0025 0.454584 0.42909 2.3598 0.0109991 494 4 1 0.999994 
1.34462 -0.673138 0.000983554 0.0025 0.453499 0.428958 2.36472 0.0110254 495 4 1 0.999986 
1.35015 -0.673148 0.00114611 0.0025 0.451879 0.429006 2.37346 0.0110649 496 4 1 0.999967 
1.35569 -0.673159 0.00131523 0.0025 0.450286 0.430685 2.39117 0.0111041 497 5 1 0.998658 
1.36125 -0.67317 0.00149445 0.0025 0.458908 0.450161 2.45235 0.0108954 498 4 1 0.993693 
1.36659 -0.673182 0.00167953 0.0025 0.481405 0.4157 2.15879 0.0103863 499 4 1 0.993698 
