# Time [s]: 5.96484e+12
# Columns: pos [pc], vel [pc/s], acc [pc/s^2], mass [Msun], dens [g/cm^3], pres [barye], ene [erg/g], sml [pc], id, neighbor, alpha, gradh, ...additional?
4.23417e+16 -673.194 6.13095e-14 4.97118e+27 0.000506952 4.40346 21715.3 3.04368e+14 0 4 1 0.994706 
4.24903e+16 -673.206 6.77919e-14 4.97118e+27 0.000531047 4.11656 19379.4 2.90558e+14 1 4 1 0.999667 
4.26324e+16 -673.218 7.45382e-14 4.97118e+27 0.00054418 4.27134 19622.9 2.83546e+14 2 4 1 0.999987 
4.27739e+16 -673.231 8.1875e-14 4.97118e+27 0.000545808 4.28887 19644.6 2.827e+14 3 4 1 0.999999 
4.29151e+16 -673.245 8.9956e-14 4.97118e+27 0.000546229 4.29143 19641.2 2.82482e+14 4 4 1 1 
4.30564e+16 -673.26 9.89437e-14 4.97118e+27 0.00054633 4.29199 19640.1 2.8243e+14 5 4 1 1 
4.31976e+16 -673.276 1.08997e-13 4.97118e+27 0.00054636 4.29203 19639.2 2.82415e+14 6 4 1 1 
4.33388e+16 -673.294 1.20193e-13 4.97118e+27 0.000546373 4.29196 19638.4 2.82408e+14 7 4 1 1 
4.348e+16 -673.312 1.32527e-13 4.97118e+27 0.00054638 4.29186 19637.7 2.82404e+14 8 4 1 1 
4.36212e+16 -673.333 1.45996e-13 4.97118e+27 0.000546384 4.29175 19637.1 2.82402e+14 9 4 1 1 
4.37624e+16 -673.355 1.607e-13 4.97118e+27 0.000546385 4.29163 19636.4 2.82401e+14 10 3 1 1 
4.39036e+16 -673.38 1.76949e-13 4.97118e+27 0.000546383 4.29149 19635.9 2.82403e+14 11 4 1 1 
4.40448e+16 -673.407 1.953e-13 4.97118e+27 0.000546378 4.29134 19635.4 2.82405e+14 12 4 1 1 
4.4186e+16 -673.436 2.16398e-13 4.97118e+27 0.00054637 4.29118 19634.9 2.82409e+14 13 4 1 1 
4.43272e+16 -673.469 2.40663e-13 4.97118e+27 0.00054636 4.29099 19634.4 2.82415e+14 14 4 1 1 
4.44684e+16 -673.506 2.68236e-13 4.97118e+27 0.000546347 4.29078 19634 2.82421e+14 15 4 1 1 
4.46096e+16 -673.546 2.99336e-13 4.97118e+27 0.000546331 4.29055 19633.5 2.8243e+14 16 4 1 1 
4.47508e+16 -673.591 3.34522e-13 4.97118e+27 0.000546312 4.29029 19633 2.82439e+14 17 4 1 1 
4.4892e+16 -673.641 3.74543e-13 4.97118e+27 0.000546289 4.29 19632.5 2.82451e+14 18 4 1 1 
4.50333e+16 -673.697 4.20134e-13 4.97118e+27 0.000546264 4.28968 19631.9 2.82464e+14 19 4 1 1 
4.51745e+16 -673.76 4.71804e-13 4.97118e+27 0.000546234 4.28931 19631.3 2.8248e+14 20 4 1 1 
4.53158e+16 -673.83 5.29592e-13 4.97118e+27 0.0005462 4.2889 19630.7 2.82498e+14 21 4 1 1 
4.5457e+16 -673.909 5.94164e-13 4.97118e+27 0.00054616 4.28844 19630 2.82518e+14 22 4 1 1 
4.55983e+16 -673.998 6.69116e-13 4.97118e+27 0.000546116 4.28792 19629.2 2.82541e+14 23 4 1 1 
4.57395e+16 -674.098 7.60362e-13 4.97118e+27 0.000546064 4.28733 19628.4 2.82568e+14 24 4 1 1 
4.58808e+16 -674.213 8.72782e-13 4.97118e+27 0.000546004 4.28666 19627.4 2.82598e+14 25 4 1 1 
4.60221e+16 -674.345 1.01246e-12 4.97118e+27 0.000545935 4.28587 19626.3 2.82635e+14 26 4 1 1 
4.61635e+16 -674.5 1.19312e-12 4.97118e+27 0.000545852 4.28494 19625 2.82678e+14 27 4 1 1 
-1.54152e+16 -674.686 1.43121e-12 4.97118e+27 0.000545752 4.28382 19623.5 2.82729e+14 28 4 1 1 
-1.52738e+16 -674.909 1.73399e-12 4.97118e+27 0.00054563 4.28247 19621.7 2.82792e+14 29 4 1 1 
-1.51324e+16 -675.181 2.1035e-12 4.97118e+27 0.000545483 4.28084 19619.5 2.82869e+14 30 4 1 1 
-1.49909e+16 -675.509 2.53938e-12 4.97118e+27 0.000545306 4.27887 19616.9 2.82961e+14 31 4 1 1 
-1.48494e+16 -675.899 3.00943e-12 4.97118e+27 0.000545097 4.27657 19613.8 2.83069e+14 32 4 1 1 
-1.47079e+16 -676.348 3.43112e-12 4.97118e+27 0.000544859 4.27394 19610.3 2.83192e+14 33 4 1 0.999999 
-1.45662e+16 -676.843 3.71107e-12 4.97118e+27 0.000544603 4.27112 19606.6 2.83326e+14 34 4 1 0.999999 
-1.44245e+16 -677.355 3.77255e-12 4.97118e+27 0.000544346 4.26828 19602.8 2.8346e+14 35 4 1 0.999999 
-1.42828e+16 -677.836 3.47907e-12 4.97118e+27 0.00054411 4.26568 19599.4 2.83582e+14 36 4 1 0.999999 
-1.4141e+16 -678.232 2.82991e-12 4.97118e+27 0.000543924 4.26362 19596.6 2.8368e+14 37 4 1 1 
-1.39991e+16 -678.476 9.20485e-13 4.97118e+27 0.000543819 4.26248 19595.1 2.83734e+14 38 4 1 1 
-1.38572e+16 -678.668 2.94214e-12 4.97118e+27 0.000543793 4.26215 19594.6 2.83747e+14 39 5 1 0.999994 
-1.37153e+16 -678.029 -1.68303e-11 4.97118e+27 0.000544464 4.26944 19604.1 2.83398e+14 40 4 1 0.99992 
-1.35738e+16 -673.242 -5.35882e-11 4.97118e+27 0.000547017 4.29747 19640.8 2.82075e+14 41 4 1 0.999743 
-1.34333e+16 -663.797 -8.62204e-11 4.97118e+27 0.000551874 4.351 19710.4 2.79593e+14 42 4 1 0.999552 
-1.32942e+16 -650.806 -1.08948e-10 4.97118e+27 0.000558582 4.42524 19805.9 2.76235e+14 43 4 1 0.999425 
-1.3157e+16 -635.794 -1.21116e-10 4.97118e+27 0.000566453 4.51281 19917.1 2.72397e+14 44 4 1 0.999381 
-1.30218e+16 -620.011 -1.25081e-10 4.97118e+27 0.00057485 4.60676 20034.7 2.68418e+14 45 4 1 0.99941 
-1.28886e+16 -604.515 -1.21616e-10 4.97118e+27 0.000583248 4.70127 20151.2 2.64553e+14 46 4 1 0.999475 
-1.27572e+16 -589.892 -1.14931e-10 4.97118e+27 0.000591302 4.79241 20262.1 2.60949e+14 47 4 1 0.999537 
-1.26276e+16 -576.281 -1.09464e-10 4.97118e+27 0.000598947 4.87935 20366.4 2.57619e+14 48 4 1 0.999566 
-1.24996e+16 -563.201 -1.09402e-10 4.97118e+27 0.000606383 4.96435 20467.1 2.5446e+14 49 4 1 0.999559 
-1.23732e+16 -550.07 -1.13903e-10 4.97118e+27 0.000613918 5.05091 20568.4 2.51336e+14 50 4 1 0.999531 
-1.22483e+16 -536.429 -1.2071e-10 4.97118e+27 0.000621773 5.1416 20673.2 2.48161e+14 51 4 1 0.999494 
-1.2125e+16 -522.186 -1.28279e-10 4.97118e+27 0.000630045 5.23762 20782.8 2.44903e+14 52 4 1 0.999461 
-1.20033e+16 -507.359 -1.34628e-10 4.97118e+27 0.000638721 5.33887 20896.8 2.41576e+14 53 4 1 0.999439 
-1.18834e+16 -492.196 -1.39566e-10 4.97118e+27 0.000647718 5.44445 21014 2.38221e+14 54 4 1 0.999429 
-1.17651e+16 -476.801 -1.43035e-10 4.97118e+27 0.000656942 5.5533 21133.2 2.34876e+14 55 4 1 0.999427 
-1.16485e+16 -461.335 -1.45796e-10 4.97118e+27 0.00066632 5.6646 21253.4 2.3157e+14 56 4 1 0.999432 
-1.15335e+16 -445.894 -1.47699e-10 4.97118e+27 0.000675799 5.77773 21373.8 2.28322e+14 57 4 1 0.999441 
-1.14202e+16 -430.519 -1.49348e-10 4.97118e+27 0.00068534 5.89225 21494 2.25144e+14 58 4 1 0.999453 
-1.13084e+16 -415.291 -1.50385e-10 4.97118e+27 0.000694916 6.00783 21613.6 2.22041e+14 59 4 1 0.999466 
-1.11981e+16 -400.172 -1.51261e-10 4.97118e+27 0.000704502 6.12418 21732.3 2.1902e+14 60 4 1 0.99948 
-1.10893e+16 -385.241 -1.52202e-10 4.97118e+27 0.000714094 6.24122 21850.2 2.16078e+14 61 4 1 0.999494 
-1.0982e+16 -370.464 -1.52654e-10 4.97118e+27 0.000723678 6.35881 21967 2.13216e+14 62 4 1 0.999508 
-1.08761e+16 -355.885 -1.53395e-10 4.97118e+27 0.00073325 6.47686 22082.8 2.10433e+14 63 4 1 0.999523 
-1.07716e+16 -341.475 -1.53669e-10 4.97118e+27 0.000742804 6.5953 22197.4 2.07726e+14 64 4 1 0.999536 
-1.06684e+16 -327.226 -1.5425e-10 4.97118e+27 0.000752336 6.71409 22310.9 2.05095e+14 65 4 1 0.999549 
-1.05665e+16 -313.166 -1.54659e-10 4.97118e+27 0.000761849 6.83325 22423.3 2.02533e+14 66 4 1 0.999562 
-1.04658e+16 -299.281 -1.55017e-10 4.97118e+27 0.00077134 6.95272 22534.6 2.00042e+14 67 4 1 0.999574 
-1.03664e+16 -285.558 -1.55596e-10 4.97118e+27 0.000780811 7.07253 22644.9 1.97615e+14 68 4 1 0.999587 
-1.02682e+16 -272.011 -1.55646e-10 4.97118e+27 0.000790256 7.19258 22754 1.95253e+14 69 4 1 0.999599 
-1.01712e+16 -258.611 -1.55908e-10 4.97118e+27 0.000799668 7.31279 22862 1.92955e+14 70 4 1 0.999609 
-1.00753e+16 -245.395 -1.56549e-10 4.97118e+27 0.00080906 7.43331 22969 1.90715e+14 71 4 1 0.999621 
-9.98045e+15 -232.328 -1.56477e-10 4.97118e+27 0.000818426 7.55406 23075 1.88533e+14 72 4 1 0.999631 
-9.88672e+15 -219.42 -1.56903e-10 4.97118e+27 0.00082776 7.67495 23179.9 1.86407e+14 73 4 1 0.999641 
-9.79404e+15 -206.68 -1.57016e-10 4.97118e+27 0.000837068 7.79604 23283.8 1.84334e+14 74 4 1 0.999652 
-9.70238e+15 -194.066 -1.57088e-10 4.97118e+27 0.000846342 7.91722 23386.6 1.82314e+14 75 4 1 0.999661 
-9.61172e+15 -181.624 -1.5753e-10 4.97118e+27 0.000855589 8.03858 23488.5 1.80344e+14 76 4 1 0.99967 
-9.52203e+15 -169.326 -1.57511e-10 4.97118e+27 0.000864808 8.16011 23589.4 1.78421e+14 77 4 1 0.999679 
-9.43329e+15 -157.167 -1.57669e-10 4.97118e+27 0.000873992 8.28169 23689.3 1.76546e+14 78 4 1 0.999688 
-9.34548e+15 -145.163 -1.57743e-10 4.97118e+27 0.000883145 8.40336 23788.2 1.74717e+14 79 4 1 0.999696 
-9.25857e+15 -133.29 -1.57753e-10 4.97118e+27 0.000892262 8.52506 23886.1 1.72931e+14 80 4 1 0.999705 
-9.17254e+15 -121.559 -1.57772e-10 4.97118e+27 0.000901343 8.64678 23983.1 1.71189e+14 81 4 1 0.999713 
-9.08737e+15 -109.986 -1.57794e-10 4.97118e+27 0.000910388 8.76849 24079 1.69488e+14 82 4 1 0.999721 
-9.00305e+15 -98.5593 -1.57296e-10 4.97118e+27 0.000919386 8.89005 24173.9 1.67829e+14 83 4 1 0.999729 
-8.91954e+15 -87.2734 -1.5752e-10 4.97118e+27 0.000928341 9.01151 24267.8 1.66211e+14 84 4 1 0.999735 
-8.83683e+15 -76.0871 -1.58242e-10 4.97118e+27 0.000937273 9.13315 24361 1.64627e+14 85 4 1 0.999748 
-8.75491e+15 -65.0735 -1.55046e-10 4.97118e+27 0.000946098 9.25381 24452.5 1.63091e+14 86 4 1 0.999768 
-8.67374e+15 -54.5487 -1.48031e-10 4.97118e+27 0.000954666 9.37125 24540.7 1.61627e+14 87 4 1 0.999767 
-8.59328e+15 -44.3183 -1.54378e-10 4.97118e+27 0.000963223 9.48885 24628.3 1.60191e+14 88 4 1 0.999729 
-8.51354e+15 -33.0479 -1.80057e-10 4.97118e+27 0.000972431 9.61638 24722.5 1.58675e+14 89 4 1 0.999753 
-8.4346e+15 -21.1665 -1.63361e-10 4.97118e+27 0.00098163 9.74482 24816.5 1.57187e+14 90 4 1 0.999901 
-8.35635e+15 -13.1422 -7.11232e-11 4.97118e+27 0.000988242 9.83644 24882.7 1.56136e+14 91 4 1 0.999945 
-8.27846e+15 -9.67853 -5.62691e-11 4.97118e+27 0.000992578 9.89496 24924.7 1.55454e+14 92 4 1 0.999781 
-8.2009e+15 -1.17775 -2.19902e-10 4.97118e+27 0.00100033 10.0035 25002.9 1.54248e+14 93 4 1 0.999516 
-8.12421e+15 16.3013 -2.838e-10 4.97118e+27 0.00101302 10.1844 25131.5 1.52317e+14 94 4 1 0.999844 
-8.04857e+15 28.5582 -8.61262e-11 4.97118e+27 0.00102258 10.3197 25226.2 1.50893e+14 95 4 1 1.00001 
-7.97332e+15 29.8232 1.25111e-11 4.97118e+27 0.00102481 10.3498 25247.1 1.50564e+14 96 3 1 1 
-7.89801e+15 28.2976 2.87371e-11 4.97118e+27 0.00102359 10.3321 25234.7 1.50744e+14 97 4 1 0.999997 
-7.82257e+15 26.0434 3.78328e-11 4.97118e+27 0.00102158 10.3037 25214.8 1.5104e+14 98 4 1 0.999989 
-7.74697e+15 23.3455 4.3897e-11 4.97118e+27 0.00101922 10.2703 25191.4 1.5139e+14 99 4 1 0.999985 
-7.67118e+15 20.377 4.73594e-11 4.97118e+27 0.00101667 10.2343 25166.1 1.5177e+14 100 4 1 0.999982 
-7.5952e+15 17.311 4.80468e-11 4.97118e+27 0.00101408 10.1977 25140.3 1.52158e+14 101 4 1 0.999981 
-7.51902e+15 14.3118 4.62379e-11 4.97118e+27 0.00101157 10.1624 25115.4 1.52535e+14 102 4 1 0.999981 
-7.44266e+15 11.5173 4.2431e-11 4.97118e+27 0.00100926 10.1299 25092.4 1.52884e+14 103 4 1 0.999984 
-7.36614e+15 9.0262 3.72905e-11 4.97118e+27 0.00100722 10.1012 25072.1 1.53194e+14 104 4 1 0.999987 
-7.28947e+15 6.89402 3.15029e-11 4.97118e+27 0.00100549 10.0769 25054.8 1.53457e+14 105 4 1 0.999991 
-7.21268e+15 5.13586 2.56666e-11 4.97118e+27 0.00100408 10.057 25040.7 1.53674e+14 106 4 1 0.999994 
-7.1358e+15 3.73508 2.02262e-11 4.97118e+27 0.00100295 10.0413 25029.5 1.53846e+14 107 4 1 0.999996 
-7.05884e+15 2.65389 1.54554e-11 4.97118e+27 0.00100209 10.0292 25020.9 1.53978e+14 108 4 1 0.999998 
-6.98182e+15 1.84363 1.1476e-11 4.97118e+27 0.00100145 10.0202 25014.4 1.54077e+14 109 4 1 0.999999 
-6.90476e+15 1.25293 8.29447e-12 4.97118e+27 0.00100098 10.0137 25009.8 1.54149e+14 110 4 1 0.999999 
-6.82767e+15 0.833401 5.84355e-12 4.97118e+27 0.00100065 10.0091 25006.5 1.542e+14 111 4 1 1 
-6.75056e+15 0.542759 4.01714e-12 4.97118e+27 0.00100042 10.0059 25004.2 1.54235e+14 112 4 1 1 
-6.67344e+15 0.346179 2.69688e-12 4.97118e+27 0.00100027 10.0038 25002.7 1.54258e+14 113 4 1 1 
-6.5963e+15 0.216279 1.76918e-12 4.97118e+27 0.00100017 10.0023 25001.7 1.54274e+14 114 4 1 1 
-6.51916e+15 0.132373 1.13461e-12 4.97118e+27 0.0010001 10.0014 25001 1.54284e+14 115 4 1 1 
-6.44202e+15 0.0793755 7.11581e-13 4.97118e+27 0.00100006 10.0009 25000.6 1.54291e+14 116 4 1 1 
-6.36487e+15 0.0466324 4.36526e-13 4.97118e+27 0.00100004 10.0005 25000.4 1.54294e+14 117 4 1 1 
-6.28772e+15 0.0268414 2.61985e-13 4.97118e+27 0.00100002 10.0003 25000.2 1.54297e+14 118 4 1 1 
-6.21057e+15 0.0151366 1.53843e-13 4.97118e+27 0.00100001 10.0002 25000.1 1.54298e+14 119 4 1 1 
-6.13342e+15 0.00836265 8.83986e-14 4.97118e+27 0.00100001 10.0001 25000.1 1.54299e+14 120 4 1 1 
-6.05627e+15 0.00452612 4.97053e-14 4.97118e+27 0.001 10 25000 1.54299e+14 121 4 1 1 
-5.97912e+15 0.00239964 2.73501e-14 4.97118e+27 0.001 10 25000 1.543e+14 122 4 1 1 
-5.90197e+15 0.00124614 1.47269e-14 4.97118e+27 0.001 10 25000 1.543e+14 123 4 1 1 
-5.82482e+15 0.000633792 7.75986e-15 4.97118e+27 0.001 10 25000 1.543e+14 124 4 1 1 
-5.74767e+15 0.000315672 4.00097e-15 4.97118e+27 0.001 10 25000 1.543e+14 125 4 1 1 
-5.67052e+15 0.000153949 2.01845e-15 4.97118e+27 0.001 10 25000 1.543e+14 126 4 1 1 
-5.59337e+15 7.35036e-05 9.96261e-16 4.97118e+27 0.001 10 25000 1.543e+14 127 4 1 1 
-5.51622e+15 3.43524e-05 4.81045e-16 4.97118e+27 0.001 10 25000 1.543e+14 128 4 1 1 
-5.43907e+15 1.57123e-05 2.27194e-16 4.97118e+27 0.001 10 25000 1.543e+14 129 4 1 1 
-5.36192e+15 7.03177e-06 1.0494e-16 4.97118e+27 0.001 10 25000 1.543e+14 130 4 1 1 
-5.28477e+15 3.07844e-06 4.73948e-17 4.97118e+27 0.001 10 25000 1.543e+14 131 4 1 1 
-5.20762e+15 1.318e-06 2.09262e-17 4.97118e+27 0.001 10 25000 1.543e+14 132 4 1 1 
-5.13047e+15 5.51695e-07 9.02976e-18 4.97118e+27 0.001 10 25000 1.543e+14 133 4 1 1 
-5.05332e+15 2.25705e-07 3.80769e-18 4.97118e+27 0.001 10 25000 1.543e+14 134 4 1 1 
-4.97617e+15 9.02035e-08 1.5675e-18 4.97118e+27 0.001 10 25000 1.543e+14 135 4 1 1 
-4.89902e+15 3.52115e-08 6.30682e-19 4.97118e+27 0.001 10 25000 1.543e+14 136 4 1 1 
-4.82187e+15 1.34028e-08 2.47529e-19 4.97118e+27 0.001 10 25000 1.543e+14 137 4 1 1 
-4.74472e+15 4.98733e-09 9.42945e-20 4.97118e+27 0.001 10 25000 1.543e+14 138 4 1 1 
-4.66757e+15 1.80668e-09 3.56883e-20 4.97118e+27 0.001 10 25000 1.543e+14 139 4 1 1 
-4.59042e+15 6.42364e-10 1.29804e-20 4.97118e+27 0.001 10 25000 1.543e+14 140 4 1 1 
-4.51327e+15 2.10275e-10 4.31391e-21 4.97118e+27 0.001 10 25000 1.543e+14 141 4 1 1 
-4.43612e+15 7.51457e-11 1.73146e-21 4.97118e+27 0.001 10 25000 1.543e+14 142 4 1 1 
-4.35897e+15 1.79836e-11 5.82065e-22 4.97118e+27 0.001 10 25000 1.543e+14 143 4 1 1 
-4.28182e+15 1.18724e-12 8.4731e-23 4.97118e+27 0.001 10 25000 1.543e+14 144 5 1 1 
-4.20467e+15 1.57141e-13 1.84198e-24 4.97118e+27 0.001 10 25000 1.543e+14 145 5 1 1 
-4.12752e+15 1.74587e-14 1.84198e-24 4.97118e+27 0.001 10 25000 1.543e+14 146 5 1 1 
-4.05037e+15 3.44312e-45 3.63266e-55 4.97118e+27 0.001 10 25000 1.543e+14 147 5 1 1 
-3.97322e+15 0 0 4.97118e+27 0.001 10 25000 1.543e+14 148 5 1 1 
-3.89607e+15 0 0 4.97118e+27 0.001 10 25000 1.543e+14 149 5 1 1 
-3.81892e+15 0 0 4.97118e+27 0.001 10 25000 1.543e+14 150 5 1 1 
-3.74177e+15 0 0 4.97118e+27 0.001 10 25000 1.543e+14 151 5 1 1 
-3.66462e+15 0 0 4.97118e+27 0.001 10 25000 1.543e+14 152 5 1 1 
-3.58747e+15 0 0 4.97118e+27 0.001 10 25000 1.543e+14 153 5 1 1 
-3.51032e+15 0 0 4.97118e+27 0.001 10 25000 1.543e+14 154 5 1 1 
-3.43317e+15 0 0 4.97118e+27 0.001 10 25000 1.543e+14 155 5 1 1 
-3.35602e+15 0 0 4.97118e+27 0.001 10 25000 1.543e+14 156 5 1 1 
-3.27887e+15 0 0 4.97118e+27 0.001 10 25000 1.543e+14 157 5 1 1 
-3.20172e+15 0 0 4.97118e+27 0.001 10 25000 1.543e+14 158 5 1 1 
-3.12457e+15 0 0 4.97118e+27 0.001 10 25000 1.543e+14 159 5 1 1 
-3.04742e+15 0 0 4.97118e+27 0.001 10 25000 1.543e+14 160 5 1 1 
-2.97027e+15 0 0 4.97118e+27 0.001 10 25000 1.543e+14 161 5 1 1 
-2.89312e+15 0 0 4.97118e+27 0.001 10 25000 1.543e+14 162 5 1 1 
-2.81597e+15 0 0 4.97118e+27 0.001 10 25000 1.543e+14 163 5 1 1 
-2.73882e+15 0 0 4.97118e+27 0.001 10 25000 1.543e+14 164 5 1 1 
-2.66167e+15 0 0 4.97118e+27 0.001 10 25000 1.543e+14 165 5 1 1 
-2.58452e+15 0 0 4.97118e+27 0.001 10 25000 1.543e+14 166 5 1 1 
-2.50737e+15 0 0 4.97118e+27 0.001 10 25000 1.543e+14 167 5 1 1 
-2.43022e+15 0 0 4.97118e+27 0.001 10 25000 1.543e+14 168 5 1 1 
-2.35307e+15 0 0 4.97118e+27 0.001 10 25000 1.543e+14 169 5 1 1 
-2.27592e+15 0 0 4.97118e+27 0.001 10 25000 1.543e+14 170 5 1 1 
-2.19877e+15 0 0 4.97118e+27 0.001 10 25000 1.543e+14 171 5 1 1 
-2.12162e+15 -7.22858e-44 -3.63266e-55 4.97118e+27 0.001 10 25000 1.543e+14 172 5 1 1 
-2.04447e+15 -1.57091e-13 -1.84198e-24 4.97118e+27 0.001 10 25000 1.543e+14 173 5 1 1 
-1.96732e+15 -4.1837e-13 -3.68395e-24 4.97118e+27 0.001 10 25000 1.543e+14 174 5 1 1 
-1.89017e+15 -9.58315e-13 1.84198e-24 4.97118e+27 0.001 10 25000 1.543e+14 175 5 1 1 
-1.81302e+15 -2.99899e-12 -8.4731e-23 4.97118e+27 0.001 10 25000 1.543e+14 176 3 1 1 
-1.73587e+15 -5.0212e-12 9.94668e-23 4.97118e+27 0.001 10 25000 1.543e+14 177 3 1 1 
-1.65872e+15 8.84914e-13 -2.21037e-23 4.97118e+27 0.001 10 25000 1.543e+14 178 4 1 1 
-1.58157e+15 -5.60138e-13 1.28938e-23 4.97118e+27 0.001 10 25000 1.543e+14 179 5 1 1 
-1.50442e+15 5.87606e-14 3.68395e-24 4.97118e+27 0.001 10 25000 1.543e+14 180 5 1 1 
-1.42727e+15 1.1287e-12 -1.84198e-24 4.97118e+27 0.001 10 25000 1.543e+14 181 5 1 1 
-1.35012e+15 5.82824e-13 -1.84198e-24 4.97118e+27 0.001 10 25000 1.543e+14 182 5 1 1 
-1.27297e+15 -1.06128e-12 -1.10519e-23 4.97118e+27 0.001 10 25000 1.543e+14 183 5 1 1 
-1.19582e+15 -3.14483e-12 -9.20989e-24 4.97118e+27 0.001 10 25000 1.543e+14 184 5 1 1 
-1.11867e+15 -5.67748e-12 -1.10519e-23 4.97118e+27 0.001 10 25000 1.543e+14 185 4 1 1 
-1.04152e+15 9.70873e-13 2.94716e-23 4.97118e+27 0.001 10 25000 1.543e+14 186 3 1 1 
-9.64375e+14 -1.54636e-12 2.02618e-23 4.97118e+27 0.001 10 25000 1.543e+14 187 3 1 1 
-8.87225e+14 -2.24624e-12 -1.84198e-23 4.97118e+27 0.001 10 25000 1.543e+14 188 4 1 1 
-8.10075e+14 -9.12095e-13 -3.68395e-24 4.97118e+27 0.001 10 25000 1.543e+14 189 4 1 1 
-7.32925e+14 -1.97487e-12 -1.28938e-23 4.97118e+27 0.001 10 25000 1.543e+14 190 3 1 1 
-6.55775e+14 -1.13832e-12 2.21037e-23 4.97118e+27 0.001 10 25000 1.543e+14 191 4 1 1 
-5.78625e+14 -1.01122e-12 -1.10519e-23 4.97118e+27 0.001 10 25000 1.543e+14 192 5 1 1 
-5.01475e+14 -2.77778e-12 -4.15392e-39 4.97118e+27 0.001 10 25000 1.543e+14 193 4 1 1 
-4.24325e+14 1.2855e-12 -1.84198e-23 4.97118e+27 0.001 10 25000 1.543e+14 194 3 1 1 
-3.47175e+14 -9.27989e-13 2.21037e-23 4.97118e+27 0.001 10 25000 1.543e+14 195 5 1 1 
-2.70025e+14 2.20837e-13 -2.87579e-39 4.97118e+27 0.001 10 25000 1.543e+14 196 5 1 1 
-1.92875e+14 3.96257e-13 3.68395e-24 4.97118e+27 0.001 10 25000 1.543e+14 197 3 1 1 
-1.15725e+14 -1.54398e-13 1.84198e-24 4.97118e+27 0.001 10 25000 1.543e+14 198 4 1 1 
-3.8575e+13 1.06719e-13 -3.68395e-24 4.97118e+27 0.001 10 25000 1.543e+14 199 3 1 1 
3.8575e+13 -2.65035e-14 -7.9883e-39 4.97118e+27 0.001 10 25000 1.543e+14 200 5 1 1 
1.15725e+14 4.53018e-13 -1.84198e-24 4.97118e+27 0.001 10 25000 1.543e+14 201 3 1 1 
1.92875e+14 3.12816e-13 1.10519e-23 4.97118e+27 0.001 10 25000 1.543e+14 202 4 1 1 
2.70025e+14 7.17455e-13 7.36791e-24 4.97118e+27 0.001 10 25000 1.543e+14 203 4 1 1 
3.47175e+14 3.76583e-13 -7.36791e-24 4.97118e+27 0.001 10 25000 1.543e+14 204 5 1 1 
4.24325e+14 -9.81765e-13 -1.10519e-23 4.97118e+27 0.001 10 25000 1.543e+14 205 4 1 1 
5.01475e+14 7.34839e-13 3.19532e-40 4.97118e+27 0.001 10 25000 1.543e+14 206 4 1 1 
5.78625e+14 1.96459e-12 -3.68395e-24 4.97118e+27 0.001 10 25000 1.543e+14 207 5 1 1 
6.55775e+14 1.4305e-12 -1.78938e-38 4.97118e+27 0.001 10 25000 1.543e+14 208 5 1 1 
7.32925e+14 -4.31787e-13 -7.36791e-24 4.97118e+27 0.001 10 25000 1.543e+14 209 4 1 1 
8.10075e+14 1.87336e-12 -2.55626e-39 4.97118e+27 0.001 10 25000 1.543e+14 210 4 1 1 
8.87225e+14 -2.29172e-12 -7.36791e-24 4.97118e+27 0.001 10 25000 1.543e+14 211 3 1 1 
9.64375e+14 4.43953e-12 9.20989e-24 4.97118e+27 0.001 10 25000 1.543e+14 212 4 1 1 
1.04153e+15 1.36676e-12 9.20989e-24 4.97118e+27 0.001 10 25000 1.543e+14 213 5 1 1 
1.11868e+15 2.02458e-12 -1.27813e-39 4.97118e+27 0.001 10 25000 1.543e+14 214 5 1 1 
1.19583e+15 1.49681e-12 -1.45306e-54 4.97118e+27 0.001 10 25000 1.543e+14 215 5 1 1 
1.27298e+15 1.04639e-12 -1.84198e-24 4.97118e+27 0.001 10 25000 1.543e+14 216 5 1 1 
1.35013e+15 8.86703e-13 1.84198e-24 4.97118e+27 0.001 10 25000 1.543e+14 217 5 1 1 
1.42728e+15 7.0802e-13 1.0898e-54 4.97118e+27 0.001 10 25000 1.543e+14 218 5 1 1 
1.50443e+15 7.11949e-13 3.68395e-24 4.97118e+27 0.001 10 25000 1.543e+14 219 5 1 1 
1.58158e+15 5.82474e-13 3.68395e-24 4.97118e+27 0.001 10 25000 1.543e+14 220 5 1 1 
1.65873e+15 1.33484e-12 9.20989e-24 4.97118e+27 0.001 10 25000 1.543e+14 221 5 1 1 
1.73588e+15 -8.04743e-13 1.10519e-23 4.97118e+27 0.001 10 25000 1.543e+14 222 5 1 1 
1.81303e+15 7.75767e-13 -1.28938e-23 4.97118e+27 0.001 10 25000 1.543e+14 223 5 1 1 
1.89018e+15 -1.67541e-12 -1.47358e-23 4.97118e+27 0.001 10 25000 1.543e+14 224 3 1 1 
1.96733e+15 3.2206e-12 1.28938e-23 4.97118e+27 0.001 10 25000 1.543e+14 225 3 1 1 
2.04448e+15 4.17506e-13 1.47358e-23 4.97118e+27 0.001 10 25000 1.543e+14 226 5 1 1 
2.12163e+15 1.9293e-12 -1.28938e-23 4.97118e+27 0.001 10 25000 1.543e+14 227 5 1 1 
2.19878e+15 -3.88395e-13 -1.47358e-23 4.97118e+27 0.001 10 25000 1.543e+14 228 5 1 1 
2.27593e+15 1.62075e-12 -1.84198e-24 4.97118e+27 0.001 10 25000 1.543e+14 229 5 1 1 
2.35308e+15 1.39496e-12 -1.0898e-54 4.97118e+27 0.001 10 25000 1.543e+14 230 5 1 1 
2.43023e+15 9.41883e-13 0 4.97118e+27 0.001 10 25000 1.543e+14 231 5 1 1 
2.50738e+15 4.88529e-13 7.26532e-55 4.97118e+27 0.001 10 25000 1.543e+14 232 5 1 1 
2.58453e+15 2.61735e-13 1.84198e-24 4.97118e+27 0.001 10 25000 1.543e+14 233 5 1 1 
2.66168e+15 1.39657e-13 3.63266e-55 4.97118e+27 0.001 10 25000 1.543e+14 234 5 1 1 
2.73883e+15 5.85277e-44 3.63266e-55 4.97118e+27 0.001 10 25000 1.543e+14 235 5 1 1 
2.81598e+15 0 0 4.97118e+27 0.001 10 25000 1.543e+14 236 5 1 1 
2.89313e+15 -1.76011e-42 -3.63266e-55 4.97118e+27 0.001 10 25000 1.543e+14 237 5 1 1 
2.97028e+15 -1.69188e-13 0 4.97118e+27 0.001 10 25000 1.543e+14 238 5 1 1 
3.04743e+15 -3.37357e-13 3.63266e-55 4.97118e+27 0.001 10 25000 1.543e+14 239 5 1 1 
3.12458e+15 1.58941e-12 0 4.97118e+27 0.001 10 25000 1.543e+14 240 5 1 1 
3.20173e+15 1.42405e-12 1.45306e-54 4.97118e+27 0.001 10 25000 1.543e+14 241 5 1 1 
3.27888e+15 2.28184e-12 -5.08572e-54 4.97118e+27 0.001 10 25000 1.543e+14 242 5 1 1 
3.35603e+15 6.19701e-13 2.90613e-54 4.97118e+27 0.001 10 25000 1.543e+14 243 5 1 1 
3.43318e+15 4.9426e-13 -1.84198e-24 4.97118e+27 0.001 10 25000 1.543e+14 244 5 1 1 
3.51033e+15 -1.70287e-12 1.0898e-53 4.97118e+27 0.001 10 25000 1.543e+14 245 5 1 1 
3.58748e+15 2.26929e-12 1.84198e-24 4.97118e+27 0.001 10 25000 1.543e+14 246 5 1 1 
3.66463e+15 -5.04152e-13 -1.84198e-24 4.97118e+27 0.001 10 25000 1.543e+14 247 5 1 1 
3.74178e+15 -2.09243e-14 -2.31661e-37 4.97118e+27 0.001 10 25000 1.543e+14 248 5 1 1 
3.81893e+15 -3.1251e-12 -2.32939e-37 4.97118e+27 0.001 10 25000 1.543e+14 249 4 1 1 
3.89608e+15 3.1251e-12 2.32939e-37 4.97118e+27 0.001 10 25000 1.543e+14 250 4 1 1 
3.97323e+15 2.09243e-14 2.31661e-37 4.97118e+27 0.001 10 25000 1.543e+14 251 5 1 1 
4.05038e+15 4.86694e-13 -1.27813e-39 4.97118e+27 0.001 10 25000 1.543e+14 252 5 1 1 
4.12753e+15 -2.2693e-12 1.84198e-24 4.97118e+27 0.001 10 25000 1.543e+14 253 5 1 1 
4.20468e+15 1.5632e-12 -1.47358e-23 4.97118e+27 0.001 10 25000 1.543e+14 254 5 1 1 
4.28183e+15 -1.7862e-12 -9.02569e-23 4.97118e+27 0.001 10 25000 1.543e+14 255 5 1 1 
4.35898e+15 -2.54306e-11 -6.6127e-22 4.97118e+27 0.001 10 25000 1.543e+14 256 4 1 1 
4.43613e+15 -6.20098e-11 -1.51963e-21 4.97118e+27 0.001 10 25000 1.543e+14 257 4 1 1 
4.51328e+15 -2.20552e-10 -4.62889e-21 4.97118e+27 0.001 10 25000 1.543e+14 258 4 1 1 
4.59042e+15 -6.41109e-10 -1.27649e-20 4.97118e+27 0.001 10 25000 1.543e+14 259 4 1 1 
4.66757e+15 -1.8051e-09 -3.54839e-20 4.97118e+27 0.001 10 25000 1.543e+14 260 4 1 1 
4.74472e+15 -4.98971e-09 -9.45266e-20 4.97118e+27 0.001 10 25000 1.543e+14 261 4 1 1 
4.82187e+15 -1.34009e-08 -2.47499e-19 4.97118e+27 0.001 10 25000 1.543e+14 262 4 1 1 
4.89902e+15 -3.52034e-08 -6.30332e-19 4.97118e+27 0.001 10 25000 1.543e+14 263 4 1 1 
4.97617e+15 -9.01955e-08 -1.56829e-18 4.97118e+27 0.001 10 25000 1.543e+14 264 4 1 1 
5.05332e+15 -2.25701e-07 -3.807e-18 4.97118e+27 0.001 10 25000 1.543e+14 265 4 1 1 
5.13047e+15 -5.51698e-07 -9.03022e-18 4.97118e+27 0.001 10 25000 1.543e+14 266 4 1 1 
5.20762e+15 -1.31802e-06 -2.09258e-17 4.97118e+27 0.001 10 25000 1.543e+14 267 4 1 1 
5.28477e+15 -3.07843e-06 -4.73954e-17 4.97118e+27 0.001 10 25000 1.543e+14 268 4 1 1 
5.36192e+15 -7.03176e-06 -1.0494e-16 4.97118e+27 0.001 10 25000 1.543e+14 269 4 1 1 
5.43907e+15 -1.57123e-05 -2.27194e-16 4.97118e+27 0.001 10 25000 1.543e+14 270 4 1 1 
5.51622e+15 -3.43524e-05 -4.81045e-16 4.97118e+27 0.001 10 25000 1.543e+14 271 4 1 1 
5.59337e+15 -7.35036e-05 -9.96261e-16 4.97118e+27 0.001 10 25000 1.543e+14 272 4 1 1 
5.67052e+15 -0.000153949 -2.01845e-15 4.97118e+27 0.001 10 25000 1.543e+14 273 4 1 1 
5.74767e+15 -0.000315672 -4.00097e-15 4.97118e+27 0.001 10 25000 1.543e+14 274 4 1 1 
5.82482e+15 -0.000633792 -7.75986e-15 4.97118e+27 0.001 10 25000 1.543e+14 275 4 1 1 
5.90197e+15 -0.00124614 -1.47269e-14 4.97118e+27 0.001 10 25000 1.543e+14 276 4 1 1 
5.97912e+15 -0.00239964 -2.73501e-14 4.97118e+27 0.001 10 25000 1.543e+14 277 4 1 1 
6.05627e+15 -0.00452612 -4.97053e-14 4.97118e+27 0.001 10 25000 1.54299e+14 278 4 1 1 
6.13342e+15 -0.00836265 -8.83986e-14 4.97118e+27 0.00100001 10.0001 25000.1 1.54299e+14 279 4 1 1 
6.21057e+15 -0.0151366 -1.53843e-13 4.97118e+27 0.00100001 10.0002 25000.1 1.54298e+14 280 4 1 1 
6.28772e+15 -0.0268414 -2.61985e-13 4.97118e+27 0.00100002 10.0003 25000.2 1.54297e+14 281 4 1 1 
6.36487e+15 -0.0466324 -4.36526e-13 4.97118e+27 0.00100004 10.0005 25000.4 1.54294e+14 282 4 1 1 
6.44202e+15 -0.0793755 -7.11581e-13 4.97118e+27 0.00100006 10.0009 25000.6 1.54291e+14 283 4 1 1 
6.51916e+15 -0.132373 -1.13461e-12 4.97118e+27 0.0010001 10.0014 25001 1.54284e+14 284 4 1 1 
6.5963e+15 -0.216279 -1.76918e-12 4.97118e+27 0.00100017 10.0023 25001.7 1.54274e+14 285 4 1 1 
6.67344e+15 -0.346179 -2.69688e-12 4.97118e+27 0.00100027 10.0038 25002.7 1.54258e+14 286 4 1 1 
6.75056e+15 -0.542759 -4.01714e-12 4.97118e+27 0.00100042 10.0059 25004.2 1.54235e+14 287 4 1 1 
6.82767e+15 -0.833401 -5.84355e-12 4.97118e+27 0.00100065 10.0091 25006.5 1.542e+14 288 4 1 1 
6.90476e+15 -1.25293 -8.29447e-12 4.97118e+27 0.00100098 10.0137 25009.8 1.54149e+14 289 4 1 0.999999 
6.98182e+15 -1.84363 -1.1476e-11 4.97118e+27 0.00100145 10.0202 25014.4 1.54077e+14 290 4 1 0.999999 
7.05884e+15 -2.65389 -1.54554e-11 4.97118e+27 0.00100209 10.0292 25020.9 1.53978e+14 291 4 1 0.999998 
7.1358e+15 -3.73508 -2.02262e-11 4.97118e+27 0.00100295 10.0413 25029.5 1.53846e+14 292 4 1 0.999996 
7.21268e+15 -5.13586 -2.56666e-11 4.97118e+27 0.00100408 10.057 25040.7 1.53674e+14 293 4 1 0.999994 
7.28947e+15 -6.89402 -3.15029e-11 4.97118e+27 0.00100549 10.0769 25054.8 1.53457e+14 294 4 1 0.999991 
7.36614e+15 -9.0262 -3.72905e-11 4.97118e+27 0.00100722 10.1012 25072.1 1.53194e+14 295 4 1 0.999987 
7.44266e+15 -11.5173 -4.2431e-11 4.97118e+27 0.00100926 10.1299 25092.4 1.52884e+14 296 4 1 0.999984 
7.51902e+15 -14.3118 -4.62379e-11 4.97118e+27 0.00101157 10.1624 25115.4 1.52535e+14 297 4 1 0.999981 
7.5952e+15 -17.311 -4.80468e-11 4.97118e+27 0.00101408 10.1977 25140.3 1.52158e+14 298 4 1 0.999981 
7.67118e+15 -20.377 -4.73594e-11 4.97118e+27 0.00101667 10.2343 25166.1 1.5177e+14 299 4 1 0.999982 
7.74697e+15 -23.3455 -4.3897e-11 4.97118e+27 0.00101922 10.2703 25191.4 1.5139e+14 300 4 1 0.999985 
7.82257e+15 -26.0434 -3.78328e-11 4.97118e+27 0.00102158 10.3037 25214.8 1.5104e+14 301 4 1 0.999989 
7.89801e+15 -28.2976 -2.87371e-11 4.97118e+27 0.00102359 10.3321 25234.7 1.50744e+14 302 4 1 0.999997 
7.97332e+15 -29.8232 -1.25111e-11 4.97118e+27 0.00102481 10.3498 25247.1 1.50564e+14 303 3 1 1 
8.04857e+15 -28.5582 8.61262e-11 4.97118e+27 0.00102258 10.3197 25226.2 1.50893e+14 304 4 1 1.00001 
8.12421e+15 -16.3013 2.838e-10 4.97118e+27 0.00101302 10.1844 25131.5 1.52317e+14 305 4 1 0.999844 
8.2009e+15 1.17775 2.19902e-10 4.97118e+27 0.00100033 10.0035 25002.9 1.54248e+14 306 4 1 0.999516 
8.27846e+15 9.67853 5.62691e-11 4.97118e+27 0.000992578 9.89496 24924.7 1.55454e+14 307 4 1 0.999781 
8.35635e+15 13.1422 7.11232e-11 4.97118e+27 0.000988242 9.83644 24882.7 1.56136e+14 308 4 1 0.999945 
8.4346e+15 21.1665 1.63361e-10 4.97118e+27 0.00098163 9.74482 24816.5 1.57187e+14 309 4 1 0.999901 
8.51354e+15 33.0479 1.80057e-10 4.97118e+27 0.000972431 9.61638 24722.5 1.58675e+14 310 4 1 0.999753 
8.59328e+15 44.3183 1.54378e-10 4.97118e+27 0.000963223 9.48885 24628.3 1.60191e+14 311 4 1 0.999729 
8.67374e+15 54.5487 1.48031e-10 4.97118e+27 0.000954666 9.37125 24540.7 1.61627e+14 312 4 1 0.999767 
8.75491e+15 65.0735 1.55046e-10 4.97118e+27 0.000946098 9.25381 24452.5 1.63091e+14 313 4 1 0.999768 
8.83683e+15 76.0871 1.58242e-10 4.97118e+27 0.000937273 9.13315 24361 1.64627e+14 314 4 1 0.999748 
8.91954e+15 87.2734 1.5752e-10 4.97118e+27 0.000928341 9.01151 24267.8 1.66211e+14 315 4 1 0.999735 
9.00305e+15 98.5593 1.57296e-10 4.97118e+27 0.000919386 8.89005 24173.9 1.67829e+14 316 4 1 0.999729 
9.08737e+15 109.986 1.57794e-10 4.97118e+27 0.000910388 8.76849 24079 1.69488e+14 317 4 1 0.999721 
9.17254e+15 121.559 1.57772e-10 4.97118e+27 0.000901343 8.64678 23983.1 1.71189e+14 318 4 1 0.999713 
9.25857e+15 133.29 1.57753e-10 4.97118e+27 0.000892262 8.52506 23886.1 1.72931e+14 319 4 1 0.999705 
9.34548e+15 145.163 1.57743e-10 4.97118e+27 0.000883145 8.40336 23788.2 1.74717e+14 320 4 1 0.999696 
9.43329e+15 157.167 1.57669e-10 4.97118e+27 0.000873992 8.28169 23689.3 1.76546e+14 321 4 1 0.999688 
9.52203e+15 169.326 1.57511e-10 4.97118e+27 0.000864808 8.16011 23589.4 1.78421e+14 322 4 1 0.999679 
9.61172e+15 181.624 1.5753e-10 4.97118e+27 0.000855589 8.03858 23488.5 1.80344e+14 323 4 1 0.99967 
9.70238e+15 194.066 1.57088e-10 4.97118e+27 0.000846342 7.91722 23386.6 1.82314e+14 324 4 1 0.999661 
9.79404e+15 206.68 1.57016e-10 4.97118e+27 0.000837068 7.79604 23283.8 1.84334e+14 325 4 1 0.999652 
9.88672e+15 219.42 1.56903e-10 4.97118e+27 0.00082776 7.67495 23179.9 1.86407e+14 326 4 1 0.999641 
9.98045e+15 232.328 1.56477e-10 4.97118e+27 0.000818426 7.55406 23075 1.88533e+14 327 4 1 0.999631 
1.00753e+16 245.395 1.56549e-10 4.97118e+27 0.00080906 7.43331 22969 1.90715e+14 328 4 1 0.999621 
1.01712e+16 258.611 1.55908e-10 4.97118e+27 0.000799668 7.31279 22862 1.92955e+14 329 4 1 0.999609 
1.02682e+16 272.011 1.55646e-10 4.97118e+27 0.000790256 7.19258 22754 1.95253e+14 330 4 1 0.999599 
1.03664e+16 285.558 1.55596e-10 4.97118e+27 0.000780811 7.07253 22644.9 1.97615e+14 331 4 1 0.999587 
1.04658e+16 299.281 1.55017e-10 4.97118e+27 0.00077134 6.95272 22534.6 2.00042e+14 332 4 1 0.999574 
1.05665e+16 313.166 1.54659e-10 4.97118e+27 0.000761849 6.83325 22423.3 2.02533e+14 333 4 1 0.999562 
1.06684e+16 327.226 1.5425e-10 4.97118e+27 0.000752336 6.71409 22310.9 2.05095e+14 334 4 1 0.999549 
1.07716e+16 341.475 1.53669e-10 4.97118e+27 0.000742804 6.5953 22197.4 2.07726e+14 335 4 1 0.999536 
1.08761e+16 355.885 1.53395e-10 4.97118e+27 0.00073325 6.47686 22082.8 2.10433e+14 336 4 1 0.999523 
1.0982e+16 370.464 1.52654e-10 4.97118e+27 0.000723678 6.35881 21967 2.13216e+14 337 4 1 0.999508 
1.10893e+16 385.241 1.52202e-10 4.97118e+27 0.000714094 6.24122 21850.2 2.16078e+14 338 4 1 0.999494 
1.11981e+16 400.172 1.51261e-10 4.97118e+27 0.000704502 6.12418 21732.3 2.1902e+14 339 4 1 0.99948 
1.13084e+16 415.291 1.50385e-10 4.97118e+27 0.000694916 6.00783 21613.6 2.22041e+14 340 4 1 0.999466 
1.14202e+16 430.519 1.49348e-10 4.97118e+27 0.00068534 5.89225 21494 2.25144e+14 341 4 1 0.999453 
1.15335e+16 445.894 1.47699e-10 4.97118e+27 0.000675799 5.77773 21373.8 2.28322e+14 342 4 1 0.999441 
1.16485e+16 461.335 1.45796e-10 4.97118e+27 0.00066632 5.6646 21253.4 2.3157e+14 343 4 1 0.999432 
1.17651e+16 476.801 1.43035e-10 4.97118e+27 0.000656942 5.5533 21133.2 2.34876e+14 344 4 1 0.999427 
1.18834e+16 492.196 1.39566e-10 4.97118e+27 0.000647718 5.44445 21014 2.38221e+14 345 4 1 0.999429 
1.20033e+16 507.359 1.34628e-10 4.97118e+27 0.000638721 5.33887 20896.8 2.41576e+14 346 4 1 0.999439 
1.2125e+16 522.186 1.28279e-10 4.97118e+27 0.000630045 5.23762 20782.8 2.44903e+14 347 4 1 0.999461 
1.22483e+16 536.429 1.2071e-10 4.97118e+27 0.000621773 5.1416 20673.2 2.48161e+14 348 4 1 0.999494 
1.23732e+16 550.07 1.13903e-10 4.97118e+27 0.000613918 5.05091 20568.4 2.51336e+14 349 4 1 0.999531 
1.24996e+16 563.201 1.09402e-10 4.97118e+27 0.000606383 4.96435 20467.1 2.5446e+14 350 4 1 0.999559 
1.26276e+16 576.281 1.09464e-10 4.97118e+27 0.000598947 4.87935 20366.4 2.57619e+14 351 4 1 0.999566 
1.27572e+16 589.892 1.14931e-10 4.97118e+27 0.000591302 4.79241 20262.1 2.60949e+14 352 4 1 0.999537 
1.28886e+16 604.515 1.21616e-10 4.97118e+27 0.000583248 4.70127 20151.2 2.64553e+14 353 4 1 0.999475 
1.30218e+16 620.011 1.25081e-10 4.97118e+27 0.00057485 4.60676 20034.7 2.68418e+14 354 4 1 0.99941 
1.3157e+16 635.794 1.21116e-10 4.97118e+27 0.000566453 4.51281 19917.1 2.72397e+14 355 4 1 0.999381 
1.32942e+16 650.806 1.08948e-10 4.97118e+27 0.000558582 4.42524 19805.9 2.76235e+14 356 4 1 0.999425 
1.34333e+16 663.797 8.62204e-11 4.97118e+27 0.000551874 4.351 19710.4 2.79593e+14 357 4 1 0.999552 
1.35738e+16 673.242 5.35882e-11 4.97118e+27 0.000547017 4.29747 19640.8 2.82075e+14 358 4 1 0.999743 
1.37153e+16 678.029 1.68303e-11 4.97118e+27 0.000544464 4.26944 19604.1 2.83398e+14 359 4 1 0.99992 
1.38572e+16 678.668 -2.94214e-12 4.97118e+27 0.000543793 4.26215 19594.6 2.83747e+14 360 5 1 0.999994 
1.39991e+16 678.476 -9.20485e-13 4.97118e+27 0.000543819 4.26248 19595.1 2.83734e+14 361 4 1 1 
1.4141e+16 678.232 -2.82991e-12 4.97118e+27 0.000543924 4.26362 19596.6 2.8368e+14 362 4 1 1 
1.42828e+16 677.836 -3.47907e-12 4.97118e+27 0.00054411 4.26568 19599.4 2.83582e+14 363 4 1 0.999999 
1.44245e+16 677.355 -3.77255e-12 4.97118e+27 0.000544346 4.26828 19602.8 2.8346e+14 364 4 1 0.999999 
1.45662e+16 676.843 -3.71107e-12 4.97118e+27 0.000544603 4.27112 19606.6 2.83326e+14 365 4 1 0.999999 
1.47079e+16 676.348 -3.43112e-12 4.97118e+27 0.000544859 4.27394 19610.3 2.83192e+14 366 4 1 0.999999 
1.48494e+16 675.899 -3.00943e-12 4.97118e+27 0.000545097 4.27657 19613.8 2.83069e+14 367 4 1 1 
1.49909e+16 675.509 -2.53938e-12 4.97118e+27 0.000545306 4.27887 19616.9 2.82961e+14 368 4 1 1 
1.51324e+16 675.181 -2.1035e-12 4.97118e+27 0.000545483 4.28084 19619.5 2.82869e+14 369 4 1 1 
1.52738e+16 674.909 -1.73399e-12 4.97118e+27 0.00054563 4.28247 19621.7 2.82792e+14 370 4 1 1 
1.54152e+16 674.686 -1.43121e-12 4.97118e+27 0.000545752 4.28382 19623.5 2.82729e+14 371 4 1 1 
1.55565e+16 674.5 -1.19312e-12 4.97118e+27 0.000545852 4.28494 19625 2.82678e+14 372 4 1 1 
1.56979e+16 674.345 -1.01246e-12 4.97118e+27 0.000545935 4.28587 19626.3 2.82635e+14 373 4 1 1 
1.58392e+16 674.213 -8.72782e-13 4.97118e+27 0.000546004 4.28666 19627.4 2.82598e+14 374 4 1 1 
1.59805e+16 674.098 -7.60362e-13 4.97118e+27 0.000546064 4.28733 19628.4 2.82568e+14 375 4 1 1 
1.61217e+16 673.998 -6.69116e-13 4.97118e+27 0.000546116 4.28792 19629.2 2.82541e+14 376 4 1 1 
1.6263e+16 673.909 -5.94164e-13 4.97118e+27 0.00054616 4.28844 19630 2.82518e+14 377 4 1 1 
1.64042e+16 673.83 -5.29592e-13 4.97118e+27 0.0005462 4.2889 19630.7 2.82498e+14 378 4 1 1 
1.65455e+16 673.76 -4.71804e-13 4.97118e+27 0.000546234 4.28931 19631.3 2.8248e+14 379 4 1 1 
1.66867e+16 673.697 -4.20134e-13 4.97118e+27 0.000546264 4.28968 19631.9 2.82464e+14 380 4 1 1 
1.6828e+16 673.641 -3.74543e-13 4.97118e+27 0.000546289 4.29 19632.5 2.82451e+14 381 4 1 1 
1.69692e+16 673.591 -3.34522e-13 4.97118e+27 0.000546312 4.29029 19633 2.82439e+14 382 4 1 1 
1.71104e+16 673.546 -2.99336e-13 4.97118e+27 0.000546331 4.29055 19633.5 2.8243e+14 383 4 1 1 
1.72516e+16 673.506 -2.68236e-13 4.97118e+27 0.000546347 4.29078 19634 2.82421e+14 384 4 1 1 
1.73928e+16 673.469 -2.40663e-13 4.97118e+27 0.00054636 4.29099 19634.4 2.82415e+14 385 4 1 1 
1.7534e+16 673.436 -2.16398e-13 4.97118e+27 0.00054637 4.29118 19634.9 2.82409e+14 386 4 1 1 
1.76752e+16 673.407 -1.953e-13 4.97118e+27 0.000546378 4.29134 19635.4 2.82405e+14 387 4 1 1 
1.78164e+16 673.38 -1.76949e-13 4.97118e+27 0.000546383 4.29149 19635.9 2.82403e+14 388 4 1 1 
1.79576e+16 673.355 -1.607e-13 4.97118e+27 0.000546385 4.29163 19636.4 2.82401e+14 389 3 1 1 
1.80988e+16 673.333 -1.45996e-13 4.97118e+27 0.000546384 4.29175 19637.1 2.82402e+14 390 4 1 1 
1.824e+16 673.312 -1.32527e-13 4.97118e+27 0.00054638 4.29186 19637.7 2.82404e+14 391 4 1 1 
1.83812e+16 673.294 -1.20193e-13 4.97118e+27 0.000546373 4.29196 19638.4 2.82408e+14 392 4 1 1 
1.85224e+16 673.276 -1.08997e-13 4.97118e+27 0.00054636 4.29203 19639.2 2.82415e+14 393 4 1 1 
1.86636e+16 673.26 -9.89437e-14 4.97118e+27 0.00054633 4.29199 19640.1 2.8243e+14 394 4 1 1 
1.88049e+16 673.245 -8.9956e-14 4.97118e+27 0.000546229 4.29143 19641.2 2.82482e+14 395 4 1 1 
1.89461e+16 673.231 -8.1875e-14 4.97118e+27 0.000545808 4.28887 19644.6 2.827e+14 396 4 1 0.999999 
1.90876e+16 673.218 -7.45382e-14 4.97118e+27 0.00054418 4.27134 19622.9 2.83546e+14 397 4 1 0.999987 
1.92297e+16 673.206 -6.77919e-14 4.97118e+27 0.000531047 4.11656 19379.4 2.90558e+14 398 4 1 0.999667 
1.93783e+16 673.194 -6.13095e-14 4.97118e+27 0.000506952 4.40346 21715.3 3.04368e+14 399 4 1 0.994706 
1.95343e+16 673.183 -5.50618e-14 4.97118e+27 0.000481404 4.15699 21587.8 3.20521e+14 400 4 1 0.993698 
1.96991e+16 673.171 -4.89998e-14 4.97118e+27 0.000458907 4.5016 24523.5 3.36234e+14 401 4 1 0.993693 
1.98707e+16 673.16 -4.3123e-14 4.97118e+27 0.000450286 4.30684 23911.7 3.42671e+14 402 5 1 0.998658 
2.00418e+16 673.149 -3.7569e-14 4.97118e+27 0.000451879 4.29005 23734.6 3.41463e+14 403 4 1 0.999967 
2.02121e+16 673.139 -3.22279e-14 4.97118e+27 0.000453498 4.28958 23647.2 3.40244e+14 404 4 1 0.999986 
2.0382e+16 673.129 -2.70481e-14 4.97118e+27 0.000454583 4.2909 23598 3.39432e+14 405 4 1 0.999994 
2.05516e+16 673.12 -2.20164e-14 4.97118e+27 0.00045528 4.2917 23566.3 3.38913e+14 406 4 1 0.999997 
2.07209e+16 673.111 -1.71102e-14 4.97118e+27 0.00045575 4.2921 23544.2 3.38563e+14 407 4 1 0.999999 
2.08901e+16 673.102 -1.22989e-14 4.97118e+27 0.000456083 4.29233 23528.2 3.38315e+14 408 4 1 0.999999 
2.10592e+16 673.093 -7.56807e-15 4.97118e+27 0.000456329 4.29246 23516.3 3.38133e+14 409 4 1 1 
2.12283e+16 673.085 -2.92687e-15 4.97118e+27 0.000456516 4.29254 23507.1 3.37995e+14 410 4 1 1 
2.13972e+16 673.076 1.61517e-15 4.97118e+27 0.00045666 4.29259 23500 3.37888e+14 411 4 1 1 
2.15661e+16 673.067 6.09956e-15 4.97118e+27 0.000456773 4.29263 23494.3 3.37805e+14 412 4 1 1 
2.1735e+16 673.059 1.06631e-14 4.97118e+27 0.000456862 4.29264 23489.8 3.37739e+14 413 4 1 1 
2.19039e+16 673.05 1.56466e-14 4.97118e+27 0.000456934 4.29265 23486.2 3.37686e+14 414 4 1 1 
2.20727e+16 673.04 2.18521e-14 4.97118e+27 0.000456991 4.29265 23483.2 3.37643e+14 415 4 1 1 
2.22415e+16 673.03 3.12548e-14 4.97118e+27 0.000457037 4.29263 23480.8 3.37609e+14 416 4 1 1 
2.24103e+16 673.018 5.03104e-14 4.97118e+27 0.000457073 4.2926 23478.7 3.37583e+14 417 4 1 1 
2.25791e+16 673 9.73429e-14 4.97118e+27 0.000457098 4.2925 23476.9 3.37565e+14 418 4 1 1 
2.27479e+16 672.966 2.32639e-13 4.97118e+27 0.000457105 4.29226 23475.2 3.37559e+14 419 3 1 1 
2.29167e+16 672.88 6.45019e-13 4.97118e+27 0.000457073 4.29155 23473 3.37583e+14 420 4 1 1 
2.30855e+16 672.638 1.87546e-12 4.97118e+27 0.00045693 4.28943 23468.7 3.37689e+14 421 4 1 1 
2.32544e+16 671.924 5.58617e-12 4.97118e+27 0.000456467 4.28316 23458.2 3.38031e+14 422 4 1 0.999998 
2.34235e+16 669.869 1.58196e-11 4.97118e+27 0.000455126 4.26542 23429.7 3.39027e+14 423 4 1 0.999985 
2.35934e+16 664.25 4.12953e-11 4.97118e+27 0.000451627 4.21943 23356.4 3.41654e+14 424 4 1 0.999889 
2.37652e+16 650.451 9.98493e-11 4.97118e+27 0.000443358 4.11128 23181.9 3.48026e+14 425 4 1 0.999358 
2.39415e+16 618.894 2.09652e-10 4.97118e+27 0.000426599 3.89374 22817.1 3.61698e+14 426 4 1 0.997183 
2.41271e+16 557.32 4.15487e-10 4.97118e+27 0.00039651 3.50827 22117.4 3.89145e+14 427 4 1 0.991033 
2.43317e+16 429.104 8.32987e-10 4.97118e+27 0.000350282 2.93159 20922.1 4.40503e+14 428 4 1 0.977988 
2.45712e+16 231.562 9.6186e-10 4.97118e+27 0.000300414 2.34169 19489.1 5.13625e+14 429 4 1 0.961334 
2.48499e+16 71.8113 5.23e-10 4.97118e+27 0.000266692 1.96834 18454.2 5.78571e+14 430 4 1 0.969167 
2.51515e+16 10.1091 1.21954e-10 4.97118e+27 0.000253214 1.82745 18043.7 6.09366e+14 431 4 1 0.991983 
2.54595e+16 0.0680824 8.63363e-12 4.97118e+27 0.00025025 1.79749 17957.1 6.16582e+14 432 4 1 0.999489 
2.57681e+16 -0.139313 -1.5054e-12 4.97118e+27 0.00024998 1.7948 17949.4 6.17249e+14 433 5 1 0.999995 
2.60767e+16 0.00250296 -9.06877e-14 4.97118e+27 0.000249997 1.79497 17949.9 6.17208e+14 434 4 1 1 
2.63853e+16 0.00286483 1.39576e-14 4.97118e+27 0.00025 1.795 17950 6.17199e+14 435 3 1 1 
2.66939e+16 0.000749314 5.15106e-15 4.97118e+27 0.00025 1.795 17950 6.172e+14 436 4 1 1 
2.70025e+16 0.000170611 1.22353e-15 4.97118e+27 0.00025 1.795 17950 6.172e+14 437 4 1 1 
2.73111e+16 3.77026e-05 2.7385e-16 4.97118e+27 0.00025 1.795 17950 6.172e+14 438 4 1 1 
2.76197e+16 8.18934e-06 6.0341e-17 4.97118e+27 0.00025 1.795 17950 6.172e+14 439 4 1 1 
2.79283e+16 1.74474e-06 1.30952e-17 4.97118e+27 0.00025 1.795 17950 6.172e+14 440 4 1 1 
2.82369e+16 3.63008e-07 2.78705e-18 4.97118e+27 0.00025 1.795 17950 6.172e+14 441 4 1 1 
2.85455e+16 7.34212e-08 5.78782e-19 4.97118e+27 0.00025 1.795 17950 6.172e+14 442 4 1 1 
2.88541e+16 1.43742e-08 1.16699e-19 4.97118e+27 0.00025 1.795 17950 6.172e+14 443 4 1 1 
2.91627e+16 2.7396e-09 2.27871e-20 4.97118e+27 0.00025 1.795 17950 6.172e+14 444 4 1 1 
2.94713e+16 4.90883e-10 4.27155e-21 4.97118e+27 0.00025 1.795 17950 6.172e+14 445 4 1 1 
2.97799e+16 8.84687e-11 8.87833e-22 4.97118e+27 0.00025 1.795 17950 6.172e+14 446 4 1 1 
3.00885e+16 5.31755e-12 6.90741e-23 4.97118e+27 0.00025 1.795 17950 6.172e+14 447 5 1 1 
3.03971e+16 6.73465e-12 1.15124e-23 4.97118e+27 0.00025 1.795 17950 6.172e+14 448 5 1 1 
3.07057e+16 -2.09976e-13 7.36791e-24 4.97118e+27 0.00025 1.795 17950 6.172e+14 449 3 1 1 
3.10143e+16 2.18704e-13 -7.36791e-24 4.97118e+27 0.00025 1.795 17950 6.172e+14 450 3 1 1 
3.13229e+16 -6.66481e-12 -1.05914e-23 4.97118e+27 0.00025 1.795 17950 6.172e+14 451 5 1 1 
3.16315e+16 -4.99432e-12 -5.71013e-23 4.97118e+27 0.00025 1.795 17950 6.172e+14 452 5 1 1 
3.19401e+16 -7.30035e-11 -8.56519e-22 4.97118e+27 0.00025 1.795 17950 6.172e+14 453 4 1 1 
3.22487e+16 -5.011e-10 -4.3199e-21 4.97118e+27 0.00025 1.795 17950 6.172e+14 454 4 1 1 
3.25573e+16 -2.71319e-09 -2.27959e-20 4.97118e+27 0.00025 1.795 17950 6.172e+14 455 4 1 1 
3.28659e+16 -1.44255e-08 -1.16748e-19 4.97118e+27 0.00025 1.795 17950 6.172e+14 456 4 1 1 
3.31745e+16 -7.3387e-08 -5.78791e-19 4.97118e+27 0.00025 1.795 17950 6.172e+14 457 4 1 1 
3.34831e+16 -3.63015e-07 -2.78676e-18 4.97118e+27 0.00025 1.795 17950 6.172e+14 458 4 1 1 
3.37917e+16 -1.74474e-06 -1.30955e-17 4.97118e+27 0.00025 1.795 17950 6.172e+14 459 4 1 1 
3.41003e+16 -8.18933e-06 -6.03407e-17 4.97118e+27 0.00025 1.795 17950 6.172e+14 460 4 1 1 
3.44089e+16 -3.77025e-05 -2.7385e-16 4.97118e+27 0.00025 1.795 17950 6.172e+14 461 4 1 1 
3.47175e+16 -0.000170611 -1.22353e-15 4.97118e+27 0.00025 1.795 17950 6.172e+14 462 4 1 1 
3.50261e+16 -0.000749314 -5.15106e-15 4.97118e+27 0.00025 1.795 17950 6.172e+14 463 4 1 1 
3.53347e+16 -0.00286483 -1.39576e-14 4.97118e+27 0.00025 1.795 17950 6.17199e+14 464 3 1 1 
3.56433e+16 -0.00250296 9.06877e-14 4.97118e+27 0.000249997 1.79497 17949.9 6.17208e+14 465 4 1 1 
3.59519e+16 0.139313 1.5054e-12 4.97118e+27 0.00024998 1.7948 17949.4 6.17249e+14 466 5 1 0.999995 
3.62605e+16 -0.0680824 -8.63363e-12 4.97118e+27 0.00025025 1.79749 17957.1 6.16582e+14 467 4 1 0.999489 
3.65685e+16 -10.1091 -1.21954e-10 4.97118e+27 0.000253214 1.82745 18043.7 6.09366e+14 468 4 1 0.991983 
3.68701e+16 -71.8113 -5.23e-10 4.97118e+27 0.000266692 1.96834 18454.2 5.78571e+14 469 4 1 0.969167 
3.71488e+16 -231.562 -9.6186e-10 4.97118e+27 0.000300414 2.34169 19489.1 5.13625e+14 470 4 1 0.961334 
3.73883e+16 -429.104 -8.32987e-10 4.97118e+27 0.000350282 2.93159 20922.1 4.40503e+14 471 4 1 0.977988 
3.75929e+16 -557.32 -4.15487e-10 4.97118e+27 0.00039651 3.50827 22117.4 3.89145e+14 472 4 1 0.991033 
3.77785e+16 -618.894 -2.09652e-10 4.97118e+27 0.000426599 3.89374 22817.1 3.61698e+14 473 4 1 0.997183 
3.79548e+16 -650.451 -9.98493e-11 4.97118e+27 0.000443358 4.11128 23181.9 3.48026e+14 474 4 1 0.999358 
3.81266e+16 -664.25 -4.12953e-11 4.97118e+27 0.000451627 4.21943 23356.4 3.41654e+14 475 4 1 0.999889 
3.82965e+16 -669.869 -1.58196e-11 4.97118e+27 0.000455126 4.26542 23429.7 3.39027e+14 476 4 1 0.999985 
3.84656e+16 -671.924 -5.58617e-12 4.97118e+27 0.000456467 4.28316 23458.2 3.38031e+14 477 4 1 0.999998 
3.86345e+16 -672.638 -1.87546e-12 4.97118e+27 0.00045693 4.28943 23468.7 3.37689e+14 478 4 1 1 
3.88033e+16 -672.88 -6.45019e-13 4.97118e+27 0.000457073 4.29155 23473 3.37583e+14 479 4 1 1 
3.89721e+16 -672.966 -2.32639e-13 4.97118e+27 0.000457105 4.29226 23475.2 3.37559e+14 480 3 1 1 
3.91409e+16 -673 -9.73429e-14 4.97118e+27 0.000457098 4.2925 23476.9 3.37565e+14 481 4 1 1 
3.93097e+16 -673.018 -5.03104e-14 4.97118e+27 0.000457073 4.2926 23478.7 3.37583e+14 482 4 1 1 
3.94785e+16 -673.03 -3.12548e-14 4.97118e+27 0.000457037 4.29263 23480.8 3.37609e+14 483 4 1 1 
3.96473e+16 -673.04 -2.18521e-14 4.97118e+27 0.000456991 4.29265 23483.2 3.37643e+14 484 4 1 1 
3.98161e+16 -673.05 -1.56466e-14 4.97118e+27 0.000456934 4.29265 23486.2 3.37686e+14 485 4 1 1 
3.9985e+16 -673.059 -1.06631e-14 4.97118e+27 0.000456862 4.29264 23489.8 3.37739e+14 486 4 1 1 
4.01539e+16 -673.067 -6.09956e-15 4.97118e+27 0.000456773 4.29263 23494.3 3.37805e+14 487 4 1 1 
4.03228e+16 -673.076 -1.61517e-15 4.97118e+27 0.00045666 4.29259 23500 3.37888e+14 488 4 1 1 
4.04917e+16 -673.085 2.92687e-15 4.97118e+27 0.000456516 4.29254 23507.1 3.37995e+14 489 4 1 1 
4.06608e+16 -673.093 7.56807e-15 4.97118e+27 0.000456329 4.29246 23516.3 3.38133e+14 490 4 1 1 
4.08299e+16 -673.102 1.22989e-14 4.97118e+27 0.000456083 4.29233 23528.2 3.38315e+14 491 4 1 0.999999 
4.09991e+16 -673.111 1.71102e-14 4.97118e+27 0.00045575 4.2921 23544.2 3.38563e+14 492 4 1 0.999999 
4.11684e+16 -673.12 2.20164e-14 4.97118e+27 0.00045528 4.2917 23566.3 3.38913e+14 493 4 1 0.999997 
4.1338e+16 -673.129 2.70481e-14 4.97118e+27 0.000454583 4.2909 23598 3.39432e+14 494 4 1 0.999994 
4.15079e+16 -673.139 3.22279e-14 4.97118e+27 0.000453498 4.28958 23647.2 3.40244e+14 495 4 1 0.999986 
4.16782e+16 -673.149 3.7569e-14 4.97118e+27 0.000451879 4.29005 23734.6 3.41463e+14 496 4 1 0.999967 
4.18493e+16 -673.16 4.3123e-14 4.97118e+27 0.000450286 4.30684 23911.7 3.42671e+14 497 5 1 0.998658 
4.20209e+16 -673.171 4.89998e-14 4.97118e+27 0.000458907 4.5016 24523.5 3.36234e+14 498 4 1 0.993693 
4.21857e+16 -673.183 5.50618e-14 4.97118e+27 0.000481404 4.15699 21587.8 3.20521e+14 499 4 1 0.993698 
