# Time [s]: 0.199432
# Columns: pos [m], vel [m/s], acc [m/s^2], mass [kg], dens [kg/m^3], pres [Pa], ene [J/kg], sml [m], id, neighbor, alpha, gradh, ...additional?
1.36792 -0.673183 0.00168649 0.0025 0.506959 0.440354 2.17155 0.00986272 0 4 1 0.994706 
1.37274 -0.673194 0.00186359 0.0025 0.531055 0.411664 1.93795 0.00941522 1 4 1 0.999667 
1.37734 -0.673205 0.00204769 0.0025 0.544188 0.427144 1.9623 0.009188 2 4 1 0.999987 
1.38193 -0.673217 0.00224982 0.0025 0.545817 0.428898 1.96448 0.00916058 3 4 1 0.999999 
1.3865 -0.673229 0.00247486 0.0025 0.546239 0.429154 1.96413 0.00915351 4 4 1 1 
1.39108 -0.673242 0.00272482 0.0025 0.546341 0.429211 1.96403 0.00915179 5 4 1 1 
1.39565 -0.673257 0.00299962 0.0025 0.546371 0.429216 1.96394 0.00915129 6 4 1 1 
1.40023 -0.673272 0.00329777 0.0025 0.546385 0.429209 1.96386 0.00915105 7 4 1 1 
1.40481 -0.673289 0.00361881 0.0025 0.546394 0.429201 1.96379 0.00915091 8 4 1 1 
1.40938 -0.673307 0.00396611 0.0025 0.546399 0.429192 1.96373 0.00915082 9 4 1 1 
1.41396 -0.673327 0.00434857 0.0025 0.546401 0.42918 1.96367 0.00915078 10 3 1 1 
1.41853 -0.673348 0.00477923 0.0025 0.546401 0.429169 1.96362 0.00915079 11 4 1 1 
1.42311 -0.673372 0.00526998 0.0025 0.546398 0.429156 1.96357 0.00915085 12 4 1 1 
1.42768 -0.673398 0.00582711 0.0025 0.546392 0.429141 1.96352 0.00915094 13 4 1 1 
1.43226 -0.673427 0.0064541 0.0025 0.546384 0.429125 1.96348 0.00915108 14 4 1 1 
1.43683 -0.673458 0.00715957 0.0025 0.546373 0.429107 1.96343 0.00915126 15 4 1 1 
1.44141 -0.673493 0.00796044 0.0025 0.54636 0.429087 1.96339 0.00915148 16 4 1 1 
1.44598 -0.673532 0.00887715 0.0025 0.546344 0.429065 1.96335 0.00915174 17 4 1 1 
1.45056 -0.673575 0.00992643 0.0025 0.546326 0.42904 1.9633 0.00915205 18 4 1 1 
1.45514 -0.673623 0.0111146 0.0025 0.546304 0.429012 1.96325 0.00915241 19 4 1 1 
1.45971 -0.673677 0.0124424 0.0025 0.546279 0.428981 1.9632 0.00915283 20 4 1 1 
1.46429 -0.673737 0.0139311 0.0025 0.54625 0.428946 1.96314 0.00915332 21 4 1 1 
1.46887 -0.673805 0.0156362 0.0025 0.546217 0.428907 1.96308 0.00915387 22 4 1 1 
1.47344 -0.673881 0.0176082 0.0025 0.54618 0.428863 1.96301 0.0091545 23 4 1 1 
1.47802 -0.673966 0.0198699 0.0025 0.546136 0.428813 1.96294 0.00915522 24 4 1 1 
1.4826 -0.674062 0.0225044 0.0025 0.546087 0.428756 1.96286 0.00915605 25 4 1 1 
1.48718 -0.674171 0.0257254 0.0025 0.54603 0.428691 1.96277 0.00915701 26 4 1 1 
1.49176 -0.674297 0.0297877 0.0025 0.545963 0.428616 1.96266 0.00915812 27 4 1 1 
1.49634 -0.674444 0.0349457 0.0025 0.545885 0.428528 1.96254 0.00915944 28 4 1 1 
-0.499085 -0.674619 0.041602 0.0025 0.54579 0.428423 1.9624 0.00916103 29 4 1 1 
-0.494504 -0.674829 0.0502115 0.0025 0.545677 0.428296 1.96223 0.00916294 30 4 1 1 
-0.489922 -0.675083 0.0608405 0.0025 0.545539 0.428143 1.96202 0.00916525 31 4 1 1 
-0.485338 -0.67539 0.0731425 0.0025 0.545373 0.42796 1.96178 0.00916804 32 4 1 1 
-0.480754 -0.675756 0.0866554 0.0025 0.545177 0.427743 1.96149 0.00917134 33 4 1 1 
-0.476167 -0.67618 0.100104 0.0025 0.544953 0.427496 1.96116 0.00917511 34 4 1 1 
-0.471579 -0.676651 0.110293 0.0025 0.544706 0.427224 1.9608 0.00917926 35 4 1 0.999999 
-0.466988 -0.677146 0.11343 0.0025 0.544453 0.426945 1.96043 0.00918352 36 4 1 0.999999 
-0.462395 -0.67763 0.107927 0.0025 0.544215 0.426683 1.96008 0.00918754 37 4 1 0.999999 
-0.4578 -0.678048 0.0913908 0.0025 0.544015 0.426462 1.95979 0.00919092 38 4 1 1 
-0.453204 -0.678356 0.0574207 0.0025 0.543887 0.42632 1.9596 0.00919309 39 4 1 1 
-0.448607 -0.678466 0.0583632 0.0025 0.543813 0.426237 1.95949 0.00919434 40 5 1 0.999999 
-0.44401 -0.678563 -0.161975 0.0025 0.544078 0.426521 1.95986 0.00918987 41 4 1 0.999965 
-0.439417 -0.675695 -1.16444 0.0025 0.545727 0.428329 1.96222 0.00916208 42 4 1 0.999832 
-0.434848 -0.66824 -2.2178 0.0025 0.549573 0.43256 1.96774 0.00909798 43 4 1 0.999646 
-0.430319 -0.656847 -3.02803 0.0025 0.555435 0.439036 1.97611 0.00900195 44 4 1 0.999496 
-0.425845 -0.642923 -3.50843 0.0025 0.562698 0.447097 1.98641 0.00888575 45 4 1 0.99942 
-0.421433 -0.627736 -3.73723 0.0025 0.570723 0.456051 1.9977 0.00876081 46 4 1 0.999416 
-0.417084 -0.612372 -3.73238 0.0025 0.578974 0.46531 2.0092 0.00863596 47 4 1 0.999463 
-0.412796 -0.597587 -3.58554 0.0025 0.587048 0.47442 2.02036 0.0085172 48 4 1 0.999527 
-0.408566 -0.583774 -3.38063 0.0025 0.594735 0.483138 2.0309 0.00840711 49 4 1 0.999573 
-0.404389 -0.570752 -3.28264 0.0025 0.602083 0.491514 2.04089 0.0083045 50 4 1 0.999587 
-0.400262 -0.558026 -3.33296 0.0025 0.609347 0.499834 2.0507 0.00820551 51 4 1 0.999572 
-0.396183 -0.545043 -3.50065 0.0025 0.616795 0.508406 2.06069 0.00810642 52 4 1 0.999542 
-0.392155 -0.53157 -3.70627 0.0025 0.624591 0.517424 2.07106 0.00800524 53 4 1 0.999508 
-0.388178 -0.517483 -3.91788 0.0025 0.63278 0.526946 2.08188 0.00790164 54 4 1 0.999482 
-0.384253 -0.502957 -4.08551 0.0025 0.641324 0.536934 2.09308 0.00779638 55 4 1 0.999466 
-0.380381 -0.48813 -4.21343 0.0025 0.650136 0.547291 2.10453 0.0076907 56 4 1 0.999459 
-0.376562 -0.473161 -4.31319 0.0025 0.659142 0.557935 2.11615 0.00758562 57 4 1 0.99946 
-0.372795 -0.458146 -4.37302 0.0025 0.668272 0.568784 2.12782 0.00748199 58 4 1 0.999465 
-0.369079 -0.44316 -4.43785 0.0025 0.677484 0.57979 2.1395 0.00738025 59 4 1 0.999475 
-0.365414 -0.428277 -4.46983 0.0025 0.686748 0.59092 2.15116 0.00728069 60 4 1 0.999486 
-0.361798 -0.413503 -4.50974 0.0025 0.696038 0.602141 2.16275 0.00718351 61 4 1 0.999498 
-0.35823 -0.398885 -4.52851 0.0025 0.70534 0.613436 2.17426 0.00708878 62 4 1 0.999511 
-0.354709 -0.384393 -4.552 0.0025 0.714638 0.624786 2.18568 0.00699655 63 4 1 0.999524 
-0.351234 -0.370084 -4.57238 0.0025 0.723931 0.636191 2.19701 0.00690673 64 4 1 0.999537 
-0.347802 -0.355942 -4.5848 0.0025 0.733211 0.647637 2.20823 0.00681932 65 4 1 0.99955 
-0.344414 -0.341968 -4.60309 0.0025 0.742475 0.659122 2.21934 0.00673423 66 4 1 0.999563 
-0.341068 -0.328157 -4.61381 0.0025 0.751722 0.670642 2.23036 0.00665139 67 4 1 0.999575 
-0.337762 -0.314495 -4.6215 0.0025 0.760944 0.682188 2.24126 0.00657079 68 4 1 0.999586 
-0.334497 -0.301021 -4.64291 0.0025 0.770149 0.693768 2.25206 0.00649225 69 4 1 0.999598 
-0.33127 -0.287695 -4.64597 0.0025 0.779333 0.705379 2.26277 0.00641574 70 4 1 0.999609 
-0.328081 -0.274521 -4.66212 0.0025 0.788494 0.717014 2.27337 0.0063412 71 4 1 0.99962 
-0.324928 -0.26152 -4.6637 0.0025 0.79763 0.728671 2.28387 0.00626857 72 4 1 0.99963 
-0.321812 -0.248648 -4.67371 0.0025 0.806737 0.740345 2.29426 0.00619781 73 4 1 0.99964 
-0.31873 -0.235946 -4.68991 0.0025 0.815826 0.752048 2.30456 0.00612876 74 4 1 0.99965 
-0.315683 -0.223388 -4.68562 0.0025 0.824887 0.763768 2.31477 0.00606144 75 4 1 0.999659 
-0.312669 -0.210975 -4.6993 0.0025 0.833918 0.7755 2.32487 0.00599579 76 4 1 0.999668 
-0.309687 -0.198709 -4.70188 0.0025 0.842925 0.787251 2.33488 0.00593173 77 4 1 0.999677 
-0.306737 -0.186576 -4.70509 0.0025 0.8519 0.79901 2.34479 0.00586923 78 4 1 0.999686 
-0.303818 -0.174591 -4.71599 0.0025 0.86085 0.810787 2.35462 0.00580821 79 4 1 0.999694 
-0.300928 -0.162745 -4.71853 0.0025 0.869775 0.822579 2.36435 0.00574861 80 4 1 0.999702 
-0.298069 -0.15103 -4.71597 0.0025 0.878665 0.834373 2.37398 0.00569045 81 4 1 0.99971 
-0.295238 -0.139449 -4.72458 0.0025 0.887524 0.846174 2.38353 0.00563365 82 4 1 0.999718 
-0.292435 -0.128003 -4.72116 0.0025 0.896352 0.85798 2.39298 0.00557817 83 4 1 0.999725 
-0.289659 -0.116686 -4.72161 0.0025 0.905143 0.869784 2.40234 0.00552399 84 4 1 0.999732 
-0.286911 -0.105514 -4.72383 0.0025 0.913901 0.881589 2.41161 0.00547105 85 4 1 0.99974 
-0.284188 -0.094491 -4.70428 0.0025 0.922613 0.893376 2.42078 0.00541939 86 4 1 0.999747 
-0.281491 -0.0835845 -4.71399 0.0025 0.931283 0.905151 2.42985 0.00536894 87 4 1 0.999753 
-0.278819 -0.0727728 -4.73795 0.0025 0.939934 0.916948 2.43886 0.00531952 88 4 1 0.999765 
-0.276172 -0.0621376 -4.62932 0.0025 0.948475 0.928638 2.4477 0.00527162 89 4 1 0.999784 
-0.273548 -0.051997 -4.40639 0.0025 0.956751 0.93999 2.45621 0.00522602 90 4 1 0.999781 
-0.270946 -0.0421251 -4.6348 0.0025 0.965037 0.951386 2.46468 0.00518115 91 4 1 0.999743 
-0.268366 -0.031131 -5.44391 0.0025 0.97401 0.963826 2.47386 0.00513342 92 4 1 0.99977 
-0.265812 -0.0195848 -4.84809 0.0025 0.982929 0.976288 2.48296 0.00508684 93 4 1 0.999913 
-0.263279 -0.0120326 -1.98567 0.0025 0.989196 0.984969 2.48922 0.00505461 94 4 1 0.999951 
-0.260757 -0.00887915 -1.67743 0.0025 0.993283 0.990478 2.49318 0.00503381 95 4 1 0.99979 
-0.258246 -0.000479143 -6.70953 0.0025 1.00088 1.00112 2.50084 0.00499559 96 4 1 0.999543 
-0.255762 0.0166 -8.44879 0.0025 1.01324 1.01875 2.51336 0.00493467 97 4 1 0.99986 
-0.253311 0.0282487 -2.45284 0.0025 1.02239 1.0317 2.52243 0.0048905 98 4 1 1.00001 
-0.250871 0.0293622 0.380141 0.0025 1.02445 1.03446 2.52434 0.00488069 99 3 1 1 
-0.24843 0.0278736 0.861292 0.0025 1.02324 1.03272 2.52313 0.00488643 100 4 1 0.999997 
-0.245985 0.0256928 1.1278 0.0025 1.0213 1.02997 2.5212 0.00489571 101 4 1 0.99999 
-0.243534 0.0230857 1.30879 0.0025 1.01902 1.02675 2.51894 0.00490667 102 4 1 0.999986 
-0.241078 0.0202137 1.41421 0.0025 1.01655 1.02326 2.51649 0.0049186 103 4 1 0.999983 
-0.238616 0.0172402 1.4389 0.0025 1.01403 1.0197 2.51399 0.00493082 104 4 1 0.999982 
-0.236147 0.014321 1.39028 0.0025 1.01159 1.01626 2.51156 0.00494272 105 4 1 0.999982 
-0.233673 0.0115882 1.28224 0.0025 1.00933 1.01308 2.50931 0.00495379 106 4 1 0.999985 
-0.231193 0.00913854 1.13361 0.0025 1.00732 1.01026 2.50731 0.00496366 107 4 1 0.999988 
-0.228709 0.00702821 0.964152 0.0025 1.00561 1.00785 2.50559 0.00497213 108 4 1 0.999991 
-0.226221 0.00527549 0.791409 0.0025 1.00419 1.00587 2.50418 0.00497913 109 4 1 0.999994 
-0.22373 0.00386799 0.62872 0.0025 1.00306 1.00428 2.50306 0.00498474 110 4 1 0.999996 
-0.221236 0.00277239 0.484598 0.0025 1.00219 1.00306 2.50218 0.00498908 111 4 1 0.999998 
-0.218741 0.00194389 0.363144 0.0025 1.00153 1.00214 2.50153 0.00499236 112 4 1 0.999999 
-0.216244 0.00133411 0.265028 0.0025 1.00105 1.00146 2.50104 0.00499477 113 4 1 0.999999 
-0.213746 0.000896646 0.188633 0.0025 1.0007 1.00098 2.5007 0.00499649 114 4 1 1 
-0.211248 0.000590364 0.131076 0.0025 1.00046 1.00064 2.50046 0.0049977 115 4 1 1 
-0.208749 0.000380894 0.0889953 0.0025 1.0003 1.00041 2.5003 0.00499852 116 4 1 1 
-0.206249 0.000240857 0.0590769 0.0025 1.00019 1.00026 2.50019 0.00499906 117 4 1 1 
-0.203749 0.000149293 0.0383599 0.0025 1.00012 1.00016 2.50012 0.00499942 118 4 1 1 
-0.20125 9.07148e-05 0.0243722 0.0025 1.00007 1.0001 2.50007 0.00499965 119 4 1 1 
-0.19875 5.40376e-05 0.0151559 0.0025 1.00004 1.00006 2.50004 0.00499979 120 4 1 1 
-0.19625 3.15572e-05 0.00922599 0.0025 1.00002 1.00003 2.50002 0.00499988 121 4 1 1 
-0.19375 1.80668e-05 0.00549855 0.0025 1.00001 1.00002 2.50001 0.00499993 122 4 1 1 
-0.19125 1.01399e-05 0.00320868 0.0025 1.00001 1.00001 2.50001 0.00499996 123 4 1 1 
-0.18875 5.57871e-06 0.00183347 0.0025 1 1.00001 2.5 0.00499998 124 4 1 1 
-0.18625 3.00858e-06 0.0010259 0.0025 1 1 2.5 0.00499999 125 4 1 1 
-0.18375 1.59032e-06 0.00056212 0.0025 1 1 2.5 0.00499999 126 4 1 1 
-0.18125 8.23892e-07 0.000301604 0.0025 1 1 2.5 0.005 127 4 1 1 
-0.17875 4.18287e-07 0.00015846 0.0025 1 1 2.5 0.005 128 4 1 1 
-0.17625 2.0809e-07 8.15189e-05 0.0025 1 1 2.5 0.005 129 4 1 1 
-0.17375 1.01425e-07 4.10603e-05 0.0025 1 1 2.5 0.005 130 4 1 1 
-0.17125 4.84283e-08 2.02477e-05 0.0025 1 1 2.5 0.005 131 4 1 1 
-0.16875 2.26486e-08 9.77403e-06 0.0025 1 1 2.5 0.005 132 4 1 1 
-0.16625 1.03728e-08 4.61807e-06 0.0025 1 1 2.5 0.005 133 4 1 1 
-0.16375 4.65126e-09 2.13536e-06 0.0025 1 1 2.5 0.005 134 4 1 1 
-0.16125 2.04162e-09 9.66124e-07 0.0025 1 1 2.5 0.005 135 4 1 1 
-0.15875 8.77002e-10 4.27613e-07 0.0025 1 1 2.5 0.005 136 4 1 1 
-0.15625 3.68564e-10 1.85103e-07 0.0025 1 1 2.5 0.005 137 4 1 1 
-0.15375 1.51501e-10 7.8365e-08 0.0025 1 1 2.5 0.005 138 4 1 1 
-0.15125 6.08782e-11 3.24052e-08 0.0025 1 1 2.5 0.005 139 4 1 1 
-0.14875 2.39095e-11 1.31156e-08 0.0025 1 1 2.5 0.005 140 4 1 1 
-0.14625 9.17902e-12 5.17548e-09 0.0025 1 1 2.5 0.005 141 4 1 1 
-0.14375 3.43708e-12 1.99515e-09 0.0025 1 1 2.5 0.005 142 4 1 1 
-0.14125 1.24813e-12 7.46866e-10 0.0025 1 1 2.5 0.005 143 4 1 1 
-0.13875 4.45645e-13 2.81659e-10 0.0025 1 1 2.5 0.005 144 4 1 1 
-0.13625 1.58624e-13 9.64633e-11 0.0025 1 1 2.5 0.005 145 4 1 1 
-0.13375 4.56269e-14 3.18323e-11 0.0025 1 1 2.5 0.005 146 4 1 1 
-0.13125 1.41844e-14 1.68257e-11 0.0025 1 1 2.5 0.005 147 4 1 1 
-0.12875 3.49328e-16 1.25056e-12 0.0025 1 1 2.5 0.005 148 5 1 1 
-0.12625 3.49397e-17 -3.9443e-29 0.0025 1 1 2.5 0.005 149 5 1 1 
-0.12375 1.3781e-47 0 0.0025 1 1 2.5 0.005 150 5 1 1 
-0.12125 0 0 0.0025 1 1 2.5 0.005 151 5 1 1 
-0.11875 0 0 0.0025 1 1 2.5 0.005 152 5 1 1 
-0.11625 0 0 0.0025 1 1 2.5 0.005 153 5 1 1 
-0.11375 0 0 0.0025 1 1 2.5 0.005 154 5 1 1 
-0.11125 0 0 0.0025 1 1 2.5 0.005 155 5 1 1 
-0.10875 0 0 0.0025 1 1 2.5 0.005 156 5 1 1 
-0.10625 0 0 0.0025 1 1 2.5 0.005 157 5 1 1 
-0.10375 0 0 0.0025 1 1 2.5 0.005 158 5 1 1 
-0.10125 0 0 0.0025 1 1 2.5 0.005 159 5 1 1 
-0.09875 0 0 0.0025 1 1 2.5 0.005 160 5 1 1 
-0.09625 0 0 0.0025 1 1 2.5 0.005 161 5 1 1 
-0.09375 0 0 0.0025 1 1 2.5 0.005 162 5 1 1 
-0.09125 0 0 0.0025 1 1 2.5 0.005 163 5 1 1 
-0.08875 0 0 0.0025 1 1 2.5 0.005 164 5 1 1 
-0.08625 0 0 0.0025 1 1 2.5 0.005 165 5 1 1 
-0.08375 0 0 0.0025 1 1 2.5 0.005 166 5 1 1 
-0.08125 0 0 0.0025 1 1 2.5 0.005 167 5 1 1 
-0.07875 0 0 0.0025 1 1 2.5 0.005 168 5 1 1 
-0.07625 0 0 0.0025 1 1 2.5 0.005 169 5 1 1 
-0.07375 -1.72258e-47 -1.12104e-44 0.0025 1 1 2.5 0.005 170 5 1 1 
-0.07125 -8.73454e-17 -5.68434e-14 0.0025 1 1 2.5 0.005 171 5 1 1 
-0.06875 -3.3186e-16 -1.7053e-13 0.0025 1 1 2.5 0.005 172 5 1 1 
-0.06625 -1.18763e-15 -5.68434e-13 0.0025 1 1 2.5 0.005 173 5 1 1 
-0.06375 -4.54073e-15 -1.13687e-12 0.0025 1 1 2.5 0.005 174 3 1 1 
-0.06125 -1.95282e-15 2.16005e-12 0.0025 1 1 2.5 0.005 175 3 1 1 
-0.05875 -6.38211e-17 -1.13687e-13 0.0025 1 1 2.5 0.005 176 5 1 1 
-0.05625 7.28088e-18 -3.9443e-29 0.0025 1 1 2.5 0.005 177 5 1 1 
-0.05375 -4.07269e-16 -1.13687e-13 0.0025 1 1 2.5 0.005 178 5 1 1 
-0.05125 -6.12609e-16 2.24208e-44 0.0025 1 1 2.5 0.005 179 5 1 1 
-0.04875 6.17603e-16 -1.13687e-13 0.0025 1 1 2.5 0.005 180 5 1 1 
-0.04625 1.85429e-16 5.68434e-14 0.0025 1 1 2.5 0.005 181 5 1 1 
-0.04375 -2.31657e-15 -2.67164e-12 0.0025 1 1 2.5 0.005 182 3 1 1 
-0.04125 -4.83363e-15 3.41061e-12 0.0025 1 1 2.5 0.005 183 3 1 1 
-0.03875 1.34522e-15 -6.82121e-13 0.0025 1 1 2.5 0.005 184 4 1 1 
-0.03625 7.47999e-16 3.41061e-13 0.0025 1 1 2.5 0.005 185 5 1 1 
-0.03375 -1.89295e-15 -1.13687e-13 0.0025 1 1 2.5 0.005 186 4 1 1 
-0.03125 -2.47225e-15 -1.13687e-13 0.0025 1 1 2.5 0.005 187 3 1 1 
-0.02875 -2.31617e-15 -5.68434e-13 0.0025 1 1 2.5 0.005 188 4 1 1 
-0.02625 -1.01624e-15 1.13687e-13 0.0025 1 1 2.5 0.005 189 4 1 1 
-0.02375 -2.3416e-15 1.7053e-12 0.0025 1 1 2.5 0.005 190 4 1 1 
-0.02125 -1.24355e-15 -1.47793e-12 0.0025 1 1 2.5 0.005 191 5 1 1 
-0.01875 -1.01117e-15 1.13687e-13 0.0025 1 1 2.5 0.005 192 4 1 1 
-0.01625 -2.28874e-15 3.45127e-28 0.0025 1 1 2.5 0.005 193 4 1 1 
-0.01375 3.25063e-16 -5.68434e-14 0.0025 1 1 2.5 0.005 194 3 1 1 
-0.01125 -1.0732e-16 -5.68434e-14 0.0025 1 1 2.5 0.005 195 4 1 1 
-0.00875 6.05163e-16 1.13687e-13 0.0025 1 1 2.5 0.005 196 4 1 1 
-0.00625 4.66021e-16 1.13687e-13 0.0025 1 1 2.5 0.005 197 5 1 1 
-0.00375 4.04482e-16 -2.84217e-13 0.0025 1 1 2.5 0.005 198 3 1 1 
-0.00125 2.63858e-16 3.97904e-13 0.0025 1 1 2.5 0.005 199 4 1 1 
0.00125 1.30735e-16 -1.7053e-13 0.0025 1 1 2.5 0.005 200 4 1 1 
0.00375 1.91049e-16 3.41061e-13 0.0025 1 1 2.5 0.005 201 5 1 1 
0.00625 6.62044e-16 -4.54747e-13 0.0025 1 1 2.5 0.005 202 4 1 1 
0.00875 5.77445e-16 1.13687e-13 0.0025 1 1 2.5 0.005 203 3 1 1 
0.01125 -1.46963e-16 1.38051e-28 0.0025 1 1 2.5 0.005 204 4 1 1 
0.01375 6.07535e-16 1.7053e-13 0.0025 1 1 2.5 0.005 205 5 1 1 
0.01625 -1.34347e-15 -1.7053e-13 0.0025 1 1 2.5 0.005 206 5 1 1 
0.01875 1.5629e-15 -5.68434e-14 0.0025 1 1 2.5 0.005 207 4 1 1 
0.02125 7.66815e-16 -1.13687e-13 0.0025 1 1 2.5 0.005 208 5 1 1 
0.02375 -1.28753e-15 -1.7053e-13 0.0025 1 1 2.5 0.005 209 4 1 1 
0.02625 1.8909e-15 2.84217e-13 0.0025 1 1 2.5 0.005 210 4 1 1 
0.02875 -1.94224e-15 3.41061e-13 0.0025 1 1 2.5 0.005 211 3 1 1 
0.03125 5.53969e-15 -1.13687e-13 0.0025 1 1 2.5 0.005 212 4 1 1 
0.03375 1.73335e-15 -2.27374e-13 0.0025 1 1 2.5 0.005 213 5 1 1 
0.03625 2.02458e-15 -3.9443e-29 0.0025 1 1 2.5 0.005 214 5 1 1 
0.03875 1.49681e-15 -1.12104e-44 0.0025 1 1 2.5 0.005 215 5 1 1 
0.04125 1.02893e-15 4.48416e-44 0.0025 1 1 2.5 0.005 216 5 1 1 
0.04375 8.69237e-16 2.24208e-44 0.0025 1 1 2.5 0.005 217 5 1 1 
0.04625 7.42947e-16 3.36312e-44 0.0025 1 1 2.5 0.005 218 5 1 1 
0.04875 1.41054e-15 1.13687e-13 0.0025 1 1 2.5 0.005 219 5 1 1 
0.05125 1.28106e-15 1.13687e-13 0.0025 1 1 2.5 0.005 220 5 1 1 
0.05375 2.99395e-15 2.27374e-13 0.0025 1 1 2.5 0.005 221 5 1 1 
0.05625 5.57404e-16 3.9443e-29 0.0025 1 1 2.5 0.005 222 5 1 1 
0.05875 -2.54404e-16 2.27374e-13 0.0025 1 1 2.5 0.005 223 5 1 1 
0.06125 -3.0549e-15 2.84217e-13 0.0025 1 1 2.5 0.005 224 3 1 1 
0.06375 4.02367e-15 -3.97904e-13 0.0025 1 1 2.5 0.005 225 3 1 1 
0.06625 1.32541e-15 -3.41061e-13 0.0025 1 1 2.5 0.005 226 5 1 1 
0.06875 4.10063e-16 -3.9443e-29 0.0025 1 1 2.5 0.005 227 5 1 1 
0.07125 -2.29199e-15 -1.7053e-13 0.0025 1 1 2.5 0.005 228 5 1 1 
0.07375 1.30637e-15 -5.68434e-14 0.0025 1 1 2.5 0.005 229 5 1 1 
0.07625 1.09807e-15 -5.68434e-14 0.0025 1 1 2.5 0.005 230 5 1 1 
0.07875 9.06945e-16 -1.12104e-44 0.0025 1 1 2.5 0.005 231 5 1 1 
0.08125 5.75844e-16 5.68434e-14 0.0025 1 1 2.5 0.005 232 5 1 1 
0.08375 3.66527e-16 -5.68434e-14 0.0025 1 1 2.5 0.005 233 5 1 1 
0.08625 2.26996e-16 5.68434e-14 0.0025 1 1 2.5 0.005 234 5 1 1 
0.08875 6.98468e-17 1.12104e-44 0.0025 1 1 2.5 0.005 235 5 1 1 
0.09125 3.09998e-47 1.12104e-44 0.0025 1 1 2.5 0.005 236 5 1 1 
0.09375 -1.829e-45 -1.12104e-44 0.0025 1 1 2.5 0.005 237 5 1 1 
0.09625 -1.69188e-16 0 0.0025 1 1 2.5 0.005 238 5 1 1 
0.09875 -3.37357e-16 1.12104e-44 0.0025 1 1 2.5 0.005 239 5 1 1 
0.10125 1.58941e-15 0 0.0025 1 1 2.5 0.005 240 5 1 1 
0.10375 1.42405e-15 4.48416e-44 0.0025 1 1 2.5 0.005 241 5 1 1 
0.10625 2.21198e-15 -1.56945e-43 0.0025 1 1 2.5 0.005 242 5 1 1 
0.10875 5.67318e-16 -5.68434e-14 0.0025 1 1 2.5 0.005 243 5 1 1 
0.11125 4.24364e-16 5.68434e-14 0.0025 1 1 2.5 0.005 244 5 1 1 
0.11375 -1.75527e-15 -5.68434e-14 0.0025 1 1 2.5 0.005 245 5 1 1 
0.11625 2.21691e-15 -3.47522e-43 0.0025 1 1 2.5 0.005 246 5 1 1 
0.11875 -5.5653e-16 3.9443e-29 0.0025 1 1 2.5 0.005 247 5 1 1 
0.12125 -2.09243e-17 -7.14905e-27 0.0025 1 1 2.5 0.005 248 5 1 1 
0.12375 -3.1251e-15 -7.18849e-27 0.0025 1 1 2.5 0.005 249 4 1 1 
0.12625 3.14257e-15 5.68434e-14 0.0025 1 1 2.5 0.005 250 4 1 1 
0.12875 -1.18794e-16 -1.25056e-12 0.0025 1 1 2.5 0.005 251 5 1 1 
0.13125 -1.35231e-14 -1.6712e-11 0.0025 1 1 2.5 0.005 252 4 1 1 
0.13375 -4.71453e-14 -3.1946e-11 0.0025 1 1 2.5 0.005 253 4 1 1 
0.13625 -1.60013e-13 -9.68612e-11 0.0025 1 1 2.5 0.005 254 4 1 1 
0.13875 -4.47677e-13 -2.83308e-10 0.0025 1 1 2.5 0.005 255 4 1 1 
0.14125 -1.25414e-12 -7.37828e-10 0.0025 1 1 2.5 0.005 256 4 1 1 
0.14375 -3.4362e-12 -2.00748e-09 0.0025 1 1 2.5 0.005 257 4 1 1 
0.14625 -9.16312e-12 -5.16764e-09 0.0025 1 1 2.5 0.005 258 4 1 1 
0.14875 -2.3914e-11 -1.31162e-08 0.0025 1 1 2.5 0.005 259 4 1 1 
0.15125 -6.0878e-11 -3.24039e-08 0.0025 1 1 2.5 0.005 260 4 1 1 
0.15375 -1.51483e-10 -7.83662e-08 0.0025 1 1 2.5 0.005 261 4 1 1 
0.15625 -3.68568e-10 -1.85107e-07 0.0025 1 1 2.5 0.005 262 4 1 1 
0.15875 -8.77003e-10 -4.27609e-07 0.0025 1 1 2.5 0.005 263 4 1 1 
0.16125 -2.04163e-09 -9.66129e-07 0.0025 1 1 2.5 0.005 264 4 1 1 
0.16375 -4.65126e-09 -2.13536e-06 0.0025 1 1 2.5 0.005 265 4 1 1 
0.16625 -1.03728e-08 -4.61807e-06 0.0025 1 1 2.5 0.005 266 4 1 1 
0.16875 -2.26486e-08 -9.77402e-06 0.0025 1 1 2.5 0.005 267 4 1 1 
0.17125 -4.84283e-08 -2.02477e-05 0.0025 1 1 2.5 0.005 268 4 1 1 
0.17375 -1.01425e-07 -4.10603e-05 0.0025 1 1 2.5 0.005 269 4 1 1 
0.17625 -2.0809e-07 -8.15189e-05 0.0025 1 1 2.5 0.005 270 4 1 1 
0.17875 -4.18287e-07 -0.00015846 0.0025 1 1 2.5 0.005 271 4 1 1 
0.18125 -8.23892e-07 -0.000301604 0.0025 1 1 2.5 0.005 272 4 1 1 
0.18375 -1.59032e-06 -0.00056212 0.0025 1 1 2.5 0.00499999 273 4 1 1 
0.18625 -3.00858e-06 -0.0010259 0.0025 1 1 2.5 0.00499999 274 4 1 1 
0.18875 -5.57871e-06 -0.00183347 0.0025 1 1.00001 2.5 0.00499998 275 4 1 1 
0.19125 -1.01399e-05 -0.00320868 0.0025 1.00001 1.00001 2.50001 0.00499996 276 4 1 1 
0.19375 -1.80668e-05 -0.00549855 0.0025 1.00001 1.00002 2.50001 0.00499993 277 4 1 1 
0.19625 -3.15572e-05 -0.00922599 0.0025 1.00002 1.00003 2.50002 0.00499988 278 4 1 1 
0.19875 -5.40376e-05 -0.0151559 0.0025 1.00004 1.00006 2.50004 0.00499979 279 4 1 1 
0.20125 -9.07148e-05 -0.0243722 0.0025 1.00007 1.0001 2.50007 0.00499965 280 4 1 1 
0.203749 -0.000149293 -0.0383599 0.0025 1.00012 1.00016 2.50012 0.00499942 281 4 1 1 
0.206249 -0.000240857 -0.0590769 0.0025 1.00019 1.00026 2.50019 0.00499906 282 4 1 1 
0.208749 -0.000380894 -0.0889953 0.0025 1.0003 1.00041 2.5003 0.00499852 283 4 1 1 
0.211248 -0.000590364 -0.131076 0.0025 1.00046 1.00064 2.50046 0.0049977 284 4 1 1 
0.213746 -0.000896646 -0.188633 0.0025 1.0007 1.00098 2.5007 0.00499649 285 4 1 1 
0.216244 -0.00133411 -0.265028 0.0025 1.00105 1.00146 2.50104 0.00499477 286 4 1 0.999999 
0.218741 -0.00194389 -0.363144 0.0025 1.00153 1.00214 2.50153 0.00499236 287 4 1 0.999999 
0.221236 -0.00277239 -0.484598 0.0025 1.00219 1.00306 2.50218 0.00498908 288 4 1 0.999998 
0.22373 -0.00386799 -0.62872 0.0025 1.00306 1.00428 2.50306 0.00498474 289 4 1 0.999996 
0.226221 -0.00527549 -0.791409 0.0025 1.00419 1.00587 2.50418 0.00497913 290 4 1 0.999994 
0.228709 -0.00702821 -0.964152 0.0025 1.00561 1.00785 2.50559 0.00497213 291 4 1 0.999991 
0.231193 -0.00913854 -1.13361 0.0025 1.00732 1.01026 2.50731 0.00496366 292 4 1 0.999988 
0.233673 -0.0115882 -1.28224 0.0025 1.00933 1.01308 2.50931 0.00495379 293 4 1 0.999985 
0.236147 -0.014321 -1.39028 0.0025 1.01159 1.01626 2.51156 0.00494272 294 4 1 0.999982 
0.238616 -0.0172402 -1.4389 0.0025 1.01403 1.0197 2.51399 0.00493082 295 4 1 0.999982 
0.241078 -0.0202137 -1.41421 0.0025 1.01655 1.02326 2.51649 0.0049186 296 4 1 0.999983 
0.243534 -0.0230857 -1.30879 0.0025 1.01902 1.02675 2.51894 0.00490667 297 4 1 0.999986 
0.245985 -0.0256928 -1.1278 0.0025 1.0213 1.02997 2.5212 0.00489571 298 4 1 0.99999 
0.24843 -0.0278736 -0.861292 0.0025 1.02324 1.03272 2.52313 0.00488643 299 4 1 0.999997 
0.250871 -0.0293622 -0.380141 0.0025 1.02445 1.03446 2.52434 0.00488069 300 3 1 1 
0.253311 -0.0282487 2.45284 0.0025 1.02239 1.0317 2.52243 0.0048905 301 4 1 1.00001 
0.255762 -0.0166 8.44879 0.0025 1.01324 1.01875 2.51336 0.00493467 302 4 1 0.99986 
0.258246 0.000479143 6.70953 0.0025 1.00088 1.00112 2.50084 0.00499559 303 4 1 0.999543 
0.260757 0.00887915 1.67743 0.0025 0.993283 0.990478 2.49318 0.00503381 304 4 1 0.99979 
0.263279 0.0120326 1.98567 0.0025 0.989196 0.984969 2.48922 0.00505461 305 4 1 0.999951 
0.265812 0.0195848 4.84809 0.0025 0.982929 0.976288 2.48296 0.00508684 306 4 1 0.999913 
0.268366 0.031131 5.44391 0.0025 0.97401 0.963826 2.47386 0.00513342 307 4 1 0.99977 
0.270946 0.0421251 4.6348 0.0025 0.965037 0.951386 2.46468 0.00518115 308 4 1 0.999743 
0.273548 0.051997 4.40639 0.0025 0.956751 0.93999 2.45621 0.00522602 309 4 1 0.999781 
0.276172 0.0621376 4.62932 0.0025 0.948475 0.928638 2.4477 0.00527162 310 4 1 0.999784 
0.278819 0.0727728 4.73795 0.0025 0.939934 0.916948 2.43886 0.00531952 311 4 1 0.999765 
0.281491 0.0835845 4.71399 0.0025 0.931283 0.905151 2.42985 0.00536894 312 4 1 0.999753 
0.284188 0.094491 4.70428 0.0025 0.922613 0.893376 2.42078 0.00541939 313 4 1 0.999747 
0.286911 0.105514 4.72383 0.0025 0.913901 0.881589 2.41161 0.00547105 314 4 1 0.99974 
0.289659 0.116686 4.72161 0.0025 0.905143 0.869784 2.40234 0.00552399 315 4 1 0.999732 
0.292435 0.128003 4.72116 0.0025 0.896352 0.85798 2.39298 0.00557817 316 4 1 0.999725 
0.295238 0.139449 4.72458 0.0025 0.887524 0.846174 2.38353 0.00563365 317 4 1 0.999718 
0.298069 0.15103 4.71597 0.0025 0.878665 0.834373 2.37398 0.00569045 318 4 1 0.99971 
0.300928 0.162745 4.71853 0.0025 0.869775 0.822579 2.36435 0.00574861 319 4 1 0.999702 
0.303818 0.174591 4.71599 0.0025 0.86085 0.810787 2.35462 0.00580821 320 4 1 0.999694 
0.306737 0.186576 4.70509 0.0025 0.8519 0.79901 2.34479 0.00586923 321 4 1 0.999686 
0.309687 0.198709 4.70188 0.0025 0.842925 0.787251 2.33488 0.00593173 322 4 1 0.999677 
0.312669 0.210975 4.6993 0.0025 0.833918 0.7755 2.32487 0.00599579 323 4 1 0.999668 
0.315683 0.223388 4.68562 0.0025 0.824887 0.763768 2.31477 0.00606144 324 4 1 0.999659 
0.31873 0.235946 4.68991 0.0025 0.815826 0.752048 2.30456 0.00612876 325 4 1 0.99965 
0.321812 0.248648 4.67371 0.0025 0.806737 0.740345 2.29426 0.00619781 326 4 1 0.99964 
0.324928 0.26152 4.6637 0.0025 0.79763 0.728671 2.28387 0.00626857 327 4 1 0.99963 
0.328081 0.274521 4.66212 0.0025 0.788494 0.717014 2.27337 0.0063412 328 4 1 0.99962 
0.33127 0.287695 4.64597 0.0025 0.779333 0.705379 2.26277 0.00641574 329 4 1 0.999609 
0.334497 0.301021 4.64291 0.0025 0.770149 0.693768 2.25206 0.00649225 330 4 1 0.999598 
0.337762 0.314495 4.6215 0.0025 0.760944 0.682188 2.24126 0.00657079 331 4 1 0.999586 
0.341068 0.328157 4.61381 0.0025 0.751722 0.670642 2.23036 0.00665139 332 4 1 0.999575 
0.344414 0.341968 4.60309 0.0025 0.742475 0.659122 2.21934 0.00673423 333 4 1 0.999563 
0.347802 0.355942 4.5848 0.0025 0.733211 0.647637 2.20823 0.00681932 334 4 1 0.99955 
0.351234 0.370084 4.57238 0.0025 0.723931 0.636191 2.19701 0.00690673 335 4 1 0.999537 
0.354709 0.384393 4.552 0.0025 0.714638 0.624786 2.18568 0.00699655 336 4 1 0.999524 
0.35823 0.398885 4.52851 0.0025 0.70534 0.613436 2.17426 0.00708878 337 4 1 0.999511 
0.361798 0.413503 4.50974 0.0025 0.696038 0.602141 2.16275 0.00718351 338 4 1 0.999498 
0.365414 0.428277 4.46983 0.0025 0.686748 0.59092 2.15116 0.00728069 339 4 1 0.999486 
0.369079 0.44316 4.43785 0.0025 0.677484 0.57979 2.1395 0.00738025 340 4 1 0.999475 
0.372795 0.458146 4.37302 0.0025 0.668272 0.568784 2.12782 0.00748199 341 4 1 0.999465 
0.376562 0.473161 4.31319 0.0025 0.659142 0.557935 2.11615 0.00758562 342 4 1 0.99946 
0.380381 0.48813 4.21343 0.0025 0.650136 0.547291 2.10453 0.0076907 343 4 1 0.999459 
0.384253 0.502957 4.08551 0.0025 0.641324 0.536934 2.09308 0.00779638 344 4 1 0.999466 
0.388178 0.517483 3.91788 0.0025 0.63278 0.526946 2.08188 0.00790164 345 4 1 0.999482 
0.392155 0.53157 3.70627 0.0025 0.624591 0.517424 2.07106 0.00800524 346 4 1 0.999508 
0.396183 0.545043 3.50065 0.0025 0.616795 0.508406 2.06069 0.00810642 347 4 1 0.999542 
0.400262 0.558026 3.33296 0.0025 0.609347 0.499834 2.0507 0.00820551 348 4 1 0.999572 
0.404389 0.570752 3.28264 0.0025 0.602083 0.491514 2.04089 0.0083045 349 4 1 0.999587 
0.408566 0.583774 3.38063 0.0025 0.594735 0.483138 2.0309 0.00840711 350 4 1 0.999573 
0.412796 0.597587 3.58554 0.0025 0.587048 0.47442 2.02036 0.0085172 351 4 1 0.999527 
0.417084 0.612372 3.73238 0.0025 0.578974 0.46531 2.0092 0.00863596 352 4 1 0.999463 
0.421433 0.627736 3.73723 0.0025 0.570723 0.456051 1.9977 0.00876081 353 4 1 0.999416 
0.425845 0.642923 3.50843 0.0025 0.562698 0.447097 1.98641 0.00888575 354 4 1 0.99942 
0.430319 0.656847 3.02803 0.0025 0.555435 0.439036 1.97611 0.00900195 355 4 1 0.999496 
0.434848 0.66824 2.2178 0.0025 0.549573 0.43256 1.96774 0.00909798 356 4 1 0.999646 
0.439417 0.675695 1.16444 0.0025 0.545727 0.428329 1.96222 0.00916208 357 4 1 0.999832 
0.44401 0.678563 0.161975 0.0025 0.544078 0.426521 1.95986 0.00918987 358 4 1 0.999965 
0.448607 0.678466 -0.0583632 0.0025 0.543813 0.426237 1.95949 0.00919434 359 5 1 0.999999 
0.453204 0.678356 -0.0574207 0.0025 0.543887 0.42632 1.9596 0.00919309 360 4 1 1 
0.4578 0.678048 -0.0913908 0.0025 0.544015 0.426462 1.95979 0.00919092 361 4 1 1 
0.462395 0.67763 -0.107927 0.0025 0.544215 0.426683 1.96008 0.00918754 362 4 1 0.999999 
0.466988 0.677146 -0.11343 0.0025 0.544453 0.426945 1.96043 0.00918352 363 4 1 0.999999 
0.471579 0.676651 -0.110293 0.0025 0.544706 0.427224 1.9608 0.00917926 364 4 1 0.999999 
0.476167 0.67618 -0.100104 0.0025 0.544953 0.427496 1.96116 0.00917511 365 4 1 1 
0.480754 0.675756 -0.0866554 0.0025 0.545177 0.427743 1.96149 0.00917134 366 4 1 1 
0.485338 0.67539 -0.0731425 0.0025 0.545373 0.42796 1.96178 0.00916804 367 4 1 1 
0.489922 0.675083 -0.0608405 0.0025 0.545539 0.428143 1.96202 0.00916525 368 4 1 1 
0.494504 0.674829 -0.0502115 0.0025 0.545677 0.428296 1.96223 0.00916294 369 4 1 1 
0.499085 0.674619 -0.041602 0.0025 0.54579 0.428423 1.9624 0.00916103 370 4 1 1 
0.503665 0.674444 -0.0349457 0.0025 0.545885 0.428528 1.96254 0.00915944 371 4 1 1 
0.508244 0.674297 -0.0297877 0.0025 0.545963 0.428616 1.96266 0.00915812 372 4 1 1 
0.512823 0.674171 -0.0257254 0.0025 0.54603 0.428691 1.96277 0.00915701 373 4 1 1 
0.517401 0.674062 -0.0225044 0.0025 0.546087 0.428756 1.96286 0.00915605 374 4 1 1 
0.521979 0.673966 -0.0198699 0.0025 0.546136 0.428813 1.96294 0.00915522 375 4 1 1 
0.526556 0.673881 -0.0176082 0.0025 0.54618 0.428863 1.96301 0.0091545 376 4 1 1 
0.531133 0.673805 -0.0156362 0.0025 0.546217 0.428907 1.96308 0.00915387 377 4 1 1 
0.53571 0.673737 -0.0139311 0.0025 0.54625 0.428946 1.96314 0.00915332 378 4 1 1 
0.540287 0.673677 -0.0124424 0.0025 0.546279 0.428981 1.9632 0.00915283 379 4 1 1 
0.544863 0.673623 -0.0111146 0.0025 0.546304 0.429012 1.96325 0.00915241 380 4 1 1 
0.549439 0.673575 -0.00992643 0.0025 0.546326 0.42904 1.9633 0.00915205 381 4 1 1 
0.554015 0.673532 -0.00887715 0.0025 0.546344 0.429065 1.96335 0.00915174 382 4 1 1 
0.558591 0.673493 -0.00796044 0.0025 0.54636 0.429087 1.96339 0.00915148 383 4 1 1 
0.563167 0.673458 -0.00715957 0.0025 0.546373 0.429107 1.96343 0.00915126 384 4 1 1 
0.567742 0.673427 -0.0064541 0.0025 0.546384 0.429125 1.96348 0.00915108 385 4 1 1 
0.572318 0.673398 -0.00582711 0.0025 0.546392 0.429141 1.96352 0.00915094 386 4 1 1 
0.576893 0.673372 -0.00526998 0.0025 0.546398 0.429156 1.96357 0.00915085 387 4 1 1 
0.581468 0.673348 -0.00477923 0.0025 0.546401 0.429169 1.96362 0.00915079 388 4 1 1 
0.586044 0.673327 -0.00434857 0.0025 0.546401 0.42918 1.96367 0.00915078 389 3 1 1 
0.590619 0.673307 -0.00396611 0.0025 0.546399 0.429192 1.96373 0.00915082 390 4 1 1 
0.595195 0.673289 -0.00361881 0.0025 0.546394 0.429201 1.96379 0.00915091 391 4 1 1 
0.59977 0.673272 -0.00329777 0.0025 0.546385 0.429209 1.96386 0.00915105 392 4 1 1 
0.604346 0.673257 -0.00299962 0.0025 0.546371 0.429216 1.96394 0.00915129 393 4 1 1 
0.608921 0.673242 -0.00272482 0.0025 0.546341 0.429211 1.96403 0.00915179 394 4 1 1 
0.613497 0.673229 -0.00247486 0.0025 0.546239 0.429154 1.96413 0.00915351 395 4 1 1 
0.618075 0.673217 -0.00224982 0.0025 0.545817 0.428898 1.96448 0.00916058 396 4 1 0.999999 
0.622658 0.673205 -0.00204769 0.0025 0.544188 0.427144 1.9623 0.009188 397 4 1 0.999987 
0.627263 0.673194 -0.00186359 0.0025 0.531055 0.411664 1.93795 0.00941522 398 4 1 0.999667 
0.632078 0.673183 -0.00168649 0.0025 0.506959 0.440354 2.17155 0.00986272 399 4 1 0.994706 
0.637133 0.673173 -0.00151416 0.0025 0.48141 0.415707 2.1588 0.0103862 400 4 1 0.993698 
0.642474 0.673162 -0.00134545 0.0025 0.458913 0.450168 2.45236 0.0108953 401 4 1 0.993693 
0.648034 0.673152 -0.00118251 0.0025 0.450291 0.430691 2.39118 0.0111039 402 5 1 0.998658 
0.653578 0.673142 -0.00103097 0.0025 0.451884 0.429012 2.37347 0.0110648 403 4 1 0.999967 
0.659099 0.673133 -0.000887281 0.0025 0.453503 0.428964 2.36473 0.0110253 404 4 1 0.999986 
0.664603 0.673124 -0.000748293 0.0025 0.454588 0.429096 2.35981 0.010999 405 4 1 0.999994 
0.670097 0.673116 -0.000612773 0.0025 0.455284 0.429175 2.35664 0.0109822 406 4 1 0.999997 
0.675585 0.673108 -0.000480223 0.0025 0.455754 0.429216 2.35443 0.0109708 407 4 1 0.999999 
0.681068 0.6731 -0.000349882 0.0025 0.456087 0.429238 2.35283 0.0109628 408 4 1 0.999999 
0.686548 0.673092 -0.000220586 0.0025 0.456333 0.429252 2.35163 0.0109569 409 4 1 1 
0.692025 0.673084 -9.13886e-05 0.0025 0.45652 0.42926 2.35072 0.0109524 410 4 1 1 
0.6975 0.673076 3.78624e-05 0.0025 0.456664 0.429265 2.35 0.010949 411 4 1 1 
0.702974 0.673068 0.000166686 0.0025 0.456777 0.429268 2.34944 0.0109463 412 4 1 1 
0.708447 0.67306 0.000295426 0.0025 0.456867 0.42927 2.34899 0.0109441 413 4 1 1 
0.713918 0.673052 0.000427348 0.0025 0.456938 0.429271 2.34863 0.0109424 414 4 1 1 
0.719389 0.673044 0.000572604 0.0025 0.456996 0.429271 2.34833 0.010941 415 4 1 1 
0.724859 0.673035 0.000758029 0.0025 0.457042 0.42927 2.34809 0.0109399 416 4 1 1 
0.730329 0.673026 0.00105071 0.0025 0.457079 0.429268 2.34789 0.010939 417 4 1 1 
0.735798 0.673014 0.00167198 0.0025 0.457108 0.429264 2.34772 0.0109383 418 4 1 1 
0.741267 0.672996 0.00326451 0.0025 0.457126 0.429254 2.34756 0.0109379 419 4 1 1 
0.746736 0.672959 0.00787014 0.0025 0.457128 0.429226 2.34741 0.0109379 420 3 1 1 
0.752205 0.672866 0.022011 0.0025 0.457086 0.429148 2.34719 0.0109389 421 4 1 1 
0.757675 0.672599 0.0640545 0.0025 0.456922 0.428913 2.34675 0.0109428 422 4 1 1 
0.763148 0.671811 0.189776 0.0025 0.456409 0.428223 2.34561 0.0109551 423 4 1 0.999998 
0.76863 0.669555 0.535809 0.0025 0.454939 0.426282 2.3425 0.0109905 424 4 1 0.999981 
0.774139 0.663446 1.37832 0.0025 0.451145 0.421301 2.33458 0.0110829 425 4 1 0.999868 
0.779714 0.648523 3.32779 0.0025 0.442278 0.409712 2.31583 0.0113051 426 4 1 0.999259 
0.785446 0.614916 6.83146 0.0025 0.424572 0.386751 2.27715 0.0117766 427 4 1 0.996838 
0.7915 0.549409 13.744 0.0025 0.393045 0.346426 2.20325 0.0127212 428 4 1 0.990217 
0.798206 0.413579 26.7485 0.0025 0.345745 0.287635 2.07974 0.0144615 429 4 1 0.976423 
0.806084 0.214271 29.0193 0.0025 0.29661 0.229839 1.93743 0.0168571 430 4 1 0.960668 
0.815208 0.0627598 14.7267 0.0025 0.264809 0.194829 1.83961 0.0188815 431 4 1 0.971226 
0.825015 0.00809275 3.16399 0.0025 0.252697 0.182218 1.80285 0.0197865 432 4 1 0.993305 
0.834998 -5.99855e-05 0.190854 0.0025 0.250184 0.179683 1.79552 0.0199853 433 4 1 0.999627 
0.845 -0.000112285 -0.045125 0.0025 0.24998 0.17948 1.79494 0.0200016 434 5 1 0.999997 
0.855 3.70195e-06 -0.00173369 0.0025 0.249998 0.179498 1.79499 0.0200002 435 4 1 1 
0.865 2.58141e-06 0.000435108 0.0025 0.25 0.1795 1.795 0.02 436 3 1 1 
0.875 6.54616e-07 0.000140692 0.0025 0.25 0.1795 1.795 0.02 437 4 1 1 
0.885 1.48423e-07 3.28667e-05 0.0025 0.25 0.1795 1.795 0.02 438 4 1 1 
0.895 3.28114e-08 7.34621e-06 0.0025 0.25 0.1795 1.795 0.02 439 4 1 1 
0.905 7.1436e-09 1.62e-06 0.0025 0.25 0.1795 1.795 0.02 440 4 1 1 
0.915 1.52857e-09 3.52465e-07 0.0025 0.25 0.1795 1.795 0.02 441 4 1 1 
0.925 3.2005e-10 7.53566e-08 0.0025 0.25 0.1795 1.795 0.02 442 4 1 1 
0.935 6.52677e-11 1.57541e-08 0.0025 0.25 0.1795 1.795 0.02 443 4 1 1 
0.945 1.29387e-11 3.20388e-09 0.0025 0.25 0.1795 1.795 0.02 444 4 1 1 
0.955 2.47551e-12 6.31957e-10 0.0025 0.25 0.1795 1.795 0.02 445 4 1 1 
0.965 4.58305e-13 1.20764e-10 0.0025 0.25 0.1795 1.795 0.02 446 4 1 1 
0.975 7.96193e-14 2.54374e-11 0.0025 0.25 0.1795 1.795 0.02 447 4 1 1 
0.985 1.11101e-14 1.91847e-12 0.0025 0.25 0.1795 1.795 0.02 448 5 1 1 
0.995 1.35315e-15 3.69482e-13 0.0025 0.25 0.1795 1.795 0.02 449 3 1 1 
1.005 -1.28327e-15 -2.84217e-13 0.0025 0.25 0.1795 1.795 0.02 450 3 1 1 
1.015 -1.04199e-14 -1.52056e-12 0.0025 0.25 0.1795 1.795 0.02 451 5 1 1 
1.025 -6.80068e-14 -2.57785e-11 0.0025 0.25 0.1795 1.795 0.02 452 4 1 1 
1.035 -4.51224e-13 -1.17168e-10 0.0025 0.25 0.1795 1.795 0.02 453 4 1 1 
1.045 -2.49542e-12 -6.36831e-10 0.0025 0.25 0.1795 1.795 0.02 454 4 1 1 
1.055 -1.29136e-11 -3.20506e-09 0.0025 0.25 0.1795 1.795 0.02 455 4 1 1 
1.065 -6.53037e-11 -1.57512e-08 0.0025 0.25 0.1795 1.795 0.02 456 4 1 1 
1.075 -3.20037e-10 -7.53579e-08 0.0025 0.25 0.1795 1.795 0.02 457 4 1 1 
1.085 -1.52855e-09 -3.52465e-07 0.0025 0.25 0.1795 1.795 0.02 458 4 1 1 
1.095 -7.14362e-09 -1.62e-06 0.0025 0.25 0.1795 1.795 0.02 459 4 1 1 
1.105 -3.28113e-08 -7.34621e-06 0.0025 0.25 0.1795 1.795 0.02 460 4 1 1 
1.115 -1.48423e-07 -3.28667e-05 0.0025 0.25 0.1795 1.795 0.02 461 4 1 1 
1.125 -6.54616e-07 -0.000140692 0.0025 0.25 0.1795 1.795 0.02 462 4 1 1 
1.135 -2.58141e-06 -0.000435108 0.0025 0.25 0.1795 1.795 0.02 463 3 1 1 
1.145 -3.70195e-06 0.00173369 0.0025 0.249998 0.179498 1.79499 0.0200002 464 4 1 1 
1.155 0.000112285 0.045125 0.0025 0.24998 0.17948 1.79494 0.0200016 465 5 1 0.999997 
1.165 5.99855e-05 -0.190854 0.0025 0.250184 0.179683 1.79552 0.0199853 466 4 1 0.999627 
1.17499 -0.00809275 -3.16399 0.0025 0.252697 0.182218 1.80285 0.0197865 467 4 1 0.993305 
1.18479 -0.0627598 -14.7267 0.0025 0.264809 0.194829 1.83961 0.0188815 468 4 1 0.971226 
1.19392 -0.214271 -29.0193 0.0025 0.29661 0.229839 1.93743 0.0168571 469 4 1 0.960668 
1.20179 -0.413579 -26.7485 0.0025 0.345745 0.287635 2.07974 0.0144615 470 4 1 0.976423 
1.2085 -0.549409 -13.744 0.0025 0.393045 0.346426 2.20325 0.0127212 471 4 1 0.990217 
1.21455 -0.614916 -6.83146 0.0025 0.424572 0.386751 2.27715 0.0117766 472 4 1 0.996838 
1.22029 -0.648523 -3.32779 0.0025 0.442278 0.409712 2.31583 0.0113051 473 4 1 0.999259 
1.22586 -0.663446 -1.37832 0.0025 0.451145 0.421301 2.33458 0.0110829 474 4 1 0.999868 
1.23137 -0.669555 -0.535809 0.0025 0.454939 0.426282 2.3425 0.0109905 475 4 1 0.999981 
1.23685 -0.671811 -0.189776 0.0025 0.456409 0.428223 2.34561 0.0109551 476 4 1 0.999998 
1.24232 -0.672599 -0.0640545 0.0025 0.456922 0.428913 2.34675 0.0109428 477 4 1 1 
1.24779 -0.672866 -0.022011 0.0025 0.457086 0.429148 2.34719 0.0109389 478 4 1 1 
1.25326 -0.672959 -0.00787014 0.0025 0.457128 0.429226 2.34741 0.0109379 479 3 1 1 
1.25873 -0.672996 -0.00326451 0.0025 0.457126 0.429254 2.34756 0.0109379 480 4 1 1 
1.2642 -0.673014 -0.00167198 0.0025 0.457108 0.429264 2.34772 0.0109383 481 4 1 1 
1.26967 -0.673026 -0.00105071 0.0025 0.457079 0.429268 2.34789 0.010939 482 4 1 1 
1.27514 -0.673035 -0.000758029 0.0025 0.457042 0.42927 2.34809 0.0109399 483 4 1 1 
1.28061 -0.673044 -0.000572604 0.0025 0.456996 0.429271 2.34833 0.010941 484 4 1 1 
1.28608 -0.673052 -0.000427348 0.0025 0.456938 0.429271 2.34863 0.0109424 485 4 1 1 
1.29155 -0.67306 -0.000295426 0.0025 0.456867 0.42927 2.34899 0.0109441 486 4 1 1 
1.29703 -0.673068 -0.000166686 0.0025 0.456777 0.429268 2.34944 0.0109463 487 4 1 1 
1.3025 -0.673076 -3.78624e-05 0.0025 0.456664 0.429265 2.35 0.010949 488 4 1 1 
1.30797 -0.673084 9.13886e-05 0.0025 0.45652 0.42926 2.35072 0.0109524 489 4 1 1 
1.31345 -0.673092 0.000220586 0.0025 0.456333 0.429252 2.35163 0.0109569 490 4 1 1 
1.31893 -0.6731 0.000349882 0.0025 0.456087 0.429238 2.35283 0.0109628 491 4 1 0.999999 
1.32441 -0.673108 0.000480223 0.0025 0.455754 0.429216 2.35443 0.0109708 492 4 1 0.999999 
1.3299 -0.673116 0.000612773 0.0025 0.455284 0.429175 2.35664 0.0109822 493 4 1 0.999997 
1.3354 -0.673124 0.000748293 0.0025 0.454588 0.429096 2.35981 0.010999 494 4 1 0.999994 
1.3409 -0.673133 0.000887281 0.0025 0.453503 0.428964 2.36473 0.0110253 495 4 1 0.999986 
1.34642 -0.673142 0.00103097 0.0025 0.451884 0.429012 2.37347 0.0110648 496 4 1 0.999967 
1.35197 -0.673152 0.00118251 0.0025 0.450291 0.430691 2.39118 0.0111039 497 5 1 0.998658 
1.35753 -0.673162 0.00134545 0.0025 0.458913 0.450168 2.45236 0.0108953 498 4 1 0.993693 
1.36287 -0.673173 0.00151416 0.0025 0.48141 0.415707 2.1588 0.0103862 499 4 1 0.993698 
